0 10
0 12
0 13
0 14
0 15
0 22
0 27
0 29
0 36
0 43
0 44
0 45
0 48
0 61
0 64
0 68
0 76
0 77
0 92
0 109
0 111
0 119
0 124
0 135
0 202
0 259
0 260
0 310
0 319
0 323
0 325
0 352
0 364
0 390
0 413
0 435
0 450
0 487
0 500
0 516
0 546
0 548
0 560
0 589
0 616
0 638
0 640
0 701
0 713
0 721
0 735
0 756
0 763
0 841
0 945
0 954
0 972
0 1001
0 1009
1 10
1 11
1 13
1 14
1 15
1 16
1 17
1 18
1 19
1 22
1 23
1 32
1 36
1 38
1 47
1 55
1 64
1 65
1 83
1 106
1 123
1 128
1 134
1 138
1 141
1 158
1 165
1 177
1 214
1 259
1 268
1 332
1 343
1 372
1 394
1 428
1 431
1 437
1 438
1 445
1 449
1 501
1 602
1 604
1 649
1 672
1 713
1 739
1 754
1 770
1 789
1 815
1 881
1 912
1 914
1 983
2 10
2 11
2 13
2 15
2 19
2 21
2 23
2 26
2 29
2 35
2 53
2 54
2 70
2 82
2 84
2 111
2 121
2 124
2 153
2 159
2 190
2 213
2 221
2 222
2 242
2 265
2 277
2 305
2 309
2 333
2 339
2 362
2 369
2 373
2 390
2 406
2 420
2 471
2 484
2 506
2 551
2 581
2 603
2 613
2 642
2 655
2 656
2 697
2 710
2 713
2 715
2 716
2 784
2 791
2 792
2 804
2 821
2 890
2 965
2 1003
2 1013
3 10
4 19
4 35
4 43
4 48
4 53
4 67
4 98
4 122
4 130
4 134
4 176
4 178
4 194
4 319
4 321
4 434
4 529
4 565
4 566
4 620
4 644
4 718
4 805
4 914
4 962
4 1019
5 24
5 26
5 37
5 69
5 92
5 105
5 139
5 147
5 281
5 287
5 297
5 304
5 370
5 424
5 431
5 496
5 511
5 596
5 656
5 850
5 862
5 881
5 967
6 10
6 12
6 14
6 19
6 21
6 22
6 27
6 32
6 42
6 45
6 46
6 49
6 53
6 55
6 63
6 70
6 78
6 79
6 88
6 107
6 108
6 110
6 114
6 119
6 135
6 143
6 153
6 189
6 193
6 196
6 201
6 207
6 221
6 245
6 259
6 285
6 291
6 320
6 329
6 334
6 371
6 441
6 461
6 475
6 494
6 500
6 508
6 545
6 641
6 649
6 651
6 668
6 723
6 813
6 839
6 845
6 846
6 927
6 985
6 997
6 1016
6 1023
7 11
7 13
7 14
7 21
7 34
7 50
7 90
7 91
7 95
7 103
7 177
7 179
7 185
7 188
7 197
7 200
7 250
7 266
7 309
7 342
7 348
7 513
7 541
7 565
7 592
7 643
7 667
7 671
7 678
7 775
7 811
7 894
7 917
7 920
7 921
7 1009
8 12
8 14
8 15
8 17
8 18
8 23
8 24
8 25
8 27
8 30
8 40
8 41
8 53
8 57
8 81
8 83
8 85
8 104
8 109
8 133
8 151
8 163
8 197
8 200
8 206
8 209
8 218
8 229
8 232
8 260
8 267
8 276
8 283
8 286
8 308
8 309
8 329
8 350
8 356
8 375
8 377
8 380
8 386
8 395
8 425
8 474
8 489
8 491
8 495
8 505
8 513
8 529
8 531
8 576
8 580
8 582
8 597
8 606
8 615
8 630
8 634
8 638
8 652
8 694
8 705
8 728
8 735
8 745
8 746
8 748
8 756
8 768
8 778
8 781
8 823
8 837
8 856
8 889
8 913
8 940
8 959
8 992
9 11
9 12
9 13
9 14
9 16
9 17
9 20
9 23
9 25
9 29
9 46
9 64
9 77
9 78
9 91
9 101
9 104
9 106
9 112
9 129
9 143
9 165
9 231
9 234
9 244
9 248
9 254
9 263
9 269
9 295
9 366
9 389
9 391
9 398
9 404
9 415
9 435
9 463
9 482
9 522
9 542
9 556
9 616
9 647
9 674
9 717
9 724
9 731
9 752
9 888
9 904
9 922
9 984
10 14
10 16
10 17
10 18
10 20
10 21
10 25
10 26
10 28
10 29
10 30
10 36
10 37
10 48
10 52
10 62
10 63
10 67
10 90
10 93
10 103
10 113
10 117
10 140
10 148
10 149
10 153
10 157
10 163
10 165
10 169
10 172
10 178
10 181
10 183
10 193
10 195
10 198
10 199
10 201
10 224
10 234
10 252
10 274
10 275
10 282
10 288
10 301
10 315
10 316
10 317
10 328
10 353
10 371
10 372
10 375
10 377
10 403
10 408
10 419
10 422
10 440
10 452
10 472
10 485
10 504
10 538
10 570
10 584
10 585
10 594
10 598
10 604
10 622
10 641
10 663
10 685
10 689
10 700
10 702
10 708
10 714
10 717
10 722
10 733
10 740
10 746
10 755
10 758
10 765
10 769
10 773
10 787
10 793
10 800
10 824
10 835
10 838
10 853
10 859
10 895
10 906
10 914
10 942
10 947
10 994
10 1013
11 13
11 15
11 16
11 17
11 22
11 23
11 24
11 26
11 28
11 31
11 33
11 34
11 35
11 38
11 44
11 45
11 47
11 48
11 51
11 53
11 56
11 57
11 60
11 64
11 69
11 73
11 77
11 79
11 82
11 84
11 92
11 94
11 100
11 104
11 108
11 116
11 126
11 143
11 146
11 156
11 168
11 171
11 172
11 173
11 183
11 184
11 200
11 201
11 202
11 208
11 212
11 231
11 237
11 247
11 264
11 277
11 281
11 297
11 300
11 302
11 325
11 329
11 344
11 355
11 358
11 366
11 375
11 385
11 393
11 399
11 410
11 447
11 456
11 463
11 468
11 469
11 472
11 475
11 484
11 502
11 510
11 520
11 535
11 538
11 553
11 555
11 563
11 576
11 591
11 607
11 618
11 633
11 644
11 675
11 687
11 706
11 717
11 725
11 727
11 733
11 737
11 772
11 790
11 798
11 809
11 823
11 842
11 881
11 892
11 896
11 897
11 903
11 907
11 911
11 934
11 948
11 973
11 977
11 985
11 993
11 1000
11 1001
11 1008
11 1011
12 14
12 16
12 17
12 18
12 19
12 21
12 23
12 24
12 25
12 35
12 36
12 39
12 40
12 41
12 46
12 60
12 62
12 63
12 68
12 72
12 75
12 76
12 79
12 86
12 93
12 111
12 132
12 137
12 148
12 168
12 170
12 172
12 180
12 197
12 215
12 224
12 226
12 227
12 229
12 230
12 231
12 235
12 241
12 257
12 260
12 288
12 292
12 303
12 306
12 311
12 312
12 335
12 346
12 350
12 355
12 357
12 361
12 369
12 374
12 377
12 378
12 416
12 424
12 427
12 428
12 453
12 471
12 474
12 476
12 479
12 508
12 510
12 546
12 584
12 589
12 598
12 606
12 615
12 646
12 670
12 673
12 674
12 694
12 725
12 734
12 801
12 825
12 833
12 838
12 845
12 869
12 896
12 897
12 919
12 952
12 955
12 961
12 962
12 963
12 978
12 988
12 1001
12 1002
12 1010
13 17
13 25
13 27
13 42
13 44
13 50
13 51
13 52
13 63
13 68
13 79
13 82
13 84
13 97
13 99
13 144
13 153
13 155
13 173
13 181
13 191
13 210
13 220
13 222
13 228
13 238
13 249
13 254
13 255
13 259
13 263
13 278
13 296
13 299
13 302
13 305
13 309
13 347
13 352
13 372
13 381
13 385
13 402
13 445
13 490
13 532
13 536
13 565
13 576
13 582
13 595
13 613
13 623
13 630
13 640
13 654
13 662
13 672
13 685
13 707
13 716
13 745
13 765
13 770
13 789
13 802
13 805
13 816
13 818
13 821
13 850
13 852
13 864
13 914
13 981
14 15
14 17
14 21
14 23
14 25
14 26
14 27
14 28
14 29
14 30
14 31
14 32
14 33
14 41
14 46
14 53
14 56
14 61
14 77
14 86
14 96
14 97
14 102
14 103
14 104
14 130
14 133
14 135
14 141
14 145
14 157
14 177
14 193
14 194
14 211
14 227
14 241
14 247
14 250
14 251
14 263
14 273
14 278
14 285
14 297
14 307
14 326
14 328
14 345
14 351
14 357
14 377
14 382
14 399
14 406
14 413
14 434
14 442
14 444
14 454
14 473
14 488
14 496
14 497
14 508
14 548
14 552
14 556
14 579
14 592
14 628
14 653
14 676
14 775
14 776
14 805
14 813
14 842
14 845
14 853
14 856
14 886
14 911
14 947
14 964
14 965
14 984
14 1002
14 1009
15 16
15 18
15 19
15 20
15 22
15 31
15 34
15 37
15 39
15 46
15 47
15 48
15 50
15 69
15 80
15 82
15 87
15 95
15 100
15 101
15 102
15 103
15 121
15 128
15 129
15 137
15 138
15 140
15 144
15 179
15 193
15 199
15 205
15 211
15 215
15 219
15 223
15 228
15 230
15 235
15 236
15 242
15 248
15 257
15 267
15 295
15 315
15 316
15 347
15 356
15 360
15 380
15 383
15 407
15 409
15 411
15 412
15 414
15 431
15 454
15 463
15 470
15 479
15 507
15 518
15 522
15 537
15 542
15 551
15 582
15 584
15 596
15 616
15 636
15 646
15 680
15 715
15 745
15 808
15 838
15 854
15 861
15 879
15 938
15 970
15 991
16 18
16 20
16 27
16 28
16 33
16 39
16 45
16 70
16 71
16 76
16 78
16 87
16 92
16 112
16 120
16 123
16 131
16 134
16 136
16 139
16 144
16 147
16 150
16 168
16 169
16 175
16 185
16 196
16 197
16 219
16 244
16 251
16 281
16 285
16 287
16 290
16 299
16 301
16 306
16 314
16 323
16 336
16 361
16 362
16 380
16 403
16 487
16 497
16 510
16 517
16 532
16 549
16 561
16 563
16 608
16 624
16 642
16 647
16 689
16 717
16 750
16 763
16 767
16 785
16 820
16 831
16 859
16 861
16 872
16 894
16 1020
17 18
17 19
17 29
17 32
17 37
17 43
17 49
17 52
17 58
17 59
17 61
17 62
17 65
17 66
17 70
17 74
17 77
17 96
17 115
17 119
17 123
17 126
17 144
17 153
17 157
17 166
17 172
17 182
17 186
17 187
17 196
17 200
17 202
17 221
17 223
17 229
17 239
17 241
17 278
17 286
17 288
17 298
17 299
17 322
17 326
17 329
17 373
17 383
17 391
17 408
17 423
17 429
17 458
17 502
17 523
17 531
17 538
17 544
17 563
17 588
17 597
17 599
17 603
17 608
17 614
17 620
17 643
17 686
17 698
17 713
17 719
17 749
17 787
17 800
17 840
17 950
17 982
17 984
18 21
18 27
18 31
18 34
18 41
18 49
18 55
18 78
18 81
18 192
18 222
18 250
18 306
18 331
18 338
18 341
18 360
18 372
18 382
18 386
18 416
18 424
18 440
18 455
18 466
18 553
18 570
18 575
18 585
18 596
18 618
18 652
18 680
18 683
18 721
18 724
18 732
18 747
18 773
18 782
18 836
18 865
18 923
18 1008
18 1011
18 1017
19 25
19 28
19 30
19 36
19 40
19 44
19 53
19 56
19 59
19 80
19 86
19 130
19 141
19 143
19 151
19 206
19 249
19 250
19 262
19 265
19 267
19 275
19 326
19 409
19 463
19 471
19 473
19 481
19 518
19 559
19 570
19 611
19 628
19 629
19 677
19 693
19 816
19 818
19 830
19 836
19 898
20 21
20 22
20 26
20 35
20 43
20 56
20 73
20 101
20 108
20 124
20 164
20 167
20 190
20 202
20 208
20 215
20 218
20 223
20 233
20 255
20 263
20 335
20 345
20 403
20 409
20 423
20 442
20 452
20 498
20 501
20 536
20 712
20 757
20 803
20 815
20 822
20 838
20 888
20 959
20 961
20 977
20 1007
20 1015
21 30
21 39
21 41
21 45
21 48
21 57
21 89
21 91
21 141
21 149
21 150
21 179
21 207
21 208
21 209
21 214
21 242
21 295
21 301
21 304
21 306
21 322
21 324
21 346
21 369
21 416
21 453
21 454
21 456
21 467
21 477
21 484
21 533
21 534
21 552
21 605
21 730
21 741
21 746
21 757
21 778
21 807
21 818
21 821
21 843
21 886
21 958
21 970
21 983
21 995
22 26
22 39
22 52
22 55
22 61
22 69
22 76
22 79
22 90
22 94
22 151
22 158
22 169
22 177
22 181
22 186
22 188
22 211
22 217
22 247
22 261
22 282
22 324
22 333
22 340
22 352
22 358
22 387
22 400
22 460
22 488
22 533
22 598
22 608
22 665
22 708
22 715
22 921
22 934
22 940
22 948
22 958
22 959
23 30
23 44
23 62
23 76
23 78
23 79
23 106
23 126
23 165
23 176
23 187
23 202
23 240
23 253
23 271
23 294
23 311
23 344
23 369
23 383
23 434
23 440
23 447
23 507
23 579
23 580
23 587
23 612
23 643
23 676
23 692
23 700
23 701
23 718
23 764
23 767
23 803
23 811
23 849
23 881
23 921
24 28
24 31
24 32
24 38
24 40
24 47
24 48
24 49
24 58
24 60
24 68
24 80
24 85
24 88
24 98
24 102
24 103
24 105
24 123
24 124
24 126
24 135
24 149
24 180
24 220
24 229
24 231
24 237
24 262
24 267
24 279
24 307
24 322
24 369
24 382
24 389
24 396
24 398
24 409
24 418
24 443
24 460
24 508
24 600
24 675
24 692
24 694
24 724
24 733
24 816
24 830
24 867
24 876
24 878
24 945
24 962
24 974
24 990
25 26
25 28
25 34
25 40
25 42
25 58
25 59
25 66
25 73
25 75
25 84
25 85
25 88
25 99
25 112
25 132
25 164
25 178
25 180
25 182
25 205
25 209
25 236
25 239
25 266
25 268
25 284
25 290
25 298
25 332
25 333
25 351
25 356
25 364
25 397
25 466
25 527
25 533
25 559
25 603
25 609
25 628
25 649
25 664
25 674
25 682
25 698
25 728
25 729
25 732
25 739
25 752
25 763
25 778
25 792
25 799
25 823
25 854
25 856
25 870
25 875
25 885
25 886
25 905
25 917
25 931
25 950
25 966
25 974
25 995
26 27
26 30
26 41
26 42
26 49
26 61
26 69
26 87
26 90
26 93
26 96
26 117
26 131
26 136
26 160
26 163
26 171
26 216
26 228
26 239
26 243
26 249
26 269
26 291
26 303
26 327
26 361
26 375
26 414
26 420
26 445
26 446
26 541
26 708
26 714
26 871
26 920
26 944
26 970
26 985
26 1017
27 40
27 47
27 57
27 65
27 67
27 81
27 86
27 92
27 102
27 110
27 118
27 119
27 121
27 145
27 226
27 235
27 241
27 273
27 327
27 335
27 338
27 354
27 358
27 388
27 392
27 393
27 395
27 416
27 435
27 438
27 467
27 488
27 504
27 516
27 519
27 525
27 590
27 615
27 660
27 682
27 705
27 722
27 727
27 733
27 763
27 775
27 845
27 856
27 915
27 926
27 942
27 997
28 30
28 32
28 34
28 37
28 41
28 50
28 51
28 54
28 74
28 75
28 77
28 81
28 84
28 94
28 97
28 98
28 100
28 101
28 118
28 120
28 142
28 145
28 155
28 160
28 161
28 162
28 167
28 170
28 197
28 198
28 215
28 222
28 236
28 243
28 258
28 276
28 302
28 314
28 316
28 320
28 325
28 338
28 376
28 440
28 450
28 452
28 459
28 461
28 466
28 477
28 484
28 491
28 496
28 501
28 533
28 546
28 601
28 612
28 677
28 688
28 753
28 762
28 780
28 781
28 784
28 844
28 848
28 859
28 871
28 877
28 883
28 914
28 945
28 963
28 970
28 975
28 979
28 981
29 62
29 83
29 105
29 114
29 131
29 139
29 161
29 162
29 169
29 174
29 186
29 237
29 298
29 301
29 350
29 372
29 386
29 388
29 413
29 435
29 532
29 533
29 536
29 562
29 617
29 736
29 742
29 746
29 763
29 765
29 795
29 801
29 943
29 964
29 1000
29 1006
30 34
30 36
30 41
30 42
30 45
30 67
30 68
30 70
30 82
30 88
30 97
30 107
30 113
30 120
30 129
30 156
30 165
30 194
30 203
30 229
30 234
30 249
30 256
30 281
30 309
30 335
30 336
30 343
30 352
30 361
30 372
30 396
30 403
30 427
30 428
30 447
30 459
30 484
30 494
30 515
30 517
30 529
30 538
30 578
30 594
30 605
30 620
30 633
30 670
30 715
30 766
30 774
30 781
30 782
30 852
30 858
30 890
30 908
30 912
30 977
30 1000
30 1009
31 32
31 35
31 43
31 49
31 54
31 56
31 64
31 67
31 71
31 85
31 138
31 160
31 185
31 187
31 192
31 203
31 207
31 212
31 219
31 225
31 235
31 238
31 241
31 254
31 261
31 269
31 279
31 286
31 329
31 367
31 377
31 391
31 412
31 415
31 426
31 450
31 472
31 489
31 500
31 512
31 541
31 591
31 651
31 738
31 743
31 778
31 836
31 839
31 851
31 852
31 855
31 859
31 908
31 919
32 33
32 53
32 68
32 71
32 80
32 86
32 163
32 175
32 231
32 232
32 248
32 252
32 328
32 349
32 371
32 417
32 471
32 547
32 552
32 678
32 693
32 770
32 791
32 831
32 846
32 891
32 963
32 977
33 34
33 47
33 53
33 55
33 57
33 58
33 63
33 74
33 117
33 150
33 155
33 175
33 186
33 208
33 225
33 269
33 291
33 299
33 318
33 360
33 408
33 488
33 541
33 566
33 572
33 674
33 680
33 736
33 869
33 965
33 1017
34 37
34 51
34 61
34 131
34 166
34 241
34 255
34 506
34 944
35 38
35 39
35 57
35 67
35 75
35 79
35 89
35 115
35 135
35 143
35 146
35 154
35 190
35 191
35 211
35 225
35 347
35 357
35 362
35 402
35 428
35 448
35 498
35 647
35 718
35 831
35 851
35 862
35 874
35 923
35 950
35 953
35 964
36 38
36 42
36 44
36 50
36 57
36 58
36 66
36 95
36 110
36 139
36 157
36 158
36 184
36 186
36 191
36 197
36 240
36 318
36 366
36 406
36 423
36 430
36 455
36 499
36 541
36 542
36 610
36 737
36 738
36 746
36 796
36 858
36 882
36 936
36 974
36 1001
37 41
37 43
37 54
37 75
37 120
37 127
37 158
37 160
37 182
37 210
37 224
37 262
37 304
37 358
37 363
37 374
37 404
37 429
37 459
37 502
37 552
37 580
37 597
37 628
37 678
37 685
37 788
37 803
38 39
38 50
38 63
38 85
38 93
38 98
38 102
38 111
38 134
38 140
38 202
38 296
38 308
38 314
38 378
38 384
38 462
38 480
38 495
38 518
38 519
38 559
38 572
38 605
38 626
38 741
38 826
38 830
38 837
38 929
38 1007
39 42
39 53
39 63
39 64
39 106
39 108
39 116
39 139
39 142
39 152
39 176
39 193
39 208
39 237
39 253
39 297
39 322
39 335
39 368
39 460
39 476
39 494
39 518
39 520
39 530
39 535
39 553
39 577
39 606
39 650
39 671
39 731
39 794
39 826
39 842
39 924
39 927
39 946
39 1023
40 68
40 81
40 99
40 100
40 101
40 113
40 121
40 203
40 263
40 414
40 534
40 596
40 625
40 783
40 842
40 884
40 910
40 942
40 955
41 79
41 88
41 90
41 137
41 280
41 311
41 375
41 415
41 431
41 523
41 820
42 47
42 49
42 52
42 59
42 61
42 69
42 73
42 106
42 126
42 192
42 207
42 212
42 214
42 216
42 217
42 225
42 243
42 251
42 279
42 283
42 293
42 295
42 329
42 337
42 352
42 380
42 434
42 438
42 485
42 541
42 569
42 588
42 626
42 675
42 723
42 757
42 792
42 797
42 893
42 947
42 959
42 976
42 1015
43 51
43 54
43 69
43 79
43 86
43 87
43 88
43 90
43 91
43 103
43 104
43 110
43 151
43 166
43 189
43 205
43 218
43 260
43 263
43 269
43 270
43 313
43 317
43 323
43 353
43 371
43 372
43 375
43 413
43 442
43 487
43 537
43 555
43 646
43 684
43 700
43 858
43 861
43 865
43 901
43 913
43 954
44 45
44 46
44 67
44 84
44 100
44 112
44 117
44 124
44 138
44 171
44 184
44 189
44 256
44 275
44 279
44 296
44 302
44 308
44 334
44 341
44 365
44 372
44 397
44 420
44 466
44 483
44 484
44 486
44 501
44 508
44 510
44 547
44 635
44 638
44 639
44 683
44 719
44 828
44 892
44 909
44 923
44 991
45 47
45 55
45 109
45 113
45 125
45 134
45 191
45 220
45 268
45 312
45 320
45 430
45 478
45 569
45 581
45 685
45 710
45 726
45 791
45 824
45 826
45 939
45 978
46 67
46 115
46 117
46 154
46 161
46 171
46 216
46 224
46 226
46 265
46 314
46 323
46 324
46 348
46 382
46 433
46 471
46 572
46 685
46 710
46 904
47 54
47 67
47 81
47 96
47 104
47 108
47 112
47 122
47 125
47 132
47 140
47 142
47 148
47 156
47 165
47 191
47 192
47 194
47 230
47 260
47 291
47 302
47 337
47 378
47 385
47 393
47 462
47 492
47 496
47 505
47 567
47 583
47 631
47 637
47 645
47 648
47 649
47 661
47 738
47 749
47 752
47 765
47 771
47 822
48 51
48 52
48 55
48 58
48 59
48 64
48 66
48 72
48 76
48 78
48 95
48 109
48 114
48 128
48 142
48 173
48 219
48 276
48 280
48 469
48 531
48 559
48 562
48 590
48 598
48 648
48 658
48 666
48 686
48 700
48 756
48 798
48 824
48 892
48 914
48 952
48 1006
49 83
49 117
49 128
49 183
49 190
49 204
49 216
49 227
49 232
49 329
49 356
49 371
49 387
49 509
49 519
49 721
49 834
49 894
49 1007
50 66
50 114
50 121
50 125
50 180
50 190
50 198
50 222
50 251
50 255
50 271
50 311
50 347
50 433
50 465
50 519
50 677
50 743
50 797
50 836
50 915
51 77
51 78
51 85
51 102
51 141
51 145
51 194
51 196
51 203
51 212
51 272
51 288
51 292
51 294
51 303
51 349
51 360
51 364
51 406
51 444
51 455
51 471
51 494
51 516
51 538
51 551
51 563
51 605
51 616
51 620
51 627
51 634
51 675
51 697
51 711
51 795
51 844
51 885
51 905
51 952
52 77
52 94
52 95
52 100
52 108
52 122
52 125
52 187
52 217
52 246
52 248
52 317
52 354
52 365
52 389
52 452
52 458
52 481
52 493
52 504
52 526
52 608
52 750
52 992
53 55
53 57
53 99
53 180
53 194
53 247
53 257
53 282
53 295
53 402
53 595
53 742
53 806
54 56
54 57
54 59
54 102
54 108
54 127
54 150
54 163
54 238
54 260
54 306
54 322
54 340
54 342
54 344
54 395
54 412
54 451
54 525
54 581
54 600
54 664
54 665
54 783
54 827
54 855
54 935
54 940
55 159
55 175
55 417
55 539
55 597
55 700
55 732
55 866
55 882
56 65
56 89
56 194
56 264
56 388
56 397
56 420
56 424
56 432
56 515
56 544
56 714
56 998
56 1014
57 65
57 70
57 89
57 91
57 98
57 101
57 104
57 117
57 128
57 131
57 161
57 196
57 225
57 319
57 341
57 358
57 385
57 405
57 464
57 502
57 559
57 614
57 652
57 660
57 722
57 749
57 750
58 62
58 70
58 105
58 129
58 174
58 193
58 220
58 307
58 313
58 334
58 405
58 411
58 416
58 432
58 448
58 451
58 465
58 498
58 865
58 868
58 1010
59 71
59 122
59 125
59 150
59 191
59 212
59 231
59 232
59 243
59 244
59 271
59 279
59 325
59 359
59 365
59 373
59 388
59 390
59 393
59 414
59 443
59 474
59 491
59 493
59 495
59 505
59 511
59 512
59 524
59 584
59 587
59 617
59 641
59 728
59 735
59 780
59 863
59 885
59 910
59 929
59 971
59 1006
59 1015
59 1019
60 66
60 86
60 92
60 113
60 179
60 226
60 264
60 274
60 291
60 300
60 331
60 469
60 482
60 537
60 583
60 609
60 777
60 932
61 68
61 146
61 192
61 209
61 242
61 268
61 270
61 284
61 285
61 296
61 306
61 321
61 336
61 368
61 372
61 388
61 392
61 405
61 443
61 476
61 498
61 514
61 623
61 684
61 724
61 769
61 802
61 814
61 893
61 949
61 961
62 96
62 130
62 386
62 466
62 690
62 720
62 921
63 104
63 136
63 155
63 217
63 266
63 275
63 288
63 323
63 327
63 377
63 533
63 546
63 571
63 901
63 909
63 933
63 1014
64 71
64 155
64 166
64 207
64 260
64 275
64 298
64 357
64 381
64 554
64 657
64 687
64 735
64 819
64 850
64 906
64 944
65 90
65 100
65 122
65 125
65 145
65 163
65 176
65 211
65 217
65 271
65 327
65 404
65 417
65 550
65 557
65 596
65 623
65 632
65 679
65 693
65 711
65 759
65 816
65 1006
65 1008
66 72
66 84
66 151
66 209
66 224
66 236
66 252
66 291
66 517
66 539
66 742
66 819
66 830
66 929
66 933
66 995
67 68
67 82
67 86
67 89
67 99
67 136
67 138
67 144
67 170
67 183
67 202
67 227
67 269
67 282
67 340
67 369
67 537
67 549
67 637
67 688
67 741
67 881
67 887
67 949
67 1007
67 1017
68 83
68 103
68 119
68 159
68 168
68 215
68 220
68 255
68 274
68 295
68 324
68 326
68 348
68 362
68 422
68 454
68 461
68 483
68 534
68 575
68 644
68 668
68 683
68 694
68 738
68 776
68 828
68 853
68 935
68 952
69 110
69 118
69 140
69 158
69 181
69 229
69 236
69 241
69 246
69 298
69 426
69 475
69 506
69 525
69 554
69 599
69 653
69 692
69 728
69 761
69 806
69 861
69 907
69 919
69 936
69 970
69 998
70 72
70 74
70 89
70 97
70 105
70 118
70 157
70 159
70 243
70 318
70 453
70 504
70 572
70 581
70 624
70 749
70 815
70 867
70 870
70 919
70 972
71 82
71 87
71 122
71 129
71 141
71 143
71 152
71 185
71 189
71 290
71 330
71 359
71 371
71 409
71 448
71 511
71 515
71 522
71 528
71 615
71 643
71 706
71 757
71 892
71 916
71 934
71 956
72 127
72 133
72 219
72 277
72 287
72 290
72 305
72 424
72 444
72 480
72 483
72 594
72 696
72 786
72 802
73 84
73 150
73 154
73 427
73 504
73 506
73 537
73 554
73 573
73 583
73 587
73 637
73 755
73 823
74 81
74 118
74 123
74 195
74 221
74 282
74 299
74 348
74 566
74 675
74 874
74 888
74 939
74 946
74 962
75 87
75 88
75 93
75 127
75 133
75 166
75 197
75 232
75 254
75 276
75 380
75 403
75 422
75 428
75 488
75 633
75 670
75 759
75 787
75 809
75 811
75 872
76 177
76 188
76 195
76 259
76 272
76 289
76 375
76 377
76 493
76 495
76 566
76 589
76 647
76 670
76 701
76 829
76 867
76 923
76 994
77 84
77 90
77 109
77 173
77 185
77 204
77 272
77 315
77 354
77 419
77 432
77 438
77 445
77 446
77 474
77 560
77 653
77 676
77 713
77 820
77 939
78 95
78 116
78 161
78 174
78 284
78 460
78 498
78 563
78 642
78 732
78 923
78 1012
79 80
79 82
79 96
79 102
79 107
79 184
79 204
79 207
79 212
79 218
79 253
79 291
79 309
79 320
79 333
79 344
79 360
79 382
79 461
79 466
79 470
79 590
79 607
79 611
79 652
79 667
79 782
79 851
79 855
80 83
80 89
80 95
80 132
80 148
80 159
80 219
80 238
80 242
80 243
80 280
80 287
80 288
80 316
80 341
80 404
80 471
80 505
80 515
80 534
80 707
80 714
80 933
80 936
81 98
81 116
81 122
81 188
81 235
81 250
81 258
81 273
81 342
81 477
81 482
81 532
81 544
81 584
81 625
81 694
81 751
81 771
81 831
81 837
82 110
82 130
82 150
82 212
82 246
82 249
82 307
82 324
82 333
82 339
82 370
82 490
82 522
82 528
82 672
82 760
82 765
82 846
82 867
82 922
82 968
83 85
83 96
83 97
83 132
83 156
83 188
83 252
83 274
83 322
83 406
83 411
83 441
83 576
83 704
83 772
83 833
83 837
83 850
83 895
83 937
83 966
84 129
84 186
84 204
84 248
84 311
84 407
84 516
84 592
84 682
84 759
84 777
84 911
84 999
85 90
85 94
85 101
85 119
85 127
85 137
85 141
85 145
85 147
85 182
85 187
85 189
85 203
85 246
85 294
85 383
85 391
85 399
85 424
85 426
85 449
85 453
85 455
85 465
85 511
85 516
85 521
85 534
85 564
85 573
85 621
85 635
85 809
85 820
85 827
85 913
86 116
86 126
86 149
86 158
86 161
86 256
86 265
86 272
86 278
86 348
86 356
86 379
86 387
86 398
86 524
86 540
86 548
86 607
86 656
86 935
86 959
87 206
87 279
87 289
87 376
87 380
87 401
87 492
87 514
87 520
87 564
87 621
87 736
87 745
87 930
88 95
88 98
88 163
88 264
88 275
88 418
88 427
88 548
88 597
88 694
88 767
88 776
88 794
89 103
89 147
89 167
89 247
89 249
89 255
89 259
89 270
89 358
89 369
89 398
89 408
89 530
89 572
89 637
89 696
89 828
89 850
89 894
90 97
90 99
90 135
90 136
90 138
90 164
90 165
90 188
90 246
90 253
90 260
90 263
90 388
90 407
90 425
90 483
90 544
90 614
90 649
90 741
90 743
90 744
90 771
90 792
90 796
90 888
90 1014
90 1018
91 116
91 149
91 151
91 185
91 193
91 233
91 235
91 247
91 253
91 281
91 336
91 337
91 366
91 406
91 419
91 456
91 524
91 565
91 620
91 632
91 638
91 752
91 827
91 844
91 873
91 907
91 912
92 105
92 180
92 199
92 321
92 355
92 397
92 564
92 617
92 660
92 738
92 743
92 759
92 988
93 102
93 165
93 175
93 186
93 212
93 332
93 672
93 750
93 790
93 819
93 844
93 889
93 981
94 111
94 115
94 129
94 142
94 149
94 157
94 159
94 215
94 226
94 304
94 307
94 331
94 383
94 387
94 410
94 429
94 458
94 480
94 501
94 505
94 575
94 659
94 720
94 744
94 858
94 869
94 937
95 96
95 97
95 115
95 117
95 129
95 146
95 166
95 204
95 363
95 410
95 457
95 519
95 565
95 567
95 599
95 622
95 632
95 662
95 696
95 714
95 720
95 731
95 756
95 776
95 796
95 830
95 971
95 983
95 988
96 110
96 122
96 132
96 261
96 284
96 334
96 398
96 442
96 456
96 480
96 496
96 499
96 525
96 527
96 532
96 572
96 601
96 629
96 777
96 837
96 935
96 993
97 107
97 119
97 123
97 130
97 153
97 177
97 186
97 217
97 224
97 252
97 282
97 363
97 395
97 400
97 470
97 540
97 548
97 588
97 617
97 663
97 665
97 725
97 727
97 800
97 848
97 897
97 910
97 941
97 989
98 133
98 146
98 153
98 184
98 217
98 233
98 240
98 291
98 315
98 342
98 365
98 371
98 382
98 395
98 401
98 415
98 426
98 444
98 483
98 537
98 558
98 627
98 694
98 752
98 947
98 993
99 107
99 120
99 131
99 150
99 151
99 153
99 200
99 213
99 223
99 290
99 345
99 450
99 451
99 491
99 510
99 539
99 606
99 771
99 853
99 854
99 862
99 897
99 959
100 147
100 241
100 312
100 331
100 373
100 399
100 508
100 673
100 677
100 836
100 854
101 113
101 115
101 119
101 127
101 156
101 225
101 250
101 255
101 382
101 389
101 426
101 512
101 519
101 787
101 860
102 132
102 170
102 199
102 222
102 433
102 588
102 618
103 108
103 112
103 123
103 131
103 182
103 314
103 325
103 353
103 387
103 394
103 474
103 476
103 486
103 493
103 528
103 621
103 768
103 868
103 895
103 990
103 1004
104 113
104 127
104 137
104 153
104 197
104 229
104 246
104 346
104 478
104 494
104 528
104 574
104 698
104 755
104 825
105 170
105 200
105 209
105 218
105 398
105 416
105 437
105 502
105 519
105 604
105 649
105 699
105 719
105 729
105 776
106 151
106 173
106 201
106 203
106 277
106 332
106 368
106 391
106 459
106 516
106 618
106 681
106 712
106 736
106 753
106 808
106 876
106 885
106 890
106 1003
107 111
107 113
107 146
107 173
107 236
107 238
107 257
107 314
107 481
107 487
107 529
107 535
107 542
107 632
107 651
107 740
107 747
107 806
107 829
107 845
107 862
108 132
108 148
108 149
108 160
108 164
108 168
108 173
108 202
108 207
108 290
108 309
108 312
108 335
108 380
108 421
108 425
108 445
108 467
108 491
108 505
108 540
108 541
108 580
108 620
108 683
108 814
108 854
108 868
108 932
108 957
109 159
109 216
109 230
109 231
109 346
109 385
109 422
109 481
109 493
109 546
109 667
109 689
109 744
109 746
109 959
110 217
110 250
110 327
110 514
110 611
110 621
110 665
110 879
111 158
111 182
111 196
111 330
111 489
111 525
111 532
111 785
111 804
112 121
112 124
112 126
112 133
112 289
112 310
112 379
112 458
112 474
112 598
112 683
112 732
112 765
112 782
112 784
112 949
112 965
113 116
113 125
113 130
113 140
113 146
113 154
113 172
113 195
113 197
113 208
113 270
113 364
113 459
113 655
113 663
113 673
113 861
113 864
113 898
114 121
114 575
114 740
114 749
114 841
115 211
115 258
115 344
115 402
115 423
115 432
115 453
115 577
115 735
115 753
115 776
115 966
115 973
116 128
116 131
116 166
116 172
116 184
116 244
116 258
116 292
116 318
116 610
116 663
116 699
116 813
117 151
117 220
117 301
117 319
117 336
117 418
117 492
117 526
117 555
117 596
117 613
117 681
117 708
117 891
117 960
118 202
118 266
118 1004
119 200
119 218
119 265
119 287
119 294
119 375
119 384
119 397
119 651
119 892
119 908
119 999
120 141
120 146
120 267
120 313
120 317
120 332
120 353
120 452
120 585
120 595
120 611
120 641
120 940
120 955
121 148
121 174
121 179
121 204
121 235
121 622
121 657
121 799
121 888
121 1004
122 156
122 427
122 870
123 145
123 155
123 156
123 163
123 168
123 178
123 233
123 261
123 351
123 417
123 420
123 577
123 773
123 879
123 880
124 138
124 170
124 191
124 235
124 245
124 273
124 327
124 339
124 555
124 621
124 657
124 751
124 792
125 149
125 182
125 209
125 258
125 294
125 381
125 392
125 393
125 447
125 467
125 507
125 765
125 964
126 171
126 215
126 233
126 238
126 303
126 328
126 348
126 366
126 402
126 446
126 469
126 491
126 600
126 735
126 742
126 764
127 134
127 875
127 895
127 989
128 160
128 218
128 240
128 273
128 402
128 409
128 530
128 554
128 622
128 771
128 940
128 976
128 985
129 131
129 139
129 167
129 242
129 251
129 268
129 283
129 310
129 342
129 345
129 376
129 480
129 504
129 509
129 569
129 589
129 601
129 643
129 769
129 837
129 848
129 864
129 898
130 180
130 188
130 276
130 286
130 346
130 482
130 574
130 578
130 581
130 599
130 635
130 650
130 654
130 751
130 786
130 788
130 794
130 946
131 134
131 137
131 154
131 196
131 368
131 804
131 880
131 1017
132 134
132 160
132 194
132 198
132 199
132 203
132 213
132 246
132 310
132 345
132 362
132 421
132 435
132 454
132 514
132 558
132 572
132 659
132 664
132 681
132 707
132 715
132 716
132 718
132 799
132 893
132 909
132 1007
133 240
133 379
133 435
133 633
133 726
133 861
133 862
133 930
134 139
134 221
134 400
134 502
134 520
134 545
134 776
134 891
135 394
135 440
135 444
135 979
136 146
136 156
136 206
136 240
136 273
136 572
136 590
136 664
136 835
137 189
137 244
137 261
137 296
137 402
137 411
137 605
137 667
137 810
137 825
137 893
138 180
138 200
138 212
138 226
138 230
138 297
138 320
138 336
138 351
138 406
138 411
138 412
138 420
138 483
138 555
138 572
138 580
138 602
138 605
138 934
138 943
138 1022
139 193
139 253
139 266
139 341
139 381
139 595
139 618
139 623
139 707
139 711
139 833
139 1014
139 1022
140 225
140 273
140 279
140 369
140 461
140 523
140 900
140 999
141 145
141 174
141 201
141 243
141 248
141 277
141 280
141 290
141 293
141 458
141 491
141 499
141 518
141 576
141 595
141 617
141 648
141 687
141 766
142 199
142 251
142 314
142 326
142 359
142 386
142 493
142 529
142 539
142 725
142 761
142 793
142 867
142 938
142 973
143 159
143 186
143 205
143 308
143 326
143 460
143 697
143 797
143 838
144 308
144 366
144 465
144 472
144 528
144 536
144 629
144 880
144 945
145 197
145 248
145 284
145 358
145 390
145 465
145 579
145 636
146 205
146 225
146 230
146 282
146 367
146 381
146 401
146 459
146 479
146 497
146 506
146 546
146 566
146 689
146 921
147 213
147 266
147 272
147 285
147 334
147 594
147 658
147 814
147 963
147 1012
148 158
148 190
148 449
148 484
148 568
148 584
148 681
148 868
148 900
149 166
149 169
149 181
149 237
149 245
149 263
149 284
149 331
149 407
149 524
149 591
149 616
149 683
149 719
149 828
149 942
149 1010
150 225
150 239
150 249
150 364
150 436
150 443
150 469
150 553
150 941
151 193
151 287
151 357
151 365
151 378
151 420
151 448
151 702
151 774
151 899
153 310
153 358
153 442
153 551
153 579
153 596
153 698
153 844
154 162
154 164
154 170
154 338
154 478
154 512
154 687
154 719
154 785
154 1002
155 170
155 172
155 177
155 256
155 354
155 632
155 654
155 679
155 777
155 793
155 857
156 304
156 307
156 334
156 362
156 471
156 502
156 619
156 687
156 893
157 180
157 183
157 198
157 239
157 280
157 304
157 310
157 327
157 384
157 425
157 428
157 450
157 457
157 778
157 796
157 803
157 816
157 852
157 930
157 996
158 164
158 200
158 222
158 337
158 376
158 440
158 515
158 857
158 871
158 889
158 892
158 1000
159 181
159 373
159 382
159 415
159 457
159 596
159 635
159 781
160 189
160 206
160 231
160 286
160 287
160 292
160 302
160 450
160 467
160 595
160 650
160 726
160 773
160 809
161 167
161 189
161 208
161 211
161 367
161 429
161 475
161 557
161 874
162 173
162 174
162 183
162 187
162 248
162 254
162 367
162 473
162 506
162 535
162 545
162 635
162 704
162 760
162 881
162 882
162 893
162 901
162 923
162 995
163 226
163 297
163 489
163 565
163 569
163 688
163 821
163 831
163 967
163 995
164 169
164 268
164 289
164 395
164 428
164 538
164 556
164 671
164 944
165 210
165 374
165 447
165 463
165 484
165 528
165 587
165 691
165 747
165 941
165 987
166 187
166 189
166 216
166 270
166 457
166 523
166 560
166 571
166 626
166 640
166 706
166 716
166 866
166 964
167 172
167 275
167 420
167 446
167 451
167 661
167 700
167 711
167 804
167 869
167 964
168 199
168 206
168 253
168 344
168 376
168 377
168 423
168 441
168 598
168 612
168 674
168 798
168 980
169 526
169 542
169 875
170 213
170 220
170 288
170 296
170 490
170 521
170 692
170 758
170 847
171 174
171 221
171 245
171 283
171 410
171 586
171 721
171 725
171 754
171 792
171 921
171 924
171 926
172 184
172 267
172 272
172 328
172 407
172 517
172 582
172 728
172 772
172 787
173 301
173 549
173 557
173 570
173 834
173 897
173 967
173 998
173 1010
174 213
174 215
174 227
174 374
174 394
174 451
174 519
174 574
174 791
175 201
175 214
175 228
175 325
175 392
175 431
175 445
175 498
175 517
175 518
175 532
175 648
175 660
175 812
175 1013
176 196
176 292
176 399
176 451
176 753
176 996
177 284
177 344
177 432
177 470
177 478
177 535
177 561
177 647
177 694
177 724
177 822
177 915
177 956
177 986
178 311
178 313
178 321
178 347
178 366
178 412
178 583
178 644
178 912
179 210
179 223
179 233
179 265
179 266
179 602
179 737
179 912
179 924
179 939
180 217
180 327
180 349
180 429
180 434
180 447
180 552
180 634
180 812
180 815
180 847
180 915
180 972
180 994
181 325
181 368
181 540
181 617
181 711
181 902
182 183
182 247
182 280
182 288
182 330
182 404
182 417
182 418
182 441
182 461
182 467
182 531
182 655
182 848
182 877
182 932
182 963
183 282
183 682
183 760
184 275
184 315
184 333
184 426
184 446
184 824
184 829
185 295
185 349
185 355
185 464
185 486
185 566
185 579
185 589
185 619
185 758
185 811
185 871
185 887
185 930
185 938
185 962
185 979
186 412
186 765
186 781
186 860
187 220
187 298
187 388
187 394
187 522
187 861
187 906
187 1000
188 296
188 324
188 418
188 462
188 509
188 523
188 538
188 570
188 588
188 707
188 772
188 835
188 843
188 868
189 200
189 239
189 293
189 323
189 331
189 396
189 455
189 533
189 599
189 684
189 713
189 890
190 354
190 505
190 543
190 558
190 559
190 568
190 633
190 650
190 664
190 667
190 750
190 818
190 821
190 922
190 996
191 208
191 209
191 217
191 318
191 374
191 591
191 703
191 855
191 889
192 292
192 454
192 543
192 551
192 683
193 301
193 303
193 313
193 378
193 389
193 394
193 431
193 600
193 655
193 732
193 1001
193 1005
194 228
194 238
194 327
194 346
194 356
194 370
194 396
194 424
194 457
194 500
194 530
194 578
194 617
194 627
194 645
194 707
194 742
194 813
194 988
195 251
195 332
195 497
195 502
195 669
195 685
195 870
195 984
196 198
196 222
196 285
196 320
196 631
196 741
197 205
197 254
197 292
197 492
197 493
197 640
197 663
197 758
197 872
197 876
197 966
198 268
198 292
198 317
198 417
198 432
198 597
198 839
198 866
199 336
199 522
199 584
199 599
199 743
199 767
199 789
199 808
199 915
199 921
199 1008
200 209
200 311
200 363
200 367
200 467
200 479
200 628
200 667
200 712
200 936
200 951
201 238
201 293
201 324
201 328
201 350
201 401
201 419
201 449
201 500
201 554
201 723
201 759
201 860
201 1019
202 204
202 315
202 337
202 509
202 638
202 753
202 768
202 908
203 229
203 256
203 261
203 298
203 343
203 444
203 465
203 476
203 529
203 599
203 658
203 776
203 788
204 309
204 333
204 357
204 359
204 383
204 427
204 457
204 698
204 702
204 846
204 913
205 209
205 255
205 298
205 489
205 592
205 721
205 761
205 856
206 220
206 360
206 504
206 555
206 564
206 571
206 729
206 766
206 769
206 780
206 782
206 791
206 863
206 873
206 1003
206 1014
207 210
207 219
207 394
207 411
207 417
207 423
207 626
207 652
207 669
207 729
207 807
207 817
207 1000
207 1010
208 252
208 304
208 328
208 349
208 423
208 462
208 578
208 579
208 678
208 701
208 790
208 798
208 832
208 857
209 229
209 241
209 379
209 398
209 422
209 455
209 512
209 520
209 598
209 729
209 816
209 950
209 960
209 1001
209 1019
210 232
210 255
210 277
210 360
210 367
210 392
210 410
210 447
210 577
210 633
210 686
210 754
210 755
210 759
210 819
210 858
210 884
211 281
211 348
211 547
211 662
211 668
211 751
211 823
212 294
212 352
212 361
212 477
212 500
212 519
212 942
212 988
212 1014
213 258
213 264
213 373
213 815
214 227
214 252
214 264
214 271
214 286
214 287
214 341
214 389
214 489
214 506
214 610
214 640
214 653
214 855
215 228
215 245
215 300
215 319
215 498
215 527
215 703
216 257
216 268
216 449
216 551
216 630
216 647
216 887
217 297
217 307
217 363
217 444
217 811
217 951
218 245
218 259
218 264
218 280
218 305
218 319
218 330
218 362
218 389
218 436
218 534
218 580
218 727
218 747
218 919
218 963
218 971
218 1004
219 344
219 387
219 395
219 521
219 709
219 755
219 966
219 977
220 425
220 567
220 587
220 803
220 999
221 644
221 678
221 710
221 898
221 903
221 906
221 926
222 263
222 472
222 812
223 284
223 431
223 526
223 557
223 600
223 615
224 346
224 348
224 364
224 473
224 536
224 843
225 232
225 286
225 360
225 466
225 668
225 717
225 803
225 997
226 354
226 704
226 812
227 262
227 323
227 402
227 408
227 422
227 533
227 609
227 739
227 782
228 269
228 300
228 304
228 317
228 390
228 396
228 523
228 562
228 861
228 912
229 234
229 297
229 378
229 468
229 514
229 573
229 653
230 807
231 250
231 292
231 294
231 378
231 383
231 481
231 623
231 645
231 783
231 883
231 891
231 1021
231 1023
232 595
232 676
233 279
233 379
233 438
233 583
233 610
233 785
233 790
233 805
233 923
233 970
234 396
234 423
234 427
234 671
235 265
235 286
235 335
235 344
235 407
235 436
235 529
235 564
235 637
235 687
235 690
235 883
235 916
235 971
236 332
236 399
236 433
236 466
236 513
236 576
236 742
236 779
236 869
236 885
236 939
237 469
237 535
237 590
237 636
237 641
237 706
238 243
238 282
238 283
238 422
238 495
238 513
238 544
238 620
238 637
238 690
238 714
238 846
238 910
239 274
239 294
239 500
239 617
239 624
239 698
239 712
239 810
239 849
239 875
239 936
240 318
240 522
240 542
240 622
240 839
240 993
241 328
241 335
241 373
241 752
241 877
242 244
242 264
242 270
242 898
242 899
242 971
243 374
243 400
243 470
243 479
243 493
243 499
243 534
243 667
243 951
243 953
243 990
244 507
244 570
244 617
244 706
244 816
244 840
244 916
245 301
245 311
245 480
245 525
245 552
245 564
245 587
245 631
245 732
245 796
245 915
245 999
246 259
246 460
246 695
246 730
246 908
247 257
247 266
247 300
247 407
247 413
247 419
247 486
247 512
247 593
247 673
247 876
248 485
248 680
248 795
248 931
248 1016
249 361
249 439
249 636
249 721
249 746
249 763
249 896
249 931
249 981
249 1011
250 271
250 337
250 416
250 476
250 580
250 663
250 670
250 705
250 874
251 276
251 442
251 455
251 550
251 554
251 578
251 624
251 925
252 330
252 340
252 405
252 487
252 569
252 583
252 689
252 738
252 878
252 899
252 907
252 1022
253 349
253 534
253 652
254 344
254 522
254 563
254 653
255 388
255 506
255 557
255 577
255 632
255 715
255 755
255 772
255 834
255 1016
256 307
256 436
256 492
256 953
257 305
257 323
257 363
257 490
257 529
257 734
258 310
258 312
258 329
258 479
258 503
258 515
258 586
258 676
259 317
259 413
259 654
259 802
259 877
259 935
259 979
260 274
260 338
260 638
260 909
260 983
261 300
261 310
261 321
261 504
261 604
261 735
261 780
261 805
262 278
262 313
262 345
262 439
262 442
262 729
263 328
263 359
263 507
263 609
263 664
264 268
264 291
264 340
264 411
264 573
264 650
264 771
264 826
264 828
264 873
265 302
265 312
265 367
265 677
265 717
265 778
265 918
266 380
266 511
266 571
266 825
266 855
266 978
267 279
267 306
267 309
267 333
267 353
267 426
267 516
267 581
267 710
267 876
268 439
268 470
268 813
268 957
269 271
269 383
269 865
269 928
270 308
270 340
270 362
270 384
270 472
270 493
270 895
271 277
271 305
271 338
271 370
271 622
271 948
272 341
272 481
272 505
272 534
272 616
272 689
272 957
273 283
273 345
273 501
273 505
273 540
273 627
273 670
273 710
273 820
273 916
273 923
273 968
274 311
274 464
274 502
274 593
274 683
274 940
275 289
275 659
275 674
275 712
275 729
275 787
275 955
275 973
275 985
276 362
276 414
276 499
276 629
276 896
277 286
277 312
277 399
277 410
277 422
277 565
277 991
277 1020
278 466
278 474
278 495
278 521
278 601
278 626
278 693
278 735
278 756
278 943
279 324
279 667
279 722
280 437
280 448
280 573
280 603
280 823
280 856
280 984
281 482
281 599
281 696
282 359
282 680
282 895
283 302
283 540
283 584
283 753
283 871
283 953
283 986
284 472
284 645
284 893
284 915
285 305
285 347
285 449
285 456
285 597
285 601
285 610
285 982
285 1015
286 396
286 674
286 913
287 350
287 373
287 672
287 720
287 789
287 902
288 295
288 376
288 407
288 450
288 487
288 502
288 537
288 863
288 975
289 312
289 321
289 335
289 340
289 492
289 630
289 642
289 862
290 379
290 508
290 583
290 623
290 630
290 666
290 775
290 779
290 963
291 413
291 424
291 698
291 743
291 992
292 624
292 845
292 859
292 991
292 998
293 391
293 456
293 499
293 674
293 861
293 866
293 886
293 1012
294 315
294 327
294 337
294 500
294 731
294 768
294 849
294 903
295 352
295 379
295 447
295 535
295 576
295 803
295 889
295 944
295 974
296 316
296 558
296 748
296 761
296 785
296 876
297 484
297 510
297 719
297 726
298 318
298 332
298 467
298 499
298 613
298 669
299 393
299 613
299 734
299 752
299 768
299 896
300 391
300 592
300 726
300 801
301 481
301 503
301 686
301 959
302 400
302 574
302 646
303 551
303 585
303 708
303 815
303 980
303 983
304 421
304 525
304 618
304 714
305 364
305 397
305 401
305 463
305 503
305 695
305 787
305 817
305 831
305 964
305 979
305 989
306 463
306 520
306 545
306 555
306 920
306 936
307 342
307 343
307 405
307 466
307 531
307 657
307 700
307 730
307 838
307 920
307 926
307 994
307 1014
308 624
308 632
308 642
308 726
308 821
308 880
308 883
309 322
309 405
309 644
309 655
309 962
310 347
310 523
310 631
310 973
311 458
311 569
311 607
311 980
311 1001
312 326
312 618
312 880
313 418
313 443
313 522
313 593
313 620
313 705
314 403
314 562
314 605
314 785
314 815
314 857
315 489
315 543
315 563
315 574
315 866
315 905
315 985
315 992
316 397
316 545
316 705
316 736
316 856
317 330
317 469
317 607
317 608
317 631
317 658
317 929
318 384
318 436
318 928
319 354
319 462
319 595
319 599
319 611
319 730
319 857
320 349
320 589
320 649
320 685
320 808
320 823
321 438
321 556
321 594
321 653
321 773
321 907
321 909
322 482
322 612
322 634
322 956
323 441
323 587
323 727
323 754
323 767
323 777
323 912
324 345
324 381
324 384
324 442
324 578
324 769
324 796
324 887
325 400
325 454
325 774
325 777
325 858
326 396
326 577
326 622
326 629
326 634
326 646
326 882
326 886
327 409
327 485
327 573
327 609
327 724
327 870
327 974
327 989
328 511
328 639
329 516
329 655
329 780
330 441
330 860
330 896
330 967
331 334
331 513
331 536
331 542
331 581
331 808
331 814
332 367
332 451
332 475
332 544
332 619
332 660
333 347
333 412
333 539
333 549
333 665
334 534
334 562
334 1021
336 535
336 590
336 980
337 432
337 666
337 669
337 710
337 777
337 903
337 996
338 421
338 477
338 488
338 558
338 611
338 873
338 949
339 575
339 661
339 902
339 974
340 686
340 928
340 984
341 364
341 657
341 710
342 445
342 616
342 629
342 812
342 827
343 393
343 416
343 870
343 940
344 603
344 688
344 715
344 743
344 770
344 910
345 686
345 757
346 576
346 820
346 947
347 538
347 749
347 917
347 963
347 976
348 445
348 777
348 877
349 394
349 420
349 723
350 450
350 810
351 387
351 495
351 507
351 611
351 628
351 696
351 784
352 368
352 463
352 793
352 953
352 959
352 983
353 388
353 415
353 452
353 793
353 879
353 946
353 1012
354 566
355 627
356 400
356 513
356 645
356 663
356 814
356 924
357 827
357 904
358 413
358 468
358 531
358 730
359 384
359 430
359 535
359 558
359 883
360 384
360 479
360 520
360 635
360 882
360 958
361 485
361 523
361 543
361 917
362 392
362 606
362 748
362 932
362 949
362 994
363 499
363 721
363 818
364 402
364 404
364 440
364 561
364 708
364 875
364 900
364 979
365 452
365 528
365 578
365 704
365 919
366 369
366 374
366 483
366 593
366 639
366 760
366 807
366 890
366 974
367 431
367 508
367 800
367 851
368 443
368 459
368 927
369 567
370 448
370 478
370 568
370 733
370 762
370 892
370 900
371 460
371 679
372 413
372 486
372 672
372 757
372 882
373 423
373 428
373 453
373 482
373 558
373 586
373 623
373 802
373 933
373 1010
374 398
374 408
374 479
374 627
374 824
375 441
375 490
375 625
375 787
375 839
376 379
376 679
376 699
376 930
377 381
377 414
377 421
377 808
377 856
378 640
378 712
379 612
379 767
380 409
380 475
380 564
380 711
380 786
380 860
381 585
382 385
382 408
382 574
382 594
382 974
383 398
383 640
383 671
383 682
383 844
383 955
384 557
384 580
384 629
384 661
384 665
384 702
384 760
384 805
384 814
384 889
384 922
384 939
385 393
386 469
386 543
386 1019
387 404
387 420
387 632
387 658
387 811
388 395
388 462
388 494
388 506
388 614
388 626
388 629
388 636
388 649
388 664
388 717
388 879
388 950
388 1020
389 532
389 554
389 878
390 401
390 415
390 464
390 561
390 680
390 692
390 771
390 814
391 472
391 865
392 594
392 639
392 676
392 718
392 741
392 914
393 530
393 798
393 817
393 996
394 568
394 867
394 938
394 980
395 405
395 446
395 564
395 676
396 567
396 668
396 866
396 958
397 616
397 791
398 498
398 527
398 689
398 790
399 455
399 463
399 483
399 508
399 762
399 845
399 908
400 406
401 564
401 698
401 826
402 460
402 517
402 835
403 434
403 443
403 529
403 608
403 613
403 739
403 853
403 976
404 406
404 462
404 550
404 644
405 474
405 491
405 520
405 637
405 651
405 703
406 651
407 496
407 601
407 634
407 654
407 661
407 736
407 958
407 977
408 536
408 699
408 852
409 438
409 565
409 598
409 648
409 660
409 678
409 705
409 734
409 776
409 846
410 487
410 568
410 582
410 807
410 819
410 822
410 859
410 863
411 494
411 533
411 874
411 934
412 487
412 532
412 564
412 669
412 947
413 514
413 625
413 834
413 1006
414 431
414 911
414 920
415 544
415 661
415 733
416 426
416 518
416 623
416 633
416 656
416 671
416 755
417 452
417 552
417 555
417 573
417 642
417 675
418 488
418 1020
419 480
419 545
419 611
419 760
419 845
419 892
420 557
420 589
420 605
420 655
421 436
421 810
422 539
422 616
422 636
422 770
422 973
423 733
423 741
423 1011
425 603
425 655
425 939
425 953
425 1006
426 435
426 535
426 646
426 697
426 773
426 884
426 978
426 1009
427 545
427 757
427 855
428 430
428 467
428 492
428 709
428 789
429 473
429 539
429 635
429 647
429 688
429 706
429 716
429 766
429 943
430 584
430 752
430 813
430 887
430 924
430 925
431 470
431 497
431 607
431 801
431 818
431 953
432 450
432 622
432 737
432 890
432 918
432 925
433 501
433 661
434 648
434 745
435 627
435 770
436 621
436 652
436 737
436 878
437 476
437 837
437 896
437 925
437 1017
438 515
438 737
438 745
438 947
439 597
440 593
441 442
441 745
442 528
442 619
442 805
442 853
443 758
443 962
444 509
444 551
444 855
444 874
445 475
445 567
445 606
445 904
445 946
446 849
446 901
446 1004
448 669
448 734
449 526
449 619
449 702
449 724
449 880
450 487
450 870
451 604
451 737
451 758
451 829
451 1005
452 738
453 992
455 474
455 887
455 911
455 984
456 669
456 734
457 489
457 671
457 779
458 512
458 597
459 719
459 930
460 494
460 643
460 826
460 907
461 739
461 774
461 902
461 990
462 622
462 906
464 995
465 473
465 628
465 700
465 701
465 790
465 828
465 929
466 527
466 576
466 622
466 703
466 842
468 477
468 684
468 878
468 945
468 968
469 673
470 486
470 582
470 630
470 675
470 729
470 841
470 940
471 600
471 607
471 850
471 980
472 485
472 593
472 745
472 942
473 478
473 658
473 826
473 929
474 763
474 797
475 549
475 724
475 738
476 689
476 714
476 816
476 840
476 907
476 960
476 1016
478 560
478 691
478 719
478 720
478 947
479 509
479 574
479 575
479 600
479 641
479 702
480 509
480 511
480 527
480 704
481 663
481 685
481 751
481 894
482 490
482 585
483 590
483 642
483 902
484 521
484 848
484 956
485 687
485 746
486 559
486 614
486 615
486 659
486 711
486 899
487 669
487 916
488 514
488 684
488 799
488 847
489 517
489 799
489 1008
490 659
490 720
490 888
490 975
491 570
491 629
491 734
491 1015
492 754
492 755
492 986
493 556
493 639
493 756
493 770
493 819
494 705
494 781
495 527
495 546
496 503
496 561
496 771
496 831
497 720
498 751
499 548
499 656
499 660
499 1009
500 567
500 721
500 807
500 886
500 943
500 1008
501 507
501 561
502 579
502 652
502 877
502 975
502 1013
502 1018
504 547
505 675
506 553
506 773
506 780
506 986
507 677
507 795
508 557
508 673
508 733
508 738
508 890
508 903
508 927
509 541
509 703
509 1012
510 582
510 607
510 695
510 936
511 541
511 684
511 695
511 781
511 814
512 631
512 817
513 550
513 832
513 873
514 756
514 865
514 918
515 637
515 715
516 702
516 827
516 1023
517 538
519 579
519 590
519 739
519 830
520 555
520 601
520 629
520 651
520 932
521 678
521 785
522 602
522 737
522 751
522 862
523 645
524 550
524 835
525 589
525 868
525 915
526 586
526 680
527 620
527 990
528 530
528 586
528 727
528 774
529 588
529 746
530 619
530 681
530 686
530 883
530 903
530 994
531 570
531 644
531 646
531 899
531 937
531 951
532 805
532 809
532 885
533 815
534 646
535 566
535 877
535 924
536 869
536 873
536 956
537 666
538 747
538 1003
539 901
539 952
540 578
540 625
540 709
541 628
541 640
541 689
541 696
541 755
541 957
542 786
542 897
542 967
543 566
543 583
543 773
543 991
545 756
545 877
546 624
546 646
546 794
546 859
547 615
547 699
548 571
548 978
549 658
549 868
549 893
550 633
550 715
550 718
550 795
550 899
551 605
552 707
552 812
552 822
553 699
553 845
553 1007
554 807
554 829
554 850
554 954
554 1005
555 657
555 897
556 690
556 834
556 938
556 974
557 614
557 709
557 761
557 833
557 906
558 684
558 732
559 670
559 696
559 793
559 835
559 886
560 781
560 998
561 668
562 692
563 709
563 988
565 977
566 853
566 895
566 930
566 989
567 641
568 573
568 680
568 786
568 804
568 901
568 950
568 969
569 765
570 669
570 797
570 806
572 686
573 604
573 641
573 731
573 808
573 1005
574 600
574 639
574 691
574 969
574 986
575 789
575 989
576 628
577 832
577 853
578 612
578 621
578 845
578 942
578 1021
579 736
579 976
580 775
581 645
581 703
582 636
582 834
582 901
582 936
583 685
583 688
583 941
584 588
584 878
584 985
585 593
585 694
585 735
585 951
585 1002
587 942
587 979
587 1023
588 594
588 747
588 1009
589 769
589 902
590 706
590 832
590 941
591 991
592 794
593 615
593 620
593 829
593 870
595 665
595 949
595 963
596 604
596 648
598 1023
599 610
600 857
600 869
600 923
601 603
601 617
601 717
601 768
601 801
601 965
602 656
602 715
602 833
602 909
603 659
603 708
603 895
604 783
605 626
605 867
607 876
608 744
608 836
609 666
609 681
609 960
613 799
613 977
613 1003
613 1004
615 851
617 656
617 957
617 985
618 864
619 862
619 883
620 698
620 708
620 810
620 881
621 925
621 992
622 645
622 756
622 969
623 825
623 848
624 666
624 716
624 786
625 673
625 681
626 661
626 943
627 816
627 879
628 686
628 696
628 766
628 833
628 869
628 972
629 963
630 762
630 896
631 865
631 895
631 922
632 644
632 863
633 706
633 875
634 741
634 743
634 873
635 713
636 799
636 842
636 883
636 939
638 699
638 714
638 742
638 788
639 642
639 775
639 778
639 788
640 643
640 722
640 960
642 794
642 1004
643 811
643 900
644 654
644 779
644 828
644 835
646 681
646 871
646 885
647 687
647 741
647 822
647 1012
648 800
648 810
649 670
649 916
650 651
650 720
650 935
652 728
652 916
652 975
653 832
653 904
653 967
654 797
654 838
654 937
655 657
655 822
655 982
656 1013
657 723
657 764
657 906
657 1011
658 769
658 955
658 964
659 693
659 757
659 760
659 968
660 956
661 846
662 663
663 799
664 966
665 695
665 764
667 868
667 886
668 839
668 993
668 1002
669 761
669 910
669 950
669 972
670 798
670 1012
672 681
673 912
675 811
675 997
676 831
676 975
677 688
677 693
678 750
680 908
681 752
682 784
684 757
684 927
684 998
685 726
686 748
686 841
686 865
688 790
688 863
688 968
689 825
691 794
691 839
693 913
693 991
694 704
695 865
696 725
696 817
696 847
698 763
698 833
699 932
699 1001
700 737
700 739
700 981
701 783
703 766
703 851
703 1018
705 727
705 960
706 847
706 914
710 966
711 823
711 887
712 740
712 804
712 900
712 960
713 946
713 994
714 958
715 753
715 810
715 982
716 837
717 905
717 920
718 782
719 926
720 734
720 949
721 905
722 762
722 891
723 779
723 951
723 1006
724 812
727 750
727 887
729 784
729 933
729 966
731 887
731 980
732 783
732 788
732 901
732 944
732 999
734 804
734 840
735 772
735 1012
736 834
736 905
736 1013
737 774
737 792
737 802
737 841
737 866
738 993
739 990
740 967
740 987
743 933
744 762
745 921
745 927
746 841
747 917
748 792
751 793
752 954
753 824
755 961
756 827
756 960
757 786
757 790
757 842
757 969
758 825
760 810
760 962
762 801
762 1009
764 808
764 907
765 796
765 1017
767 896
768 1016
770 937
771 789
772 889
772 983
775 863
775 875
775 998
776 978
777 809
777 888
777 903
781 896
782 991
786 815
788 908
790 1002
791 1013
792 1021
793 824
795 847
798 846
801 846
801 848
806 880
806 948
807 841
808 900
809 821
811 843
811 925
811 934
813 951
815 862
815 890
815 974
815 996
816 949
818 1016
820 827
822 966
825 997
825 1022
827 965
829 900
830 943
831 834
831 905
831 992
832 931
833 875
834 848
834 988
835 902
837 885
837 888
838 965
839 852
839 871
840 919
842 891
848 1021
849 859
849 871
849 882
849 938
851 998
854 1013
855 1014
856 925
856 951
861 989
866 900
867 990
868 884
868 983
872 874
873 929
877 883
877 936
879 917
885 984
885 1018
886 928
886 975
888 982
890 987
896 1017
896 1020
898 978
904 1018
906 917
906 982
906 1018
908 970
909 919
909 941
915 945
915 983
916 952
916 1005
920 1000
921 988
923 1022
924 978
926 958
930 983
936 979
941 980
954 997
962 965
963 982
965 990
982 998
986 1010
988 997
1008 1016
1011 1021
