0 103
0 151
0 178
0 185
0 207
0 211
0 226
0 230
0 335
0 401
0 427
0 451
0 455
0 467
0 469
0 493
1 8
1 43
1 79
1 87
1 88
1 98
1 148
1 238
1 290
1 295
1 371
1 376
1 390
1 410
1 430
1 431
1 473
1 475
2 3
2 4
2 52
2 190
2 198
2 289
2 293
2 315
2 327
2 331
2 342
2 398
2 410
2 474
3 43
3 88
3 133
3 141
3 174
3 177
3 182
3 207
3 212
3 300
3 319
3 331
3 359
3 365
3 424
3 446
3 501
4 14
4 67
4 75
4 100
4 324
4 376
4 408
5 39
5 68
5 157
5 181
5 194
5 219
5 226
5 244
5 265
5 299
5 357
5 432
5 493
5 509
6 26
6 38
6 92
6 99
6 134
6 151
6 159
6 166
6 201
6 267
6 310
6 314
6 328
6 347
6 373
6 405
6 434
6 435
6 445
6 446
6 448
6 462
6 488
7 22
7 48
7 73
7 111
7 158
7 207
7 226
7 273
7 278
7 280
7 304
7 446
7 449
7 482
8 20
8 67
8 210
8 229
8 258
8 284
8 327
8 357
8 396
9 94
9 102
9 121
9 147
9 175
9 210
9 242
9 271
9 296
9 315
9 319
9 353
9 359
9 371
9 373
9 376
9 395
9 401
9 404
9 420
9 449
9 451
10 26
10 69
10 114
10 126
10 209
10 214
10 222
10 260
10 281
10 287
10 430
10 453
10 484
10 487
11 43
11 76
11 79
11 82
11 170
11 193
11 194
11 207
11 213
11 272
11 285
11 297
11 306
11 329
11 366
11 377
11 446
11 451
11 471
11 477
11 510
12 86
12 105
12 109
12 115
12 190
12 199
12 202
12 206
12 215
12 227
12 235
12 263
12 267
12 291
12 351
12 389
12 431
12 470
12 474
12 499
13 67
13 136
13 172
13 174
13 176
13 205
13 222
13 297
13 375
13 378
13 457
13 498
14 38
14 77
14 121
14 181
14 271
14 302
14 309
14 329
14 417
14 424
14 478
14 511
15 31
15 52
15 80
15 84
15 131
15 135
15 139
15 226
15 229
15 236
15 244
15 245
15 293
15 300
15 309
15 319
15 395
15 470
16 67
16 71
16 97
16 128
16 206
16 222
16 227
16 237
16 270
16 274
16 371
16 397
16 411
16 417
16 451
16 478
17 133
17 171
17 175
17 220
17 222
17 235
17 273
17 284
17 335
17 337
17 366
17 378
17 401
17 411
17 412
17 437
18 20
18 32
18 45
18 53
18 94
18 131
18 201
18 205
18 223
18 301
18 304
18 309
18 322
18 383
18 420
18 446
18 447
18 459
19 57
19 200
19 214
19 220
19 230
19 247
19 285
19 301
19 317
19 343
19 353
19 372
19 391
19 432
19 443
19 451
20 70
20 126
20 127
20 189
20 195
20 206
20 291
20 382
20 418
20 422
20 437
20 439
20 458
20 486
21 39
21 70
21 193
21 219
21 229
21 260
21 281
21 326
21 348
21 363
21 367
21 399
21 401
21 431
21 470
22 44
22 48
22 60
22 84
22 111
22 123
22 130
22 149
22 151
22 156
22 183
22 198
22 208
22 211
22 236
22 241
22 248
22 296
22 342
22 381
22 384
22 435
22 444
22 453
22 457
22 474
22 499
23 39
23 45
23 46
23 49
23 103
23 114
23 117
23 119
23 153
23 155
23 166
23 183
23 199
23 238
23 260
23 280
23 295
23 315
23 323
23 348
23 434
23 494
23 499
23 501
24 43
24 80
24 104
24 143
24 150
24 159
24 211
24 270
24 312
24 346
24 349
24 353
24 385
24 448
24 454
25 32
25 169
25 172
25 182
25 192
25 321
25 363
25 376
25 450
26 41
26 58
26 80
26 111
26 114
26 148
26 151
26 180
26 182
26 201
26 285
26 289
26 424
26 430
26 471
26 490
27 70
27 106
27 122
27 153
27 166
27 193
27 215
27 319
27 323
27 351
27 353
27 459
28 145
28 246
28 258
28 290
28 306
28 317
28 395
28 401
28 418
28 444
28 461
28 480
28 508
29 34
29 39
29 120
29 206
29 226
29 276
29 309
29 327
29 352
29 354
29 365
29 376
29 397
29 404
29 428
29 437
30 62
30 146
30 171
30 174
30 180
30 200
30 394
30 443
30 454
30 457
30 462
30 492
31 32
31 63
31 78
31 112
31 121
31 204
31 208
31 224
31 311
31 330
31 388
31 399
31 433
31 495
32 129
32 131
32 138
32 148
32 217
32 231
32 346
32 368
32 389
32 431
32 463
33 46
33 76
33 128
33 149
33 187
33 254
33 270
33 281
33 285
33 302
33 329
33 402
33 465
33 481
33 483
33 485
33 492
33 504
34 35
34 58
34 109
34 251
34 259
34 309
34 358
34 359
34 388
34 390
34 445
34 463
34 467
35 91
35 206
35 215
35 252
35 276
35 295
35 298
35 302
35 306
35 315
35 368
35 399
35 403
35 405
35 437
35 450
35 456
36 46
36 114
36 128
36 146
36 214
36 310
36 323
36 336
36 346
36 369
36 396
36 430
36 459
36 467
36 495
36 510
37 65
37 73
37 87
37 157
37 194
37 251
37 314
37 318
37 333
37 356
37 503
38 70
38 83
38 89
38 111
38 159
38 169
38 224
38 237
38 247
38 253
38 317
38 368
38 374
38 404
38 407
38 410
38 450
38 493
38 508
39 134
39 141
39 187
39 195
39 204
39 227
39 242
39 288
39 404
39 414
39 462
39 486
40 173
40 250
40 284
40 433
40 484
41 48
41 55
41 113
41 152
41 198
41 232
41 278
41 296
41 326
41 359
41 432
41 465
41 477
41 501
41 502
42 56
42 123
42 155
42 181
42 219
42 244
42 327
42 341
42 352
42 376
42 399
42 498
42 500
43 62
43 68
43 71
43 72
43 88
43 91
43 94
43 127
43 149
43 159
43 160
43 168
43 189
43 203
43 245
43 266
43 283
43 292
43 309
43 328
43 351
43 356
43 370
43 427
44 58
44 65
44 94
44 127
44 144
44 146
44 152
44 188
44 189
44 242
44 289
44 370
44 427
44 436
44 504
45 52
45 64
45 75
45 93
45 150
45 216
45 225
45 245
45 286
45 313
45 344
45 345
45 366
45 386
45 462
45 471
46 89
46 149
46 156
46 322
46 403
46 413
46 448
47 48
47 53
47 70
47 146
47 150
47 155
47 218
47 249
47 290
47 434
47 437
47 457
47 461
48 81
48 91
48 126
48 147
48 154
48 223
48 240
48 281
48 329
48 413
48 452
48 474
48 489
49 112
49 145
49 164
49 168
49 185
49 190
49 191
49 204
49 279
49 322
49 349
49 375
49 424
49 444
50 104
50 108
50 148
50 162
50 196
50 200
50 274
50 335
50 347
50 375
50 424
51 53
51 54
51 61
51 98
51 115
51 145
51 184
51 234
51 260
51 305
51 337
51 363
51 391
51 441
51 472
51 497
52 74
52 77
52 97
52 190
52 283
52 294
52 301
52 332
52 375
52 491
53 111
53 139
53 168
53 180
53 183
53 220
53 247
53 262
53 295
53 297
53 313
53 425
53 442
53 477
53 491
53 501
54 69
54 102
54 155
54 176
54 199
54 212
54 323
54 351
54 352
54 411
54 417
54 421
54 431
54 436
54 457
55 59
55 70
55 72
55 115
55 208
55 209
55 233
55 276
55 282
55 293
55 325
55 328
55 373
55 380
55 382
55 387
55 404
55 422
56 79
56 118
56 205
56 219
56 227
56 229
56 241
56 254
56 278
56 303
56 310
56 343
56 401
56 415
56 421
56 441
56 466
56 479
56 499
56 506
57 64
57 78
57 92
57 117
57 194
57 254
57 259
57 271
57 298
57 304
57 317
57 318
57 369
57 388
57 419
57 421
58 129
58 158
58 189
58 239
58 257
58 295
58 343
58 392
58 408
58 427
58 455
58 470
58 478
59 62
59 63
59 198
59 199
59 212
59 215
59 273
59 341
59 390
59 414
59 469
59 498
60 64
60 110
60 117
60 136
60 159
60 208
60 237
60 257
60 308
60 347
60 349
60 378
60 400
60 414
60 431
60 437
60 444
61 116
61 136
61 140
61 148
61 156
61 180
61 228
61 252
61 328
61 360
61 414
61 449
61 459
61 460
62 92
62 105
62 127
62 130
62 167
62 197
62 336
62 362
62 374
62 392
62 397
62 407
62 423
62 467
62 481
62 505
63 80
63 98
63 112
63 246
63 262
63 309
63 323
63 344
63 426
63 436
63 482
63 490
64 79
64 80
64 170
64 246
64 251
64 356
64 372
64 433
64 434
64 450
64 454
64 461
64 462
65 141
65 187
65 203
65 208
65 279
65 314
65 324
65 341
65 363
65 407
65 430
65 438
65 464
65 493
66 71
66 84
66 85
66 120
66 200
66 220
66 254
66 265
66 281
66 285
66 309
66 345
66 384
66 394
66 408
66 447
66 472
67 96
67 120
67 122
67 138
67 156
67 204
67 262
67 264
67 351
67 368
67 399
67 429
67 436
67 456
67 462
67 476
67 479
67 505
68 75
68 77
68 98
68 132
68 143
68 163
68 168
68 198
68 261
68 349
68 354
68 385
68 395
68 409
68 445
68 454
68 458
68 470
68 503
68 510
69 100
69 101
69 111
69 144
69 155
69 167
69 191
69 256
69 373
69 389
69 394
69 454
69 471
69 484
69 489
69 496
69 504
70 155
70 227
70 242
70 275
70 298
70 324
70 391
70 412
70 433
70 476
70 483
70 497
71 96
71 106
71 160
71 201
71 229
71 244
71 311
71 343
71 405
71 422
71 463
71 464
71 490
71 500
71 507
72 118
72 205
72 226
72 282
72 350
72 360
72 383
72 396
72 417
72 508
73 81
73 189
73 194
73 250
73 296
73 329
73 361
73 434
73 460
73 506
74 156
74 158
74 201
74 276
74 277
74 336
74 362
74 474
74 501
75 87
75 89
75 113
75 190
75 207
75 234
75 339
75 349
75 394
75 453
76 77
76 133
76 162
76 233
76 386
76 392
76 417
76 431
76 448
76 461
76 500
77 92
77 126
77 182
77 200
77 250
77 255
77 272
77 292
77 303
77 361
77 402
77 416
77 428
77 440
77 468
77 505
78 79
78 203
78 213
78 255
78 269
78 277
78 339
78 359
78 364
78 370
78 399
78 415
78 499
79 80
79 92
79 122
79 135
79 142
79 151
79 206
79 260
79 321
79 334
79 338
79 373
79 440
79 448
79 454
79 470
79 471
79 491
80 120
80 122
80 128
80 209
80 257
80 273
80 297
80 307
80 384
80 387
80 416
80 455
80 505
81 102
81 108
81 113
81 181
81 229
81 247
81 254
81 258
81 285
81 374
81 436
81 439
81 454
81 459
81 509
82 94
82 103
82 125
82 157
82 227
82 241
82 258
82 266
82 280
82 282
82 341
82 373
82 428
82 453
83 105
83 114
83 122
83 135
83 192
83 263
83 310
83 314
83 320
83 325
83 418
83 430
84 110
84 116
84 157
84 166
84 210
84 230
84 253
84 321
84 451
84 509
85 110
85 163
85 192
85 232
85 292
85 303
85 343
85 344
85 361
85 405
85 415
85 493
86 88
86 93
86 119
86 151
86 156
86 189
86 203
86 219
86 260
86 276
86 308
86 312
86 455
86 458
86 467
86 470
86 480
86 481
86 488
87 102
87 122
87 136
87 144
87 166
87 187
87 199
87 221
87 275
87 290
87 400
87 474
87 510
88 93
88 115
88 141
88 158
88 181
88 208
88 221
88 299
88 342
88 415
88 447
88 506
88 508
89 190
89 216
89 233
89 334
89 353
89 371
89 399
89 402
89 461
89 497
90 129
90 137
90 175
90 178
90 214
90 345
90 355
90 406
90 424
90 455
90 491
91 94
91 117
91 148
91 161
91 196
91 241
91 247
91 260
91 261
91 274
91 320
91 375
91 378
91 382
91 402
91 473
91 485
91 501
92 102
92 106
92 146
92 156
92 174
92 185
92 219
92 255
92 269
92 284
92 353
92 419
92 438
92 451
92 457
92 480
92 492
93 97
93 104
93 134
93 147
93 161
93 173
93 179
93 197
93 199
93 270
93 311
93 327
93 330
93 351
93 400
93 401
93 405
93 429
93 491
93 504
94 113
94 135
94 174
94 184
94 214
94 218
94 222
94 252
94 291
94 335
94 351
94 362
94 382
94 456
94 467
94 472
95 103
95 172
95 178
95 197
95 220
95 235
95 283
95 318
95 343
95 354
95 422
95 424
95 482
96 111
96 140
96 171
96 203
96 234
96 271
96 306
96 313
96 330
96 333
96 377
96 386
96 409
96 427
96 434
96 460
96 484
97 203
97 222
97 227
97 279
97 294
97 312
97 395
97 399
97 455
97 462
97 464
97 479
97 493
98 108
98 112
98 134
98 164
98 176
98 177
98 185
98 204
98 211
98 238
98 354
98 361
98 490
98 491
98 510
99 120
99 152
99 161
99 181
99 184
99 206
99 341
99 392
99 395
99 445
99 482
99 499
100 135
100 138
100 139
100 143
100 156
100 160
100 184
100 217
100 256
100 258
100 346
100 370
100 383
100 477
100 497
100 499
101 161
101 168
101 170
101 200
101 284
101 328
101 380
101 446
101 492
101 497
101 503
102 121
102 175
102 209
102 231
102 240
102 252
102 279
102 291
102 316
102 334
102 443
102 483
103 114
103 119
103 128
103 130
103 144
103 240
103 261
103 265
103 316
103 333
103 509
104 185
104 187
104 293
104 314
104 375
104 399
104 411
104 427
104 434
104 473
104 497
104 509
105 138
105 165
105 266
105 317
105 377
105 433
105 465
106 143
106 146
106 195
106 198
106 337
106 348
106 351
106 385
106 391
106 392
106 463
106 491
107 190
107 229
107 283
107 306
107 318
107 334
107 367
107 410
107 414
107 426
107 442
107 448
108 127
108 212
108 220
108 229
108 251
108 471
109 238
109 292
109 323
109 324
109 332
109 376
109 397
109 404
109 445
109 464
109 471
109 485
109 504
110 128
110 148
110 235
110 306
111 127
111 147
111 178
111 260
111 268
111 315
111 372
111 430
111 472
111 509
112 136
112 156
112 165
112 212
112 312
112 339
112 353
112 357
112 411
112 447
112 465
112 474
113 129
113 149
113 216
113 328
113 348
113 354
113 449
113 450
113 483
114 118
114 125
114 144
114 162
114 242
114 243
114 250
114 271
114 347
114 388
114 443
114 448
114 468
114 472
115 149
115 163
115 185
115 194
115 200
115 286
115 320
115 334
115 354
115 367
115 448
115 450
115 460
115 486
116 161
116 185
116 190
116 247
116 312
116 321
116 332
116 373
116 404
117 146
117 176
117 182
117 199
117 208
117 241
117 274
117 275
117 276
117 279
117 302
117 388
117 406
117 413
117 480
117 485
117 502
118 160
118 183
118 187
118 233
118 421
118 424
118 432
119 125
119 161
119 254
119 352
119 372
119 378
119 423
119 449
119 464
120 254
120 257
120 276
120 307
120 483
120 503
121 142
121 195
121 212
121 221
121 265
121 345
121 511
122 197
122 231
122 248
122 265
122 273
122 301
122 318
122 353
122 393
122 430
122 462
122 470
122 493
123 142
123 150
123 159
123 277
123 281
123 283
123 290
123 299
123 360
123 395
123 445
123 454
124 145
124 151
124 183
124 184
124 213
124 221
124 224
124 283
124 284
124 331
124 467
124 468
125 141
125 143
125 220
125 314
125 332
125 347
125 403
125 407
126 129
126 212
126 225
126 240
126 248
126 260
126 271
126 335
126 337
126 343
126 370
126 416
126 451
126 460
126 462
126 495
127 129
127 200
127 233
127 268
127 276
127 280
127 286
127 359
127 381
127 384
127 402
127 414
127 479
127 488
127 501
128 150
128 153
128 161
128 172
128 177
128 199
128 214
128 215
128 244
128 270
128 309
128 360
128 384
128 403
128 414
128 438
128 444
128 481
128 502
129 137
129 161
129 188
129 205
129 252
129 266
129 279
129 309
129 333
129 363
129 452
129 461
129 487
129 496
129 497
130 155
130 224
130 258
130 347
130 413
130 417
130 421
130 433
130 463
130 473
130 477
130 485
130 508
131 145
131 189
131 201
131 212
131 218
131 263
131 266
131 289
131 312
131 328
131 331
131 336
131 369
131 397
131 424
131 425
131 446
131 477
131 487
131 503
132 197
132 205
132 209
132 267
132 294
132 325
132 356
132 367
132 401
132 435
132 477
132 480
132 505
133 150
133 156
133 157
133 161
133 264
133 280
133 306
133 333
133 379
133 419
133 451
133 473
133 486
134 138
134 160
134 188
134 192
134 195
134 235
134 241
134 277
134 303
134 341
134 350
134 351
134 395
134 405
134 477
134 478
135 162
135 183
135 240
135 258
135 415
135 503
135 509
136 152
136 216
136 282
136 385
136 426
136 429
136 455
136 492
136 508
137 211
137 242
137 243
137 270
137 317
137 318
137 399
137 431
137 432
137 437
137 467
137 505
138 139
138 209
138 233
138 274
138 294
138 302
138 331
138 345
138 349
138 375
138 426
139 142
139 146
139 169
139 191
139 202
139 246
139 248
139 274
139 276
139 298
139 308
139 322
139 361
139 366
139 379
139 385
139 393
139 400
139 413
139 450
139 477
139 493
139 502
139 508
140 142
140 159
140 173
140 184
140 223
140 245
140 263
140 282
140 304
140 370
140 381
140 390
140 432
140 437
140 473
140 474
140 508
141 356
141 424
141 460
141 467
141 475
142 166
142 176
142 180
142 248
142 259
142 291
142 299
142 313
142 384
142 405
142 441
142 474
143 184
143 193
143 214
143 242
143 247
143 256
143 293
143 322
143 345
143 347
143 356
143 384
143 447
143 448
143 461
143 470
143 494
143 501
144 164
144 172
144 181
144 183
144 184
144 192
144 203
144 205
144 269
144 332
144 346
144 347
144 386
144 410
144 446
144 450
144 469
144 473
144 505
145 154
145 165
145 172
145 181
145 242
145 260
145 279
145 292
145 419
145 423
145 462
146 177
146 240
146 267
146 413
146 424
146 432
146 463
146 478
146 482
146 495
147 164
147 178
147 224
147 257
147 286
147 289
147 296
147 299
147 383
147 394
147 396
147 397
147 417
147 469
148 173
148 176
148 205
148 217
148 221
148 268
148 336
148 371
148 390
148 402
148 416
148 503
149 160
149 163
149 184
149 210
149 219
149 323
149 337
149 353
149 371
149 380
149 401
149 428
149 431
149 436
149 478
149 510
150 183
150 187
150 220
150 262
150 296
150 302
150 316
150 377
150 393
150 406
151 173
151 193
151 205
151 210
151 371
151 421
151 424
151 454
151 490
151 502
152 162
152 257
152 272
152 276
152 335
152 358
152 386
152 427
152 430
152 450
152 458
152 478
152 490
152 505
152 511
153 197
153 220
153 229
153 264
153 303
153 313
153 319
153 325
153 327
153 345
153 399
153 455
153 485
154 189
154 201
154 225
154 285
154 341
154 358
154 368
154 393
154 448
155 172
155 191
155 196
155 289
155 312
155 331
155 418
155 426
155 478
155 486
156 198
156 209
156 268
156 274
156 354
156 368
156 431
156 459
156 473
156 498
156 501
157 222
157 234
157 249
157 314
157 342
157 376
157 434
157 435
157 439
157 503
158 165
158 203
158 262
158 275
158 290
158 296
158 323
158 338
158 341
158 376
158 379
158 425
158 430
158 440
159 160
159 162
159 191
159 203
159 212
159 246
159 272
159 292
159 341
159 354
159 359
159 363
159 428
160 269
160 309
160 330
160 342
160 428
160 447
160 480
160 488
161 200
161 203
161 222
161 263
161 283
161 295
161 304
161 312
161 319
161 323
161 327
161 365
161 372
161 400
161 449
161 452
161 466
161 472
161 477
161 481
161 501
161 509
162 189
162 201
162 243
162 259
162 295
162 309
162 311
162 322
162 365
162 433
162 449
163 170
163 206
163 305
163 343
163 404
163 419
163 428
163 437
163 452
163 482
163 500
164 169
164 236
164 302
164 318
164 368
164 370
164 399
164 400
164 409
164 451
165 176
165 194
165 209
165 219
165 249
165 270
165 278
165 288
165 308
165 374
165 430
165 463
166 206
166 214
166 222
166 248
166 269
166 296
166 302
166 314
166 345
166 352
166 362
166 373
166 430
167 176
167 180
167 246
167 316
167 373
167 406
167 418
167 477
168 323
168 369
168 379
168 473
169 203
169 215
169 252
169 268
169 271
169 281
169 310
169 321
169 333
169 353
169 403
169 427
169 447
169 481
169 503
169 504
169 510
170 189
170 193
170 194
170 199
170 252
170 256
170 265
170 286
170 338
170 413
170 468
170 470
170 489
171 210
171 315
171 383
171 397
171 410
171 412
171 467
171 492
171 498
171 501
171 502
172 175
172 180
172 241
172 280
172 315
172 356
172 408
172 418
172 438
172 464
172 473
173 184
173 191
173 241
173 242
173 263
173 351
173 369
173 399
173 431
173 433
173 444
173 459
174 242
174 249
174 282
174 321
174 335
174 358
174 369
174 392
174 421
174 444
174 465
174 499
175 214
175 238
175 248
175 252
175 258
175 304
175 351
175 362
175 404
175 409
175 419
175 469
176 208
176 249
176 362
176 394
176 404
176 430
176 439
176 470
177 188
177 327
177 373
177 381
177 450
178 226
178 245
178 259
178 287
178 297
178 305
178 307
178 319
178 333
178 354
178 380
178 385
178 406
178 422
178 506
178 507
179 182
179 205
179 228
179 245
179 287
179 309
179 315
179 378
179 422
180 235
180 282
180 318
180 328
180 331
180 349
180 352
180 377
180 414
181 206
181 221
181 225
181 310
181 314
181 342
181 383
181 472
181 505
182 229
182 249
182 257
182 266
182 303
182 319
182 361
182 415
182 498
183 236
183 249
183 325
183 339
183 415
183 484
184 198
184 210
184 273
184 293
184 361
184 417
184 488
184 500
185 207
185 284
185 305
185 320
185 325
185 344
185 365
185 371
185 459
185 469
185 481
185 507
186 278
186 298
186 316
186 331
186 332
186 356
186 440
186 441
186 486
186 497
187 221
187 224
187 247
187 278
187 311
187 348
187 384
187 397
187 412
187 445
187 502
188 190
188 218
188 316
188 326
188 381
188 397
188 424
188 433
188 470
188 473
188 482
189 238
189 305
189 333
189 339
189 437
189 444
189 463
189 465
189 490
190 192
190 234
190 256
190 304
190 394
190 398
190 409
190 456
190 485
190 498
191 204
191 208
191 249
191 279
191 302
191 317
191 322
191 351
191 379
191 386
191 396
191 420
191 421
191 457
191 460
192 226
192 251
192 255
192 271
192 330
192 354
192 359
192 395
192 402
192 426
192 474
192 509
193 209
193 245
193 270
193 289
193 300
193 351
193 378
193 400
193 413
193 493
193 508
194 225
194 267
194 395
194 398
194 401
194 492
195 210
195 293
195 319
195 337
195 405
195 413
195 438
196 217
196 244
196 267
196 280
196 299
196 319
196 358
196 430
196 446
196 470
196 476
197 215
197 250
197 347
197 359
197 432
197 456
197 483
197 506
198 200
198 218
198 354
198 367
198 490
199 212
199 227
199 230
199 262
199 289
199 301
199 346
199 350
199 414
199 421
199 447
199 473
199 498
199 505
200 225
200 230
200 280
200 296
200 303
200 344
200 352
200 362
200 453
200 457
200 484
201 251
201 306
201 310
201 324
201 341
201 436
201 445
201 446
201 450
201 472
201 473
202 241
202 274
202 298
202 323
202 325
202 356
202 360
202 404
202 441
202 465
202 476
203 261
203 330
203 359
203 489
203 490
203 503
204 240
204 288
204 289
204 342
204 364
204 370
204 438
204 444
205 225
205 249
205 297
205 302
205 317
205 368
205 386
205 423
206 207
206 257
206 308
206 312
206 324
206 414
206 466
206 481
206 489
207 226
207 228
207 232
207 307
207 313
207 319
207 364
207 367
207 369
207 421
207 446
207 462
207 467
207 495
208 233
208 244
208 263
208 302
208 326
208 333
208 335
208 353
208 376
208 398
208 411
208 432
208 440
208 451
208 474
208 501
209 217
209 220
209 330
209 368
209 424
209 456
210 228
210 229
210 251
210 292
210 338
210 349
210 379
210 393
210 463
210 478
210 483
211 250
211 300
211 307
211 355
211 357
211 384
211 398
211 443
211 458
212 216
212 245
212 268
212 270
212 311
212 321
212 373
212 381
212 418
212 442
212 444
212 465
212 469
213 220
213 241
213 295
213 336
213 344
213 379
213 388
213 421
213 447
213 454
213 464
214 230
214 264
214 313
214 325
214 404
214 413
214 423
214 426
214 443
214 452
214 474
215 246
215 251
215 273
215 277
215 293
215 295
215 342
215 352
215 354
215 365
215 387
215 393
215 397
215 398
215 435
216 217
216 223
216 295
216 319
216 327
216 350
216 359
216 384
216 391
216 393
216 403
216 409
216 450
216 489
217 230
217 237
217 247
217 261
217 300
217 383
217 386
217 407
217 418
217 462
217 497
218 252
218 260
218 297
218 320
218 342
218 344
218 356
218 367
218 450
218 474
219 228
219 248
219 263
219 270
219 352
219 357
219 419
219 446
219 457
219 465
219 498
220 232
220 236
220 249
220 284
220 314
220 350
220 357
220 404
220 437
221 228
221 246
221 251
221 261
221 272
221 320
221 382
221 383
221 408
221 468
221 501
222 252
222 255
222 307
222 311
222 367
222 369
222 381
222 395
222 438
222 443
222 470
222 481
222 488
222 492
223 234
223 237
223 245
223 282
223 321
223 379
223 380
223 398
223 431
223 437
223 469
224 289
224 306
224 346
224 347
224 380
224 435
224 449
224 465
225 274
225 278
225 301
225 352
225 373
225 444
225 510
226 275
226 367
226 439
227 241
227 245
227 260
227 344
227 346
227 370
227 382
227 488
228 299
228 341
228 412
229 281
229 317
229 382
229 442
229 459
229 473
229 492
230 235
230 245
230 281
230 284
230 293
230 342
230 357
230 449
230 450
230 488
230 504
231 244
231 322
231 353
231 388
231 443
231 500
231 503
232 292
232 375
232 465
232 497
232 502
233 281
233 284
233 325
233 399
233 416
233 440
233 454
233 464
234 257
234 265
234 313
234 350
234 367
234 383
234 393
234 445
235 302
235 314
235 325
235 369
235 406
235 407
235 411
235 433
235 444
235 469
235 474
235 479
236 237
236 279
236 285
236 295
236 304
236 346
236 367
236 421
236 434
236 441
236 442
236 510
237 247
237 275
237 314
237 359
237 385
237 389
237 431
237 491
238 314
238 324
238 358
238 372
238 442
238 445
238 460
238 497
239 261
239 334
239 414
239 426
239 427
239 473
239 502
240 309
240 340
240 397
240 402
240 404
240 428
240 433
240 462
241 289
241 310
241 314
241 324
241 378
241 415
241 444
241 457
241 461
241 475
242 259
242 318
242 324
242 348
242 371
242 372
242 389
242 410
243 261
243 263
243 268
243 271
243 286
243 312
243 355
243 384
243 404
243 415
244 252
244 257
244 272
244 323
244 325
244 336
244 345
244 367
244 390
244 405
244 469
244 483
244 495
245 252
245 279
245 330
245 406
245 439
245 453
245 481
245 492
246 254
246 276
246 290
246 293
246 319
246 331
246 401
246 460
246 479
247 286
247 294
247 298
247 299
247 351
247 358
247 426
247 472
248 285
248 298
248 303
248 351
248 372
248 398
248 421
248 423
248 465
248 471
248 504
249 263
249 279
249 309
249 406
249 470
249 485
250 289
250 314
250 344
250 353
250 420
250 471
250 489
250 501
251 262
251 273
251 290
251 300
251 378
251 414
251 475
252 256
252 275
252 323
252 375
252 384
252 443
252 459
252 460
252 494
252 505
253 340
253 409
253 479
254 260
254 261
254 272
254 308
254 331
254 350
254 375
254 387
254 399
254 443
254 472
254 502
255 263
255 267
255 297
255 298
255 418
255 448
256 292
256 298
256 304
256 314
256 316
256 437
256 441
257 326
257 355
257 384
257 401
257 447
258 260
258 462
258 466
258 474
258 482
259 294
259 295
259 346
259 397
259 489
259 496
259 497
259 499
260 268
260 269
260 339
260 349
260 395
260 419
260 462
260 488
261 326
261 428
261 443
261 469
261 479
261 486
261 487
261 491
261 499
262 322
262 337
262 474
263 271
263 272
263 361
263 366
263 373
263 392
263 452
263 482
264 419
264 437
264 456
264 495
264 507
265 364
265 412
265 452
265 459
265 465
265 495
266 291
266 317
266 350
266 353
266 483
266 488
266 509
267 277
267 361
267 390
267 395
267 442
267 444
267 471
267 508
268 284
268 314
268 348
268 365
268 452
268 473
268 479
269 296
269 310
269 338
269 369
269 376
269 405
269 424
270 291
270 323
270 325
270 379
270 402
271 304
271 306
271 328
271 350
271 353
271 397
271 413
271 443
271 450
271 489
271 490
272 274
272 321
272 329
272 351
272 379
272 395
272 472
273 304
273 318
273 329
273 389
273 416
273 431
273 476
274 311
274 351
274 365
274 366
274 430
274 441
274 462
274 501
275 338
275 345
275 354
275 379
275 381
275 389
276 295
276 382
276 431
276 473
277 423
277 448
277 456
277 476
277 507
278 291
278 311
278 382
278 392
278 409
278 482
278 483
278 508
279 280
279 298
279 378
279 383
279 409
279 477
279 490
280 307
280 342
280 374
280 383
280 390
280 443
280 444
280 460
280 503
280 505
281 295
281 302
281 316
281 335
281 383
281 412
282 291
282 305
282 345
282 352
282 384
282 404
282 496
282 497
283 299
283 306
283 343
283 431
283 472
283 474
283 508
284 293
284 319
284 395
284 398
284 448
284 510
285 296
285 319
285 346
285 357
285 367
285 373
285 376
285 388
285 442
285 448
285 465
285 481
286 314
286 335
286 409
286 467
286 475
287 333
287 347
287 368
287 378
287 404
287 453
287 475
287 486
287 489
288 289
288 375
288 389
288 398
288 443
288 447
288 480
288 504
289 320
289 336
289 357
289 361
289 373
289 379
289 465
289 478
290 300
290 330
290 372
290 375
290 401
290 477
290 484
291 323
291 329
291 364
291 398
291 405
291 416
291 496
292 315
292 406
292 443
292 467
292 472
292 477
293 297
293 312
293 342
293 344
293 396
293 407
293 427
293 471
293 493
294 330
294 345
294 388
294 440
294 472
295 305
295 316
295 325
295 347
295 370
295 385
295 402
295 417
295 444
295 458
296 305
296 310
296 338
296 350
296 351
296 357
296 408
296 410
296 457
296 463
297 315
297 334
297 336
297 348
297 352
297 365
297 399
297 476
297 501
298 342
298 358
298 381
298 383
298 418
298 424
298 431
298 458
298 484
298 509
299 314
299 341
299 360
299 364
299 416
299 437
299 488
299 511
300 372
300 383
300 428
300 498
300 502
301 323
301 331
301 337
301 366
301 435
301 444
301 445
301 471
301 494
302 320
302 329
302 331
302 417
302 427
302 474
303 322
303 399
303 423
303 438
304 332
304 363
304 365
304 445
304 456
304 491
305 339
305 401
305 419
305 437
306 369
306 421
306 423
306 431
306 490
306 498
307 327
307 346
307 360
307 369
307 371
307 376
307 407
307 445
307 477
307 488
307 511
308 340
308 358
308 369
308 374
308 379
308 420
308 425
308 442
308 510
309 320
309 337
309 348
309 375
309 384
309 388
309 467
310 323
310 382
310 426
310 460
311 353
311 379
311 429
311 449
311 483
311 495
312 334
312 388
312 404
312 463
313 315
313 335
313 358
313 359
313 377
313 383
313 393
313 414
313 419
313 446
313 502
314 319
314 382
314 409
314 419
314 441
314 467
315 353
315 362
315 405
316 326
316 377
316 388
316 448
316 471
316 473
316 510
317 364
317 365
317 373
317 392
317 399
317 418
317 459
317 476
317 483
317 487
317 500
317 506
318 372
318 380
318 383
318 384
318 410
318 429
318 461
318 506
319 325
319 331
319 347
319 370
319 384
319 416
319 419
319 493
319 495
320 334
320 350
320 369
320 387
320 388
320 413
320 469
320 484
321 341
321 350
321 353
321 373
321 397
321 419
321 454
321 458
322 339
322 385
322 409
322 426
322 427
322 438
322 480
322 483
322 509
323 336
323 391
323 425
323 442
323 449
323 459
323 505
324 352
324 413
324 477
324 491
324 495
325 397
325 478
325 483
326 367
326 413
326 430
327 365
327 407
327 464
327 466
327 484
328 384
328 409
328 429
328 431
328 443
328 445
329 399
329 401
329 436
329 510
330 367
330 376
330 451
331 364
331 381
331 401
331 402
331 467
332 335
332 341
332 366
332 368
332 389
332 395
332 396
332 422
332 424
333 337
333 341
333 410
333 482
334 355
334 426
334 455
334 478
334 487
334 511
335 346
335 376
335 377
335 394
335 407
335 465
335 491
336 346
336 388
336 488
337 351
337 352
337 375
337 379
337 384
337 390
337 406
337 447
337 502
337 503
337 507
338 348
338 367
338 396
338 435
338 488
339 367
339 383
339 390
339 406
339 484
339 489
340 348
340 354
340 419
340 430
340 485
340 497
341 352
341 364
341 454
342 352
342 396
342 446
342 450
342 496
342 503
343 394
343 402
343 495
344 406
344 431
344 449
344 502
344 503
345 380
345 395
345 428
345 433
345 453
345 491
345 496
346 351
346 352
346 361
346 413
346 425
346 446
346 451
346 479
346 483
347 420
347 434
347 477
347 481
347 491
347 505
348 426
348 482
348 503
349 444
349 452
349 466
349 502
350 361
350 457
351 363
351 379
351 409
351 430
351 435
351 496
351 510
352 449
352 492
352 505
352 506
353 354
353 407
353 441
353 458
353 480
353 506
354 439
354 494
355 360
355 370
355 381
355 416
355 430
356 423
356 430
356 431
356 436
357 380
357 391
357 444
357 452
358 360
358 409
358 417
358 437
358 485
359 372
359 378
359 411
359 461
360 377
360 388
360 410
360 417
360 490
360 502
361 427
361 463
361 484
361 490
362 397
362 439
362 461
362 474
362 489
363 421
363 440
363 459
363 502
364 372
364 380
364 456
365 383
365 486
366 382
366 414
366 431
366 465
366 493
367 400
367 401
367 435
367 439
367 457
368 442
368 447
368 454
368 459
368 469
369 438
369 446
369 477
369 492
369 509
370 407
370 433
370 437
370 453
370 455
370 456
370 472
371 372
371 375
371 423
371 430
371 441
371 463
371 466
371 473
373 433
373 435
373 495
374 388
374 501
375 397
375 427
375 450
375 460
375 471
375 486
375 490
376 454
376 466
376 502
377 431
377 451
377 475
377 482
378 384
378 400
378 428
379 382
379 428
379 442
379 473
379 507
379 511
380 383
380 396
380 411
380 431
380 448
380 477
381 407
381 413
381 418
381 458
381 470
381 497
382 402
382 413
382 416
382 450
382 484
382 493
383 454
383 455
383 500
384 401
384 420
384 508
385 480
386 406
386 454
386 506
386 508
388 474
389 401
389 500
390 503
391 398
391 403
391 421
391 431
391 470
392 437
392 443
392 444
392 454
392 456
392 493
393 424
394 436
394 477
394 480
394 511
395 403
395 422
395 457
395 465
395 502
396 415
396 444
396 490
396 499
397 425
397 446
397 501
398 434
398 440
398 480
398 493
398 501
399 404
399 509
400 408
400 418
400 426
400 448
400 452
400 454
401 411
401 423
401 460
401 482
401 495
401 502
401 511
402 419
402 426
402 447
402 489
402 507
403 454
403 468
404 419
404 464
404 471
405 408
405 411
405 441
405 449
405 456
405 490
406 419
406 449
406 467
406 486
407 416
407 426
407 443
407 464
407 502
408 417
408 421
408 454
409 430
409 456
409 464
409 506
410 465
410 490
410 493
410 498
411 429
411 456
411 484
411 499
412 466
413 496
413 506
414 420
414 483
415 429
415 432
415 476
415 490
415 504
416 418
416 429
416 431
416 461
416 486
417 434
417 443
417 481
418 425
419 495
420 461
420 493
421 461
421 492
421 497
422 437
422 460
422 500
423 437
423 494
423 508
423 509
424 437
424 497
424 505
425 485
425 498
425 506
426 446
426 459
427 485
428 434
428 484
428 499
429 435
429 445
429 482
430 474
430 494
431 444
431 457
431 487
431 500
432 437
432 447
432 461
432 489
432 502
433 492
433 497
434 466
434 502
435 471
435 485
436 441
436 461
436 470
436 488
436 505
437 442
437 451
438 456
439 471
440 446
440 482
441 488
441 493
442 450
442 470
442 498
443 451
444 484
445 453
445 483
447 506
448 477
449 459
449 467
449 477
449 480
449 481
450 463
451 455
451 471
451 480
451 494
451 499
452 482
452 487
453 471
453 475
453 501
453 503
454 473
455 485
456 457
456 473
456 499
456 501
457 470
457 498
458 471
459 487
460 502
461 470
462 480
463 466
464 473
465 469
466 467
466 491
467 487
468 481
469 484
469 501
469 508
470 480
473 504
473 509
474 482
474 489
474 498
476 484
476 487
476 506
477 508
478 500
478 510
479 487
479 508
480 487
480 503
480 509
481 482
481 505
482 488
483 510
484 488
485 493
485 503
487 490
488 498
489 500
490 505
495 496
495 498
495 500
497 508
498 505
500 507
501 502
501 505
501 507
