0 9
0 12
0 13
0 29
0 45
0 46
0 80
0 120
0 132
0 225
0 257
0 338
0 389
0 446
0 473
0 506
1 9
1 10
1 11
1 13
1 14
1 15
1 16
1 18
1 19
1 20
1 21
1 23
1 24
1 26
1 29
1 32
1 38
1 40
1 41
1 42
1 44
1 45
1 46
1 48
1 57
1 64
1 67
1 79
1 83
1 90
1 105
1 116
1 117
1 121
1 124
1 125
1 150
1 154
1 163
1 171
1 180
1 187
1 197
1 204
1 227
1 239
1 273
1 300
1 307
1 336
1 337
1 342
1 346
1 357
1 360
1 383
1 442
1 469
2 9
2 10
2 12
2 15
2 16
2 18
2 19
2 21
2 37
2 48
2 51
2 53
2 60
2 63
2 71
2 74
2 78
2 82
2 92
2 93
2 100
2 137
2 173
2 175
2 198
2 212
2 228
2 236
2 259
2 262
2 269
2 276
2 277
2 309
2 318
2 324
2 340
2 354
2 382
2 407
2 458
2 479
2 493
3 9
3 10
3 11
3 12
3 13
3 14
3 15
3 23
3 24
3 26
3 28
3 30
3 35
3 36
3 37
3 38
3 55
3 56
3 59
3 84
3 89
3 92
3 93
3 96
3 105
3 119
3 136
3 144
3 165
3 184
3 199
3 201
3 207
3 218
3 240
3 242
3 281
3 298
3 301
3 306
3 323
3 326
3 329
3 339
3 373
3 375
3 441
3 447
3 459
3 480
3 488
3 496
3 498
3 506
3 509
4 9
4 10
4 11
4 12
4 15
4 16
4 17
4 20
4 21
4 25
4 26
4 31
4 32
4 42
4 43
4 50
4 79
4 93
4 101
4 107
4 110
4 113
4 175
4 192
4 203
4 212
4 219
4 224
4 226
4 229
4 238
4 247
4 249
4 252
4 261
4 265
4 279
4 301
4 316
4 322
4 330
4 353
4 359
4 384
4 401
4 418
4 428
4 430
4 438
4 444
4 450
4 496
5 9
5 10
5 11
5 12
5 13
5 14
5 16
5 18
5 20
5 22
5 24
5 29
5 31
5 43
5 56
5 57
5 64
5 65
5 67
5 77
5 80
5 81
5 88
5 93
5 95
5 101
5 107
5 113
5 120
5 132
5 139
5 159
5 160
5 163
5 165
5 166
5 168
5 182
5 184
5 208
5 209
5 223
5 231
5 232
5 236
5 239
5 243
5 254
5 256
5 263
5 270
5 287
5 297
5 317
5 324
5 355
5 356
5 365
5 394
5 396
5 402
5 406
5 418
5 434
5 439
5 442
5 456
5 457
5 462
5 466
5 467
5 495
5 500
5 501
6 9
6 10
6 11
6 12
6 13
6 14
6 15
6 17
6 19
6 21
6 31
6 33
6 38
6 39
6 42
6 50
6 54
6 56
6 57
6 61
6 62
6 69
6 104
6 106
6 108
6 129
6 171
6 182
6 185
6 198
6 203
6 206
6 209
6 213
6 218
6 225
6 278
6 292
6 304
6 342
6 406
6 411
6 418
6 421
6 459
6 461
6 470
6 482
6 496
6 500
7 9
7 10
7 11
7 15
7 20
7 23
7 24
7 31
7 36
7 44
7 49
7 56
7 63
7 66
7 72
7 93
7 121
7 149
7 167
7 193
7 207
7 212
7 220
7 225
7 241
7 255
7 280
7 296
7 329
7 344
7 358
7 388
7 393
7 472
7 507
8 9
8 10
8 11
8 16
8 17
8 19
8 21
8 24
8 25
8 35
8 43
8 46
8 47
8 48
8 52
8 63
8 64
8 65
8 67
8 69
8 70
8 86
8 87
8 88
8 103
8 104
8 108
8 110
8 111
8 116
8 122
8 125
8 128
8 133
8 138
8 141
8 145
8 146
8 149
8 150
8 156
8 158
8 162
8 168
8 173
8 175
8 184
8 202
8 226
8 231
8 234
8 246
8 247
8 250
8 257
8 266
8 293
8 306
8 334
8 335
8 337
8 356
8 366
8 379
8 407
8 408
8 424
8 455
8 458
8 475
8 483
8 492
9 10
9 11
9 12
9 13
9 14
9 15
9 18
9 20
9 21
9 22
9 25
9 27
9 30
9 33
9 34
9 39
9 40
9 43
9 49
9 52
9 53
9 58
9 65
9 66
9 73
9 76
9 80
9 81
9 86
9 90
9 91
9 100
9 104
9 117
9 118
9 128
9 131
9 134
9 135
9 144
9 145
9 146
9 149
9 150
9 153
9 155
9 156
9 168
9 174
9 190
9 191
9 192
9 193
9 194
9 196
9 202
9 206
9 212
9 214
9 219
9 227
9 228
9 238
9 246
9 265
9 268
9 277
9 279
9 290
9 297
9 300
9 303
9 325
9 326
9 329
9 330
9 340
9 341
9 349
9 379
9 380
9 384
9 389
9 396
9 404
9 413
9 446
9 450
9 457
9 459
9 493
10 11
10 12
10 13
10 14
10 16
10 17
10 18
10 20
10 24
10 26
10 31
10 32
10 34
10 35
10 36
10 42
10 44
10 46
10 47
10 48
10 50
10 57
10 58
10 60
10 62
10 63
10 67
10 68
10 70
10 75
10 76
10 78
10 79
10 82
10 84
10 85
10 89
10 99
10 104
10 105
10 107
10 108
10 109
10 113
10 116
10 124
10 130
10 131
10 133
10 141
10 147
10 152
10 155
10 159
10 160
10 165
10 175
10 186
10 189
10 191
10 193
10 194
10 195
10 202
10 208
10 209
10 210
10 213
10 218
10 225
10 232
10 237
10 240
10 252
10 265
10 270
10 273
10 295
10 301
10 302
10 314
10 323
10 328
10 338
10 339
10 349
10 378
10 382
10 404
10 405
10 408
10 418
10 424
10 429
10 434
10 470
10 473
10 474
10 482
10 491
10 497
10 502
10 510
11 12
11 13
11 14
11 16
11 18
11 22
11 23
11 24
11 25
11 26
11 27
11 28
11 29
11 31
11 32
11 35
11 40
11 41
11 43
11 44
11 45
11 46
11 52
11 55
11 57
11 69
11 76
11 77
11 82
11 89
11 92
11 93
11 100
11 103
11 125
11 128
11 132
11 142
11 143
11 152
11 154
11 163
11 164
11 172
11 177
11 186
11 200
11 206
11 218
11 222
11 225
11 231
11 242
11 246
11 247
11 252
11 253
11 254
11 263
11 264
11 267
11 280
11 286
11 310
11 315
11 322
11 328
11 332
11 362
11 394
11 402
11 416
11 420
11 446
11 454
11 456
11 458
11 459
11 471
11 477
11 486
11 494
12 13
12 14
12 15
12 16
12 17
12 18
12 19
12 21
12 22
12 26
12 27
12 28
12 30
12 34
12 35
12 38
12 40
12 50
12 52
12 59
12 60
12 61
12 66
12 68
12 69
12 74
12 77
12 80
12 82
12 84
12 86
12 88
12 89
12 94
12 111
12 112
12 116
12 122
12 134
12 139
12 140
12 143
12 148
12 153
12 163
12 165
12 174
12 178
12 183
12 184
12 190
12 194
12 199
12 202
12 204
12 205
12 208
12 210
12 221
12 228
12 250
12 254
12 256
12 265
12 277
12 281
12 292
12 295
12 317
12 324
12 340
12 352
12 355
12 360
12 373
12 379
12 427
12 440
12 450
12 486
12 505
13 14
13 17
13 18
13 19
13 20
13 23
13 25
13 27
13 28
13 32
13 33
13 36
13 37
13 38
13 40
13 46
13 48
13 49
13 52
13 53
13 59
13 60
13 70
13 80
13 90
13 94
13 109
13 127
13 152
13 154
13 177
13 179
13 184
13 205
13 207
13 214
13 231
13 257
13 264
13 270
13 338
13 353
13 388
13 393
13 399
13 424
13 448
13 454
13 456
13 458
14 15
14 16
14 17
14 18
14 19
14 20
14 21
14 22
14 23
14 26
14 30
14 32
14 33
14 34
14 45
14 47
14 53
14 55
14 56
14 61
14 73
14 75
14 84
14 86
14 93
14 96
14 98
14 100
14 106
14 118
14 119
14 123
14 125
14 132
14 134
14 135
14 137
14 156
14 164
14 178
14 183
14 188
14 197
14 200
14 205
14 210
14 232
14 239
14 242
14 244
14 246
14 249
14 256
14 258
14 260
14 262
14 279
14 282
14 293
14 298
14 311
14 324
14 327
14 333
14 336
14 341
14 342
14 350
14 351
14 372
14 379
14 389
14 408
14 435
14 436
14 440
14 441
14 452
14 463
14 499
15 17
15 22
15 23
15 25
15 27
15 28
15 29
15 32
15 34
15 54
15 62
15 65
15 75
15 77
15 81
15 91
15 105
15 112
15 113
15 127
15 142
15 155
15 169
15 173
15 176
15 178
15 180
15 193
15 262
15 267
15 275
15 276
15 299
15 359
15 383
15 403
15 414
15 423
15 426
15 447
15 489
16 17
16 19
16 23
16 41
16 71
16 153
16 154
16 229
16 235
16 287
16 318
16 321
16 332
16 371
16 433
16 442
16 473
16 511
17 21
17 28
17 32
17 33
17 34
17 37
17 42
17 47
17 54
17 58
17 65
17 74
17 76
17 82
17 88
17 96
17 117
17 122
17 125
17 133
17 136
17 140
17 147
17 151
17 156
17 164
17 172
17 174
17 191
17 192
17 194
17 208
17 234
17 240
17 244
17 284
17 286
17 291
17 331
17 335
17 339
17 364
17 371
17 393
17 394
17 395
17 400
17 432
17 473
17 481
17 501
17 502
18 19
18 20
18 22
18 24
18 25
18 26
18 27
18 28
18 29
18 30
18 31
18 33
18 35
18 39
18 40
18 41
18 47
18 50
18 51
18 52
18 54
18 63
18 72
18 75
18 91
18 95
18 99
18 104
18 109
18 113
18 115
18 124
18 125
18 129
18 130
18 137
18 139
18 143
18 150
18 151
18 172
18 177
18 180
18 183
18 196
18 198
18 199
18 200
18 212
18 221
18 230
18 233
18 258
18 263
18 267
18 268
18 269
18 274
18 281
18 283
18 288
18 289
18 304
18 316
18 324
18 330
18 331
18 335
18 337
18 345
18 367
18 368
18 370
18 378
18 394
18 406
18 415
18 421
18 427
18 431
18 437
18 455
18 459
18 482
18 491
18 495
18 502
18 507
18 508
18 509
19 22
19 29
19 30
19 34
19 43
19 45
19 49
19 51
19 52
19 55
19 59
19 64
19 74
19 84
19 97
19 98
19 103
19 109
19 125
19 130
19 132
19 135
19 154
19 161
19 167
19 169
19 186
19 189
19 191
19 196
19 204
19 207
19 211
19 214
19 220
19 230
19 248
19 249
19 256
19 310
19 327
19 338
19 356
19 358
19 361
19 378
19 390
19 400
19 409
19 419
19 420
19 429
19 465
19 488
20 24
20 28
20 34
20 37
20 41
20 45
20 46
20 60
20 69
20 77
20 81
20 94
20 117
20 141
20 151
20 181
20 191
20 201
20 205
20 231
20 250
20 273
20 285
20 295
20 297
20 303
20 322
20 346
20 375
20 381
20 399
20 400
20 407
20 413
20 432
20 433
20 442
20 479
20 487
21 22
21 23
21 25
21 27
21 31
21 33
21 39
21 41
21 48
21 53
21 55
21 58
21 64
21 72
21 73
21 81
21 86
21 91
21 94
21 104
21 110
21 112
21 127
21 133
21 154
21 156
21 160
21 168
21 182
21 196
21 202
21 210
21 211
21 223
21 226
21 229
21 247
21 264
21 266
21 272
21 298
21 301
21 311
21 320
21 324
21 328
21 336
21 351
21 354
21 389
21 398
21 401
21 404
21 411
21 418
21 422
21 433
21 448
21 485
21 488
22 27
22 29
22 30
22 35
22 36
22 39
22 43
22 44
22 47
22 48
22 69
22 73
22 83
22 95
22 99
22 123
22 124
22 129
22 131
22 133
22 145
22 151
22 157
22 158
22 159
22 181
22 183
22 199
22 200
22 210
22 223
22 231
22 242
22 243
22 245
22 252
22 260
22 267
22 273
22 278
22 288
22 310
22 343
22 358
22 368
22 415
22 427
22 462
22 465
22 475
22 477
22 492
22 496
22 497
23 30
23 36
23 37
23 38
23 40
23 41
23 54
23 62
23 65
23 71
23 78
23 81
23 90
23 102
23 107
23 117
23 150
23 179
23 198
23 202
23 230
23 237
23 239
23 281
23 288
23 313
23 321
23 333
23 341
23 344
23 353
23 362
23 394
23 448
23 454
23 459
23 484
24 25
24 26
24 28
24 29
24 39
24 58
24 65
24 70
24 84
24 89
24 92
24 94
24 97
24 120
24 123
24 130
24 146
24 147
24 189
24 213
24 215
24 218
24 223
24 231
24 234
24 255
24 262
24 271
24 345
24 365
24 367
24 368
24 369
24 377
24 412
24 510
25 27
25 30
25 32
25 33
25 36
25 38
25 49
25 51
25 66
25 71
25 73
25 79
25 122
25 153
25 160
25 170
25 178
25 204
25 219
25 221
25 224
25 261
25 293
25 304
25 316
25 318
25 321
25 325
25 348
25 359
25 371
25 376
25 392
25 397
25 410
25 434
25 468
25 503
25 504
26 37
26 38
26 44
26 46
26 51
26 55
26 64
26 65
26 71
26 74
26 82
26 91
26 96
26 106
26 112
26 119
26 120
26 131
26 139
26 140
26 142
26 145
26 150
26 160
26 168
26 172
26 173
26 177
26 180
26 209
26 243
26 244
26 249
26 255
26 258
26 271
26 274
26 275
26 290
26 319
26 338
26 347
26 350
26 352
26 354
26 357
26 369
26 380
26 385
26 393
26 398
26 404
26 422
26 430
26 433
26 436
26 451
26 461
26 485
26 488
27 68
27 83
27 91
27 102
27 111
27 112
27 136
27 144
27 148
27 191
27 198
27 217
27 236
27 261
27 268
27 321
27 325
27 392
27 394
27 490
28 34
28 41
28 45
28 53
28 79
28 85
28 90
28 98
28 107
28 108
28 119
28 124
28 133
28 134
28 143
28 144
28 147
28 149
28 158
28 160
28 161
28 162
28 175
28 192
28 196
28 222
28 254
28 281
28 305
28 308
28 314
28 320
28 375
28 402
28 472
28 486
28 495
29 37
29 41
29 42
29 51
29 55
29 56
29 59
29 62
29 64
29 68
29 73
29 92
29 103
29 106
29 121
29 155
29 156
29 164
29 171
29 196
29 197
29 235
29 298
29 319
29 333
29 399
29 417
29 420
29 424
29 427
29 431
30 31
30 36
30 43
30 52
30 67
30 86
30 94
30 116
30 121
30 166
30 171
30 224
30 232
30 261
30 292
30 315
30 358
30 442
30 510
31 33
31 42
31 53
31 56
31 66
31 70
31 83
31 84
31 85
31 87
31 98
31 99
31 102
31 110
31 111
31 118
31 138
31 148
31 163
31 173
31 190
31 213
31 226
31 237
31 256
31 295
31 297
31 304
31 342
31 346
31 349
31 364
31 366
31 380
31 429
31 435
31 465
31 488
32 35
32 36
32 37
32 38
32 42
32 43
32 45
32 50
32 51
32 61
32 76
32 78
32 81
32 97
32 106
32 112
32 121
32 134
32 135
32 144
32 147
32 151
32 158
32 162
32 172
32 179
32 185
32 202
32 217
32 218
32 224
32 228
32 241
32 251
32 259
32 283
32 296
32 302
32 306
32 318
32 322
32 339
32 355
32 360
32 372
32 391
32 401
32 402
32 412
32 422
32 426
32 431
32 448
32 460
32 474
33 35
33 46
33 50
33 57
33 59
33 63
33 64
33 66
33 80
33 88
33 92
33 113
33 135
33 168
33 174
33 211
33 226
33 230
33 265
33 277
33 278
33 318
33 381
33 428
33 452
33 478
33 489
34 39
34 40
34 47
34 51
34 54
34 60
34 79
34 87
34 93
34 94
34 96
34 106
34 116
34 118
34 119
34 126
34 135
34 158
34 175
34 177
34 210
34 211
34 215
34 257
34 261
34 269
34 316
34 327
34 347
34 379
34 385
34 392
34 407
34 408
34 415
34 419
34 423
34 454
34 486
34 488
34 495
34 496
34 501
34 507
35 54
35 58
35 62
35 114
35 129
35 199
35 204
35 206
35 247
35 250
35 271
35 272
35 362
35 404
35 418
35 432
35 459
36 39
36 42
36 47
36 50
36 53
36 68
36 88
36 98
36 108
36 110
36 111
36 114
36 115
36 118
36 127
36 140
36 143
36 153
36 177
36 182
36 188
36 211
36 215
36 255
36 259
36 265
36 275
36 282
36 292
36 299
36 305
36 307
36 314
36 331
36 333
36 334
36 361
36 363
36 365
36 369
36 375
36 376
36 379
36 389
36 395
36 403
36 424
36 430
36 461
37 39
37 55
37 59
37 77
37 83
37 85
37 87
37 121
37 124
37 126
37 140
37 142
37 148
37 149
37 152
37 164
37 169
37 179
37 192
37 230
37 234
37 255
37 264
37 284
37 305
37 322
37 327
37 344
37 370
37 459
37 508
38 44
38 45
38 54
38 57
38 61
38 63
38 78
38 95
38 115
38 118
38 123
38 126
38 127
38 130
38 139
38 158
38 160
38 161
38 180
38 187
38 189
38 191
38 196
38 217
38 221
38 266
38 271
38 272
38 279
38 284
38 311
38 318
38 345
38 363
38 370
38 376
38 405
38 411
38 418
38 430
38 475
38 483
38 504
38 506
38 509
39 40
39 49
39 53
39 60
39 62
39 66
39 84
39 86
39 90
39 96
39 112
39 122
39 135
39 139
39 143
39 145
39 147
39 148
39 149
39 178
39 183
39 185
39 193
39 219
39 245
39 253
39 283
39 310
39 313
39 347
39 373
39 381
39 417
39 420
39 421
39 423
39 428
39 479
39 483
39 506
40 49
40 50
40 55
40 58
40 63
40 69
40 71
40 73
40 74
40 101
40 110
40 114
40 117
40 137
40 150
40 161
40 163
40 169
40 211
40 217
40 224
40 227
40 242
40 252
40 262
40 275
40 306
40 316
40 330
40 340
40 383
40 397
40 403
40 412
40 438
40 446
41 44
41 48
41 75
41 85
41 97
41 101
41 108
41 114
41 137
41 151
41 153
41 164
41 167
41 194
41 199
41 238
41 292
41 307
41 313
41 332
41 336
41 373
41 383
41 391
41 401
41 404
41 405
41 411
41 478
41 479
42 78
42 81
42 102
42 130
42 142
42 161
42 162
42 194
42 214
42 228
42 258
42 433
42 445
42 451
42 472
42 484
42 506
43 44
43 57
43 96
43 110
43 114
43 115
43 118
43 136
43 138
43 145
43 176
43 207
43 243
43 284
43 290
43 307
43 349
43 435
43 490
43 494
43 508
44 60
44 61
44 62
44 63
44 72
44 91
44 160
44 169
44 173
44 178
44 213
44 237
44 242
44 293
44 319
44 321
44 327
44 422
44 436
44 510
45 49
45 56
45 59
45 62
45 68
45 74
45 75
45 80
45 83
45 85
45 89
45 97
45 100
45 107
45 123
45 156
45 165
45 176
45 186
45 200
45 210
45 218
45 244
45 263
45 313
45 335
45 371
45 375
45 421
45 438
45 456
45 468
45 505
46 47
46 49
46 51
46 56
46 58
46 61
46 67
46 68
46 77
46 86
46 89
46 95
46 97
46 99
46 103
46 106
46 112
46 116
46 119
46 133
46 141
46 170
46 183
46 192
46 220
46 248
46 262
46 266
46 291
46 300
46 322
46 331
46 344
46 360
46 384
46 400
46 410
46 422
46 459
46 464
46 481
46 485
46 504
47 48
47 61
47 115
47 129
47 140
47 154
47 197
47 214
47 244
47 289
47 304
47 332
47 356
47 425
47 427
47 443
47 469
47 476
47 480
48 52
48 54
48 57
48 83
48 93
48 94
48 96
48 126
48 152
48 157
48 198
48 239
48 283
48 309
48 393
48 418
48 464
48 477
49 70
49 76
49 81
49 83
49 87
49 101
49 111
49 146
49 174
49 207
49 254
49 282
49 305
49 330
49 340
49 374
49 386
49 425
50 67
50 75
50 99
50 102
50 109
50 114
50 136
50 138
50 153
50 157
50 217
50 222
50 227
50 253
50 320
50 338
50 349
50 356
50 412
51 59
51 79
51 88
51 105
51 129
51 219
51 221
51 254
51 394
51 415
51 444
51 479
51 486
51 495
51 506
52 71
52 78
52 95
52 144
52 146
52 167
52 182
52 184
52 188
52 195
52 201
52 240
52 270
52 271
52 302
52 335
52 359
52 386
52 413
52 429
52 455
53 66
53 68
53 70
53 77
53 85
53 103
53 149
53 156
53 165
53 172
53 181
53 206
53 216
53 217
53 218
53 223
53 237
53 246
53 285
53 286
53 290
53 291
53 328
53 342
53 345
53 366
53 372
53 384
53 414
53 420
53 428
53 444
53 501
53 503
54 70
54 75
54 92
54 95
54 102
54 119
54 141
54 251
54 263
54 328
54 350
54 425
54 435
55 60
55 104
55 129
55 132
55 142
55 210
55 327
55 429
55 438
55 448
55 452
55 481
56 58
56 69
56 76
56 102
56 146
56 175
56 203
56 254
56 261
56 276
56 285
56 306
56 309
56 317
56 350
56 351
56 354
56 401
56 433
56 436
56 471
57 61
57 71
57 72
57 76
57 80
57 92
57 142
57 180
57 228
57 256
57 278
57 291
57 307
57 343
57 361
57 367
57 417
57 448
57 507
58 78
58 80
58 86
58 87
58 95
58 100
58 132
58 147
58 169
58 176
58 186
58 189
58 190
58 197
58 204
58 215
58 226
58 241
58 249
58 322
58 326
58 335
58 351
58 367
58 437
58 452
58 465
58 479
58 501
59 66
59 73
59 107
59 109
59 126
59 163
59 195
59 213
59 214
59 240
59 241
59 256
59 271
59 357
59 462
60 64
60 65
60 71
60 88
60 98
60 99
60 111
60 126
60 128
60 136
60 162
60 177
60 209
60 239
60 253
60 275
60 278
60 291
60 309
60 336
60 361
60 434
60 451
60 466
60 507
61 70
61 74
61 82
61 92
61 117
61 131
61 138
61 139
61 152
61 157
61 183
61 222
61 233
61 277
61 279
61 294
61 298
61 330
61 346
61 353
61 407
61 429
61 444
61 451
61 463
61 495
62 67
62 116
62 120
62 151
62 155
62 189
62 192
62 246
62 272
62 296
62 298
62 301
62 312
62 333
62 363
62 377
62 392
62 421
62 428
62 449
62 469
62 503
63 69
63 79
63 118
63 126
63 181
63 190
63 218
63 249
63 265
63 280
63 288
63 291
63 297
63 313
63 341
63 351
63 384
63 436
63 483
63 510
64 96
64 101
64 124
64 145
64 236
64 244
64 300
64 315
64 329
64 405
64 478
64 485
64 504
65 72
65 74
65 122
65 125
65 131
65 181
65 183
65 189
65 206
65 233
65 270
65 297
65 317
65 319
65 324
65 326
65 414
65 426
65 476
65 482
65 507
65 511
66 67
66 68
66 87
66 131
66 201
66 226
66 272
66 280
66 413
66 434
66 464
66 487
66 498
66 499
66 507
67 75
67 85
67 171
67 173
67 207
67 209
67 220
67 224
67 309
67 311
67 360
67 395
67 454
67 467
68 77
68 111
68 113
68 115
68 124
68 177
68 187
68 214
68 222
68 224
68 350
68 353
68 398
68 412
68 448
68 460
68 509
69 72
69 73
69 78
69 82
69 94
69 105
69 150
69 182
69 187
69 189
69 202
69 209
69 216
69 217
69 230
69 257
69 277
69 282
69 371
69 383
69 411
69 445
69 467
69 476
69 480
69 482
70 72
70 89
70 108
70 158
70 172
70 228
70 229
70 238
70 287
70 298
70 334
70 360
70 427
70 457
70 484
71 72
71 76
71 84
71 97
71 108
71 114
71 117
71 130
71 194
71 198
71 202
71 248
71 253
71 276
71 280
71 298
71 310
71 325
71 401
71 416
71 472
71 473
72 87
72 97
72 98
72 108
72 109
72 112
72 122
72 133
72 137
72 180
72 188
72 212
72 243
72 268
72 308
72 359
72 362
72 402
72 441
72 450
72 499
73 91
73 97
73 103
73 107
73 186
73 203
73 241
73 247
73 282
73 315
73 364
73 377
73 463
74 90
74 128
74 163
74 208
74 407
74 456
74 468
74 473
75 79
75 83
75 90
75 115
75 125
75 181
75 217
75 221
75 240
75 379
75 381
75 387
75 393
75 410
75 417
75 444
76 85
76 100
76 145
76 191
76 211
76 240
76 257
76 281
76 309
76 311
76 341
77 87
77 88
77 101
77 102
77 124
77 126
77 129
77 148
77 155
77 179
77 203
77 213
77 234
77 279
77 294
77 312
77 445
77 462
77 480
78 82
78 95
78 100
78 115
78 143
78 161
78 176
78 236
78 285
78 376
78 458
79 137
79 165
79 188
79 201
79 205
79 207
79 232
79 286
79 296
79 317
79 384
79 421
79 431
79 466
79 496
80 181
80 229
80 232
80 237
80 258
80 271
80 305
80 422
80 509
81 116
81 149
81 154
81 170
81 198
81 250
81 275
81 290
81 304
81 313
81 358
81 387
81 401
81 410
81 501
81 511
82 89
82 114
82 121
82 132
82 142
82 153
82 179
82 221
82 234
82 295
82 296
82 355
82 509
83 99
83 294
83 460
84 91
84 98
84 105
84 167
84 187
84 199
84 228
84 303
84 332
84 345
84 346
84 369
84 379
84 388
84 400
84 500
85 138
85 164
85 170
85 219
85 223
85 266
85 293
85 310
85 414
85 453
85 468
86 121
86 135
86 146
86 251
86 258
86 285
86 289
86 329
86 378
87 90
87 142
87 144
87 148
87 188
87 203
87 221
87 222
87 224
87 263
87 292
87 304
87 305
87 307
87 323
87 442
87 447
88 98
88 100
88 104
88 114
88 118
88 128
88 158
88 174
88 177
88 245
88 253
88 408
88 449
89 101
89 102
89 104
89 106
89 122
89 134
89 147
89 225
89 229
89 246
89 308
89 314
89 435
89 465
89 472
89 481
90 99
90 169
90 194
90 225
90 247
90 261
90 269
90 301
90 426
90 449
91 103
91 113
91 119
91 127
91 131
91 180
91 237
91 287
91 455
91 498
91 500
92 101
92 105
92 111
92 130
92 159
92 178
92 185
92 216
92 325
92 351
92 396
92 409
92 445
92 461
92 471
92 476
92 499
92 504
93 107
93 109
93 120
93 126
93 140
93 146
93 172
93 183
93 193
93 195
93 219
93 222
93 291
93 318
93 333
93 444
94 196
94 205
94 314
94 326
94 372
94 400
94 408
94 449
94 451
94 465
95 117
95 157
95 245
95 289
95 325
95 347
95 370
95 389
95 419
95 437
95 460
95 483
95 498
96 109
96 147
96 148
96 159
96 167
96 185
96 222
96 260
96 292
96 314
96 349
96 368
96 466
97 127
97 143
97 165
97 188
97 226
97 357
97 362
97 391
97 436
97 453
97 511
98 106
98 120
98 144
98 148
98 151
98 195
98 213
98 216
98 232
98 248
98 254
98 369
98 377
98 431
98 441
98 479
98 481
99 123
99 160
99 162
99 166
99 206
99 220
99 271
99 417
99 469
99 502
100 170
100 214
100 264
100 285
100 363
100 386
101 103
101 127
101 175
101 213
101 251
101 284
101 313
101 336
101 337
101 369
101 387
101 388
101 391
101 474
101 493
102 110
102 139
102 171
102 207
102 220
102 269
102 272
102 293
102 387
102 475
103 120
103 138
103 152
103 159
103 176
103 203
103 235
103 416
103 430
103 453
104 105
104 115
104 137
104 166
104 186
104 216
104 235
104 337
104 357
104 455
105 119
105 127
105 171
105 186
105 193
105 232
105 292
105 356
105 376
106 110
106 123
106 157
106 205
106 260
106 288
106 410
106 436
106 476
106 487
107 122
107 260
107 286
107 312
107 371
107 403
107 446
108 128
108 152
108 159
108 285
108 319
108 482
108 490
108 506
108 507
109 136
109 157
109 216
109 229
109 255
109 294
109 310
109 363
110 172
110 199
110 227
110 323
110 382
110 467
110 480
111 178
111 201
111 205
111 215
111 227
111 251
111 266
111 273
111 276
111 303
111 352
111 395
111 445
111 446
112 113
112 121
112 130
112 157
112 181
112 185
112 208
112 258
112 262
112 283
112 403
112 456
112 462
112 469
112 491
113 208
113 285
113 294
113 298
113 331
113 344
113 346
113 419
113 425
113 464
113 482
114 120
114 128
114 187
114 222
114 261
114 267
114 340
114 341
114 350
114 392
114 408
114 415
114 428
115 129
115 168
115 184
115 204
115 212
115 236
115 273
115 321
115 351
115 504
116 141
116 162
116 166
116 195
116 259
116 268
116 325
116 350
116 400
117 123
117 134
117 138
117 152
117 190
117 220
117 252
117 277
117 301
117 370
117 503
117 506
118 171
118 180
118 187
118 226
118 235
118 245
118 501
119 176
119 243
119 256
119 293
119 308
119 332
120 123
120 128
120 179
120 223
120 230
120 248
120 291
120 339
120 359
120 363
120 378
120 414
120 415
120 473
120 487
121 137
121 155
121 168
121 178
121 276
121 303
121 326
121 333
121 334
121 337
121 341
121 468
122 132
122 133
122 134
122 136
122 151
122 158
122 161
122 167
122 170
122 192
122 294
122 409
122 420
122 475
123 135
123 166
123 205
123 258
123 291
123 302
123 431
124 188
124 269
124 341
124 355
124 365
124 390
124 441
124 457
124 471
125 168
125 230
125 244
125 251
125 339
125 425
126 140
126 154
126 175
126 181
126 189
126 234
126 245
126 262
126 282
126 286
126 299
126 391
126 461
126 505
127 140
127 156
127 204
127 208
127 227
127 250
127 255
127 274
127 320
127 331
127 364
127 398
127 401
127 432
127 434
127 472
127 502
128 144
128 162
128 170
128 174
128 196
128 214
128 257
128 259
129 131
129 138
129 141
129 229
129 259
129 317
129 349
129 354
129 386
129 405
129 409
129 439
129 456
129 508
130 136
130 166
130 190
130 238
130 250
130 300
130 406
131 134
131 141
131 219
131 224
131 245
131 248
131 358
131 392
131 497
132 145
132 155
132 166
132 277
132 286
132 324
132 372
132 384
132 387
132 390
132 395
132 397
132 404
132 471
132 492
133 155
133 174
133 197
133 235
133 273
133 345
133 448
133 457
133 490
134 299
134 304
134 414
134 500
135 190
135 191
135 227
135 242
135 294
135 352
135 370
135 467
136 146
136 194
136 238
136 343
136 355
136 370
136 440
136 449
136 451
136 453
136 492
137 139
137 173
137 192
137 235
137 252
137 275
137 286
137 305
137 308
137 317
137 320
137 375
137 377
137 383
137 416
137 420
137 435
137 449
137 453
137 508
138 166
138 173
138 174
138 352
138 394
138 409
139 141
139 215
139 242
139 249
139 492
140 159
140 185
140 204
140 206
140 309
140 380
140 393
140 394
140 417
140 422
141 149
141 164
141 167
141 170
141 200
141 211
141 238
141 279
141 328
141 358
141 455
141 480
141 488
141 494
141 509
142 143
142 161
142 169
142 176
142 233
142 301
142 366
142 415
142 433
143 184
143 275
143 288
143 289
143 305
143 336
143 398
143 424
143 461
144 164
144 286
144 353
144 414
144 471
144 475
145 165
145 195
145 203
145 234
145 252
145 263
145 322
145 342
145 369
145 371
145 372
145 426
146 255
146 305
146 408
147 179
147 253
147 358
147 373
148 161
148 236
148 357
148 395
149 150
149 249
149 283
149 412
150 185
150 246
150 307
150 397
150 406
150 490
151 153
151 162
151 190
151 212
151 216
151 233
151 242
151 243
151 251
151 260
151 281
151 351
151 467
151 470
151 477
152 182
152 208
152 221
152 248
152 256
152 274
152 287
152 340
152 382
152 385
152 481
152 503
153 264
153 270
153 312
153 340
153 366
153 406
154 157
154 195
154 267
154 281
154 288
154 364
154 390
154 449
155 167
155 169
155 239
155 266
155 314
155 326
155 360
155 382
155 415
155 423
156 200
156 235
156 278
156 366
156 376
156 456
156 508
157 159
157 197
157 201
157 265
157 290
157 331
157 342
157 354
158 223
158 385
159 163
159 187
159 216
159 228
159 245
159 257
159 345
159 376
159 389
159 398
159 458
160 170
160 182
160 185
160 220
160 268
160 289
160 300
160 317
160 323
160 332
160 352
160 468
160 478
160 479
161 187
161 380
161 397
161 432
161 508
162 171
162 179
162 259
162 267
162 274
162 302
162 306
162 329
162 334
162 391
162 472
162 476
163 229
163 312
163 344
163 382
163 388
163 395
163 397
163 437
163 486
164 176
164 255
164 266
164 362
164 378
164 383
164 416
164 487
165 209
165 233
165 244
165 245
165 317
165 396
166 186
166 259
166 262
166 287
166 352
166 407
166 408
166 411
167 200
167 251
167 299
167 346
167 355
167 359
167 390
167 410
167 494
167 510
168 250
168 278
168 365
168 377
168 385
168 390
168 393
168 488
169 188
169 203
169 302
169 388
170 232
170 273
170 284
171 182
171 306
171 343
171 402
171 432
171 471
171 500
172 391
172 489
173 356
173 417
173 502
174 249
174 293
174 398
174 431
174 443
175 209
175 223
175 324
175 444
176 184
176 193
176 195
176 212
176 251
176 264
176 275
176 284
176 293
176 363
176 373
176 378
176 382
176 389
176 413
176 421
176 428
176 430
176 443
176 448
177 237
177 469
178 241
178 388
178 440
179 231
179 283
179 429
180 230
180 419
181 257
181 266
181 297
181 316
181 361
181 380
181 470
181 483
182 289
182 344
182 357
182 410
182 496
183 198
183 201
183 240
183 303
183 309
183 402
183 427
183 467
184 197
184 211
184 227
184 260
185 193
185 236
185 290
185 336
185 348
185 465
185 495
185 511
186 215
186 233
186 278
186 303
186 362
186 365
186 478
186 485
186 492
186 499
187 283
187 350
187 457
187 493
188 200
188 300
188 311
188 374
188 452
188 470
189 319
189 342
189 368
189 377
189 426
189 463
190 210
190 253
190 274
190 284
190 330
190 348
190 406
191 358
192 243
192 299
192 347
192 505
193 197
193 235
193 315
193 318
193 399
193 427
194 225
194 234
194 247
194 248
194 304
194 364
194 511
195 263
195 343
196 457
197 215
197 238
197 339
197 372
197 453
198 199
198 478
198 501
199 236
199 367
199 381
199 497
200 201
200 282
200 343
200 384
200 387
200 507
201 259
201 299
201 303
201 384
201 456
202 206
202 216
202 241
202 436
203 219
203 238
203 460
203 462
203 490
203 491
204 361
204 416
204 464
204 478
205 306
205 431
206 215
206 265
206 292
206 406
206 470
206 476
206 480
207 220
207 243
207 280
207 338
207 397
207 412
208 285
208 484
209 239
209 329
209 407
210 261
210 267
210 280
210 288
210 344
210 361
210 426
210 467
210 476
210 497
211 217
211 233
211 240
211 244
211 248
211 338
211 385
211 400
211 499
212 278
212 382
212 469
212 496
213 283
213 297
213 443
214 312
214 511
215 308
215 440
215 454
216 294
216 301
216 333
216 414
216 461
216 510
217 231
217 241
217 325
217 335
217 349
217 429
217 468
217 502
218 268
218 289
218 302
218 386
218 419
218 484
218 504
218 510
219 264
219 299
219 314
219 374
219 418
220 225
220 253
220 281
220 348
220 368
220 379
220 413
220 485
221 307
221 345
222 233
222 320
222 480
223 246
223 279
223 315
223 328
223 412
223 494
224 270
224 316
224 348
224 366
224 373
225 250
225 300
225 321
225 357
225 373
225 438
225 462
226 260
226 297
226 375
226 443
226 505
227 267
227 308
227 311
227 439
227 452
227 490
228 356
228 381
228 395
228 399
229 237
229 268
229 277
229 279
229 316
229 340
230 247
230 273
230 315
230 463
230 474
231 271
231 371
232 241
232 254
232 333
233 239
233 260
233 331
233 372
233 392
233 409
233 441
234 258
234 274
234 318
234 334
234 356
234 374
234 511
235 341
235 352
235 442
235 458
236 332
236 354
236 450
236 499
237 441
237 466
237 500
238 263
238 347
239 269
239 287
239 308
239 323
239 330
239 347
239 354
240 272
240 276
240 296
240 376
240 398
241 322
241 350
241 493
241 506
242 269
242 287
242 366
242 396
242 433
242 489
243 311
243 378
243 437
243 446
243 485
243 503
244 290
244 313
244 343
244 354
244 386
244 403
244 460
245 269
245 274
245 294
245 311
245 320
245 362
245 388
245 450
245 458
245 463
246 252
246 290
246 302
246 303
246 315
246 497
247 272
247 274
247 282
247 323
247 329
247 364
247 409
247 443
248 398
249 319
249 367
249 392
249 467
249 474
250 310
250 383
250 391
250 424
250 429
250 483
251 357
251 442
252 349
252 353
252 382
252 451
253 295
253 374
253 387
254 323
254 374
254 509
255 325
255 368
255 432
256 353
256 423
256 425
257 272
257 276
258 351
259 282
259 347
259 449
260 270
260 302
260 345
260 374
260 409
260 430
261 402
261 486
262 264
262 268
262 295
262 315
262 374
262 390
262 406
262 471
262 485
262 508
263 289
263 296
263 319
263 425
263 445
263 447
263 465
264 360
265 284
266 276
266 369
266 390
266 441
266 468
266 471
267 494
268 342
268 386
269 270
269 334
269 489
269 492
270 295
270 307
270 309
270 405
270 413
270 477
270 487
271 300
271 387
271 421
271 466
272 280
272 396
272 474
272 480
272 489
273 280
273 381
273 434
274 316
274 332
274 338
274 360
274 373
274 425
274 435
274 437
274 447
275 287
275 319
275 320
275 359
275 387
275 460
276 348
276 416
277 288
278 296
279 420
279 488
279 498
280 296
280 299
280 308
280 464
280 478
281 295
282 423
282 466
283 339
283 370
283 446
284 312
284 346
284 386
284 481
284 485
285 306
285 439
286 312
286 475
286 476
287 313
287 494
288 312
288 334
288 447
288 493
289 337
289 396
290 327
290 337
290 397
291 314
291 361
291 416
292 364
292 397
292 413
292 439
293 389
293 401
293 405
293 462
294 326
294 328
294 339
294 355
294 369
294 468
294 481
294 497
295 347
295 365
295 396
295 451
296 331
296 417
296 438
296 460
296 470
297 328
297 355
297 403
299 388
300 364
300 371
301 399
301 404
301 424
301 432
302 335
302 385
302 402
303 310
303 327
303 395
303 407
303 440
303 466
303 489
304 377
304 450
304 491
305 423
305 431
305 453
305 494
306 477
307 438
307 440
307 443
307 457
307 473
308 452
308 470
309 343
309 378
309 391
310 321
310 348
311 446
311 447
311 487
312 321
312 327
312 437
313 323
314 375
315 383
316 320
316 352
316 386
316 399
316 403
316 417
317 419
317 505
318 348
318 374
318 380
318 454
319 385
319 510
320 344
321 377
321 428
322 326
322 337
322 366
324 363
324 365
324 368
324 426
325 329
325 361
326 330
326 335
326 363
326 367
326 399
326 424
326 461
326 475
326 498
326 504
327 376
327 420
329 353
329 381
329 419
329 422
330 334
330 336
330 450
330 504
331 367
331 370
331 396
331 421
331 425
331 461
331 499
332 477
333 499
334 359
334 484
335 496
336 346
336 428
337 484
338 416
338 460
340 367
341 343
341 385
341 443
342 348
342 368
343 365
343 403
343 415
343 455
344 423
345 375
345 453
346 419
346 482
347 427
347 439
347 498
348 380
349 390
349 452
349 457
349 472
350 473
351 410
351 443
352 372
352 400
352 414
352 463
352 490
353 362
353 426
353 445
353 454
353 497
354 444
355 392
356 442
356 455
356 462
356 494
358 393
359 411
361 475
362 381
362 409
362 439
362 445
363 422
363 463
363 464
363 491
364 478
364 479
365 469
366 453
367 489
367 511
368 503
369 464
372 452
372 493
372 502
373 433
373 437
373 490
373 493
374 405
375 501
375 502
376 380
377 404
377 438
378 505
382 477
384 492
384 497
385 405
386 447
387 411
387 495
388 434
388 493
389 458
390 399
390 435
390 491
391 423
392 474
393 411
393 434
393 451
395 505
397 435
397 445
398 449
398 486
400 413
402 438
402 464
405 439
405 463
407 470
409 410
409 491
411 412
412 440
414 439
415 430
415 432
415 436
415 487
416 498
417 450
418 474
421 444
424 430
427 483
428 447
428 474
430 441
430 484
432 455
434 437
434 440
437 489
438 492
441 454
445 503
446 465
451 477
453 491
454 486
454 500
455 503
458 487
459 483
459 484
462 469
465 466
465 472
465 482
473 481
479 498
479 500
482 495
487 505
494 508
507 509
