0 32
0 34
0 291
0 343
0 402
0 430
0 533
0 566
0 613
0 644
0 683
0 708
0 738
0 811
0 968
0 997
0 1000
1 86
1 194
1 285
1 313
1 317
1 475
1 480
1 481
1 518
1 597
1 663
1 698
1 722
1 735
1 935
2 16
2 38
2 90
2 142
2 359
2 368
2 511
2 579
2 830
2 899
2 946
2 1012
3 191
3 303
3 348
3 441
3 451
3 489
3 497
3 583
3 601
3 682
3 728
3 756
3 760
3 805
3 874
3 899
3 950
3 974
3 978
4 8
4 10
4 54
4 155
4 158
4 268
4 305
4 390
4 607
4 615
4 680
4 834
4 852
4 877
4 888
4 889
4 906
4 944
5 109
5 129
5 170
5 185
5 194
5 315
5 404
5 488
5 529
5 560
5 660
5 666
5 715
5 719
5 807
5 828
5 910
5 959
5 981
5 1019
6 313
6 451
6 461
6 505
6 624
6 711
6 901
6 990
7 20
7 107
7 177
7 182
7 414
7 541
7 616
7 625
7 632
7 874
7 963
8 103
8 258
8 298
8 324
8 663
8 767
8 771
8 802
8 836
8 840
8 872
8 902
8 908
8 917
8 965
8 971
8 975
9 83
9 107
9 182
9 289
9 394
9 417
9 429
9 598
9 653
9 696
9 765
9 773
9 797
9 869
9 882
9 964
9 983
10 39
10 170
10 232
10 261
10 287
10 288
10 537
10 597
10 750
10 847
10 851
10 907
10 951
11 58
11 342
11 473
11 499
11 548
11 557
11 559
11 685
11 688
11 886
11 915
11 922
11 986
11 989
12 180
12 263
12 403
12 418
12 437
12 459
12 523
12 607
12 652
12 720
12 808
12 872
12 900
12 1000
13 77
13 89
13 108
13 114
13 115
13 145
13 194
13 261
13 376
13 433
13 532
13 764
13 788
13 837
13 850
13 871
13 925
13 968
13 1023
14 104
14 147
14 200
14 225
14 240
14 283
14 449
14 571
14 592
14 619
14 750
15 29
15 82
15 119
15 122
15 185
15 233
15 357
15 570
15 725
15 744
15 767
15 770
15 865
15 979
15 991
16 45
16 104
16 122
16 468
16 647
16 717
16 788
16 832
16 844
16 892
16 903
16 935
16 979
17 146
17 381
17 414
17 424
17 565
17 763
17 774
17 825
17 1008
17 1017
17 1021
18 163
18 223
18 427
18 640
18 659
18 688
18 714
18 900
19 39
19 46
19 49
19 97
19 184
19 191
19 411
19 552
19 669
19 671
19 716
19 815
19 876
19 964
19 995
20 55
20 82
20 201
20 204
20 321
20 347
20 445
20 704
20 729
20 802
20 935
21 116
21 146
21 313
21 336
21 363
21 379
21 462
21 554
21 602
21 659
21 730
21 763
21 796
21 887
21 920
21 923
21 971
22 44
22 83
22 133
22 352
22 417
22 453
22 476
22 502
22 541
22 548
22 601
22 663
22 771
22 856
22 952
22 1005
23 337
23 414
23 453
23 495
23 507
23 672
23 814
23 873
23 895
24 297
24 454
24 532
24 678
24 768
24 849
24 866
24 905
24 992
24 1009
25 29
25 170
25 172
25 284
25 300
25 517
25 549
25 569
25 680
25 711
25 813
25 847
25 849
25 859
25 911
25 921
26 97
26 158
26 356
26 410
26 479
26 487
26 611
26 688
26 695
26 814
26 940
26 946
27 77
27 309
27 312
27 389
27 498
27 528
27 670
27 675
27 994
28 75
28 92
28 112
28 120
28 145
28 162
28 304
28 434
28 523
28 565
28 719
28 740
28 824
28 900
29 165
29 244
29 308
29 381
29 393
29 435
29 458
29 468
29 483
29 534
29 621
29 639
29 763
29 766
29 821
29 864
29 927
29 1010
30 241
30 263
30 287
30 293
30 382
30 428
30 608
30 641
30 683
30 702
30 815
30 945
31 47
31 115
31 186
31 307
31 371
31 543
31 591
31 593
31 609
31 698
31 757
31 870
32 108
32 120
32 303
32 347
32 479
32 498
32 539
32 624
32 645
32 691
32 706
32 748
32 861
32 874
32 895
33 60
33 62
33 198
33 238
33 384
33 430
33 522
33 532
33 535
33 546
33 588
33 627
33 639
33 699
33 737
33 752
33 784
33 826
33 873
33 916
33 929
33 943
33 988
34 202
34 226
34 248
34 295
34 343
34 403
34 449
34 490
34 607
34 663
34 690
34 887
34 889
34 947
34 961
34 965
34 1002
35 87
35 140
35 180
35 196
35 205
35 216
35 274
35 545
35 600
35 622
35 703
35 783
35 808
35 830
35 875
35 998
36 124
36 142
36 190
36 199
36 289
36 300
36 313
36 320
36 336
36 343
36 390
36 450
36 474
36 545
36 726
36 917
36 935
37 128
37 163
37 248
37 279
37 297
37 346
37 473
37 523
37 551
37 647
37 670
37 852
37 889
37 986
38 97
38 316
38 325
38 376
38 381
38 405
38 426
38 479
38 586
38 794
38 950
38 1015
39 134
39 364
39 475
39 521
39 619
39 639
39 723
39 729
39 741
39 825
39 841
39 876
40 119
40 139
40 414
40 427
40 430
40 432
40 586
40 650
40 665
40 825
40 940
41 84
41 119
41 122
41 123
41 193
41 223
41 274
41 367
41 393
41 399
41 408
41 461
41 501
41 812
41 1011
41 1022
42 45
42 144
42 158
42 235
42 282
42 306
42 325
42 406
42 458
42 478
42 585
42 632
42 666
42 680
43 215
43 277
43 341
43 444
43 470
43 504
43 508
43 617
43 813
43 910
43 982
44 122
44 832
44 861
44 921
44 987
45 145
45 297
45 482
45 552
45 686
45 704
45 727
45 845
45 975
45 983
46 111
46 137
46 146
46 235
46 297
46 362
46 397
46 418
46 461
46 589
46 599
46 663
46 713
46 754
46 786
47 54
47 63
47 184
47 222
47 253
47 371
47 394
47 632
47 875
47 887
47 892
47 912
47 940
47 962
47 996
47 1019
48 126
48 202
48 400
48 436
48 504
48 617
48 712
48 792
48 798
48 823
48 876
48 885
48 910
48 1008
49 73
49 209
49 396
49 406
49 421
49 513
49 556
49 606
49 673
49 849
49 964
49 1009
50 61
50 100
50 121
50 178
50 303
50 318
50 338
50 344
50 445
50 535
50 539
50 544
50 548
50 602
50 633
50 673
50 916
50 922
50 938
50 1015
51 94
51 147
51 182
51 386
51 502
51 536
51 587
51 662
51 681
51 688
51 713
51 737
51 992
52 286
52 287
52 372
52 411
52 440
52 482
52 692
52 832
52 836
52 892
52 896
52 906
52 951
53 57
53 89
53 117
53 249
53 253
53 260
53 395
53 416
53 656
53 839
53 865
53 890
53 893
53 896
53 1021
54 132
54 208
54 351
54 359
54 409
54 413
54 433
54 498
54 665
54 726
54 772
54 841
54 871
55 100
55 147
55 153
55 191
55 256
55 451
55 474
55 538
55 624
55 671
55 673
55 675
55 935
55 982
55 1022
56 162
56 267
56 301
56 417
56 567
56 603
56 776
57 67
57 169
57 346
57 543
57 563
57 662
57 821
57 854
57 892
57 919
57 956
57 993
57 1020
58 186
58 220
58 372
58 403
58 447
58 498
58 535
58 571
58 751
58 837
58 852
58 912
58 993
59 96
59 118
59 237
59 313
59 323
59 363
59 404
59 421
59 467
59 487
59 696
59 697
59 732
59 788
59 851
59 915
59 985
60 80
60 123
60 149
60 182
60 195
60 220
60 389
60 425
60 614
60 671
60 710
60 876
61 102
61 112
61 164
61 170
61 200
61 279
61 292
61 295
61 324
61 337
61 405
61 417
61 441
61 729
61 845
61 871
61 938
61 983
62 87
62 268
62 327
62 400
62 405
62 544
62 560
62 636
62 646
63 118
63 150
63 259
63 363
63 400
63 414
63 438
63 541
63 767
63 797
63 801
63 885
63 917
63 951
63 1015
64 128
64 130
64 446
64 486
64 569
64 629
64 731
64 748
64 803
64 821
64 892
64 1020
65 79
65 131
65 361
65 367
65 484
65 788
65 818
65 883
65 890
66 165
66 186
66 253
66 273
66 290
66 298
66 333
66 390
66 400
66 449
66 460
66 796
66 833
66 952
66 958
67 331
67 470
67 672
67 708
68 142
68 175
68 289
68 292
68 471
68 504
68 538
68 563
68 565
68 634
68 672
68 753
68 819
68 897
68 992
69 169
69 179
69 217
69 264
69 266
69 269
69 507
69 537
69 556
69 579
69 638
69 662
69 774
69 860
69 977
69 1012
70 265
70 272
70 275
70 306
70 370
70 578
70 595
70 602
70 637
70 757
70 862
70 865
70 875
70 887
70 929
70 990
70 1015
71 163
71 225
71 379
71 435
71 699
71 845
71 986
72 117
72 186
72 228
72 372
72 436
72 450
72 508
72 534
72 562
72 684
72 686
72 821
72 927
72 965
72 971
72 1011
73 74
73 82
73 172
73 222
73 406
73 479
73 570
73 656
73 674
73 915
74 194
74 229
74 326
74 357
74 358
74 389
74 416
74 491
74 669
74 734
74 833
74 986
74 994
75 93
75 179
75 185
75 204
75 230
75 271
75 375
75 526
75 585
75 719
75 722
75 849
75 875
75 941
76 312
76 463
76 563
76 614
76 634
76 795
76 814
76 865
76 886
76 1017
77 267
77 445
77 458
77 685
77 752
77 836
77 920
77 994
77 1004
78 121
78 249
78 343
78 395
78 414
78 419
78 421
78 601
78 612
78 652
78 673
78 722
78 809
78 869
78 893
78 994
79 95
79 320
79 351
79 358
79 429
79 603
79 627
79 843
79 876
79 893
79 916
79 959
80 199
80 257
80 286
80 513
80 595
80 699
80 711
80 731
80 742
80 774
80 826
80 876
80 963
81 139
81 172
81 294
81 322
81 411
81 417
81 426
81 447
81 701
81 713
81 724
81 787
81 847
82 102
82 111
82 118
82 142
82 261
82 302
82 385
82 474
82 552
82 731
82 759
82 772
82 789
82 793
82 954
82 993
82 1009
83 329
83 340
83 381
83 457
83 463
83 481
83 728
83 817
83 933
83 986
84 98
84 176
84 225
84 237
84 473
84 601
84 808
84 869
84 981
85 130
85 179
85 306
85 409
85 426
85 471
85 476
85 492
85 529
85 568
85 588
85 721
85 819
85 825
86 95
86 141
86 268
86 301
86 371
86 445
86 469
86 610
86 646
86 702
86 806
86 956
86 973
86 1005
86 1022
87 128
87 316
87 448
87 484
87 609
87 702
87 1006
87 1011
88 131
88 270
88 329
88 467
88 478
88 865
88 922
88 963
88 979
89 103
89 245
89 384
89 572
89 686
89 932
90 151
90 238
90 300
90 474
90 483
90 553
90 652
90 729
90 819
90 841
90 856
90 884
90 971
90 1005
91 141
91 148
91 167
91 274
91 387
91 450
91 516
91 520
91 558
91 569
91 758
92 93
92 116
92 127
92 149
92 343
92 370
92 409
92 493
92 502
92 538
92 573
92 581
92 616
92 671
92 834
92 929
92 933
93 119
93 120
93 156
93 222
93 265
93 289
93 356
93 399
93 433
93 436
93 535
93 539
93 631
93 642
93 647
93 695
93 855
93 920
93 924
93 980
94 104
94 297
94 539
94 607
94 678
94 722
94 732
94 791
94 856
94 927
94 951
94 961
95 160
95 220
95 250
95 266
95 381
95 422
95 449
95 580
95 617
95 713
95 739
95 821
95 986
96 126
96 220
96 255
96 281
96 382
96 435
96 497
96 573
96 597
96 614
96 621
96 773
96 878
96 888
97 183
97 219
97 245
97 315
97 345
97 440
97 528
97 598
97 656
97 744
97 787
97 854
97 921
97 955
97 966
97 999
98 266
98 268
98 307
98 376
98 435
98 442
98 505
98 573
98 582
98 694
98 699
98 817
99 140
99 344
99 408
99 425
99 443
99 468
99 549
99 664
99 798
99 855
99 977
100 187
100 214
100 219
100 227
100 248
100 275
100 276
100 354
100 419
100 479
100 490
100 579
100 720
100 890
100 927
101 110
101 153
101 205
101 222
101 234
101 263
101 348
101 367
101 374
101 402
101 511
101 687
101 715
101 783
101 897
101 911
101 914
102 125
102 181
102 231
102 368
102 383
102 415
102 521
102 579
102 680
102 702
102 703
102 794
102 823
103 270
103 354
103 363
103 509
103 556
103 725
103 756
103 894
103 941
103 994
104 215
104 218
104 458
104 599
104 696
104 801
104 838
104 918
104 924
104 941
104 980
105 250
105 277
105 435
105 441
105 460
105 552
105 866
105 955
106 135
106 226
106 392
106 596
106 627
106 738
106 799
106 845
106 862
106 1019
107 131
107 132
107 246
107 376
107 395
107 443
107 461
107 499
107 555
107 571
107 581
107 695
107 704
107 737
107 795
107 832
107 902
107 954
107 969
108 290
108 353
108 418
108 431
108 495
108 629
108 993
109 151
109 256
109 362
109 391
109 414
109 468
109 700
109 737
109 793
109 817
109 886
110 233
110 528
111 130
111 136
111 139
111 157
111 192
111 290
111 315
111 340
111 367
111 416
111 494
111 599
111 645
111 656
111 661
111 713
111 748
111 821
111 883
112 157
112 317
112 353
112 471
112 505
112 555
112 601
112 648
112 757
112 827
112 835
112 1007
112 1017
113 182
113 252
113 297
113 340
113 380
113 454
113 478
113 492
113 545
113 546
113 561
113 586
113 601
113 689
113 711
113 780
113 821
113 852
113 935
113 952
113 979
113 988
113 996
114 147
114 287
114 296
114 339
114 384
114 422
114 441
114 478
114 490
114 746
114 969
115 120
115 138
115 347
115 402
115 708
115 715
115 744
115 855
115 1014
116 124
116 337
116 442
116 481
116 578
116 819
116 840
116 847
116 876
116 891
116 903
116 984
116 997
117 206
117 218
117 291
117 359
117 412
117 534
117 704
117 752
117 794
117 817
117 837
117 912
117 949
118 127
118 151
118 280
118 319
118 402
118 430
118 433
118 664
118 684
118 759
118 761
118 778
118 793
118 960
119 292
119 307
119 421
119 432
119 623
119 727
119 954
119 1018
120 423
120 435
120 503
120 544
120 564
120 681
120 758
120 766
120 787
120 793
120 806
120 809
120 923
120 928
120 1013
121 288
121 296
121 319
121 330
121 391
121 458
121 545
121 569
121 601
121 606
121 607
121 709
121 728
121 834
121 864
121 870
121 911
121 933
121 949
121 1013
122 210
122 254
122 312
122 352
122 366
122 451
122 462
122 471
122 551
122 592
122 616
122 665
122 708
122 745
122 1005
122 1020
123 184
123 221
123 233
123 267
123 288
123 414
123 549
123 558
123 588
123 636
123 725
123 759
123 804
123 848
123 922
123 930
123 939
123 961
124 181
124 246
124 277
124 498
124 636
124 642
124 672
124 964
124 968
125 130
125 308
125 375
125 380
125 388
125 405
125 407
125 534
125 551
125 557
125 716
125 1004
125 1015
126 211
126 235
126 252
126 260
126 430
126 455
126 477
126 495
126 649
126 786
126 856
126 895
126 904
126 1017
127 624
127 876
127 913
128 185
128 200
128 232
128 309
128 364
128 471
128 480
128 522
128 611
128 664
128 774
128 801
128 928
129 143
129 230
129 270
129 343
129 446
129 633
129 775
129 823
129 908
129 926
129 981
130 195
130 224
130 236
130 237
130 250
130 274
130 309
130 374
130 386
130 550
130 560
130 601
130 679
130 805
130 877
130 886
130 902
131 179
131 231
131 277
131 500
131 521
131 627
131 757
131 833
131 848
131 863
131 893
131 1014
132 175
132 208
132 429
132 451
132 456
132 576
132 582
132 734
132 747
132 776
132 779
132 973
133 146
133 156
133 252
133 265
133 315
133 363
133 365
133 391
133 451
133 483
133 485
133 492
133 626
133 847
133 922
133 945
133 1009
134 305
134 407
134 421
134 477
134 502
134 813
134 836
134 844
134 986
135 158
135 173
135 224
135 232
135 242
135 249
135 251
135 304
135 390
135 492
135 626
135 783
135 801
135 898
135 922
135 983
135 1009
136 143
136 245
136 463
136 622
136 639
136 720
136 759
136 772
136 807
136 814
136 921
136 962
136 982
136 990
137 188
137 268
137 299
137 314
137 397
137 459
137 755
137 816
137 926
137 957
138 277
138 418
138 426
138 538
138 647
138 705
138 733
138 814
138 837
138 915
138 957
138 1002
139 157
139 163
139 205
139 247
139 337
139 340
139 373
139 593
139 597
139 804
139 940
139 944
139 990
140 288
140 462
140 489
140 508
140 649
140 676
140 916
140 957
140 976
141 347
141 409
141 488
141 501
141 589
141 871
141 885
141 923
142 163
142 185
142 278
142 292
142 398
142 432
142 480
142 508
142 537
142 629
142 649
142 700
142 736
142 835
142 896
142 927
142 1004
143 157
143 206
143 215
143 228
143 495
143 615
143 663
143 709
143 753
143 860
143 890
144 166
144 405
144 556
144 994
144 999
145 286
145 322
145 334
145 375
145 427
145 434
145 457
145 487
145 683
145 789
145 937
146 152
146 205
146 357
146 385
146 735
146 784
146 845
146 932
147 175
147 188
147 201
147 202
147 267
147 324
147 412
147 461
147 548
147 771
147 773
147 816
147 820
147 827
147 907
147 969
147 997
148 419
148 446
148 451
148 579
148 623
148 699
148 809
148 815
148 978
148 992
149 222
149 276
149 412
149 564
149 596
149 671
149 956
149 958
149 980
149 997
150 257
150 404
150 498
150 697
150 723
150 798
150 882
150 1011
150 1023
151 168
151 176
151 315
151 413
151 470
151 481
151 491
151 528
151 610
151 960
152 168
152 177
152 309
152 414
152 484
152 550
152 617
152 682
152 761
152 789
152 791
152 851
152 862
152 869
152 935
152 942
152 986
153 291
153 352
153 372
153 393
153 417
153 425
153 486
153 508
153 518
153 545
153 556
153 651
153 821
153 822
153 840
153 884
153 960
153 1005
154 241
154 310
154 354
154 615
154 624
154 655
154 730
154 801
154 809
154 839
154 847
154 928
154 973
155 277
155 313
155 418
155 440
155 601
155 781
155 794
155 800
155 977
156 229
156 244
156 381
156 410
156 469
156 517
156 569
156 593
156 751
156 775
157 371
157 696
157 733
157 753
157 921
158 230
158 279
158 318
158 379
158 405
158 505
158 541
158 573
158 708
158 709
158 724
158 775
158 878
158 880
158 882
158 965
159 213
159 258
159 291
159 497
159 562
159 592
159 765
159 791
159 920
159 962
159 989
159 1017
160 263
160 310
160 514
160 738
160 741
160 743
160 785
160 845
160 956
160 1012
161 220
161 229
161 318
161 375
161 389
161 479
161 583
161 601
161 742
161 813
161 885
161 893
162 163
162 242
162 246
162 263
162 282
162 340
162 521
162 701
162 703
162 714
162 725
162 794
162 845
162 1002
162 1014
163 213
163 274
163 384
163 387
163 416
163 513
163 519
163 562
163 586
163 587
163 676
163 786
163 796
163 802
163 912
163 986
164 340
164 365
164 515
164 564
164 593
164 634
164 701
164 749
164 751
164 808
164 828
164 845
164 947
164 957
165 329
165 500
165 567
165 591
165 618
165 686
165 962
166 229
166 306
166 480
166 551
166 642
166 663
166 666
166 685
166 769
166 827
166 836
166 842
166 926
166 1011
167 193
167 210
167 216
167 270
167 325
167 422
167 500
167 507
167 570
167 600
167 791
167 928
167 1012
168 169
168 203
168 288
168 342
168 386
168 451
168 467
168 491
168 586
168 786
169 194
169 196
169 229
169 325
169 447
169 501
169 519
169 540
169 697
169 722
169 803
169 957
170 269
170 313
170 352
170 399
170 427
170 463
170 484
170 544
170 576
170 613
170 647
170 753
170 780
170 800
170 860
170 942
170 943
170 948
170 997
171 222
171 229
171 284
171 287
171 379
171 389
171 394
171 405
171 451
171 521
171 528
171 529
171 563
171 622
171 769
171 838
171 855
171 1015
172 215
172 293
172 541
172 599
172 695
172 727
173 322
173 410
173 475
173 591
173 604
173 619
173 741
173 778
173 896
173 953
174 388
174 406
174 433
174 451
174 535
174 677
174 843
174 900
174 922
175 349
175 375
175 419
175 671
175 705
175 752
175 795
175 805
175 922
176 179
176 204
176 239
176 252
176 299
176 315
176 321
176 355
176 406
176 465
176 547
176 640
176 705
176 709
176 733
176 843
176 854
176 940
176 942
177 229
177 256
177 293
177 312
177 321
177 327
177 505
177 554
177 597
177 604
177 674
177 694
177 754
177 779
177 793
177 867
177 871
177 944
177 958
177 996
178 194
178 335
178 379
178 423
178 517
178 574
178 589
178 835
178 972
179 187
179 204
179 486
179 604
179 722
179 733
179 914
179 1014
180 187
180 441
180 498
180 578
180 739
180 746
180 810
180 815
180 944
180 998
180 1023
181 299
181 307
181 414
181 513
181 525
181 589
181 595
181 713
181 901
181 972
182 249
182 282
182 309
182 327
182 349
182 384
182 446
182 512
182 575
182 599
182 773
182 838
182 855
182 896
182 957
182 965
182 981
182 1022
183 191
183 223
183 284
183 469
183 635
183 729
183 766
183 808
183 841
184 246
184 271
184 302
184 331
184 341
184 531
184 550
184 569
184 620
184 749
184 872
184 930
184 989
185 409
185 432
185 513
185 522
185 536
185 756
185 897
185 915
185 936
185 939
185 955
185 1019
186 214
186 244
186 245
186 273
186 298
186 315
186 419
186 451
186 498
186 553
186 586
186 666
186 788
187 270
187 278
187 401
187 521
187 551
187 563
187 675
187 745
187 787
187 810
187 900
187 906
188 248
188 250
188 411
188 582
188 648
188 766
188 787
188 790
188 959
188 976
188 979
188 981
189 236
189 242
189 342
189 367
189 391
189 612
189 724
189 791
189 851
190 233
190 268
190 318
190 336
190 464
190 479
190 502
190 513
190 561
190 616
190 710
190 773
190 898
190 986
191 209
191 331
191 421
191 422
191 460
191 466
191 481
191 484
191 519
191 525
191 537
191 677
191 699
191 714
191 807
191 918
192 205
192 362
192 459
192 525
192 631
192 685
192 763
192 790
192 829
192 973
192 976
193 258
193 419
193 577
193 605
193 668
193 711
193 726
193 746
193 808
193 829
193 961
193 996
193 1002
194 275
194 293
194 363
194 666
194 997
195 277
195 302
195 329
195 380
195 415
195 556
195 557
195 618
195 621
195 636
195 662
195 706
195 759
195 786
196 270
196 288
196 341
196 521
196 543
196 591
196 621
196 628
196 702
196 910
197 519
197 727
197 803
197 834
197 962
198 211
198 232
198 539
198 557
198 568
198 633
198 709
198 738
198 928
198 1019
199 315
199 398
199 444
199 462
199 497
199 536
199 744
199 795
199 803
199 962
199 998
200 280
200 308
200 354
200 407
200 426
200 477
200 778
200 786
200 789
200 926
201 248
201 662
201 699
201 767
201 868
201 1012
202 203
202 256
202 262
202 354
202 371
202 415
202 482
202 632
202 636
202 794
202 823
202 851
202 930
202 1017
203 229
203 261
203 330
203 438
203 626
203 754
203 788
203 857
204 430
204 479
204 588
204 650
204 760
204 766
204 806
204 884
204 959
204 962
204 974
204 994
204 1000
204 1001
204 1012
204 1016
205 215
205 294
205 382
205 500
205 520
205 666
205 736
205 758
205 856
205 877
205 878
206 251
206 473
206 573
206 635
206 650
206 669
206 670
206 673
206 706
206 732
206 836
206 973
206 996
207 329
207 434
207 624
207 737
207 786
207 824
207 986
208 266
208 371
208 481
208 502
208 544
208 581
208 800
208 823
208 864
208 905
208 967
209 313
209 375
209 396
209 620
209 663
209 675
209 756
209 1012
209 1014
210 328
210 356
210 429
210 536
210 540
210 577
210 631
210 633
210 652
210 726
210 805
210 814
210 834
211 333
211 347
211 444
211 455
211 545
211 648
211 653
211 655
211 696
211 846
211 878
211 912
211 960
212 264
212 456
212 591
212 617
212 659
212 763
212 817
212 837
212 914
212 919
212 992
213 239
213 383
213 405
213 414
213 430
213 472
213 492
213 553
213 569
213 575
213 638
213 651
213 752
213 789
213 817
213 827
213 911
213 945
214 366
214 392
214 404
214 468
214 502
214 524
214 526
214 541
214 669
214 770
214 771
214 817
215 238
215 241
215 365
215 477
215 480
215 481
215 686
215 796
215 821
215 850
215 910
216 401
216 441
216 459
216 463
216 508
216 725
216 766
216 879
216 911
216 960
216 974
217 430
217 567
217 575
217 694
217 787
217 966
218 381
218 409
218 576
218 697
218 968
218 978
219 261
219 301
219 326
219 434
219 476
219 655
219 667
219 857
219 874
219 990
220 318
220 338
220 419
220 430
220 505
220 544
220 554
220 564
220 677
220 814
220 861
220 937
220 996
220 1019
221 228
221 240
221 325
221 393
221 399
221 436
221 445
221 675
221 730
221 786
221 908
222 238
222 321
222 441
222 594
222 710
222 846
222 992
223 263
223 332
223 346
223 471
223 493
223 561
223 600
223 610
223 745
223 876
223 892
223 965
224 258
224 314
224 618
224 641
224 718
224 778
224 808
224 830
224 865
224 1023
225 464
225 646
225 768
225 773
225 818
225 832
225 911
225 1011
226 228
226 263
226 302
226 383
226 471
226 522
226 591
226 599
226 654
226 658
226 683
226 721
226 761
226 788
226 816
226 833
226 851
227 342
227 352
227 360
227 478
227 569
227 607
227 639
227 741
227 787
227 790
227 993
227 1021
228 290
228 351
228 565
228 598
228 631
228 641
228 661
228 714
228 798
228 825
228 903
228 985
229 400
229 508
229 667
229 816
229 817
229 854
230 237
230 240
230 246
230 256
230 272
230 353
230 397
230 448
230 460
230 467
230 572
230 584
230 667
230 721
230 769
230 1012
231 260
231 269
231 336
231 392
231 418
231 516
231 520
231 544
231 548
231 631
231 701
231 710
231 841
231 843
232 236
232 238
232 284
232 465
232 493
232 527
232 616
232 624
232 679
232 701
232 719
232 769
232 785
232 795
232 840
232 875
232 942
232 983
233 259
233 294
233 312
233 328
233 360
233 503
233 593
233 605
233 627
233 665
233 796
233 827
233 844
234 299
234 336
234 421
234 427
234 614
234 646
234 727
234 797
234 911
234 920
235 241
235 245
235 298
235 356
235 553
235 590
235 713
235 744
235 791
235 868
235 889
235 902
235 921
235 982
235 983
236 280
236 434
236 615
236 643
236 656
236 673
236 772
236 950
237 252
237 372
237 483
237 488
237 495
237 615
237 753
237 807
237 861
238 479
238 596
238 623
238 706
238 783
238 801
238 904
238 905
238 937
239 249
239 252
239 342
239 347
239 369
239 380
239 496
239 517
239 531
239 552
239 599
239 600
239 623
239 726
239 836
239 944
239 957
240 283
240 287
240 393
240 443
240 581
240 726
240 746
240 776
240 845
241 315
241 330
241 395
241 487
241 502
241 787
241 842
241 845
241 848
241 858
241 930
241 989
241 1006
242 294
242 419
242 495
242 669
242 687
242 716
242 749
242 768
242 797
242 926
243 256
243 307
243 373
243 562
243 776
243 798
243 827
243 1005
244 286
244 303
244 310
244 317
244 595
244 869
244 920
244 931
244 991
245 283
245 352
245 379
245 494
245 701
245 732
245 756
245 778
245 824
245 834
245 877
245 978
245 1012
246 318
246 507
246 600
246 602
246 653
246 732
246 760
246 823
246 845
246 859
246 919
246 941
246 976
246 978
247 345
247 394
247 524
247 642
247 679
247 757
247 949
247 995
247 1007
248 266
248 395
248 419
248 423
248 477
248 484
248 515
248 665
248 697
248 715
248 721
248 888
249 254
249 263
249 349
249 551
249 578
249 579
249 651
249 673
249 933
249 1020
250 367
250 374
250 487
250 555
250 647
250 699
250 791
250 798
250 849
250 896
251 453
251 512
251 580
251 621
251 649
251 671
251 716
251 726
251 795
251 1002
252 653
252 758
252 812
252 1002
252 1006
253 391
253 425
253 433
253 532
253 552
253 554
253 580
253 583
253 600
253 636
253 702
253 867
254 326
254 387
254 434
254 531
254 592
254 676
254 728
254 736
254 823
254 861
254 959
255 286
255 287
255 311
255 333
255 390
255 430
255 446
255 668
255 870
255 934
255 942
255 1018
256 354
256 366
256 396
256 419
256 448
256 465
256 491
256 553
256 573
256 600
256 660
256 662
256 857
256 887
256 972
256 977
257 308
257 356
257 413
257 435
257 528
257 537
257 572
257 587
257 985
258 378
258 616
258 683
258 726
258 730
258 756
258 774
258 782
258 861
258 876
259 340
259 799
259 851
260 292
260 354
260 454
260 497
260 524
260 646
260 658
260 702
260 732
260 758
260 843
260 902
260 915
260 931
260 934
261 358
261 495
261 599
261 621
261 703
261 764
261 804
261 868
261 878
261 895
261 932
261 939
261 972
261 992
262 372
262 558
262 579
262 620
262 632
262 719
262 893
262 923
262 985
263 286
263 369
263 678
263 894
263 912
263 970
264 406
264 414
264 553
264 595
264 822
264 963
265 363
265 399
265 435
265 537
265 543
265 717
265 721
265 736
265 743
265 752
265 758
265 807
265 877
265 883
265 914
265 946
266 304
266 308
266 312
266 354
266 399
266 513
266 643
266 658
266 677
266 706
266 895
266 1001
267 312
267 529
267 571
267 624
267 699
267 767
267 852
267 940
267 946
267 969
267 1004
268 289
268 305
268 335
268 640
268 655
268 667
268 726
268 734
268 753
268 774
268 796
268 813
268 935
268 1001
269 351
269 392
269 438
269 489
269 492
269 664
269 719
269 860
269 968
269 981
270 314
270 376
270 390
270 447
270 473
270 568
270 572
270 668
270 684
270 872
271 323
271 449
271 467
271 545
271 552
271 560
271 641
271 643
271 727
271 745
271 818
271 879
271 892
272 547
272 574
272 620
272 672
272 689
272 744
272 760
272 775
272 820
272 871
272 891
272 892
272 900
272 925
273 300
273 434
273 440
273 554
273 587
273 706
273 749
273 758
274 467
274 573
274 590
274 633
274 852
274 854
274 905
274 918
274 942
275 328
275 332
275 783
275 789
275 807
275 879
275 904
275 960
275 980
276 325
276 480
276 485
276 509
276 592
276 617
276 699
276 716
276 718
276 774
276 791
276 812
276 881
276 886
276 894
276 909
276 940
277 292
277 299
277 406
277 450
277 530
277 560
277 605
277 750
277 835
277 930
278 321
278 329
278 538
278 604
278 609
278 634
278 645
278 667
278 669
278 1016
279 373
279 457
279 477
279 493
279 542
279 555
279 598
279 639
279 779
279 812
279 890
279 893
279 917
280 360
280 373
280 394
280 412
280 432
280 503
280 682
280 698
280 758
280 765
280 843
280 911
280 915
280 938
280 947
281 381
281 433
281 457
281 464
281 555
281 631
281 655
281 684
281 819
281 1009
282 316
282 377
282 395
282 496
282 522
282 577
282 615
282 651
282 718
282 825
282 868
282 918
282 935
282 953
283 334
283 342
283 494
283 604
283 619
283 680
283 710
283 722
283 781
283 825
283 870
283 960
284 307
284 363
284 415
284 592
284 620
284 643
284 670
284 780
284 858
284 861
284 919
285 413
285 440
285 668
285 848
285 875
285 995
286 335
286 349
286 359
286 401
286 417
286 494
286 593
286 596
286 604
286 884
286 965
287 321
287 430
287 439
287 440
287 533
287 630
287 676
287 680
287 710
287 726
287 752
287 763
287 776
287 785
287 865
287 979
287 985
287 987
288 290
288 317
288 356
288 435
288 437
288 555
288 559
288 767
288 857
288 1009
289 328
289 381
289 448
289 483
289 491
289 596
289 688
289 783
289 821
289 856
289 867
289 1013
290 313
290 427
290 435
290 438
290 479
290 623
290 662
290 697
290 799
290 804
290 876
290 896
290 920
290 960
290 978
291 304
291 322
291 400
291 498
291 515
291 567
291 634
291 668
291 848
291 864
291 877
291 1004
292 370
292 386
292 398
292 459
292 495
292 706
292 708
292 790
292 791
292 907
292 936
292 1022
293 324
293 384
293 397
293 399
293 427
293 638
293 745
293 863
293 865
293 898
294 426
294 438
294 579
294 582
294 677
294 740
294 770
294 803
294 875
294 933
294 1008
295 346
295 409
295 420
295 422
295 625
295 681
295 775
296 333
296 361
296 377
296 451
296 507
296 521
296 640
296 686
296 695
296 841
296 853
296 858
296 941
296 991
296 996
297 302
297 409
297 492
297 588
297 597
297 701
297 708
297 714
297 804
297 830
297 861
297 884
297 891
298 333
298 398
298 594
298 613
298 679
298 718
298 728
298 776
298 788
298 794
298 902
298 1015
299 305
299 384
299 569
299 629
299 630
299 631
299 678
299 784
299 862
299 886
299 952
299 956
299 998
300 329
300 429
300 440
300 495
300 588
300 834
300 888
301 335
301 400
301 425
301 458
301 479
301 540
301 640
301 773
301 869
301 1016
301 1017
302 320
302 369
302 428
302 440
302 465
302 649
302 695
302 769
302 787
302 1012
303 361
303 401
303 461
303 472
303 480
303 564
303 646
303 737
303 758
303 794
303 828
303 912
303 975
304 469
304 592
304 726
304 771
305 327
305 470
305 595
305 619
305 651
305 652
305 805
305 907
305 920
305 923
305 928
305 945
305 1018
306 310
306 462
306 621
306 650
306 736
306 757
306 761
307 338
307 519
307 641
307 666
307 729
307 853
307 868
307 883
307 930
308 405
308 416
308 458
308 470
308 476
308 521
308 523
308 541
308 576
308 648
308 851
308 853
308 903
308 910
308 1017
309 512
309 558
309 568
309 610
309 740
309 872
309 1002
310 327
310 334
310 358
310 374
310 477
310 569
310 611
310 620
310 759
310 813
310 820
311 387
311 466
311 571
311 740
311 747
311 784
311 790
311 835
312 357
312 445
312 448
312 473
312 603
312 609
312 946
312 968
312 998
312 1000
313 339
313 345
313 415
313 431
313 657
313 701
313 730
313 751
313 810
313 871
313 988
314 716
314 819
314 1012
315 344
315 407
315 411
315 433
315 464
315 513
315 590
315 623
315 782
315 910
315 983
316 494
316 643
316 651
316 681
316 747
316 815
316 890
316 895
316 949
316 962
316 972
316 982
316 993
317 522
317 594
317 660
317 779
317 803
317 859
317 943
317 977
318 346
318 385
318 407
318 465
318 499
318 668
318 676
318 785
318 832
318 966
318 1012
319 331
319 401
319 526
319 569
319 586
319 587
319 667
319 714
319 785
319 843
320 333
320 351
320 413
320 493
320 578
320 680
320 883
320 936
321 356
321 718
321 747
321 758
321 771
321 793
321 818
321 878
321 902
321 918
321 945
321 947
321 988
322 327
322 400
322 409
322 419
322 547
322 683
322 853
322 857
322 898
322 901
323 331
323 371
323 417
323 462
323 469
323 479
323 513
323 519
323 595
323 605
323 785
324 460
324 505
324 578
324 583
324 695
324 742
324 770
324 774
324 892
324 893
324 925
324 955
324 993
324 998
325 482
325 543
325 664
325 700
325 704
325 787
325 797
325 818
325 820
325 874
325 878
325 1004
326 389
326 581
326 754
326 813
326 864
326 888
327 449
327 590
327 638
327 794
327 811
327 941
327 950
327 968
327 985
327 1018
328 556
328 790
328 791
328 906
329 370
329 535
329 586
329 593
329 676
329 704
329 813
329 824
329 861
329 1003
330 376
330 454
330 599
330 702
330 747
330 748
330 749
330 858
331 490
331 706
331 711
331 768
331 772
331 930
331 948
331 982
331 1001
332 365
332 496
332 507
332 521
332 559
332 660
332 686
332 754
332 763
332 949
332 974
332 1008
333 368
333 498
333 639
333 722
334 349
334 363
334 365
334 448
334 519
334 582
334 644
334 654
334 673
334 738
334 841
334 877
334 901
335 337
335 443
335 518
335 587
335 657
335 750
335 753
335 857
335 893
335 962
335 1000
336 390
336 411
336 588
336 590
336 646
336 673
336 861
336 913
336 997
336 1018
337 428
337 507
337 634
337 654
337 780
337 835
337 905
337 975
337 1007
338 340
338 360
338 467
338 615
338 797
338 866
338 914
338 926
339 365
339 482
339 496
339 514
339 641
339 660
339 683
339 757
339 777
339 779
339 881
339 956
339 1002
340 390
340 405
340 414
340 573
340 693
340 739
340 780
340 801
340 1001
340 1004
341 347
341 449
341 456
341 818
341 828
341 948
341 1001
341 1002
342 390
342 411
342 465
342 476
342 524
342 554
342 630
342 663
342 686
342 736
342 845
342 860
342 878
342 912
343 378
343 435
343 496
343 509
343 538
343 586
343 639
343 711
343 794
343 917
344 522
344 546
344 708
344 740
344 874
344 947
344 1001
345 360
345 437
345 493
345 518
345 524
345 585
345 597
345 633
345 855
345 975
345 986
345 1006
346 354
346 417
346 484
346 577
346 651
346 682
346 684
346 689
346 691
346 778
346 793
346 863
346 899
346 976
347 371
347 462
347 563
347 670
347 760
347 783
347 867
347 889
347 895
347 952
347 962
347 1010
348 389
348 400
348 584
348 664
348 705
348 858
348 903
348 915
348 1006
349 403
349 684
349 883
349 890
349 1004
350 377
350 446
350 548
350 556
350 589
350 616
350 787
350 825
350 909
350 960
351 363
351 493
351 538
351 542
351 550
351 654
351 928
351 935
351 985
351 1022
352 533
352 553
352 638
352 761
352 763
352 776
352 833
352 892
352 905
352 951
353 502
353 558
353 618
353 634
353 642
353 672
353 722
353 871
353 926
353 929
354 363
354 417
354 572
354 702
354 751
354 802
354 874
354 934
355 390
355 497
355 577
355 600
355 648
355 710
355 775
355 807
355 822
355 959
355 962
356 419
356 661
356 670
356 795
356 850
356 861
356 908
356 950
356 963
356 992
356 1012
357 358
357 431
357 589
357 709
357 734
357 754
357 787
357 788
357 860
357 877
357 884
357 894
357 908
357 949
357 953
357 971
357 1018
358 627
358 730
358 779
358 850
358 950
359 404
359 499
359 606
359 621
359 653
359 788
359 926
359 955
360 446
360 695
360 885
360 910
360 1021
361 487
361 651
361 931
361 945
361 976
362 466
362 764
362 883
362 925
362 963
362 998
363 505
363 541
363 720
363 901
363 948
363 980
364 401
364 418
364 542
364 564
364 590
364 664
364 928
365 440
365 508
365 682
365 706
365 740
365 847
365 983
365 985
366 518
366 634
366 692
366 759
367 519
367 652
367 691
367 760
367 840
367 876
367 920
367 925
367 939
367 1013
368 427
368 434
368 435
368 773
368 779
368 824
368 906
368 937
368 948
369 523
369 535
369 641
369 693
369 694
369 727
369 781
369 833
369 933
369 968
370 582
370 671
370 760
370 832
370 873
370 900
370 908
370 974
370 1012
371 642
371 716
371 868
371 948
371 985
372 407
372 497
372 555
372 558
372 567
372 723
372 814
372 821
372 837
372 923
372 982
373 461
373 576
373 645
373 719
373 748
373 772
373 847
373 907
373 935
374 379
374 480
374 512
374 712
374 834
374 939
374 943
375 463
375 484
375 555
375 633
375 710
375 761
375 832
375 879
375 882
375 892
376 399
376 406
376 413
376 458
376 463
376 466
376 571
376 596
376 798
376 921
376 1023
377 481
377 488
377 592
377 631
377 816
377 833
377 837
377 942
378 517
378 534
378 652
378 945
378 984
379 445
379 477
379 517
379 548
379 555
379 743
379 835
379 955
380 477
380 578
380 590
380 705
380 709
380 887
380 902
380 955
381 419
381 481
381 504
381 616
381 664
381 766
381 778
381 812
381 864
381 875
381 883
381 1011
382 402
382 453
382 517
382 554
382 576
382 736
382 778
382 792
382 814
382 942
382 947
382 1019
383 418
383 491
383 562
383 703
383 713
383 730
383 768
383 783
383 784
383 869
383 934
383 967
384 396
384 445
384 677
384 773
384 777
384 797
384 966
385 447
385 524
385 544
385 634
385 657
385 669
385 707
385 730
385 955
385 972
385 983
386 432
386 471
386 495
386 809
386 840
386 876
387 454
387 540
387 693
387 772
387 835
387 851
387 852
387 900
387 920
388 422
388 551
388 625
388 636
388 670
388 698
388 719
388 797
388 803
388 821
388 824
388 970
389 491
389 542
389 573
389 588
389 641
389 651
389 683
389 753
389 882
389 953
389 978
389 994
390 466
390 481
390 559
390 635
390 849
390 913
391 398
391 486
391 732
391 803
391 850
391 863
391 1022
392 420
392 490
392 774
392 818
392 933
393 436
393 513
393 760
393 852
393 967
393 988
394 622
394 628
394 629
394 643
394 758
394 771
394 776
394 781
394 890
394 964
394 973
395 403
395 519
395 580
395 641
395 682
395 734
395 764
395 845
395 871
396 460
396 506
396 513
396 558
396 809
396 902
396 943
397 432
397 509
397 561
397 656
397 685
397 694
397 717
397 761
397 819
397 915
398 439
398 468
398 488
398 566
398 617
398 847
398 1015
399 487
399 500
399 618
399 640
399 719
399 836
399 894
399 901
399 902
399 950
399 1005
400 418
400 481
400 567
400 630
400 640
400 793
400 818
400 896
400 922
401 452
401 468
401 474
401 510
401 535
401 663
401 665
401 739
401 819
401 844
401 979
402 420
402 482
402 486
402 536
402 561
402 588
402 689
402 709
402 718
402 739
402 878
402 902
402 912
402 914
402 941
403 439
403 457
403 539
403 581
403 650
403 653
403 882
403 930
403 973
404 472
404 673
404 764
404 804
404 900
404 973
404 974
404 979
405 412
405 429
405 476
405 510
405 523
405 669
405 717
405 748
405 791
405 858
405 887
405 920
406 423
406 553
406 598
406 704
406 726
406 728
406 816
406 937
407 467
407 498
407 553
407 594
407 597
407 622
407 652
407 712
407 795
407 929
408 434
408 473
408 530
408 646
408 727
408 748
408 756
408 830
408 837
409 503
409 527
409 692
409 900
409 938
409 985
409 992
410 416
410 717
410 773
410 854
410 882
410 902
410 908
410 983
411 423
411 467
411 474
411 491
411 607
411 666
411 717
411 753
411 787
411 809
411 832
412 414
412 607
412 656
412 833
412 905
412 939
413 549
413 624
413 651
413 745
414 419
414 433
414 716
414 793
414 847
414 849
414 1016
415 501
415 881
416 510
416 665
416 730
416 798
416 919
417 663
417 670
417 694
417 737
417 749
417 805
417 861
417 891
417 900
417 935
418 630
418 705
418 737
418 743
418 769
418 955
419 450
419 453
419 461
419 543
419 721
419 799
419 855
419 863
419 870
419 883
419 900
420 632
420 691
420 700
420 725
420 800
420 805
420 937
420 982
421 479
421 487
421 577
421 666
421 691
421 730
421 767
421 861
421 875
421 898
421 978
422 558
422 604
422 626
422 651
422 702
422 786
422 794
422 834
422 945
423 478
423 496
423 576
423 664
423 741
423 782
423 827
423 828
423 878
423 936
424 645
424 701
424 877
424 948
424 952
424 980
424 1012
425 430
425 488
425 552
425 742
425 769
425 846
425 848
425 902
425 968
426 467
426 521
426 531
426 562
426 578
426 597
426 642
426 668
426 785
426 839
426 867
426 889
427 520
427 537
427 539
427 569
427 883
427 910
427 1009
428 442
428 466
428 497
428 586
428 661
428 681
428 753
428 763
428 899
428 1009
429 526
429 598
429 609
429 613
429 731
429 1015
429 1019
430 784
430 864
430 872
430 911
430 913
430 949
431 458
431 459
431 477
431 489
431 560
431 585
431 695
432 523
432 525
432 545
432 561
432 597
432 657
432 672
432 706
432 794
432 929
433 465
433 778
433 812
433 984
434 489
435 460
435 537
435 670
435 725
435 829
435 833
435 896
435 898
436 594
436 966
437 472
437 478
437 610
437 802
437 838
437 899
437 908
437 1003
437 1008
437 1019
438 471
438 518
438 552
438 587
438 680
438 686
438 841
438 851
438 933
438 950
438 966
438 1012
439 482
439 618
439 661
439 683
439 852
439 962
439 975
440 464
440 654
440 702
440 730
440 801
440 816
440 829
440 860
440 971
441 482
441 491
441 661
441 663
441 816
441 829
441 958
442 497
442 574
442 631
442 682
442 819
442 879
442 891
442 971
442 986
442 1013
443 490
443 542
443 650
443 781
443 834
443 842
443 898
443 948
444 464
444 540
444 599
444 635
444 751
444 777
444 835
444 875
444 892
444 900
445 454
445 564
445 566
446 704
446 772
446 874
446 959
446 978
446 1001
447 540
447 705
447 778
447 925
448 562
448 613
448 614
448 625
448 744
448 816
448 873
448 884
448 939
449 839
449 902
449 977
449 1007
450 862
451 493
451 497
451 508
451 572
451 594
451 641
451 685
451 741
451 745
451 843
451 851
451 884
452 599
452 606
452 781
453 559
453 576
453 772
453 900
454 463
454 531
454 578
454 723
454 927
454 947
454 970
454 997
455 500
455 521
455 555
455 565
455 633
455 680
455 723
455 872
455 924
455 945
455 983
455 1009
456 506
456 513
456 519
456 622
456 878
456 884
456 950
456 1005
457 474
457 629
457 695
457 895
457 930
457 969
458 526
458 617
458 661
458 695
458 750
458 877
458 878
459 477
459 492
459 529
459 801
460 580
460 592
460 787
460 816
460 975
461 612
461 631
461 776
461 786
461 797
461 890
462 528
462 549
462 770
462 811
462 866
462 917
462 927
463 552
463 682
463 691
463 714
463 832
463 881
463 887
463 956
463 1008
464 518
464 547
464 701
464 747
464 841
464 933
464 942
464 977
464 1013
465 477
465 655
465 767
465 789
465 841
465 842
465 869
465 939
466 535
466 545
466 605
466 696
466 730
466 801
466 814
466 874
466 1015
466 1020
467 533
467 671
467 682
467 736
467 799
467 898
468 503
468 519
468 562
468 564
468 615
468 620
468 739
468 852
468 858
469 502
469 540
469 569
469 582
469 739
469 817
469 860
469 927
469 936
469 965
470 485
470 550
470 565
470 680
470 738
470 843
470 845
470 879
470 991
471 537
471 546
471 598
471 610
471 632
471 675
471 775
471 881
471 967
472 582
472 607
472 842
472 952
472 1017
473 507
473 715
473 848
473 872
473 945
473 968
473 980
473 1006
474 545
474 547
474 723
474 781
474 809
474 822
474 927
475 537
475 540
475 652
475 699
475 850
475 917
475 946
475 1021
476 518
476 583
476 616
476 626
476 781
476 806
476 808
477 491
477 557
477 566
477 604
477 683
477 770
477 854
478 553
478 623
478 650
478 659
478 725
478 730
478 740
478 825
478 880
478 940
478 944
479 551
479 564
479 595
479 657
479 684
479 780
479 883
479 911
479 934
479 941
479 992
479 998
479 1011
480 554
480 584
480 740
480 771
480 791
481 521
481 752
481 960
481 1017
482 488
482 728
482 774
482 834
483 484
483 685
483 752
483 895
483 912
483 951
483 997
483 1012
484 651
484 736
484 910
484 919
484 1001
485 502
485 837
485 844
486 500
486 519
486 609
486 720
486 723
486 864
486 866
486 876
486 908
486 915
486 958
487 637
487 649
487 661
487 778
487 994
488 560
488 599
488 739
488 865
488 873
489 542
489 600
489 772
489 817
489 827
490 526
490 532
490 714
490 843
490 920
490 933
491 499
491 510
491 569
491 602
491 669
491 754
491 921
491 922
491 935
492 527
492 592
492 662
492 668
492 673
492 782
492 832
493 550
493 767
493 778
493 796
493 836
493 937
493 970
493 1003
494 508
494 515
494 517
494 570
494 628
494 708
494 728
494 762
494 904
494 934
494 956
494 972
495 691
495 774
495 853
495 861
495 1003
496 515
496 579
496 597
496 648
496 704
497 499
497 545
497 567
497 608
497 618
497 668
497 884
498 536
498 539
498 571
498 589
498 763
498 893
498 936
498 968
499 550
499 553
499 612
499 655
499 665
499 700
499 776
500 593
500 839
500 913
500 919
500 995
501 569
501 578
501 951
501 1007
502 516
502 574
502 764
503 570
503 723
503 724
503 725
503 772
503 850
503 917
504 638
504 692
504 698
504 732
504 736
504 803
504 890
504 973
504 1018
505 513
505 516
505 624
505 670
505 675
505 793
505 874
505 968
505 983
506 541
506 580
506 581
506 752
506 935
506 1020
507 551
507 639
507 811
507 813
507 831
507 923
507 1020
508 641
508 681
508 683
508 703
508 712
508 753
508 763
508 941
508 1001
509 573
509 609
509 652
509 685
509 708
509 775
509 802
509 812
509 934
509 955
510 533
510 543
510 605
510 767
510 792
510 841
510 952
510 991
511 564
511 749
511 868
511 933
512 596
512 774
512 893
513 680
513 749
513 833
513 851
513 891
513 940
513 977
514 627
514 693
514 707
514 772
514 871
514 943
514 952
514 960
515 581
515 597
515 691
515 835
515 888
515 994
515 1001
516 634
516 653
516 658
516 677
516 688
517 595
518 572
518 589
518 689
518 694
518 726
518 737
518 776
518 831
518 1000
519 653
519 667
519 1021
520 677
520 741
520 844
520 926
521 563
521 612
521 686
521 705
521 725
521 778
521 887
521 909
521 915
521 963
522 604
522 688
522 895
522 953
522 1019
523 699
523 775
523 821
523 825
523 865
523 893
523 982
523 985
524 527
524 540
524 560
524 638
524 663
524 756
524 834
524 872
525 552
525 702
525 801
525 825
526 959
527 529
527 623
527 782
527 827
527 844
527 872
527 896
527 951
527 989
528 537
528 679
528 774
528 787
528 902
528 943
528 952
529 915
529 941
529 1005
530 836
530 940
530 943
531 556
531 565
531 638
531 642
531 763
531 764
531 864
531 871
531 993
531 1013
532 709
532 743
532 820
532 923
532 924
532 931
532 1007
533 616
533 696
533 719
533 723
533 921
533 925
533 994
534 624
534 659
534 665
534 842
534 844
534 860
534 872
534 930
535 574
535 593
535 656
535 739
535 893
535 907
535 1018
536 548
536 599
536 677
536 824
536 885
536 937
536 1014
537 646
537 669
537 929
537 1012
537 1021
538 709
538 831
538 1003
539 584
539 780
539 847
539 894
539 931
539 950
539 993
540 573
540 630
540 634
540 673
540 688
540 728
540 731
540 745
540 792
540 869
541 565
541 596
541 650
541 653
541 680
541 761
541 880
541 892
541 922
542 620
542 632
542 702
542 710
542 835
542 991
543 544
543 622
543 645
543 653
543 972
543 1004
543 1010
544 723
544 812
544 816
544 974
545 553
545 566
545 726
545 762
545 819
545 898
545 969
546 558
546 699
546 711
546 745
546 890
547 629
547 689
547 817
547 827
547 904
547 919
547 999
548 577
548 633
548 746
548 947
549 660
549 690
549 694
549 742
549 756
549 779
549 804
549 937
550 575
550 641
550 836
550 898
550 975
550 1008
551 651
551 715
551 795
551 882
551 924
551 926
552 594
552 605
552 658
552 727
552 819
552 890
552 891
552 1010
553 668
553 688
553 717
553 786
553 810
553 819
553 840
553 890
553 955
553 997
554 644
554 715
554 767
554 882
554 956
554 969
555 641
555 969
556 596
556 633
556 720
556 743
557 606
557 637
557 640
557 836
557 844
557 853
557 1022
558 568
558 611
558 787
558 861
558 898
558 988
558 1014
559 627
559 633
559 653
559 658
559 803
559 861
559 930
559 942
559 993
560 652
560 697
560 748
560 914
560 931
561 659
561 703
561 730
561 857
561 893
561 916
562 573
562 595
562 621
562 627
562 684
562 800
562 866
562 937
562 980
562 983
563 661
563 697
563 728
563 805
563 866
563 881
563 975
564 725
564 853
564 858
564 883
565 614
565 620
565 641
565 645
565 717
565 728
565 927
565 933
565 985
565 987
565 989
566 572
566 672
566 699
566 708
566 817
566 1014
567 640
567 692
567 714
567 758
567 777
567 937
568 716
568 892
568 997
568 1000
569 641
569 729
569 776
569 809
569 876
570 744
570 840
570 886
570 906
570 962
570 978
571 607
571 667
571 775
571 795
571 805
571 913
572 617
572 712
572 800
572 808
572 812
572 896
572 931
572 951
572 968
572 1011
573 587
573 597
573 722
573 729
573 776
573 813
573 824
573 996
574 672
574 938
574 986
575 605
575 646
575 699
575 808
575 876
575 885
575 933
575 960
575 1011
576 580
576 616
576 633
576 772
576 891
576 979
576 980
577 742
577 776
577 822
577 919
577 964
577 983
577 985
577 1011
578 611
578 657
578 770
578 867
578 874
578 913
579 589
579 603
579 653
579 723
579 819
579 861
579 987
579 1004
580 728
580 838
580 864
580 947
580 954
580 988
580 1023
581 610
581 633
581 703
581 729
581 774
581 780
581 786
581 1015
582 586
582 645
582 749
582 892
582 979
583 855
583 917
583 952
584 588
584 630
584 694
584 826
584 881
584 950
584 966
585 594
585 666
585 709
585 757
585 776
585 778
585 868
585 909
585 1010
586 628
586 657
586 694
586 719
586 732
586 863
586 885
586 920
586 980
586 981
586 1004
587 609
587 793
587 855
587 866
587 872
587 985
588 745
588 803
588 882
588 926
588 938
588 965
588 986
588 988
589 599
589 642
589 876
589 913
589 957
589 997
589 1006
590 732
590 751
590 760
590 952
590 986
590 989
591 625
591 633
591 656
591 669
591 703
591 718
591 776
591 877
592 607
592 674
592 752
592 796
592 803
592 933
592 984
593 739
593 801
593 809
593 819
593 823
593 964
593 970
594 625
594 677
594 725
594 749
594 883
594 906
594 915
594 919
594 1022
595 738
595 752
595 820
595 851
595 960
595 980
596 601
596 631
596 674
596 705
596 762
596 787
596 796
596 829
596 893
596 924
596 935
597 651
597 913
597 931
598 851
598 960
599 633
599 848
599 1006
600 666
600 674
600 709
600 739
600 816
600 822
600 876
600 998
601 750
601 834
601 846
601 972
602 733
602 743
602 795
602 834
602 837
602 916
602 964
602 1010
602 1016
603 983
604 657
604 754
604 762
604 881
604 982
604 989
605 606
605 614
605 832
605 835
605 1022
606 615
606 650
606 760
606 780
606 949
606 996
607 774
607 806
607 814
607 850
607 858
607 881
608 672
608 698
608 742
608 775
608 810
608 972
608 1019
609 643
609 989
610 622
610 853
610 1000
611 691
611 785
611 818
611 840
611 907
611 908
612 646
612 702
612 807
612 903
612 962
612 1018
613 614
613 616
613 628
613 653
613 844
613 855
613 888
613 896
613 925
613 941
613 972
613 988
613 1001
614 628
614 635
614 976
614 999
615 626
615 630
615 695
615 721
615 734
615 736
615 771
615 833
615 879
615 910
615 954
615 963
616 652
616 811
616 813
616 915
616 946
616 970
617 857
617 860
617 889
617 907
617 915
617 947
617 1001
618 809
618 857
618 945
619 649
619 754
619 829
619 971
619 984
620 719
620 747
620 879
620 920
620 963
621 683
621 718
621 725
621 1013
622 685
622 874
622 922
623 693
623 760
623 966
624 699
624 722
624 737
624 747
624 842
624 860
624 944
624 978
625 683
625 706
625 719
625 738
625 764
625 852
625 928
625 1000
626 628
626 665
626 755
626 808
626 809
626 812
626 916
627 650
627 756
627 767
627 824
627 877
627 958
628 632
628 678
628 714
628 742
628 784
628 830
628 947
628 968
628 973
629 852
629 984
630 636
630 738
630 742
630 846
630 883
630 926
630 987
631 677
631 730
631 984
632 734
632 764
632 936
633 698
633 816
633 973
633 995
634 809
634 954
634 987
635 816
635 900
635 919
636 880
636 891
636 904
636 917
636 978
637 739
637 754
637 784
637 785
637 824
637 859
637 896
638 680
638 743
638 792
638 878
638 989
638 1017
639 668
639 730
639 802
639 831
639 847
639 942
639 950
639 1015
640 748
640 968
640 1021
641 653
641 684
641 733
641 812
641 1003
641 1012
642 648
642 676
642 684
643 700
643 720
643 820
643 856
644 650
644 673
644 744
644 783
644 869
644 971
644 997
644 1005
645 659
645 674
645 676
645 762
645 862
645 911
645 967
645 1014
646 759
647 707
647 708
647 721
647 740
647 804
647 838
647 854
647 894
648 672
648 731
648 748
648 928
649 711
649 733
649 810
649 948
650 955
651 654
651 685
651 712
651 886
652 683
652 890
653 662
653 684
653 799
653 844
653 868
653 957
653 973
653 997
654 679
654 687
654 743
654 766
654 812
654 855
654 893
654 900
654 1011
655 689
655 700
655 713
655 770
655 921
656 740
656 809
656 810
656 890
656 1003
657 765
657 775
657 966
657 974
657 985
657 1021
658 766
658 798
658 847
658 889
658 942
659 798
659 856
659 966
659 1020
660 770
660 829
660 1011
661 903
661 933
662 706
662 756
662 986
663 849
663 984
664 677
664 717
664 729
664 877
664 957
664 995
664 1021
665 754
665 801
665 844
665 938
666 696
666 698
666 766
666 810
666 847
666 869
666 892
666 930
666 949
667 731
667 799
667 858
667 972
668 778
668 867
668 927
668 956
668 964
668 983
669 711
669 784
669 818
669 922
669 963
669 986
670 709
670 853
670 1001
671 768
672 792
672 876
672 908
672 965
673 730
673 732
673 766
673 834
673 947
673 950
674 770
674 821
674 901
674 931
674 948
674 973
674 977
675 709
675 823
675 963
676 934
676 976
676 1018
677 824
677 909
677 979
677 994
678 795
678 804
678 929
678 934
679 688
679 696
679 768
679 865
679 920
679 932
679 964
680 735
680 806
681 709
681 740
681 805
681 849
681 882
681 883
681 980
681 1015
682 759
682 840
682 874
682 901
683 719
683 836
683 840
683 872
683 878
684 832
684 900
684 946
684 982
684 1022
685 702
685 753
685 770
685 828
686 741
686 792
686 835
686 842
686 950
687 809
687 960
687 971
688 751
688 753
688 919
688 937
688 948
688 1000
689 744
689 770
689 788
689 879
689 892
689 976
690 768
690 821
690 890
690 980
690 995
690 1021
692 733
692 1018
693 743
693 758
693 778
693 784
693 797
693 845
693 894
693 961
693 1010
694 761
694 775
694 822
694 951
694 1001
695 700
695 701
695 749
695 782
695 833
695 839
695 874
695 893
695 987
696 745
696 756
696 918
696 975
696 982
697 798
697 819
697 845
697 909
697 916
697 971
697 993
698 762
698 782
698 840
698 919
698 925
699 725
699 748
699 759
699 893
699 997
700 737
700 746
700 763
700 792
700 977
700 985
701 942
701 1020
702 770
702 823
702 947
702 960
702 964
702 975
703 743
703 942
704 932
705 754
705 847
705 849
705 955
705 971
706 712
706 714
706 829
706 940
707 719
707 859
707 957
707 1004
707 1017
708 741
708 880
708 954
708 1023
709 902
709 926
709 932
710 753
710 794
710 802
710 1011
711 785
711 838
711 872
711 884
711 913
711 946
711 975
712 730
712 761
712 765
712 940
712 950
712 958
712 975
713 714
713 900
713 970
713 980
714 757
714 888
714 891
714 960
714 1004
715 724
715 830
715 994
716 829
717 728
717 739
717 870
717 909
717 978
718 722
718 753
718 824
718 995
719 856
719 862
719 963
719 1001
719 1012
719 1020
720 821
720 1007
720 1012
721 812
721 972
722 865
722 922
723 745
723 809
723 850
723 917
723 992
724 866
724 876
724 895
725 738
725 773
725 774
725 854
725 860
725 881
725 952
725 971
726 773
726 798
726 876
726 901
727 822
727 823
727 880
727 883
727 945
728 751
728 771
728 855
728 886
728 978
728 999
729 857
729 912
729 996
730 736
730 829
730 850
730 867
730 941
730 970
731 792
731 805
731 809
731 815
731 849
731 870
731 924
733 738
733 816
733 835
733 842
734 765
734 829
734 911
734 985
735 983
736 782
736 807
736 844
736 915
736 1018
737 744
737 790
737 854
737 954
737 1009
738 855
738 870
738 975
739 746
739 769
739 885
739 971
739 1022
740 805
740 821
740 893
740 910
740 992
741 751
741 753
741 778
741 788
741 851
741 969
742 768
742 870
742 910
742 965
742 1009
743 809
743 855
743 874
743 935
743 936
743 980
743 1021
744 749
744 789
744 905
744 919
744 982
744 994
744 1002
744 1014
744 1017
745 834
745 889
745 966
746 749
746 875
746 876
746 1006
746 1022
747 784
747 872
747 922
747 986
748 760
748 777
748 802
748 1003
749 795
749 833
749 840
749 856
749 922
749 979
749 1014
750 752
750 757
750 773
750 848
750 856
750 879
750 883
752 859
752 900
753 766
753 802
753 808
753 894
754 794
754 923
754 973
755 831
756 809
756 953
756 960
757 829
757 859
757 869
757 937
757 1022
758 777
758 843
759 975
759 976
759 996
760 762
760 819
760 913
760 941
760 968
761 765
761 781
761 819
761 886
761 915
761 982
762 910
762 928
762 935
762 969
762 997
762 1003
763 789
763 846
763 974
763 980
765 831
765 929
765 994
765 1014
766 808
766 833
766 858
766 859
766 876
766 883
766 971
767 768
767 786
767 875
767 935
767 988
768 793
768 823
768 940
768 999
768 1010
769 794
769 924
770 807
770 865
770 887
770 895
770 911
770 974
771 796
771 969
772 841
772 860
772 933
772 949
772 954
772 1012
773 884
773 905
773 958
773 962
773 989
774 796
774 857
774 906
774 942
774 977
775 777
775 793
775 985
775 1022
776 843
776 928
776 982
777 933
777 974
778 892
779 804
779 822
779 913
779 924
779 942
779 1019
780 791
780 863
780 975
780 985
780 1022
781 928
781 963
781 980
782 887
782 1007
783 865
784 878
784 922
784 926
785 830
785 906
785 981
786 832
786 943
787 843
787 854
787 969
788 842
789 912
789 926
790 934
790 1015
791 1013
792 917
793 814
793 840
793 942
793 971
794 826
794 838
794 898
795 902
795 972
796 844
796 867
796 929
797 834
797 908
797 971
797 979
798 831
798 835
798 870
798 979
798 996
798 999
798 1005
799 822
799 936
799 968
800 864
800 915
800 926
800 1019
801 863
801 889
802 811
802 956
802 1018
803 863
803 880
804 826
804 879
804 999
804 1010
805 854
805 888
806 918
806 984
807 811
807 938
808 909
808 1022
809 879
810 1023
811 879
812 880
812 910
812 1012
813 857
813 898
813 906
813 948
813 1023
814 857
814 917
815 882
815 913
815 983
815 990
815 1019
816 818
816 871
816 980
816 1013
817 867
817 1009
817 1022
818 822
818 844
818 889
818 957
819 836
820 876
820 881
820 892
820 907
820 916
820 953
820 1013
821 869
822 901
822 922
823 887
824 898
824 914
824 954
824 964
824 1002
825 838
825 1005
826 939
826 971
827 940
828 941
828 974
829 974
830 952
831 974
832 908
832 962
832 978
832 1005
833 962
833 993
834 937
834 984
835 874
835 990
835 1005
836 860
836 1013
837 944
838 886
838 909
838 1008
838 1017
839 841
839 851
839 854
839 884
839 938
840 878
840 913
840 997
841 852
841 871
841 874
841 992
841 1016
842 855
842 861
842 907
842 942
843 956
844 936
845 892
845 941
846 893
846 953
847 920
847 1018
849 955
849 964
850 886
850 932
850 955
851 959
851 1008
852 974
852 975
852 998
853 889
853 961
853 1015
854 974
855 1022
856 904
856 921
856 975
856 992
857 937
858 861
858 944
859 881
859 887
859 919
860 975
861 920
861 940
861 976
862 931
862 961
862 1019
865 956
865 990
865 1014
866 906
867 998
868 883
868 891
868 904
869 923
869 939
869 999
869 1017
870 889
870 926
871 880
871 904
871 1012
872 913
872 919
873 969
874 923
876 927
877 950
877 989
878 938
878 966
879 966
879 1000
880 997
880 1021
883 943
883 947
883 1008
884 941
884 1012
885 960
885 1006
885 1015
886 917
886 937
886 958
886 990
886 991
888 998
888 1013
889 981
890 985
890 990
890 999
891 952
891 1015
892 924
892 964
892 975
892 1005
893 975
894 935
894 965
895 917
897 964
898 976
898 1010
899 901
900 974
901 970
903 957
903 978
904 935
904 1010
905 930
905 1021
907 994
908 935
908 955
909 956
910 928
910 934
910 955
910 1017
911 959
911 970
912 945
912 1018
913 975
913 1016
914 917
914 963
915 1003
916 971
916 1001
917 957
917 1020
918 963
918 965
918 1023
920 994
922 993
924 930
924 963
925 934
925 936
925 991
926 933
926 973
927 931
928 929
928 937
928 960
928 991
928 995
930 998
932 936
933 959
934 987
935 986
936 985
937 986
939 956
941 958
941 989
941 1012
941 1017
942 960
942 1003
943 955
945 1001
947 951
947 963
947 973
950 986
952 967
953 992
953 1013
953 1018
954 964
954 1014
955 961
955 997
956 979
959 1012
959 1016
960 981
963 972
963 1001
967 1010
969 996
969 1012
970 1006
971 997
971 1016
972 1023
976 983
976 1007
978 983
979 984
979 998
985 989
985 998
986 1011
987 1021
991 1008
991 1015
992 1015
998 1002
998 1003
1003 1006
1005 1011
1006 1017
1009 1019
