0 2
0 58
0 204
0 222
0 244
0 457
0 482
0 500
0 549
0 684
0 694
0 707
0 738
0 800
0 906
0 920
0 928
0 970
0 999
1 28
1 33
1 46
1 47
1 59
1 117
1 189
1 195
1 212
1 246
1 346
1 445
1 462
1 675
1 705
1 811
1 825
1 917
1 926
1 941
2 49
2 50
2 105
2 155
2 165
2 178
2 192
2 238
2 269
2 271
2 276
2 296
2 315
2 365
2 404
2 413
2 422
2 514
2 670
2 685
2 711
2 730
2 893
2 904
2 998
2 1002
2 1004
3 22
3 66
3 144
3 145
3 193
3 314
3 388
3 543
3 556
3 567
3 568
3 592
3 598
3 779
3 788
3 850
3 984
3 1012
4 142
4 172
4 178
4 188
4 215
4 256
4 308
4 379
4 493
4 594
4 705
4 827
4 834
4 857
4 942
4 953
4 986
5 34
5 35
5 156
5 179
5 226
5 232
5 282
5 340
5 342
5 396
5 430
5 433
5 636
5 722
5 739
5 819
5 892
5 938
5 954
6 8
6 230
6 290
6 305
6 323
6 326
6 337
6 397
6 439
6 464
6 502
6 639
6 727
6 754
6 872
6 917
6 995
6 1004
7 170
7 204
7 235
7 236
7 302
7 313
7 418
7 427
7 446
7 453
7 618
7 642
7 757
7 770
7 848
7 860
7 863
7 948
7 962
7 970
8 12
8 24
8 49
8 91
8 258
8 386
8 420
8 644
8 724
8 731
8 798
8 834
8 879
8 882
8 940
8 1003
8 1021
9 44
9 77
9 184
9 326
9 390
9 437
9 449
9 528
9 654
9 691
9 734
9 776
9 812
9 973
9 983
10 25
10 71
10 92
10 110
10 208
10 237
10 249
10 381
10 403
10 428
10 437
10 480
10 536
10 601
10 683
10 711
10 804
10 809
10 822
10 834
10 892
10 944
10 977
10 1004
11 97
11 98
11 155
11 232
11 258
11 352
11 371
11 381
11 507
11 615
11 663
11 807
11 808
11 878
11 923
11 941
11 1017
12 44
12 124
12 126
12 132
12 171
12 207
12 220
12 284
12 300
12 339
12 387
12 474
12 558
12 610
12 654
12 734
12 786
12 787
12 812
12 917
12 1012
13 107
13 227
13 247
13 293
13 305
13 325
13 335
13 337
13 486
13 504
13 531
13 643
13 751
13 854
13 900
13 911
13 916
13 971
14 42
14 102
14 142
14 191
14 277
14 399
14 441
14 479
14 492
14 514
14 544
14 563
14 600
14 611
14 716
14 888
15 61
15 172
15 203
15 244
15 258
15 283
15 480
15 567
15 651
15 688
15 710
15 736
15 754
15 777
15 784
15 814
15 817
15 841
15 938
15 980
16 198
16 202
16 211
16 231
16 267
16 332
16 393
16 426
16 475
16 490
16 494
16 552
16 587
16 702
16 946
16 992
17 20
17 24
17 39
17 66
17 101
17 177
17 422
17 433
17 469
17 495
17 603
17 653
17 656
17 875
17 958
17 976
18 71
18 79
18 82
18 101
18 188
18 283
18 350
18 367
18 373
18 415
18 438
18 467
18 505
18 507
18 518
18 519
18 569
18 665
18 829
18 929
18 1005
19 26
19 61
19 74
19 135
19 142
19 163
19 191
19 242
19 302
19 324
19 383
19 477
19 560
19 668
19 739
19 820
20 59
20 81
20 92
20 344
20 367
20 395
20 456
20 459
20 465
20 484
20 501
20 515
20 519
20 618
20 681
20 720
20 733
20 744
20 769
20 803
20 807
20 828
20 833
20 906
20 914
20 924
20 927
20 1019
21 112
21 245
21 253
21 270
21 433
21 473
21 537
21 568
21 572
21 699
21 712
21 728
21 755
21 771
21 778
21 860
21 864
21 869
21 925
21 929
21 981
22 79
22 108
22 138
22 299
22 356
22 451
22 522
22 526
22 592
22 619
22 669
22 723
22 759
22 982
23 63
23 152
23 247
23 264
23 348
23 372
23 442
23 465
23 486
23 521
23 543
23 569
23 630
23 645
23 672
23 760
23 804
23 837
23 849
23 877
23 935
23 939
23 949
24 152
24 203
24 213
24 229
24 269
24 296
24 360
24 401
24 519
24 531
24 587
24 592
24 732
24 810
24 854
24 865
24 868
24 897
24 976
25 32
25 211
25 297
25 334
25 350
25 396
25 403
25 409
25 517
25 519
25 671
25 673
25 688
25 745
25 883
25 1006
25 1021
26 38
26 74
26 125
26 259
26 315
26 360
26 374
26 405
26 408
26 479
26 598
26 652
26 700
26 704
26 711
26 793
26 832
26 844
26 998
26 1011
27 164
27 326
27 373
27 400
27 421
27 445
27 474
27 490
27 586
27 778
27 791
27 831
27 894
27 961
27 978
27 1004
28 142
28 213
28 264
28 275
28 329
28 386
28 404
28 525
28 534
28 592
28 613
28 620
28 674
28 689
28 707
28 709
28 812
28 857
28 880
28 943
28 998
29 134
29 148
29 174
29 214
29 235
29 310
29 389
29 455
29 574
29 685
29 703
29 748
29 788
29 816
29 822
29 829
29 872
29 907
29 937
29 1020
30 34
30 80
30 108
30 166
30 174
30 360
30 377
30 407
30 460
30 497
30 527
30 669
30 798
30 802
30 843
30 878
30 940
30 995
31 238
31 268
31 288
31 290
31 348
31 374
31 464
31 488
31 492
31 519
31 543
31 546
31 554
31 574
31 763
31 833
31 888
31 930
31 1001
31 1009
32 115
32 152
32 235
32 297
32 353
32 434
32 624
32 739
32 820
32 837
32 841
33 40
33 55
33 86
33 91
33 116
33 142
33 148
33 265
33 323
33 362
33 414
33 628
33 633
33 652
33 735
33 757
33 893
33 940
33 943
33 951
33 991
34 181
34 295
34 311
34 381
34 387
34 444
34 496
34 527
34 630
34 632
34 698
34 857
34 909
34 963
35 83
35 198
35 230
35 268
35 308
35 403
35 416
35 444
35 466
35 549
35 551
35 570
35 738
35 777
35 818
35 829
36 47
36 144
36 197
36 254
36 271
36 273
36 308
36 314
36 396
36 424
36 610
36 622
36 647
36 688
36 850
36 895
36 927
36 997
36 1003
36 1011
37 52
37 92
37 148
37 169
37 185
37 202
37 335
37 361
37 435
37 451
37 509
37 632
37 766
37 776
37 980
37 1020
38 108
38 123
38 199
38 216
38 298
38 301
38 420
38 433
38 503
38 581
38 608
38 617
38 646
38 661
38 721
38 856
38 875
38 909
38 947
38 953
38 1007
39 54
39 71
39 93
39 131
39 172
39 203
39 205
39 317
39 417
39 497
39 502
39 524
39 726
39 739
39 752
39 759
39 838
39 842
39 871
39 889
39 957
39 960
39 966
39 974
40 46
40 127
40 246
40 292
40 353
40 421
40 436
40 453
40 549
40 568
40 644
40 656
40 756
40 762
40 819
40 897
40 978
41 64
41 66
41 137
41 147
41 181
41 329
41 408
41 423
41 492
41 678
41 736
41 782
41 866
41 964
42 43
42 80
42 95
42 105
42 263
42 326
42 356
42 413
42 463
42 541
42 643
42 672
42 720
42 744
42 793
42 893
42 912
42 940
42 947
42 981
42 1012
43 93
43 128
43 184
43 259
43 277
43 306
43 364
43 451
43 540
43 569
43 747
43 824
43 837
43 902
43 906
43 956
43 963
43 984
44 121
44 201
44 212
44 291
44 302
44 337
44 364
44 381
44 409
44 431
44 436
44 480
44 486
44 528
44 559
44 628
44 635
44 703
44 706
44 727
44 826
44 964
45 80
45 144
45 179
45 230
45 247
45 292
45 293
45 309
45 323
45 414
45 552
45 581
45 687
45 759
45 845
46 121
46 219
46 333
46 334
46 351
46 373
46 381
46 556
46 655
46 658
46 725
46 762
46 783
46 798
46 881
46 947
47 56
47 93
47 242
47 272
47 310
47 335
47 345
47 354
47 445
47 478
47 517
47 618
47 652
47 801
47 810
47 815
47 896
47 946
47 1018
48 94
48 178
48 250
48 307
48 337
48 524
48 525
48 673
48 855
48 959
48 978
48 1004
48 1012
49 141
49 264
49 288
49 372
49 467
49 589
49 600
49 643
49 686
49 692
49 695
49 696
49 698
49 743
49 764
49 768
49 823
49 995
49 1013
49 1018
50 94
50 128
50 232
50 259
50 327
50 419
50 493
50 591
50 653
50 737
50 771
50 776
50 816
50 848
50 912
50 955
50 971
51 209
51 232
51 257
51 263
51 311
51 385
51 439
51 441
51 571
51 596
51 613
51 632
51 650
51 654
51 673
51 747
51 781
51 800
51 835
51 887
52 95
52 249
52 276
52 277
52 405
52 429
52 470
52 498
52 566
52 577
52 678
52 723
52 743
52 767
52 777
52 795
52 944
52 958
53 64
53 66
53 165
53 256
53 278
53 305
53 366
53 583
53 674
53 692
53 695
53 720
53 790
53 832
53 889
53 953
53 961
53 1008
53 1010
54 200
54 316
54 324
54 454
54 540
54 543
54 552
54 569
54 589
54 631
54 707
54 840
54 847
54 924
54 927
54 995
54 1017
55 110
55 115
55 126
55 157
55 212
55 361
55 364
55 410
55 449
55 513
55 576
55 617
55 668
55 813
55 821
55 850
55 948
55 969
56 75
56 147
56 170
56 244
56 267
56 272
56 341
56 360
56 468
56 608
56 680
56 690
56 730
56 873
56 937
56 947
56 972
56 1023
57 99
57 113
57 219
57 293
57 328
57 524
57 533
57 613
57 646
57 705
57 928
57 934
57 942
57 997
57 1017
58 80
58 85
58 129
58 310
58 313
58 370
58 419
58 458
58 543
58 568
58 594
58 653
58 676
58 703
58 758
58 761
58 772
58 809
58 814
58 831
58 848
58 884
58 889
58 966
59 109
59 150
59 182
59 200
59 203
59 263
59 266
59 310
59 317
59 330
59 409
59 438
59 503
59 641
59 744
59 805
59 898
59 966
59 967
59 987
60 108
60 151
60 236
60 314
60 321
60 325
60 434
60 435
60 553
60 586
60 594
60 903
60 912
60 930
60 952
61 68
61 121
61 122
61 124
61 134
61 146
61 182
61 215
61 297
61 373
61 458
61 538
61 547
61 562
61 743
61 805
61 873
62 109
62 258
62 327
62 345
62 555
62 570
62 639
62 722
62 759
62 767
62 783
62 794
62 833
62 920
62 926
62 952
62 971
62 975
62 1001
63 188
63 204
63 285
63 324
63 400
63 449
63 600
63 707
63 811
63 868
63 875
63 885
63 964
63 967
64 245
64 283
64 297
64 325
64 377
64 484
64 518
64 557
64 573
64 588
64 604
64 607
64 687
64 822
64 865
64 895
64 901
65 172
65 290
65 513
65 584
65 733
65 939
65 1001
66 76
66 148
66 208
66 225
66 415
66 482
66 497
66 502
66 612
66 696
66 698
66 856
66 885
66 1011
67 105
67 146
67 158
67 173
67 187
67 194
67 319
67 335
67 388
67 416
67 462
67 530
67 541
67 690
67 733
67 793
67 796
67 847
67 848
67 918
67 947
68 113
68 182
68 221
68 333
68 340
68 348
68 420
68 444
68 496
68 501
68 520
68 567
68 578
68 639
68 658
68 670
68 726
68 757
68 770
68 848
68 995
68 997
69 202
69 389
69 608
69 714
69 766
69 825
69 959
69 977
70 113
70 115
70 127
70 153
70 275
70 296
70 372
70 446
70 478
70 533
70 708
70 827
70 864
70 895
70 1016
70 1019
71 95
71 124
71 468
71 482
71 611
71 631
71 667
71 732
71 735
71 747
71 775
71 851
72 75
72 229
72 251
72 320
72 382
72 407
72 428
72 463
72 469
72 481
72 499
72 712
72 771
72 809
72 817
72 928
73 79
73 88
73 117
73 166
73 252
73 257
73 258
73 415
73 418
73 445
73 494
73 574
73 740
73 773
73 786
73 790
73 858
73 868
73 898
73 931
73 956
73 962
74 237
74 358
74 403
74 536
74 608
74 659
74 670
74 699
74 746
74 807
74 959
74 997
74 998
75 123
75 144
75 294
75 305
75 344
75 432
75 488
75 555
75 572
75 599
75 682
75 725
75 831
75 876
75 954
76 104
76 120
76 142
76 150
76 235
76 335
76 381
76 413
76 532
76 610
76 721
76 766
76 770
76 854
76 913
76 954
76 984
76 1023
77 135
77 191
77 232
77 236
77 243
77 321
77 356
77 359
77 471
77 568
77 605
77 675
77 686
77 725
77 769
77 787
77 876
77 878
77 879
77 909
77 932
77 994
78 86
78 121
78 131
78 136
78 187
78 247
78 311
78 342
78 422
78 475
78 542
78 571
78 642
78 657
78 689
78 727
78 737
78 781
78 784
78 910
78 937
78 942
78 962
79 110
79 145
79 253
79 254
79 277
79 316
79 475
79 609
79 644
79 698
79 699
79 742
79 780
79 801
79 806
79 864
79 970
79 975
79 989
79 1007
80 132
80 193
80 202
80 278
80 296
80 343
80 346
80 462
80 627
80 642
80 647
80 684
80 688
80 700
80 747
80 811
80 836
80 991
81 106
81 115
81 266
81 326
81 420
81 458
81 469
81 497
81 539
81 568
81 605
81 713
81 742
81 756
81 795
81 903
81 926
82 103
82 135
82 155
82 263
82 368
82 489
82 490
82 519
82 586
82 650
82 768
82 799
82 833
82 881
82 887
82 905
82 916
82 958
82 1008
83 120
83 217
83 291
83 303
83 328
83 339
83 437
83 529
83 545
83 643
83 720
83 724
83 757
83 900
83 989
83 1008
84 96
84 252
84 307
84 386
84 389
84 404
84 749
84 836
84 866
84 867
84 869
84 933
84 954
84 973
84 1005
84 1015
85 89
85 169
85 174
85 198
85 324
85 372
85 395
85 416
85 572
85 581
85 630
85 637
85 709
85 736
85 800
85 819
85 891
85 936
85 967
86 99
86 147
86 173
86 208
86 284
86 372
86 411
86 451
86 490
86 500
86 608
86 615
86 619
86 624
86 720
86 775
86 777
86 803
86 837
86 905
86 919
86 946
86 965
86 981
86 999
87 115
87 140
87 141
87 200
87 232
87 252
87 258
87 298
87 305
87 377
87 383
87 508
87 540
87 623
87 687
87 716
87 721
87 766
87 873
87 940
87 967
88 104
88 181
88 253
88 427
88 600
88 607
88 640
88 652
88 702
88 703
88 735
88 764
88 933
89 125
89 209
89 251
89 426
89 444
89 689
89 720
89 861
89 966
90 95
90 111
90 156
90 158
90 180
90 187
90 198
90 263
90 274
90 322
90 324
90 358
90 425
90 473
90 596
90 656
90 755
90 953
91 115
91 200
91 285
91 316
91 398
91 455
91 459
91 549
91 571
91 615
91 664
91 683
91 924
92 166
92 171
92 192
92 260
92 310
92 324
92 432
92 435
92 519
92 649
92 779
93 182
93 213
93 215
93 345
93 349
93 382
93 418
93 484
93 615
93 616
93 669
93 721
93 739
93 762
93 799
93 823
93 837
93 851
93 914
93 944
93 951
94 100
94 210
94 291
94 295
94 469
94 476
94 546
94 642
94 682
94 715
94 743
94 779
94 789
94 803
94 906
94 910
94 918
95 137
95 169
95 300
95 303
95 325
95 334
95 353
95 372
95 387
95 400
95 447
95 548
95 601
95 610
95 626
95 641
95 658
95 792
95 823
95 932
95 972
95 1018
96 110
96 168
96 194
96 238
96 242
96 257
96 281
96 346
96 393
96 403
96 454
96 498
96 605
96 762
96 830
96 879
97 185
97 191
97 196
97 377
97 384
97 400
97 409
97 450
97 505
97 524
97 570
97 581
97 599
97 857
97 862
97 876
97 896
97 911
98 100
98 116
98 142
98 212
98 254
98 302
98 485
98 511
98 524
98 572
98 656
98 779
98 793
98 795
98 808
98 966
98 985
98 1005
99 142
99 149
99 218
99 357
99 364
99 488
99 712
99 800
99 920
99 974
100 111
100 169
100 211
100 223
100 233
100 277
100 279
100 281
100 385
100 411
100 485
100 512
100 542
100 563
100 602
100 609
100 652
100 681
100 703
100 709
100 732
100 743
100 840
100 854
100 920
100 952
100 1018
101 119
101 120
101 127
101 345
101 373
101 379
101 410
101 435
101 474
101 519
101 617
101 662
101 727
101 736
101 756
101 774
101 807
101 863
101 864
101 964
102 198
102 251
102 280
102 284
102 358
102 408
102 526
102 714
102 725
102 755
102 796
102 885
103 104
103 356
103 361
103 433
103 543
103 564
103 633
103 678
103 701
103 702
103 756
103 830
103 835
103 848
103 962
103 988
104 139
104 259
104 345
104 530
104 577
104 620
104 633
104 651
104 659
104 682
104 738
104 757
104 765
104 788
104 795
104 877
104 886
104 897
104 944
104 1008
104 1018
105 207
105 216
105 382
105 419
105 451
105 454
105 605
105 789
105 847
105 875
105 1009
106 275
106 317
106 411
106 479
106 526
106 548
106 567
106 651
106 912
106 991
106 995
107 158
107 430
107 475
107 495
107 522
107 638
107 675
107 844
107 877
107 984
107 1009
108 173
108 271
108 287
108 362
108 368
108 517
108 518
108 549
108 577
108 617
108 656
108 686
108 766
108 775
108 846
108 873
108 906
108 921
108 965
108 967
109 144
109 158
109 273
109 280
109 357
109 364
109 479
109 490
109 558
109 601
109 624
109 728
109 735
109 771
109 798
109 872
109 944
110 131
110 175
110 276
110 320
110 354
110 388
110 476
110 713
110 722
110 811
110 880
110 1005
110 1015
110 1018
111 190
111 344
111 375
111 458
111 517
111 522
111 566
111 585
111 586
111 615
111 685
111 822
111 890
111 945
112 134
112 281
112 314
112 335
112 401
112 609
112 610
112 634
112 701
112 778
112 782
112 829
112 848
112 889
112 898
112 918
112 936
113 125
113 132
113 168
113 208
113 235
113 242
113 276
113 352
113 358
113 458
113 488
113 561
113 573
113 659
113 788
113 793
113 821
113 829
113 981
113 983
113 1008
114 170
114 186
114 260
114 282
114 299
114 318
114 353
114 428
114 430
114 467
114 602
114 638
114 770
115 182
115 330
115 402
115 417
115 517
115 520
115 660
115 795
115 822
115 850
115 854
115 866
115 886
115 980
115 995
116 259
116 319
116 332
116 337
116 391
116 416
116 465
116 496
116 568
116 631
116 689
116 789
116 818
116 822
116 923
116 930
116 950
116 956
116 978
117 135
117 193
117 246
117 260
117 314
117 362
117 368
117 369
117 448
117 477
117 480
117 501
117 606
117 628
117 635
117 642
117 706
117 711
117 761
117 835
117 836
117 877
117 905
117 946
117 1012
117 1017
118 128
118 139
118 226
118 230
118 400
118 425
118 537
118 565
118 586
118 605
118 612
118 638
118 645
118 649
118 674
118 725
118 784
118 789
118 827
118 869
118 947
118 958
118 967
118 977
119 163
119 206
119 236
119 320
119 336
119 415
119 432
119 441
119 508
119 520
119 539
119 581
119 697
119 700
119 728
119 732
119 746
119 764
120 186
120 234
120 246
120 344
120 389
120 458
120 476
120 552
120 556
120 613
120 637
120 901
120 923
120 956
120 1018
121 135
121 163
121 181
121 185
121 189
121 197
121 297
121 326
121 360
121 390
121 518
121 813
121 985
122 163
122 182
122 222
122 243
122 260
122 263
122 335
122 352
122 644
122 748
122 781
122 899
122 925
122 930
122 975
122 985
122 1020
123 141
123 142
123 195
123 198
123 381
123 414
123 520
123 542
123 824
123 906
123 987
124 142
124 287
124 338
124 352
124 428
124 513
124 619
124 724
124 734
124 745
124 767
124 859
124 928
124 948
124 976
124 1014
125 213
125 228
125 326
125 438
125 632
125 638
125 704
125 913
125 974
126 170
126 184
126 185
126 239
126 363
126 432
126 451
126 647
126 788
126 861
126 905
126 960
127 192
127 237
127 239
127 293
127 327
127 503
127 580
127 635
127 645
127 795
127 835
127 906
127 930
127 971
128 175
128 194
128 229
128 421
128 424
128 591
128 667
128 668
128 698
128 725
128 726
128 973
129 160
129 227
129 313
129 404
129 459
129 462
129 527
129 604
129 659
129 664
129 740
129 752
129 788
129 816
129 873
129 935
129 947
130 133
130 170
130 202
130 220
130 236
130 255
130 274
130 486
130 487
130 504
130 513
130 541
130 562
130 576
130 765
130 785
130 839
130 945
130 957
130 962
131 155
131 188
131 204
131 248
131 277
131 350
131 369
131 392
131 399
131 427
131 446
131 545
131 547
131 595
131 714
131 817
131 818
131 869
131 901
131 952
131 1007
131 1020
132 154
132 221
132 250
132 315
132 320
132 408
132 426
132 434
132 581
132 631
132 738
132 779
132 836
132 969
132 1023
133 222
133 229
133 279
133 319
133 346
133 539
133 567
133 657
133 719
133 720
133 802
133 890
133 997
133 1003
134 236
134 266
134 300
134 492
134 548
134 572
134 672
134 684
134 735
134 888
134 912
134 939
135 242
135 297
135 323
135 659
135 680
135 734
135 740
135 755
135 763
135 788
135 807
135 862
135 887
135 889
135 924
135 986
135 998
136 163
136 231
136 232
136 375
136 509
136 560
136 703
136 769
136 927
136 960
137 208
137 250
137 293
137 534
137 569
137 911
137 915
137 929
137 947
137 949
137 976
138 187
138 238
138 263
138 312
138 317
138 424
138 483
138 549
138 732
138 733
138 734
138 757
138 780
138 811
138 849
138 927
138 981
139 166
139 284
139 310
139 372
139 401
139 404
139 416
139 427
139 447
139 472
139 547
139 569
139 686
139 765
139 837
139 857
139 917
139 955
140 143
140 278
140 428
140 582
140 603
140 650
140 689
140 696
140 752
140 799
140 838
140 876
140 881
140 911
140 931
140 942
140 972
140 1012
141 196
141 210
141 284
141 320
141 350
141 492
141 583
141 609
141 638
141 672
141 696
141 837
141 869
141 946
142 153
142 162
142 291
142 361
142 365
142 437
142 602
142 604
142 615
142 622
142 629
142 632
142 720
142 800
142 807
142 856
142 859
142 899
142 947
142 978
142 1020
143 182
143 279
143 336
143 357
143 490
143 502
143 528
143 613
143 642
143 646
143 693
143 729
143 730
143 782
143 810
143 919
143 936
143 938
143 971
143 973
144 176
144 279
144 372
144 388
144 458
144 556
144 571
144 586
144 607
144 688
144 695
144 774
144 797
144 809
144 837
144 888
144 910
144 960
144 971
144 990
144 1015
144 1021
145 146
145 209
145 276
145 293
145 346
145 392
145 430
145 479
145 481
145 591
145 626
145 660
145 699
145 779
145 795
145 821
145 824
145 983
146 152
146 156
146 209
146 212
146 235
146 258
146 339
146 348
146 349
146 613
146 648
146 675
146 746
146 756
146 782
146 787
146 979
147 160
147 204
147 328
147 406
147 546
147 603
147 677
147 738
147 799
147 805
147 850
147 975
148 226
148 254
148 290
148 317
148 400
148 475
148 607
148 625
148 715
148 805
148 821
148 859
148 965
148 1005
149 164
149 218
149 392
149 394
149 443
149 467
149 506
149 551
149 668
149 710
149 815
149 973
149 1013
150 351
150 496
150 567
150 597
150 609
150 701
150 761
150 795
150 879
150 914
150 975
150 985
150 1013
151 263
151 338
151 406
151 478
151 524
151 530
151 611
151 682
151 731
151 781
151 803
151 822
151 861
151 913
151 933
152 211
152 386
152 404
152 466
152 492
152 521
152 577
152 695
152 780
152 790
152 795
152 854
152 891
152 904
152 974
153 182
153 346
153 390
153 426
153 480
153 521
153 571
153 598
153 640
153 656
153 733
153 771
153 776
153 815
153 870
153 907
153 935
154 258
154 336
154 388
154 414
154 428
154 479
154 510
154 521
154 571
154 581
154 758
154 765
154 776
154 904
155 198
155 256
155 340
155 346
155 382
155 385
155 455
155 594
155 606
155 614
155 632
155 662
155 683
155 723
155 786
155 809
155 813
155 929
155 960
156 397
156 406
156 417
156 546
156 559
156 617
156 621
156 684
156 715
156 792
156 793
156 857
157 212
157 311
157 319
157 333
157 363
157 410
157 450
157 459
157 708
157 801
157 814
157 843
157 879
157 913
157 955
158 166
158 195
158 223
158 237
158 300
158 367
158 443
158 452
158 518
158 583
158 963
158 1001
159 335
159 383
159 407
159 418
159 439
159 457
159 508
159 547
159 620
159 801
159 807
159 958
159 1006
160 161
160 273
160 320
160 350
160 381
160 393
160 402
160 405
160 431
160 721
160 727
160 765
160 800
160 876
160 927
160 969
160 991
161 252
161 273
161 291
161 357
161 361
161 373
161 387
161 483
161 545
161 550
161 579
161 631
161 747
161 803
161 837
161 852
162 191
162 235
162 404
162 431
162 434
162 436
162 494
162 593
162 762
162 778
162 878
162 968
163 223
163 271
163 279
163 400
163 483
163 507
163 599
163 610
163 745
163 867
163 919
163 1011
164 184
164 197
164 242
164 288
164 290
164 332
164 364
164 511
164 545
164 586
164 595
164 642
164 643
164 805
164 844
164 921
164 959
164 989
164 1009
165 223
165 241
165 298
165 356
165 397
165 404
165 448
165 484
165 497
165 508
165 566
165 588
165 701
165 763
165 828
165 926
165 930
165 937
166 206
166 274
166 296
166 353
166 403
166 444
166 473
166 557
166 828
166 855
166 888
166 950
167 238
167 334
167 385
167 410
167 441
167 456
167 492
167 526
167 545
167 643
167 649
167 655
167 658
167 735
167 754
167 780
167 805
168 174
168 543
168 717
168 721
168 756
168 758
168 779
168 824
168 927
168 947
169 201
169 296
169 506
169 571
169 664
169 738
169 863
169 904
170 448
170 473
170 490
170 545
170 596
170 646
170 761
170 775
170 778
170 835
170 857
170 923
170 951
170 977
171 248
171 331
171 362
171 456
171 501
171 537
171 646
171 655
171 667
171 672
171 713
171 861
171 879
172 199
172 252
172 286
172 343
172 426
172 582
172 770
172 823
172 833
172 922
172 924
172 975
173 203
173 322
173 339
173 344
173 346
173 370
173 397
173 399
173 403
173 466
173 501
173 565
173 659
173 705
173 956
173 980
173 1003
174 203
174 254
174 311
174 611
174 667
174 678
174 715
174 819
174 996
175 207
175 262
175 369
175 388
175 429
175 450
175 471
175 493
175 553
175 685
175 700
175 706
175 813
175 820
175 832
176 197
176 270
176 353
176 359
176 457
176 542
176 614
176 753
176 960
176 969
176 979
177 252
177 328
177 373
177 405
177 446
177 455
177 463
177 604
177 661
177 669
177 699
177 706
177 721
177 735
177 747
177 815
177 838
177 1021
178 193
178 207
178 251
178 266
178 330
178 441
178 497
178 550
178 610
178 730
178 759
178 766
178 825
178 977
179 348
179 480
179 509
179 801
179 814
179 946
180 240
180 336
180 369
180 396
180 417
180 425
180 454
180 518
180 524
180 628
180 683
180 703
180 726
180 893
180 946
180 1019
181 211
181 235
181 303
181 352
181 407
181 516
181 599
181 662
181 723
181 728
181 760
181 811
181 858
181 874
181 1001
182 222
182 238
182 245
182 262
182 287
182 350
182 429
182 497
182 593
182 596
182 620
182 636
182 652
182 754
182 815
182 940
182 947
182 964
182 991
183 192
183 331
183 341
183 359
183 507
183 540
183 663
183 714
183 754
183 772
184 363
184 429
184 445
184 469
184 473
184 522
184 527
184 536
184 568
184 590
184 636
184 867
184 886
184 888
185 198
185 376
185 562
185 740
185 831
185 842
185 1000
186 328
186 357
186 361
186 470
186 487
186 592
186 647
186 667
186 677
186 682
186 714
186 772
186 820
186 865
186 936
186 941
186 983
186 986
186 1007
187 200
187 239
187 305
187 375
187 463
187 485
187 489
187 592
187 613
187 647
187 763
187 814
187 815
187 894
187 899
187 903
187 961
188 198
188 225
188 314
188 327
188 373
188 381
188 489
188 525
188 542
188 558
188 619
188 728
188 742
188 751
188 760
188 987
189 210
189 231
189 238
189 439
189 463
189 522
189 546
189 559
189 680
189 737
189 836
189 881
189 930
189 1023
190 211
190 242
190 466
190 535
190 558
190 641
190 739
190 846
190 882
190 1006
191 312
191 332
191 411
191 432
191 498
191 654
191 673
191 761
191 853
191 915
191 938
191 991
191 998
191 1015
192 224
192 237
192 269
192 272
192 279
192 322
192 337
192 399
192 487
192 500
192 552
192 562
192 583
192 616
192 769
192 814
192 815
192 853
192 1004
193 260
193 285
193 318
193 351
193 394
193 454
193 458
193 559
193 594
193 648
193 656
193 727
193 983
194 227
194 263
194 273
194 323
194 330
194 349
194 393
194 555
194 647
194 681
194 786
194 865
194 911
194 927
194 928
194 991
194 1011
195 255
195 270
195 381
195 459
195 466
195 469
195 509
195 563
195 570
195 577
195 601
195 694
195 713
195 721
195 786
195 890
195 936
195 959
196 217
196 248
196 258
196 329
196 351
196 427
196 566
196 603
196 638
196 650
196 734
196 751
196 776
196 791
196 896
196 927
196 938
196 970
196 971
197 246
197 253
197 360
197 400
197 435
197 448
197 468
197 512
197 564
197 689
197 690
197 699
197 728
197 770
197 906
197 924
197 933
197 965
197 978
198 241
198 310
198 324
198 346
198 396
198 397
198 428
198 459
198 514
198 547
198 602
198 655
198 783
198 869
198 908
199 252
199 265
199 373
199 455
199 540
199 553
199 582
199 708
199 710
199 785
199 910
200 225
200 303
200 326
200 355
200 397
200 455
200 470
200 513
200 532
200 602
200 664
200 836
200 874
200 1016
201 212
201 259
201 262
201 287
201 357
201 399
201 416
201 432
201 433
201 542
201 632
201 648
201 722
201 739
201 878
202 262
202 296
202 486
202 513
202 613
202 652
202 656
202 668
202 759
202 760
202 832
202 837
202 853
202 882
202 972
202 998
203 287
203 290
203 308
203 432
203 528
203 541
203 624
203 823
203 827
203 957
203 974
203 986
203 1000
204 232
204 291
204 294
204 298
204 316
204 338
204 489
204 637
204 680
204 800
204 956
204 967
204 974
205 216
205 267
205 285
205 401
205 410
205 429
205 559
205 603
205 617
205 623
205 783
205 814
205 839
206 274
206 412
206 456
206 481
206 590
206 666
206 716
206 748
206 754
206 763
206 894
206 958
206 1006
206 1007
207 248
207 263
207 330
207 358
207 487
207 509
207 560
207 643
207 688
207 702
207 734
207 744
207 785
207 787
207 935
208 445
208 516
208 524
208 587
208 727
208 959
209 236
209 263
209 266
209 272
209 437
209 525
209 544
209 555
209 622
209 799
209 857
209 974
209 998
210 213
210 227
210 234
210 543
210 555
210 588
210 602
210 634
210 679
210 842
210 998
211 351
211 391
211 447
211 533
211 663
211 671
211 700
211 735
211 742
211 797
211 924
211 942
211 947
211 955
211 957
211 1012
211 1022
212 231
212 248
212 440
212 467
212 659
212 862
212 951
212 981
213 238
213 245
213 320
213 330
213 366
213 397
213 406
213 423
213 434
213 442
213 596
213 750
213 776
213 789
213 791
213 845
213 864
213 865
213 964
214 270
214 283
214 382
214 503
214 670
214 744
214 786
214 897
214 968
214 1020
215 271
215 274
215 301
215 421
215 609
215 634
215 806
215 808
215 816
215 902
215 947
216 261
216 313
216 342
216 472
216 544
216 641
216 798
216 839
216 870
216 893
216 1014
217 235
217 386
217 485
217 549
217 597
217 679
217 839
217 982
217 997
218 314
218 352
218 471
218 497
218 857
218 966
219 272
219 367
219 376
219 420
219 430
219 443
219 446
219 468
219 620
219 624
219 743
219 764
219 805
219 851
219 867
220 241
220 272
220 285
220 295
220 365
220 368
220 378
220 408
220 545
220 604
220 618
220 710
220 731
220 738
220 739
220 806
220 942
220 1008
221 264
221 276
221 329
221 377
221 509
221 522
221 538
221 606
221 833
222 251
222 285
222 356
222 555
222 569
222 596
222 712
222 786
222 814
222 827
222 870
222 896
222 953
222 964
222 977
223 284
223 359
223 394
223 411
223 507
223 549
223 650
223 656
223 737
223 765
223 855
223 891
223 915
223 995
224 408
224 776
224 796
224 873
224 893
224 938
224 956
224 968
224 977
224 1008
225 276
225 277
225 280
225 316
225 388
225 401
225 408
225 504
225 513
225 526
225 530
225 557
225 677
225 748
225 846
225 930
225 944
225 970
226 247
226 312
226 389
226 393
226 397
226 404
226 480
226 541
226 655
226 671
226 700
226 709
226 799
226 803
226 846
226 877
226 901
226 921
226 996
226 1006
227 340
227 366
227 383
227 461
227 685
227 692
227 705
227 845
227 895
227 911
227 974
227 995
227 1016
228 386
228 390
228 437
228 486
228 625
228 645
228 726
228 803
228 813
228 860
228 912
228 947
228 1013
228 1014
229 254
229 274
229 278
229 323
229 395
229 432
229 490
229 514
229 534
229 540
229 666
229 670
229 692
229 741
229 883
229 897
229 913
229 989
229 1005
230 238
230 252
230 272
230 551
230 584
230 749
230 825
230 890
230 930
230 950
230 961
231 406
231 444
231 453
231 455
231 472
231 484
231 523
231 830
231 863
231 884
231 895
231 901
231 914
231 964
232 234
232 289
232 382
232 387
232 409
232 433
232 571
232 678
232 742
232 800
232 836
232 846
232 892
232 914
232 943
232 960
233 278
233 325
233 472
233 513
233 528
233 601
233 685
233 710
233 757
233 841
233 955
234 257
234 286
234 289
234 303
234 567
234 605
234 633
234 643
234 651
234 692
234 745
234 783
234 814
234 951
234 982
234 995
235 312
235 432
235 564
235 580
235 597
235 628
235 631
235 667
235 674
235 684
235 789
235 903
235 991
235 998
235 1023
236 267
236 272
236 349
236 471
236 558
236 562
236 626
236 700
236 782
236 798
236 810
236 899
236 939
236 962
236 990
237 253
237 490
237 544
237 569
237 595
237 714
237 716
237 760
237 763
237 773
237 777
237 826
237 857
237 859
237 868
237 906
237 966
237 974
238 244
238 276
238 288
238 361
238 406
238 422
238 450
238 501
238 529
238 587
238 917
239 306
239 319
239 350
239 456
239 524
239 554
239 674
239 805
239 839
239 871
239 979
239 998
240 244
240 333
240 538
240 563
240 613
240 682
240 737
240 813
240 819
240 851
240 879
240 950
241 248
241 265
241 277
241 307
241 464
241 480
241 529
241 538
241 616
241 628
241 646
241 656
241 701
241 765
241 771
241 846
241 980
242 370
242 566
242 607
242 680
242 762
242 782
242 806
242 819
242 929
242 994
242 1003
243 245
243 324
243 476
243 523
243 526
243 740
243 813
243 944
244 348
244 385
244 402
244 434
244 444
244 486
244 672
244 673
244 736
244 743
244 746
244 868
244 890
244 947
244 955
244 987
245 261
245 332
245 458
245 470
245 488
245 545
245 549
245 613
245 620
245 772
245 834
245 851
245 993
246 274
246 315
246 320
246 408
246 431
246 488
246 531
246 533
246 559
246 705
246 716
246 727
246 761
246 821
246 851
246 868
246 880
246 891
246 955
246 992
246 1010
246 1013
246 1018
247 253
247 335
247 454
247 482
247 580
247 676
247 751
247 856
247 904
247 1019
248 287
248 305
248 463
248 473
248 622
248 706
248 721
248 730
248 781
248 852
248 922
248 927
248 934
248 937
248 966
248 975
249 250
249 309
249 407
249 458
249 523
249 558
249 583
249 638
249 657
249 756
249 812
249 838
249 922
249 987
250 280
250 320
250 329
250 361
250 476
250 479
250 548
250 578
250 581
250 607
250 627
250 651
250 654
250 668
250 934
251 291
251 571
251 638
251 666
251 739
251 783
251 878
251 971
251 979
252 253
252 352
252 421
252 573
252 575
252 644
252 754
252 785
252 805
252 926
253 266
253 304
253 313
253 315
253 317
253 433
253 526
253 642
253 776
253 783
253 846
253 903
253 977
254 331
254 339
254 444
254 614
254 642
254 782
254 975
255 294
255 533
255 596
255 625
255 661
255 684
255 722
255 728
255 793
255 889
255 1003
256 477
256 560
256 586
256 678
256 726
256 740
256 804
256 826
256 920
256 929
256 959
257 439
257 544
257 616
257 621
257 675
257 748
257 792
258 289
258 418
258 427
258 510
258 519
258 565
258 716
258 821
258 823
259 379
259 626
259 692
259 754
259 797
259 823
259 882
259 935
259 1006
260 288
260 320
260 344
260 354
260 429
260 465
260 503
260 527
260 540
260 555
260 588
260 608
260 721
260 844
260 878
260 940
260 958
261 265
261 288
261 387
261 525
261 533
261 565
261 579
261 680
261 917
261 991
261 999
262 299
262 308
262 337
262 528
262 574
262 628
262 690
262 761
262 838
262 856
262 893
262 988
263 283
263 290
263 358
263 407
263 409
263 503
263 527
263 570
263 761
263 808
263 854
263 869
263 883
263 927
263 958
264 273
264 473
264 547
264 609
264 750
264 760
264 797
264 858
264 895
264 942
264 952
265 334
265 345
265 348
265 350
265 368
265 400
265 446
265 582
265 617
265 659
265 664
265 680
265 816
265 916
265 946
265 948
265 950
266 285
266 296
266 329
266 368
266 372
266 396
266 405
266 463
266 466
266 505
266 516
266 615
266 640
266 659
266 685
266 687
266 805
266 809
266 839
266 948
266 968
266 1002
267 318
267 331
267 349
267 479
267 489
267 512
267 631
267 655
267 698
267 759
267 770
267 783
267 813
267 860
268 297
268 322
268 367
268 453
268 605
268 833
268 835
268 925
269 275
269 290
269 380
269 386
269 398
269 463
269 494
269 533
269 557
269 564
269 587
269 639
269 688
269 702
269 986
269 987
269 989
269 1014
270 314
270 382
270 459
270 470
270 482
270 618
270 655
270 666
270 697
270 717
270 780
270 809
270 848
270 907
270 926
270 977
271 377
271 459
271 530
271 631
271 642
271 653
271 673
271 894
271 906
271 971
272 280
272 286
272 288
272 295
272 367
272 457
272 461
272 491
272 506
272 559
272 562
272 635
272 643
272 749
272 766
272 837
272 847
272 861
272 884
272 902
272 931
272 990
273 290
273 332
273 333
273 501
273 546
273 701
273 724
273 744
273 766
273 799
273 847
273 852
273 990
273 991
274 276
274 325
274 332
274 380
274 419
274 463
274 475
274 635
274 704
274 709
274 749
274 777
274 807
274 873
274 907
274 1015
275 300
275 361
275 364
275 512
275 516
275 653
275 717
275 929
275 933
275 955
275 984
276 422
276 571
276 596
276 599
276 653
276 714
276 717
276 793
276 879
276 889
276 901
276 915
276 966
276 1003
277 326
277 453
277 460
277 535
277 666
277 682
277 684
277 687
277 691
277 752
277 754
277 824
277 855
277 917
277 919
277 927
277 928
277 941
277 980
277 988
278 353
278 435
278 449
278 686
278 825
278 895
278 960
278 963
278 990
279 286
279 293
279 333
279 421
279 450
279 543
279 691
279 745
279 795
279 829
279 880
279 963
279 1023
280 362
280 376
280 550
280 636
280 691
280 736
280 752
280 766
280 854
280 881
280 939
280 969
280 980
281 356
281 407
281 460
281 461
281 494
281 568
281 575
281 637
281 699
281 703
281 709
281 785
281 850
281 852
281 905
281 929
281 930
281 932
281 959
281 970
282 341
282 342
282 352
282 404
282 408
282 411
282 442
282 475
282 517
282 524
282 531
282 628
282 714
282 811
282 821
282 922
282 959
283 309
283 385
283 412
283 433
283 458
283 473
283 683
283 692
283 719
283 915
283 1005
284 297
284 304
284 328
284 390
284 404
284 410
284 442
284 473
284 492
284 534
284 628
284 666
284 677
284 694
284 706
284 717
284 743
284 845
284 864
284 917
284 958
285 307
285 319
285 335
285 388
285 389
285 521
285 599
285 641
285 684
285 769
285 835
285 837
285 866
285 953
285 978
285 1010
286 515
286 551
286 573
286 746
286 773
286 858
286 867
287 298
287 389
287 427
287 480
287 505
287 553
287 590
287 603
287 620
287 662
287 714
287 750
287 786
287 933
288 347
288 589
288 593
288 597
288 632
288 675
288 1013
289 339
289 430
289 530
289 650
289 725
289 792
289 802
289 818
289 831
289 861
289 896
289 966
289 974
289 1005
290 344
290 347
290 359
290 581
290 606
290 850
290 941
291 340
291 430
291 467
291 493
291 636
291 828
292 314
292 318
292 334
292 350
292 408
292 437
292 476
292 501
292 558
292 758
292 815
292 817
292 847
292 904
292 947
292 976
293 297
293 563
293 569
293 575
293 650
293 704
293 851
293 918
293 1018
294 348
294 403
294 434
294 459
294 518
294 558
294 563
294 635
294 642
294 656
294 702
294 710
294 720
294 753
294 855
294 862
294 901
294 917
295 319
295 377
295 396
295 436
295 444
295 483
295 508
295 512
295 646
295 649
295 690
295 710
295 733
295 740
295 796
295 893
295 973
296 313
296 424
296 437
296 485
296 596
296 599
296 653
296 679
296 698
296 720
296 763
296 772
296 904
296 948
296 975
296 1020
297 428
297 444
297 453
297 462
297 674
297 701
297 714
297 844
297 904
297 1005
298 310
298 329
298 355
298 357
298 515
298 565
298 570
298 611
298 614
298 620
298 671
298 747
298 751
298 804
298 808
298 853
298 868
298 952
298 975
299 308
299 354
299 384
299 506
299 605
299 645
299 715
299 825
299 852
299 910
299 917
300 314
300 363
300 411
300 470
300 529
300 623
300 625
300 626
300 633
300 639
300 723
300 727
300 738
300 753
300 846
300 850
300 911
300 947
300 1015
301 333
301 362
301 434
301 440
301 471
301 497
301 573
301 805
301 988
302 303
302 318
302 433
302 539
302 545
302 559
302 577
302 582
302 809
302 916
303 309
303 336
303 346
303 394
303 417
303 465
303 473
303 526
303 652
303 685
303 742
303 744
303 903
303 917
303 1004
304 349
304 402
304 426
304 440
304 521
304 596
304 630
304 641
304 910
304 911
304 962
304 977
304 984
305 509
305 550
305 563
305 666
305 681
305 749
305 762
305 1022
306 382
306 525
306 678
306 683
306 687
306 724
306 837
306 865
306 927
306 934
306 1003
307 347
307 371
307 372
307 402
307 464
307 487
307 497
307 535
307 550
307 604
307 624
307 682
307 892
307 896
307 937
307 947
307 1010
308 346
308 438
308 478
308 561
308 569
308 630
308 635
308 735
308 739
308 817
308 823
308 901
308 928
308 1019
309 319
309 322
309 334
309 369
309 416
309 422
309 443
309 469
309 512
309 645
309 737
309 756
309 795
309 822
309 909
309 916
309 960
310 314
310 424
310 526
310 545
310 614
310 629
310 646
310 674
310 686
310 715
310 767
310 900
310 933
311 444
311 479
311 543
311 551
311 581
311 645
311 683
311 721
311 824
311 1002
312 351
312 352
312 413
312 442
312 475
312 510
312 539
312 543
312 585
312 636
312 748
312 889
312 985
312 1011
313 314
313 354
313 446
313 484
313 546
313 565
313 580
313 676
313 714
313 871
313 929
313 948
313 1007
313 1023
314 364
314 383
314 420
314 434
314 446
314 467
314 588
314 601
314 622
314 752
314 760
314 827
314 830
314 881
314 929
314 983
315 394
315 475
315 504
315 505
315 511
315 591
315 606
315 649
315 698
315 770
315 784
315 828
315 857
315 934
316 372
316 525
316 632
316 780
316 816
316 824
316 827
316 971
316 976
316 979
317 549
317 557
317 559
317 610
317 617
317 700
317 725
317 815
317 869
317 983
318 377
318 512
318 538
318 575
318 603
318 623
318 804
318 853
318 898
318 942
319 325
319 328
319 348
319 483
319 484
319 547
319 581
319 745
319 839
319 844
319 969
320 333
320 366
320 409
320 432
320 436
320 461
320 537
320 546
320 665
320 682
320 702
320 860
320 924
320 968
320 979
320 1002
321 334
321 411
321 429
321 501
321 530
321 537
321 628
321 651
321 663
321 671
321 685
321 686
321 767
321 831
321 848
321 851
321 968
321 977
321 1002
322 330
322 366
322 456
322 496
322 576
322 597
322 645
322 650
322 674
322 696
322 772
323 335
323 346
323 364
323 370
323 405
323 406
323 430
323 461
323 465
323 507
323 547
323 549
323 600
323 658
323 668
323 672
323 691
323 708
323 762
323 882
324 405
324 521
324 608
324 646
324 693
324 768
324 902
324 975
324 999
324 1003
325 433
325 458
325 523
325 542
325 665
325 876
325 956
326 384
326 395
326 420
326 544
326 558
326 618
326 719
326 844
326 848
326 896
326 945
326 981
327 336
327 591
327 768
327 804
327 848
327 870
327 898
327 925
327 937
327 966
328 376
328 388
328 443
328 446
328 470
328 487
328 490
328 554
328 570
328 602
328 668
328 671
328 812
328 863
328 927
328 991
328 993
329 339
329 382
329 395
329 405
329 417
329 418
329 477
329 523
329 547
329 574
329 581
329 614
329 656
329 731
329 825
329 842
329 912
329 939
330 337
330 438
330 551
330 837
330 871
330 889
330 906
330 1013
330 1019
331 453
331 459
331 504
331 508
331 541
331 602
331 711
331 797
331 826
331 853
331 945
331 979
331 990
332 378
332 475
332 488
332 530
332 550
332 616
332 651
332 696
332 748
332 900
332 930
333 435
333 468
333 503
333 625
333 754
333 759
333 773
333 801
333 814
333 823
333 858
333 866
333 890
333 924
333 945
333 963
333 1003
334 401
334 488
334 536
334 638
334 654
334 906
334 945
334 980
335 528
335 533
335 577
335 583
335 633
335 675
335 679
335 708
335 865
335 867
335 983
336 359
336 411
336 512
336 529
336 640
336 693
336 798
336 817
336 863
336 917
336 918
336 995
336 1005
337 399
337 620
337 623
337 708
337 799
337 811
337 884
337 901
337 916
338 392
338 393
338 415
338 513
338 523
338 554
338 564
338 569
338 592
338 726
338 735
338 807
338 902
338 920
338 952
338 989
339 379
339 585
339 619
339 629
339 667
339 687
339 740
339 896
339 905
339 964
339 1001
340 423
340 558
340 716
340 788
340 909
340 955
340 964
341 353
341 390
341 399
341 585
341 619
341 647
341 712
341 721
341 852
341 915
342 417
342 518
342 555
342 624
342 647
342 781
342 795
342 817
342 888
342 908
342 920
342 947
342 1013
343 408
343 425
343 454
343 486
343 507
343 653
343 701
343 806
343 876
343 892
344 425
344 429
344 475
344 628
344 666
344 751
344 768
344 866
344 963
344 986
345 375
345 431
345 457
345 458
345 510
345 517
345 541
345 599
345 717
345 883
345 928
345 974
345 1001
346 348
346 404
346 406
346 435
346 453
346 480
346 624
346 686
346 720
346 771
346 861
346 887
346 966
347 455
347 522
347 582
347 598
347 600
347 631
347 702
347 703
347 902
347 914
347 923
347 925
348 461
348 485
348 492
348 501
348 585
348 676
348 738
348 840
348 869
349 392
349 556
349 678
349 783
349 785
349 865
349 1012
349 1015
350 446
350 459
350 589
350 596
350 662
350 751
350 773
350 795
350 831
350 836
350 884
350 902
350 936
351 495
351 512
351 513
351 528
351 536
351 571
351 582
351 594
351 639
351 652
351 683
351 735
351 874
351 935
351 939
351 961
351 1000
351 1021
352 380
352 390
352 393
352 428
352 432
352 462
352 475
352 478
352 524
352 554
352 561
352 592
352 627
352 829
353 458
353 469
353 523
353 535
353 653
353 688
353 717
353 736
353 743
353 958
354 473
354 580
354 622
354 651
354 659
354 739
354 779
354 911
354 1016
355 357
355 390
355 522
355 591
355 633
355 700
355 871
355 884
355 939
355 1011
356 371
356 422
356 607
356 681
356 694
356 717
356 775
356 807
356 865
356 885
357 409
357 460
357 481
357 618
357 681
357 717
357 735
357 791
357 804
357 858
357 896
357 1014
358 591
358 596
358 633
358 679
358 693
358 715
358 745
358 948
358 950
358 953
358 1001
359 368
359 502
359 631
359 685
359 702
359 726
359 834
359 921
360 376
360 512
360 537
360 735
360 754
360 757
360 769
360 839
360 857
360 905
360 971
361 364
361 423
361 440
361 494
361 536
361 546
361 589
361 700
361 813
361 891
361 907
361 924
362 429
362 432
362 510
362 529
362 535
362 620
362 629
362 752
362 768
362 872
362 888
362 969
363 398
363 425
363 455
363 659
363 816
363 848
363 922
363 930
363 931
363 983
364 447
364 458
364 498
364 524
364 526
364 542
364 593
364 602
364 717
364 752
364 757
364 769
364 819
364 864
364 890
364 925
364 943
364 946
364 948
365 423
365 494
365 559
365 677
365 757
365 776
365 803
365 815
365 827
365 864
365 919
365 941
366 383
366 432
366 433
366 489
366 504
366 510
366 519
366 526
366 577
366 595
366 611
366 774
366 813
366 827
366 840
366 859
366 863
366 922
366 928
367 373
367 428
367 486
367 589
367 616
367 702
367 829
367 846
367 973
367 988
367 1022
368 405
368 551
368 587
368 632
368 713
368 763
368 896
368 939
369 401
369 410
369 495
369 521
369 530
369 533
369 667
369 705
369 777
369 867
369 904
369 978
369 980
370 396
370 432
370 495
370 601
370 612
370 657
370 661
370 785
370 855
370 916
370 942
370 996
371 387
371 405
371 444
371 592
371 600
371 622
371 785
371 814
371 816
371 834
371 853
371 1004
371 1015
372 418
372 523
372 539
372 667
372 683
372 778
372 892
372 932
372 940
372 963
373 419
373 448
373 467
373 507
373 555
373 625
373 649
373 887
374 384
374 388
374 396
374 412
374 482
374 580
374 627
374 661
374 712
374 747
374 780
374 902
375 490
375 492
375 578
375 702
375 712
375 715
375 763
375 827
375 831
375 875
375 881
375 927
376 401
376 435
376 454
376 474
376 615
376 694
376 736
376 761
376 835
376 950
376 1013
376 1015
377 382
377 391
377 402
377 432
377 475
377 503
377 606
377 613
377 619
377 658
377 709
377 740
377 802
377 919
378 451
378 457
378 522
378 653
378 673
378 678
378 724
378 758
378 881
378 895
378 974
378 1009
379 397
379 456
379 466
379 478
379 497
379 790
379 812
379 855
379 954
380 385
380 571
380 587
380 648
380 716
380 801
380 819
380 846
380 973
381 394
381 410
381 424
381 455
381 486
381 560
381 584
381 835
381 845
382 407
382 445
382 528
382 538
382 576
382 595
382 611
382 706
382 853
382 855
382 887
382 950
382 1019
383 438
383 455
383 621
383 640
383 646
383 651
383 770
383 820
383 879
383 915
383 920
383 924
383 944
383 986
383 1015
384 387
384 449
384 497
384 543
384 658
384 781
384 792
384 797
384 805
384 828
384 872
384 936
384 1014
385 636
385 669
385 754
385 798
385 858
385 863
385 895
385 911
385 937
386 471
386 474
386 696
386 698
386 780
386 879
386 888
386 903
386 907
386 979
387 426
387 432
387 479
387 501
387 528
387 602
387 626
387 651
387 676
387 746
387 770
387 779
387 855
387 899
387 922
387 928
388 394
388 462
388 466
388 626
388 631
388 668
388 754
388 787
388 804
388 840
388 887
388 920
388 922
388 941
388 982
388 988
388 1006
389 676
389 746
389 755
389 807
389 957
390 411
390 456
390 558
390 593
390 603
390 612
390 616
390 683
390 701
390 727
390 766
390 773
390 782
390 787
390 805
390 837
390 844
390 864
390 873
390 968
390 1020
391 407
391 574
391 589
391 666
391 823
391 830
391 929
391 937
391 944
392 441
392 553
392 555
392 564
392 712
392 773
392 777
392 795
392 911
393 509
393 537
393 550
393 590
393 646
393 658
393 666
393 685
393 732
393 772
393 811
393 854
393 870
393 880
393 895
393 938
393 943
394 409
394 414
394 441
394 452
394 578
394 620
394 686
394 871
394 990
395 436
395 521
395 554
395 574
395 590
395 599
395 614
395 622
395 624
395 626
395 729
395 893
395 901
395 1004
396 591
396 620
396 784
396 788
396 874
396 896
396 927
396 939
396 943
396 958
396 1010
397 399
397 433
397 465
397 552
397 588
397 648
397 732
397 743
397 796
397 815
397 829
397 854
397 859
398 469
398 636
398 660
398 708
398 722
398 736
398 803
398 815
398 834
398 897
398 899
398 947
398 957
398 982
398 997
399 404
399 472
399 501
399 549
399 588
399 644
399 645
399 673
399 730
399 732
399 787
399 804
399 909
399 946
400 518
400 633
400 671
400 703
400 724
400 782
400 798
400 803
400 816
400 858
400 860
400 944
400 976
400 981
400 992
401 558
401 602
401 606
401 747
401 754
401 809
401 823
402 451
402 522
402 563
402 573
402 580
402 585
402 629
402 641
402 655
402 668
402 705
402 879
402 907
402 922
402 938
402 957
402 1010
403 582
403 608
403 611
403 623
403 633
403 768
403 867
403 941
404 422
404 502
404 649
404 653
404 715
404 727
404 791
404 795
404 843
404 875
404 893
404 996
405 460
405 485
405 616
405 636
405 696
405 811
405 864
405 899
405 902
406 427
406 557
406 571
406 645
406 659
406 691
406 726
406 746
406 750
406 835
406 854
406 866
406 874
406 887
406 906
406 929
407 462
407 584
407 612
407 617
407 619
407 662
407 996
408 414
408 426
408 472
408 482
408 628
408 661
408 686
408 797
408 850
408 875
408 951
408 1017
409 666
409 688
409 706
409 874
409 887
409 993
409 996
409 1022
410 448
410 464
410 492
410 506
410 528
410 572
410 613
410 683
410 700
410 801
410 817
410 917
411 461
411 493
411 536
411 671
411 801
411 830
411 844
411 896
411 1006
412 594
412 638
412 687
412 753
412 764
412 802
412 852
412 853
412 951
412 962
413 448
413 455
413 462
413 489
413 540
413 577
413 627
413 738
413 762
413 769
413 797
413 867
413 977
413 992
414 468
414 588
414 661
414 774
414 841
414 880
414 917
415 476
415 525
415 532
415 604
415 670
415 680
415 740
415 752
415 770
415 783
415 813
415 930
415 953
415 959
415 968
416 547
416 562
416 599
416 750
416 752
416 906
416 914
416 928
417 608
417 644
417 687
417 706
417 944
418 538
418 603
418 624
418 649
418 662
418 701
418 790
418 821
418 838
418 850
418 876
418 909
418 1020
419 469
419 493
419 547
419 591
419 651
419 683
419 727
419 870
419 937
419 974
420 593
420 608
420 825
420 840
420 853
420 857
420 966
420 1010
420 1022
421 430
421 606
421 644
421 676
421 732
421 762
421 838
421 850
421 892
421 977
421 1019
422 672
422 680
422 850
422 941
422 1002
423 426
423 471
423 495
423 603
423 681
423 703
423 718
423 769
423 781
423 811
423 860
423 922
423 980
423 1021
424 497
424 538
424 563
424 600
424 620
424 667
424 684
424 694
424 706
424 720
424 733
424 752
424 930
425 491
425 513
425 550
425 559
425 593
425 613
425 649
425 669
425 725
425 755
425 824
425 929
425 945
425 1004
425 1022
426 540
426 567
426 612
426 617
426 660
426 698
426 769
426 858
426 913
426 936
426 938
426 980
427 503
427 587
427 609
427 681
427 697
427 773
427 788
427 877
427 924
427 1014
428 452
428 493
428 604
428 641
428 661
428 692
428 745
428 810
428 873
428 1000
429 566
429 691
429 749
429 763
429 789
429 797
429 982
429 994
430 434
430 496
430 549
430 767
430 893
430 917
430 1000
431 515
431 585
431 615
431 788
431 859
431 932
431 934
432 664
432 768
432 786
432 825
432 888
432 958
432 972
432 987
432 1012
433 463
433 507
433 589
433 624
433 694
433 709
433 809
433 853
433 879
433 971
434 471
434 480
434 515
434 517
434 602
434 604
434 716
434 727
434 736
434 782
434 809
435 461
435 489
435 532
435 579
435 630
435 717
435 739
435 755
435 811
435 812
435 856
435 928
435 931
435 993
435 997
436 446
436 653
436 673
436 686
436 725
436 776
436 778
436 840
436 849
436 876
436 914
436 917
436 1001
436 1008
437 518
437 536
437 585
437 609
437 639
437 647
437 664
437 678
437 721
437 788
437 807
437 856
437 878
437 888
437 918
438 747
438 795
438 827
438 922
438 927
439 460
439 461
439 463
439 543
439 559
439 697
439 724
439 787
439 831
439 887
439 978
440 451
440 523
440 531
440 627
440 655
440 672
440 776
440 836
440 855
440 860
440 867
440 881
440 890
440 937
440 953
441 453
441 489
441 604
441 680
441 697
441 702
441 703
441 713
441 731
441 790
441 863
441 865
441 1005
442 548
442 606
442 615
442 661
442 745
442 803
442 828
442 874
442 898
443 481
443 514
443 547
443 644
443 687
443 763
443 778
443 851
443 887
443 907
443 984
444 476
444 512
444 524
444 554
444 623
444 718
444 828
444 948
444 950
444 980
444 985
445 448
445 468
445 521
445 658
445 716
445 763
445 832
445 1007
445 1019
446 472
446 479
446 487
446 518
446 532
446 559
446 616
446 674
446 676
446 729
446 766
446 770
446 771
446 883
446 976
447 531
447 536
447 675
447 688
447 697
447 736
447 779
447 848
448 718
448 886
448 945
448 962
449 465
449 472
449 473
449 494
449 557
449 640
449 808
449 836
449 887
450 494
450 649
450 824
450 916
450 950
450 967
450 1015
451 481
451 528
451 622
451 629
451 783
451 806
451 853
451 875
451 950
451 1019
452 505
452 669
452 731
452 904
452 915
452 982
453 457
453 477
453 488
453 521
453 623
453 640
453 749
453 881
453 882
453 959
453 970
454 480
454 569
454 615
454 695
454 757
454 774
454 823
454 901
454 913
454 927
454 987
455 472
455 538
455 568
455 850
455 965
455 1009
456 484
456 568
456 630
456 696
456 697
456 775
456 784
456 844
456 890
456 907
456 911
456 933
456 940
456 945
456 984
457 463
457 541
457 545
457 550
457 560
457 617
457 659
457 688
457 739
457 746
457 947
458 459
458 544
458 570
458 585
458 652
458 694
458 746
458 806
458 847
458 849
458 863
458 871
458 942
458 959
458 968
459 464
459 546
459 578
459 685
459 702
460 730
460 903
460 920
460 959
460 1008
460 1016
461 690
461 693
461 722
461 745
461 753
461 785
461 791
462 472
462 554
462 602
462 668
462 669
462 689
462 734
462 780
462 861
462 882
462 921
462 930
462 964
463 486
463 500
463 553
463 556
463 658
463 677
463 737
463 864
463 962
463 985
463 1004
463 1016
464 633
464 785
464 850
464 860
464 892
464 965
465 483
465 485
465 593
465 690
465 741
465 758
465 812
465 861
465 870
465 902
465 1001
465 1011
465 1012
465 1023
466 527
466 567
466 572
466 601
466 674
466 701
466 734
466 805
466 827
466 848
466 898
466 992
467 586
467 676
467 682
467 691
467 790
467 822
467 849
467 880
467 1015
468 536
468 612
468 697
468 726
468 757
468 995
469 513
469 591
469 592
469 861
469 896
469 908
469 944
469 956
470 513
470 597
470 625
470 692
470 828
470 838
470 843
470 897
470 949
471 490
471 536
471 547
471 552
471 630
471 728
471 827
471 837
471 898
472 488
472 494
472 666
472 748
472 756
472 934
472 945
472 992
472 1004
473 478
473 683
473 796
473 893
473 908
473 944
473 954
473 955
473 979
473 994
473 1012
474 490
474 541
474 571
474 649
474 690
474 719
474 777
474 928
474 955
474 987
475 528
475 671
475 720
475 864
475 868
475 936
475 953
475 1016
476 496
476 539
476 607
476 620
476 670
476 697
476 779
476 976
477 547
477 640
477 698
477 802
477 912
477 1005
478 508
478 542
478 580
478 626
478 706
478 775
478 807
478 832
478 865
478 887
478 927
479 504
479 539
479 586
479 608
479 741
479 750
479 847
480 488
480 527
480 581
480 656
480 734
480 850
480 888
480 928
480 965
481 598
481 648
481 718
481 771
481 967
481 1008
482 525
482 634
482 652
482 653
482 668
482 699
482 755
482 795
482 870
482 908
482 995
482 1012
483 488
483 492
483 525
483 579
483 629
483 689
483 748
483 832
483 833
483 907
484 521
484 549
484 755
484 790
484 793
484 800
484 841
484 843
484 955
484 956
484 967
484 1006
484 1009
485 512
485 513
485 520
485 616
485 630
485 693
485 696
485 697
485 875
485 935
485 1016
486 542
486 636
486 665
486 773
486 826
486 972
486 977
486 991
487 530
487 718
487 910
487 949
487 974
488 561
488 601
488 613
488 690
488 762
488 794
488 901
488 902
488 928
488 993
489 526
489 530
489 601
489 656
489 664
489 705
489 710
489 736
489 853
489 933
489 1011
490 516
490 533
490 548
490 570
490 610
490 694
490 782
490 943
490 966
490 1012
491 535
491 653
491 739
491 756
491 767
491 1008
492 508
492 551
492 647
492 792
492 888
493 512
493 527
493 564
493 666
493 690
493 715
494 504
494 523
494 530
494 576
494 651
494 697
494 778
494 787
494 812
494 817
494 821
494 845
494 884
494 930
494 950
494 951
494 983
494 1010
495 547
495 606
495 629
495 655
495 805
495 839
495 897
495 1005
496 618
496 636
496 688
496 866
496 947
496 977
496 1004
496 1017
497 574
497 665
497 769
497 832
497 863
498 585
498 645
498 706
498 764
498 829
498 939
498 963
499 525
499 553
499 687
499 704
499 717
499 818
499 834
499 924
499 970
500 668
500 888
500 949
500 972
500 1009
501 574
501 639
501 686
501 714
501 887
501 973
501 975
501 1010
502 546
502 617
502 749
502 842
502 868
502 943
502 944
503 505
503 520
503 643
503 712
503 724
503 733
503 890
503 891
503 976
503 1017
504 655
504 675
504 723
504 742
504 795
504 859
504 885
504 929
504 935
504 960
504 998
505 594
505 740
505 806
505 877
505 959
506 561
506 592
506 608
506 648
506 678
506 758
506 766
506 776
506 800
506 820
506 906
506 921
506 959
506 982
507 548
507 592
507 749
507 754
507 793
507 874
507 917
508 616
508 628
508 663
508 686
508 748
508 770
508 893
508 910
508 943
509 526
509 651
509 696
509 791
509 798
509 799
509 852
509 923
510 531
510 601
510 814
510 860
510 866
510 892
510 910
510 955
510 1011
511 630
511 684
511 712
511 728
511 733
511 783
511 817
511 842
511 848
511 951
511 964
511 969
511 1013
512 520
512 530
512 567
512 627
512 674
512 795
512 839
512 979
513 536
513 745
513 753
513 805
513 816
513 820
513 872
513 895
513 975
513 997
513 1021
514 515
514 555
514 681
514 751
514 768
514 786
514 878
514 937
514 994
515 525
515 541
515 688
515 710
515 735
515 811
515 819
515 820
515 982
516 778
516 796
516 800
516 805
516 822
516 980
517 591
517 597
517 607
517 629
517 650
517 709
517 715
517 892
517 900
517 902
517 917
517 994
517 999
517 1011
517 1019
518 577
518 590
518 644
518 659
518 708
518 774
518 792
518 827
519 591
519 610
519 635
519 822
519 897
519 927
519 956
519 990
520 548
520 596
520 674
520 831
520 860
520 887
520 903
520 1017
521 565
521 589
521 682
521 714
521 745
521 885
521 946
521 962
521 1002
521 1007
522 622
522 657
522 658
522 713
522 715
522 757
522 964
522 1021
523 550
523 577
523 643
523 651
523 742
523 761
523 780
523 788
523 822
523 842
523 936
523 943
523 978
524 588
524 597
524 617
524 630
524 651
524 687
524 743
524 858
524 880
524 891
524 915
524 958
524 1003
524 1021
525 566
525 775
525 848
525 852
525 944
525 972
525 975
525 1010
526 641
526 687
526 780
526 806
526 932
526 959
526 980
527 732
527 743
527 764
527 771
527 784
527 813
527 832
527 881
527 968
528 589
528 598
528 696
528 700
528 731
528 746
528 765
528 871
528 926
528 938
528 981
529 599
529 742
529 750
529 766
529 770
529 793
529 804
529 864
529 867
529 883
529 922
529 973
530 551
530 601
530 639
530 681
530 717
530 734
530 736
530 749
530 787
530 797
530 832
531 576
531 889
531 909
531 959
532 557
532 720
532 840
532 859
532 862
532 935
532 987
533 535
533 568
533 726
533 866
534 541
534 610
534 636
534 693
534 698
534 726
534 825
534 926
534 928
534 1005
535 539
535 542
535 592
535 649
535 655
535 669
535 737
535 769
535 775
535 780
535 791
535 844
535 886
535 913
536 550
536 569
536 584
536 654
536 676
536 729
536 736
536 748
536 799
536 863
536 867
536 926
537 592
537 599
537 604
537 926
537 996
538 796
538 817
538 830
538 909
538 971
539 576
539 606
539 708
539 803
539 825
539 848
539 866
539 906
539 960
540 553
540 568
540 746
540 769
540 836
540 927
540 977
540 1003
540 1008
540 1017
541 556
541 574
541 585
541 602
541 825
541 903
541 918
541 982
542 595
542 634
542 654
542 704
542 750
542 766
542 799
542 860
542 887
542 987
543 602
543 664
543 690
543 696
543 746
543 757
543 772
543 786
543 833
543 942
544 671
544 679
544 755
544 923
544 924
544 1014
545 582
545 806
545 837
545 885
545 966
545 986
545 1004
545 1009
546 583
546 624
546 699
546 882
546 975
546 988
547 721
547 722
547 760
547 817
547 886
547 906
547 919
547 992
548 584
548 590
548 673
548 750
548 757
548 792
548 801
548 802
548 827
548 829
548 838
548 860
548 905
548 922
548 941
548 953
548 957
548 969
549 587
549 679
549 717
549 757
549 779
549 1007
550 604
550 664
550 689
550 733
550 802
550 808
550 898
551 774
551 789
551 831
551 940
551 998
552 583
552 587
552 721
552 743
552 780
552 802
552 901
552 908
552 911
552 984
552 1011
552 1022
553 590
553 601
553 625
553 734
553 895
553 920
553 931
554 584
554 618
554 720
554 728
554 735
554 740
554 810
555 758
555 768
555 776
555 779
555 819
555 840
555 864
555 902
556 597
556 647
556 678
556 783
556 800
556 882
556 952
557 647
557 650
557 693
557 694
557 711
557 741
557 774
557 785
557 809
557 816
557 919
557 930
557 955
557 1018
558 578
558 697
558 814
558 841
558 873
558 890
558 904
558 934
558 949
558 978
558 989
559 586
559 668
559 698
559 716
559 718
559 739
559 757
559 910
559 953
560 695
560 727
560 908
560 910
560 949
561 607
561 671
561 693
561 726
561 839
561 856
561 864
561 884
561 989
562 575
562 590
562 656
562 689
562 729
562 834
562 924
562 999
563 635
563 704
563 721
563 777
563 839
563 916
563 923
563 970
564 613
564 659
564 682
564 684
564 692
564 835
564 891
564 898
564 899
564 935
564 936
564 941
564 983
565 666
565 871
566 670
566 672
566 703
566 716
566 752
566 772
566 794
566 820
566 822
566 833
566 977
566 1022
567 583
567 630
567 634
567 702
567 802
567 803
567 858
567 872
567 971
568 592
568 618
568 650
568 692
568 749
568 829
568 888
568 942
568 996
569 588
569 589
569 601
569 775
569 907
570 571
570 576
570 628
570 771
570 810
570 836
570 866
570 904
571 598
571 723
571 749
571 752
571 753
571 764
571 820
571 911
572 696
572 697
572 722
572 816
572 840
572 894
572 923
572 948
573 622
573 640
573 715
573 728
573 763
574 610
574 653
574 904
574 934
574 959
574 982
575 695
575 705
575 773
575 861
575 883
575 912
575 934
575 953
575 971
575 995
576 584
576 627
576 661
576 700
576 756
576 803
576 815
576 841
576 920
577 601
577 604
577 693
577 739
577 966
577 972
577 973
578 581
578 582
578 583
578 673
578 760
578 804
578 822
578 823
578 854
578 888
578 907
578 1017
579 591
579 689
579 749
579 857
579 891
579 900
579 967
579 1002
580 640
580 665
580 834
580 907
580 912
580 966
580 970
580 1011
580 1022
581 729
581 771
581 806
581 808
581 971
581 975
581 1010
582 611
582 652
582 676
582 687
582 746
582 858
582 865
582 943
582 965
582 1003
583 609
583 681
583 684
583 710
583 941
583 978
584 617
584 684
584 726
584 857
584 927
584 933
584 976
585 973
585 1009
586 677
586 683
586 700
586 709
586 757
586 789
586 830
586 929
586 935
587 764
587 769
587 865
587 955
587 1001
588 596
588 672
588 744
588 776
588 787
588 817
588 906
588 926
588 1010
588 1015
589 721
589 740
589 763
589 808
589 822
589 876
589 879
589 931
589 961
589 999
590 661
590 691
590 779
590 810
590 912
590 929
590 957
591 612
591 661
591 723
591 749
591 777
591 889
591 895
591 989
592 607
592 638
592 815
592 822
592 825
592 827
592 843
592 877
592 888
592 892
592 914
592 933
593 602
593 623
593 624
593 658
593 726
593 727
593 734
593 888
593 959
593 970
594 670
594 671
594 679
594 704
594 796
594 859
594 918
594 923
594 978
595 735
595 777
595 813
595 850
595 857
595 879
595 901
595 904
595 921
595 954
595 978
595 1023
596 613
596 965
596 968
597 602
597 644
597 679
597 777
597 810
597 818
597 822
597 834
597 844
597 881
597 902
597 929
597 987
597 989
598 693
598 712
598 774
598 860
598 882
598 896
598 906
598 926
598 936
598 939
598 955
599 606
599 651
599 767
599 849
599 880
599 921
599 934
599 1001
600 676
600 700
600 780
600 804
600 841
600 872
600 923
601 787
601 802
601 806
601 819
601 847
601 860
601 869
601 875
601 982
601 990
602 611
602 677
602 720
602 751
602 835
602 842
602 858
602 881
602 898
602 975
602 992
602 1017
602 1021
603 703
603 725
603 755
603 845
603 870
603 951
603 972
603 1018
604 710
604 742
604 754
604 773
604 782
604 824
604 833
604 935
604 973
605 625
605 796
605 869
605 958
605 988
606 607
606 620
606 767
606 976
607 658
607 795
607 905
607 935
608 644
608 667
608 703
608 772
608 782
608 854
608 990
609 650
609 681
609 743
609 765
609 823
609 892
609 1008
609 1010
610 648
610 658
610 678
610 752
610 805
610 856
610 917
610 923
611 642
611 674
611 711
611 903
611 982
611 1006
611 1013
612 699
612 738
612 741
612 770
612 804
612 909
613 677
613 685
613 736
613 755
613 830
613 959
613 992
614 679
614 721
614 774
614 834
614 845
614 895
614 907
614 909
614 948
614 977
614 1014
615 617
615 625
615 669
615 826
615 849
615 887
615 968
615 970
616 643
616 964
617 635
617 659
617 756
617 776
617 874
617 911
617 920
617 953
618 634
618 829
618 863
618 969
618 971
618 985
619 627
619 673
619 706
619 823
619 886
619 894
619 952
619 997
619 1012
620 676
620 712
620 741
620 744
620 930
620 973
620 997
621 634
621 641
621 785
621 831
621 951
621 994
622 634
622 761
622 791
622 815
622 825
622 905
622 934
622 990
623 763
623 779
623 930
624 694
624 795
624 952
624 978
624 989
624 995
624 1005
624 1018
625 649
625 748
625 827
625 898
625 927
626 648
626 750
626 759
626 877
626 892
626 985
626 1016
627 628
627 668
627 772
627 827
627 905
627 930
627 962
628 668
628 692
628 771
629 679
629 710
629 760
629 778
629 836
629 839
629 852
629 920
629 964
629 996
630 777
630 851
630 863
630 943
631 687
631 714
631 748
631 945
631 1011
631 1015
632 641
632 651
632 652
632 783
632 795
632 913
632 934
632 944
632 980
633 641
633 694
633 882
633 884
633 997
634 649
634 778
634 801
634 983
634 1015
635 743
635 760
635 769
635 789
635 877
635 976
636 653
636 786
636 804
636 809
636 848
636 855
636 901
636 910
637 645
637 683
637 775
637 792
637 845
637 961
637 1000
637 1021
638 935
638 977
638 1017
639 650
639 900
639 960
640 827
640 891
640 950
641 765
641 824
641 828
641 856
641 866
641 868
641 935
641 948
641 974
642 665
642 830
642 970
642 971
642 1010
643 682
643 688
643 752
643 801
643 900
643 989
644 678
644 709
644 714
644 814
644 852
644 976
645 764
645 771
645 790
645 859
645 938
646 652
646 663
646 711
646 792
646 876
646 959
647 844
647 923
647 936
647 960
647 964
648 654
648 826
648 968
649 684
649 691
649 734
649 825
649 828
649 935
649 940
649 962
649 965
649 1022
650 663
650 774
650 825
650 864
651 678
651 719
651 817
651 891
651 926
652 695
652 703
652 774
652 816
652 962
652 1013
653 765
653 775
653 804
653 826
653 862
653 960
653 961
654 668
654 732
654 772
654 827
654 912
654 935
654 951
654 1021
655 656
655 675
655 755
655 841
655 861
655 908
655 976
656 750
656 776
656 806
656 868
656 998
656 1020
657 719
657 774
657 837
657 892
657 946
657 1011
658 777
658 807
658 814
658 855
659 798
659 809
659 918
659 940
659 945
659 1008
660 727
660 896
660 975
661 698
661 715
661 739
661 910
661 932
661 1008
661 1012
662 752
662 764
662 828
662 831
662 992
662 1006
663 672
663 684
663 807
663 809
663 903
664 726
664 842
664 850
664 1000
664 1009
665 706
665 707
665 732
665 991
666 711
666 725
666 769
666 854
666 857
666 876
666 922
666 954
666 985
667 697
667 892
667 903
667 911
667 958
668 698
668 727
668 776
668 838
668 897
668 947
668 957
668 1015
669 678
669 773
669 848
669 919
669 944
670 673
670 703
670 846
670 855
670 971
670 977
671 687
671 691
671 841
671 857
671 894
671 933
671 969
671 998
671 1023
672 773
672 786
672 798
672 868
672 927
672 1021
673 833
673 883
674 687
674 711
674 794
674 815
674 830
674 888
674 926
674 956
674 995
675 685
675 735
675 745
675 870
675 873
675 998
676 729
676 778
676 823
676 843
676 898
676 932
676 944
676 957
677 717
677 751
677 823
677 846
677 885
677 902
677 905
677 917
678 818
678 854
678 933
678 956
679 883
679 888
679 924
679 953
679 979
679 986
680 692
680 698
680 761
680 821
680 876
680 929
680 959
681 817
681 887
681 963
681 992
681 999
682 794
682 830
682 880
682 915
683 699
683 731
683 752
683 810
683 844
683 880
683 916
683 932
684 732
684 836
684 910
684 967
684 1003
685 721
685 788
685 822
685 866
685 997
686 722
686 748
686 785
686 990
686 994
687 723
687 790
687 800
687 805
687 855
687 963
688 722
688 760
688 774
688 799
688 801
688 846
688 920
688 975
688 979
689 729
689 913
689 931
689 973
689 985
690 730
690 737
690 762
690 816
690 1016
690 1022
691 704
691 713
691 828
691 844
691 904
691 961
691 967
692 719
692 869
692 925
692 992
693 717
693 742
693 762
693 860
693 897
693 949
693 962
693 987
693 993
694 731
694 736
694 755
694 820
694 882
694 902
694 912
694 959
694 971
694 996
695 709
695 730
695 818
695 851
695 916
695 921
696 804
696 845
696 857
696 1005
696 1009
697 721
697 789
697 798
697 813
697 821
697 902
697 917
698 709
698 813
698 835
698 914
698 941
698 978
698 1016
699 714
699 719
699 764
699 792
699 802
699 824
699 866
699 890
699 892
700 780
700 868
700 906
700 941
700 968
700 978
700 988
701 812
701 899
701 968
702 716
702 777
702 891
702 958
702 1021
703 793
703 803
703 859
703 1014
704 737
704 742
704 848
704 850
704 882
704 885
704 888
704 967
704 984
705 792
705 835
705 869
706 756
706 773
706 779
706 880
706 889
707 871
707 876
708 800
708 817
708 879
708 882
708 883
708 909
708 975
709 794
709 885
709 889
709 909
709 927
709 1000
710 778
710 878
710 906
711 810
711 866
711 885
711 945
712 721
712 819
712 936
712 977
712 1011
713 728
713 755
713 767
713 790
713 814
713 822
713 867
713 871
713 884
714 745
714 754
714 773
714 819
714 838
714 855
714 941
714 990
714 1017
715 745
715 748
715 755
715 852
715 863
715 948
716 828
716 857
716 950
716 957
717 748
717 860
717 867
717 880
717 941
717 979
718 833
718 879
718 891
718 931
718 959
719 721
719 731
719 758
719 773
719 803
719 826
720 822
720 852
720 892
720 967
720 1006
721 814
721 857
721 965
721 992
722 851
722 857
722 883
722 917
722 993
723 886
723 925
723 990
724 861
725 752
725 759
725 805
725 948
725 979
725 996
725 1014
726 770
726 793
726 858
726 891
726 955
727 839
727 891
727 898
727 904
727 1018
728 775
728 830
728 922
728 955
729 821
729 880
729 982
730 737
730 767
730 785
730 832
731 746
731 751
731 815
731 840
731 961
731 965
732 800
732 835
732 872
732 882
733 1008
734 741
734 808
734 838
734 907
735 778
735 816
735 852
735 896
736 764
736 780
736 793
736 818
736 819
736 853
736 863
736 983
736 1002
737 791
737 976
737 984
738 809
738 878
738 879
738 886
738 912
738 917
738 972
738 981
739 823
739 836
739 951
739 998
739 1008
740 867
741 747
741 798
741 800
741 870
741 924
741 945
741 964
742 755
742 814
742 957
742 1018
743 747
743 858
743 916
743 937
743 1010
744 840
744 896
744 945
745 758
745 860
745 1003
746 777
746 812
746 872
746 933
746 986
746 989
747 752
747 759
747 768
747 815
747 869
747 907
747 916
747 919
747 923
747 946
747 998
747 1013
748 789
748 817
748 894
748 980
748 997
748 1014
749 835
749 1019
750 820
750 864
750 913
751 756
751 779
751 796
751 834
751 843
751 926
751 1007
752 767
752 820
752 867
752 884
752 960
752 990
753 773
753 835
753 877
753 886
753 900
753 922
754 793
754 954
754 959
754 965
754 969
754 976
754 982
755 812
755 848
755 901
755 923
755 932
755 952
755 989
756 797
756 830
756 841
756 846
756 885
756 894
756 899
756 948
756 1002
757 773
757 813
757 833
757 900
757 969
757 1018
758 794
758 925
758 1005
758 1012
758 1019
758 1023
759 760
759 879
759 887
759 923
759 997
759 1005
760 790
760 809
760 874
760 880
760 964
761 769
761 785
761 831
761 841
761 866
761 927
762 768
762 825
762 849
762 916
762 961
762 978
763 774
763 775
763 869
763 878
764 864
764 902
764 952
765 869
765 944
765 974
765 1005
766 845
766 869
766 902
766 930
766 942
766 954
766 1020
767 776
767 800
767 805
767 811
767 841
767 872
767 932
767 1010
768 851
768 887
768 939
768 978
768 997
769 788
769 818
769 833
769 882
769 941
770 913
770 927
770 984
770 997
770 1003
771 776
771 778
771 819
771 846
772 834
772 894
772 985
772 996
773 892
773 919
773 941
773 977
773 1016
774 809
774 882
774 910
774 950
774 1023
775 811
775 823
775 824
775 849
775 932
775 966
776 900
776 904
776 968
777 978
777 986
778 878
778 882
778 1010
779 809
779 826
779 879
779 912
780 898
780 902
780 926
780 946
780 965
780 974
780 1010
781 814
781 846
782 836
782 840
782 907
782 953
782 955
783 822
783 918
784 875
784 879
784 888
784 906
784 933
784 982
785 800
785 810
785 868
785 882
785 917
785 950
785 953
785 1004
786 863
786 868
786 911
786 924
786 931
786 957
787 908
787 1013
788 803
788 817
788 900
788 963
788 964
788 975
789 846
790 792
790 799
790 815
790 876
790 921
790 936
791 837
791 884
791 889
791 954
791 1020
792 969
793 794
793 797
793 812
793 814
793 855
793 923
794 830
795 847
795 887
795 931
795 965
796 815
796 833
796 894
796 944
796 972
797 823
797 897
797 948
797 1018
798 810
798 850
798 936
798 965
798 981
798 1017
799 952
800 828
800 859
800 874
800 882
800 950
801 807
801 835
801 843
801 882
801 1000
802 817
802 840
802 877
802 885
802 920
802 934
802 936
802 975
802 1022
803 821
804 822
804 835
804 879
804 898
805 830
805 910
805 970
805 992
806 834
806 979
806 988
806 1016
807 826
807 847
807 859
807 880
807 895
807 996
808 810
808 831
808 904
808 911
808 1014
809 917
809 920
809 951
809 1010
809 1011
810 829
810 844
811 912
812 865
812 911
812 963
812 984
813 896
813 976
814 844
814 914
814 915
814 939
814 955
815 910
815 971
815 1017
816 832
816 902
816 907
816 922
816 1004
817 841
817 863
817 885
817 977
818 835
818 842
818 882
818 909
819 826
819 951
819 955
822 824
822 838
822 911
822 940
822 956
822 1003
823 856
823 865
823 878
824 980
825 887
825 997
826 874
826 942
827 852
827 862
827 940
827 992
828 953
828 981
828 990
828 1006
829 849
829 863
829 868
829 871
829 890
829 949
829 1004
830 1008
831 967
832 963
833 857
833 947
833 1018
834 841
834 942
834 1017
836 930
836 947
836 974
837 869
837 890
837 938
838 840
838 875
838 982
839 840
839 950
839 1020
840 883
840 885
840 963
840 1003
842 878
842 964
843 846
843 862
843 874
843 919
843 931
843 933
843 1015
845 875
845 898
845 949
845 1010
846 940
846 942
847 952
847 964
848 975
848 999
849 991
850 990
851 859
851 883
851 893
851 936
851 941
852 870
852 972
852 990
852 1001
852 1002
853 898
853 926
853 984
854 932
855 929
856 992
856 1014
857 866
857 867
857 934
857 949
857 956
857 995
857 999
858 881
858 893
859 982
859 995
860 924
860 1019
861 890
861 899
861 926
861 993
862 865
862 922
862 945
862 948
862 1016
863 882
863 981
864 992
866 875
866 888
866 918
866 925
867 931
867 962
867 990
868 956
868 979
868 982
868 1004
869 903
869 927
869 937
869 939
869 965
869 989
869 1009
870 888
870 981
871 1012
872 923
872 943
872 1013
873 924
873 931
873 993
873 1023
874 921
874 932
874 961
874 1021
875 919
875 970
876 1003
877 899
877 930
877 994
877 1023
878 893
878 895
878 906
878 908
878 917
878 926
878 930
878 950
878 957
879 911
880 947
881 978
881 986
881 1007
882 916
882 926
882 969
882 1013
883 924
883 1018
884 891
884 939
884 983
885 892
885 909
885 992
886 959
886 979
886 987
886 1002
887 912
887 925
887 926
887 946
887 996
887 1016
888 901
888 906
888 907
888 938
888 991
889 914
889 919
889 1015
890 1022
891 928
891 929
892 965
892 995
894 936
894 954
894 994
895 997
898 934
899 992
900 912
900 923
900 981
901 921
901 991
901 997
902 925
902 941
903 991
904 906
904 960
904 978
906 912
906 918
906 973
908 927
908 1010
909 921
909 965
911 938
911 972
911 1000
911 1018
911 1020
912 923
912 960
913 997
913 1005
914 972
915 930
916 971
917 972
917 973
917 996
918 1004
919 925
919 958
919 972
920 923
920 972
920 974
921 937
921 958
922 973
922 992
922 1015
923 934
924 987
925 945
925 965
925 993
927 1021
928 936
928 982
930 949
932 957
933 939
934 962
934 975
934 997
935 942
935 960
935 961
936 979
936 1014
937 959
939 969
939 1022
940 950
941 959
941 987
942 959
942 988
942 1004
945 1012
947 1012
949 953
950 1007
955 975
955 1021
957 991
957 994
958 988
959 968
959 990
960 979
961 981
961 991
962 1012
963 1002
963 1009
963 1018
964 976
964 1023
967 991
969 975
971 979
971 997
971 1019
972 986
973 976
974 980
975 980
975 982
976 1009
980 993
982 1023
983 1003
986 1023
987 1006
990 1020
991 1017
993 1017
994 999
994 1017
995 1003
995 1004
995 1018
996 1008
996 1009
996 1016
999 1007
1001 1013
1004 1017
1005 1019
1012 1014
