0 10
0 11
0 12
0 14
0 15
0 16
0 17
0 20
0 22
0 24
0 28
0 32
0 33
0 34
0 35
0 39
0 44
0 51
0 56
0 57
0 58
0 59
0 63
0 68
0 70
0 72
0 95
0 96
0 100
0 103
0 109
0 141
0 146
0 149
0 150
0 158
0 170
0 180
0 195
0 196
0 201
0 213
0 228
0 230
0 238
0 248
0 251
0 303
0 306
0 332
0 355
0 367
0 393
0 422
0 428
0 434
0 437
0 446
0 458
0 586
0 587
0 615
0 627
0 796
0 830
0 835
0 848
0 875
0 924
0 980
0 1022
1 10
1 12
1 13
1 17
1 26
1 36
1 48
1 53
1 58
1 65
1 71
1 79
1 85
1 87
1 92
1 98
1 116
1 126
1 131
1 145
1 167
1 182
1 199
1 205
1 248
1 253
1 278
1 341
1 345
1 352
1 355
1 371
1 390
1 461
1 465
1 470
1 522
1 544
1 601
1 617
1 649
1 666
1 703
1 742
1 780
1 801
1 845
1 880
1 920
1 934
1 975
1 999
1 1013
2 10
2 11
2 14
2 15
2 17
2 19
2 29
2 32
2 41
2 43
2 46
2 57
2 107
2 113
2 117
2 143
2 144
2 171
2 174
2 192
2 208
2 209
2 224
2 245
2 273
2 286
2 289
2 298
2 305
2 319
2 334
2 358
2 382
2 390
2 414
2 421
2 440
2 462
2 507
2 518
2 542
2 546
2 762
2 808
2 824
2 863
2 897
2 906
2 922
2 930
2 940
3 10
3 11
3 12
3 13
3 14
3 15
3 18
3 25
3 27
3 37
3 45
3 46
3 52
3 55
3 128
3 149
3 153
3 202
3 312
3 375
3 382
3 549
3 804
3 898
3 912
3 932
3 1003
4 10
4 11
4 13
4 17
4 20
4 22
4 26
4 27
4 30
4 33
4 35
4 36
4 38
4 42
4 47
4 61
4 67
4 73
4 80
4 87
4 110
4 111
4 112
4 113
4 116
4 125
4 136
4 147
4 153
4 157
4 161
4 163
4 165
4 192
4 232
4 235
4 236
4 241
4 248
4 288
4 315
4 336
4 338
4 349
4 367
4 381
4 390
4 430
4 434
4 455
4 468
4 473
4 477
4 567
4 586
4 604
4 613
4 693
4 725
4 810
4 826
4 837
4 841
4 854
4 862
4 866
4 874
4 910
4 916
4 954
4 956
4 973
4 990
4 1005
5 10
5 11
5 12
5 13
5 14
5 17
5 19
5 21
5 26
5 27
5 36
5 42
5 46
5 47
5 83
5 103
5 106
5 123
5 124
5 136
5 141
5 153
5 210
5 250
5 279
5 290
5 295
5 302
5 314
5 320
5 332
5 343
5 372
5 399
5 404
5 408
5 482
5 491
5 496
5 533
5 567
5 610
5 618
5 695
5 707
5 708
5 749
5 752
5 787
5 829
5 851
5 879
5 966
5 972
5 989
5 998
6 10
6 11
6 13
6 15
6 17
6 20
6 21
6 22
6 23
6 25
6 28
6 33
6 35
6 38
6 42
6 45
6 47
6 51
6 52
6 54
6 60
6 61
6 65
6 71
6 72
6 79
6 83
6 85
6 86
6 88
6 115
6 118
6 120
6 130
6 142
6 170
6 178
6 192
6 209
6 211
6 212
6 221
6 224
6 225
6 228
6 234
6 241
6 282
6 290
6 304
6 315
6 334
6 356
6 357
6 369
6 386
6 395
6 411
6 415
6 426
6 443
6 465
6 472
6 476
6 480
6 528
6 539
6 564
6 572
6 688
6 699
6 713
6 780
6 785
6 798
6 807
6 816
6 817
6 828
6 836
6 842
6 852
6 865
6 872
6 894
6 932
6 954
6 974
7 10
7 11
7 12
7 15
7 16
7 18
7 26
7 30
7 31
7 35
7 39
7 46
7 50
7 54
7 56
7 64
7 69
7 121
7 130
7 143
7 186
7 189
7 205
7 210
7 211
7 216
7 236
7 261
7 262
7 298
7 322
7 335
7 441
7 470
7 481
7 486
7 487
7 502
7 507
7 562
7 575
7 605
7 646
7 735
7 809
7 885
7 909
7 1002
8 10
8 11
8 12
8 13
8 14
8 15
8 16
8 18
8 21
8 25
8 29
8 31
8 46
8 62
8 64
8 68
8 97
8 99
8 138
8 139
8 158
8 169
8 176
8 196
8 200
8 207
8 214
8 228
8 286
8 300
8 333
8 339
8 343
8 357
8 360
8 400
8 424
8 433
8 473
8 497
8 501
8 511
8 515
8 528
8 534
8 547
8 572
8 598
8 605
8 641
8 651
8 654
8 675
8 679
8 697
8 738
8 754
8 796
8 801
8 841
8 846
8 867
8 873
8 906
8 937
8 949
8 978
8 1009
8 1012
9 10
9 11
9 12
9 13
9 14
9 16
9 19
9 23
9 30
9 33
9 48
9 64
9 66
9 76
9 82
9 111
9 125
9 131
9 145
9 154
9 182
9 194
9 214
9 260
9 297
9 311
9 338
9 339
9 364
9 373
9 382
9 407
9 429
9 431
9 481
9 566
9 588
9 634
9 637
9 641
9 668
9 677
9 791
9 800
9 817
9 872
9 891
9 900
9 911
10 11
10 12
10 13
10 15
10 17
10 18
10 19
10 20
10 21
10 22
10 23
10 24
10 25
10 28
10 29
10 30
10 33
10 34
10 36
10 37
10 39
10 42
10 44
10 45
10 49
10 51
10 55
10 56
10 59
10 61
10 67
10 69
10 71
10 72
10 79
10 88
10 90
10 91
10 94
10 95
10 98
10 104
10 105
10 106
10 113
10 116
10 123
10 125
10 127
10 128
10 129
10 134
10 135
10 136
10 138
10 139
10 140
10 150
10 152
10 155
10 156
10 162
10 164
10 166
10 169
10 178
10 183
10 184
10 186
10 189
10 191
10 196
10 212
10 214
10 216
10 217
10 221
10 224
10 228
10 233
10 235
10 239
10 240
10 249
10 253
10 266
10 271
10 282
10 296
10 312
10 321
10 336
10 351
10 355
10 369
10 371
10 373
10 382
10 385
10 404
10 408
10 409
10 414
10 415
10 416
10 423
10 431
10 435
10 436
10 453
10 454
10 475
10 479
10 503
10 504
10 507
10 510
10 527
10 536
10 541
10 545
10 559
10 560
10 570
10 578
10 582
10 584
10 585
10 587
10 608
10 614
10 618
10 629
10 635
10 636
10 637
10 642
10 649
10 684
10 699
10 701
10 705
10 715
10 724
10 754
10 760
10 779
10 784
10 799
10 805
10 820
10 823
10 830
10 839
10 842
10 856
10 869
10 871
10 886
10 887
10 904
10 907
10 911
10 913
10 952
10 955
10 960
10 961
10 1013
11 13
11 14
11 15
11 16
11 17
11 18
11 19
11 20
11 21
11 22
11 23
11 25
11 26
11 27
11 28
11 29
11 31
11 32
11 33
11 35
11 37
11 38
11 40
11 47
11 49
11 50
11 52
11 53
11 59
11 60
11 62
11 68
11 71
11 75
11 77
11 78
11 84
11 87
11 92
11 105
11 111
11 141
11 142
11 143
11 146
11 151
11 155
11 160
11 164
11 167
11 168
11 172
11 179
11 183
11 186
11 191
11 200
11 208
11 220
11 224
11 234
11 241
11 253
11 261
11 271
11 278
11 279
11 284
11 288
11 298
11 318
11 322
11 328
11 329
11 332
11 333
11 334
11 340
11 348
11 375
11 382
11 383
11 395
11 400
11 412
11 415
11 456
11 464
11 492
11 504
11 513
11 544
11 553
11 554
11 572
11 575
11 584
11 593
11 618
11 626
11 627
11 629
11 650
11 656
11 659
11 684
11 689
11 690
11 693
11 700
11 720
11 725
11 726
11 727
11 728
11 735
11 737
11 748
11 751
11 755
11 760
11 764
11 765
11 769
11 777
11 786
11 813
11 819
11 832
11 872
11 890
11 907
11 914
11 946
11 955
11 956
11 968
11 975
11 979
11 1017
12 13
12 14
12 15
12 16
12 17
12 18
12 19
12 20
12 23
12 24
12 25
12 26
12 27
12 28
12 30
12 32
12 34
12 39
12 47
12 56
12 58
12 59
12 60
12 64
12 68
12 74
12 76
12 81
12 82
12 85
12 93
12 98
12 104
12 121
12 129
12 140
12 141
12 142
12 160
12 162
12 184
12 204
12 231
12 234
12 236
12 256
12 260
12 270
12 275
12 290
12 304
12 305
12 313
12 316
12 319
12 331
12 343
12 345
12 404
12 411
12 415
12 416
12 427
12 428
12 430
12 435
12 447
12 468
12 482
12 493
12 507
12 515
12 524
12 525
12 527
12 554
12 560
12 566
12 612
12 625
12 630
12 644
12 669
12 671
12 685
12 687
12 696
12 741
12 742
12 763
12 780
12 782
12 783
12 787
12 788
12 796
12 815
12 827
12 864
12 865
12 882
12 885
12 952
12 986
12 994
12 999
12 1022
13 14
13 16
13 18
13 20
13 24
13 26
13 27
13 29
13 31
13 34
13 36
13 37
13 40
13 42
13 48
13 50
13 60
13 62
13 66
13 67
13 69
13 70
13 73
13 74
13 79
13 83
13 85
13 92
13 95
13 97
13 98
13 100
13 103
13 105
13 106
13 107
13 119
13 120
13 123
13 126
13 128
13 130
13 133
13 141
13 148
13 165
13 170
13 173
13 174
13 180
13 187
13 196
13 197
13 216
13 222
13 226
13 234
13 246
13 250
13 252
13 253
13 254
13 270
13 271
13 275
13 276
13 289
13 308
13 315
13 346
13 352
13 361
13 364
13 368
13 376
13 386
13 399
13 417
13 448
13 449
13 453
13 457
13 461
13 468
13 475
13 481
13 485
13 487
13 517
13 530
13 536
13 556
13 571
13 587
13 596
13 603
13 605
13 609
13 630
13 634
13 658
13 665
13 680
13 713
13 721
13 731
13 758
13 760
13 761
13 766
13 770
13 771
13 774
13 807
13 811
13 818
13 834
13 850
13 856
13 861
13 878
13 891
13 899
13 913
13 933
13 988
13 991
13 1000
14 15
14 20
14 22
14 27
14 33
14 36
14 39
14 42
14 43
14 49
14 51
14 53
14 61
14 64
14 66
14 73
14 84
14 88
14 103
14 117
14 148
14 154
14 155
14 185
14 188
14 195
14 243
14 256
14 265
14 268
14 282
14 294
14 298
14 314
14 326
14 329
14 334
14 353
14 357
14 363
14 372
14 383
14 385
14 405
14 444
14 498
14 554
14 563
14 583
14 584
14 588
14 607
14 609
14 687
14 707
14 737
14 739
14 788
14 810
14 852
14 888
14 935
14 947
14 952
14 1017
15 16
15 17
15 18
15 19
15 21
15 23
15 24
15 35
15 37
15 41
15 43
15 48
15 55
15 56
15 57
15 58
15 67
15 70
15 78
15 81
15 87
15 110
15 123
15 143
15 144
15 149
15 159
15 162
15 164
15 184
15 187
15 191
15 197
15 199
15 200
15 216
15 233
15 237
15 244
15 255
15 274
15 278
15 281
15 286
15 287
15 333
15 334
15 342
15 352
15 355
15 368
15 385
15 397
15 413
15 427
15 438
15 449
15 460
15 473
15 486
15 510
15 531
15 543
15 566
15 599
15 614
15 617
15 630
15 632
15 649
15 653
15 658
15 678
15 679
15 746
15 772
15 780
15 794
15 804
15 838
15 876
15 924
15 967
15 972
15 990
15 991
15 1002
15 1005
16 19
16 21
16 28
16 31
16 32
16 37
16 40
16 41
16 42
16 46
16 47
16 53
16 55
16 60
16 61
16 62
16 63
16 66
16 80
16 93
16 94
16 95
16 97
16 98
16 104
16 115
16 123
16 128
16 140
16 145
16 147
16 159
16 165
16 172
16 189
16 215
16 216
16 227
16 230
16 232
16 246
16 259
16 283
16 293
16 331
16 335
16 337
16 338
16 343
16 356
16 366
16 425
16 426
16 433
16 437
16 443
16 448
16 461
16 482
16 496
16 504
16 519
16 533
16 542
16 551
16 620
16 629
16 652
16 653
16 666
16 676
16 684
16 687
16 698
16 704
16 710
16 721
16 725
16 743
16 786
16 793
16 836
16 838
16 848
16 879
16 884
16 892
16 959
16 1021
17 18
17 20
17 21
17 22
17 25
17 26
17 27
17 32
17 37
17 43
17 49
17 50
17 64
17 69
17 90
17 99
17 111
17 115
17 120
17 123
17 137
17 149
17 152
17 163
17 172
17 177
17 184
17 203
17 267
17 296
17 302
17 308
17 310
17 419
17 447
17 483
17 500
17 503
17 508
17 511
17 521
17 524
17 539
17 577
17 713
17 717
17 740
17 754
17 771
17 780
17 842
17 896
17 898
17 899
17 903
17 914
17 925
17 930
17 939
18 20
18 21
18 22
18 25
18 27
18 30
18 32
18 37
18 38
18 45
18 47
18 49
18 57
18 70
18 72
18 73
18 76
18 83
18 86
18 100
18 104
18 105
18 113
18 114
18 115
18 118
18 121
18 139
18 145
18 147
18 153
18 162
18 201
18 202
18 215
18 225
18 237
18 239
18 247
18 251
18 253
18 255
18 293
18 302
18 346
18 368
18 369
18 373
18 379
18 393
18 398
18 400
18 408
18 411
18 418
18 429
18 437
18 442
18 453
18 470
18 476
18 483
18 485
18 488
18 501
18 520
18 546
18 558
18 563
18 567
18 586
18 604
18 612
18 641
18 666
18 677
18 710
18 723
18 758
18 760
18 768
18 781
18 791
18 827
18 839
18 845
18 865
18 875
18 912
18 924
18 949
18 962
18 986
18 1000
19 22
19 23
19 24
19 26
19 28
19 30
19 32
19 36
19 38
19 41
19 43
19 50
19 59
19 65
19 73
19 78
19 86
19 91
19 102
19 104
19 108
19 109
19 110
19 113
19 114
19 122
19 124
19 131
19 132
19 138
19 144
19 145
19 148
19 151
19 162
19 190
19 198
19 199
19 211
19 214
19 234
19 243
19 244
19 247
19 248
19 259
19 263
19 284
19 300
19 307
19 309
19 325
19 342
19 344
19 350
19 354
19 361
19 365
19 366
19 381
19 396
19 400
19 428
19 443
19 445
19 446
19 453
19 456
19 472
19 475
19 501
19 508
19 512
19 528
19 552
19 558
19 564
19 571
19 597
19 606
19 621
19 641
19 648
19 650
19 660
19 682
19 718
19 738
19 797
19 799
19 804
19 813
19 830
19 858
19 864
19 868
19 930
19 970
19 984
19 993
19 1002
19 1012
20 23
20 24
20 29
20 34
20 38
20 42
20 43
20 59
20 60
20 65
20 68
20 75
20 76
20 77
20 79
20 94
20 100
20 101
20 117
20 119
20 120
20 142
20 143
20 150
20 151
20 158
20 179
20 180
20 195
20 204
20 210
20 215
20 230
20 259
20 285
20 293
20 329
20 331
20 337
20 355
20 367
20 370
20 376
20 393
20 400
20 403
20 450
20 459
20 463
20 468
20 471
20 474
20 491
20 522
20 547
20 590
20 592
20 599
20 622
20 651
20 721
20 739
20 744
20 751
20 757
20 781
20 783
20 806
20 889
20 923
20 934
20 935
20 946
20 948
20 952
20 967
20 983
21 22
21 24
21 28
21 30
21 31
21 32
21 35
21 38
21 39
21 44
21 57
21 59
21 60
21 63
21 68
21 69
21 74
21 75
21 81
21 82
21 83
21 90
21 102
21 103
21 112
21 115
21 121
21 129
21 134
21 149
21 168
21 179
21 209
21 218
21 219
21 226
21 247
21 258
21 272
21 276
21 278
21 311
21 316
21 320
21 324
21 335
21 346
21 347
21 356
21 357
21 425
21 429
21 440
21 454
21 457
21 488
21 495
21 499
21 511
21 531
21 566
21 604
21 627
21 628
21 643
21 668
21 695
21 718
21 755
21 761
21 866
21 872
21 877
21 893
21 951
21 969
21 1002
22 23
22 30
22 32
22 57
22 93
22 103
22 140
22 145
22 166
22 188
22 254
22 258
22 273
22 338
22 361
22 395
22 432
22 434
22 470
22 477
22 492
22 514
22 526
22 561
22 704
22 727
22 754
22 833
22 890
23 24
23 25
23 28
23 29
23 31
23 33
23 37
23 40
23 41
23 49
23 50
23 65
23 66
23 67
23 74
23 81
23 89
23 101
23 102
23 110
23 125
23 129
23 137
23 166
23 169
23 190
23 193
23 196
23 198
23 251
23 260
23 310
23 359
23 369
23 375
23 393
23 394
23 435
23 437
23 473
23 495
23 510
23 521
23 534
23 539
23 563
23 569
23 582
23 587
23 607
23 611
23 647
23 655
23 656
23 693
23 719
23 726
23 790
23 811
23 812
23 858
23 866
23 891
23 906
23 916
23 918
23 935
23 949
24 26
24 30
24 34
24 37
24 38
24 39
24 40
24 41
24 45
24 48
24 49
24 51
24 52
24 53
24 55
24 56
24 60
24 67
24 73
24 76
24 81
24 87
24 93
24 97
24 100
24 107
24 108
24 113
24 114
24 119
24 121
24 126
24 127
24 130
24 131
24 134
24 146
24 153
24 155
24 157
24 162
24 186
24 204
24 207
24 240
24 245
24 246
24 266
24 294
24 307
24 340
24 350
24 354
24 358
24 371
24 384
24 459
24 500
24 536
24 548
24 576
24 582
24 588
24 595
24 597
24 604
24 619
24 631
24 632
24 652
24 654
24 661
24 669
24 701
24 716
24 732
24 752
24 756
24 783
24 811
24 841
24 847
24 850
24 854
24 863
24 889
24 890
24 927
24 965
24 996
24 1000
24 1013
25 31
25 34
25 39
25 43
25 44
25 49
25 58
25 78
25 82
25 86
25 96
25 105
25 116
25 129
25 132
25 136
25 148
25 156
25 162
25 163
25 173
25 177
25 179
25 180
25 181
25 189
25 204
25 238
25 247
25 264
25 265
25 285
25 324
25 365
25 376
25 377
25 388
25 418
25 439
25 497
25 507
25 566
25 572
25 574
25 579
25 580
25 599
25 648
25 682
25 697
25 705
25 722
25 788
25 789
25 803
25 805
25 816
25 817
25 870
25 909
25 913
25 953
25 955
25 969
25 976
25 1012
25 1015
26 31
26 41
26 42
26 43
26 44
26 49
26 52
26 55
26 60
26 67
26 68
26 74
26 78
26 106
26 112
26 114
26 126
26 140
26 165
26 175
26 176
26 184
26 185
26 225
26 234
26 241
26 244
26 247
26 253
26 258
26 305
26 311
26 312
26 323
26 330
26 355
26 365
26 373
26 391
26 401
26 412
26 424
26 470
26 491
26 511
26 522
26 548
26 574
26 577
26 598
26 607
26 652
26 691
26 724
26 756
26 767
26 796
26 800
26 812
26 824
26 837
26 920
26 941
26 977
26 982
26 1019
26 1023
27 28
27 29
27 34
27 36
27 45
27 48
27 49
27 50
27 67
27 73
27 80
27 89
27 100
27 111
27 116
27 129
27 135
27 140
27 171
27 192
27 203
27 212
27 217
27 227
27 249
27 258
27 281
27 282
27 295
27 299
27 326
27 360
27 401
27 424
27 447
27 459
27 486
27 532
27 549
27 576
27 594
27 618
27 638
27 646
27 657
27 672
27 730
27 753
27 797
27 799
27 813
27 878
27 918
27 946
27 957
27 962
28 29
28 36
28 40
28 41
28 46
28 63
28 66
28 77
28 81
28 84
28 89
28 99
28 101
28 107
28 111
28 112
28 127
28 135
28 163
28 166
28 168
28 182
28 186
28 210
28 225
28 229
28 231
28 239
28 244
28 248
28 265
28 268
28 280
28 299
28 313
28 324
28 340
28 359
28 384
28 411
28 428
28 438
28 456
28 459
28 467
28 491
28 566
28 628
28 658
28 683
28 688
28 699
28 702
28 736
28 773
28 778
28 782
28 802
28 858
28 861
28 875
28 878
28 884
28 907
28 948
28 996
28 1008
28 1009
29 34
29 53
29 54
29 63
29 79
29 81
29 88
29 101
29 114
29 135
29 147
29 151
29 154
29 161
29 172
29 179
29 205
29 207
29 225
29 231
29 240
29 270
29 312
29 337
29 341
29 374
29 419
29 425
29 463
29 474
29 485
29 498
29 513
29 563
29 603
29 637
29 665
29 669
29 672
29 733
29 746
29 778
29 834
29 845
29 882
29 931
29 984
29 1001
29 1013
30 35
30 55
30 61
30 64
30 77
30 86
30 87
30 144
30 169
30 213
30 234
30 259
30 282
30 293
30 333
30 336
30 355
30 413
30 489
30 527
30 610
30 627
30 673
30 747
30 881
30 897
30 960
30 988
31 35
31 40
31 41
31 45
31 50
31 54
31 58
31 66
31 70
31 94
31 101
31 110
31 142
31 185
31 186
31 199
31 260
31 271
31 289
31 314
31 320
31 337
31 420
31 448
31 485
31 565
31 571
31 604
31 640
31 700
31 748
31 808
31 986
32 39
32 47
32 58
32 61
32 75
32 94
32 95
32 132
32 165
32 169
32 176
32 187
32 198
32 201
32 237
32 254
32 261
32 270
32 301
32 330
32 332
32 341
32 379
32 387
32 392
32 393
32 436
32 441
32 478
32 484
32 495
32 501
32 555
32 560
32 601
32 613
32 632
32 647
32 659
32 700
32 702
32 720
32 723
32 725
32 746
32 760
32 776
32 794
32 828
32 865
32 882
32 894
32 942
32 954
32 974
33 44
33 45
33 57
33 112
33 122
33 150
33 152
33 155
33 161
33 163
33 171
33 189
33 190
33 226
33 227
33 232
33 244
33 252
33 276
33 278
33 293
33 323
33 325
33 328
33 335
33 351
33 377
33 379
33 446
33 464
33 517
33 533
33 546
33 566
33 574
33 575
33 704
33 706
33 708
33 730
33 734
33 765
33 785
33 806
33 831
33 909
33 945
33 947
33 971
33 989
33 1000
34 36
34 40
34 48
34 51
34 56
34 57
34 61
34 65
34 72
34 74
34 79
34 122
34 124
34 131
34 136
34 137
34 155
34 157
34 159
34 172
34 226
34 230
34 243
34 245
34 256
34 274
34 290
34 311
34 326
34 346
34 362
34 373
34 388
34 389
34 410
34 411
34 414
34 421
34 448
34 449
34 502
34 508
34 513
34 554
34 567
34 573
34 629
34 641
34 668
34 691
34 713
34 803
34 845
34 867
34 876
34 903
34 908
34 942
34 964
34 973
34 1019
35 41
35 47
35 61
35 64
35 76
35 80
35 103
35 123
35 124
35 131
35 142
35 208
35 232
35 265
35 277
35 293
35 319
35 357
35 418
35 426
35 452
35 498
35 508
35 524
35 547
35 551
35 628
35 675
35 706
35 709
35 736
35 743
35 861
35 892
35 910
35 992
36 44
36 71
36 85
36 93
36 96
36 104
36 119
36 133
36 155
36 164
36 169
36 220
36 242
36 253
36 356
36 386
36 397
36 402
36 403
36 409
36 434
36 469
36 500
36 505
36 548
36 575
36 590
36 639
36 644
36 658
36 659
36 680
36 700
36 710
36 725
36 734
36 748
36 755
36 804
36 859
36 917
36 953
36 958
36 964
36 1017
37 38
37 65
37 77
37 92
37 96
37 103
37 130
37 135
37 149
37 168
37 169
37 174
37 188
37 194
37 204
37 260
37 284
37 286
37 300
37 303
37 307
37 337
37 348
37 364
37 365
37 376
37 384
37 407
37 443
37 453
37 517
37 536
37 571
37 596
37 614
37 662
37 691
37 698
37 733
37 838
37 840
37 860
37 862
37 913
37 921
37 923
37 953
37 1016
38 66
38 83
38 86
38 101
38 160
38 224
38 230
38 232
38 244
38 266
38 288
38 292
38 303
38 327
38 403
38 427
38 440
38 514
38 594
38 600
38 631
38 692
38 762
38 804
38 829
38 836
38 889
38 925
38 977
38 1020
39 45
39 51
39 55
39 80
39 84
39 99
39 117
39 163
39 181
39 185
39 258
39 285
39 313
39 401
39 417
39 456
39 527
39 574
39 609
39 619
39 631
39 659
39 680
39 694
39 832
39 870
39 875
40 51
40 54
40 55
40 72
40 82
40 97
40 101
40 104
40 108
40 109
40 115
40 118
40 120
40 122
40 134
40 137
40 138
40 166
40 178
40 182
40 197
40 211
40 223
40 236
40 238
40 239
40 241
40 246
40 254
40 261
40 262
40 283
40 308
40 350
40 359
40 394
40 410
40 423
40 439
40 441
40 444
40 461
40 494
40 502
40 526
40 556
40 558
40 579
40 626
40 640
40 645
40 720
40 746
40 774
40 779
40 782
40 791
40 809
40 823
40 842
40 878
40 881
40 958
40 968
40 1000
41 57
41 61
41 97
41 98
41 109
41 147
41 192
41 195
41 239
41 246
41 262
41 280
41 288
41 308
41 312
41 365
41 402
41 477
41 521
41 540
41 545
41 576
41 582
41 636
41 685
41 691
41 692
41 724
41 739
41 800
41 1010
42 43
42 47
42 64
42 65
42 68
42 94
42 96
42 107
42 152
42 153
42 158
42 196
42 207
42 221
42 240
42 257
42 267
42 273
42 293
42 317
42 320
42 332
42 347
42 380
42 385
42 392
42 486
42 487
42 501
42 514
42 523
42 532
42 565
42 608
42 616
42 624
42 670
42 704
42 730
42 767
42 776
42 837
42 850
42 946
42 999
42 1004
43 46
43 51
43 60
43 66
43 69
43 79
43 102
43 117
43 140
43 173
43 178
43 180
43 188
43 207
43 223
43 224
43 228
43 279
43 293
43 303
43 310
43 320
43 331
43 342
43 347
43 361
43 410
43 416
43 431
43 436
43 473
43 479
43 498
43 616
43 633
43 682
43 688
43 727
43 788
43 819
43 889
43 977
43 1003
44 48
44 50
44 53
44 77
44 88
44 105
44 132
44 142
44 160
44 179
44 218
44 219
44 260
44 264
44 311
44 344
44 380
44 428
44 499
44 500
44 519
44 545
44 548
44 591
44 592
44 614
44 669
44 697
44 730
44 796
44 840
44 856
44 881
44 964
44 965
44 991
44 1005
45 46
45 56
45 62
45 68
45 72
45 82
45 92
45 98
45 101
45 106
45 108
45 110
45 111
45 132
45 139
45 143
45 154
45 168
45 174
45 188
45 196
45 205
45 210
45 221
45 222
45 229
45 237
45 241
45 252
45 261
45 272
45 283
45 288
45 291
45 307
45 318
45 338
45 355
45 369
45 373
45 375
45 413
45 429
45 453
45 458
45 459
45 460
45 471
45 486
45 538
45 552
45 564
45 565
45 580
45 712
45 714
45 750
45 805
45 838
45 846
45 847
45 868
45 888
45 890
45 893
45 897
45 914
45 935
46 52
46 91
46 148
46 158
46 159
46 175
46 184
46 185
46 190
46 204
46 208
46 221
46 225
46 267
46 291
46 301
46 306
46 321
46 332
46 363
46 365
46 388
46 493
46 595
46 613
46 658
46 708
46 723
46 747
46 774
46 833
46 840
46 851
46 852
47 75
47 137
47 152
47 167
47 228
47 236
47 246
47 268
47 296
47 316
47 334
47 351
47 370
47 381
47 391
47 480
47 523
47 530
47 541
47 568
47 569
47 600
47 641
47 649
47 657
47 729
47 735
47 748
47 758
47 797
47 843
47 957
48 52
48 54
48 69
48 80
48 83
48 107
48 108
48 128
48 141
48 165
48 172
48 203
48 242
48 269
48 301
48 343
48 353
48 369
48 371
48 407
48 460
48 485
48 488
48 493
48 532
48 587
48 589
48 610
48 617
48 628
48 687
48 738
48 740
48 752
48 798
48 856
48 865
48 880
48 894
48 904
48 911
48 927
48 967
48 1005
49 53
49 56
49 66
49 76
49 78
49 79
49 89
49 92
49 102
49 107
49 114
49 125
49 132
49 133
49 138
49 144
49 150
49 159
49 193
49 222
49 246
49 255
49 276
49 284
49 301
49 314
49 330
49 341
49 353
49 356
49 363
49 380
49 383
49 385
49 407
49 414
49 440
49 451
49 452
49 455
49 483
49 487
49 510
49 516
49 532
49 537
49 557
49 562
49 588
49 620
49 642
49 643
49 648
49 655
49 656
49 675
49 707
49 708
49 733
49 736
49 745
49 754
49 832
49 844
49 884
49 891
49 904
49 916
49 917
49 919
49 985
49 997
49 1004
50 53
50 62
50 75
50 77
50 92
50 113
50 158
50 190
50 262
50 282
50 293
50 309
50 366
50 367
50 438
50 451
50 480
50 492
50 575
50 580
50 638
50 677
50 712
50 719
50 794
50 834
50 901
50 968
51 59
51 67
51 72
51 84
51 86
51 93
51 95
51 99
51 101
51 117
51 121
51 126
51 152
51 155
51 157
51 163
51 172
51 231
51 238
51 280
51 300
51 317
51 320
51 335
51 370
51 393
51 405
51 418
51 432
51 434
51 453
51 455
51 513
51 514
51 515
51 558
51 563
51 616
51 619
51 690
51 739
51 762
51 769
51 792
51 830
51 843
51 848
51 901
51 921
51 954
51 957
51 997
51 998
51 1023
52 62
52 63
52 100
52 116
52 128
52 152
52 191
52 194
52 195
52 205
52 273
52 276
52 290
52 328
52 355
52 364
52 401
52 409
52 410
52 502
52 555
52 635
52 646
52 706
52 741
52 865
52 866
52 882
52 961
53 54
53 58
53 62
53 63
53 71
53 82
53 96
53 100
53 105
53 110
53 127
53 129
53 146
53 156
53 163
53 175
53 179
53 220
53 229
53 231
53 251
53 275
53 320
53 326
53 340
53 409
53 412
53 420
53 495
53 506
53 509
53 516
53 583
53 605
53 612
53 624
53 643
53 654
53 660
53 696
53 702
53 719
53 732
53 795
53 806
53 824
53 873
53 914
53 1011
54 55
54 57
54 58
54 63
54 69
54 71
54 72
54 74
54 77
54 91
54 97
54 114
54 128
54 140
54 158
54 178
54 183
54 186
54 188
54 197
54 211
54 223
54 246
54 250
54 263
54 289
54 314
54 321
54 357
54 359
54 368
54 373
54 376
54 416
54 428
54 439
54 452
54 469
54 501
54 505
54 573
54 601
54 611
54 640
54 683
54 715
54 721
54 746
54 757
54 765
54 863
54 881
54 883
54 945
55 74
55 82
55 129
55 135
55 136
55 169
55 184
55 191
55 195
55 202
55 211
55 226
55 229
55 247
55 268
55 285
55 291
55 300
55 301
55 323
55 336
55 338
55 344
55 357
55 363
55 394
55 420
55 512
55 543
55 558
55 574
55 615
55 653
55 665
55 685
55 709
55 751
55 793
55 821
55 833
55 834
55 938
55 1004
56 68
56 80
56 85
56 100
56 137
56 162
56 204
56 265
56 316
56 330
56 418
56 427
56 467
56 478
56 504
56 551
56 567
56 645
56 654
56 876
56 919
57 107
57 115
57 129
57 172
57 209
57 216
57 222
57 274
57 280
57 323
57 360
57 380
57 409
57 424
57 445
57 466
57 467
57 469
57 486
57 530
57 547
57 565
57 654
57 683
57 692
57 745
57 747
57 905
57 943
57 1001
57 1019
57 1020
58 70
58 73
58 76
58 83
58 84
58 86
58 92
58 96
58 103
58 106
58 108
58 118
58 178
58 185
58 188
58 194
58 222
58 224
58 253
58 259
58 271
58 274
58 294
58 319
58 324
58 333
58 340
58 342
58 353
58 370
58 374
58 387
58 419
58 423
58 427
58 460
58 567
58 593
58 603
58 615
58 633
58 681
58 763
58 832
58 887
58 982
58 995
58 1018
58 1021
59 70
59 78
59 94
59 106
59 115
59 150
59 181
59 284
59 325
59 362
59 380
59 381
59 405
59 411
59 464
59 469
59 517
59 570
59 605
59 609
59 648
59 656
59 717
59 741
59 758
59 816
59 868
59 879
59 947
60 70
60 86
60 99
60 105
60 112
60 116
60 143
60 189
60 192
60 211
60 237
60 243
60 252
60 254
60 292
60 296
60 303
60 307
60 339
60 358
60 371
60 401
60 409
60 422
60 426
60 458
60 471
60 505
60 510
60 566
60 587
60 642
60 663
60 698
60 755
60 828
60 839
60 845
60 899
61 87
61 90
61 93
61 109
61 116
61 138
61 148
61 164
61 167
61 175
61 199
61 203
61 264
61 305
61 309
61 363
61 391
61 402
61 444
61 445
61 480
61 488
61 551
61 554
61 616
61 623
61 651
61 674
61 702
61 770
61 793
61 878
61 883
61 977
61 996
61 1006
62 74
62 82
62 87
62 118
62 144
62 153
62 167
62 198
62 234
62 242
62 254
62 333
62 344
62 345
62 348
62 372
62 387
62 420
62 442
62 512
62 523
62 545
62 580
62 608
62 644
62 683
62 692
62 712
62 819
62 839
62 857
62 919
63 85
63 89
63 114
63 133
63 149
63 161
63 174
63 193
63 229
63 233
63 235
63 247
63 283
63 311
63 412
63 419
63 484
63 610
63 729
63 753
63 807
64 70
64 83
64 167
64 203
64 225
64 233
64 400
64 460
64 542
64 786
64 836
64 844
64 889
64 972
64 1002
65 75
65 104
65 131
65 134
65 147
65 151
65 171
65 194
65 206
65 267
65 277
65 287
65 357
65 392
65 529
65 606
65 625
65 700
65 763
65 764
65 802
65 862
65 898
65 963
65 989
65 1015
66 73
66 85
66 87
66 95
66 102
66 114
66 191
66 197
66 220
66 282
66 289
66 295
66 335
66 392
66 403
66 423
66 424
66 466
66 478
66 552
66 593
66 686
66 724
66 745
66 818
66 883
66 913
66 930
66 1017
67 70
67 71
67 74
67 82
67 83
67 88
67 104
67 105
67 109
67 123
67 126
67 143
67 188
67 199
67 200
67 202
67 204
67 222
67 233
67 252
67 280
67 294
67 295
67 314
67 324
67 347
67 375
67 387
67 398
67 399
67 408
67 433
67 439
67 498
67 500
67 526
67 533
67 534
67 539
67 564
67 574
67 585
67 599
67 602
67 609
67 636
67 702
67 724
67 727
67 731
67 738
67 746
67 797
67 819
67 831
67 840
67 917
67 958
67 972
68 77
68 81
68 89
68 91
68 94
68 95
68 107
68 122
68 133
68 141
68 187
68 195
68 198
68 212
68 222
68 239
68 244
68 285
68 306
68 323
68 331
68 347
68 353
68 360
68 362
68 379
68 409
68 434
68 447
68 464
68 530
68 554
68 596
68 600
68 635
68 657
68 748
68 763
68 766
68 810
68 831
68 840
68 842
68 854
68 856
68 861
68 905
68 922
68 955
68 996
68 1009
69 84
69 85
69 132
69 140
69 173
69 185
69 205
69 213
69 224
69 242
69 277
69 316
69 430
69 475
69 478
69 560
69 602
69 606
69 827
69 929
70 88
70 89
70 90
70 119
70 136
70 153
70 171
70 190
70 209
70 216
70 227
70 242
70 253
70 265
70 274
70 296
70 308
70 342
70 348
70 383
70 389
70 442
70 455
70 561
70 576
70 635
70 639
70 646
70 681
70 731
70 733
70 761
70 816
70 853
70 891
70 943
70 968
71 89
71 122
71 124
71 156
71 157
71 179
71 181
71 183
71 255
71 294
71 316
71 322
71 353
71 365
71 372
71 496
71 506
71 509
71 654
71 660
71 667
71 714
71 726
71 734
71 744
71 925
71 974
72 90
72 111
72 180
72 219
72 238
72 254
72 275
72 297
72 317
72 369
72 394
72 401
72 459
72 500
72 526
72 595
72 641
72 666
72 701
72 744
72 941
72 949
72 995
73 77
73 78
73 91
73 98
73 108
73 119
73 127
73 170
73 189
73 194
73 203
73 225
73 239
73 353
73 382
73 391
73 429
73 452
73 517
73 716
73 750
73 889
74 92
74 128
74 165
74 166
74 185
74 220
74 242
74 270
74 315
74 322
74 366
74 368
74 422
74 454
74 689
74 774
74 815
74 822
74 858
74 889
75 135
75 175
75 196
75 269
75 297
75 406
75 584
75 723
75 773
75 895
76 80
76 93
76 127
76 128
76 133
76 149
76 170
76 175
76 215
76 238
76 250
76 255
76 273
76 290
76 332
76 411
76 418
76 430
76 432
76 468
76 528
76 559
76 579
76 621
76 647
76 664
76 713
76 805
76 810
76 893
76 907
76 916
76 925
76 1013
77 80
77 93
77 94
77 99
77 101
77 143
77 170
77 203
77 205
77 213
77 235
77 258
77 268
77 278
77 284
77 294
77 297
77 322
77 397
77 449
77 474
77 494
77 525
77 573
77 583
77 613
77 662
77 673
77 694
77 823
77 846
78 108
78 110
78 119
78 136
78 157
78 173
78 189
78 192
78 193
78 244
78 257
78 279
78 337
78 358
78 393
78 424
78 492
78 549
78 550
78 570
78 578
78 864
78 951
78 1019
79 165
79 168
79 172
79 183
79 234
79 319
79 321
79 380
79 612
79 615
79 681
79 919
79 966
79 992
79 1015
80 88
80 99
80 100
80 117
80 158
80 160
80 219
80 272
80 441
80 456
80 535
80 539
80 634
80 710
80 923
80 985
81 445
81 618
81 835
81 914
81 922
82 90
82 122
82 138
82 144
82 231
82 267
82 329
82 376
82 402
82 478
82 645
82 756
82 768
82 870
82 885
82 892
82 941
82 1004
83 98
83 133
83 134
83 154
83 188
83 197
83 221
83 233
83 264
83 344
83 348
83 349
83 386
83 419
83 458
83 465
83 477
83 510
83 543
83 611
83 643
83 767
83 795
83 846
83 901
83 922
83 998
83 1001
84 86
84 109
84 125
84 126
84 127
84 151
84 187
84 224
84 256
84 314
84 374
84 473
84 498
84 519
84 528
84 665
84 835
84 860
84 908
84 983
85 106
85 110
85 146
85 191
85 196
85 201
85 238
85 286
85 296
85 317
85 378
85 394
85 453
85 530
85 589
85 611
85 678
85 714
85 733
85 765
85 803
85 806
85 987
86 113
86 120
86 154
86 227
86 250
86 267
86 292
86 301
86 378
86 430
86 477
86 480
86 494
86 536
86 564
86 584
86 587
86 621
86 622
86 672
86 674
86 716
86 760
86 795
86 835
86 957
86 967
86 1004
86 1014
87 89
87 96
87 113
87 116
87 121
87 147
87 154
87 202
87 208
87 212
87 217
87 223
87 232
87 235
87 237
87 270
87 331
87 352
87 390
87 418
87 434
87 463
87 471
87 516
87 593
87 596
87 647
87 656
87 660
87 684
87 685
87 688
87 689
87 705
87 718
87 791
87 842
87 844
87 847
87 849
87 967
87 1021
88 89
88 91
88 106
88 122
88 130
88 137
88 139
88 151
88 152
88 161
88 212
88 223
88 237
88 268
88 320
88 329
88 354
88 391
88 436
88 445
88 558
88 582
88 596
88 630
88 679
88 758
88 799
88 829
88 957
88 964
88 1008
88 1018
89 122
89 134
89 164
89 166
89 238
89 243
89 273
89 303
89 322
89 339
89 359
89 367
89 451
89 469
89 474
89 672
89 690
89 713
89 813
89 827
89 985
89 1007
89 1009
90 106
90 116
90 139
90 159
90 490
90 515
90 591
90 992
91 115
91 120
91 186
91 200
91 252
91 265
91 305
91 327
91 345
91 377
91 409
91 417
91 449
91 457
91 475
91 486
91 512
91 515
91 526
91 639
91 644
91 666
91 670
91 715
91 738
91 850
91 852
91 947
91 970
91 1015
92 120
92 126
92 146
92 191
92 218
92 245
92 250
92 304
92 396
92 508
92 534
92 560
92 588
92 678
92 717
92 730
92 762
93 121
93 161
93 168
93 263
93 536
93 539
93 546
93 561
93 660
93 677
93 758
93 844
93 850
93 888
93 890
93 905
93 941
94 109
94 144
94 230
94 244
94 260
94 283
94 292
94 326
94 394
94 444
94 478
94 496
94 674
94 676
94 771
94 772
94 888
95 97
95 99
95 157
95 162
95 192
95 195
95 213
95 220
95 231
95 252
95 326
95 334
95 347
95 383
95 452
95 470
95 538
95 617
95 679
95 719
95 761
95 779
95 798
95 814
95 908
95 934
95 935
95 943
95 955
95 1004
95 1014
96 107
96 126
96 190
96 245
96 310
96 434
96 460
96 481
96 562
96 674
96 716
96 757
96 820
96 821
96 824
96 918
96 938
97 102
97 121
97 167
97 170
97 193
97 231
97 242
97 264
97 272
97 293
97 312
97 366
97 370
97 416
97 476
97 592
97 610
97 681
97 689
97 811
97 812
97 818
97 822
97 877
97 959
98 141
98 215
98 245
98 286
98 287
98 288
98 318
98 346
98 390
98 406
98 482
98 553
98 722
98 756
98 878
98 903
98 917
99 136
99 160
99 188
99 207
99 257
99 344
99 358
99 446
99 455
99 464
99 661
99 663
99 669
99 843
99 853
99 970
100 112
100 137
100 157
100 179
100 189
100 206
100 331
100 401
100 417
100 456
100 470
100 496
100 498
100 515
100 544
100 578
100 690
100 727
100 790
100 881
101 112
101 119
101 139
101 171
101 218
101 223
101 254
101 279
101 313
101 335
101 397
101 489
101 490
101 517
101 562
101 579
101 610
101 660
101 675
101 683
101 713
101 731
101 753
101 806
101 858
101 871
101 881
101 966
102 114
102 167
102 202
102 230
102 262
102 346
102 358
102 360
102 408
102 433
102 554
102 557
102 568
102 651
102 709
102 768
102 775
102 794
102 795
102 991
103 242
103 248
103 356
103 403
103 425
103 445
103 493
103 520
103 875
103 943
104 108
104 199
104 284
104 305
104 432
104 489
104 596
104 666
104 677
104 745
104 764
104 809
104 855
104 856
104 926
104 1010
105 111
105 124
105 151
105 218
105 239
105 249
105 280
105 342
105 356
105 398
105 403
105 420
105 528
105 542
105 686
105 824
105 853
105 899
105 900
105 912
106 109
106 127
106 128
106 132
106 144
106 148
106 229
106 238
106 252
106 263
106 300
106 345
106 354
106 361
106 406
106 422
106 428
106 518
106 564
106 573
106 622
106 630
106 653
106 712
106 823
106 876
107 147
107 221
107 224
107 227
107 296
107 446
107 494
107 542
107 557
107 569
107 589
107 676
107 693
107 716
107 854
107 910
107 961
108 133
108 138
108 144
108 182
108 193
108 197
108 198
108 216
108 226
108 286
108 334
108 341
108 351
108 365
108 370
108 418
108 428
108 438
108 450
108 473
108 484
108 507
108 520
108 629
108 749
108 798
108 860
108 893
108 898
109 119
109 134
109 151
109 155
109 159
109 160
109 161
109 170
109 177
109 180
109 197
109 198
109 201
109 214
109 218
109 247
109 249
109 255
109 282
109 283
109 389
109 398
109 410
109 413
109 435
109 464
109 550
109 580
109 718
109 775
109 795
109 805
109 825
109 862
109 898
109 946
109 960
109 984
110 120
110 121
110 159
110 367
110 467
110 490
110 533
110 568
110 603
110 621
110 707
110 893
110 950
110 960
110 1012
111 130
111 228
111 236
111 237
111 266
111 299
111 308
111 385
111 419
111 437
111 539
111 699
111 734
111 807
111 862
111 973
111 974
112 124
112 156
112 165
112 170
112 200
112 208
112 217
112 257
112 325
112 404
112 446
112 492
112 505
112 509
112 542
112 563
112 608
112 623
112 635
112 690
112 750
112 789
112 803
112 830
112 839
112 902
112 921
112 1007
113 122
113 131
113 132
113 142
113 156
113 171
113 175
113 180
113 198
113 217
113 291
113 300
113 316
113 374
113 375
113 406
113 468
113 487
113 495
113 529
113 549
113 591
113 594
113 605
113 688
113 782
113 787
113 844
113 919
113 1014
114 115
114 130
114 154
114 156
114 178
114 214
114 242
114 264
114 322
114 548
114 619
114 810
114 1014
115 138
115 151
115 174
115 189
115 235
115 255
115 328
115 338
115 445
115 492
115 508
115 577
115 601
115 609
115 622
115 731
115 736
115 810
115 905
115 932
115 1003
116 126
116 136
116 142
116 150
116 172
116 220
116 341
116 349
116 380
116 412
116 461
116 504
116 631
116 666
116 690
116 751
116 803
116 951
117 123
117 146
117 153
117 182
117 241
117 249
117 253
117 257
117 271
117 290
117 321
117 368
117 493
117 495
117 632
117 744
117 761
117 780
117 891
117 896
117 912
117 934
117 941
117 953
117 962
118 132
118 187
118 251
118 277
118 318
118 325
118 400
118 416
118 423
118 438
118 466
118 517
118 556
118 565
118 706
118 709
118 900
118 950
118 1002
118 1005
119 134
119 160
119 285
119 303
119 318
119 332
119 337
119 342
119 396
119 417
119 542
119 667
119 747
119 876
119 886
119 944
120 143
120 150
120 176
120 181
120 186
120 217
120 241
120 246
120 279
120 299
120 383
120 388
120 402
120 433
120 448
120 475
120 612
120 751
120 845
120 875
120 915
120 996
121 124
121 148
121 193
121 201
121 214
121 219
121 263
121 302
121 362
121 379
121 383
121 392
121 398
121 460
121 479
121 500
121 505
121 550
121 591
122 139
122 145
122 146
122 154
122 182
122 183
122 199
122 205
122 241
122 256
122 295
122 349
122 350
122 359
122 379
122 400
122 461
122 494
122 562
122 599
122 615
122 630
122 740
122 765
122 790
122 871
122 937
123 165
123 194
123 207
123 259
123 340
123 343
123 654
123 715
123 740
123 763
123 959
123 963
123 989
123 1011
124 142
124 164
124 211
124 232
124 240
124 291
124 297
124 317
124 385
124 628
124 631
124 719
124 728
124 741
124 802
124 885
124 886
124 956
124 978
124 988
125 157
125 261
125 373
125 387
125 577
125 615
125 651
125 655
125 657
125 735
125 765
125 953
126 147
126 177
126 230
126 334
126 387
126 399
126 426
126 516
126 988
127 141
127 161
127 170
127 174
127 202
127 227
127 257
127 294
127 361
127 452
127 497
127 506
127 619
127 626
127 648
127 659
127 675
127 748
127 786
127 825
127 949
128 130
128 133
128 137
128 140
128 169
128 204
128 215
128 248
128 258
128 279
128 301
128 304
128 306
128 374
128 385
128 408
128 493
128 547
128 580
128 706
128 716
128 745
128 888
128 998
129 217
129 233
129 450
129 505
129 507
129 553
129 597
129 711
129 750
129 764
129 775
129 817
129 924
129 931
129 973
129 975
129 995
129 1010
130 160
130 277
130 321
130 324
130 376
130 448
130 456
130 532
130 551
130 568
130 650
130 682
131 159
131 168
131 202
131 212
131 218
131 235
131 252
131 458
131 553
131 583
131 645
131 659
131 754
131 762
131 802
131 815
131 851
131 937
131 959
131 980
131 1010
132 134
132 135
132 164
132 177
132 193
132 206
132 207
132 210
132 232
132 251
132 319
132 447
132 479
132 601
132 613
132 691
132 718
132 859
132 867
132 920
132 956
132 1011
133 135
133 145
133 149
133 162
133 178
133 269
133 296
133 408
133 503
133 555
133 609
133 717
133 731
133 774
133 838
133 916
133 1001
134 158
134 202
134 236
134 250
134 275
134 357
134 380
134 425
134 469
134 480
134 488
134 498
134 644
134 724
134 791
135 378
135 391
135 436
135 556
135 728
135 821
136 178
136 187
136 208
136 222
136 239
136 242
136 260
136 330
136 339
136 353
136 382
136 388
136 472
136 484
136 506
136 550
136 576
136 577
136 632
136 663
136 669
136 728
136 762
136 777
136 806
136 818
136 859
136 863
136 971
136 985
136 1003
136 1012
137 152
137 173
137 174
137 182
137 195
137 256
137 279
137 396
137 467
137 527
137 564
137 603
137 680
137 687
137 742
137 773
137 790
137 833
137 838
137 845
137 849
137 889
137 919
137 933
138 194
138 201
138 203
138 268
138 337
138 452
138 478
138 484
138 509
138 531
138 601
138 624
138 625
138 643
138 664
138 683
138 758
138 781
138 866
138 916
138 987
139 243
139 273
139 321
139 366
139 389
139 450
139 511
139 588
139 634
139 660
139 677
139 968
140 186
140 192
140 212
140 226
140 257
140 277
140 298
140 372
140 454
140 522
140 597
140 651
140 673
140 679
140 684
140 792
140 871
140 913
140 921
140 996
140 1016
141 174
141 227
141 266
141 276
141 284
141 289
141 301
141 328
141 337
141 377
141 413
141 546
141 602
141 649
141 883
141 989
141 995
141 1005
142 176
142 181
142 245
142 272
142 518
142 666
142 691
142 827
143 249
143 263
143 307
143 396
143 411
143 439
143 466
143 526
143 553
143 561
143 742
143 754
144 164
144 221
144 258
144 265
144 309
144 321
144 356
144 432
144 452
144 477
144 509
144 531
144 535
144 672
144 741
144 848
144 873
144 919
144 936
144 971
145 180
145 190
145 214
145 227
145 340
145 351
145 377
145 513
145 592
145 708
145 714
145 777
145 785
145 832
145 853
145 884
145 983
146 173
146 223
146 262
146 271
146 300
146 347
146 349
146 420
146 533
147 155
147 164
147 198
147 203
147 657
147 712
147 836
147 841
147 843
148 232
148 299
148 302
148 389
148 710
148 772
148 783
148 798
148 855
148 912
148 997
148 1017
149 159
149 194
149 255
149 277
149 295
149 321
149 411
149 460
149 484
149 490
149 522
149 585
149 697
149 715
149 984
150 257
150 288
150 320
150 526
150 534
150 587
150 718
150 731
150 898
150 908
150 1022
151 177
151 266
151 328
151 403
151 405
151 415
151 431
151 444
151 467
151 492
151 594
151 663
151 896
151 900
151 981
152 273
152 290
152 299
152 329
152 333
152 399
152 406
152 479
152 511
152 705
152 869
152 886
153 157
153 206
153 251
153 304
153 339
153 369
153 535
153 560
153 737
153 745
153 794
153 828
153 1015
154 181
154 197
154 215
154 233
154 282
154 285
154 371
154 442
154 450
154 466
154 502
154 541
154 578
154 626
154 631
154 709
154 779
154 808
154 813
154 822
154 834
154 847
154 932
154 945
154 969
154 1012
154 1023
155 166
155 235
155 297
155 329
155 562
155 591
155 642
155 722
155 785
155 893
156 182
156 254
156 275
156 317
156 320
156 345
156 389
156 405
156 546
156 562
156 605
156 753
156 905
156 1012
157 181
157 208
157 210
157 278
157 315
157 383
157 498
157 603
157 630
158 201
158 228
158 235
158 311
158 312
158 346
158 364
158 457
158 458
158 527
158 680
158 699
158 775
158 844
159 167
159 181
159 187
159 214
159 274
159 285
159 305
159 378
159 421
159 427
159 456
159 491
159 497
159 562
159 573
159 585
159 661
159 721
159 723
159 749
159 815
159 866
159 888
159 1001
159 1005
160 339
160 386
160 568
160 571
160 831
160 852
160 971
161 176
161 183
161 245
161 354
161 364
161 376
161 407
161 472
161 477
161 541
161 544
161 611
161 832
161 861
161 908
162 183
162 205
162 215
162 217
162 238
162 259
162 400
162 471
162 513
162 525
162 639
162 650
162 657
162 676
162 715
162 749
162 766
162 770
162 809
162 927
162 952
162 983
163 177
163 219
163 262
163 373
163 533
163 650
163 694
163 829
164 177
164 311
164 324
164 339
164 420
164 425
164 465
164 516
164 604
164 629
164 643
164 671
164 825
164 846
164 967
164 1020
165 179
165 201
165 204
165 250
165 319
165 456
165 459
165 535
165 547
165 645
165 687
165 740
165 788
165 962
165 1007
166 240
166 249
166 298
166 315
166 457
166 579
166 863
166 958
166 981
167 171
167 177
167 214
167 265
167 378
167 410
167 557
167 567
167 578
167 621
167 639
167 734
167 885
167 931
167 1021
168 216
168 243
168 322
168 338
168 357
168 386
168 415
168 549
168 554
168 670
168 749
168 791
168 927
168 1011
169 199
169 207
169 267
169 274
169 280
169 462
169 547
169 589
169 707
169 815
169 983
169 993
169 1009
170 185
170 206
170 217
170 450
170 452
170 463
170 486
170 501
170 537
170 562
170 773
170 896
170 928
170 932
170 1022
171 215
171 302
171 325
171 450
171 577
171 646
171 729
171 747
171 897
171 974
171 996
171 1006
172 182
172 251
172 274
172 289
172 298
172 321
172 354
172 474
172 476
172 571
172 590
172 685
172 735
172 809
172 941
172 981
172 1018
173 225
173 291
173 371
173 424
173 440
173 497
173 746
173 896
174 175
174 187
174 197
174 248
174 249
174 262
174 326
174 365
174 382
174 410
174 507
174 546
174 555
174 620
174 633
174 802
174 990
175 176
175 232
175 269
175 299
175 309
175 402
175 431
175 567
175 585
175 593
175 639
175 694
175 800
175 822
175 855
175 975
176 177
176 374
176 433
176 636
176 691
176 755
177 226
177 247
177 276
177 281
177 291
177 341
177 349
177 363
177 371
177 387
177 432
177 464
177 537
177 645
177 651
177 776
177 950
177 1017
178 205
178 454
178 461
178 466
178 525
178 769
178 804
178 811
178 847
178 901
179 190
179 206
179 248
179 258
179 267
179 284
179 312
179 384
179 392
179 407
179 477
179 506
179 689
179 858
179 974
180 183
180 200
180 353
180 414
180 488
180 489
180 512
180 521
180 1001
181 247
181 331
181 431
181 665
181 683
181 739
181 756
181 911
181 939
182 213
182 230
182 236
182 248
182 255
182 294
182 296
182 305
182 346
182 352
182 355
182 378
182 400
182 434
182 473
182 484
182 487
182 495
182 502
182 598
182 611
182 623
182 812
182 823
182 873
182 884
183 216
183 250
183 317
183 362
183 370
183 376
183 391
183 455
183 462
183 475
183 493
183 504
183 518
183 557
183 572
183 575
183 685
183 808
183 841
183 850
183 853
183 943
183 945
183 1011
184 265
184 298
184 307
184 335
184 552
184 854
184 932
185 191
185 233
185 261
185 329
185 336
185 344
185 346
185 393
185 406
185 410
185 506
185 582
185 585
185 605
185 764
185 777
185 800
185 814
185 938
185 994
186 191
186 203
186 269
186 291
186 304
186 335
186 361
186 430
186 464
186 469
186 561
186 570
186 601
186 607
186 620
186 656
186 698
186 904
186 957
186 961
186 995
187 390
187 423
187 490
187 569
187 650
187 681
187 694
187 717
187 728
187 769
187 797
187 890
187 956
188 295
188 299
188 327
188 359
188 372
188 462
188 655
188 713
188 720
188 770
189 398
189 402
189 791
189 796
189 841
189 881
189 953
190 349
190 476
190 530
190 558
190 765
190 907
191 328
191 423
191 432
191 455
191 472
191 485
191 505
191 642
191 679
191 752
191 779
191 871
191 936
191 968
192 244
192 342
192 345
192 478
192 748
192 952
192 973
193 209
193 229
193 302
193 479
193 583
193 590
193 609
193 656
193 688
193 980
194 260
194 270
194 309
195 206
195 226
195 262
195 272
195 281
195 336
195 419
195 583
195 589
195 666
195 774
195 783
195 937
195 974
195 1003
196 200
196 529
196 765
197 223
197 229
197 231
197 234
197 258
197 311
197 326
197 343
197 389
197 435
197 494
197 534
197 676
197 744
197 755
197 882
197 958
197 1008
198 495
198 636
198 647
199 210
199 219
199 289
199 314
199 341
199 408
199 446
199 526
199 573
199 631
199 673
199 708
199 714
199 757
199 853
199 943
200 209
200 237
200 243
200 259
200 288
200 538
200 543
200 599
200 606
200 620
200 657
200 902
200 927
201 220
201 240
201 256
201 304
201 308
201 336
201 349
201 409
201 449
201 544
201 556
201 577
201 621
201 659
201 698
201 728
201 737
201 783
201 792
201 801
201 870
201 895
201 951
201 985
202 279
202 292
202 342
202 343
202 413
202 418
202 419
202 506
202 585
202 641
202 677
202 691
202 722
202 757
202 759
202 789
202 794
202 892
202 931
202 965
203 208
203 291
203 534
203 629
203 639
203 953
204 255
204 300
204 319
204 323
204 397
204 514
204 766
204 841
205 212
205 219
205 266
205 295
205 379
205 550
205 570
205 650
205 668
205 675
205 831
206 351
206 405
206 497
206 520
206 543
206 721
206 795
206 805
206 873
207 235
207 256
207 447
207 499
207 591
207 667
207 734
207 896
208 213
208 227
208 327
208 367
208 406
208 503
208 523
208 600
208 716
208 732
208 781
208 957
208 991
209 221
209 263
209 276
209 574
209 584
209 744
209 764
209 930
210 267
210 273
210 434
210 560
210 590
210 714
210 728
210 893
210 924
211 269
211 284
211 316
211 380
211 431
211 486
211 537
211 538
211 628
211 637
211 668
211 766
212 218
212 250
212 280
212 325
212 374
212 385
212 414
212 428
212 516
212 523
212 607
212 664
212 665
212 748
212 878
213 314
213 573
213 623
213 665
214 228
214 282
214 295
214 352
214 374
214 375
214 404
214 560
214 580
214 591
214 661
214 852
214 878
215 225
215 240
215 263
215 269
215 283
215 366
215 398
215 435
215 462
215 488
215 551
215 552
215 615
215 719
215 753
215 980
216 280
216 387
216 391
216 417
216 483
216 491
216 500
216 553
216 559
216 730
216 877
216 949
217 226
217 264
217 283
217 422
217 483
217 552
217 593
217 638
217 671
217 691
217 715
217 727
217 747
217 778
217 833
217 868
218 240
218 299
218 306
218 315
218 537
218 621
218 705
218 787
218 850
218 966
219 236
219 339
219 360
219 659
219 674
219 831
219 843
219 886
219 978
220 360
220 758
221 269
221 397
221 413
221 453
221 521
221 529
221 569
221 594
221 640
221 729
221 816
221 825
221 829
221 951
221 965
222 340
222 365
222 401
222 496
222 719
222 745
222 918
222 940
222 962
222 998
223 249
223 264
223 313
223 489
223 550
223 728
223 1006
224 243
224 298
224 309
224 374
224 457
224 493
224 588
224 671
224 788
224 811
224 839
224 899
224 937
225 285
225 294
225 318
225 343
225 481
225 524
225 578
225 685
225 704
225 724
225 786
225 848
225 895
225 927
226 399
226 436
226 439
226 497
226 769
226 868
226 1003
227 266
227 518
227 537
227 572
227 589
227 664
227 705
227 711
227 940
227 997
228 278
228 292
228 333
228 352
228 368
228 391
228 412
228 539
228 821
228 836
228 886
228 970
229 278
229 349
229 438
229 515
229 565
229 723
229 752
229 807
229 997
230 386
230 403
230 429
230 504
230 584
230 731
230 938
230 960
230 993
231 266
231 473
231 515
231 557
231 784
232 268
232 283
232 313
232 346
232 360
232 361
232 451
232 499
232 550
232 585
232 607
232 630
232 665
232 778
232 805
232 820
233 281
233 287
233 313
233 485
233 579
233 639
233 668
233 857
233 952
234 240
234 274
234 336
234 395
234 442
234 475
234 524
234 659
234 663
234 773
234 782
234 874
234 884
234 929
234 954
235 270
235 272
235 470
235 597
235 643
235 686
235 709
235 790
236 261
236 287
236 307
236 525
236 659
236 717
236 879
236 885
236 979
236 991
237 281
237 289
237 414
237 498
237 555
237 617
237 638
238 257
238 350
238 359
238 384
238 385
238 396
238 472
238 492
238 575
238 749
238 817
238 829
238 841
238 849
238 929
238 935
238 981
238 1007
239 261
239 660
239 796
239 859
239 987
240 246
240 280
240 287
240 330
240 377
240 410
240 466
240 541
240 597
240 627
240 702
240 733
240 762
240 979
241 245
241 256
241 276
241 302
241 306
241 386
241 407
241 559
241 573
241 595
241 655
241 680
241 696
241 699
241 707
241 710
241 862
241 924
241 998
241 1003
241 1014
242 359
242 397
242 467
242 512
243 269
243 306
243 330
243 394
243 402
243 420
243 484
243 485
243 535
243 545
243 835
243 1004
244 308
244 395
244 742
244 753
244 792
244 949
244 959
245 277
245 341
245 369
245 431
245 497
245 503
245 547
245 569
245 588
245 664
245 696
245 855
245 884
245 920
245 940
245 975
245 1001
246 270
246 297
246 318
246 362
246 399
246 405
246 439
246 454
246 479
246 489
246 503
246 535
246 572
246 612
246 616
246 714
246 738
246 807
246 830
246 874
246 995
247 647
247 785
247 837
247 851
248 270
248 399
248 648
248 845
248 894
248 965
248 969
249 266
249 292
249 358
249 417
249 426
249 655
249 680
249 787
249 861
249 898
249 999
250 395
250 441
250 463
250 520
250 592
250 612
250 820
250 884
251 261
251 299
251 323
251 356
251 446
251 526
251 611
251 634
251 637
251 652
251 798
251 1011
252 262
252 387
252 441
252 963
252 976
253 264
253 275
253 281
253 425
253 467
253 486
253 487
253 516
253 690
253 895
254 466
254 495
254 658
254 769
255 286
255 377
255 384
255 531
256 308
256 667
256 669
256 800
256 801
256 817
256 871
256 1018
256 1023
257 278
257 339
257 379
257 602
257 640
257 671
257 710
257 777
257 803
257 921
257 997
258 358
258 377
258 457
258 471
258 560
258 577
258 648
258 732
258 894
258 1011
259 387
259 445
259 449
259 451
259 487
259 958
259 999
260 331
260 375
260 518
260 581
260 704
260 941
261 276
261 287
261 425
261 482
261 489
261 554
261 625
261 672
261 779
261 859
261 917
261 952
262 281
262 309
262 376
262 401
262 529
262 581
262 644
262 966
262 990
263 415
263 463
263 519
263 745
263 768
263 859
263 1014
264 297
264 513
264 768
264 852
264 904
265 301
265 366
265 388
265 618
265 682
265 866
265 950
265 1022
266 287
266 318
266 555
266 561
266 742
266 822
266 868
266 885
266 976
267 304
267 330
267 332
267 350
267 618
267 627
267 670
267 802
267 836
267 879
268 303
268 309
268 343
268 347
268 350
268 381
268 389
268 463
268 507
268 543
268 614
268 624
268 651
268 707
268 716
268 770
268 819
268 934
268 942
268 944
268 985
269 407
269 444
269 515
269 682
269 877
269 1008
270 271
270 411
270 484
270 574
270 610
270 613
270 655
270 704
270 765
270 828
270 980
270 1023
271 412
271 457
271 474
271 490
271 525
271 715
271 863
271 867
272 427
272 496
272 570
272 572
272 732
272 833
272 931
272 967
272 976
272 997
273 360
273 392
273 709
273 872
274 324
274 378
274 426
274 455
274 549
274 639
274 714
274 759
274 880
274 894
274 955
274 962
275 519
276 315
276 463
276 524
276 528
276 583
276 674
276 694
276 804
276 807
277 302
277 340
277 468
277 632
277 633
277 786
277 806
277 822
278 322
278 391
278 429
278 450
278 551
278 706
278 739
278 754
278 789
278 823
278 833
278 869
278 923
278 974
279 337
279 491
279 509
279 698
279 703
279 789
280 285
280 310
280 330
280 377
280 435
280 574
280 653
280 667
280 790
280 942
281 297
281 384
281 503
281 540
281 549
281 586
281 622
281 699
281 731
281 795
281 811
281 832
282 286
282 287
282 338
282 435
282 462
282 530
282 569
282 855
282 876
282 971
283 350
283 383
283 552
283 599
283 720
283 776
284 286
284 312
284 330
284 476
284 478
284 539
284 577
284 710
284 722
284 739
284 846
284 887
284 952
285 378
285 404
285 412
285 527
285 558
285 613
285 645
285 675
285 711
285 838
285 1008
286 328
286 344
286 605
286 689
286 706
286 738
286 768
286 857
286 913
287 295
287 351
287 412
287 442
287 455
287 671
287 712
287 888
287 977
288 326
288 327
288 413
288 423
288 480
288 518
288 619
288 805
288 895
288 929
289 485
289 857
289 920
290 318
290 390
290 695
290 698
290 844
291 345
291 375
291 424
291 580
291 593
291 777
291 906
292 426
292 429
292 512
292 534
292 615
292 693
292 703
292 814
292 934
292 946
292 995
293 303
293 358
293 373
293 439
293 447
293 689
293 702
293 703
293 788
293 813
293 826
293 894
294 441
294 459
294 492
294 548
294 567
294 624
294 658
294 719
294 729
294 733
294 763
294 783
295 345
295 386
295 475
295 540
295 582
295 638
295 658
295 811
296 364
296 462
296 593
296 810
296 826
297 312
297 318
297 438
297 443
297 586
297 593
297 625
297 736
297 788
297 832
297 896
297 935
297 956
297 977
298 307
298 309
298 315
298 319
298 493
298 648
298 709
299 350
299 405
299 450
299 478
299 496
299 499
299 589
299 604
299 726
299 890
299 978
299 990
299 1004
300 324
300 338
300 453
300 473
300 524
300 682
300 788
300 861
300 915
301 652
301 786
301 947
302 327
302 427
302 454
302 595
302 633
302 707
302 778
302 781
302 785
302 1000
302 1022
303 345
303 421
303 426
303 448
303 564
303 670
303 760
303 870
303 1010
304 381
304 408
304 595
304 622
304 649
304 661
304 908
304 911
304 933
305 328
305 407
305 477
305 528
305 529
305 537
305 655
305 809
305 847
305 879
305 890
305 910
305 926
306 469
306 597
306 880
306 962
307 316
307 327
307 437
307 514
307 607
307 662
307 771
307 816
307 866
307 930
308 313
308 483
308 538
308 566
308 616
308 695
308 902
308 970
308 976
309 323
309 335
309 388
309 422
309 432
309 466
309 532
309 540
309 771
309 994
310 317
310 443
310 704
310 825
310 856
310 994
311 344
311 372
311 384
311 421
311 459
311 483
311 500
311 638
311 705
311 772
311 860
311 867
311 906
311 1008
311 1016
311 1021
312 368
312 431
312 438
312 462
312 506
312 611
312 623
312 637
312 669
312 746
312 753
312 824
312 827
313 340
313 371
313 509
313 530
313 595
313 617
313 703
313 835
313 864
313 891
313 1010
314 375
314 503
314 828
314 943
314 994
315 348
315 616
315 697
315 720
315 798
315 855
316 354
316 432
316 452
316 529
316 598
316 806
316 817
316 840
316 846
316 1023
317 461
317 491
317 506
317 521
317 593
317 696
317 914
318 322
318 350
318 358
318 380
318 422
318 447
318 499
318 540
318 671
318 898
318 1020
319 442
319 546
319 614
319 880
320 326
320 582
320 594
320 621
320 623
320 663
320 846
320 862
320 926
320 986
321 544
321 551
321 662
321 676
321 736
321 774
321 778
321 919
321 1020
322 378
322 806
323 360
323 445
323 461
323 756
323 769
323 812
323 892
323 902
323 958
324 413
324 523
324 703
325 333
325 394
325 494
325 727
325 762
325 800
326 405
326 482
326 635
326 638
326 705
326 849
326 869
326 961
327 565
328 362
328 395
328 627
328 645
328 690
328 792
328 814
328 868
328 1016
329 348
329 356
329 369
329 370
329 403
329 420
329 435
329 515
329 532
329 553
329 591
329 700
329 735
329 889
329 906
329 954
330 542
330 735
330 993
331 440
331 462
331 479
331 650
331 782
332 389
332 442
332 465
332 521
332 813
333 372
333 419
333 446
333 563
333 640
333 681
333 837
333 930
333 993
334 351
334 362
334 416
334 420
334 501
334 540
334 563
334 667
334 703
334 828
334 951
335 372
335 463
335 929
335 972
335 991
336 348
336 367
336 652
336 695
336 699
336 909
336 960
337 673
337 686
337 726
337 770
337 781
337 966
337 1004
338 440
338 461
338 472
338 505
338 595
338 649
338 674
338 942
338 1020
339 347
339 488
339 525
339 546
339 645
339 820
339 837
339 916
340 352
340 479
340 553
340 594
340 684
340 726
340 793
340 886
340 888
340 991
341 362
341 415
341 462
341 598
341 694
341 820
341 895
342 465
342 520
342 640
342 664
342 869
342 893
342 966
342 1008
343 926
344 371
344 425
344 818
344 848
344 849
344 880
344 900
345 491
345 545
345 944
346 404
346 520
346 585
346 620
346 704
346 840
346 875
347 433
347 448
347 550
347 552
347 724
347 782
347 925
347 991
348 475
348 662
348 794
348 837
348 865
348 982
349 362
349 422
349 576
349 873
349 918
350 383
350 424
350 447
350 488
350 658
350 901
351 421
351 474
351 534
351 595
351 611
351 729
352 432
352 730
352 898
352 940
352 1007
352 1022
353 372
353 394
353 502
353 632
353 990
354 427
354 508
354 596
354 629
354 693
354 909
354 964
355 422
355 506
355 910
356 397
356 406
356 487
356 533
356 543
356 571
356 572
356 608
356 626
356 718
356 848
357 359
357 381
357 463
357 468
357 508
357 527
357 621
357 815
357 912
357 914
357 922
358 404
358 944
358 1018
359 370
359 780
360 542
360 624
360 720
360 732
360 821
361 367
361 518
361 686
361 687
361 695
361 761
361 926
362 449
362 483
362 499
362 579
362 617
362 646
362 671
362 766
362 936
362 1018
363 398
363 440
363 469
363 525
363 646
363 711
363 738
363 754
363 784
363 916
364 379
364 382
364 509
364 584
364 607
364 679
364 879
364 926
364 933
364 959
365 368
365 390
365 403
365 419
365 425
365 586
365 612
365 732
365 745
365 905
365 947
366 421
366 443
366 454
366 482
366 598
366 622
366 653
366 727
366 944
366 953
366 971
366 1016
367 397
367 427
367 451
367 480
367 522
367 586
367 623
367 684
367 884
367 934
368 527
368 531
368 555
368 590
368 614
368 736
368 737
368 1012
369 672
369 702
369 867
369 876
369 1011
370 561
370 607
370 761
371 436
371 482
371 592
371 777
371 788
372 395
372 518
372 664
372 743
373 652
373 700
373 783
373 818
373 910
373 980
373 1015
374 556
374 855
375 398
375 489
375 528
375 785
376 406
376 424
376 470
376 645
376 734
377 456
377 483
377 583
377 736
377 868
378 457
378 717
379 436
379 464
379 628
379 635
379 647
379 826
379 899
379 902
380 386
380 405
380 640
380 701
380 722
380 932
381 393
381 610
381 662
381 721
381 751
381 1018
382 384
382 519
382 887
382 900
382 979
382 987
383 384
383 532
383 756
383 913
384 489
384 742
385 753
385 937
386 458
386 471
386 646
386 680
386 937
387 508
387 540
387 660
387 668
387 772
387 887
387 923
387 986
388 445
388 609
388 614
388 738
389 471
389 481
389 536
389 624
389 796
389 824
389 831
389 1014
390 430
390 513
390 592
390 605
390 681
390 692
390 752
390 804
390 869
391 937
393 438
393 444
393 455
393 490
393 536
393 636
393 741
393 809
394 396
394 397
394 536
394 548
394 633
394 634
394 682
394 716
394 817
394 938
395 402
395 430
395 672
395 795
395 801
395 828
395 914
395 969
395 972
395 998
396 415
396 465
396 481
396 494
396 637
396 742
396 882
396 1023
397 444
397 465
397 674
397 903
398 451
398 481
398 519
398 608
398 921
398 987
399 633
400 423
400 543
400 654
400 662
400 792
400 823
400 874
401 464
401 472
401 528
401 902
402 441
402 686
402 963
403 465
403 530
403 686
403 802
403 817
403 829
404 437
404 458
404 839
404 847
404 996
405 516
405 545
405 633
405 654
405 717
405 822
405 940
405 1010
406 421
406 508
406 661
406 867
406 939
406 1003
407 468
407 523
407 538
407 619
407 663
407 679
407 696
407 748
407 947
407 974
408 476
408 561
408 620
408 701
408 783
408 801
408 844
408 923
408 968
409 569
409 986
409 1019
410 435
410 450
410 472
410 568
410 626
410 697
410 837
411 485
411 786
412 442
412 444
412 581
412 617
412 680
412 816
412 929
413 418
413 668
413 700
413 859
413 936
414 603
415 458
415 541
415 623
415 694
415 849
416 437
416 491
416 501
416 525
416 581
416 637
416 664
416 736
416 740
416 764
416 824
416 853
416 866
416 950
417 438
417 481
417 505
417 535
417 742
417 774
417 804
417 1002
418 439
418 516
418 522
418 537
418 724
418 774
419 651
419 718
420 631
420 940
421 531
421 623
421 635
421 719
421 729
421 808
421 883
422 444
422 514
422 692
422 864
422 950
422 971
422 973
423 441
423 598
423 644
423 726
423 784
423 975
424 474
424 576
424 980
425 449
425 570
425 630
425 747
425 752
425 798
425 802
425 874
425 959
426 667
426 825
426 864
426 978
427 987
428 471
428 759
428 961
429 439
429 787
430 675
430 1001
431 517
431 548
431 620
431 696
431 928
432 539
432 581
432 769
432 792
432 976
433 521
433 907
433 938
434 467
434 509
434 547
434 561
434 563
434 737
434 810
434 837
435 482
435 682
435 701
435 741
435 874
435 886
435 967
437 495
438 689
438 892
439 481
439 520
439 542
439 909
439 953
440 483
440 678
440 899
441 467
441 474
441 536
441 886
441 922
441 979
442 676
442 851
443 509
443 523
443 587
443 636
443 677
443 732
443 970
444 466
444 634
444 740
444 847
445 533
445 552
445 892
445 997
445 1023
446 541
446 558
446 602
447 826
447 872
447 927
448 532
448 711
448 756
448 771
448 872
448 910
448 1021
449 551
449 570
449 683
449 1022
450 514
450 516
450 548
450 792
450 839
450 870
450 897
450 907
450 973
450 1012
451 538
451 600
451 854
452 729
452 749
452 868
452 942
452 948
453 502
453 510
453 522
453 524
453 684
453 743
453 812
453 909
453 936
453 963
454 551
454 567
454 940
454 986
455 637
455 871
455 984
456 459
456 612
456 743
456 961
457 535
457 775
457 976
458 556
458 585
458 692
459 589
459 625
459 669
459 688
459 777
460 521
460 907
461 578
461 629
461 791
461 799
461 801
462 693
462 720
462 767
463 555
463 814
463 987
464 496
464 578
464 643
465 511
465 603
465 668
465 954
466 685
466 784
466 887
466 1006
467 944
467 1016
468 547
469 586
469 600
470 490
470 900
471 477
471 550
471 696
471 842
471 851
471 875
472 494
472 564
472 573
472 646
472 875
472 948
473 791
473 974
474 596
474 647
474 1006
475 512
475 805
475 945
476 549
476 601
476 657
476 869
477 517
477 604
477 642
477 785
478 519
478 602
478 841
478 925
480 566
480 671
480 732
481 482
481 634
481 779
481 797
481 947
481 948
481 954
482 606
482 608
482 740
482 789
482 936
483 571
483 579
483 639
483 652
483 747
483 801
483 810
483 843
483 879
483 901
483 911
483 977
483 1016
483 1017
484 504
484 981
484 993
485 661
485 969
486 533
486 600
487 559
487 708
487 726
487 916
487 939
487 968
488 608
488 793
488 976
488 983
488 1007
489 560
489 661
489 750
489 827
489 889
490 493
490 530
490 616
490 620
490 670
490 744
490 808
490 863
490 943
490 993
491 499
491 500
491 559
491 725
492 570
492 631
492 789
492 818
493 673
493 773
493 858
494 511
494 619
494 664
494 786
495 499
495 543
495 589
495 653
495 701
495 748
495 960
495 973
496 507
496 693
496 1009
497 665
497 759
497 873
498 538
498 952
499 774
499 862
500 503
500 592
500 928
501 624
501 807
502 767
503 836
503 843
503 847
503 887
503 892
504 541
505 510
505 523
505 557
505 565
505 792
506 655
506 680
506 757
506 768
506 911
507 578
507 722
507 793
508 521
508 557
508 602
509 662
509 673
509 773
510 545
510 592
510 656
510 688
510 776
510 807
510 819
511 592
511 667
512 541
512 743
512 777
513 670
513 962
514 686
514 794
514 822
514 957
515 653
515 775
515 904
515 909
516 550
516 657
516 696
516 729
516 758
516 784
516 876
516 902
516 988
516 1022
517 1005
518 545
518 896
518 912
519 534
519 579
520 821
520 857
520 905
521 543
521 584
521 850
521 920
522 805
522 872
523 796
523 979
524 709
525 609
525 735
525 790
525 858
526 538
526 569
526 776
526 1014
527 554
527 568
527 667
527 938
528 606
528 803
528 983
529 697
530 632
530 903
530 923
531 656
531 882
531 920
531 982
531 992
532 656
532 744
532 750
532 761
532 766
532 827
532 905
532 968
532 988
533 820
533 1000
534 571
534 703
534 848
534 892
535 622
535 781
535 964
536 717
536 730
537 590
537 622
537 660
538 575
538 669
538 914
538 987
538 1013
539 591
539 649
539 806
539 809
539 829
539 929
539 944
540 559
540 622
540 675
540 759
540 810
541 641
541 749
541 956
542 813
543 648
543 712
543 735
543 771
543 919
544 581
544 718
544 799
544 854
545 963
546 672
546 689
546 697
546 815
546 962
547 553
547 724
547 750
547 754
548 618
548 652
548 730
548 812
548 823
549 588
549 625
549 628
549 698
550 606
550 787
551 624
552 565
552 582
552 600
552 821
552 933
554 1016
555 604
555 713
555 942
555 990
556 739
556 740
556 927
558 707
558 719
559 698
559 772
559 775
559 909
559 922
559 924
559 951
559 992
560 581
560 640
560 808
560 900
561 625
561 636
561 651
561 717
561 757
561 811
561 882
561 903
561 915
561 922
562 642
562 681
562 923
562 967
562 1000
562 1007
563 608
563 668
563 688
563 965
564 615
564 676
564 687
564 886
564 924
565 643
565 744
565 922
566 760
566 770
566 849
567 685
567 711
567 750
567 768
567 778
567 910
568 626
568 714
568 751
568 761
568 802
568 842
568 905
568 966
571 594
571 851
572 755
573 596
574 583
574 606
574 785
574 950
575 597
575 670
575 705
575 712
575 776
575 854
575 959
576 846
576 972
578 617
578 673
578 695
578 755
578 763
578 787
578 936
578 1016
579 613
579 794
579 932
580 586
580 738
580 856
580 969
581 858
582 619
582 784
582 795
583 861
583 978
584 610
584 708
585 848
586 678
586 868
586 933
587 599
587 695
587 797
589 594
589 755
589 920
590 653
590 759
590 826
590 985
591 690
591 692
591 924
591 965
592 728
592 827
592 838
592 865
592 955
592 1014
594 625
594 834
595 676
595 750
595 903
595 945
595 965
596 799
597 600
597 635
597 819
597 925
598 987
599 674
599 751
599 780
599 860
601 661
601 800
601 901
601 930
603 721
603 845
605 634
605 784
606 778
606 780
606 981
606 995
606 1021
607 629
607 743
607 994
608 766
610 701
611 617
611 759
611 781
612 844
612 881
612 1006
613 768
613 967
614 733
614 797
614 809
614 995
615 642
615 666
615 721
616 655
616 794
617 636
617 799
617 867
617 928
617 1017
618 623
618 681
618 697
618 963
618 1009
619 693
619 915
620 783
621 962
622 771
622 877
622 882
623 626
623 855
623 891
623 1020
624 849
625 634
626 646
626 658
626 684
626 770
626 793
626 866
626 900
626 932
627 654
627 700
627 704
627 825
627 887
628 818
629 872
629 969
629 989
630 770
630 856
631 871
631 883
632 712
633 800
634 662
634 743
634 752
634 798
634 979
634 1014
636 678
636 879
636 908
637 653
637 938
637 958
638 843
639 640
639 750
639 787
639 899
639 982
640 642
640 978
640 992
640 1008
641 861
642 964
644 672
644 733
644 775
645 737
646 679
646 694
646 734
646 741
646 758
646 760
646 913
646 916
647 978
648 935
648 981
649 682
649 808
649 883
650 687
650 823
651 723
651 740
652 821
652 881
652 975
653 675
653 871
653 927
654 922
654 950
655 737
656 850
657 787
658 844
658 876
658 988
659 688
659 897
661 822
661 950
662 749
662 770
662 845
662 977
663 695
664 767
665 705
665 1013
666 801
666 829
666 857
666 983
667 725
667 726
667 997
667 1010
668 720
668 725
668 767
668 785
668 815
668 853
668 935
669 772
669 978
669 1007
670 764
670 895
671 731
671 819
671 912
672 734
672 778
672 779
672 946
673 701
673 769
673 1005
673 1021
674 852
674 928
676 684
676 743
676 942
677 776
677 824
678 978
678 1006
679 964
680 741
680 906
680 935
681 708
681 734
681 831
682 876
682 894
684 792
684 956
686 727
686 801
686 933
686 945
687 815
687 855
687 859
687 875
688 747
688 753
690 699
690 842
691 904
692 706
692 979
693 701
693 708
694 901
695 831
695 972
696 804
696 996
698 903
698 961
698 981
698 1015
699 789
699 820
699 960
699 969
701 710
701 827
701 841
702 793
702 798
702 890
703 828
704 727
706 711
706 814
706 982
707 816
708 934
708 939
710 851
710 918
710 958
711 739
711 849
711 946
712 764
712 819
712 926
713 911
713 948
714 745
714 852
715 835
716 755
716 878
716 907
717 885
718 722
718 883
718 895
718 918
718 954
718 980
719 902
720 808
721 736
721 790
721 847
722 880
724 789
724 910
725 735
725 763
726 813
726 891
726 1007
729 973
730 998
731 752
731 991
733 800
733 860
733 992
734 773
734 834
734 913
735 753
735 923
735 990
736 914
736 920
737 874
738 795
738 942
740 784
740 901
742 771
742 857
742 1007
743 799
743 814
744 901
745 970
746 757
746 1009
747 830
747 877
747 1022
748 880
748 968
750 895
751 928
752 863
753 865
754 964
755 994
755 1003
756 994
758 980
759 808
761 893
761 1003
762 938
763 765
763 908
763 950
763 998
764 870
765 911
765 953
765 955
766 820
766 1023
767 908
767 951
767 966
768 777
768 834
770 821
771 779
771 926
772 920
772 944
772 979
773 871
774 930
774 934
774 941
774 959
776 779
777 778
777 780
777 781
780 837
780 851
781 910
782 869
782 880
782 957
783 912
783 933
785 883
785 941
788 863
790 864
790 1011
791 898
791 982
792 984
793 884
793 1002
794 797
795 929
796 949
798 814
798 829
798 990
799 1005
800 999
801 896
802 848
802 998
803 816
803 932
803 963
804 877
806 1017
808 883
808 992
810 885
810 1010
812 958
813 912
815 881
819 986
820 874
822 838
822 969
823 855
824 921
826 929
827 971
827 972
829 861
829 874
829 984
832 869
832 959
833 933
835 900
836 977
837 933
837 1018
842 928
842 929
843 888
845 918
845 951
845 954
848 1002
851 999
852 921
852 1008
853 993
854 906
855 892
856 879
857 979
857 980
859 957
863 1008
865 976
868 890
868 966
869 948
869 1019
870 903
870 984
870 988
872 937
872 939
872 940
874 911
874 1013
875 915
876 956
881 899
886 984
887 948
887 989
887 1001
888 917
888 996
890 917
891 943
899 939
902 1020
906 918
909 981
913 986
918 928
919 955
921 1020
926 943
927 970
929 955
931 941
932 971
932 1019
934 936
934 970
934 983
937 977
948 982
952 963
955 994
958 970
961 1019
965 988
965 994
975 989
978 995
984 1000
990 1020
998 1011
1008 1012
