0 111
0 307
1 9
1 10
1 11
1 12
1 16
1 20
1 24
1 28
1 30
1 31
1 32
1 34
1 51
1 53
1 55
1 63
1 85
1 88
1 108
1 110
1 135
1 195
1 197
1 280
1 287
1 299
1 314
1 358
1 364
1 382
1 401
1 410
1 411
1 434
1 444
1 460
1 482
1 494
1 497
2 9
2 10
2 11
2 12
2 13
2 14
2 16
2 17
2 18
2 20
2 35
2 47
2 59
2 65
2 91
2 97
2 124
2 125
2 128
2 144
2 152
2 160
2 163
2 192
2 227
2 240
2 257
2 260
2 277
2 285
2 287
2 317
2 331
2 342
2 379
2 391
2 413
2 445
2 470
3 9
3 10
3 11
3 12
3 13
3 14
3 17
3 20
3 23
3 26
3 28
3 35
3 38
3 39
3 42
3 47
3 48
3 52
3 53
3 56
3 59
3 70
3 80
3 96
3 104
3 118
3 119
3 121
3 153
3 218
3 274
3 280
3 292
3 294
3 324
3 343
3 367
3 373
3 378
3 379
3 385
3 395
3 462
3 487
3 495
3 502
3 507
4 9
4 10
4 12
4 13
4 14
4 15
4 17
4 21
4 43
4 68
4 77
4 98
4 107
4 136
4 160
4 162
4 164
4 166
4 205
4 209
4 214
4 248
4 253
4 264
4 281
4 284
4 292
4 293
4 298
4 305
4 321
4 331
4 352
4 401
4 407
4 466
4 492
5 10
5 11
5 13
5 14
5 19
5 23
5 30
5 32
5 35
5 40
5 42
5 54
5 59
5 79
5 86
5 249
5 298
5 398
5 413
5 488
5 490
5 500
6 9
6 10
6 11
6 12
6 15
6 19
6 20
6 27
6 39
6 42
6 63
6 91
6 100
6 111
6 150
6 168
6 178
6 209
6 234
6 283
6 301
6 313
6 319
6 326
6 358
6 371
6 449
7 9
7 10
7 11
7 13
7 16
7 34
7 71
7 100
7 102
7 114
7 124
7 186
7 210
7 320
7 344
7 427
8 9
8 10
8 15
8 16
8 23
8 25
8 26
8 27
8 33
8 37
8 42
8 56
8 71
8 77
8 82
8 98
8 172
8 182
8 206
8 210
8 233
8 262
8 265
8 286
8 325
8 335
8 348
8 372
8 395
8 406
8 422
8 430
8 462
8 476
8 481
8 500
9 12
9 13
9 14
9 16
9 18
9 19
9 22
9 24
9 25
9 26
9 27
9 28
9 29
9 32
9 34
9 36
9 37
9 38
9 39
9 40
9 41
9 44
9 48
9 51
9 53
9 57
9 58
9 59
9 61
9 62
9 63
9 75
9 76
9 79
9 85
9 89
9 91
9 97
9 109
9 114
9 116
9 124
9 125
9 149
9 151
9 170
9 180
9 184
9 189
9 198
9 210
9 212
9 221
9 233
9 241
9 246
9 248
9 250
9 267
9 270
9 281
9 282
9 286
9 289
9 294
9 302
9 306
9 319
9 339
9 340
9 341
9 342
9 344
9 356
9 358
9 372
9 378
9 383
9 384
9 395
9 400
9 413
9 424
9 440
9 442
9 443
9 446
9 447
9 467
9 476
9 480
9 486
9 504
10 11
10 12
10 13
10 14
10 15
10 17
10 18
10 19
10 21
10 22
10 23
10 25
10 26
10 28
10 29
10 30
10 31
10 32
10 37
10 38
10 39
10 42
10 43
10 44
10 48
10 55
10 61
10 62
10 64
10 66
10 68
10 72
10 73
10 78
10 83
10 86
10 87
10 92
10 100
10 101
10 109
10 111
10 115
10 116
10 125
10 127
10 129
10 130
10 132
10 139
10 141
10 149
10 151
10 158
10 159
10 170
10 171
10 186
10 187
10 188
10 189
10 194
10 201
10 209
10 212
10 222
10 228
10 229
10 236
10 237
10 242
10 244
10 253
10 258
10 265
10 267
10 272
10 280
10 286
10 287
10 299
10 301
10 302
10 306
10 319
10 320
10 321
10 327
10 330
10 337
10 338
10 355
10 360
10 368
10 375
10 379
10 392
10 446
10 451
10 453
10 459
10 483
10 484
10 499
10 508
10 509
11 13
11 15
11 16
11 17
11 18
11 19
11 21
11 23
11 26
11 30
11 32
11 33
11 36
11 41
11 44
11 45
11 53
11 55
11 56
11 58
11 74
11 78
11 84
11 87
11 88
11 115
11 118
11 127
11 134
11 148
11 152
11 154
11 155
11 176
11 178
11 180
11 188
11 189
11 191
11 196
11 206
11 248
11 285
11 298
11 322
11 324
11 349
11 374
11 375
11 380
11 392
11 398
11 399
11 403
11 413
11 433
11 437
11 446
11 454
11 460
11 482
11 486
11 494
12 13
12 14
12 15
12 16
12 17
12 18
12 21
12 22
12 23
12 24
12 25
12 26
12 27
12 28
12 29
12 30
12 31
12 32
12 37
12 38
12 40
12 41
12 46
12 47
12 60
12 66
12 72
12 84
12 85
12 88
12 92
12 93
12 96
12 98
12 103
12 108
12 114
12 120
12 122
12 123
12 128
12 134
12 144
12 151
12 152
12 158
12 159
12 163
12 170
12 177
12 179
12 180
12 194
12 211
12 213
12 223
12 227
12 229
12 241
12 250
12 257
12 261
12 267
12 282
12 285
12 290
12 305
12 308
12 325
12 331
12 337
12 363
12 383
12 388
12 401
12 411
12 417
12 418
12 436
12 441
12 461
12 468
12 470
12 481
12 492
12 493
12 495
12 496
12 505
12 507
13 14
13 15
13 16
13 17
13 18
13 19
13 20
13 22
13 23
13 24
13 27
13 29
13 30
13 31
13 34
13 38
13 44
13 47
13 48
13 61
13 69
13 76
13 79
13 82
13 86
13 88
13 89
13 119
13 126
13 131
13 135
13 140
13 141
13 142
13 144
13 148
13 149
13 159
13 161
13 163
13 166
13 169
13 176
13 196
13 199
13 214
13 215
13 216
13 224
13 228
13 234
13 237
13 240
13 242
13 248
13 255
13 259
13 263
13 285
13 287
13 306
13 312
13 318
13 323
13 328
13 332
13 336
13 340
13 366
13 391
13 395
13 405
13 430
13 447
13 448
13 450
13 472
13 477
13 486
14 15
14 16
14 18
14 19
14 20
14 21
14 22
14 23
14 25
14 26
14 35
14 44
14 45
14 46
14 47
14 49
14 50
14 52
14 54
14 55
14 59
14 63
14 67
14 70
14 72
14 76
14 78
14 82
14 86
14 89
14 103
14 104
14 126
14 133
14 142
14 152
14 158
14 165
14 167
14 169
14 170
14 172
14 173
14 178
14 202
14 213
14 219
14 227
14 228
14 250
14 255
14 273
14 283
14 300
14 301
14 307
14 317
14 331
14 363
14 377
14 391
14 401
14 403
14 406
14 441
14 451
14 465
14 484
14 505
15 17
15 20
15 23
15 33
15 37
15 40
15 42
15 43
15 46
15 49
15 52
15 53
15 57
15 70
15 76
15 84
15 90
15 95
15 115
15 117
15 121
15 126
15 134
15 137
15 138
15 141
15 142
15 154
15 157
15 160
15 164
15 171
15 188
15 202
15 203
15 232
15 253
15 269
15 304
15 311
15 320
15 333
15 343
15 359
15 361
15 362
15 375
15 380
15 381
15 383
15 408
15 412
15 425
15 454
15 465
16 17
16 18
16 20
16 21
16 22
16 24
16 25
16 27
16 28
16 29
16 32
16 33
16 34
16 39
16 43
16 46
16 48
16 51
16 52
16 60
16 61
16 64
16 65
16 66
16 67
16 70
16 74
16 75
16 79
16 83
16 94
16 96
16 99
16 104
16 106
16 132
16 138
16 177
16 183
16 184
16 185
16 191
16 197
16 201
16 204
16 213
16 223
16 235
16 241
16 256
16 269
16 271
16 274
16 286
16 308
16 315
16 354
16 359
16 364
16 367
16 374
16 382
16 400
16 409
16 423
16 447
16 463
16 476
16 502
16 508
17 18
17 26
17 30
17 35
17 36
17 41
17 42
17 46
17 52
17 62
17 69
17 71
17 75
17 105
17 137
17 148
17 150
17 166
17 168
17 183
17 189
17 190
17 191
17 215
17 275
17 290
17 317
17 347
17 352
17 372
17 429
17 468
18 21
18 22
18 24
18 25
18 27
18 30
18 32
18 35
18 41
18 42
18 46
18 50
18 52
18 55
18 59
18 65
18 73
18 81
18 86
18 91
18 98
18 99
18 103
18 105
18 119
18 126
18 137
18 142
18 144
18 146
18 180
18 189
18 206
18 208
18 209
18 213
18 219
18 226
18 229
18 233
18 254
18 276
18 283
18 313
18 322
18 328
18 329
18 391
18 407
18 414
18 425
18 452
18 476
18 484
18 491
18 492
18 508
19 22
19 24
19 30
19 37
19 40
19 45
19 48
19 49
19 51
19 56
19 57
19 59
19 61
19 68
19 71
19 74
19 79
19 80
19 82
19 92
19 97
19 99
19 100
19 122
19 128
19 181
19 211
19 216
19 240
19 245
19 257
19 268
19 274
19 293
19 304
19 314
19 316
19 338
19 340
19 354
19 363
19 369
19 510
20 21
20 28
20 29
20 33
20 34
20 36
20 40
20 42
20 45
20 55
20 60
20 61
20 62
20 67
20 74
20 83
20 84
20 88
20 94
20 96
20 102
20 104
20 105
20 108
20 109
20 142
20 144
20 146
20 166
20 174
20 185
20 202
20 203
20 204
20 225
20 233
20 239
20 246
20 247
20 259
20 307
20 314
20 339
20 346
20 364
20 399
20 407
20 414
20 416
20 423
20 434
20 504
20 511
21 24
21 25
21 31
21 39
21 48
21 52
21 66
21 75
21 80
21 89
21 94
21 116
21 123
21 126
21 129
21 140
21 149
21 154
21 162
21 172
21 176
21 194
21 209
21 222
21 227
21 233
21 246
21 289
21 306
21 317
21 338
21 345
21 352
21 353
21 359
21 360
21 374
21 377
21 390
21 444
21 456
21 458
21 471
21 491
22 31
22 32
22 36
22 41
22 46
22 48
22 67
22 68
22 77
22 122
22 138
22 148
22 159
22 165
22 167
22 175
22 190
22 193
22 194
22 245
22 275
22 325
22 344
22 362
22 377
22 388
22 407
22 419
22 443
22 468
22 492
22 506
23 33
23 35
23 41
23 46
23 47
23 52
23 60
23 66
23 69
23 70
23 71
23 72
23 89
23 95
23 118
23 120
23 121
23 124
23 125
23 127
23 131
23 138
23 141
23 161
23 167
23 173
23 175
23 177
23 206
23 231
23 234
23 239
23 244
23 249
23 250
23 282
23 291
23 320
23 369
23 379
23 383
23 429
23 431
23 434
23 458
23 480
23 510
24 31
24 34
24 39
24 49
24 62
24 65
24 67
24 70
24 97
24 103
24 108
24 162
24 165
24 224
24 236
24 263
24 308
24 321
24 367
24 370
24 382
24 394
24 408
24 412
24 459
25 29
25 31
25 50
25 54
25 55
25 66
25 67
25 68
25 72
25 77
25 79
25 81
25 99
25 103
25 105
25 107
25 109
25 117
25 123
25 131
25 144
25 151
25 157
25 168
25 170
25 176
25 185
25 236
25 239
25 247
25 250
25 253
25 297
25 312
25 331
25 337
25 345
25 380
25 415
25 416
25 421
25 424
25 432
25 438
25 446
25 448
25 451
25 454
25 458
25 459
25 469
25 510
26 28
26 34
26 38
26 49
26 53
26 63
26 87
26 88
26 113
26 130
26 143
26 146
26 151
26 155
26 156
26 174
26 193
26 197
26 199
26 229
26 230
26 237
26 243
26 265
26 273
26 294
26 324
26 389
26 393
26 400
26 405
26 412
26 417
26 446
26 457
26 480
26 491
27 29
27 33
27 50
27 53
27 54
27 56
27 57
27 58
27 62
27 84
27 85
27 106
27 112
27 115
27 117
27 123
27 128
27 129
27 134
27 139
27 140
27 157
27 164
27 186
27 197
27 202
27 217
27 222
27 224
27 228
27 230
27 241
27 268
27 278
27 282
27 295
27 310
27 330
27 333
27 351
27 383
27 402
27 407
27 475
27 483
27 499
28 29
28 38
28 40
28 45
28 56
28 57
28 60
28 61
28 62
28 74
28 75
28 76
28 81
28 92
28 102
28 115
28 129
28 149
28 165
28 175
28 179
28 186
28 189
28 198
28 223
28 227
28 235
28 240
28 247
28 250
28 263
28 279
28 300
28 303
28 333
28 342
28 347
28 367
28 384
28 396
28 420
28 443
28 460
28 477
28 479
28 501
28 502
29 82
29 84
29 100
29 106
29 170
29 182
29 197
29 214
29 239
29 273
29 287
29 307
29 347
29 397
29 477
29 501
29 509
30 33
30 37
30 43
30 44
30 58
30 73
30 83
30 90
30 93
30 95
30 97
30 105
30 111
30 126
30 137
30 187
30 192
30 207
30 227
30 229
30 231
30 242
30 261
30 262
30 295
30 303
30 322
30 342
30 354
30 364
30 395
30 438
31 36
31 38
31 43
31 46
31 54
31 56
31 59
31 73
31 93
31 111
31 127
31 154
31 168
31 203
31 222
31 244
31 246
31 281
31 286
31 313
31 387
31 425
31 427
31 431
31 470
31 471
31 506
32 35
32 36
32 37
32 39
32 44
32 47
32 64
32 69
32 72
32 78
32 80
32 81
32 90
32 111
32 130
32 168
32 190
32 196
32 204
32 221
32 236
32 240
32 278
32 336
32 350
32 389
32 442
32 449
32 466
32 483
32 487
32 488
33 50
33 54
33 64
33 87
33 101
33 102
33 122
33 126
33 141
33 147
33 165
33 173
33 180
33 184
33 200
33 245
33 266
33 285
33 290
33 308
33 309
33 315
33 340
33 365
33 416
33 421
33 427
33 451
33 453
33 467
33 511
34 49
34 51
34 64
34 69
34 81
34 102
34 103
34 128
34 133
34 144
34 188
34 231
34 260
34 327
34 335
34 375
34 414
34 418
35 39
35 40
35 47
35 49
35 51
35 55
35 63
35 82
35 110
35 112
35 118
35 121
35 171
35 221
35 264
35 268
35 289
35 320
35 348
35 393
35 441
35 461
35 465
35 466
36 44
36 45
36 47
36 49
36 51
36 54
36 58
36 65
36 66
36 80
36 94
36 118
36 148
36 154
36 158
36 176
36 189
36 199
36 219
36 222
36 252
36 257
36 295
36 313
36 314
36 381
36 412
36 431
36 480
37 38
37 65
37 71
37 109
37 148
37 150
37 167
37 171
37 203
37 243
37 247
37 263
37 266
37 268
37 274
37 329
37 357
37 393
37 418
37 480
38 41
38 43
38 67
38 127
38 137
38 147
38 161
38 193
38 198
38 223
38 296
38 333
38 365
38 482
38 503
39 43
39 124
39 126
39 127
39 164
39 167
39 171
39 201
39 203
39 346
39 379
39 451
39 511
40 43
40 50
40 70
40 78
40 91
40 100
40 101
40 110
40 117
40 132
40 133
40 143
40 153
40 157
40 158
40 161
40 188
40 196
40 214
40 227
40 257
40 262
40 278
40 287
40 288
40 300
40 309
40 328
40 334
40 341
40 354
40 364
40 372
40 381
40 396
40 434
40 464
41 50
41 57
41 69
41 73
41 79
41 102
41 108
41 115
41 117
41 150
41 172
41 175
41 205
41 226
41 229
41 244
41 247
41 256
41 268
41 336
41 340
41 350
41 357
41 406
41 426
41 458
41 488
41 500
42 60
42 78
42 86
42 96
42 109
42 110
42 136
42 138
42 156
42 161
42 163
42 165
42 198
42 213
42 230
42 276
42 316
42 317
42 331
42 371
42 388
42 415
42 420
42 460
42 475
42 477
42 485
43 45
43 50
43 53
43 60
43 95
43 106
43 112
43 116
43 119
43 143
43 163
43 245
43 252
43 266
43 289
43 290
43 291
43 341
43 373
43 376
43 422
43 448
43 450
43 458
43 467
43 479
43 491
43 501
44 81
44 89
44 155
44 248
44 294
44 346
44 369
44 384
44 385
44 393
44 483
44 497
45 60
45 62
45 74
45 83
45 101
45 114
45 129
45 207
45 221
45 225
45 323
45 404
45 475
46 63
46 64
46 71
46 75
46 88
46 89
46 145
46 156
46 177
46 187
46 212
46 237
46 254
46 260
46 278
46 280
46 292
46 300
46 338
46 349
46 361
46 370
46 388
46 430
46 444
47 51
47 60
47 69
47 72
47 83
47 85
47 101
47 103
47 106
47 112
47 114
47 118
47 130
47 133
47 135
47 143
47 165
47 166
47 174
47 201
47 212
47 216
47 218
47 231
47 247
47 267
47 325
47 339
47 416
47 417
47 428
47 435
47 436
47 442
47 503
48 52
48 59
48 64
48 67
48 87
48 90
48 97
48 104
48 110
48 112
48 115
48 122
48 125
48 157
48 168
48 175
48 183
48 208
48 219
48 232
48 239
48 241
48 242
48 263
48 264
48 308
48 338
48 344
48 359
48 386
48 392
48 436
48 504
49 51
49 76
49 101
49 107
49 146
49 160
49 264
49 289
50 54
50 55
50 58
50 69
50 73
50 91
50 97
50 107
50 125
50 129
50 152
50 186
50 218
50 262
50 269
50 271
50 280
50 352
50 362
50 373
50 378
50 426
51 67
51 69
51 71
51 73
51 75
51 81
51 86
51 87
51 92
51 104
51 113
51 125
51 194
51 219
51 244
51 258
51 281
51 285
51 295
51 338
51 339
51 348
51 351
51 372
51 376
51 395
51 402
51 403
51 407
51 454
52 58
52 64
52 65
52 73
52 86
52 90
52 94
52 134
52 135
52 153
52 161
52 163
52 167
52 169
52 178
52 190
52 191
52 202
52 212
52 236
52 262
52 289
52 312
52 318
52 325
52 329
52 366
52 382
52 417
52 463
52 484
52 494
52 511
53 56
53 57
53 82
53 84
53 91
53 102
53 123
53 151
53 153
53 156
53 190
53 211
53 213
53 276
53 279
53 286
53 362
53 373
53 424
53 450
53 508
54 79
54 90
54 95
54 112
54 131
54 138
54 180
54 219
54 268
54 275
54 335
54 402
54 437
55 61
55 119
55 181
55 205
55 251
55 332
55 335
55 365
55 366
55 403
55 411
55 432
55 450
56 57
56 61
56 62
56 63
56 79
56 84
56 94
56 99
56 107
56 134
56 145
56 158
56 175
56 192
56 230
56 233
56 284
56 294
56 306
56 378
56 403
56 436
56 444
56 500
57 64
57 68
57 89
57 110
57 128
57 169
57 205
57 310
57 313
57 335
57 361
57 460
57 504
58 80
58 88
58 98
58 120
58 149
58 156
58 169
58 185
58 195
58 210
58 214
58 228
58 277
58 281
58 309
58 318
58 352
58 353
58 407
58 419
58 432
58 478
59 72
59 75
59 76
59 81
59 83
59 93
59 104
59 116
59 128
59 159
59 164
59 169
59 185
59 224
59 228
59 266
59 336
59 340
59 368
60 65
60 66
60 78
60 113
60 129
60 130
60 150
60 166
60 190
60 213
60 222
60 258
60 281
60 321
60 386
60 393
60 412
60 422
60 431
60 452
60 467
60 474
60 477
61 63
61 74
61 335
61 371
62 85
62 89
62 100
62 124
62 176
62 183
62 190
62 204
62 253
62 273
62 287
62 423
62 474
62 485
62 501
63 74
63 80
63 96
63 99
63 101
63 102
63 109
63 140
63 167
63 182
63 192
63 205
63 206
63 216
63 228
63 272
63 278
63 310
63 356
63 473
64 86
64 107
64 119
64 130
64 132
64 174
64 205
64 222
64 237
64 241
64 251
64 257
64 285
64 344
64 359
64 360
64 401
64 404
64 438
64 469
64 496
65 74
65 93
65 98
65 99
65 100
65 124
65 254
65 277
65 291
65 300
65 358
65 359
65 415
65 422
66 72
66 82
66 93
66 96
66 98
66 142
66 166
66 215
66 397
66 455
67 68
67 81
67 87
67 95
67 154
67 162
67 177
67 196
67 200
67 205
67 212
67 217
67 252
67 268
67 299
67 429
67 454
67 469
68 71
68 78
68 90
68 118
68 168
68 305
68 307
68 308
68 354
68 370
68 391
68 399
68 479
69 70
69 85
69 119
69 162
69 169
69 179
69 182
69 184
69 195
69 201
69 230
69 319
69 332
69 344
69 353
69 357
69 360
69 393
69 402
69 421
69 441
69 453
69 458
69 510
70 77
70 92
70 115
70 122
70 145
70 146
70 172
70 193
70 195
70 218
70 220
70 338
70 379
70 406
70 434
70 483
70 488
70 489
70 510
71 179
71 321
71 335
71 355
71 488
72 78
72 87
72 92
72 94
72 110
72 127
72 143
72 145
72 203
72 217
72 226
72 238
72 288
72 311
72 320
72 337
72 369
72 392
72 407
72 409
72 446
72 498
73 77
73 83
73 91
73 127
73 155
73 156
73 172
73 174
73 200
73 209
73 224
73 243
73 251
73 264
73 285
73 314
73 315
73 326
73 338
73 433
73 498
74 90
74 104
74 113
74 114
74 154
74 157
74 276
74 367
74 396
74 430
75 83
75 123
75 137
75 153
75 154
75 164
75 192
75 198
75 200
75 211
75 238
75 242
75 256
75 272
75 280
75 291
75 294
75 327
75 336
75 341
75 343
75 405
75 425
75 433
75 439
75 463
75 468
76 92
76 95
76 100
76 142
76 153
76 174
76 179
76 188
76 220
76 233
76 263
76 346
76 421
76 439
76 476
77 94
77 138
77 181
77 232
77 251
77 252
77 258
77 292
77 359
77 382
77 397
77 427
77 463
78 104
78 126
78 173
78 225
78 323
78 326
78 375
78 406
78 408
78 429
78 472
79 131
79 138
79 147
79 166
79 187
79 202
79 235
79 507
80 108
80 136
80 150
80 155
80 180
80 200
80 238
80 240
80 267
80 316
80 326
80 394
80 467
81 96
81 124
81 131
81 136
81 137
81 140
81 183
81 194
81 206
81 281
81 331
81 337
81 367
81 418
82 120
82 223
82 238
82 255
82 334
82 352
82 354
82 377
82 405
82 462
83 88
83 255
83 276
83 382
83 412
83 472
84 120
84 196
84 254
85 139
85 195
85 228
85 248
85 251
85 256
85 270
85 315
85 343
85 411
85 415
85 452
86 93
86 111
86 127
86 170
86 234
86 266
86 327
86 354
86 408
86 433
87 108
87 145
87 216
87 301
87 313
87 387
87 392
87 415
87 460
87 471
88 97
88 112
88 114
88 143
88 163
88 196
88 230
88 244
88 261
88 269
88 272
88 278
88 328
88 348
88 368
88 414
88 437
88 467
88 489
89 282
89 310
89 311
89 321
89 347
89 433
89 460
90 102
90 109
90 120
90 142
90 161
90 199
90 231
90 266
90 332
90 347
90 496
90 511
91 96
91 101
91 103
91 159
91 191
91 200
91 215
91 218
91 225
91 237
91 262
91 279
91 352
91 485
92 97
92 105
92 108
92 133
92 144
92 186
92 192
92 214
92 248
92 322
92 334
92 345
92 350
92 387
92 424
92 449
92 479
92 497
92 502
92 509
93 120
93 153
93 162
93 173
93 179
93 246
93 319
93 385
94 136
94 229
94 294
94 323
94 370
94 417
94 497
95 115
95 207
95 262
95 398
95 458
96 117
96 120
96 132
96 134
96 137
96 173
96 211
96 219
96 225
96 227
96 253
96 270
96 309
96 330
96 356
96 493
97 159
97 175
97 223
97 224
97 256
97 283
97 298
97 315
97 316
97 334
97 434
97 456
98 123
98 132
98 164
98 179
98 184
98 185
98 195
98 214
98 224
98 232
98 269
98 293
98 347
98 373
98 376
98 396
98 415
98 447
98 493
98 505
99 112
99 136
99 139
99 149
99 154
99 159
99 160
99 172
99 176
99 177
99 232
99 249
99 260
99 283
99 319
99 349
99 354
99 394
99 446
100 112
100 122
100 148
100 181
100 182
100 259
100 408
100 438
100 448
100 485
101 109
101 118
101 124
101 148
101 157
101 194
101 208
101 224
101 231
101 244
101 282
101 296
101 333
101 349
101 370
101 448
101 466
102 164
102 189
102 197
102 212
102 215
102 231
102 249
102 262
102 264
102 310
102 316
102 320
102 352
103 116
103 117
103 122
103 152
103 218
103 240
103 251
103 278
103 309
103 355
103 371
103 381
103 409
103 411
103 426
103 472
103 493
103 500
103 502
104 117
104 131
104 158
104 206
104 208
104 232
104 238
104 249
104 402
104 490
104 503
105 118
105 146
105 152
105 171
105 208
105 215
105 221
105 257
105 275
105 333
105 339
105 363
105 367
105 450
105 461
105 495
105 497
106 114
106 125
106 129
106 136
106 146
106 188
106 200
106 246
106 302
106 303
106 306
106 368
106 380
106 424
106 425
106 437
106 439
106 464
107 169
107 183
107 226
107 255
107 269
107 293
107 388
107 436
107 489
107 502
108 121
108 146
108 198
108 199
108 201
108 208
108 209
108 252
108 275
108 297
108 349
108 405
108 447
108 476
108 508
109 114
109 135
109 197
109 240
109 298
109 318
109 400
109 401
109 460
109 485
110 147
110 226
110 251
110 281
110 288
110 292
110 432
110 442
111 119
111 120
111 140
111 149
111 190
111 219
111 261
111 356
112 162
112 187
112 249
112 304
112 324
112 394
112 478
112 482
112 494
112 504
113 135
113 163
113 169
113 228
113 250
113 329
113 366
113 376
113 389
113 401
113 421
114 128
114 130
114 149
114 152
114 174
114 177
114 209
114 272
114 309
114 346
114 361
114 375
114 435
114 473
115 119
115 138
115 140
115 181
115 185
115 186
115 201
115 284
115 341
115 351
115 404
115 408
115 456
115 495
115 505
116 130
116 131
116 199
116 200
116 202
116 205
116 271
116 282
116 286
116 298
116 399
117 137
117 139
117 140
117 160
117 176
117 284
117 351
117 374
117 378
117 381
117 395
118 210
118 220
118 294
118 426
118 436
118 444
119 153
119 238
119 251
119 359
120 121
120 181
120 193
120 235
120 239
120 275
120 318
120 355
120 372
120 394
120 428
120 435
120 437
120 498
121 136
121 158
121 202
121 210
121 302
121 334
121 367
121 420
121 475
121 503
122 123
122 143
122 207
122 253
122 493
123 141
123 151
123 156
123 220
123 287
123 290
123 296
123 326
123 330
123 413
123 414
124 132
124 212
124 238
124 259
124 284
124 286
124 339
124 366
124 432
125 174
125 263
125 296
125 309
125 315
125 318
125 349
125 360
125 382
125 428
125 457
126 166
126 178
126 180
126 274
126 293
126 301
126 384
126 440
127 183
127 187
127 217
127 264
127 345
127 355
127 389
128 134
128 140
128 216
128 334
128 339
128 435
128 437
128 445
128 464
129 254
129 291
129 296
129 337
129 502
130 139
130 151
130 177
130 178
130 197
130 210
130 265
130 287
130 306
130 311
130 342
130 365
130 410
130 471
131 141
131 191
131 193
131 206
131 265
131 328
131 431
131 438
131 485
131 487
131 496
131 506
132 203
132 374
132 424
132 475
133 145
133 155
133 171
133 206
133 219
133 288
133 326
133 330
133 352
133 361
133 380
133 421
133 474
133 496
133 499
134 139
134 211
134 267
134 288
134 416
134 449
135 147
135 156
135 250
135 348
135 435
135 475
136 170
136 316
136 323
136 365
136 484
136 498
137 195
137 234
137 249
137 315
137 386
137 479
137 486
137 490
137 509
138 163
138 181
138 242
138 250
138 270
138 290
138 311
138 347
138 370
138 459
139 143
139 146
139 157
139 160
139 165
139 183
139 201
139 265
139 284
139 318
139 333
139 346
139 424
139 434
139 440
139 456
139 474
139 475
139 478
139 493
139 503
140 168
140 187
140 196
140 225
140 272
140 321
140 344
140 358
140 397
140 406
140 452
141 183
141 217
141 256
141 285
141 377
141 398
141 410
141 449
142 171
142 177
142 254
142 276
142 297
142 311
142 385
142 477
143 176
143 306
143 418
144 145
144 165
144 275
144 371
144 377
145 191
145 218
145 389
145 391
145 401
145 426
145 486
146 208
146 329
146 366
146 482
147 155
147 207
147 235
147 236
147 297
148 175
148 182
148 267
148 312
148 347
148 379
148 382
148 467
148 484
149 155
149 305
149 308
149 351
149 450
150 187
150 342
150 350
151 226
151 232
151 242
151 247
151 270
151 297
151 300
151 351
151 385
151 390
151 392
151 423
151 428
152 279
152 404
152 417
152 419
152 421
153 284
153 291
153 292
153 425
153 428
154 172
154 174
154 194
154 225
154 230
154 251
154 261
154 303
154 341
154 371
154 450
154 470
155 159
155 167
155 266
155 322
155 355
155 394
155 396
155 448
155 499
156 172
156 220
156 248
156 273
156 358
157 211
157 303
157 427
157 430
157 431
158 178
158 194
158 243
158 252
158 255
158 402
158 429
158 432
158 445
159 339
159 400
159 417
159 455
159 489
160 167
160 187
160 190
160 215
160 225
160 237
160 355
160 376
160 510
161 164
161 186
161 232
161 289
161 296
161 487
161 494
161 499
162 220
162 230
162 358
162 394
162 398
162 459
163 202
163 266
163 314
163 449
163 457
163 473
164 199
164 276
164 322
165 204
165 217
165 245
165 252
165 323
165 387
165 495
166 171
166 173
166 184
166 193
166 229
166 272
166 295
166 299
166 402
166 414
167 214
167 300
167 304
167 342
167 441
168 216
168 220
168 226
168 241
168 259
168 274
168 288
168 374
168 409
168 492
169 188
169 249
169 300
170 249
170 319
170 322
171 178
171 217
171 270
171 373
171 442
171 445
172 200
172 265
172 271
172 359
173 195
173 235
173 258
173 420
173 427
173 463
174 181
174 222
174 237
174 293
174 304
174 381
174 468
175 188
175 192
175 193
175 483
176 184
176 185
176 253
176 256
176 262
176 316
176 362
176 485
177 261
177 282
177 419
177 465
178 186
178 192
178 218
178 312
178 315
178 323
178 444
178 456
178 478
179 189
179 199
179 223
179 243
179 272
179 292
179 377
179 389
179 404
180 406
181 196
181 211
182 193
182 264
182 305
182 306
182 361
183 277
183 293
183 363
183 398
183 436
183 499
184 204
184 254
184 288
184 315
184 416
185 204
185 223
185 234
185 243
185 248
185 255
185 292
185 316
185 440
185 477
186 337
186 411
187 469
188 353
189 201
189 207
189 220
189 256
189 279
189 353
189 378
189 429
190 199
190 223
190 267
190 453
191 198
191 272
191 361
191 376
191 403
191 415
191 480
192 320
192 397
193 208
193 255
193 274
193 295
193 312
193 327
193 413
193 453
193 480
194 216
194 368
195 221
195 236
195 357
195 358
195 412
195 494
196 203
196 276
196 386
197 304
197 409
197 414
197 432
197 505
198 210
198 253
198 435
199 203
199 207
199 291
199 321
199 386
199 463
199 468
199 471
199 491
200 279
200 286
200 327
201 325
201 331
201 437
202 313
202 328
202 426
203 214
203 244
203 265
203 324
203 336
203 399
203 489
204 215
204 238
204 293
204 370
204 408
204 430
205 212
205 218
205 260
205 270
205 383
205 431
205 466
205 470
205 476
205 504
206 236
206 452
206 507
207 299
207 365
207 389
208 239
208 283
208 302
208 348
208 494
209 259
209 271
209 323
209 342
209 472
210 368
210 404
210 405
210 507
211 236
211 288
211 374
211 455
212 342
212 388
212 390
212 413
213 289
213 346
213 381
213 429
213 496
214 235
214 258
214 312
214 324
214 344
214 351
214 409
214 491
215 221
215 496
216 311
216 316
216 340
217 241
217 386
218 227
218 258
218 422
218 442
219 353
219 362
219 493
220 245
220 297
220 304
220 355
220 444
220 472
221 225
221 495
222 283
222 294
223 226
223 245
223 271
223 385
223 464
224 226
224 291
224 404
224 405
225 246
225 266
225 295
225 301
225 317
225 330
225 386
225 390
225 402
225 461
225 474
225 489
225 490
225 496
226 317
226 351
226 371
226 390
227 370
227 440
228 239
228 371
228 379
228 438
229 243
229 387
229 445
229 510
230 244
230 246
231 455
232 283
232 290
232 299
232 367
233 259
233 288
233 358
233 380
233 386
233 408
233 447
233 456
234 247
234 257
235 308
235 369
235 399
235 418
235 430
235 457
235 496
236 242
236 261
236 271
236 290
236 295
236 301
236 322
236 381
236 425
237 261
237 264
237 335
237 439
238 325
238 400
238 436
238 485
239 310
239 332
239 415
239 459
240 273
240 336
240 461
240 466
240 501
241 311
241 320
241 374
242 292
242 321
242 330
242 338
242 475
242 479
242 481
242 507
243 330
243 435
244 390
244 474
245 400
245 410
245 414
245 421
246 247
246 273
246 301
246 327
246 350
246 363
246 447
246 497
247 270
247 344
247 360
247 372
247 381
248 278
248 440
248 490
249 278
249 309
249 324
249 420
249 469
250 263
250 340
250 404
250 462
251 332
251 376
251 384
252 260
252 261
252 269
252 280
253 256
253 304
253 349
254 324
254 430
255 332
255 354
255 357
255 363
255 399
255 456
255 499
256 332
256 401
257 469
257 473
257 500
258 333
258 482
258 492
259 298
259 380
259 453
259 478
259 481
260 265
260 271
260 301
260 351
260 417
260 437
261 318
261 371
261 422
261 454
261 511
262 319
262 387
262 415
263 307
264 380
264 420
264 464
264 476
265 281
265 298
265 350
265 357
265 473
265 505
266 289
266 312
266 356
266 357
266 418
266 498
268 313
268 334
268 428
268 503
268 511
269 279
269 300
269 314
271 317
271 318
271 492
271 500
272 303
272 347
273 282
273 303
273 439
273 487
274 309
274 419
274 489
275 387
275 393
276 373
276 433
276 508
277 356
277 443
278 319
278 390
278 478
279 356
279 408
280 340
280 459
280 468
281 283
281 399
282 441
282 502
283 303
284 376
284 428
285 378
286 404
286 492
287 299
287 343
287 419
287 445
287 451
287 464
287 466
288 307
288 336
288 337
288 405
288 451
288 453
288 469
288 481
289 330
289 353
289 366
289 509
290 349
290 369
290 378
290 455
290 472
290 491
290 507
291 305
292 478
292 487
293 303
293 325
293 329
293 385
293 465
293 477
293 498
294 302
294 357
294 374
294 456
295 450
296 302
296 341
296 362
296 385
296 407
296 413
296 434
296 438
297 328
297 400
297 414
297 441
298 364
299 388
299 473
301 336
302 366
302 504
303 389
303 416
303 486
304 365
304 439
304 453
305 348
305 432
305 495
306 498
307 463
307 468
308 375
308 392
308 436
308 487
309 402
309 417
310 329
310 390
310 427
310 483
311 361
311 486
311 487
312 337
312 375
312 485
312 505
313 396
313 459
313 501
314 341
314 423
314 482
315 369
316 410
316 448
317 341
317 383
317 384
317 479
317 507
318 327
318 396
318 439
319 428
320 457
321 334
321 492
322 455
322 509
324 383
324 388
324 490
324 497
324 508
325 403
325 413
325 488
326 346
326 384
326 438
327 393
328 369
328 445
329 369
329 391
330 487
330 499
331 356
332 397
332 454
333 431
333 437
333 443
334 395
334 397
334 441
335 364
335 391
337 360
337 396
337 455
337 470
338 489
339 362
339 390
339 432
340 506
341 343
341 394
341 425
341 440
341 477
341 491
341 501
341 502
344 387
344 461
344 474
346 384
346 426
346 469
347 443
348 443
348 470
348 471
349 396
349 416
353 479
355 481
356 378
356 425
356 427
356 503
356 506
357 363
357 409
358 376
358 442
360 372
361 440
361 444
362 386
363 411
363 493
364 446
365 411
365 511
366 486
367 379
367 438
367 453
368 382
368 448
368 461
370 452
371 465
373 488
377 495
379 406
379 439
379 444
381 389
382 403
382 458
382 467
383 411
383 419
383 447
384 475
384 479
385 412
385 422
386 461
386 473
388 457
389 466
392 445
392 482
393 422
393 506
394 462
394 463
395 398
396 473
398 400
398 403
398 433
398 449
399 435
400 465
401 495
401 498
405 406
405 504
406 451
407 427
407 460
409 447
410 452
411 466
411 482
412 448
412 458
413 426
414 424
414 503
416 494
416 501
418 429
419 455
421 484
421 497
423 441
425 449
426 465
427 454
429 510
432 454
432 459
432 474
435 503
443 451
443 470
444 450
446 494
452 483
456 490
459 468
463 467
464 481
466 484
467 478
468 505
472 504
495 509
496 506
