0 11
0 12
0 14
0 17
0 19
0 34
0 48
0 49
0 56
0 61
0 62
0 79
0 90
0 110
0 135
0 141
0 147
0 180
0 208
0 222
0 232
0 275
0 297
0 317
0 382
0 398
0 409
0 426
0 460
0 560
0 579
0 652
0 656
0 659
0 665
0 679
0 849
0 910
0 941
0 996
0 1003
0 1015
0 1020
1 10
1 11
1 13
1 14
1 15
1 16
1 18
1 22
1 23
1 26
1 30
1 32
1 33
1 39
1 40
1 42
1 43
1 44
1 47
1 57
1 60
1 74
1 76
1 78
1 84
1 88
1 97
1 118
1 141
1 156
1 162
1 169
1 193
1 195
1 228
1 248
1 272
1 281
1 286
1 297
1 310
1 359
1 362
1 386
1 406
1 433
1 477
1 510
1 519
1 527
1 528
1 575
1 584
1 587
1 601
1 625
1 662
1 663
1 698
1 718
1 730
1 762
1 835
1 851
1 876
1 885
1 932
1 953
1 987
1 993
1 995
1 1004
2 10
2 11
2 12
2 13
2 19
2 21
2 23
2 37
2 44
2 47
2 49
2 55
2 60
2 85
2 122
2 159
2 203
2 335
2 374
2 379
2 420
2 424
2 448
2 490
2 715
2 843
2 856
2 857
2 865
2 926
2 937
2 944
2 1018
3 10
3 12
3 13
3 14
3 21
3 23
3 46
3 74
3 103
3 117
3 118
3 119
3 123
3 164
3 165
3 166
3 186
3 207
3 222
3 281
3 294
3 326
3 333
3 338
3 357
3 389
3 391
3 423
3 482
3 503
3 552
3 661
3 682
3 693
3 789
3 790
3 807
3 829
3 909
3 991
4 10
4 11
4 13
4 14
4 15
4 16
4 18
4 20
4 21
4 22
4 23
4 26
4 27
4 29
4 31
4 35
4 41
4 43
4 44
4 49
4 51
4 54
4 61
4 62
4 73
4 81
4 102
4 112
4 114
4 128
4 144
4 150
4 157
4 158
4 162
4 178
4 187
4 192
4 195
4 200
4 202
4 205
4 222
4 223
4 229
4 237
4 251
4 258
4 260
4 262
4 264
4 266
4 269
4 283
4 293
4 333
4 336
4 345
4 374
4 438
4 444
4 448
4 452
4 463
4 470
4 477
4 514
4 534
4 592
4 610
4 615
4 619
4 626
4 662
4 689
4 739
4 745
4 784
4 789
4 804
4 903
4 909
4 964
4 984
4 987
4 993
5 10
5 12
5 15
5 18
5 21
5 25
5 30
5 35
5 36
5 67
5 106
5 113
5 115
5 161
5 185
5 193
5 194
5 197
5 238
5 296
5 465
5 484
5 508
5 559
5 598
5 724
5 747
5 774
5 903
5 921
6 10
6 12
6 13
6 15
6 22
6 23
6 24
6 29
6 33
6 37
6 43
6 45
6 59
6 61
6 69
6 110
6 119
6 143
6 153
6 168
6 206
6 226
6 228
6 236
6 262
6 277
6 289
6 318
6 332
6 361
6 390
6 407
6 417
6 444
6 477
6 505
6 516
6 573
6 575
6 683
6 776
6 782
6 933
6 965
6 1001
7 10
7 13
7 17
7 22
7 26
7 30
7 41
7 49
7 50
7 96
7 102
7 117
7 134
7 157
7 175
7 188
7 193
7 256
7 336
7 455
7 522
7 530
7 539
7 558
7 585
7 590
7 596
7 639
7 650
7 654
7 689
7 695
7 762
7 777
7 780
7 806
7 833
7 852
7 854
7 863
7 870
7 904
7 906
7 935
7 997
8 10
8 11
8 12
8 16
8 34
8 44
8 64
8 138
8 167
8 173
8 237
8 244
8 298
8 304
8 305
8 312
8 313
8 357
8 407
8 465
8 591
8 620
8 621
8 643
8 662
8 720
8 734
8 744
8 773
8 779
8 811
8 848
8 859
8 883
8 949
8 954
9 10
9 11
9 13
9 19
9 22
9 23
9 26
9 28
9 31
9 33
9 44
9 55
9 57
9 95
9 103
9 107
9 136
9 138
9 146
9 151
9 153
9 186
9 189
9 203
9 214
9 229
9 243
9 246
9 249
9 252
9 271
9 272
9 283
9 292
9 323
9 337
9 341
9 343
9 365
9 373
9 407
9 415
9 440
9 510
9 512
9 514
9 528
9 529
9 545
9 569
9 582
9 596
9 619
9 628
9 638
9 658
9 696
9 704
9 714
9 721
9 774
9 795
9 821
9 876
9 889
9 969
10 11
10 12
10 13
10 14
10 15
10 16
10 17
10 18
10 19
10 20
10 22
10 23
10 26
10 28
10 33
10 34
10 40
10 42
10 43
10 51
10 53
10 54
10 62
10 67
10 70
10 73
10 81
10 83
10 86
10 98
10 100
10 102
10 115
10 118
10 127
10 133
10 143
10 147
10 150
10 153
10 156
10 165
10 166
10 182
10 199
10 201
10 213
10 221
10 224
10 227
10 229
10 239
10 242
10 250
10 251
10 258
10 259
10 260
10 268
10 282
10 289
10 299
10 316
10 323
10 328
10 341
10 346
10 348
10 361
10 371
10 376
10 386
10 389
10 391
10 392
10 400
10 428
10 429
10 441
10 458
10 475
10 489
10 491
10 514
10 538
10 543
10 548
10 555
10 557
10 558
10 570
10 589
10 602
10 617
10 632
10 637
10 646
10 653
10 654
10 657
10 669
10 676
10 713
10 718
10 733
10 751
10 790
10 794
10 801
10 811
10 870
10 892
10 896
10 900
10 917
10 925
10 952
10 962
10 974
10 985
11 12
11 13
11 14
11 15
11 16
11 17
11 18
11 23
11 26
11 28
11 30
11 31
11 33
11 36
11 41
11 43
11 44
11 46
11 50
11 52
11 58
11 62
11 66
11 68
11 77
11 80
11 82
11 84
11 89
11 90
11 98
11 99
11 103
11 109
11 110
11 112
11 113
11 115
11 120
11 123
11 124
11 126
11 127
11 133
11 136
11 143
11 147
11 149
11 160
11 161
11 164
11 170
11 185
11 188
11 193
11 200
11 236
11 240
11 242
11 272
11 288
11 322
11 323
11 332
11 342
11 344
11 351
11 353
11 360
11 363
11 369
11 379
11 400
11 403
11 436
11 449
11 453
11 459
11 471
11 480
11 487
11 535
11 549
11 551
11 559
11 567
11 584
11 597
11 621
11 725
11 761
11 787
11 804
11 816
11 823
11 838
11 854
11 887
11 888
11 889
11 926
12 14
12 15
12 16
12 17
12 18
12 19
12 20
12 22
12 24
12 25
12 26
12 27
12 29
12 35
12 40
12 45
12 50
12 51
12 52
12 58
12 63
12 75
12 79
12 87
12 88
12 91
12 94
12 97
12 104
12 112
12 113
12 116
12 121
12 127
12 130
12 141
12 142
12 153
12 154
12 158
12 159
12 180
12 184
12 196
12 199
12 217
12 220
12 223
12 227
12 228
12 242
12 247
12 291
12 292
12 295
12 296
12 311
12 318
12 320
12 326
12 336
12 340
12 345
12 359
12 367
12 410
12 411
12 426
12 429
12 442
12 490
12 493
12 507
12 537
12 545
12 558
12 576
12 581
12 612
12 616
12 618
12 628
12 663
12 683
12 695
12 700
12 701
12 736
12 740
12 776
12 783
12 815
12 818
12 826
12 882
12 904
12 905
12 930
12 973
12 979
12 980
12 986
12 1000
12 1004
13 14
13 15
13 16
13 17
13 19
13 20
13 22
13 24
13 25
13 26
13 27
13 30
13 31
13 34
13 36
13 39
13 43
13 48
13 54
13 56
13 57
13 58
13 59
13 63
13 67
13 72
13 73
13 81
13 86
13 93
13 100
13 101
13 118
13 124
13 131
13 132
13 135
13 152
13 160
13 168
13 171
13 198
13 200
13 208
13 212
13 225
13 232
13 235
13 244
13 269
13 270
13 274
13 297
13 304
13 324
13 341
13 357
13 363
13 365
13 369
13 391
13 401
13 406
13 440
13 482
13 486
13 492
13 496
13 497
13 499
13 500
13 510
13 528
13 531
13 535
13 538
13 569
13 582
13 584
13 622
13 688
13 692
13 710
13 724
13 738
13 742
13 758
13 782
13 821
13 835
13 852
13 857
13 864
13 881
13 884
13 908
13 948
13 952
13 969
13 979
13 997
13 1001
13 1007
14 18
14 19
14 20
14 21
14 23
14 25
14 26
14 28
14 29
14 34
14 35
14 47
14 49
14 50
14 59
14 64
14 72
14 74
14 76
14 79
14 81
14 87
14 90
14 99
14 108
14 111
14 118
14 128
14 132
14 135
14 162
14 164
14 166
14 177
14 180
14 184
14 188
14 190
14 204
14 210
14 212
14 224
14 234
14 237
14 242
14 250
14 258
14 263
14 264
14 265
14 273
14 285
14 307
14 333
14 334
14 346
14 361
14 364
14 382
14 406
14 419
14 422
14 436
14 438
14 454
14 464
14 495
14 508
14 512
14 525
14 540
14 542
14 550
14 565
14 574
14 581
14 590
14 624
14 640
14 652
14 657
14 671
14 699
14 723
14 790
14 805
14 820
14 861
14 874
14 879
14 931
14 935
14 942
14 975
14 990
14 1009
14 1011
14 1019
15 16
15 17
15 20
15 21
15 28
15 30
15 43
15 46
15 49
15 52
15 55
15 58
15 83
15 89
15 111
15 116
15 120
15 123
15 124
15 127
15 153
15 156
15 159
15 162
15 163
15 185
15 189
15 217
15 220
15 223
15 244
15 263
15 270
15 288
15 291
15 296
15 314
15 315
15 342
15 367
15 376
15 401
15 417
15 418
15 449
15 515
15 519
15 559
15 579
15 595
15 597
15 619
15 641
15 667
15 675
15 679
15 712
15 717
15 748
15 749
15 765
15 788
15 810
15 844
15 867
15 905
15 915
15 936
15 950
15 995
15 1002
15 1009
16 17
16 18
16 19
16 26
16 27
16 28
16 29
16 31
16 32
16 33
16 34
16 35
16 36
16 52
16 53
16 56
16 58
16 61
16 62
16 65
16 71
16 80
16 87
16 88
16 89
16 99
16 102
16 106
16 108
16 111
16 114
16 115
16 121
16 125
16 139
16 143
16 147
16 155
16 156
16 166
16 167
16 183
16 193
16 202
16 208
16 209
16 214
16 215
16 218
16 221
16 227
16 233
16 235
16 239
16 241
16 243
16 253
16 261
16 271
16 279
16 283
16 301
16 308
16 322
16 335
16 338
16 340
16 343
16 363
16 368
16 369
16 386
16 417
16 419
16 431
16 432
16 434
16 438
16 439
16 446
16 456
16 471
16 476
16 490
16 492
16 507
16 509
16 524
16 527
16 534
16 561
16 567
16 657
16 658
16 707
16 708
16 709
16 713
16 726
16 735
16 741
16 786
16 787
16 792
16 797
16 817
16 819
16 820
16 823
16 831
16 915
16 932
16 977
16 986
16 998
16 1005
16 1018
17 20
17 25
17 38
17 52
17 54
17 63
17 70
17 84
17 90
17 92
17 131
17 146
17 163
17 173
17 200
17 203
17 213
17 294
17 327
17 330
17 538
17 585
17 634
17 705
17 708
17 725
17 730
17 847
18 20
18 22
18 24
18 27
18 28
18 29
18 30
18 32
18 37
18 39
18 40
18 49
18 50
18 56
18 65
18 71
18 75
18 76
18 79
18 80
18 83
18 85
18 86
18 88
18 90
18 93
18 96
18 99
18 105
18 107
18 110
18 128
18 132
18 137
18 142
18 160
18 164
18 170
18 181
18 202
18 210
18 211
18 215
18 216
18 219
18 226
18 231
18 247
18 261
18 273
18 275
18 277
18 301
18 310
18 319
18 325
18 375
18 381
18 384
18 408
18 413
18 418
18 427
18 437
18 449
18 481
18 518
18 521
18 528
18 559
18 593
18 624
18 639
18 664
18 668
18 700
18 712
18 714
18 721
18 744
18 780
18 792
18 803
18 814
18 848
18 851
18 869
18 876
18 887
18 911
18 915
18 920
18 935
18 970
18 996
19 20
19 21
19 24
19 25
19 27
19 28
19 30
19 31
19 32
19 35
19 36
19 44
19 62
19 63
19 66
19 70
19 72
19 74
19 75
19 98
19 102
19 108
19 109
19 122
19 124
19 128
19 140
19 161
19 164
19 169
19 180
19 183
19 199
19 204
19 214
19 225
19 227
19 231
19 233
19 236
19 238
19 241
19 243
19 244
19 249
19 258
19 275
19 281
19 282
19 295
19 298
19 302
19 306
19 321
19 368
19 390
19 392
19 402
19 449
19 475
19 496
19 509
19 524
19 525
19 538
19 539
19 571
19 573
19 583
19 588
19 669
19 671
19 678
19 710
19 719
19 726
19 761
19 766
19 768
19 778
19 791
19 795
19 806
19 813
19 829
19 848
19 849
19 941
19 989
19 1004
19 1020
20 21
20 22
20 24
20 27
20 29
20 30
20 31
20 36
20 39
20 40
20 42
20 44
20 45
20 47
20 48
20 51
20 52
20 60
20 69
20 70
20 71
20 77
20 84
20 87
20 88
20 93
20 94
20 98
20 100
20 102
20 118
20 127
20 128
20 131
20 134
20 135
20 136
20 137
20 141
20 147
20 155
20 162
20 163
20 183
20 191
20 205
20 212
20 215
20 230
20 250
20 276
20 277
20 300
20 301
20 302
20 314
20 336
20 350
20 381
20 399
20 419
20 427
20 484
20 499
20 509
20 522
20 525
20 527
20 528
20 544
20 547
20 557
20 564
20 575
20 585
20 590
20 602
20 624
20 641
20 675
20 686
20 690
20 701
20 715
20 720
20 737
20 756
20 763
20 801
20 820
20 864
20 866
20 877
20 956
20 964
20 965
20 978
20 999
20 1006
21 24
21 36
21 37
21 42
21 55
21 64
21 75
21 78
21 89
21 104
21 115
21 121
21 136
21 156
21 163
21 197
21 201
21 208
21 218
21 220
21 224
21 227
21 272
21 278
21 280
21 281
21 288
21 289
21 297
21 304
21 305
21 310
21 312
21 319
21 337
21 378
21 391
21 433
21 463
21 467
21 511
21 526
21 559
21 572
21 584
21 597
21 598
21 611
21 615
21 625
21 645
21 658
21 671
21 674
21 681
21 702
21 707
21 748
21 769
21 797
21 809
21 828
21 853
21 855
21 898
21 921
21 927
21 929
21 961
21 965
21 980
21 981
22 23
22 25
22 27
22 34
22 43
22 48
22 52
22 56
22 61
22 68
22 70
22 84
22 85
22 86
22 88
22 103
22 104
22 110
22 111
22 120
22 121
22 127
22 135
22 155
22 176
22 182
22 186
22 203
22 204
22 212
22 222
22 251
22 254
22 259
22 269
22 289
22 302
22 303
22 330
22 354
22 386
22 387
22 389
22 395
22 432
22 439
22 450
22 461
22 481
22 489
22 491
22 498
22 544
22 549
22 556
22 577
22 638
22 653
22 668
22 672
22 691
22 734
22 780
22 799
22 802
22 811
22 817
22 825
22 832
22 854
22 893
22 901
22 925
22 927
22 993
22 1015
22 1021
23 25
23 29
23 30
23 37
23 40
23 50
23 65
23 69
23 73
23 80
23 87
23 96
23 97
23 107
23 112
23 117
23 120
23 138
23 150
23 154
23 158
23 163
23 165
23 180
23 196
23 205
23 213
23 238
23 245
23 255
23 278
23 291
23 292
23 305
23 313
23 320
23 327
23 331
23 339
23 353
23 368
23 402
23 409
23 411
23 418
23 421
23 432
23 434
23 436
23 437
23 440
23 448
23 490
23 491
23 494
23 495
23 522
23 577
23 619
23 631
23 642
23 647
23 679
23 774
23 778
23 813
23 830
23 892
23 893
23 922
23 927
23 935
23 951
23 954
23 982
23 1009
24 34
24 37
24 46
24 56
24 57
24 62
24 64
24 65
24 67
24 68
24 69
24 75
24 77
24 78
24 79
24 81
24 99
24 119
24 139
24 149
24 184
24 189
24 194
24 223
24 255
24 256
24 276
24 299
24 301
24 332
24 337
24 349
24 356
24 359
24 405
24 406
24 423
24 431
24 465
24 505
24 546
24 559
24 566
24 570
24 583
24 615
24 657
24 706
24 729
24 735
24 774
24 812
24 916
24 922
24 972
24 1014
25 27
25 39
25 40
25 41
25 44
25 45
25 46
25 47
25 48
25 53
25 79
25 87
25 89
25 92
25 94
25 96
25 107
25 183
25 190
25 209
25 232
25 246
25 276
25 285
25 288
25 299
25 306
25 345
25 362
25 370
25 418
25 460
25 499
25 507
25 517
25 576
25 580
25 648
25 655
25 662
25 693
25 699
25 734
25 750
25 752
25 758
25 761
25 767
25 771
25 845
25 870
26 29
26 31
26 41
26 50
26 66
26 80
26 94
26 106
26 115
26 121
26 123
26 136
26 144
26 158
26 160
26 175
26 207
26 214
26 234
26 240
26 257
26 289
26 327
26 334
26 363
26 393
26 436
26 450
26 528
26 613
26 702
26 724
26 794
26 869
26 919
26 929
26 935
26 944
26 948
26 958
26 994
26 1001
26 1017
27 28
27 38
27 42
27 43
27 63
27 89
27 110
27 113
27 116
27 138
27 148
27 150
27 151
27 231
27 240
27 243
27 336
27 389
27 406
27 428
27 438
27 467
27 520
27 553
27 668
27 679
27 734
27 753
27 924
28 32
28 42
28 51
28 54
28 56
28 61
28 63
28 67
28 76
28 89
28 96
28 104
28 139
28 141
28 149
28 154
28 159
28 161
28 164
28 183
28 195
28 198
28 222
28 228
28 238
28 245
28 274
28 281
28 292
28 307
28 332
28 339
28 350
28 352
28 378
28 381
28 388
28 396
28 453
28 482
28 493
28 512
28 531
28 582
28 605
28 647
28 650
28 701
28 706
28 721
28 722
28 732
28 761
28 781
28 807
28 830
28 874
28 903
28 999
29 32
29 33
29 36
29 37
29 38
29 57
29 86
29 90
29 91
29 105
29 139
29 140
29 144
29 160
29 182
29 184
29 215
29 220
29 226
29 233
29 270
29 303
29 306
29 367
29 392
29 420
29 502
29 547
29 563
29 571
29 572
29 577
29 608
29 634
29 651
29 666
29 670
29 692
29 724
29 745
29 806
29 876
29 881
29 937
29 938
29 994
29 1009
29 1013
30 31
30 38
30 39
30 40
30 44
30 48
30 50
30 85
30 113
30 143
30 160
30 291
30 314
30 364
30 403
30 550
30 551
30 580
30 623
30 633
30 732
30 752
30 830
30 959
31 34
31 38
31 41
31 45
31 46
31 54
31 58
31 59
31 64
31 65
31 78
31 87
31 91
31 133
31 134
31 137
31 154
31 158
31 172
31 175
31 178
31 188
31 198
31 241
31 245
31 261
31 262
31 293
31 355
31 356
31 387
31 401
31 435
31 437
31 439
31 444
31 451
31 489
31 517
31 526
31 533
31 563
31 591
31 617
31 634
31 644
31 648
31 670
31 681
31 684
31 685
31 694
31 695
31 714
31 766
31 787
31 797
31 799
31 872
31 874
31 945
31 955
31 966
32 37
32 39
32 52
32 57
32 63
32 64
32 69
32 70
32 72
32 81
32 86
32 100
32 105
32 109
32 120
32 126
32 139
32 141
32 152
32 162
32 172
32 178
32 223
32 259
32 263
32 274
32 285
32 297
32 315
32 390
32 412
32 416
32 423
32 432
32 457
32 485
32 509
32 511
32 515
32 533
32 571
32 582
32 597
32 600
32 621
32 623
32 631
32 668
32 671
32 676
32 726
32 730
32 772
32 787
32 796
32 882
32 912
32 925
32 937
32 952
32 964
32 970
33 36
33 41
33 43
33 55
33 63
33 68
33 72
33 73
33 79
33 104
33 118
33 125
33 140
33 152
33 153
33 178
33 183
33 194
33 217
33 221
33 241
33 268
33 281
33 298
33 365
33 366
33 379
33 380
33 387
33 390
33 432
33 469
33 552
33 607
33 643
33 686
33 725
33 782
33 812
33 844
33 857
33 863
33 872
33 877
33 887
33 920
33 928
33 930
33 936
33 959
33 983
33 1007
34 35
34 37
34 67
34 80
34 83
34 84
34 90
34 112
34 123
34 125
34 143
34 150
34 156
34 172
34 182
34 227
34 236
34 237
34 240
34 270
34 277
34 333
34 413
34 461
34 477
34 494
34 508
34 524
34 537
34 550
34 568
34 583
34 674
34 689
34 691
34 775
34 804
34 843
34 867
34 869
34 937
34 963
35 40
35 42
35 51
35 56
35 59
35 77
35 81
35 92
35 105
35 107
35 170
35 181
35 196
35 226
35 241
35 282
35 291
35 307
35 372
35 438
35 463
35 547
35 574
35 595
35 625
35 638
35 680
35 690
35 691
35 714
35 753
35 891
35 897
35 899
35 912
35 924
36 46
36 50
36 54
36 56
36 64
36 70
36 74
36 82
36 95
36 104
36 112
36 123
36 176
36 188
36 189
36 206
36 230
36 246
36 248
36 280
36 298
36 310
36 347
36 351
36 368
36 508
36 510
36 634
36 644
36 672
36 786
36 788
37 45
37 46
37 52
37 53
37 55
37 58
37 59
37 60
37 64
37 65
37 69
37 78
37 80
37 81
37 90
37 92
37 95
37 97
37 105
37 114
37 127
37 131
37 145
37 167
37 171
37 173
37 189
37 191
37 200
37 201
37 204
37 214
37 215
37 228
37 232
37 248
37 254
37 255
37 266
37 275
37 286
37 287
37 304
37 306
37 315
37 437
37 455
37 494
37 555
37 560
37 565
37 570
37 594
37 613
37 622
37 658
37 680
37 682
37 690
37 708
37 711
37 713
37 718
37 725
37 756
37 776
37 839
37 841
37 869
37 899
37 902
37 953
37 969
37 978
37 1004
37 1006
37 1008
37 1019
38 45
38 51
38 55
38 59
38 83
38 85
38 94
38 109
38 119
38 126
38 130
38 141
38 148
38 151
38 158
38 197
38 233
38 250
38 260
38 271
38 285
38 347
38 366
38 367
38 381
38 392
38 407
38 418
38 424
38 425
38 434
38 442
38 456
38 532
38 559
38 565
38 575
38 578
38 588
38 652
38 736
38 762
38 778
38 846
38 873
38 879
38 943
38 945
39 47
39 48
39 49
39 58
39 71
39 120
39 122
39 126
39 142
39 144
39 214
39 240
39 246
39 290
39 347
39 403
39 420
39 434
39 435
39 511
39 515
39 598
39 747
39 758
39 793
39 874
39 885
39 932
39 938
39 1004
40 59
40 117
40 118
40 179
40 267
40 300
40 375
40 398
40 418
40 434
40 464
40 465
40 553
40 603
40 620
40 626
40 960
40 992
41 46
41 67
41 88
41 115
41 137
41 252
41 262
41 267
41 290
41 291
41 293
41 321
41 398
41 467
41 490
41 491
41 547
41 574
41 576
41 618
41 621
41 731
41 767
41 823
41 876
41 908
41 912
41 948
42 48
42 53
42 65
42 68
42 70
42 105
42 121
42 155
42 165
42 173
42 175
42 178
42 187
42 256
42 264
42 272
42 277
42 284
42 337
42 372
42 382
42 403
42 414
42 451
42 467
42 577
42 636
42 686
42 722
42 833
42 851
42 855
42 878
42 900
42 944
43 65
43 72
43 83
43 92
43 100
43 101
43 122
43 140
43 161
43 175
43 190
43 205
43 230
43 236
43 237
43 251
43 265
43 274
43 284
43 309
43 334
43 347
43 367
43 378
43 397
43 433
43 436
43 520
43 524
43 525
43 586
43 699
43 712
43 738
43 777
43 835
43 875
43 876
44 66
44 67
44 80
44 95
44 100
44 114
44 123
44 159
44 161
44 193
44 196
44 208
44 223
44 249
44 290
44 334
44 346
44 355
44 360
44 410
44 436
44 441
44 456
44 476
44 539
44 549
44 569
44 615
44 667
44 682
44 692
44 702
44 711
44 717
44 724
44 759
44 778
44 794
44 898
44 904
44 908
44 924
44 941
44 967
44 990
45 50
45 55
45 58
45 65
45 76
45 87
45 90
45 100
45 116
45 119
45 130
45 142
45 154
45 176
45 179
45 210
45 252
45 277
45 283
45 318
45 402
45 409
45 413
45 415
45 556
45 637
45 683
45 693
45 698
45 705
45 717
45 728
45 745
45 797
45 805
45 874
45 922
45 942
45 960
46 47
46 69
46 77
46 80
46 93
46 97
46 101
46 104
46 105
46 109
46 127
46 134
46 141
46 147
46 152
46 165
46 166
46 242
46 244
46 278
46 280
46 281
46 286
46 361
46 409
46 448
46 457
46 462
46 468
46 505
46 511
46 516
46 547
46 554
46 558
46 590
46 621
46 639
46 657
46 743
46 768
46 770
46 803
46 816
46 818
46 881
46 893
46 928
46 938
46 958
46 1005
47 74
47 129
47 205
47 206
47 209
47 224
47 254
47 286
47 428
47 443
47 475
47 496
47 534
47 562
47 563
47 575
47 601
47 701
47 810
47 829
47 889
47 895
47 903
47 910
47 954
47 964
48 77
48 83
48 89
48 106
48 109
48 113
48 120
48 133
48 153
48 155
48 167
48 202
48 206
48 207
48 219
48 236
48 269
48 284
48 287
48 311
48 319
48 322
48 357
48 371
48 377
48 396
48 409
48 414
48 437
48 445
48 473
48 485
48 535
48 536
48 541
48 548
48 564
48 566
48 665
48 719
48 740
48 785
48 789
48 810
48 1001
49 74
49 95
49 113
49 119
49 124
49 133
49 214
49 253
49 277
49 339
49 424
49 436
49 516
49 523
49 571
49 617
49 624
49 650
49 685
49 722
49 762
49 844
49 925
49 1022
50 56
50 60
50 67
50 71
50 74
50 77
50 82
50 89
50 93
50 130
50 140
50 142
50 164
50 172
50 192
50 218
50 231
50 264
50 292
50 330
50 356
50 357
50 365
50 375
50 392
50 395
50 396
50 430
50 484
50 503
50 507
50 508
50 520
50 527
50 569
50 604
50 630
50 640
50 689
50 817
50 992
51 55
51 93
51 98
51 104
51 143
51 146
51 156
51 175
51 198
51 203
51 249
51 278
51 308
51 393
51 480
51 509
51 540
51 547
51 577
51 583
51 594
51 603
51 642
51 651
51 660
51 680
51 823
51 869
51 871
51 911
51 1003
52 72
52 78
52 107
52 111
52 128
52 189
52 203
52 216
52 280
52 288
52 302
52 313
52 320
52 324
52 364
52 430
52 443
52 461
52 490
52 570
52 606
52 635
52 687
52 753
52 754
52 899
53 58
53 115
53 176
53 181
53 195
53 203
53 212
53 267
53 358
53 440
53 441
53 557
53 648
53 660
53 764
53 979
53 998
54 60
54 71
54 87
54 91
54 108
54 117
54 123
54 167
54 229
54 257
54 262
54 282
54 320
54 327
54 384
54 423
54 460
54 518
54 551
54 613
54 675
54 772
54 786
54 910
54 945
54 971
54 1021
55 62
55 73
55 76
55 78
55 81
55 85
55 106
55 129
55 130
55 133
55 145
55 147
55 233
55 252
55 282
55 283
55 309
55 366
55 395
55 411
55 426
55 445
55 446
55 470
55 487
55 500
55 589
55 614
55 697
55 707
55 713
55 818
55 822
56 68
56 91
56 111
56 119
56 127
56 135
56 144
56 189
56 191
56 229
56 426
56 524
56 541
56 568
56 616
56 633
56 780
56 833
56 913
56 928
56 966
56 976
57 66
57 95
57 99
57 114
57 116
57 155
57 168
57 190
57 212
57 266
57 276
57 290
57 296
57 331
57 356
57 360
57 366
57 389
57 523
57 526
57 746
57 764
57 779
57 785
57 868
57 897
57 957
57 1000
57 1006
58 66
58 71
58 79
58 85
58 106
58 169
58 267
58 287
58 379
58 418
58 484
58 516
58 559
58 563
58 712
58 746
58 757
58 775
58 836
58 909
58 946
58 983
59 62
59 92
59 246
59 337
59 373
59 444
59 454
59 465
59 613
59 615
59 854
59 913
60 61
60 71
60 75
60 91
60 93
60 216
60 340
60 374
60 381
60 404
60 558
60 563
60 576
60 604
60 627
60 645
60 677
60 679
60 680
60 715
60 717
60 762
60 839
60 850
60 855
60 901
60 943
60 958
60 981
60 989
61 85
61 95
61 98
61 109
61 110
61 140
61 179
61 190
61 197
61 290
61 308
61 317
61 330
61 356
61 357
61 435
61 489
61 490
61 495
61 507
61 520
61 521
61 693
61 702
61 719
61 871
61 905
61 913
61 950
62 84
62 86
62 101
62 105
62 147
62 169
62 224
62 228
62 254
62 263
62 337
62 385
62 397
62 417
62 420
62 470
62 472
62 481
62 500
62 522
62 526
62 530
62 580
62 598
62 609
62 621
62 627
62 644
62 753
62 987
63 66
63 70
63 83
63 92
63 114
63 116
63 130
63 138
63 155
63 160
63 166
63 184
63 201
63 210
63 214
63 221
63 224
63 232
63 253
63 254
63 255
63 265
63 278
63 318
63 343
63 359
63 384
63 388
63 393
63 409
63 412
63 433
63 445
63 473
63 515
63 522
63 568
63 666
63 692
63 705
63 783
63 786
63 800
63 822
63 943
63 963
63 1003
63 1014
64 85
64 97
64 101
64 110
64 204
64 241
64 243
64 253
64 312
64 323
64 344
64 348
64 385
64 391
64 399
64 538
64 543
64 564
64 583
64 667
64 723
64 732
64 755
64 764
64 842
64 844
64 876
64 894
64 941
64 1009
65 101
65 122
65 177
65 185
65 200
65 245
65 257
65 295
65 331
65 380
65 385
65 465
65 613
65 688
65 821
65 962
66 79
66 96
66 106
66 125
66 175
66 191
66 197
66 246
66 262
66 270
66 317
66 339
66 458
66 471
66 552
66 557
66 671
66 691
66 774
66 791
66 796
66 798
66 857
66 871
66 916
66 1000
66 1005
67 99
67 102
67 112
67 117
67 120
67 121
67 136
67 140
67 159
67 169
67 177
67 196
67 199
67 204
67 207
67 241
67 243
67 252
67 279
67 292
67 310
67 321
67 350
67 378
67 381
67 393
67 400
67 424
67 429
67 537
67 538
67 710
67 729
67 744
67 764
67 839
67 894
67 905
67 946
67 985
67 992
67 1001
67 1017
68 83
68 94
68 97
68 145
68 156
68 159
68 182
68 230
68 248
68 266
68 313
68 326
68 328
68 349
68 352
68 373
68 384
68 442
68 530
68 556
68 659
68 666
68 696
68 766
68 779
68 801
68 816
68 859
68 910
68 931
68 959
68 998
69 71
69 73
69 77
69 86
69 99
69 121
69 132
69 224
69 250
69 253
69 537
69 657
69 753
69 884
69 890
69 904
70 91
70 94
70 97
70 99
70 174
70 182
70 208
70 220
70 245
70 303
70 321
70 432
70 472
70 478
70 483
70 572
70 646
70 834
70 852
70 857
70 949
70 978
71 88
71 103
71 113
71 148
71 171
71 209
71 225
71 278
71 286
71 502
71 515
71 521
71 580
71 583
71 646
71 657
71 715
71 780
71 1018
72 103
72 105
72 125
72 162
72 174
72 187
72 238
72 270
72 271
72 296
72 366
72 388
72 403
72 425
72 441
72 497
72 503
72 504
72 505
72 510
72 547
72 587
72 594
72 614
72 638
72 698
72 731
72 736
72 739
72 762
72 799
72 835
72 868
72 988
72 991
73 117
73 169
73 254
73 279
73 294
73 341
73 494
73 665
73 824
73 831
73 840
73 884
73 900
73 917
73 962
73 983
73 1010
74 75
74 79
74 109
74 128
74 140
74 161
74 170
74 174
74 185
74 186
74 213
74 237
74 257
74 338
74 346
74 423
74 431
74 456
74 482
74 568
74 605
74 607
74 655
74 683
74 704
74 718
74 862
74 868
74 888
74 889
74 959
74 984
74 999
74 1008
75 77
75 78
75 94
75 101
75 103
75 111
75 130
75 132
75 142
75 151
75 158
75 177
75 178
75 201
75 257
75 258
75 266
75 269
75 304
75 345
75 377
75 383
75 429
75 433
75 464
75 494
75 508
75 523
75 576
75 588
75 598
75 616
75 723
75 755
75 783
75 794
75 826
75 873
75 884
75 898
75 913
75 947
75 1011
76 80
76 95
76 98
76 101
76 148
76 149
76 191
76 207
76 218
76 248
76 271
76 299
76 304
76 309
76 315
76 321
76 361
76 374
76 484
76 490
76 512
76 518
76 593
76 601
76 610
76 630
76 700
76 764
76 767
76 772
76 778
76 825
76 849
76 888
76 965
76 971
76 990
76 1009
77 108
77 125
77 160
77 184
77 274
77 412
77 461
77 524
77 526
77 549
77 569
77 604
77 636
77 672
77 718
77 785
77 807
77 817
77 818
77 919
77 942
77 979
77 986
78 108
78 129
78 146
78 166
78 211
78 234
78 257
78 279
78 402
78 440
78 454
78 629
78 710
78 812
78 821
78 905
79 95
79 111
79 179
79 250
79 280
79 320
79 392
79 412
79 512
79 541
79 605
79 705
79 881
79 928
79 972
79 1008
80 88
80 95
80 106
80 122
80 131
80 148
80 282
80 318
80 334
80 335
80 377
80 460
80 469
80 476
80 544
80 562
80 622
80 774
80 795
80 949
81 125
81 126
81 144
81 166
81 171
81 177
81 211
81 260
81 268
81 284
81 365
81 400
81 411
81 427
81 470
81 475
81 514
81 543
81 606
81 608
81 690
81 809
81 933
81 940
81 966
82 129
82 146
82 165
82 187
82 217
82 231
82 284
82 334
82 350
82 389
82 395
82 527
82 582
82 650
82 660
82 733
82 852
82 953
83 96
83 113
83 142
83 151
83 179
83 273
83 295
83 326
83 519
83 529
83 702
83 858
83 868
83 872
83 931
83 934
84 86
84 169
84 182
84 224
84 240
84 380
84 410
84 447
84 449
84 479
84 492
84 529
84 539
84 541
84 562
84 647
84 716
84 717
84 724
84 744
84 763
84 797
84 834
84 841
84 874
84 1010
85 104
85 158
85 186
85 210
85 249
85 315
85 329
85 334
85 402
85 405
85 564
85 602
85 669
85 686
85 824
85 1018
86 107
86 113
86 139
86 142
86 163
86 165
86 171
86 195
86 265
86 280
86 306
86 332
86 344
86 356
86 443
86 450
86 456
86 482
86 504
86 712
86 743
86 773
86 851
86 863
86 919
87 102
87 112
87 124
87 145
87 153
87 156
87 188
87 195
87 220
87 438
87 750
87 811
87 876
87 921
87 986
88 98
88 120
88 129
88 146
88 152
88 153
88 172
88 182
88 193
88 235
88 252
88 255
88 257
88 277
88 316
88 374
88 394
88 621
88 626
88 659
88 674
88 687
88 693
88 721
88 745
88 748
88 758
88 760
88 766
88 910
88 922
88 982
88 1022
89 93
89 100
89 107
89 109
89 144
89 150
89 183
89 193
89 263
89 370
89 384
89 416
89 680
89 731
89 814
89 868
89 908
90 106
90 124
90 144
90 154
90 182
90 191
90 195
90 221
90 227
90 235
90 239
90 246
90 257
90 263
90 274
90 284
90 294
90 371
90 398
90 399
90 400
90 404
90 428
90 519
90 548
90 600
90 663
90 695
90 720
90 796
90 818
90 866
90 900
91 106
91 135
91 140
91 205
91 210
91 233
91 258
91 293
91 328
91 344
91 367
91 471
91 483
91 491
91 520
91 531
91 569
91 577
91 636
91 655
91 814
91 836
91 844
91 855
91 931
92 172
92 317
92 420
92 445
92 494
92 896
93 114
93 307
93 308
93 330
93 508
93 688
93 690
93 801
93 1009
94 104
94 151
94 163
94 207
94 266
94 268
94 350
94 387
94 504
94 511
94 545
94 623
94 649
94 725
94 732
94 814
95 103
95 108
95 114
95 121
95 125
95 136
95 139
95 161
95 166
95 213
95 231
95 244
95 338
95 368
95 518
95 633
95 641
95 689
95 714
95 836
95 919
95 956
96 158
96 199
96 205
96 251
96 335
96 344
96 378
96 456
96 539
96 749
96 941
97 114
97 154
97 155
97 165
97 175
97 176
97 258
97 354
97 450
97 483
97 523
97 536
97 611
97 612
97 641
97 648
97 743
97 763
97 839
97 871
97 933
97 952
97 957
97 1006
98 115
98 124
98 218
98 258
98 273
98 348
98 403
98 444
98 489
98 590
98 596
98 637
98 639
98 810
98 924
99 116
99 195
99 251
99 337
99 348
99 375
99 410
99 411
99 727
99 735
99 803
99 974
100 128
100 197
100 245
100 291
100 324
100 350
100 406
100 460
100 585
100 778
100 812
100 907
100 921
101 158
101 214
101 303
101 338
101 369
101 401
101 416
101 484
101 498
101 526
101 554
101 565
101 663
101 667
101 714
101 737
101 781
101 853
101 939
101 953
101 1020
102 110
102 122
102 163
102 236
102 262
102 300
102 368
102 390
102 621
102 861
102 947
103 151
103 177
103 185
103 199
103 217
103 337
103 341
103 464
103 759
103 1005
104 105
104 123
104 145
104 213
104 313
104 334
104 412
104 434
104 457
104 522
104 544
104 550
104 584
104 656
104 746
104 751
104 774
104 776
104 958
104 968
105 137
105 404
105 502
105 673
105 739
105 746
105 752
105 808
105 861
105 869
105 1016
106 109
106 131
106 141
106 151
106 171
106 203
106 211
106 231
106 280
106 288
106 298
106 307
106 413
106 418
106 455
106 483
106 488
106 594
106 595
106 626
106 685
106 698
106 743
106 826
106 983
107 118
107 122
107 253
107 254
107 265
107 380
107 408
107 426
107 444
107 554
107 623
107 700
107 771
107 822
107 831
108 134
108 157
108 175
108 299
108 352
108 396
108 407
108 432
108 451
108 453
108 485
108 486
108 603
108 609
108 740
108 837
108 975
108 1002
108 1011
109 234
109 271
109 278
109 320
109 353
109 395
109 439
109 515
109 594
109 610
109 730
109 759
109 825
109 850
109 892
109 893
109 1016
110 117
110 126
110 132
110 138
110 145
110 153
110 168
110 207
110 238
110 254
110 284
110 313
110 317
110 324
110 326
110 357
110 408
110 443
110 462
110 506
110 525
110 542
110 555
110 641
110 687
110 705
110 722
110 744
110 771
110 779
111 215
111 220
111 243
111 325
111 328
111 347
111 361
111 382
111 480
111 513
111 515
111 549
111 551
111 607
111 651
111 661
111 712
111 762
111 800
111 837
111 969
111 992
112 123
112 131
112 150
112 169
112 174
112 198
112 199
112 210
112 219
112 229
112 278
112 289
112 304
112 347
112 391
112 392
112 396
112 399
112 418
112 425
112 452
112 457
112 464
112 474
112 500
112 522
112 533
112 580
112 596
112 620
112 633
112 644
112 726
112 754
112 770
112 793
112 821
112 828
112 914
112 942
113 145
113 230
113 293
113 295
113 315
113 342
113 351
113 447
113 450
113 463
113 504
113 507
113 659
113 670
113 785
113 881
114 137
114 138
114 170
114 219
114 287
114 305
114 349
114 402
114 405
114 421
114 428
114 448
114 488
114 553
114 598
114 657
114 824
114 845
114 931
115 137
115 149
115 157
115 197
115 218
115 225
115 331
115 351
115 515
115 890
115 963
116 149
116 170
116 221
116 289
116 325
116 343
116 421
116 567
116 933
116 949
116 967
116 1013
117 119
117 152
117 167
117 175
117 311
117 403
117 404
117 477
117 532
117 668
117 684
117 763
117 784
117 798
117 818
117 886
117 937
117 981
117 985
118 140
118 152
118 186
118 537
118 539
118 689
118 709
118 729
119 160
119 186
119 251
119 487
119 500
119 545
119 593
119 594
119 684
119 696
119 811
119 865
119 926
119 962
120 130
120 279
120 293
120 318
120 496
120 617
120 630
120 852
120 886
120 893
120 957
121 154
121 167
121 173
121 179
121 212
121 268
121 301
121 313
121 340
121 413
121 601
121 619
121 747
121 982
122 125
122 127
122 161
122 187
122 216
122 218
122 222
122 237
122 241
122 259
122 296
122 343
122 371
122 377
122 403
122 494
122 514
122 592
122 607
122 680
122 697
122 793
122 808
122 862
122 913
122 1016
123 132
123 192
123 285
123 321
123 399
123 432
123 460
123 521
123 525
123 526
123 543
123 567
123 655
123 812
123 936
123 939
123 976
123 986
124 133
124 145
124 150
124 184
124 191
124 220
124 251
124 263
124 276
124 317
124 353
124 370
124 371
124 404
124 445
124 525
124 667
124 691
124 728
124 835
124 836
124 839
124 871
124 897
125 152
125 192
125 288
125 323
125 430
125 533
125 671
125 775
126 129
126 218
126 230
126 311
126 326
126 452
126 470
126 753
126 993
127 213
127 232
127 393
127 439
127 577
127 646
127 651
127 763
127 884
128 150
128 219
128 253
128 276
128 282
128 318
128 353
128 364
128 382
128 383
128 401
128 479
128 528
128 546
128 550
128 555
128 748
128 755
128 787
128 838
128 893
128 969
129 132
129 145
129 154
129 182
129 188
129 201
129 202
129 204
129 261
129 262
129 269
129 310
129 327
129 332
129 396
129 422
129 451
129 457
129 526
129 588
129 608
129 635
129 758
129 830
129 875
129 909
129 926
129 935
129 968
129 990
130 134
130 184
130 206
130 308
130 361
130 400
130 404
130 421
130 433
130 508
130 592
130 799
130 843
130 871
130 996
131 134
131 148
131 157
131 202
131 232
131 258
131 325
131 344
131 372
131 433
131 446
131 474
131 574
131 630
131 659
131 847
131 888
131 895
132 144
132 155
132 181
132 198
132 239
132 256
132 346
132 372
132 380
132 389
132 392
132 423
132 434
132 471
132 488
132 551
132 618
132 894
132 978
133 143
133 217
133 474
133 579
133 687
133 781
133 861
133 973
134 137
134 148
134 209
134 211
134 221
134 319
134 345
134 365
134 377
134 407
134 444
134 472
134 508
134 614
134 701
134 752
134 766
134 877
135 136
135 162
135 164
135 168
135 204
135 209
135 216
135 245
135 260
135 270
135 323
135 373
135 471
135 530
135 688
135 759
135 871
135 900
136 255
136 265
136 305
136 322
136 341
136 352
136 405
136 414
136 460
136 478
136 592
136 683
136 707
136 815
136 950
137 215
138 154
138 162
138 167
138 168
138 170
138 211
138 247
138 284
138 323
138 394
138 397
138 422
138 428
138 469
138 501
138 688
138 783
138 994
139 147
139 183
139 206
139 223
139 541
139 543
139 570
139 634
139 820
140 191
140 196
140 226
140 380
140 466
140 467
140 533
140 608
140 640
140 729
140 847
140 917
140 925
140 962
141 317
141 365
141 400
141 462
141 560
141 612
141 1013
142 244
142 257
142 316
142 346
142 442
142 528
142 534
142 578
142 601
142 643
142 705
142 769
142 834
142 964
143 208
143 303
143 317
143 491
143 503
143 530
144 155
144 159
144 210
144 220
144 279
144 286
144 312
144 356
144 502
144 572
144 587
144 591
144 622
144 639
144 643
144 650
144 669
144 708
144 751
144 768
144 867
144 885
144 956
144 961
145 228
145 269
145 290
145 360
145 413
145 440
145 471
145 476
145 502
145 571
145 629
145 634
145 715
145 740
145 772
145 873
145 975
146 302
146 324
146 326
146 352
146 377
146 415
146 479
146 537
146 710
146 716
146 807
146 827
146 832
146 856
146 881
147 149
147 159
147 183
147 186
147 273
147 323
147 329
147 355
147 358
147 387
147 408
147 428
147 476
147 485
147 486
147 487
147 520
147 541
147 763
147 787
147 790
147 997
148 179
148 190
148 192
148 208
148 243
148 252
148 311
148 741
149 204
149 421
149 560
149 624
149 645
149 706
149 825
150 194
150 221
150 239
150 245
150 314
150 372
150 399
150 414
150 498
150 592
150 631
150 650
150 683
150 767
150 980
151 283
151 344
151 386
151 435
151 452
151 475
151 832
151 1013
151 1019
152 387
152 426
152 431
152 480
152 666
152 866
153 173
153 178
153 185
153 188
153 293
153 314
153 322
153 350
153 353
153 406
153 521
153 564
153 611
153 770
153 827
153 906
153 913
153 932
153 972
153 1008
153 1018
154 192
154 304
154 470
154 571
154 809
154 813
154 932
155 157
155 159
155 173
155 194
155 205
155 225
155 359
155 397
155 412
155 422
155 607
155 757
155 918
155 988
155 1003
156 211
156 222
156 309
156 495
156 536
156 573
156 692
156 740
156 767
156 822
156 824
156 826
156 859
156 904
157 171
157 209
157 233
157 248
157 305
157 593
157 629
157 645
157 748
157 789
157 943
158 788
158 999
159 171
159 194
159 273
159 279
159 292
159 316
159 332
159 357
159 371
159 405
159 467
159 556
159 609
159 742
159 979
160 180
160 196
160 224
160 255
160 282
160 313
160 359
160 371
160 498
160 511
160 561
160 569
160 655
160 759
160 776
160 781
160 883
160 930
160 939
161 205
161 263
161 305
161 381
161 387
161 400
161 416
161 556
161 622
161 630
161 695
161 759
161 887
161 896
161 965
162 204
162 215
162 239
162 260
162 274
162 353
162 378
162 427
162 501
162 524
162 536
162 625
162 677
162 766
162 999
163 235
163 304
163 305
163 466
163 544
163 607
163 751
163 887
163 916
163 941
164 185
164 265
164 283
164 417
164 457
164 509
164 559
164 579
164 580
164 636
164 717
164 933
164 950
164 991
165 191
165 352
165 376
165 513
165 582
165 687
165 722
165 996
166 224
166 234
166 243
166 247
166 571
166 632
166 641
166 658
166 849
166 863
167 173
167 247
167 376
167 425
167 431
167 519
167 521
167 586
167 859
168 176
168 181
168 225
168 478
168 870
169 181
169 228
169 232
169 349
169 593
169 800
169 803
169 920
170 234
170 266
170 274
170 287
170 401
170 425
170 500
170 514
170 529
170 612
170 686
170 741
170 746
170 838
170 1015
171 176
171 225
171 303
171 481
171 551
171 568
171 619
171 891
172 450
172 646
172 651
172 684
172 685
172 858
173 192
173 345
173 372
173 561
173 875
173 895
174 181
174 215
174 244
174 251
174 282
174 324
174 360
174 409
174 413
174 513
174 543
174 546
174 560
174 656
174 891
175 504
175 525
175 763
175 765
175 847
175 943
176 320
176 368
176 381
176 399
176 449
176 458
176 463
176 497
176 503
176 558
176 588
176 612
176 859
176 1011
176 1015
177 197
177 290
177 420
177 463
177 544
177 568
177 581
177 605
177 662
177 664
177 690
177 734
177 755
177 769
177 909
177 957
177 976
177 993
178 190
178 203
178 300
178 328
178 354
178 357
178 610
178 715
178 972
179 198
179 207
179 447
179 524
179 532
179 698
179 798
180 241
180 269
180 275
180 355
180 455
180 572
180 586
180 587
180 599
180 634
180 647
180 829
181 307
181 322
181 395
181 462
181 520
182 184
182 247
182 259
182 276
182 277
182 307
182 315
182 349
182 409
182 464
182 505
182 515
182 622
182 708
182 761
182 765
182 875
182 1002
183 234
183 306
183 394
183 472
183 836
183 900
183 934
184 185
184 199
184 309
184 335
184 404
184 436
184 513
184 575
184 599
184 668
184 700
184 739
184 826
184 866
184 955
185 200
185 285
185 327
185 423
185 491
185 585
185 785
185 810
186 230
186 242
186 247
186 248
186 271
186 287
186 361
186 367
186 386
186 421
186 509
186 534
186 573
186 648
186 745
187 380
187 742
188 192
188 252
188 295
188 319
188 354
188 453
188 482
188 486
188 615
188 696
188 776
188 907
189 200
189 480
189 641
189 754
189 885
189 978
190 197
190 237
190 301
190 350
190 358
190 381
190 421
190 440
190 459
190 531
190 665
190 793
190 824
190 835
190 849
190 908
191 249
191 290
191 298
191 346
191 363
191 373
191 378
191 424
191 470
191 566
191 640
191 755
191 800
191 843
191 891
191 977
191 978
192 442
192 523
192 554
192 608
192 856
192 865
192 870
192 998
193 227
193 255
193 283
193 338
193 520
193 567
193 573
193 599
193 610
193 644
193 671
193 677
193 691
193 738
193 781
193 846
193 980
193 994
193 995
193 1012
194 359
194 377
194 570
194 731
194 894
195 212
195 228
195 231
195 260
195 284
195 294
195 309
195 376
195 442
195 493
195 562
195 583
195 588
195 594
195 618
195 696
195 713
195 785
195 912
195 928
195 967
196 205
196 390
196 414
196 858
196 870
197 209
197 265
197 297
197 319
197 408
197 437
197 474
197 615
197 618
197 624
197 777
197 872
197 883
197 1022
198 221
198 242
198 285
198 330
198 355
198 513
198 608
198 828
198 902
198 906
198 938
198 965
199 245
199 336
199 377
199 472
199 563
199 570
199 751
199 777
199 909
199 966
200 202
200 229
200 230
200 237
200 253
200 280
200 287
200 289
200 367
200 417
200 447
200 469
200 502
200 554
200 558
200 633
200 688
200 728
200 828
200 845
200 911
200 970
200 978
200 981
201 223
201 227
201 294
201 322
201 553
201 959
201 973
202 203
202 225
202 230
202 240
202 254
202 310
202 318
202 335
202 338
202 347
202 358
202 442
202 496
202 577
202 607
202 661
202 665
202 727
202 770
202 860
202 873
202 998
203 206
203 209
203 295
203 332
203 517
203 547
203 563
203 616
203 630
203 641
203 662
203 710
203 742
203 776
203 809
203 815
203 831
203 834
203 895
203 926
203 945
203 1010
204 216
204 297
204 603
204 813
204 840
204 879
204 924
204 960
204 974
205 217
205 230
205 316
205 382
205 531
205 629
205 643
205 740
205 763
205 827
206 235
206 249
206 325
206 395
206 535
206 664
206 937
207 318
207 324
207 330
207 656
207 794
207 843
207 984
208 340
208 376
208 417
208 463
208 482
208 906
208 916
208 947
208 948
209 213
209 461
209 490
209 635
209 648
209 668
209 718
209 887
209 950
210 250
210 313
210 408
210 439
210 443
210 481
210 507
210 522
210 614
210 652
210 721
210 729
210 894
210 917
210 937
210 971
210 985
210 1008
211 268
211 274
211 402
211 407
211 521
211 727
211 827
211 912
212 217
212 226
212 278
212 280
212 419
212 464
212 516
212 534
212 799
212 885
213 223
213 340
213 393
213 403
213 543
213 562
213 600
213 942
213 946
214 296
214 304
214 341
214 382
214 408
214 430
214 501
214 521
214 578
214 593
214 913
214 917
214 957
215 263
215 267
215 292
215 297
215 356
215 408
215 413
215 415
215 468
215 501
215 507
215 564
215 613
215 663
215 676
215 726
215 833
215 860
215 910
216 331
216 366
216 441
216 468
216 541
216 730
216 787
216 933
217 326
217 505
217 569
217 791
217 936
217 968
218 248
218 296
218 308
218 333
218 435
218 533
218 918
219 365
219 375
219 384
219 534
219 611
219 633
219 751
219 942
220 226
220 268
220 280
220 293
220 397
220 451
220 474
220 599
220 987
221 268
221 337
221 468
221 503
221 524
221 630
221 640
221 652
221 754
221 869
221 1010
222 234
222 306
222 375
222 439
222 479
222 511
222 632
223 286
223 348
223 364
223 389
223 394
223 433
223 479
223 499
223 672
223 854
224 232
224 245
224 303
224 308
224 413
224 567
224 616
224 770
224 832
224 896
224 898
224 1008
225 275
225 277
225 682
225 702
225 803
225 999
226 339
226 391
226 573
226 649
226 694
226 730
226 801
226 806
226 867
226 891
226 967
227 256
227 312
227 318
227 356
227 439
227 460
227 528
227 578
227 819
227 856
228 299
228 309
228 398
228 562
228 649
228 792
228 857
228 955
229 261
229 267
229 306
229 340
229 379
229 399
229 440
229 444
229 463
229 466
229 558
229 838
229 900
230 239
230 311
230 319
230 346
230 364
230 387
230 428
230 531
230 805
230 876
230 887
230 983
231 238
231 255
231 368
231 487
231 657
231 681
231 788
231 963
232 242
232 256
232 273
232 314
232 393
232 419
232 468
232 546
232 566
232 583
232 703
232 796
232 1003
232 1006
233 395
233 469
233 714
233 819
234 339
234 344
234 348
234 492
234 519
234 520
234 602
234 604
234 608
234 614
234 643
234 676
234 731
234 969
234 1006
235 239
235 339
235 358
235 539
235 550
235 598
235 630
235 636
235 648
236 242
236 259
236 268
236 293
236 481
236 667
236 699
236 737
236 743
236 754
236 770
236 793
236 855
236 886
237 264
237 297
237 376
237 383
237 435
237 543
237 687
237 701
237 739
237 825
237 848
237 868
237 890
237 906
237 984
238 276
238 441
238 458
238 462
238 502
238 511
238 672
239 260
239 360
239 453
239 457
239 485
239 650
239 742
239 794
239 870
239 985
240 246
240 259
240 290
240 324
240 464
240 517
240 531
240 611
240 613
240 728
240 902
240 957
240 1006
240 1007
241 332
241 530
241 562
241 639
241 647
241 695
241 1010
242 330
242 335
242 376
242 384
242 437
242 448
242 535
242 542
242 578
242 687
242 807
242 883
242 934
243 328
243 626
243 703
243 716
243 796
243 952
244 319
244 382
244 538
244 557
244 684
244 823
244 838
244 915
244 1005
245 287
245 363
245 385
245 454
245 500
245 502
245 554
245 704
245 910
245 924
246 329
246 361
246 373
246 394
246 446
246 479
246 510
246 665
246 687
246 733
246 847
246 869
246 933
246 968
246 988
247 288
247 360
247 390
247 405
247 534
247 582
247 822
247 969
248 261
248 362
248 363
248 373
248 441
248 589
248 620
248 685
248 696
248 732
248 862
249 372
249 471
249 553
249 576
249 600
249 707
249 764
249 790
249 835
249 903
250 383
250 517
250 553
250 737
250 739
250 853
250 937
251 273
251 295
251 341
251 405
251 425
251 675
252 301
252 331
252 349
252 555
252 682
252 846
252 888
252 892
252 921
252 984
252 1017
253 384
253 709
253 907
254 312
254 379
254 396
254 427
254 519
254 750
255 265
255 365
255 384
255 414
255 506
255 537
255 631
255 646
255 678
255 687
255 843
255 943
255 1004
256 329
256 397
256 483
256 519
256 624
256 860
256 862
256 910
256 956
257 316
257 647
257 670
258 295
258 308
258 345
258 360
258 476
258 565
258 629
258 763
258 904
258 951
259 342
259 387
259 483
259 525
259 547
259 649
259 684
259 875
259 922
260 303
260 467
260 473
260 595
260 628
260 789
261 315
261 331
261 411
261 415
261 470
261 569
261 658
261 659
261 920
262 507
262 724
262 728
262 816
262 855
262 925
263 370
263 441
263 632
264 428
264 435
264 479
264 578
264 599
264 634
264 685
265 288
265 344
265 392
265 443
265 537
265 574
265 621
265 841
265 862
265 1000
266 336
266 451
266 496
266 790
267 462
267 503
267 743
267 747
267 769
268 292
268 405
268 434
268 549
268 570
268 625
268 805
268 832
268 881
268 934
269 329
269 342
269 635
269 673
269 696
269 716
269 786
269 789
269 827
269 857
269 901
270 271
270 335
270 378
270 397
270 423
270 492
270 582
270 730
270 776
270 885
271 272
271 300
271 307
271 326
271 371
271 375
271 381
271 532
271 620
271 622
271 638
271 666
271 871
271 916
271 977
271 992
272 325
272 333
272 339
272 450
272 484
272 538
272 694
272 866
272 899
272 939
272 977
273 285
273 329
273 342
273 352
273 358
273 360
273 438
273 560
273 602
273 627
273 640
273 663
273 782
273 867
273 974
273 976
274 308
274 327
274 342
274 467
274 548
274 568
274 602
274 653
274 656
274 784
274 799
275 289
275 317
275 342
275 348
275 354
275 385
275 650
275 665
275 672
275 686
275 752
275 860
275 920
276 285
276 340
276 347
276 416
276 485
276 598
276 805
276 933
277 296
277 302
277 368
277 369
277 452
277 629
278 330
278 416
278 734
278 738
278 791
278 866
278 990
278 1014
279 287
279 370
279 398
279 488
279 587
279 806
279 813
280 300
280 340
280 399
280 431
280 443
280 454
280 518
280 597
280 835
280 855
281 310
281 314
281 323
281 496
281 636
281 678
281 679
282 314
282 339
282 376
282 401
282 406
282 950
283 374
283 505
283 670
283 686
284 311
284 398
284 542
284 596
284 611
284 656
284 822
285 312
285 497
285 633
285 700
285 771
286 394
286 435
286 479
286 556
286 589
286 592
286 661
286 831
286 845
286 875
286 920
287 628
287 842
287 875
287 944
288 324
288 348
288 370
288 390
288 412
288 424
288 483
288 788
288 938
289 358
289 426
289 523
289 585
289 697
289 708
289 720
289 763
289 821
289 832
290 326
290 343
290 386
290 404
290 418
290 581
290 603
291 504
291 647
291 834
291 987
292 298
292 451
292 457
292 458
292 486
292 552
292 667
292 698
292 746
292 830
292 1011
293 302
293 353
293 580
293 617
293 647
293 667
293 695
293 841
293 932
293 974
294 325
294 397
294 410
294 728
294 828
295 325
295 383
295 536
295 663
295 699
295 810
295 1013
296 384
296 430
296 589
296 842
297 610
297 614
297 699
297 700
297 842
297 1002
298 327
298 478
298 540
298 548
299 370
299 506
299 590
299 591
299 725
299 821
299 878
299 927
299 931
299 992
300 345
300 376
300 488
300 540
300 561
300 639
300 778
300 829
301 315
301 362
301 549
301 711
301 719
301 768
301 775
301 783
301 841
301 956
302 306
302 320
302 347
302 375
302 432
302 452
302 457
302 469
302 620
302 623
302 632
302 752
302 774
302 847
302 872
302 895
302 953
302 996
303 351
303 388
303 478
303 575
303 666
303 888
303 940
304 329
304 419
304 532
304 660
304 914
305 310
305 322
305 328
305 438
305 445
305 570
305 729
305 824
305 826
305 837
305 1014
306 372
306 589
306 669
306 682
306 816
306 912
306 943
306 959
307 320
307 614
307 795
307 814
307 817
307 819
307 837
307 990
307 1012
308 473
308 642
309 385
309 541
309 858
309 989
309 1001
310 316
310 327
310 425
310 446
310 615
310 727
310 761
310 863
310 980
311 314
311 343
311 349
311 447
311 929
311 1017
312 452
312 552
312 678
312 721
312 802
312 942
312 962
313 394
313 411
313 529
313 668
313 853
314 365
314 374
314 396
314 436
314 734
314 865
315 402
315 431
315 619
315 643
315 670
316 396
316 551
316 683
316 838
316 883
316 943
316 983
316 1008
317 550
317 769
317 833
317 893
317 914
317 921
317 1009
318 348
318 442
318 474
318 539
318 614
318 649
318 804
319 354
319 454
319 461
319 573
319 670
319 903
320 354
320 373
320 443
320 461
320 748
320 760
320 918
320 994
321 415
321 440
321 531
321 555
321 611
321 707
321 719
321 729
321 833
321 841
321 928
321 942
322 325
322 333
322 411
322 535
322 553
322 578
322 723
322 738
322 754
322 819
322 901
322 905
323 424
323 485
323 738
323 822
323 894
324 386
324 421
324 428
324 557
324 625
324 655
324 766
324 813
324 885
324 939
325 495
325 617
325 626
325 755
325 803
325 830
325 962
326 377
326 454
326 471
326 603
326 773
326 983
327 362
327 364
327 391
327 406
327 426
327 527
327 546
327 552
327 643
327 649
327 1015
328 329
328 338
328 474
328 485
328 989
329 416
329 423
329 454
329 481
329 504
329 606
329 632
329 935
330 420
330 644
330 698
330 885
330 888
331 369
331 563
331 566
331 580
331 629
331 648
331 731
332 493
332 613
332 708
332 737
332 861
333 839
333 874
333 944
334 455
334 473
334 581
334 609
334 860
335 336
335 483
335 845
335 904
336 388
336 617
336 703
336 885
336 986
337 444
337 566
337 582
337 612
337 914
337 928
338 459
338 653
339 467
339 678
339 748
339 754
339 918
339 971
340 364
340 366
340 430
340 579
340 591
340 678
340 681
340 690
340 695
341 362
341 385
341 394
341 426
341 552
341 775
341 812
341 890
341 976
342 480
342 543
342 798
343 380
343 987
344 382
344 417
344 497
344 498
344 676
344 689
345 388
345 573
345 664
345 760
345 863
346 842
346 905
346 954
347 409
347 514
347 589
347 781
347 783
347 813
347 992
348 379
348 497
348 651
348 727
348 835
348 892
349 494
349 562
349 595
349 618
349 923
350 410
350 585
350 606
350 944
350 954
351 450
351 497
351 633
351 642
351 673
351 770
352 401
352 518
352 638
352 886
353 359
353 461
353 588
353 656
353 723
353 756
353 796
353 808
353 827
353 874
353 1016
354 423
354 463
354 545
354 568
354 617
354 738
354 861
354 882
354 895
354 915
354 1023
355 516
355 677
355 697
355 784
356 362
356 462
356 468
356 538
356 890
356 959
356 961
357 401
357 501
357 612
357 880
357 923
358 733
359 388
359 474
359 475
359 491
359 525
359 574
359 984
359 988
360 499
360 628
360 680
360 732
360 994
361 431
361 472
361 558
361 561
361 740
361 785
361 801
361 898
362 405
362 478
362 768
362 779
362 791
362 874
362 934
362 977
363 435
363 499
363 688
363 748
364 447
364 498
364 518
364 758
364 782
365 661
365 767
365 882
365 889
366 746
366 828
366 1015
367 371
367 497
367 546
367 637
367 716
367 743
367 804
367 853
367 957
367 966
368 379
368 459
368 498
368 500
368 560
368 646
368 685
368 768
368 823
368 858
368 878
368 1013
369 565
369 572
370 475
370 513
370 555
370 713
370 756
370 789
370 836
370 877
371 422
371 580
371 1002
371 1019
372 425
372 489
372 614
372 623
372 624
372 628
372 710
372 738
372 769
372 869
372 950
373 563
373 666
373 795
373 918
374 896
374 981
375 392
375 546
375 958
375 967
376 596
377 391
377 445
377 668
377 672
377 709
377 824
378 858
378 874
378 1007
379 410
379 679
379 707
379 716
379 791
379 861
379 918
380 751
380 1004
381 414
381 472
381 556
381 692
381 714
381 1010
382 581
382 602
382 783
382 819
382 844
383 987
384 427
384 455
384 530
384 606
384 666
384 677
384 688
384 879
384 888
384 901
385 486
385 632
385 703
385 722
385 760
386 537
386 599
386 708
386 722
386 756
386 881
387 391
387 436
387 469
387 512
387 530
387 721
387 919
387 931
387 983
388 398
388 412
388 554
388 618
388 801
388 1019
389 419
389 427
389 473
389 477
389 597
389 949
390 400
390 587
390 694
390 859
391 465
391 552
391 574
391 621
391 678
391 683
391 796
391 930
391 989
392 397
392 493
392 671
392 790
392 996
393 447
393 473
394 411
394 445
394 545
394 583
394 770
394 880
394 908
395 506
395 549
395 674
395 726
395 966
396 415
396 477
396 485
396 703
396 808
396 878
397 834
397 886
398 457
398 566
398 600
398 779
399 473
399 498
399 825
399 1001
400 401
400 553
400 612
400 731
400 744
401 404
401 415
401 446
401 453
401 489
401 492
401 627
401 961
402 434
402 450
402 519
402 572
402 624
402 701
402 784
402 845
403 422
403 589
403 610
403 642
403 656
403 735
403 810
403 848
404 429
404 706
404 742
404 771
404 921
405 727
405 886
405 923
406 419
406 754
406 886
406 1016
407 880
408 753
408 773
409 508
409 571
409 637
409 850
410 412
410 527
410 779
410 846
410 850
410 928
411 825
411 828
411 911
411 1014
412 693
412 929
413 429
413 469
413 639
413 784
413 899
413 930
414 542
414 584
415 497
415 526
415 843
415 868
415 890
415 998
415 1019
416 480
416 542
416 644
416 652
416 812
416 826
416 831
416 935
416 968
417 487
417 564
417 800
417 809
417 829
417 862
417 906
418 469
418 565
418 605
418 673
418 946
419 459
419 746
419 846
419 891
419 909
420 633
420 787
420 841
420 861
421 424
421 430
421 434
421 558
421 795
422 477
422 581
422 714
423 553
423 581
423 929
424 488
424 493
424 544
424 588
424 751
425 619
425 717
425 852
425 1011
426 459
426 489
426 522
426 618
426 669
426 816
426 880
427 441
427 497
427 503
427 634
427 673
427 712
427 745
428 488
428 973
428 1006
429 756
430 453
430 552
430 614
430 634
430 680
430 837
430 956
431 448
431 536
431 542
431 566
431 619
431 629
431 676
431 709
431 959
431 1004
432 445
432 777
433 459
434 644
434 879
435 512
435 530
436 490
436 500
436 736
436 743
436 755
437 479
437 688
437 853
437 913
437 914
437 941
438 504
438 555
438 592
438 937
439 522
439 542
439 593
439 970
439 1013
440 637
440 638
440 651
440 654
440 718
440 792
441 448
441 602
441 907
441 998
442 645
442 856
442 892
443 468
443 493
443 631
443 736
443 782
444 467
444 596
444 598
444 652
444 740
444 793
444 822
444 885
445 466
445 532
446 452
446 1007
447 506
447 604
447 670
447 1016
448 597
448 627
448 736
449 455
449 565
449 573
449 608
449 929
449 977
449 979
450 711
451 570
451 599
451 664
451 777
452 453
452 478
452 533
452 550
452 590
452 596
452 626
452 629
452 774
453 792
453 804
454 498
454 574
454 970
455 953
456 697
456 807
456 898
457 964
460 513
460 936
461 788
461 888
461 1017
461 1022
462 775
462 902
463 468
463 499
463 584
463 683
463 719
463 807
464 736
464 756
464 856
464 939
465 529
465 767
465 963
466 873
467 550
467 582
467 817
468 575
468 681
468 794
468 806
468 838
468 905
469 601
469 623
469 656
469 696
469 787
469 809
469 899
470 543
470 732
470 951
471 878
472 486
472 646
472 771
472 854
472 949
473 689
473 698
473 749
473 772
473 836
473 975
474 495
474 542
474 773
474 899
474 905
474 949
475 652
475 711
475 868
475 961
476 539
476 750
476 852
477 560
477 626
477 799
477 805
477 906
478 765
478 859
479 606
479 914
479 915
480 510
480 681
480 860
480 999
481 680
481 755
481 992
482 495
482 567
482 779
483 495
483 562
483 722
483 857
483 866
483 867
484 673
484 823
485 581
487 533
487 707
487 840
487 852
488 499
488 597
488 636
488 704
489 529
489 618
489 626
489 653
489 659
489 960
490 561
490 613
490 653
490 658
490 721
490 784
490 845
490 986
491 583
491 641
492 649
493 669
493 673
494 666
494 677
494 692
494 798
494 827
494 973
494 1020
495 579
495 675
495 870
496 625
496 669
496 767
496 801
497 501
497 504
497 551
497 675
497 766
497 817
497 864
497 897
497 964
497 1021
498 867
498 890
498 891
498 930
499 505
499 609
500 645
500 764
500 977
501 711
501 736
501 759
501 809
501 964
502 586
502 727
502 966
503 640
503 901
504 531
504 600
505 511
505 517
505 518
505 605
505 635
505 669
505 848
505 923
505 1005
506 593
506 603
506 709
507 830
508 599
509 661
509 918
510 665
510 770
510 811
510 826
511 576
511 702
511 827
511 831
511 936
512 545
512 564
512 715
512 793
512 818
512 897
513 527
513 626
513 737
513 815
513 969
514 565
514 575
514 600
514 627
514 662
514 694
514 721
514 736
514 797
514 836
514 898
514 1014
515 628
515 951
516 584
516 587
516 663
516 756
516 955
517 540
517 742
517 821
518 960
519 578
519 664
519 995
520 551
520 702
521 604
521 679
521 682
521 705
521 792
521 798
521 815
523 529
523 601
523 825
523 866
523 883
524 599
524 902
524 1018
525 717
527 540
527 617
527 660
527 661
527 791
527 805
528 597
528 693
528 901
529 675
529 849
529 952
530 694
530 858
531 561
531 605
531 802
531 889
532 858
533 597
533 839
533 998
534 541
534 761
534 873
534 914
534 926
534 927
534 966
534 976
535 652
535 707
536 590
536 685
536 691
537 603
537 674
537 691
537 745
537 911
538 631
538 866
538 917
538 1007
539 616
540 660
540 690
540 726
540 967
541 632
541 666
541 842
542 664
542 686
542 691
542 933
542 981
543 585
543 694
543 711
543 963
543 972
544 749
544 844
544 936
545 852
546 625
546 700
546 706
546 753
547 947
548 784
548 800
549 799
549 841
549 883
549 898
549 923
549 945
550 895
551 613
551 628
551 741
551 780
551 934
552 609
552 711
552 794
553 710
553 839
554 851
555 779
555 988
556 689
556 828
556 881
557 635
558 638
558 664
558 908
558 982
558 1021
559 651
559 664
559 681
559 849
559 971
559 989
561 735
561 895
562 851
564 674
565 615
565 742
565 768
565 804
565 939
566 573
567 908
568 845
568 911
569 640
569 789
570 610
570 636
570 719
570 784
570 801
571 665
571 839
571 849
571 1011
573 653
574 809
574 951
575 711
575 1023
576 601
576 628
576 721
576 757
576 1022
577 781
577 802
577 878
577 917
578 701
578 870
579 606
579 691
579 730
579 743
579 794
579 921
579 941
580 596
581 660
581 676
581 816
581 982
581 1007
582 800
582 896
583 1016
584 744
584 794
585 932
585 956
586 735
586 894
587 716
587 762
587 925
587 932
588 768
588 801
588 854
588 897
589 713
589 919
591 804
591 939
592 627
592 665
592 775
592 786
592 829
592 1018
593 1000
594 598
594 648
594 676
594 717
594 729
594 931
594 937
595 991
596 677
597 661
597 813
597 914
597 975
598 682
598 701
598 739
599 846
601 686
601 709
601 890
601 899
601 959
603 953
603 985
604 625
604 632
604 816
604 891
605 677
605 971
606 654
606 663
606 907
607 697
607 840
608 706
608 851
609 689
609 702
609 859
610 711
612 800
612 889
612 893
612 969
612 1014
615 704
615 970
616 705
616 734
616 792
617 642
617 930
618 622
618 750
619 645
619 824
620 640
620 736
620 769
620 951
622 947
623 733
623 821
623 968
624 778
624 789
624 928
624 974
625 788
625 1022
626 919
627 663
627 706
627 724
627 790
628 764
629 645
629 860
629 869
629 932
630 768
631 693
631 1009
631 1012
632 636
632 649
633 660
633 697
633 953
634 654
634 660
634 726
634 759
635 749
635 804
635 820
635 865
635 882
636 896
637 728
638 672
638 796
638 826
638 909
639 847
639 882
639 977
640 695
640 860
640 995
642 887
643 924
644 669
644 871
644 896
645 656
645 658
645 661
645 734
645 795
645 955
646 929
647 954
647 1013
648 725
648 831
648 973
649 863
649 952
649 960
649 1021
650 699
650 788
650 872
650 955
650 962
651 673
651 713
651 740
651 963
652 765
652 930
652 935
652 944
652 1022
653 840
653 1007
654 777
656 703
656 916
657 757
657 762
657 950
658 678
658 811
658 832
658 840
658 877
658 878
660 820
660 1023
662 983
662 1016
663 681
664 739
664 821
666 747
667 732
667 735
667 857
667 873
667 968
669 724
669 757
669 883
671 693
671 703
671 823
672 675
673 703
673 916
674 681
674 817
674 833
674 834
674 837
674 892
674 899
674 917
674 956
674 961
675 686
675 752
675 900
676 731
678 704
678 855
678 880
678 926
679 753
679 798
679 847
679 868
679 917
680 684
681 853
682 1012
684 708
684 777
684 897
684 908
684 962
685 976
685 1003
686 844
687 733
687 755
687 980
688 782
688 829
689 803
690 843
690 973
691 918
693 702
693 731
693 918
694 803
694 838
694 855
695 749
695 856
695 988
695 1001
696 760
696 870
698 753
699 873
700 772
700 836
700 941
702 1021
703 792
704 797
704 856
704 929
704 1014
705 859
706 725
706 871
707 757
707 889
710 742
711 805
712 904
713 773
716 777
716 868
716 960
716 986
717 1012
718 724
718 735
720 725
720 780
720 826
721 902
721 949
724 750
724 756
724 985
725 733
725 784
725 978
725 980
726 750
728 907
728 916
728 920
729 800
729 834
729 850
729 853
729 913
729 947
730 973
731 775
731 814
731 967
732 769
732 877
733 751
733 906
733 997
735 990
736 905
737 773
739 757
741 879
742 919
743 747
744 797
745 758
746 975
747 802
747 961
747 988
748 780
748 802
749 852
749 924
750 875
751 791
751 895
752 856
752 974
752 1005
753 757
753 873
753 948
753 1002
755 806
755 879
755 945
755 1013
756 894
757 765
757 877
757 895
758 760
759 1022
760 765
760 989
761 819
761 880
761 955
763 832
765 818
765 848
766 811
766 813
766 858
766 1018
767 920
767 992
768 960
769 961
770 786
770 818
772 825
773 984
774 923
774 936
774 1023
775 1005
777 782
777 797
777 990
779 782
779 947
780 850
780 911
782 903
782 924
783 993
785 959
786 795
786 820
787 973
789 982
790 872
791 946
794 812
794 830
794 840
794 894
796 884
796 940
801 808
801 865
802 829
803 837
803 839
803 1002
804 964
805 833
808 882
808 927
808 939
809 846
810 984
812 948
813 879
814 1023
815 919
817 976
820 831
823 884
823 892
823 926
823 1002
823 1023
825 890
825 930
827 955
830 858
830 977
833 961
835 864
836 841
836 898
837 849
842 859
842 943
843 865
847 926
847 996
849 997
850 912
850 970
850 997
852 896
853 864
853 910
854 995
855 952
855 975
856 998
859 1020
861 967
862 934
863 877
863 914
865 906
865 998
869 891
869 958
872 1003
873 1002
881 999
881 1008
881 1020
882 912
883 886
883 996
884 981
885 888
885 907
887 977
888 902
889 974
890 911
892 986
893 928
893 989
894 1017
897 1005
899 1021
900 909
900 949
901 948
902 944
903 970
903 995
904 1008
905 951
907 967
908 1014
911 953
911 969
911 983
914 951
914 991
917 957
918 965
921 1001
922 986
926 1020
928 971
930 966
936 956
941 950
944 1000
948 1015
952 963
955 973
957 1021
970 991
973 979
973 1007
975 996
997 1022
999 1013
1001 1012
