0 35
0 37
0 38
0 39
0 53
0 67
0 81
0 102
0 109
0 129
0 131
0 280
0 285
0 345
0 434
0 461
1 31
1 49
1 90
1 119
1 145
1 287
1 312
1 317
1 354
1 415
1 424
1 435
2 33
2 61
2 66
2 144
2 180
2 230
2 238
2 243
2 273
2 289
2 309
2 330
2 378
2 408
2 454
2 465
2 484
3 49
3 80
3 108
3 109
3 160
3 222
3 254
3 258
3 280
3 332
3 367
3 376
3 395
3 413
3 427
3 450
3 483
4 64
4 114
4 191
4 213
4 217
4 232
4 464
4 489
4 493
5 50
5 167
5 188
5 192
5 200
5 230
5 289
5 296
5 301
5 339
5 419
5 456
5 458
5 466
6 54
6 98
6 104
6 134
6 236
6 255
6 284
6 393
6 423
7 166
7 171
7 200
7 214
7 228
7 236
7 336
7 400
7 468
8 52
8 116
8 191
8 230
8 231
8 260
8 272
8 290
8 362
8 367
8 481
8 500
9 24
9 40
9 86
9 101
9 124
9 140
9 204
9 214
9 232
9 260
9 397
9 447
9 468
10 22
10 33
10 39
10 40
10 61
10 66
10 154
10 185
10 200
10 219
10 442
10 446
10 468
10 478
11 74
11 117
11 134
11 155
11 173
11 198
11 268
11 302
11 314
11 433
11 469
11 494
11 498
12 14
12 45
12 77
12 84
12 86
12 148
12 151
12 245
12 254
12 264
12 282
12 324
12 366
12 376
12 478
13 108
13 136
13 150
13 204
13 206
13 225
13 246
13 283
13 339
13 341
13 424
13 438
13 465
13 471
13 505
14 18
14 29
14 38
14 118
14 194
14 243
14 331
15 30
15 101
15 117
15 349
15 398
15 424
15 449
15 476
16 33
16 46
16 139
16 191
16 215
16 264
16 275
16 282
16 284
16 303
16 315
16 327
16 429
16 475
16 484
17 47
17 51
17 60
17 157
17 302
17 415
17 420
17 436
17 490
17 502
18 23
18 38
18 129
18 131
18 147
18 154
18 155
18 158
18 208
18 231
18 304
18 354
18 426
18 432
18 464
18 506
19 51
19 104
19 126
19 169
19 190
19 292
19 345
19 355
19 363
19 393
19 463
19 475
20 133
20 141
20 147
20 156
20 227
20 259
20 286
20 291
20 348
20 391
20 395
20 404
20 410
20 420
20 462
20 467
21 60
21 62
21 118
21 142
21 195
21 273
21 365
21 409
21 423
21 425
21 484
22 39
22 48
22 56
22 97
22 198
22 235
22 327
22 411
23 29
23 254
23 369
23 409
23 421
23 429
23 436
23 451
24 27
24 69
24 74
24 80
24 128
24 157
24 217
24 224
24 287
24 308
25 67
25 92
25 134
25 207
25 322
25 337
25 395
25 407
25 408
25 511
26 46
26 122
26 137
26 144
26 228
26 237
26 254
26 274
26 322
26 335
26 354
26 435
26 466
26 476
26 496
27 64
27 66
27 73
27 84
27 91
27 137
27 187
27 200
27 219
27 337
27 358
27 436
27 447
27 448
27 464
27 469
27 474
27 493
27 500
28 32
28 221
28 253
28 256
28 347
28 357
28 370
28 418
28 460
28 501
29 118
29 142
29 151
29 172
29 179
29 194
29 259
29 284
29 312
29 346
29 368
29 380
29 466
29 476
29 503
30 131
30 189
30 200
30 317
30 341
30 375
30 399
30 431
30 469
30 475
30 506
31 51
31 59
31 170
31 215
31 218
31 248
31 472
31 504
32 54
32 59
32 71
32 80
32 85
32 232
32 296
32 393
32 397
32 423
32 428
32 468
33 154
33 208
33 223
33 238
33 270
33 281
33 320
33 340
33 364
33 379
33 389
33 390
33 411
33 472
33 482
34 81
34 91
34 121
34 225
34 255
34 271
34 327
34 370
34 384
34 391
34 400
34 415
34 441
35 36
35 73
35 108
35 138
35 166
35 189
35 199
35 212
35 232
35 282
35 286
35 322
35 325
35 331
35 349
35 356
35 383
35 437
36 53
36 131
36 172
36 187
36 197
36 244
36 250
36 258
36 278
36 350
36 353
36 355
36 384
36 412
37 74
37 151
37 175
37 177
37 197
37 216
37 226
37 240
37 278
37 318
37 366
37 373
37 461
37 483
37 503
38 89
38 97
38 203
38 212
38 287
38 319
38 333
38 339
38 369
38 392
38 402
38 433
38 461
38 484
38 496
38 502
39 71
39 98
39 105
39 119
39 206
39 225
39 244
39 250
39 266
39 311
39 343
39 383
39 394
39 497
39 503
40 53
40 136
40 144
40 148
40 166
40 172
40 205
40 250
40 265
40 297
40 320
40 383
40 401
40 467
40 509
41 60
41 128
41 149
41 167
41 197
41 220
41 227
41 236
41 242
41 250
41 298
41 308
41 353
41 423
41 463
41 481
42 57
42 61
42 96
42 129
42 161
42 197
42 214
42 224
42 258
42 302
42 331
42 377
42 385
42 446
42 454
42 500
42 510
42 511
43 59
43 271
43 298
43 324
43 422
44 97
44 103
44 169
44 269
44 291
44 318
44 334
44 366
44 378
44 394
44 425
44 461
45 110
45 112
45 327
45 347
45 357
45 388
45 415
45 449
45 451
45 493
46 73
46 132
46 161
46 168
46 190
46 192
46 207
46 229
46 233
46 271
46 286
46 295
46 312
46 335
46 338
46 340
46 358
46 373
46 422
46 436
47 65
47 78
47 118
47 167
47 202
47 269
47 282
47 296
47 301
47 395
47 445
47 479
48 170
48 172
48 224
48 286
48 366
48 387
48 427
48 476
48 486
48 497
48 498
48 507
49 106
49 114
49 118
49 120
49 198
49 227
49 269
49 311
49 351
49 456
50 80
50 108
50 121
50 155
50 179
50 185
50 218
50 283
50 354
50 403
50 417
50 429
51 123
51 149
51 186
51 219
51 248
51 253
51 356
51 359
51 403
51 429
51 459
51 468
51 471
52 108
52 112
52 151
52 154
52 172
52 210
52 233
52 315
52 382
52 397
52 510
53 100
53 175
53 245
53 274
53 275
53 288
53 391
53 392
53 430
53 431
53 434
53 455
53 476
54 145
54 204
54 273
54 298
54 323
54 370
54 393
54 410
54 506
55 62
55 111
55 114
55 146
55 155
55 158
55 162
55 176
55 267
55 273
55 278
55 287
55 369
55 416
55 423
55 461
55 502
56 59
56 75
56 87
56 89
56 116
56 166
56 167
56 215
56 231
56 285
56 386
56 422
56 437
56 468
56 474
57 64
57 86
57 116
57 139
57 209
57 330
57 356
57 384
57 405
57 444
57 507
58 74
58 94
58 98
58 122
58 198
58 205
58 339
58 365
58 464
58 503
59 79
59 172
59 202
59 294
59 308
59 343
59 490
59 508
60 63
60 136
60 197
60 216
60 321
60 355
60 446
60 479
61 82
61 85
61 126
61 195
61 228
61 253
61 307
61 323
61 328
61 358
61 360
61 384
61 450
61 462
61 492
62 86
62 95
62 146
62 218
62 232
62 266
62 275
62 293
62 313
62 356
62 366
62 389
63 85
63 105
63 108
63 168
63 169
63 238
63 249
63 263
63 264
63 265
63 291
63 321
63 344
63 401
63 426
64 108
64 117
64 147
64 262
64 344
64 379
64 389
64 403
64 468
64 505
65 126
65 295
65 325
65 363
65 370
65 381
65 484
66 88
66 168
66 250
66 255
66 257
66 262
66 348
66 365
66 405
66 407
66 422
66 488
67 85
67 101
67 147
67 155
67 197
67 211
67 251
67 315
67 333
67 361
67 437
68 100
68 120
68 165
68 207
68 210
68 232
68 234
68 242
68 270
68 345
68 378
68 417
68 443
69 113
69 123
69 159
69 205
69 208
69 246
69 262
69 263
69 407
69 470
70 110
70 120
70 166
70 203
70 232
70 342
70 356
70 358
70 372
70 393
70 418
70 426
70 505
70 506
71 135
71 213
71 293
71 299
71 340
71 393
71 404
71 427
71 430
72 98
72 135
72 140
72 155
72 190
72 235
72 268
72 275
72 334
72 357
72 374
73 114
73 153
73 191
73 328
73 378
73 383
73 430
73 435
73 442
74 163
74 224
74 250
74 274
74 283
74 284
74 393
74 422
75 123
75 133
75 244
75 284
75 312
75 334
75 400
75 401
75 416
75 475
76 117
76 191
76 246
76 250
76 321
76 342
76 345
76 426
76 466
76 477
77 93
77 106
77 121
77 188
77 190
77 210
77 291
77 402
77 462
77 466
77 480
78 82
78 103
78 118
78 188
78 251
78 267
78 405
78 412
78 493
79 100
79 128
79 234
79 275
79 329
80 89
80 166
80 198
80 267
80 280
80 293
80 298
80 374
80 382
80 389
80 422
80 440
80 461
81 176
81 269
81 313
81 339
81 405
81 468
82 153
82 161
82 165
82 178
82 241
82 242
82 338
82 385
82 405
82 492
83 124
83 135
83 191
83 219
83 440
83 475
83 495
84 109
84 160
84 229
84 258
84 351
84 357
84 408
84 413
84 419
84 433
84 456
84 470
85 110
85 225
85 233
85 297
85 446
86 118
86 132
86 157
86 163
86 311
86 414
86 416
86 427
86 468
86 491
87 94
87 121
87 141
87 212
87 220
87 244
87 275
87 334
87 380
87 385
87 403
87 413
88 104
88 106
88 215
88 255
88 274
88 280
88 299
88 442
89 177
89 187
89 221
89 240
89 266
89 298
89 348
89 375
89 376
89 422
89 506
90 182
90 297
90 301
90 314
90 422
90 445
90 468
90 493
91 138
91 155
91 169
91 197
91 231
91 235
91 284
91 304
91 320
91 331
91 407
91 509
92 139
92 215
92 247
92 261
92 296
92 346
92 362
92 413
92 448
92 471
93 105
93 239
93 322
93 343
93 387
94 148
94 163
94 247
94 263
94 267
94 295
94 353
94 355
94 383
94 477
95 150
95 211
95 223
95 312
95 402
95 445
95 478
96 258
96 268
96 366
96 376
96 391
96 409
96 493
97 141
97 156
97 209
97 245
97 380
97 385
97 386
97 417
98 152
98 183
98 215
98 225
98 232
98 384
98 387
98 474
98 492
99 104
99 122
99 187
99 193
99 195
99 204
99 245
99 285
99 328
99 345
99 361
99 380
99 469
99 505
100 108
100 137
100 164
100 233
100 245
100 276
100 325
100 428
100 429
100 446
100 465
101 116
101 156
101 183
101 273
101 305
101 328
101 334
101 343
101 366
101 391
102 200
102 204
102 250
102 274
102 377
102 399
102 405
102 427
103 125
103 135
103 147
103 201
103 319
103 354
103 358
103 395
103 492
103 499
104 109
104 201
104 225
104 241
104 247
104 277
104 381
104 384
104 419
104 494
105 107
105 129
105 145
105 152
105 157
105 214
105 281
105 332
105 343
105 370
105 427
105 443
105 495
106 139
106 179
106 230
106 306
106 321
106 326
106 342
106 359
106 385
106 460
107 115
107 130
107 297
107 312
107 327
107 342
107 375
107 378
107 432
107 459
107 508
108 114
108 127
108 192
108 219
108 255
108 320
108 321
108 368
108 370
108 393
108 417
108 439
108 445
108 472
108 475
108 505
109 119
109 154
109 168
109 236
109 315
109 356
109 408
109 450
109 457
110 184
110 203
110 207
110 247
110 248
110 433
110 453
110 492
110 508
111 243
111 292
111 310
111 379
111 386
111 504
112 162
112 167
112 177
112 231
112 276
112 313
112 384
112 403
113 137
113 237
113 321
113 355
113 364
113 376
113 396
113 413
113 423
113 443
114 141
114 168
114 245
114 284
114 317
114 330
114 333
114 349
114 377
114 385
114 423
114 448
114 481
114 494
115 116
115 134
115 172
115 237
115 283
115 309
115 316
115 317
115 372
115 404
115 405
115 432
115 494
115 509
116 123
116 210
116 297
116 303
116 319
116 430
116 489
117 130
117 166
117 167
117 179
117 253
117 328
117 346
117 406
118 124
118 131
118 157
118 182
118 203
118 214
118 298
118 364
118 488
118 498
119 148
119 180
119 242
119 269
119 415
119 422
119 426
119 467
120 130
120 139
120 151
120 211
120 262
120 276
120 454
120 466
120 485
121 138
121 241
121 369
121 426
121 453
122 146
122 235
122 282
122 431
123 141
123 294
123 320
123 390
123 392
123 419
124 161
124 234
124 261
124 273
124 312
124 334
124 347
124 377
124 402
124 449
125 221
125 243
125 277
125 292
125 354
125 371
125 430
126 143
126 301
126 358
126 371
126 418
126 445
126 459
127 133
127 206
127 237
127 251
127 319
127 325
127 449
127 459
127 472
127 482
127 509
128 141
128 234
128 235
128 242
128 298
128 363
128 470
128 505
129 153
129 161
129 216
129 268
129 300
129 317
129 336
129 338
129 353
129 431
130 150
130 286
130 300
130 302
130 305
130 334
130 341
130 343
130 468
130 498
130 502
131 190
131 200
131 245
131 252
131 261
131 271
131 371
131 373
131 447
131 504
131 507
132 181
132 250
132 253
132 258
132 277
132 320
132 347
132 414
132 442
132 462
133 145
133 168
133 179
133 213
133 221
133 250
133 267
133 412
134 139
134 148
134 237
134 315
134 438
134 468
135 176
135 280
135 333
135 389
135 404
135 428
135 466
135 497
135 502
136 148
136 191
136 200
136 206
136 228
136 245
136 262
136 298
136 368
136 452
136 499
137 186
137 213
137 228
137 342
137 353
137 391
138 151
138 159
138 232
138 259
138 279
138 297
138 315
138 337
138 391
138 446
138 504
139 159
139 273
139 295
139 308
139 359
139 386
139 390
139 414
139 432
139 469
139 482
140 146
140 163
140 318
140 321
140 421
140 437
140 444
141 154
141 252
141 491
141 499
142 198
142 211
142 213
142 223
142 247
142 306
142 366
142 432
142 449
142 455
143 194
143 237
143 334
143 379
143 483
144 211
144 293
144 310
144 323
144 350
144 370
144 404
145 184
145 271
145 408
145 454
145 475
146 185
146 222
146 251
146 276
146 308
146 332
146 341
146 488
146 502
147 243
147 253
147 286
147 367
147 390
147 431
147 432
148 217
148 234
148 240
148 255
148 504
149 166
149 277
149 285
149 296
149 392
149 437
149 464
149 479
150 218
150 223
150 248
150 252
150 268
150 333
150 348
150 368
150 412
150 440
151 236
151 330
151 337
151 351
151 413
151 417
151 482
152 194
152 213
152 466
153 185
153 186
153 207
153 225
153 243
153 248
153 263
153 280
153 339
153 397
153 463
153 465
153 474
153 493
154 164
154 195
154 295
154 453
154 502
155 243
155 248
155 292
155 335
155 368
155 372
155 395
155 447
155 457
155 507
156 221
156 307
156 343
156 345
156 351
156 354
156 382
156 395
156 401
156 430
156 486
156 487
156 495
157 209
157 235
157 259
157 273
157 279
157 401
157 422
157 462
157 466
157 493
158 170
158 176
158 243
158 270
158 276
158 350
158 352
158 390
158 417
158 449
158 483
158 502
159 175
159 210
159 231
159 244
159 258
159 292
159 380
159 404
159 415
159 423
159 503
160 199
160 291
160 335
160 355
160 444
160 447
161 163
161 209
161 252
161 274
161 415
161 423
162 196
162 202
162 212
162 226
162 229
162 265
162 297
162 358
162 500
163 174
163 256
163 267
163 270
163 294
163 357
163 362
163 400
163 413
163 424
163 469
163 509
164 178
164 187
164 192
164 314
164 370
164 375
164 378
164 402
164 470
165 176
165 180
165 208
165 214
165 309
165 398
165 404
165 435
165 464
165 477
165 481
166 174
166 183
166 265
166 293
166 337
166 351
166 380
166 404
166 426
166 455
166 511
167 219
167 245
167 283
167 288
167 319
167 325
167 441
167 463
167 485
168 178
168 257
168 296
168 343
168 365
168 380
168 422
168 428
168 470
168 472
168 495
168 503
169 207
169 305
169 310
169 388
169 416
169 422
169 465
170 184
170 202
170 230
170 235
170 241
170 308
170 338
170 393
170 430
170 452
170 457
170 489
170 506
171 322
171 367
171 371
171 488
172 197
172 218
172 301
172 330
172 366
172 373
172 375
172 397
172 402
172 418
172 476
172 501
172 508
173 201
173 256
173 260
173 265
173 286
173 294
173 303
173 365
173 376
173 425
173 427
173 464
174 183
174 227
174 271
174 299
174 329
174 358
174 363
174 384
174 400
174 444
174 469
175 199
175 219
175 297
175 314
175 325
175 331
175 420
175 471
176 234
176 315
176 331
176 336
176 382
176 409
176 421
176 465
177 287
177 309
177 329
177 338
177 363
177 409
177 490
178 185
178 186
178 216
178 317
178 343
178 357
178 401
178 405
178 448
179 203
179 330
179 368
179 380
179 392
179 393
179 429
179 442
180 230
180 310
180 345
180 346
180 349
180 387
180 452
180 469
180 473
180 500
181 182
181 243
181 383
181 418
181 424
181 435
181 451
181 480
181 484
181 491
181 502
182 215
182 218
182 291
182 296
182 345
182 348
182 390
182 430
182 442
182 473
183 313
183 372
183 391
184 194
184 215
184 224
184 240
184 411
184 436
184 456
184 465
184 472
185 295
185 376
185 469
185 473
185 478
186 196
186 199
186 217
186 230
186 287
186 335
186 430
186 456
186 458
186 496
187 234
187 263
187 287
187 381
187 388
187 479
187 493
188 216
188 266
188 276
188 282
188 350
188 373
188 414
189 280
189 288
189 344
189 381
189 427
189 444
190 201
190 244
190 326
190 369
190 471
190 508
191 309
191 316
191 332
191 403
191 424
191 453
192 243
192 268
192 282
192 287
192 288
192 292
192 410
192 450
192 456
193 199
193 213
193 224
193 251
193 275
193 326
193 393
193 403
193 417
193 465
193 475
194 219
194 260
194 262
194 275
194 299
194 320
194 366
194 429
194 458
194 492
195 256
195 288
195 328
195 338
195 352
195 397
195 482
196 234
196 266
196 290
196 304
196 369
196 392
196 407
196 453
196 455
196 464
196 474
196 475
196 498
197 257
197 298
197 318
197 395
197 433
197 472
198 283
198 293
198 340
198 471
198 505
199 227
199 231
199 254
199 255
199 266
199 301
199 350
200 282
200 354
200 360
200 403
201 221
201 357
201 360
201 402
201 420
201 432
201 470
202 211
202 214
202 242
202 254
202 278
202 292
202 296
202 337
202 349
202 364
202 402
202 483
202 502
203 209
203 224
203 365
203 469
203 500
204 218
204 225
204 280
204 288
204 372
204 506
205 227
205 250
205 261
205 284
205 328
205 371
205 439
205 485
206 216
206 235
206 281
206 352
206 364
206 410
206 443
206 489
207 231
207 360
208 242
208 274
208 275
208 375
208 380
208 486
208 500
209 282
209 308
209 383
209 399
209 448
209 483
209 498
209 507
210 257
210 285
210 297
210 321
210 328
210 432
211 312
211 358
211 362
211 402
211 430
211 500
212 231
212 251
212 256
212 336
212 484
213 268
213 304
213 324
213 331
213 402
213 444
213 449
213 480
214 223
214 282
214 298
214 343
214 459
214 474
214 485
215 461
216 238
216 304
216 358
216 505
217 241
217 267
217 280
217 291
217 311
217 352
217 353
218 271
218 342
218 378
218 424
218 425
218 474
219 244
219 253
219 286
219 303
219 309
219 510
220 373
220 385
220 388
220 420
220 459
220 475
220 490
220 495
221 272
221 301
221 375
221 383
221 414
221 444
221 452
221 460
221 480
222 241
222 284
222 291
222 342
222 380
222 400
222 425
222 442
222 469
222 496
223 313
223 332
223 357
223 399
223 400
223 431
224 228
224 234
224 242
224 372
224 394
224 401
224 459
224 460
224 489
225 262
225 340
225 380
225 425
225 430
225 453
225 462
226 245
226 264
226 446
226 476
227 251
227 281
227 307
227 332
227 340
227 459
228 234
228 254
228 272
228 276
228 326
228 364
228 394
228 412
228 472
229 257
229 274
229 284
229 355
229 444
229 461
229 483
229 501
230 249
230 256
230 268
230 291
230 303
230 399
230 449
230 462
230 475
230 488
230 504
230 510
231 281
231 288
231 317
231 325
231 332
231 443
231 482
232 237
232 238
232 252
232 261
232 287
232 322
232 336
232 400
232 411
232 429
232 437
232 443
232 501
233 343
233 365
233 369
233 373
233 380
233 392
233 424
233 434
233 437
233 501
234 299
234 306
234 335
234 357
234 359
234 360
234 401
234 464
234 472
234 473
235 275
235 285
235 302
235 325
235 331
235 340
235 355
235 397
235 418
235 458
235 484
235 485
236 256
236 342
236 394
236 454
236 459
237 305
237 340
237 381
237 383
237 397
237 415
237 436
237 474
237 484
237 495
238 253
238 292
238 295
238 317
238 322
238 398
238 467
238 508
239 273
239 339
239 360
239 369
239 414
239 439
239 456
239 458
240 251
240 281
240 304
240 381
240 422
240 484
241 275
241 305
241 308
241 311
241 336
241 416
241 457
241 487
242 297
242 343
242 356
242 389
242 471
242 484
242 490
242 509
243 250
243 274
243 276
243 314
243 330
243 411
243 422
243 444
243 447
243 507
244 292
244 328
244 420
244 441
244 481
244 483
244 507
245 272
245 284
245 341
245 404
245 407
245 424
245 441
245 496
246 294
246 326
246 339
246 354
246 374
246 493
247 283
247 335
247 348
247 398
247 422
247 431
247 449
247 469
247 472
247 477
247 478
248 259
248 315
248 319
248 429
248 446
248 457
248 458
248 461
248 469
248 493
248 494
249 361
249 505
250 264
250 266
250 281
250 343
250 344
250 352
250 417
250 434
251 340
251 358
251 389
251 390
252 259
252 282
252 293
252 406
252 420
252 423
253 304
253 351
253 382
253 388
253 403
253 442
253 465
253 474
254 292
254 308
254 478
255 392
255 399
255 409
255 438
255 477
255 483
255 496
255 500
256 339
256 358
256 364
256 378
256 417
256 481
256 486
257 297
257 317
257 442
257 479
258 294
258 364
259 284
259 287
259 315
259 388
259 450
259 504
260 272
260 276
260 300
260 313
260 318
260 386
260 410
260 435
261 270
261 291
261 351
261 371
261 382
261 388
261 438
261 480
261 481
262 287
262 291
262 321
262 335
262 359
262 375
262 438
262 500
263 284
263 344
263 358
263 391
263 426
263 452
264 298
264 305
264 329
264 331
264 394
264 439
265 352
265 386
265 391
265 446
266 499
267 274
267 410
267 429
267 453
267 464
267 474
268 272
268 282
268 290
268 318
268 333
268 372
268 388
268 429
268 435
268 441
268 494
269 275
269 313
269 362
269 389
269 394
269 455
270 298
270 437
270 453
270 464
270 469
270 484
271 314
271 316
271 339
271 341
271 351
271 402
271 432
271 435
271 439
272 280
272 333
272 349
272 372
272 390
272 403
272 422
272 453
272 471
273 282
273 381
273 393
273 419
273 422
273 437
273 494
274 343
274 399
274 401
274 436
274 466
274 476
274 477
274 486
275 303
275 436
275 463
276 301
276 378
276 393
276 444
276 446
277 325
277 339
277 448
277 462
278 286
278 309
278 388
278 415
278 458
278 476
278 510
279 460
280 334
280 340
280 376
280 385
280 394
280 429
280 430
280 458
280 479
280 496
281 312
281 380
281 389
281 406
281 444
281 449
281 453
281 502
282 312
282 353
282 358
283 361
283 407
283 500
284 330
284 343
284 350
284 357
284 398
284 491
285 311
285 343
285 364
285 398
285 428
285 442
285 452
285 458
285 469
285 502
285 506
286 385
286 392
287 306
287 443
288 290
288 299
288 335
289 333
289 398
289 456
289 470
289 484
290 316
290 363
290 365
290 368
290 431
290 434
290 452
292 331
292 414
292 423
292 476
293 342
293 357
293 374
293 389
293 468
293 506
294 309
294 316
294 342
294 443
294 452
294 483
294 502
295 391
296 299
296 410
296 493
296 498
296 502
297 315
297 337
297 339
297 386
297 443
297 502
298 303
298 337
298 447
299 312
299 417
299 467
300 308
300 321
300 322
300 440
300 498
301 339
301 391
301 396
301 466
301 471
301 484
301 487
301 508
302 337
302 346
302 382
302 445
302 488
303 325
303 333
303 394
303 422
303 449
303 493
304 383
304 430
304 451
304 497
305 336
305 466
305 481
305 482
305 488
305 494
306 372
306 433
306 471
306 473
306 482
307 327
307 385
307 420
307 446
307 511
308 347
308 348
308 366
308 414
309 326
309 368
309 405
310 385
310 388
310 506
311 328
311 348
311 369
311 440
311 471
311 487
311 494
312 364
312 386
312 423
312 430
312 440
312 445
312 451
312 487
312 496
313 343
313 384
313 402
313 426
313 431
313 439
313 476
314 323
314 345
314 364
314 385
315 355
315 362
315 369
315 442
316 369
316 392
317 358
317 365
317 400
317 460
317 481
317 492
317 493
318 344
318 380
318 408
318 439
318 473
318 480
318 494
319 351
319 399
319 428
319 438
319 481
320 334
320 339
320 376
320 423
320 432
321 351
321 356
321 401
321 464
322 348
322 374
322 399
322 460
322 462
322 496
323 339
323 347
323 377
323 461
324 334
324 452
324 483
325 385
325 422
325 435
325 462
325 478
326 327
326 333
326 375
326 381
326 462
326 489
327 330
327 489
328 356
328 369
328 385
328 402
328 405
328 470
329 406
329 414
329 422
329 497
330 400
330 424
330 456
331 358
331 372
331 397
331 416
331 458
332 372
332 411
332 428
332 475
332 485
333 394
333 447
334 486
335 392
335 414
335 424
335 459
335 507
337 373
337 402
337 426
337 439
337 475
337 485
337 506
338 366
338 373
338 411
338 454
339 370
339 423
339 433
339 441
339 446
340 342
340 412
340 421
340 449
340 450
340 452
340 455
340 502
341 380
341 496
342 347
342 447
342 453
343 364
343 386
343 409
343 430
345 392
345 418
345 463
345 508
346 377
346 418
346 437
346 446
347 383
347 412
348 361
348 391
348 408
348 503
349 375
349 464
349 469
350 395
350 418
351 415
351 444
351 454
351 470
351 475
351 490
352 393
352 471
353 398
354 387
354 432
355 389
355 424
355 481
355 498
356 393
356 421
356 433
357 407
357 434
357 436
357 472
357 478
357 484
357 493
358 373
358 384
358 406
358 424
358 456
358 477
359 491
360 415
360 449
360 470
360 494
361 365
361 393
361 396
361 401
361 459
361 465
361 476
361 491
362 383
362 408
362 448
363 374
363 379
363 389
363 420
364 387
364 400
364 408
364 425
365 369
366 373
366 406
366 425
366 461
366 463
366 489
366 507
367 397
367 417
367 481
368 409
368 461
368 465
369 373
369 380
369 395
369 454
369 475
370 419
370 429
370 451
370 475
371 414
371 452
371 458
371 477
371 495
371 500
372 374
372 393
372 429
372 441
372 458
372 491
372 508
372 511
373 377
373 378
373 379
373 425
373 428
373 468
373 478
374 381
374 387
374 397
374 409
374 450
374 486
375 447
375 456
376 384
377 451
377 501
378 382
378 421
378 434
378 468
378 476
379 414
379 440
379 456
379 469
379 500
380 425
380 477
380 479
380 499
381 472
381 480
381 485
381 503
382 392
382 418
382 423
382 435
382 462
383 430
383 433
383 453
383 470
383 484
384 476
385 398
385 425
385 464
386 390
386 437
386 454
386 473
386 489
387 395
387 486
387 508
388 437
388 443
388 492
389 425
389 434
389 482
389 491
390 421
390 428
390 470
390 483
391 423
391 499
392 399
392 407
392 473
393 435
393 502
394 481
394 502
395 402
395 450
396 422
396 454
396 498
396 504
396 510
397 407
397 418
397 444
398 477
398 487
398 497
399 440
399 441
399 492
399 510
400 409
400 413
400 425
400 447
400 458
400 469
400 488
401 423
401 427
401 469
402 441
402 466
403 405
403 418
404 425
404 506
405 501
406 423
406 433
406 451
406 454
408 442
408 464
408 468
408 488
409 411
409 466
409 479
409 494
410 428
410 439
410 458
410 492
411 440
411 466
411 468
412 502
413 415
413 430
413 431
413 458
413 500
414 463
415 425
415 464
415 495
416 458
417 504
418 443
418 467
418 471
419 445
420 437
420 474
420 493
420 500
421 507
422 434
422 498
425 447
425 495
425 509
426 456
426 474
427 432
427 499
429 498
430 446
430 484
432 433
432 498
433 440
433 493
434 466
434 483
434 505
435 473
436 467
436 488
436 506
436 508
438 442
438 447
438 456
438 507
439 507
440 497
441 449
442 453
442 466
442 471
443 458
443 461
444 456
444 511
445 467
445 486
445 510
447 449
447 467
447 496
448 474
448 477
451 480
452 490
453 459
453 509
454 496
454 508
455 487
456 471
456 479
456 493
457 487
458 478
458 507
459 480
460 471
460 486
460 506
461 505
463 481
464 487
464 506
465 478
465 502
466 488
467 474
467 508
468 504
469 471
469 491
469 493
470 472
470 498
472 511
473 493
474 511
475 506
476 477
478 502
479 500
480 493
480 495
481 488
481 506
481 509
483 489
484 495
484 506
486 505
489 496
489 508
501 509
501 510
