0 24
0 37
0 38
0 53
0 67
0 81
0 92
0 102
0 109
0 129
0 131
0 152
0 280
0 404
0 436
0 461
1 31
1 90
1 119
1 145
1 180
1 274
1 305
1 354
1 424
1 435
2 61
2 66
2 97
2 144
2 165
2 180
2 230
2 238
2 243
2 273
2 289
2 303
2 309
2 325
2 330
2 416
2 454
2 465
3 49
3 108
3 109
3 159
3 222
3 248
3 258
3 280
3 367
3 376
3 427
3 436
3 438
3 450
3 465
3 483
4 64
4 114
4 191
4 213
4 261
4 460
4 464
4 489
5 50
5 74
5 167
5 200
5 230
5 289
5 296
5 301
5 339
5 419
5 448
5 466
6 54
6 94
6 97
6 98
6 104
6 134
6 198
6 236
6 255
6 284
6 423
6 501
6 504
7 44
7 166
7 214
7 299
7 324
7 400
7 468
8 53
8 79
8 96
8 116
8 228
8 230
8 233
8 260
8 272
8 290
8 360
8 362
8 367
8 446
8 481
8 500
9 86
9 101
9 104
9 124
9 140
9 204
9 232
9 260
9 355
9 397
9 447
9 468
9 485
10 17
10 33
10 39
10 40
10 61
10 66
10 99
10 185
10 251
10 442
10 446
10 478
11 74
11 115
11 117
11 125
11 134
11 198
11 268
11 302
11 314
11 409
11 469
11 494
11 498
12 14
12 45
12 77
12 86
12 124
12 148
12 245
12 264
12 282
12 324
12 382
12 404
12 478
12 483
12 507
13 20
13 108
13 136
13 150
13 179
13 185
13 206
13 225
13 243
13 246
13 283
13 339
13 341
13 424
13 438
13 471
13 505
14 29
14 38
14 87
14 118
14 194
14 331
15 30
15 101
15 117
15 191
15 349
15 398
15 424
15 449
15 454
15 476
15 490
16 153
16 191
16 215
16 264
16 284
16 303
16 327
16 368
16 375
16 429
16 475
16 476
16 484
17 47
17 51
17 60
17 134
17 155
17 157
17 220
17 302
17 371
17 420
17 430
17 436
17 473
17 502
18 66
18 103
18 123
18 129
18 155
18 158
18 208
18 252
18 304
18 354
18 377
18 399
18 414
18 426
18 464
18 506
19 104
19 169
19 227
19 292
19 363
19 393
19 475
19 509
20 23
20 133
20 141
20 156
20 163
20 222
20 259
20 286
20 291
20 377
20 391
20 404
20 462
20 470
21 62
21 103
21 122
21 142
21 195
21 273
21 365
21 366
21 392
21 409
21 423
21 425
21 467
21 484
21 486
21 497
22 56
22 149
22 198
22 235
22 347
22 411
23 29
23 350
23 369
23 401
23 409
23 421
23 436
24 74
24 80
24 128
24 129
24 194
24 217
24 287
24 308
24 403
25 67
25 92
25 134
25 144
25 322
25 395
25 407
25 408
26 46
26 137
26 228
26 237
26 254
26 274
26 300
26 322
26 335
26 354
26 435
26 466
27 64
27 66
27 84
27 91
27 137
27 174
27 187
27 200
27 219
27 257
27 294
27 337
27 358
27 448
27 464
27 474
27 493
27 498
27 500
28 32
28 221
28 232
28 253
28 256
28 347
28 370
28 385
28 460
28 501
29 32
29 118
29 132
29 151
29 172
29 179
29 259
29 284
29 312
29 346
29 368
29 414
29 466
29 476
29 506
30 66
30 185
30 189
30 200
30 210
30 214
30 317
30 342
30 399
30 420
30 431
30 475
30 506
31 51
31 59
31 148
31 153
31 170
31 218
31 232
31 241
31 248
31 406
31 452
31 472
31 504
32 54
32 59
32 85
32 97
32 232
32 296
32 308
32 393
32 397
32 423
32 428
32 444
32 468
33 86
33 95
33 154
33 173
33 185
33 208
33 223
33 238
33 248
33 281
33 297
33 300
33 320
33 340
33 356
33 364
33 379
33 389
33 390
33 472
34 36
34 81
34 91
34 192
34 225
34 255
34 327
34 363
34 384
34 400
34 415
34 441
35 73
35 108
35 166
35 185
35 187
35 192
35 199
35 212
35 232
35 286
35 290
35 322
35 325
35 331
35 349
35 383
35 484
36 54
36 81
36 123
36 131
36 187
36 220
36 244
36 248
36 250
36 278
36 332
36 350
36 355
36 384
36 406
36 412
37 38
37 74
37 93
37 151
37 175
37 197
37 216
37 226
37 240
37 263
37 318
37 360
37 366
37 373
37 399
37 461
37 483
37 503
38 89
38 203
38 206
38 212
38 287
38 315
38 319
38 333
38 339
38 369
38 382
38 387
38 392
38 402
38 433
38 461
38 484
38 496
38 502
39 71
39 98
39 105
39 119
39 206
39 225
39 244
39 250
39 266
39 311
39 343
39 383
39 394
39 448
39 497
39 503
40 53
40 136
40 144
40 148
40 166
40 172
40 250
40 261
40 265
40 383
40 401
41 149
41 167
41 197
41 208
41 220
41 227
41 250
41 298
41 308
41 353
41 408
41 463
41 495
42 57
42 96
42 161
42 197
42 214
42 258
42 302
42 323
42 331
42 377
42 381
42 385
42 446
42 454
42 510
42 511
43 59
43 275
43 298
43 324
43 373
44 97
44 103
44 205
44 269
44 291
44 334
44 345
44 364
44 390
44 394
44 425
45 110
45 112
45 166
45 193
45 243
45 310
45 327
45 349
45 357
45 388
45 447
45 449
45 450
45 493
46 75
46 132
46 161
46 168
46 190
46 192
46 233
46 271
46 286
46 295
46 312
46 321
46 340
46 373
46 422
46 436
46 461
47 51
47 65
47 167
47 202
47 296
47 301
48 65
48 162
48 172
48 224
48 284
48 325
48 354
48 378
48 387
48 427
48 476
48 486
48 498
49 62
49 106
49 114
49 118
49 134
49 180
49 227
49 269
49 311
49 314
49 351
49 362
49 391
49 402
49 456
50 80
50 179
50 185
50 218
50 235
50 283
50 354
50 391
50 403
50 417
50 429
51 149
51 186
51 215
51 219
51 225
51 248
51 253
51 293
51 316
51 356
51 359
51 429
51 459
51 468
52 108
52 112
52 151
52 172
52 210
52 267
52 315
52 382
52 397
52 462
52 479
53 100
53 175
53 251
53 274
53 275
53 391
53 392
53 450
53 455
53 476
54 58
54 110
54 121
54 145
54 172
54 217
54 273
54 298
54 323
54 363
54 370
54 383
54 393
54 506
55 111
55 114
55 249
55 278
55 287
55 369
55 423
55 456
55 477
55 502
56 59
56 75
56 87
56 139
56 166
56 167
56 215
56 231
56 386
56 422
56 437
56 457
56 468
56 474
57 64
57 116
57 139
57 148
57 209
57 330
57 356
57 384
57 405
57 412
57 444
57 451
57 454
57 494
57 507
58 94
58 98
58 122
58 198
58 201
58 205
58 339
58 365
58 503
59 79
59 172
59 202
59 227
59 259
59 294
59 308
59 448
60 63
60 197
60 216
60 274
60 321
60 355
60 383
60 456
60 479
61 111
61 118
61 126
61 215
61 228
61 253
61 279
61 333
61 358
61 360
61 384
61 450
61 453
61 462
61 492
62 86
62 137
62 146
62 218
62 232
62 241
62 247
62 266
62 275
62 293
62 313
62 356
62 366
62 393
62 409
63 85
63 105
63 108
63 121
63 169
63 264
63 291
63 344
63 401
63 426
63 474
63 475
63 496
64 108
64 143
64 147
64 210
64 232
64 262
64 344
64 379
64 389
64 403
64 465
64 468
64 478
64 505
65 126
65 144
65 295
65 325
65 355
65 363
65 377
65 381
65 484
66 233
66 257
66 262
66 348
66 365
66 405
66 422
66 436
66 488
67 85
67 101
67 147
67 175
67 211
67 333
68 120
68 142
68 165
68 174
68 210
68 232
68 234
68 242
68 270
68 306
68 378
68 417
68 449
69 113
69 123
69 159
69 205
69 208
69 217
69 243
69 262
69 406
69 407
69 467
70 105
70 115
70 120
70 203
70 227
70 232
70 245
70 314
70 342
70 356
70 358
70 418
70 426
70 505
70 506
71 79
71 135
71 148
71 213
71 293
71 302
71 340
71 393
71 398
71 404
71 427
71 483
72 89
72 98
72 135
72 140
72 190
72 198
72 235
72 268
72 334
72 357
72 374
73 110
73 114
73 123
73 153
73 191
73 328
73 354
73 378
73 383
73 417
73 426
73 430
73 435
73 442
73 487
73 500
74 155
74 224
74 274
74 283
74 284
74 376
74 422
75 133
75 192
75 247
75 284
75 312
75 334
75 400
75 401
75 408
75 416
75 475
76 117
76 191
76 201
76 246
76 250
76 299
76 321
76 342
76 345
76 421
76 426
76 466
76 477
77 93
77 106
77 150
77 188
77 190
77 210
77 229
77 291
77 341
77 383
77 402
77 432
77 466
77 480
78 103
78 118
78 159
78 188
78 213
78 251
78 267
78 407
78 412
78 437
78 493
79 121
79 135
79 157
79 205
79 234
79 275
79 320
79 329
79 502
80 89
80 159
80 166
80 171
80 267
80 280
80 293
80 298
80 365
80 374
80 382
80 389
80 422
80 430
80 440
80 461
80 492
81 176
81 337
81 339
81 440
81 459
81 462
81 468
82 153
82 161
82 178
82 241
82 351
82 405
82 440
82 492
83 87
83 124
83 135
83 191
83 192
83 219
83 399
83 440
83 475
83 495
84 109
84 229
84 249
84 351
84 408
84 419
84 433
84 456
84 470
84 473
85 110
85 191
85 233
85 251
85 297
85 366
85 446
85 457
86 91
86 163
86 261
86 321
86 377
86 408
86 414
86 416
86 427
86 491
87 94
87 141
87 152
87 220
87 244
87 275
87 378
87 403
88 99
88 106
88 215
88 274
88 280
88 362
88 388
88 442
89 123
89 187
89 216
89 221
89 266
89 298
89 348
89 376
89 506
90 251
90 361
90 386
90 402
90 422
90 436
90 493
91 138
91 155
91 185
91 197
91 231
91 232
91 236
91 284
91 289
91 304
91 320
91 331
91 407
91 509
92 139
92 170
92 215
92 247
92 261
92 346
92 362
92 409
92 413
92 444
92 448
92 471
93 126
93 207
93 239
93 275
93 321
93 322
93 343
93 387
93 394
94 163
94 267
94 295
94 353
95 211
95 223
95 225
95 227
95 312
95 359
95 402
95 409
95 445
95 478
96 201
96 251
96 258
96 268
96 362
96 366
96 391
96 409
96 486
96 487
96 493
97 141
97 209
97 245
97 259
97 380
97 385
97 386
97 417
97 476
98 152
98 183
98 215
98 232
98 365
98 384
98 413
98 441
98 474
98 492
99 122
99 187
99 195
99 204
99 245
99 328
99 350
99 361
99 380
99 469
100 209
100 276
100 325
100 358
100 413
100 428
100 446
100 465
100 507
100 510
101 116
101 230
101 305
101 334
101 360
101 391
102 128
102 204
102 274
102 375
102 377
102 427
102 461
103 135
103 147
103 201
103 312
103 319
103 339
103 348
103 354
103 358
103 395
103 492
103 499
103 505
104 109
104 146
104 150
104 212
104 225
104 241
104 247
104 264
104 277
104 330
104 381
104 384
104 419
104 494
105 107
105 129
105 145
105 152
105 157
105 214
105 251
105 309
105 370
105 427
105 443
105 449
105 495
106 107
106 179
106 230
106 234
106 306
106 308
106 326
106 342
106 359
106 371
106 385
106 460
107 115
107 130
107 297
107 312
107 327
107 332
107 375
107 378
107 459
108 114
108 127
108 192
108 219
108 255
108 320
108 323
108 370
108 417
108 439
108 445
108 472
108 475
108 487
108 491
108 498
108 505
109 119
109 168
109 190
109 209
109 236
109 240
109 315
109 356
109 372
109 440
109 457
109 469
110 184
110 203
110 207
110 247
110 248
110 276
110 324
110 434
110 453
110 508
111 128
111 195
111 243
111 292
111 299
111 310
111 386
111 405
111 504
112 116
112 124
112 162
112 177
112 231
112 311
112 313
112 403
112 506
113 137
113 355
113 364
113 413
113 483
114 141
114 168
114 305
114 317
114 330
114 333
114 349
114 377
114 423
114 448
114 470
114 481
114 483
115 116
115 134
115 162
115 237
115 283
115 309
115 316
115 317
115 372
115 405
115 432
115 494
116 123
116 210
116 297
116 303
116 319
117 158
117 166
117 167
117 253
117 328
118 124
118 157
118 173
118 190
118 214
118 215
118 291
118 364
118 383
118 488
118 498
119 148
119 242
119 269
119 378
119 396
119 415
119 422
119 426
119 467
120 130
120 149
120 151
120 187
120 276
120 445
120 454
120 455
120 466
121 426
122 146
122 282
122 321
122 428
122 451
123 141
123 159
123 294
123 390
123 392
123 476
124 174
124 234
124 247
124 261
124 273
124 312
124 316
124 347
124 402
124 423
124 449
125 221
125 243
125 292
125 332
125 354
125 371
125 506
126 301
126 358
126 371
126 445
126 459
127 133
127 136
127 206
127 237
127 247
127 251
127 256
127 319
127 325
127 449
127 459
127 472
127 482
127 498
128 141
128 234
128 235
128 242
128 244
128 247
128 251
128 298
128 363
128 423
128 470
128 505
129 216
129 268
129 300
129 336
129 386
129 431
130 144
130 150
130 211
130 266
130 286
130 300
130 302
130 334
130 341
130 343
130 456
131 190
131 200
131 245
131 252
131 271
131 321
131 354
131 371
131 373
131 392
131 447
131 504
131 507
132 166
132 253
132 258
132 277
132 320
132 383
132 414
132 462
132 480
133 145
133 179
133 213
133 221
133 222
133 232
133 250
133 254
133 267
133 295
133 412
133 435
134 139
134 170
134 237
134 315
134 320
134 437
134 468
135 153
135 176
135 280
135 292
135 404
135 428
135 466
135 502
136 148
136 245
136 262
136 368
136 375
136 452
136 499
137 213
137 228
137 342
137 386
137 422
138 151
138 157
138 159
138 180
138 259
138 297
138 315
138 337
138 446
138 462
138 501
139 159
139 183
139 200
139 213
139 273
139 295
139 308
139 386
139 390
139 414
139 432
140 146
140 163
140 245
140 318
140 321
140 360
140 421
140 437
141 175
141 206
141 252
141 398
141 491
141 499
142 190
142 198
142 211
142 213
142 223
142 247
142 306
142 366
142 413
142 432
142 449
142 455
143 239
143 334
143 400
143 483
144 226
144 293
144 310
144 343
144 350
144 370
144 383
144 395
144 404
144 510
145 184
145 223
145 271
145 279
145 425
145 454
145 458
146 185
146 195
146 341
146 488
147 158
147 212
147 253
147 260
147 286
147 367
147 431
147 432
148 217
148 234
148 240
148 327
148 448
148 504
149 160
149 162
149 166
149 169
149 194
149 218
149 224
149 277
149 392
149 437
149 464
150 215
150 218
150 223
150 248
150 252
150 268
150 333
150 348
150 368
150 412
150 440
151 236
151 330
151 388
151 413
151 417
151 482
152 213
152 412
152 450
152 466
152 477
153 186
153 225
153 228
153 243
153 248
153 263
153 280
153 379
153 397
153 474
153 493
154 195
154 295
154 402
154 432
154 453
154 502
155 209
155 243
155 292
155 293
155 335
155 345
155 368
155 372
155 395
155 399
155 447
155 457
155 507
156 176
156 186
156 221
156 253
156 276
156 283
156 345
156 351
156 354
156 395
156 401
156 430
156 486
156 487
156 495
156 511
157 211
157 259
157 273
157 279
157 422
157 429
157 439
157 462
157 469
158 170
158 176
158 243
158 270
158 305
158 350
158 390
158 417
158 449
158 502
159 175
159 210
159 231
159 244
159 258
159 292
159 345
159 380
159 404
159 415
159 423
159 503
160 163
160 199
160 204
160 374
160 384
160 444
161 163
161 176
161 209
161 244
161 252
161 274
161 325
161 403
161 415
161 452
161 468
161 473
161 484
162 202
162 212
162 226
162 229
162 265
162 297
162 500
163 174
163 228
163 256
163 270
163 321
163 400
163 509
164 178
164 187
164 216
164 301
164 314
164 332
164 370
164 375
164 378
164 402
164 411
164 470
165 176
165 180
165 208
165 249
165 404
165 435
165 477
165 481
166 183
166 265
166 293
166 351
166 402
166 404
166 455
166 511
167 245
167 283
167 288
167 294
167 319
167 325
167 441
167 485
168 178
168 179
168 257
168 343
168 365
168 380
168 405
168 422
168 428
168 438
168 447
168 470
168 472
168 495
169 207
169 272
169 305
169 310
169 365
169 377
169 388
169 416
169 421
169 443
170 187
170 202
170 230
170 241
170 280
170 308
170 452
170 457
170 489
170 506
171 196
171 322
171 367
171 460
171 488
172 197
172 218
172 330
172 373
172 397
172 402
172 476
172 508
173 256
173 260
173 265
173 294
173 376
173 385
173 403
173 425
173 427
173 438
174 181
174 209
174 271
174 299
174 329
174 358
174 363
174 366
174 383
174 384
174 400
174 429
174 444
174 462
174 496
175 199
175 219
175 314
175 325
175 331
175 420
176 234
176 296
176 298
176 305
176 315
176 331
176 421
176 465
176 479
177 195
177 248
177 252
177 309
177 338
177 363
177 459
177 490
177 497
178 185
178 186
178 248
178 285
178 317
178 332
178 343
178 357
178 401
178 411
178 448
179 203
179 330
179 368
179 380
179 383
179 392
179 393
179 422
179 429
179 442
179 475
180 230
180 288
180 310
180 331
180 345
180 346
180 349
180 387
180 452
180 473
181 182
181 223
181 243
181 276
181 418
181 424
181 451
181 484
181 491
181 502
182 215
182 224
182 242
182 277
182 291
182 296
182 348
182 383
182 390
182 404
182 430
182 442
182 447
182 467
182 473
183 313
183 372
183 391
184 215
184 224
184 240
184 401
184 409
184 411
184 436
184 452
184 456
184 465
184 472
185 295
185 473
185 478
186 196
186 199
186 217
186 230
186 275
186 287
186 335
186 397
186 417
186 430
186 456
186 483
187 234
187 263
187 287
187 320
187 381
187 476
187 479
188 240
188 266
188 268
188 276
188 281
188 350
188 363
188 414
188 429
189 280
189 288
189 344
189 381
189 427
189 444
189 479
190 201
190 260
190 326
190 369
190 413
190 453
190 454
190 471
190 508
191 243
191 309
191 332
191 410
191 424
191 464
192 215
192 243
192 260
192 268
192 282
192 287
192 292
192 410
193 199
193 224
193 239
193 250
193 251
193 275
193 326
193 346
193 393
193 403
193 465
193 475
194 212
194 219
194 262
194 320
194 366
194 429
194 458
194 476
194 492
195 196
195 212
195 244
195 256
195 317
195 385
195 397
195 482
196 266
196 304
196 331
196 338
196 455
196 464
196 498
197 257
197 298
197 318
197 340
197 390
197 395
197 433
198 218
198 283
198 293
198 377
198 383
198 492
198 505
199 202
199 227
199 255
199 266
199 271
199 278
199 301
199 425
200 282
200 354
200 360
200 403
200 474
201 313
201 357
201 402
201 420
201 432
201 470
202 211
202 230
202 242
202 254
202 349
202 402
202 406
202 483
202 502
203 209
203 306
203 363
203 365
203 383
203 411
203 430
203 500
204 218
204 266
204 288
204 372
204 392
204 506
205 227
205 261
205 269
205 284
205 297
205 312
205 371
205 405
205 439
205 485
206 216
206 224
206 235
206 352
206 410
207 231
207 246
207 315
207 316
208 242
208 247
208 268
208 274
208 300
208 314
208 380
208 389
208 486
208 500
209 282
209 383
209 399
209 409
209 433
209 498
210 257
210 285
210 297
210 319
210 409
211 297
211 312
211 358
211 362
211 402
211 430
211 500
212 231
212 251
212 274
212 378
212 484
213 268
213 324
213 331
213 402
213 444
213 449
213 461
213 464
213 480
214 223
214 282
214 297
214 312
214 343
214 459
214 474
214 485
215 461
216 304
216 427
216 505
217 241
217 267
217 291
217 293
217 311
217 336
217 426
218 342
218 359
218 378
218 424
218 474
219 244
219 253
219 286
219 303
219 348
219 363
219 405
219 503
219 510
220 233
220 313
220 373
220 388
220 420
220 453
220 459
220 475
220 490
220 495
221 246
221 301
221 340
221 375
221 383
221 444
221 452
221 460
221 480
222 241
222 284
222 342
222 380
222 400
222 425
222 442
222 469
222 496
223 313
223 332
223 357
223 365
223 399
223 400
224 228
224 234
224 242
224 372
224 401
224 459
224 489
225 256
225 262
225 285
225 340
225 350
225 425
225 430
225 442
225 453
225 462
226 245
226 264
226 282
226 366
226 476
227 251
227 281
227 307
227 344
227 448
227 479
228 234
228 254
228 326
228 394
228 412
228 472
228 510
229 257
229 284
229 315
229 355
229 461
229 483
229 501
230 268
230 291
230 303
230 475
230 488
231 281
231 288
231 317
231 332
231 507
232 237
232 238
232 239
232 261
232 287
232 322
232 332
232 400
232 411
232 429
232 437
232 443
233 343
233 365
233 369
233 373
233 392
233 434
233 437
233 501
233 504
234 299
234 305
234 306
234 335
234 357
234 360
234 433
234 472
235 275
235 302
235 325
235 331
235 340
235 355
235 397
235 458
235 485
236 256
236 332
236 342
236 394
236 454
236 465
237 245
237 305
237 340
237 383
237 397
237 415
237 474
237 484
238 253
238 292
238 322
238 368
238 398
239 281
239 339
239 369
239 414
239 456
239 458
240 245
240 251
240 281
240 381
240 422
240 496
241 305
241 308
241 311
241 325
241 416
241 457
241 487
242 297
242 343
242 356
242 428
242 471
242 484
242 509
243 250
243 274
243 276
243 314
243 330
243 411
243 444
243 506
243 507
244 292
244 328
244 406
244 420
244 472
244 481
244 483
244 507
245 257
245 272
245 341
245 376
245 404
245 407
245 496
246 258
246 326
246 339
246 374
246 440
246 479
246 493
247 299
247 335
247 397
247 431
247 449
247 472
247 477
247 505
248 315
248 329
248 342
248 429
248 446
248 457
248 458
248 469
248 493
248 494
249 283
250 259
250 266
250 296
250 343
250 352
250 434
250 447
251 276
251 340
251 358
251 361
252 259
252 282
252 293
252 309
253 304
253 344
253 348
253 351
253 382
253 388
253 403
253 465
253 474
254 292
254 303
254 478
255 380
255 392
255 399
255 409
255 411
255 451
255 477
255 483
255 500
256 300
256 358
256 360
256 364
256 481
256 486
257 317
257 479
257 496
258 294
258 302
258 363
258 452
258 497
259 284
259 287
259 450
260 272
260 300
260 318
260 337
260 357
260 435
260 451
260 498
261 270
261 326
261 351
261 371
261 374
261 388
261 415
261 480
261 481
261 482
261 498
262 287
262 291
262 321
262 322
262 335
262 359
262 375
262 438
263 284
263 324
263 344
263 358
263 391
263 426
264 298
264 305
264 331
264 354
264 391
264 394
264 439
264 441
264 500
265 333
265 352
265 386
265 391
265 410
265 446
266 499
267 397
267 453
267 464
267 474
268 272
268 282
268 312
268 318
268 372
268 388
268 417
268 419
268 429
269 275
269 285
269 338
269 359
269 393
269 455
270 353
270 424
270 437
270 464
270 484
271 314
271 316
271 341
271 351
271 402
271 432
271 439
271 471
272 328
272 349
272 364
272 372
272 390
272 403
272 422
273 282
273 320
273 375
273 381
273 393
273 404
273 419
273 422
273 437
274 423
274 436
274 466
274 476
274 477
274 486
275 283
275 303
275 436
275 463
276 280
276 290
276 318
276 393
276 444
276 495
277 339
277 373
277 432
277 448
277 462
277 505
278 286
278 308
278 309
278 313
278 388
278 415
278 458
278 484
278 493
278 510
279 417
279 455
279 460
279 490
280 334
280 376
280 385
280 394
280 429
280 430
280 494
280 496
281 312
281 317
281 380
281 389
281 406
281 444
281 449
281 453
281 465
281 502
282 312
282 353
282 358
282 377
282 466
283 361
283 402
283 407
284 330
284 350
284 357
284 388
284 409
284 491
285 311
285 364
285 426
285 428
285 437
285 442
285 469
285 502
285 506
285 509
286 357
286 385
286 392
286 421
287 306
287 396
287 443
288 299
288 379
288 424
289 333
289 366
289 398
289 456
289 470
290 316
290 363
290 365
290 372
290 404
290 431
290 434
291 476
292 331
292 423
292 476
292 497
292 504
293 357
293 374
293 388
293 389
293 468
293 506
294 309
294 342
294 443
294 452
294 477
294 478
294 483
294 502
295 391
295 422
296 299
296 317
296 381
296 444
296 493
296 498
296 502
297 315
297 386
297 443
297 502
298 303
298 375
299 398
299 417
299 467
300 308
300 322
300 498
301 354
301 362
301 391
301 396
301 471
301 484
301 487
301 503
302 304
302 344
302 346
302 382
302 445
302 488
303 313
303 328
303 333
303 393
303 394
303 422
303 449
303 493
304 341
304 344
304 383
304 416
304 451
304 492
305 336
305 376
305 466
305 481
305 482
305 488
305 494
306 372
306 402
306 470
306 471
306 473
306 482
306 508
307 327
307 385
307 420
307 446
307 511
308 347
308 348
308 366
308 396
309 321
309 352
309 405
310 385
310 388
310 459
310 506
310 507
311 348
311 351
311 369
311 440
311 472
311 475
311 487
311 494
312 364
312 369
312 386
312 423
312 440
312 445
312 451
312 487
313 343
313 384
313 402
314 323
314 364
314 384
314 385
314 419
314 434
314 502
315 355
315 362
315 369
315 442
316 369
316 394
316 397
317 365
317 372
317 400
317 460
317 481
317 492
318 334
318 344
318 439
318 494
319 335
319 351
319 428
319 438
319 481
320 376
321 351
321 372
321 401
321 464
322 374
322 399
322 496
323 339
323 461
323 504
324 334
324 452
324 483
325 422
325 478
325 491
326 327
326 333
326 334
326 375
326 381
326 462
326 480
326 482
326 487
326 489
327 485
327 489
328 356
328 402
328 467
328 470
329 357
329 406
329 414
329 422
329 497
330 424
330 456
331 355
331 358
331 372
331 397
331 416
331 447
332 372
332 411
332 428
332 475
332 485
333 394
333 447
333 491
334 403
334 434
335 392
335 415
335 459
335 467
336 342
336 484
337 344
337 370
337 373
337 402
337 426
337 439
337 462
337 485
338 366
338 373
338 380
338 454
338 488
338 503
338 511
339 370
339 423
339 433
339 441
340 342
340 412
340 421
340 450
340 455
340 493
340 502
341 373
341 380
341 496
342 347
342 447
342 452
342 453
343 381
343 386
343 409
343 458
344 450
345 392
345 508
346 362
346 377
346 418
346 437
346 446
347 493
348 361
348 391
348 408
348 458
348 474
349 375
349 454
349 473
350 418
350 452
351 415
351 444
351 454
351 470
351 475
351 490
352 393
352 471
352 494
353 398
353 473
354 387
354 432
354 490
355 389
355 481
355 498
356 421
356 433
356 443
356 445
357 369
357 434
357 436
357 472
357 478
357 493
358 384
358 424
358 456
358 477
359 371
359 380
359 491
360 380
360 449
360 465
360 494
361 365
361 393
361 396
361 401
361 459
361 465
361 476
361 491
362 383
362 448
362 503
362 511
363 374
363 379
363 389
363 416
363 420
364 385
364 400
364 408
364 425
365 369
365 434
366 373
366 406
366 425
366 461
366 463
366 489
366 507
367 397
367 409
367 416
367 417
367 427
367 481
368 403
368 409
368 465
369 373
369 380
369 395
369 454
369 475
370 419
370 429
370 475
371 452
371 458
371 495
371 500
372 374
372 376
372 393
372 427
372 429
372 441
372 467
372 491
372 504
372 511
373 377
373 379
373 425
373 478
374 381
374 387
374 397
374 409
374 485
374 486
375 396
375 400
375 447
375 456
375 477
376 384
377 411
377 451
377 501
378 382
378 421
378 425
378 458
378 468
378 476
379 414
379 440
379 456
379 495
379 500
380 421
380 451
380 479
380 481
380 499
381 404
381 472
381 478
381 480
381 485
381 503
382 392
382 423
382 462
383 392
383 430
383 433
383 444
383 453
385 398
385 425
385 464
386 390
386 437
386 454
386 473
386 489
387 395
387 401
387 486
387 508
388 437
388 443
389 391
389 425
389 434
389 482
389 491
390 421
390 453
391 413
391 423
391 499
391 505
392 407
394 408
394 409
394 481
394 502
395 402
395 410
395 427
395 450
395 474
396 406
396 422
396 498
397 407
397 418
397 444
397 511
398 487
399 440
399 441
400 409
400 425
400 447
400 458
401 423
401 469
402 413
402 441
402 466
402 508
403 418
404 411
404 425
404 473
404 506
405 464
408 453
408 464
408 468
409 411
409 458
409 466
409 479
409 491
409 494
410 428
410 439
410 488
410 492
411 440
411 468
412 502
413 415
413 430
413 431
413 458
413 500
414 463
415 425
415 464
415 475
416 458
417 504
418 443
418 467
419 445
419 453
420 437
420 461
420 493
420 500
421 507
422 434
422 469
422 498
423 437
423 447
425 447
425 483
426 456
427 499
427 500
428 458
429 432
429 448
429 498
430 484
432 433
432 492
432 504
433 440
433 493
434 452
434 466
434 483
434 505
435 473
435 480
436 467
436 506
436 508
437 486
438 447
438 507
440 497
441 449
442 466
442 471
443 461
444 454
444 455
444 509
444 511
445 467
445 486
447 449
447 467
447 496
448 474
448 477
449 468
450 463
450 510
451 480
452 490
452 506
454 488
454 496
455 467
455 487
456 479
456 493
458 507
459 480
460 504
460 506
462 495
464 487
465 478
465 502
466 472
466 488
467 508
468 498
469 491
469 493
470 472
470 476
472 482
472 511
473 493
473 505
474 511
475 506
476 477
478 502
480 493
480 495
481 509
483 489
484 495
484 506
486 505
489 496
490 493
491 498
501 509
501 510
