0 9
0 10
0 11
0 12
0 13
0 14
0 16
0 17
0 18
0 20
0 21
0 22
0 24
0 26
0 28
0 30
0 31
0 34
0 38
0 42
0 44
0 52
0 53
0 54
0 56
0 57
0 58
0 65
0 67
0 69
0 79
0 81
0 89
0 92
0 104
0 107
0 112
0 114
0 128
0 133
0 142
0 154
0 157
0 172
0 180
0 181
0 183
0 187
0 189
0 199
0 203
0 218
0 227
0 234
0 237
0 249
0 254
0 265
0 275
0 308
0 314
0 342
0 364
0 366
0 375
0 378
0 391
0 425
0 426
0 445
0 454
0 465
0 479
0 500
1 9
1 10
1 11
1 12
1 15
1 17
1 19
1 29
1 35
1 36
1 41
1 45
1 50
1 59
1 60
1 62
1 63
1 75
1 89
1 91
1 94
1 98
1 112
1 118
1 130
1 132
1 137
1 141
1 147
1 161
1 166
1 167
1 175
1 184
1 185
1 198
1 207
1 223
1 238
1 242
1 256
1 271
1 297
1 299
1 303
1 335
1 359
1 364
1 377
1 408
1 411
1 437
1 453
1 466
1 472
1 482
2 9
2 10
2 11
2 12
2 13
2 14
2 25
2 39
2 40
2 41
2 43
2 44
2 48
2 62
2 67
2 69
2 72
2 74
2 77
2 87
2 88
2 90
2 93
2 104
2 112
2 119
2 144
2 156
2 160
2 167
2 172
2 179
2 194
2 200
2 224
2 228
2 239
2 254
2 276
2 294
2 308
2 320
2 322
2 324
2 325
2 369
2 383
2 393
2 414
2 427
2 433
2 434
2 475
2 504
3 9
3 13
3 15
3 18
3 21
3 29
3 38
3 42
3 87
3 109
3 190
3 194
3 244
3 287
3 295
3 296
3 301
3 305
3 311
3 317
3 324
3 331
3 376
3 385
3 421
3 425
3 426
3 436
3 472
4 9
4 10
4 12
4 27
4 39
4 73
4 97
4 259
4 323
4 361
4 403
4 431
4 433
4 490
5 9
5 10
5 11
5 12
5 14
5 16
5 19
5 20
5 22
5 23
5 26
5 27
5 30
5 33
5 38
5 44
5 55
5 63
5 66
5 85
5 86
5 99
5 109
5 111
5 125
5 143
5 145
5 179
5 191
5 193
5 207
5 218
5 229
5 230
5 249
5 250
5 279
5 287
5 297
5 298
5 359
5 382
5 486
6 9
6 10
6 11
6 13
6 17
6 24
6 31
6 41
6 45
6 60
6 128
6 153
6 180
6 273
6 290
6 418
7 9
7 10
7 11
7 12
7 13
7 16
7 26
7 28
7 33
7 35
7 37
7 51
7 61
7 78
7 86
7 116
7 192
7 198
7 213
7 239
7 271
7 293
7 299
7 362
7 372
7 440
7 474
7 494
8 9
8 10
8 11
8 14
8 15
8 19
8 20
8 22
8 24
8 40
8 46
8 47
8 50
8 51
8 59
8 76
8 82
8 83
8 95
8 106
8 130
8 155
8 162
8 175
8 178
8 212
8 218
8 234
8 250
8 264
8 270
8 280
8 286
8 290
8 326
8 356
8 373
8 387
8 402
8 424
8 483
8 484
9 10
9 11
9 12
9 13
9 14
9 15
9 18
9 19
9 22
9 23
9 24
9 27
9 28
9 30
9 32
9 34
9 36
9 41
9 46
9 47
9 49
9 50
9 51
9 52
9 57
9 63
9 66
9 68
9 74
9 80
9 83
9 92
9 95
9 96
9 101
9 102
9 111
9 113
9 121
9 127
9 129
9 137
9 138
9 139
9 142
9 147
9 157
9 158
9 161
9 162
9 173
9 177
9 181
9 184
9 191
9 194
9 199
9 200
9 201
9 206
9 207
9 212
9 215
9 216
9 229
9 232
9 235
9 237
9 239
9 247
9 262
9 264
9 274
9 278
9 285
9 288
9 289
9 293
9 302
9 305
9 308
9 309
9 315
9 319
9 321
9 322
9 326
9 328
9 336
9 345
9 346
9 350
9 370
9 373
9 381
9 388
9 396
9 403
9 404
9 414
9 427
9 432
9 456
9 462
9 463
9 477
9 478
9 485
9 511
10 11
10 12
10 13
10 14
10 15
10 16
10 17
10 18
10 19
10 20
10 21
10 25
10 27
10 28
10 32
10 33
10 40
10 43
10 48
10 49
10 55
10 63
10 66
10 67
10 69
10 70
10 71
10 79
10 83
10 84
10 85
10 89
10 90
10 91
10 95
10 97
10 99
10 105
10 108
10 110
10 119
10 122
10 125
10 132
10 133
10 144
10 147
10 151
10 155
10 157
10 159
10 161
10 172
10 174
10 177
10 178
10 186
10 197
10 206
10 208
10 228
10 246
10 250
10 263
10 269
10 273
10 274
10 282
10 285
10 293
10 298
10 302
10 304
10 313
10 316
10 319
10 333
10 350
10 378
10 379
10 399
10 407
10 414
10 434
10 435
10 439
10 448
10 451
10 477
10 481
10 488
11 12
11 13
11 14
11 15
11 16
11 17
11 18
11 19
11 20
11 21
11 24
11 25
11 26
11 28
11 29
11 31
11 32
11 34
11 35
11 36
11 38
11 40
11 41
11 44
11 49
11 52
11 53
11 56
11 57
11 60
11 62
11 63
11 65
11 67
11 73
11 74
11 75
11 81
11 83
11 84
11 85
11 90
11 97
11 100
11 105
11 114
11 115
11 117
11 118
11 119
11 123
11 124
11 133
11 134
11 138
11 140
11 146
11 149
11 159
11 163
11 165
11 169
11 174
11 175
11 185
11 190
11 195
11 197
11 199
11 216
11 224
11 227
11 243
11 245
11 246
11 247
11 252
11 253
11 255
11 265
11 267
11 268
11 275
11 281
11 288
11 292
11 313
11 315
11 321
11 325
11 335
11 349
11 361
11 379
11 391
11 396
11 406
11 418
11 423
11 435
11 447
11 453
11 469
11 470
11 473
11 486
11 503
12 13
12 14
12 15
12 16
12 17
12 18
12 21
12 23
12 25
12 29
12 30
12 32
12 42
12 44
12 45
12 48
12 51
12 53
12 54
12 57
12 60
12 61
12 62
12 63
12 71
12 79
12 80
12 85
12 103
12 109
12 112
12 125
12 129
12 136
12 137
12 148
12 164
12 166
12 171
12 196
12 202
12 205
12 213
12 214
12 223
12 234
12 252
12 263
12 289
12 299
12 303
12 307
12 308
12 319
12 330
12 349
12 351
12 380
12 386
12 393
12 394
12 415
12 431
12 466
12 472
12 480
12 486
12 501
13 14
13 15
13 16
13 17
13 19
13 21
13 22
13 23
13 25
13 26
13 27
13 28
13 29
13 30
13 33
13 35
13 36
13 37
13 39
13 42
13 46
13 48
13 54
13 58
13 59
13 62
13 68
13 75
13 80
13 84
13 88
13 98
13 100
13 106
13 107
13 110
13 114
13 115
13 118
13 120
13 130
13 131
13 138
13 140
13 142
13 147
13 148
13 150
13 151
13 152
13 162
13 170
13 172
13 176
13 182
13 183
13 189
13 190
13 202
13 214
13 215
13 226
13 242
13 244
13 245
13 248
13 252
13 254
13 275
13 281
13 289
13 293
13 304
13 324
13 331
13 334
13 336
13 353
13 369
13 372
13 376
13 378
13 379
13 387
13 396
13 402
13 416
13 417
13 422
13 427
13 430
13 457
13 474
13 490
13 495
13 500
14 15
14 16
14 17
14 18
14 19
14 22
14 23
14 24
14 28
14 30
14 31
14 33
14 34
14 35
14 36
14 38
14 39
14 45
14 51
14 55
14 56
14 58
14 59
14 70
14 71
14 72
14 74
14 79
14 80
14 81
14 82
14 85
14 88
14 91
14 92
14 97
14 99
14 100
14 102
14 110
14 112
14 134
14 135
14 138
14 139
14 140
14 149
14 152
14 154
14 170
14 174
14 178
14 188
14 190
14 194
14 195
14 196
14 202
14 203
14 219
14 256
14 260
14 275
14 297
14 299
14 317
14 321
14 324
14 328
14 344
14 347
14 357
14 366
14 395
14 403
14 405
14 409
14 418
14 438
14 469
14 488
14 496
14 511
15 16
15 17
15 19
15 20
15 24
15 26
15 27
15 28
15 30
15 33
15 34
15 38
15 40
15 43
15 47
15 56
15 69
15 70
15 71
15 87
15 88
15 97
15 115
15 121
15 123
15 131
15 138
15 146
15 149
15 161
15 162
15 184
15 193
15 194
15 205
15 211
15 247
15 265
15 270
15 277
15 278
15 300
15 311
15 316
15 322
15 344
15 346
15 349
15 350
15 351
15 355
15 366
15 373
15 374
15 378
15 382
15 385
15 389
15 399
15 412
15 428
15 460
15 464
15 475
16 18
16 20
16 21
16 22
16 23
16 26
16 34
16 36
16 42
16 43
16 47
16 48
16 50
16 53
16 58
16 63
16 65
16 67
16 68
16 72
16 73
16 95
16 96
16 102
16 105
16 114
16 115
16 136
16 143
16 145
16 152
16 165
16 175
16 179
16 186
16 219
16 222
16 244
16 251
16 258
16 261
16 265
16 266
16 286
16 317
16 330
16 337
16 357
16 360
16 390
16 391
16 406
16 451
16 452
16 481
16 484
16 500
17 18
17 20
17 22
17 23
17 24
17 31
17 32
17 36
17 37
17 39
17 48
17 49
17 52
17 53
17 56
17 59
17 65
17 67
17 77
17 86
17 96
17 111
17 121
17 124
17 126
17 154
17 159
17 160
17 166
17 167
17 169
17 174
17 188
17 191
17 218
17 221
17 237
17 241
17 306
17 335
17 336
17 337
17 360
17 374
17 389
17 419
17 454
17 462
17 464
17 478
17 494
17 497
18 21
18 22
18 25
18 34
18 39
18 44
18 45
18 46
18 49
18 53
18 54
18 55
18 66
18 72
18 79
18 82
18 86
18 88
18 105
18 107
18 112
18 113
18 116
18 145
18 149
18 152
18 163
18 164
18 180
18 181
18 196
18 203
18 206
18 210
18 216
18 220
18 221
18 225
18 229
18 231
18 233
18 241
18 249
18 261
18 291
18 292
18 303
18 347
18 355
18 357
18 365
18 371
18 372
18 387
18 394
18 405
18 436
18 438
18 447
18 467
18 473
18 481
18 496
18 501
19 20
19 23
19 25
19 27
19 30
19 35
19 38
19 47
19 54
19 58
19 77
19 83
19 90
19 97
19 101
19 118
19 128
19 142
19 144
19 152
19 164
19 174
19 177
19 194
19 229
19 237
19 247
19 253
19 268
19 279
19 296
19 298
19 332
19 333
19 334
19 358
19 385
19 400
19 429
19 430
19 445
19 454
19 456
20 21
20 23
20 25
20 27
20 29
20 35
20 37
20 41
20 44
20 46
20 48
20 55
20 59
20 60
20 65
20 66
20 68
20 74
20 78
20 87
20 88
20 89
20 91
20 95
20 100
20 101
20 106
20 122
20 123
20 126
20 140
20 145
20 146
20 149
20 166
20 169
20 175
20 177
20 180
20 198
20 213
20 214
20 215
20 216
20 219
20 223
20 227
20 240
20 250
20 251
20 255
20 261
20 262
20 268
20 287
20 303
20 351
20 352
20 359
20 368
20 389
20 392
20 403
20 414
20 420
20 422
20 444
20 499
21 31
21 32
21 38
21 39
21 40
21 42
21 50
21 52
21 54
21 56
21 67
21 70
21 85
21 91
21 94
21 98
21 103
21 110
21 131
21 141
21 156
21 165
21 179
21 187
21 189
21 209
21 214
21 236
21 250
21 255
21 261
21 262
21 277
21 281
21 285
21 293
21 314
21 326
21 328
21 333
21 367
21 380
21 397
21 431
21 444
21 480
21 484
21 485
22 26
22 58
22 59
22 65
22 81
22 87
22 127
22 153
22 214
22 220
22 228
22 293
22 364
22 374
22 455
22 468
23 24
23 26
23 27
23 28
23 29
23 30
23 41
23 47
23 54
23 55
23 61
23 62
23 64
23 73
23 80
23 81
23 82
23 87
23 94
23 98
23 103
23 108
23 111
23 115
23 129
23 132
23 133
23 141
23 144
23 158
23 165
23 171
23 178
23 183
23 194
23 199
23 206
23 224
23 234
23 235
23 239
23 250
23 252
23 258
23 296
23 298
23 299
23 300
23 307
23 322
23 345
23 365
23 376
23 398
23 411
23 413
23 433
23 463
23 473
23 489
23 511
24 25
24 37
24 42
24 50
24 61
24 150
24 154
24 309
24 312
24 324
24 334
24 342
24 360
24 386
24 402
24 427
24 476
24 479
24 495
24 499
24 510
25 29
25 32
25 44
25 77
25 115
25 142
25 176
25 201
25 243
25 289
25 354
25 508
26 29
26 31
26 33
26 36
26 37
26 43
26 55
26 58
26 59
26 60
26 62
26 69
26 71
26 75
26 77
26 80
26 87
26 93
26 98
26 103
26 111
26 134
26 139
26 141
26 153
26 155
26 158
26 177
26 209
26 220
26 226
26 230
26 258
26 271
26 272
26 277
26 280
26 282
26 294
26 303
26 329
26 341
26 355
26 357
26 360
26 409
26 442
26 450
26 452
27 35
27 42
27 47
27 60
27 64
27 78
27 80
27 83
27 96
27 108
27 109
27 118
27 119
27 137
27 157
27 187
27 197
27 225
27 227
27 256
27 260
27 280
27 284
27 291
27 309
27 320
27 328
27 373
27 433
27 480
27 502
28 35
28 37
28 45
28 47
28 49
28 51
28 62
28 65
28 68
28 73
28 82
28 86
28 98
28 117
28 118
28 134
28 143
28 147
28 150
28 153
28 154
28 159
28 162
28 171
28 172
28 191
28 218
28 219
28 231
28 233
28 238
28 240
28 245
28 246
28 276
28 346
28 359
28 362
28 374
28 401
28 435
28 446
28 452
28 459
28 462
28 475
28 492
29 31
29 32
29 34
29 42
29 43
29 61
29 67
29 86
29 94
29 149
29 159
29 161
29 185
29 198
29 199
29 202
29 212
29 213
29 230
29 247
29 267
29 286
29 287
29 297
29 313
29 335
29 348
29 374
29 386
29 391
29 395
29 432
29 448
29 455
29 463
29 471
29 482
29 491
29 494
29 499
29 504
29 506
30 31
30 32
30 33
30 34
30 37
30 38
30 40
30 47
30 53
30 59
30 68
30 74
30 78
30 90
30 97
30 101
30 110
30 111
30 113
30 118
30 126
30 132
30 143
30 144
30 145
30 149
30 160
30 168
30 170
30 183
30 189
30 192
30 198
30 202
30 211
30 216
30 217
30 221
30 228
30 257
30 332
30 346
30 352
30 363
30 372
30 419
30 443
30 445
30 460
30 469
30 484
31 33
31 41
31 43
31 44
31 49
31 50
31 69
31 76
31 82
31 84
31 92
31 100
31 114
31 139
31 157
31 183
31 188
31 235
31 237
31 252
31 273
31 302
31 304
31 315
31 362
31 389
31 394
31 412
31 428
31 429
31 431
31 435
31 444
31 454
31 461
31 473
31 493
32 43
32 46
32 51
32 63
32 73
32 76
32 89
32 90
32 111
32 187
32 191
32 218
32 223
32 225
32 230
32 266
32 297
32 303
32 309
32 379
32 400
32 441
32 475
33 36
33 41
33 48
33 65
33 66
33 75
33 76
33 80
33 84
33 93
33 102
33 121
33 152
33 183
33 184
33 185
33 211
33 213
33 216
33 233
33 241
33 289
33 312
33 314
33 323
33 344
33 356
33 361
33 367
33 369
33 374
33 392
33 428
33 441
33 450
33 502
34 37
34 40
34 43
34 51
34 53
34 89
34 117
34 131
34 142
34 170
34 195
34 196
34 204
34 205
34 219
34 222
34 264
34 381
34 382
34 400
34 451
35 45
35 52
35 116
35 117
35 129
35 147
35 160
35 161
35 183
35 215
35 240
35 278
35 290
35 310
35 328
35 331
35 351
35 368
35 450
35 487
35 491
35 508
36 39
36 46
36 55
36 58
36 60
36 106
36 116
36 119
36 126
36 131
36 164
36 216
36 217
36 228
36 257
36 275
36 330
36 341
36 401
36 431
36 450
37 39
37 40
37 49
37 57
37 70
37 72
37 104
37 105
37 127
37 140
37 141
37 146
37 172
37 173
37 185
37 187
37 269
37 271
37 276
37 284
37 293
37 333
37 355
37 401
37 426
37 454
37 485
37 501
37 502
37 509
38 45
38 51
38 56
38 64
38 70
38 74
38 76
38 77
38 82
38 113
38 121
38 127
38 128
38 130
38 132
38 158
38 170
38 178
38 194
38 200
38 217
38 227
38 230
38 260
38 278
38 280
38 281
38 296
38 311
38 331
38 346
38 378
38 433
38 435
38 436
38 442
38 445
38 460
38 497
39 56
39 76
39 78
39 79
39 103
39 105
39 120
39 125
39 148
39 268
39 296
39 301
39 310
39 313
39 316
39 318
39 358
39 395
39 401
39 411
39 471
39 472
39 498
40 50
40 72
40 116
40 117
40 148
40 166
40 206
40 232
40 235
40 272
40 317
40 338
40 344
40 385
40 388
40 389
40 423
40 490
41 52
41 69
41 70
41 77
41 85
41 90
41 126
41 135
41 148
41 166
41 193
41 238
41 283
41 306
41 363
41 376
41 406
42 64
42 73
42 87
42 113
42 140
42 155
42 157
42 200
42 237
42 268
42 269
42 273
42 277
42 279
42 294
42 321
42 333
42 375
42 440
42 443
42 486
43 45
43 55
43 57
43 61
43 63
43 75
43 76
43 78
43 111
43 127
43 133
43 140
43 145
43 149
43 150
43 181
43 189
43 207
43 212
43 228
43 238
43 239
43 254
43 257
43 264
43 265
43 269
43 285
43 301
43 338
43 341
43 350
43 362
43 370
43 385
43 388
43 392
43 400
43 401
43 429
43 437
43 458
43 462
43 490
44 46
44 50
44 72
44 78
44 85
44 97
44 129
44 150
44 158
44 173
44 179
44 196
44 204
44 314
44 320
44 373
44 451
44 468
44 496
45 46
45 48
45 52
45 64
45 70
45 75
45 93
45 142
45 147
45 152
45 156
45 171
45 218
45 311
45 365
45 419
45 431
45 468
45 479
45 499
45 501
46 53
46 57
46 58
46 64
46 71
46 83
46 120
46 124
46 146
46 151
46 164
46 223
46 230
46 244
46 251
46 273
46 291
46 302
46 305
46 386
46 465
47 81
47 93
47 104
47 107
47 113
47 124
47 127
47 148
47 151
47 167
47 168
47 190
47 212
47 215
47 219
47 222
47 224
47 229
47 234
47 243
47 246
47 274
47 291
47 306
47 308
47 352
47 360
47 365
47 374
47 430
47 437
47 439
47 448
47 462
47 467
47 468
47 474
47 482
47 483
48 49
48 52
48 64
48 74
48 124
48 173
48 197
48 236
48 295
48 344
48 366
48 372
49 54
49 109
49 134
49 136
49 156
49 167
49 168
49 195
49 266
49 287
49 412
49 425
49 440
49 473
50 54
50 61
50 62
50 101
50 128
50 141
50 188
50 211
50 283
50 315
50 318
50 375
50 420
51 61
51 68
51 70
51 72
51 75
51 95
51 105
51 109
51 122
51 134
51 135
51 157
51 158
51 164
51 169
51 171
51 220
51 221
51 246
51 261
51 314
51 329
51 338
51 437
51 469
52 56
52 68
52 72
52 82
52 86
52 102
52 106
52 110
52 125
52 140
52 156
52 166
52 176
52 205
52 212
52 223
52 240
52 248
52 295
52 304
52 367
52 412
52 444
52 463
52 487
52 499
52 507
52 511
53 57
53 64
53 79
53 81
53 84
53 100
53 110
53 129
53 135
53 137
53 140
53 145
53 152
53 176
53 186
53 187
53 204
53 207
53 208
53 231
53 242
53 243
53 245
53 270
53 280
53 286
53 291
53 334
53 347
53 353
53 369
53 374
53 441
53 460
53 477
53 488
53 503
53 504
54 68
54 123
54 159
54 163
54 178
54 179
54 196
54 201
54 202
54 209
54 259
54 298
54 342
54 354
54 355
54 397
54 417
54 423
54 430
54 471
54 475
54 484
55 84
55 93
55 123
55 126
55 196
55 239
55 241
55 264
55 344
55 367
55 419
55 426
55 492
56 57
56 61
56 71
56 122
56 131
56 138
56 195
56 222
56 258
56 376
56 382
56 391
56 410
56 418
56 461
56 496
57 69
57 73
57 85
57 91
57 109
57 113
57 120
57 151
57 198
57 213
57 240
57 243
57 244
57 255
57 307
57 344
57 347
57 352
57 363
57 416
57 446
57 465
57 486
57 487
57 489
58 60
58 65
58 66
58 88
58 91
58 93
58 94
58 98
58 99
58 103
58 136
58 146
58 155
58 163
58 165
58 166
58 174
58 176
58 192
58 194
58 211
58 225
58 227
58 233
58 236
58 238
58 248
58 249
58 253
58 277
58 300
58 304
58 326
58 329
58 361
58 362
58 367
58 375
58 383
58 386
58 400
58 429
58 433
58 453
58 464
58 494
58 495
58 501
58 505
59 82
59 119
59 120
59 124
59 144
59 168
59 200
59 202
59 210
59 236
59 259
59 272
59 282
59 291
59 315
59 323
59 329
59 397
59 440
59 455
59 457
59 458
59 476
60 79
60 86
60 92
60 94
60 101
60 102
60 121
60 169
60 172
60 189
60 202
60 212
60 249
60 378
60 380
60 454
60 466
60 490
60 500
60 506
60 510
61 64
61 75
61 92
61 96
61 99
61 113
61 114
61 122
61 129
61 144
61 163
61 164
61 188
61 192
61 199
61 204
61 246
61 251
61 285
61 298
61 314
61 339
61 349
61 350
61 360
61 379
61 402
61 422
61 424
61 487
61 489
62 81
62 93
62 97
62 175
62 183
62 249
62 256
62 284
62 350
62 462
63 107
63 133
63 258
63 268
63 285
63 394
63 467
63 471
63 496
64 66
64 73
64 108
64 135
64 168
64 182
64 209
64 260
64 289
64 355
64 384
64 411
64 412
64 419
65 66
65 102
65 104
65 105
65 106
65 128
65 129
65 158
65 161
65 163
65 176
65 195
65 205
65 270
65 275
65 281
65 287
65 288
65 299
65 305
65 312
65 313
65 322
65 323
65 342
65 347
65 348
65 380
65 399
65 417
65 438
65 448
65 449
65 451
65 458
65 473
65 484
65 487
65 496
65 498
65 506
66 67
66 69
66 76
66 92
66 154
66 168
66 219
66 258
66 268
66 269
66 271
66 306
66 308
66 310
66 316
66 362
66 368
66 371
66 388
66 407
66 423
66 507
67 79
67 88
67 95
67 101
67 105
67 107
67 116
67 136
67 195
67 214
67 222
67 259
67 283
67 302
67 354
67 365
67 383
67 449
67 478
67 498
68 71
68 80
68 96
68 112
68 116
68 124
68 143
68 156
68 162
68 169
68 174
68 192
68 214
68 220
68 236
68 260
68 263
68 337
68 356
68 359
68 378
68 398
68 441
68 478
68 488
68 503
68 509
69 71
69 77
69 92
69 99
69 112
69 113
69 125
69 128
69 138
69 186
69 208
69 225
69 251
69 256
69 307
69 330
69 394
69 408
69 439
69 468
69 472
69 481
69 483
69 484
70 74
70 78
70 83
70 96
70 102
70 108
70 111
70 123
70 136
70 198
70 209
70 225
70 262
70 292
70 325
70 337
70 339
70 365
70 381
70 403
70 407
70 491
71 94
71 99
71 104
71 110
71 162
71 180
71 216
71 220
71 232
71 248
71 255
71 266
71 297
71 377
71 381
71 427
71 460
72 116
72 139
72 246
72 247
72 299
72 372
72 416
72 510
73 89
73 90
73 94
73 100
73 135
73 165
73 193
73 254
73 266
73 392
73 418
73 421
73 436
74 76
74 77
74 100
74 104
74 109
74 117
74 131
74 156
74 167
74 190
74 227
74 264
74 280
74 302
74 316
74 327
74 341
74 342
74 385
74 390
74 417
74 419
74 471
74 505
74 510
75 78
75 87
75 89
75 91
75 95
75 143
75 184
75 210
75 217
75 221
75 242
75 314
75 336
75 343
75 351
75 387
75 406
75 412
75 452
76 83
76 92
76 94
76 126
76 133
76 135
76 271
76 290
76 294
76 306
76 319
76 343
76 390
76 412
76 427
76 428
76 453
77 93
77 101
77 109
77 115
77 128
77 130
77 150
77 197
77 293
77 300
77 304
77 322
77 329
77 411
77 418
77 432
77 442
78 129
78 134
78 145
78 226
78 240
78 339
78 370
78 387
78 465
79 81
79 90
79 96
79 114
79 137
79 217
79 232
79 276
79 278
79 296
79 356
79 390
79 414
79 458
79 467
79 480
80 100
80 117
80 121
80 125
80 151
80 153
80 261
80 303
80 368
80 391
80 415
81 86
81 95
81 103
81 108
81 120
81 123
81 133
81 139
81 165
81 226
81 236
81 281
81 303
81 333
81 334
81 345
81 376
81 471
81 502
82 84
82 106
82 107
82 115
82 122
82 304
82 314
82 318
82 326
82 339
82 416
82 472
82 481
83 84
83 88
83 179
83 242
83 245
83 257
83 308
83 311
83 320
83 325
83 352
83 354
83 374
84 89
84 108
84 123
84 170
84 173
84 189
84 200
84 232
84 244
84 245
84 288
84 300
84 301
84 340
84 413
84 425
84 434
84 489
85 106
85 137
85 163
85 282
85 296
85 301
85 396
85 414
85 443
86 107
86 204
86 223
86 228
86 343
86 363
86 388
86 427
86 496
86 510
87 91
87 98
87 102
87 148
87 182
87 229
87 265
87 267
87 286
87 307
87 315
87 320
87 349
87 440
88 98
88 120
88 155
88 171
88 197
88 217
88 279
88 281
88 288
88 331
88 340
88 343
88 475
88 490
89 118
89 120
89 128
89 150
89 186
89 198
89 199
89 222
89 229
89 236
89 272
89 274
89 290
89 300
89 301
89 330
89 334
89 335
89 338
89 362
89 393
89 397
89 428
89 449
89 477
89 507
89 509
90 126
90 127
90 142
90 157
90 179
90 211
90 265
90 276
90 288
90 317
90 348
90 383
90 404
90 410
90 418
91 106
91 115
91 154
91 160
91 234
91 286
91 327
91 352
91 354
91 393
91 461
91 475
91 502
92 96
92 99
92 104
92 125
92 259
92 320
92 327
92 398
92 416
92 450
92 478
92 485
93 134
93 153
93 213
93 238
93 295
93 423
93 444
93 452
93 508
94 122
94 143
94 166
94 168
94 169
94 193
94 228
94 262
94 267
94 283
94 298
94 310
94 327
94 383
94 388
94 426
94 448
95 131
95 150
95 180
95 238
95 262
95 307
95 313
95 331
95 373
96 176
96 188
96 204
96 213
96 321
96 327
96 341
96 402
96 451
96 478
96 488
97 99
97 103
97 131
97 147
97 203
97 218
97 231
97 236
97 245
97 286
97 291
97 309
97 323
97 340
97 476
97 479
98 119
98 130
98 143
98 271
98 339
98 370
98 447
98 463
98 511
99 108
99 136
99 144
99 159
99 210
99 233
99 253
99 346
99 375
99 406
100 101
100 104
100 108
100 110
100 112
100 132
100 137
100 141
100 160
100 170
100 175
100 204
100 211
100 224
100 252
100 260
100 263
100 283
100 313
100 377
100 416
100 436
100 452
100 470
100 482
101 103
101 119
101 130
101 142
101 148
101 149
101 155
101 156
101 176
101 182
101 192
101 263
101 269
101 272
101 309
101 396
101 408
101 445
101 476
101 505
102 121
102 122
102 136
102 139
102 157
102 163
102 182
102 184
102 200
102 226
102 231
102 268
102 275
102 297
102 329
102 380
102 418
102 480
102 492
103 167
103 177
103 214
103 237
103 287
103 340
103 357
103 392
103 401
103 446
103 464
103 504
104 117
104 135
104 158
104 168
104 175
104 179
104 270
104 317
104 321
104 343
104 445
105 138
105 182
105 219
105 372
105 416
105 425
105 488
106 107
106 114
106 117
106 118
106 130
106 156
106 161
106 180
106 186
106 187
106 196
106 235
106 254
106 259
106 277
106 324
106 444
106 460
107 132
107 186
107 190
107 206
107 210
107 211
107 223
107 243
107 253
107 328
107 353
107 464
107 483
107 501
108 123
108 133
108 159
108 185
108 223
108 364
108 437
109 139
109 141
109 153
109 161
109 171
109 186
109 199
109 215
109 239
109 248
109 270
109 284
109 391
109 414
109 457
109 479
110 120
110 125
110 138
110 181
110 187
110 235
110 272
110 274
110 442
110 444
110 495
111 122
111 151
111 201
111 294
112 137
112 146
112 165
112 168
112 208
112 215
112 226
112 266
112 275
112 278
112 489
113 114
113 119
113 146
113 160
113 230
113 269
113 299
113 336
113 395
113 397
113 413
113 487
113 492
113 500
114 174
114 175
114 182
114 332
114 358
114 363
114 366
114 383
114 397
114 425
114 493
115 116
115 127
115 135
115 143
115 162
115 201
115 202
115 206
115 211
115 336
115 354
115 361
115 400
115 447
116 124
116 151
116 164
116 193
116 296
116 355
116 399
117 121
117 160
117 197
117 235
117 271
117 291
117 316
117 348
117 396
117 499
118 171
118 180
118 192
118 204
118 242
118 247
118 257
118 397
118 420
119 124
119 136
119 139
119 192
119 290
119 440
120 164
120 193
120 409
120 417
120 458
121 126
121 130
121 270
121 279
121 283
121 328
121 353
121 381
121 384
121 390
121 439
121 451
121 479
121 489
121 491
122 170
122 173
122 184
122 248
122 263
122 361
122 435
122 485
123 145
123 206
123 241
123 290
123 301
123 305
123 309
123 397
123 441
124 132
124 144
124 182
124 203
124 226
124 404
124 407
124 470
125 255
125 264
125 323
125 474
126 127
126 237
126 250
126 326
127 151
127 165
127 203
127 305
127 312
127 337
128 173
128 174
128 190
128 243
128 252
128 266
128 396
128 424
128 432
128 437
128 495
129 147
129 154
129 169
129 189
129 197
129 234
129 239
129 240
129 298
129 311
129 347
129 401
129 419
129 468
129 481
129 483
129 509
130 191
130 242
130 255
130 360
130 410
130 429
131 132
131 153
131 170
131 184
131 207
131 244
131 248
131 258
131 284
131 353
131 363
131 366
131 399
131 460
132 160
132 162
132 171
132 173
132 220
132 232
132 235
132 332
132 341
132 381
132 403
132 432
132 467
132 511
133 134
133 253
133 262
133 336
133 466
134 141
134 200
134 207
134 276
134 345
134 467
135 153
135 190
135 231
135 257
135 305
136 243
136 264
136 266
136 357
136 402
137 181
137 221
137 276
137 321
137 400
137 508
137 510
138 193
138 206
138 216
138 220
138 301
138 308
138 357
138 412
138 473
138 510
139 146
139 349
139 391
139 409
139 416
139 421
139 422
139 464
139 509
140 200
140 205
140 209
140 220
140 229
140 233
140 267
140 277
140 282
140 326
140 330
140 368
140 372
140 389
140 396
140 398
140 399
141 201
141 205
141 219
141 232
141 238
141 246
141 254
141 275
141 277
141 284
141 369
141 415
141 479
142 225
142 267
142 316
143 188
143 310
143 318
143 375
143 411
143 478
144 226
144 245
144 257
144 286
144 312
145 148
145 178
145 185
145 207
145 224
145 280
145 281
145 292
145 320
145 346
145 439
145 463
145 482
146 150
146 152
146 172
146 231
146 254
146 255
146 274
146 295
146 307
146 317
146 353
146 406
146 504
147 159
147 286
147 437
147 453
147 494
147 508
148 180
148 188
148 294
148 484
149 155
149 210
149 263
149 372
149 457
150 154
150 158
150 195
150 205
150 294
150 381
150 420
150 430
150 457
150 460
150 495
151 209
151 269
151 354
151 391
152 167
152 177
152 181
152 192
152 210
152 259
152 321
152 348
152 350
152 370
153 155
153 177
153 183
153 203
153 208
153 253
153 364
153 432
153 450
153 482
154 297
154 359
154 404
154 411
155 213
155 236
155 300
155 390
155 394
156 172
156 189
156 234
156 251
156 493
157 169
157 201
157 210
157 251
157 267
157 279
157 294
157 305
157 339
157 342
157 425
157 439
157 446
158 181
158 297
158 304
158 325
158 466
159 173
159 242
159 307
159 325
159 359
159 493
160 163
160 167
160 198
160 246
160 256
160 312
160 345
160 369
160 371
160 441
160 474
161 284
161 302
161 377
161 415
161 420
161 488
162 178
162 203
162 225
162 241
162 251
162 262
162 326
162 340
162 456
163 243
163 261
163 280
163 310
163 338
163 416
163 426
164 199
164 230
164 256
164 257
164 258
164 348
164 499
164 511
165 224
165 227
165 233
165 342
166 182
166 191
166 195
166 212
166 237
166 240
166 267
166 274
166 485
167 176
167 177
167 187
167 191
167 265
167 279
167 310
167 332
167 335
167 368
167 377
167 415
167 483
167 499
167 503
168 185
168 221
168 260
168 370
168 373
168 430
169 178
169 207
169 279
169 281
169 303
169 319
169 424
169 488
170 188
170 191
170 268
170 278
170 292
170 295
170 296
170 304
170 443
170 472
171 208
171 212
171 318
171 440
172 276
172 422
173 196
173 208
173 217
173 311
173 349
173 363
173 428
173 476
174 185
174 221
174 244
174 245
174 274
174 289
174 365
174 369
174 429
174 455
175 248
175 312
175 317
175 323
175 355
175 419
175 461
175 474
176 208
176 228
176 239
176 309
176 423
177 184
177 267
177 290
177 339
177 371
177 413
177 441
178 338
178 352
178 428
178 456
178 478
178 480
179 240
179 447
179 467
179 498
180 181
180 201
180 208
180 290
180 306
180 405
180 408
181 203
181 222
181 241
181 312
181 342
181 369
181 399
181 421
181 437
181 448
181 464
181 478
182 186
182 225
182 295
182 308
182 313
182 315
182 327
182 356
182 360
182 419
183 230
183 324
183 353
183 501
184 201
184 209
184 248
184 273
184 302
184 320
184 343
184 417
184 481
185 193
185 226
185 354
185 427
185 485
185 494
186 249
186 253
186 334
186 341
186 365
186 417
187 277
187 384
188 249
188 282
188 421
188 465
189 204
189 209
189 292
189 319
189 323
189 324
189 382
189 400
189 491
191 258
192 279
192 511
193 197
193 214
193 359
193 383
193 395
193 399
193 446
194 278
194 367
195 250
195 356
195 487
196 222
196 370
196 500
196 510
197 231
197 278
197 332
197 345
197 387
198 241
198 259
198 318
199 331
199 361
199 442
199 476
200 255
200 315
200 489
201 205
201 329
201 330
201 349
202 218
202 282
202 288
202 319
203 215
203 306
203 309
203 325
203 370
203 392
203 496
204 210
204 224
204 250
204 252
204 269
206 217
206 321
206 349
206 493
207 215
207 221
207 222
207 262
207 272
207 298
207 366
207 384
207 439
207 448
207 453
208 234
208 241
208 322
208 345
209 217
209 314
209 405
209 494
210 235
210 256
210 346
210 389
210 404
211 254
211 260
211 328
211 378
211 398
211 444
212 289
212 329
212 338
212 487
213 238
213 288
213 295
213 363
213 424
214 261
214 273
214 284
214 311
214 382
214 408
214 423
214 445
214 463
215 251
215 285
215 292
215 379
215 420
215 438
215 450
215 480
216 283
216 404
216 436
216 454
216 459
216 477
217 270
217 404
218 233
218 310
218 434
219 232
219 266
219 301
219 324
219 358
219 393
219 404
219 426
219 430
219 471
220 224
220 249
220 302
221 244
221 337
221 345
222 247
222 311
222 333
222 371
222 431
223 232
223 261
223 265
223 310
223 335
223 351
223 355
223 357
223 364
223 367
223 414
223 446
224 227
224 233
224 414
224 433
225 229
225 376
225 469
226 252
226 283
226 334
226 351
226 508
227 231
227 362
227 445
228 332
229 242
229 247
229 253
229 331
229 459
230 376
230 461
231 341
231 384
231 415
232 409
233 274
233 300
233 352
233 354
233 358
233 384
233 395
233 406
233 443
233 463
234 256
234 407
234 422
235 272
235 337
235 356
235 381
235 498
236 257
236 361
236 371
236 504
237 313
237 347
237 392
237 443
237 464
237 471
237 493
238 317
238 380
238 394
238 430
239 413
239 442
240 299
240 316
240 327
240 386
241 336
241 348
241 362
241 369
241 409
241 437
241 463
242 371
242 380
243 466
244 259
244 273
244 326
245 285
245 293
245 406
246 398
246 405
247 396
247 400
247 435
248 263
248 282
248 382
248 402
248 412
249 291
249 294
249 322
249 327
249 348
249 507
250 260
250 276
250 287
250 320
250 340
250 344
250 347
250 389
250 397
250 438
251 328
251 331
251 392
251 480
251 485
251 507
252 284
252 307
252 351
252 501
253 410
253 417
254 273
254 289
254 340
254 359
254 454
254 497
255 470
255 486
256 271
256 288
256 330
256 366
257 264
257 270
257 367
257 408
257 435
258 283
258 387
258 403
259 263
259 272
259 325
259 411
259 421
259 436
259 449
260 364
260 375
260 408
260 410
261 322
261 343
261 371
261 387
261 462
261 503
262 292
262 332
262 368
262 470
263 282
263 305
263 407
264 379
264 420
264 483
266 417
266 500
267 318
267 338
267 393
267 476
267 486
268 330
268 409
268 468
268 500
269 325
269 347
269 379
269 421
269 426
269 455
270 287
270 457
270 461
270 492
271 318
271 337
271 420
271 469
272 292
272 306
272 319
272 382
272 390
273 300
273 329
273 378
273 421
274 390
274 403
275 280
275 353
275 506
276 353
276 380
276 456
276 472
276 506
277 433
277 456
278 333
278 342
278 358
278 458
279 340
279 421
279 472
280 370
280 375
280 392
280 433
280 466
280 494
281 460
282 450
282 470
282 475
283 408
283 497
284 285
284 306
284 332
284 364
284 383
284 431
284 449
285 344
285 442
285 468
286 295
286 495
287 340
287 343
287 356
287 398
287 427
287 436
288 364
288 415
288 428
289 346
289 385
289 470
289 482
290 318
290 439
290 452
291 455
292 446
292 490
293 327
293 398
293 505
294 338
294 348
294 410
295 502
295 505
296 363
296 482
298 357
298 387
298 467
298 474
298 492
299 395
299 438
300 315
300 467
301 373
301 492
302 404
302 443
303 377
303 393
304 341
304 358
304 379
304 497
305 312
305 415
306 367
306 473
306 491
306 492
307 319
307 395
307 447
307 456
307 471
308 316
309 335
310 337
310 368
310 386
310 447
310 477
310 489
310 492
310 495
310 498
311 434
312 481
312 509
313 375
313 405
313 452
313 453
313 459
313 465
314 334
314 377
315 335
315 360
316 507
317 339
317 413
317 457
318 432
320 323
320 358
321 383
321 401
321 410
322 333
322 377
322 424
322 506
323 490
323 505
324 384
324 459
324 490
325 371
326 365
328 352
328 384
328 393
328 405
328 413
328 429
328 432
328 473
329 407
329 438
329 440
329 459
330 361
330 377
330 406
330 434
330 479
330 504
331 339
331 345
331 386
331 398
331 429
332 373
332 402
332 449
332 459
333 336
333 418
333 449
334 403
335 469
338 343
338 399
339 407
339 409
340 356
340 388
340 425
340 449
342 350
342 424
342 506
343 350
343 380
343 502
346 389
346 430
346 506
347 351
347 485
347 504
348 435
348 458
349 381
349 425
349 431
349 465
349 507
350 405
351 368
351 394
351 461
351 477
352 358
352 385
352 465
353 366
353 402
353 482
353 501
353 502
354 401
355 424
355 451
355 470
355 480
355 484
359 424
359 446
360 428
360 474
360 477
361 376
361 405
361 461
361 464
362 506
363 466
365 491
367 390
367 407
367 413
368 422
369 388
369 448
369 499
370 393
370 449
371 453
371 476
372 385
372 408
376 384
376 503
377 438
379 447
379 498
380 382
380 411
382 409
382 422
382 477
383 386
383 465
383 469
385 395
385 462
386 388
386 457
387 448
388 461
389 493
390 497
391 413
391 497
392 423
392 442
392 459
392 476
393 394
393 454
393 466
395 443
396 450
397 438
397 489
397 505
398 488
399 410
399 432
401 487
402 420
402 456
403 410
403 436
403 497
404 453
405 415
405 426
406 444
406 447
407 423
407 456
408 509
409 451
409 486
411 439
411 459
414 452
418 497
419 434
420 422
420 446
420 486
421 441
421 493
422 429
422 510
423 457
423 503
424 445
426 434
426 458
426 498
426 504
428 441
428 469
428 508
428 511
430 493
432 434
432 491
433 440
433 458
434 503
435 442
435 443
437 509
439 475
442 470
443 455
444 455
446 455
449 502
452 496
454 468
455 462
457 505
458 483
462 494
464 479
464 495
465 481
466 503
467 498
467 507
472 474
480 483
481 491
481 507
485 505
496 500
496 508
496 509
503 508
