0 10
0 11
0 13
0 14
0 15
0 17
0 18
0 19
0 20
0 26
0 42
0 54
0 65
0 68
0 69
0 76
0 87
0 88
0 91
0 96
0 98
0 115
0 138
0 158
0 168
0 177
0 181
0 199
0 209
0 211
0 212
0 214
0 221
0 270
0 299
0 310
0 331
0 359
0 375
0 423
0 429
0 436
0 438
0 472
0 496
0 542
0 566
0 618
0 620
0 645
0 652
0 730
0 765
0 782
0 858
0 879
0 893
0 905
0 949
0 958
0 982
0 1002
0 1018
1 10
1 12
1 13
1 14
1 20
1 25
1 32
1 54
1 101
1 192
1 199
1 224
1 252
1 266
1 345
1 355
1 368
1 395
1 526
1 533
1 688
1 701
1 765
1 835
1 936
1 957
2 10
2 11
2 14
2 15
2 16
2 17
2 18
2 19
2 20
2 21
2 22
2 23
2 28
2 33
2 36
2 43
2 48
2 54
2 60
2 68
2 101
2 109
2 112
2 129
2 136
2 146
2 148
2 149
2 153
2 158
2 168
2 177
2 180
2 186
2 193
2 208
2 213
2 225
2 237
2 246
2 275
2 279
2 322
2 331
2 336
2 341
2 345
2 368
2 373
2 376
2 378
2 379
2 409
2 422
2 423
2 432
2 460
2 482
2 502
2 532
2 617
2 628
2 643
2 661
2 662
2 704
2 705
2 711
2 717
2 728
2 732
2 754
2 759
2 767
2 792
2 800
2 824
2 827
2 839
2 869
2 900
2 942
2 971
2 986
2 989
2 1011
3 10
3 11
3 12
3 13
3 14
3 16
3 18
3 21
3 22
3 24
3 32
3 34
3 35
3 36
3 37
3 42
3 43
3 47
3 54
3 58
3 64
3 74
3 80
3 81
3 84
3 89
3 91
3 99
3 103
3 105
3 117
3 118
3 129
3 133
3 137
3 142
3 147
3 150
3 165
3 170
3 171
3 175
3 183
3 200
3 221
3 229
3 243
3 253
3 260
3 294
3 311
3 320
3 324
3 325
3 329
3 351
3 358
3 385
3 392
3 407
3 412
3 424
3 428
3 434
3 454
3 467
3 487
3 497
3 541
3 546
3 557
3 559
3 617
3 622
3 627
3 643
3 653
3 655
3 676
3 691
3 700
3 740
3 753
3 754
3 756
3 793
3 807
3 815
3 836
3 843
3 863
3 887
3 1021
4 10
4 11
4 12
4 13
4 14
4 15
4 16
4 28
4 31
4 34
4 35
4 47
4 49
4 52
4 54
4 74
4 75
4 87
4 94
4 109
4 118
4 119
4 123
4 127
4 176
4 180
4 188
4 200
4 204
4 211
4 222
4 252
4 258
4 271
4 298
4 372
4 385
4 386
4 425
4 444
4 473
4 474
4 484
4 489
4 523
4 557
4 578
4 596
4 617
4 639
4 671
4 703
4 724
4 761
4 771
4 850
4 941
4 947
4 971
4 976
4 1009
5 10
5 11
5 12
5 13
5 22
5 29
5 30
5 34
5 35
5 36
5 51
5 56
5 64
5 65
5 72
5 77
5 86
5 89
5 105
5 144
5 152
5 209
5 221
5 252
5 259
5 296
5 311
5 316
5 332
5 367
5 397
5 399
5 456
5 461
5 494
5 505
5 519
5 585
5 636
5 677
5 759
5 795
5 849
6 10
6 11
6 12
6 13
6 15
6 16
6 21
6 23
6 24
6 26
6 29
6 32
6 37
6 44
6 48
6 50
6 58
6 61
6 69
6 90
6 113
6 137
6 138
6 144
6 160
6 171
6 185
6 189
6 212
6 232
6 236
6 253
6 261
6 264
6 308
6 337
6 416
6 445
6 494
6 495
6 551
6 555
6 561
6 621
6 650
6 663
6 677
6 693
6 755
6 762
6 784
6 794
6 796
6 855
6 858
6 867
6 902
6 1011
7 10
7 11
7 12
7 14
7 15
7 17
7 18
7 20
7 21
7 23
7 24
7 27
7 28
7 29
7 31
7 35
7 38
7 39
7 41
7 43
7 47
7 52
7 54
7 60
7 63
7 64
7 65
7 67
7 73
7 95
7 109
7 114
7 115
7 120
7 126
7 134
7 135
7 149
7 165
7 168
7 173
7 175
7 179
7 183
7 186
7 206
7 208
7 232
7 238
7 251
7 267
7 292
7 293
7 303
7 305
7 322
7 340
7 355
7 359
7 365
7 366
7 375
7 376
7 380
7 388
7 407
7 433
7 438
7 442
7 457
7 458
7 476
7 479
7 483
7 533
7 534
7 536
7 549
7 559
7 565
7 570
7 591
7 597
7 604
7 613
7 615
7 625
7 640
7 653
7 661
7 691
7 703
7 719
7 720
7 750
7 762
7 767
7 783
7 787
7 822
7 829
7 831
7 856
7 865
7 876
7 882
7 888
7 913
7 944
7 945
7 950
7 1006
7 1014
8 10
8 11
8 12
8 13
8 38
8 278
8 425
8 488
8 830
8 846
9 10
9 11
9 12
9 14
9 15
9 16
9 17
9 19
9 21
9 22
9 24
9 30
9 31
9 32
9 37
9 39
9 42
9 46
9 58
9 60
9 63
9 66
9 68
9 69
9 71
9 74
9 80
9 82
9 83
9 92
9 98
9 101
9 108
9 124
9 139
9 140
9 147
9 154
9 167
9 168
9 179
9 180
9 187
9 207
9 232
9 237
9 239
9 293
9 303
9 313
9 356
9 365
9 372
9 412
9 413
9 418
9 462
9 476
9 482
9 488
9 505
9 525
9 534
9 539
9 543
9 557
9 562
9 564
9 570
9 579
9 589
9 615
9 620
9 621
9 633
9 642
9 647
9 662
9 665
9 681
9 685
9 703
9 721
9 725
9 737
9 776
9 777
9 810
9 847
9 857
9 861
9 872
9 878
9 989
9 990
9 991
9 993
9 995
10 11
10 12
10 13
10 14
10 15
10 16
10 17
10 18
10 19
10 20
10 22
10 25
10 27
10 31
10 35
10 37
10 39
10 42
10 45
10 47
10 48
10 53
10 59
10 67
10 70
10 75
10 78
10 80
10 81
10 84
10 86
10 88
10 90
10 94
10 95
10 104
10 106
10 109
10 112
10 113
10 114
10 126
10 134
10 139
10 144
10 145
10 146
10 153
10 157
10 173
10 181
10 183
10 187
10 196
10 200
10 204
10 215
10 226
10 238
10 239
10 241
10 243
10 245
10 254
10 264
10 276
10 281
10 284
10 291
10 300
10 304
10 308
10 313
10 318
10 320
10 327
10 333
10 341
10 351
10 362
10 367
10 394
10 404
10 418
10 423
10 427
10 435
10 436
10 446
10 463
10 481
10 482
10 501
10 507
10 522
10 523
10 532
10 548
10 549
10 563
10 576
10 593
10 596
10 606
10 612
10 618
10 619
10 623
10 670
10 688
10 704
10 708
10 762
10 778
10 785
10 808
10 809
10 818
10 829
10 835
10 839
10 842
10 846
10 854
10 857
10 875
10 880
10 887
10 893
10 908
10 912
10 914
10 915
10 925
10 936
10 941
10 942
10 972
10 981
10 994
10 997
10 999
10 1005
10 1016
11 12
11 13
11 15
11 16
11 17
11 19
11 21
11 24
11 25
11 29
11 37
11 44
11 49
11 53
11 54
11 56
11 59
11 62
11 65
11 68
11 74
11 78
11 80
11 83
11 87
11 88
11 106
11 108
11 110
11 112
11 115
11 119
11 126
11 127
11 134
11 149
11 157
11 159
11 163
11 174
11 176
11 180
11 188
11 191
11 196
11 203
11 206
11 207
11 210
11 212
11 227
11 228
11 236
11 240
11 246
11 249
11 254
11 256
11 257
11 259
11 262
11 271
11 282
11 283
11 285
11 287
11 293
11 296
11 302
11 307
11 311
11 326
11 343
11 344
11 347
11 348
11 355
11 357
11 358
11 365
11 374
11 381
11 404
11 414
11 461
11 489
11 501
11 503
11 521
11 532
11 548
11 556
11 583
11 590
11 619
11 627
11 640
11 654
11 673
11 683
11 721
11 732
11 734
11 739
11 744
11 783
11 791
11 802
11 805
11 806
11 849
11 853
11 855
11 869
11 878
11 891
11 897
11 909
11 910
11 926
11 942
11 987
11 997
11 998
11 1017
12 13
12 14
12 15
12 16
12 17
12 18
12 19
12 20
12 21
12 22
12 23
12 24
12 27
12 30
12 32
12 36
12 37
12 39
12 40
12 41
12 43
12 44
12 46
12 47
12 48
12 54
12 55
12 56
12 57
12 61
12 62
12 66
12 68
12 70
12 73
12 79
12 80
12 81
12 88
12 90
12 94
12 96
12 97
12 98
12 110
12 111
12 118
12 131
12 136
12 148
12 155
12 166
12 172
12 175
12 177
12 185
12 189
12 190
12 199
12 202
12 203
12 217
12 221
12 228
12 237
12 241
12 246
12 250
12 256
12 272
12 277
12 286
12 290
12 306
12 315
12 321
12 324
12 326
12 328
12 329
12 331
12 333
12 335
12 344
12 352
12 355
12 373
12 374
12 385
12 390
12 391
12 403
12 410
12 419
12 429
12 439
12 446
12 448
12 460
12 488
12 497
12 517
12 531
12 536
12 544
12 545
12 546
12 552
12 555
12 568
12 572
12 575
12 580
12 592
12 604
12 633
12 646
12 653
12 658
12 663
12 669
12 675
12 698
12 710
12 724
12 749
12 750
12 752
12 772
12 781
12 814
12 815
12 818
12 823
12 824
12 835
12 850
12 853
12 857
12 865
12 876
12 881
12 885
12 896
12 957
12 960
12 981
12 989
12 998
12 999
12 1001
13 14
13 15
13 17
13 18
13 26
13 28
13 31
13 33
13 34
13 41
13 49
13 56
13 59
13 60
13 61
13 72
13 91
13 92
13 98
13 102
13 112
13 124
13 131
13 140
13 143
13 144
13 159
13 162
13 190
13 192
13 199
13 201
13 212
13 221
13 226
13 234
13 236
13 244
13 245
13 256
13 260
13 263
13 275
13 281
13 298
13 304
13 314
13 327
13 338
13 351
13 380
13 388
13 401
13 434
13 463
13 466
13 480
13 491
13 494
13 495
13 530
13 531
13 553
13 554
13 575
13 612
13 622
13 715
13 723
13 724
13 726
13 742
13 745
13 747
13 749
13 754
13 755
13 761
13 765
13 800
13 805
13 813
13 819
13 826
13 838
13 867
13 874
13 932
13 962
13 971
13 983
13 1011
14 16
14 17
14 18
14 19
14 20
14 21
14 23
14 24
14 25
14 26
14 27
14 28
14 29
14 30
14 34
14 39
14 40
14 41
14 46
14 47
14 48
14 57
14 58
14 62
14 70
14 71
14 74
14 77
14 80
14 84
14 88
14 89
14 94
14 105
14 106
14 119
14 122
14 129
14 140
14 141
14 143
14 149
14 150
14 168
14 173
14 176
14 178
14 179
14 182
14 185
14 192
14 197
14 210
14 211
14 212
14 218
14 220
14 246
14 249
14 259
14 271
14 274
14 279
14 280
14 283
14 284
14 298
14 320
14 323
14 325
14 335
14 337
14 339
14 344
14 345
14 358
14 365
14 369
14 386
14 406
14 422
14 428
14 430
14 460
14 464
14 469
14 502
14 512
14 519
14 521
14 524
14 525
14 538
14 541
14 546
14 555
14 578
14 579
14 588
14 607
14 674
14 690
14 733
14 745
14 747
14 753
14 767
14 772
14 778
14 799
14 810
14 825
14 831
14 841
14 869
14 871
14 880
14 883
14 886
14 913
14 931
14 937
14 938
14 969
14 984
14 988
14 993
14 999
14 1001
14 1004
14 1009
14 1016
15 16
15 18
15 19
15 20
15 22
15 23
15 24
15 25
15 26
15 27
15 29
15 30
15 33
15 34
15 38
15 42
15 44
15 46
15 49
15 51
15 56
15 58
15 63
15 66
15 67
15 76
15 77
15 79
15 84
15 85
15 96
15 97
15 103
15 104
15 109
15 111
15 113
15 119
15 122
15 126
15 127
15 129
15 136
15 153
15 160
15 171
15 182
15 193
15 199
15 212
15 217
15 222
15 223
15 225
15 248
15 266
15 267
15 268
15 271
15 276
15 281
15 303
15 305
15 313
15 315
15 323
15 324
15 343
15 344
15 376
15 382
15 384
15 388
15 392
15 400
15 424
15 436
15 456
15 469
15 482
15 496
15 509
15 521
15 537
15 540
15 553
15 564
15 568
15 579
15 591
15 598
15 622
15 638
15 642
15 667
15 684
15 728
15 742
15 751
15 773
15 774
15 782
15 789
15 816
15 822
15 874
15 899
15 907
15 914
15 923
15 930
15 951
15 963
15 1007
16 17
16 18
16 23
16 28
16 29
16 30
16 39
16 40
16 52
16 53
16 63
16 72
16 73
16 81
16 85
16 86
16 103
16 113
16 123
16 124
16 125
16 132
16 154
16 173
16 179
16 181
16 190
16 207
16 219
16 234
16 254
16 265
16 298
16 301
16 343
16 381
16 387
16 397
16 425
16 435
16 439
16 468
16 470
16 479
16 497
16 597
16 638
16 639
16 687
16 711
16 713
16 752
16 757
16 770
16 780
16 783
16 790
16 794
16 839
16 861
16 984
16 1003
17 19
17 20
17 21
17 22
17 23
17 25
17 30
17 31
17 32
17 33
17 36
17 38
17 39
17 46
17 49
17 53
17 58
17 59
17 61
17 63
17 72
17 82
17 89
17 96
17 102
17 105
17 134
17 143
17 154
17 158
17 161
17 174
17 184
17 191
17 192
17 197
17 201
17 224
17 247
17 266
17 267
17 277
17 289
17 324
17 350
17 438
17 443
17 463
17 477
17 520
17 529
17 547
17 557
17 585
17 592
17 603
17 656
17 700
17 734
17 748
17 758
17 806
17 814
17 837
17 850
17 899
17 901
17 922
17 939
17 944
17 962
17 965
17 1001
18 19
18 21
18 25
18 27
18 28
18 34
18 38
18 44
18 62
18 66
18 93
18 121
18 140
18 155
18 175
18 180
18 187
18 199
18 203
18 230
18 233
18 234
18 243
18 247
18 248
18 287
18 301
18 303
18 342
18 353
18 357
18 388
18 401
18 402
18 403
18 466
18 494
18 511
18 514
18 535
18 555
18 618
18 651
18 682
18 778
18 790
18 817
18 832
18 835
18 875
18 883
18 928
18 937
18 957
18 989
19 20
19 23
19 24
19 26
19 27
19 29
19 30
19 31
19 32
19 33
19 35
19 37
19 40
19 43
19 45
19 47
19 50
19 53
19 55
19 57
19 61
19 67
19 71
19 72
19 78
19 79
19 83
19 97
19 100
19 105
19 115
19 117
19 121
19 122
19 124
19 130
19 132
19 133
19 144
19 152
19 154
19 157
19 159
19 167
19 170
19 174
19 182
19 186
19 188
19 197
19 210
19 215
19 220
19 226
19 228
19 231
19 233
19 237
19 239
19 251
19 252
19 256
19 260
19 261
19 277
19 281
19 282
19 287
19 289
19 290
19 293
19 322
19 350
19 353
19 358
19 367
19 379
19 385
19 386
19 400
19 402
19 415
19 423
19 446
19 454
19 480
19 490
19 502
19 507
19 530
19 535
19 544
19 550
19 565
19 579
19 584
19 598
19 635
19 646
19 656
19 657
19 663
19 694
19 696
19 703
19 711
19 721
19 723
19 764
19 769
19 778
19 795
19 823
19 830
19 831
19 857
19 858
19 860
19 911
19 918
19 933
19 954
19 979
19 984
19 1000
19 1016
19 1018
19 1019
19 1020
20 22
20 26
20 28
20 29
20 32
20 33
20 40
20 43
20 45
20 50
20 57
20 58
20 61
20 75
20 77
20 82
20 84
20 87
20 97
20 99
20 102
20 108
20 116
20 118
20 130
20 131
20 138
20 141
20 145
20 157
20 161
20 163
20 169
20 171
20 172
20 179
20 183
20 205
20 207
20 213
20 214
20 219
20 223
20 239
20 243
20 252
20 254
20 258
20 279
20 290
20 294
20 300
20 309
20 321
20 339
20 354
20 364
20 374
20 400
20 425
20 450
20 452
20 457
20 465
20 491
20 501
20 502
20 507
20 554
20 563
20 582
20 670
20 719
20 773
20 822
20 833
20 834
20 853
20 855
20 864
20 865
20 902
20 975
20 980
20 985
20 988
20 1023
21 22
21 25
21 26
21 27
21 29
21 30
21 35
21 36
21 37
21 40
21 42
21 45
21 50
21 52
21 55
21 57
21 61
21 65
21 78
21 79
21 81
21 82
21 86
21 87
21 88
21 90
21 95
21 98
21 119
21 122
21 124
21 129
21 131
21 132
21 135
21 140
21 141
21 143
21 157
21 171
21 173
21 178
21 183
21 184
21 195
21 198
21 202
21 220
21 231
21 232
21 233
21 234
21 239
21 253
21 255
21 279
21 300
21 327
21 333
21 341
21 352
21 358
21 361
21 367
21 372
21 383
21 405
21 427
21 432
21 442
21 466
21 481
21 490
21 498
21 504
21 513
21 516
21 541
21 571
21 578
21 584
21 587
21 595
21 605
21 619
21 625
21 631
21 646
21 663
21 675
21 685
21 695
21 712
21 731
21 749
21 792
21 796
21 840
21 841
21 848
21 863
21 909
21 911
21 921
21 922
21 928
21 929
21 931
21 952
21 957
21 958
21 970
21 973
21 983
21 995
21 999
21 1016
22 23
22 25
22 28
22 33
22 34
22 40
22 44
22 57
22 59
22 64
22 65
22 79
22 89
22 95
22 97
22 102
22 104
22 109
22 110
22 111
22 112
22 118
22 120
22 132
22 142
22 143
22 146
22 148
22 163
22 166
22 193
22 195
22 197
22 211
22 217
22 222
22 238
22 240
22 250
22 288
22 292
22 296
22 313
22 319
22 323
22 343
22 365
22 367
22 370
22 373
22 385
22 389
22 399
22 414
22 424
22 434
22 498
22 527
22 546
22 602
22 632
22 648
22 650
22 704
22 726
22 729
22 769
22 787
22 788
22 916
22 933
22 975
22 984
23 24
23 26
23 27
23 36
23 38
23 42
23 43
23 45
23 48
23 49
23 52
23 60
23 61
23 62
23 64
23 70
23 72
23 74
23 81
23 82
23 86
23 92
23 93
23 96
23 106
23 123
23 128
23 140
23 142
23 146
23 147
23 155
23 159
23 160
23 169
23 174
23 178
23 180
23 184
23 197
23 214
23 219
23 225
23 228
23 233
23 238
23 243
23 244
23 246
23 247
23 248
23 257
23 265
23 288
23 289
23 297
23 300
23 303
23 323
23 337
23 358
23 364
23 388
23 403
23 407
23 408
23 413
23 417
23 418
23 443
23 478
23 489
23 514
23 560
23 579
23 582
23 583
23 602
23 625
23 679
23 691
23 727
23 736
23 746
23 784
23 815
23 827
23 828
23 844
23 898
23 903
23 926
23 934
23 937
23 951
23 959
23 974
23 990
24 25
24 26
24 31
24 32
24 33
24 35
24 37
24 38
24 39
24 40
24 44
24 46
24 48
24 50
24 51
24 63
24 72
24 73
24 81
24 83
24 87
24 108
24 109
24 138
24 144
24 198
24 225
24 227
24 253
24 264
24 269
24 270
24 308
24 318
24 327
24 328
24 387
24 399
24 441
24 467
24 487
24 499
24 527
24 566
24 637
24 668
24 722
24 769
24 822
24 893
24 916
24 918
24 951
24 973
24 1021
24 1022
25 27
25 31
25 35
25 36
25 38
25 43
25 62
25 70
25 73
25 76
25 79
25 103
25 107
25 122
25 141
25 160
25 175
25 181
25 187
25 189
25 223
25 227
25 262
25 265
25 267
25 275
25 279
25 289
25 296
25 310
25 352
25 362
25 364
25 387
25 406
25 420
25 461
25 472
25 503
25 528
25 540
25 549
25 553
25 574
25 615
25 618
25 622
25 669
25 671
25 680
25 686
25 740
25 752
25 753
25 759
25 769
25 782
25 793
25 802
25 894
25 900
25 934
25 969
25 985
25 998
25 1007
25 1012
26 40
26 46
26 48
26 69
26 94
26 95
26 102
26 124
26 151
26 169
26 176
26 183
26 210
26 259
26 269
26 291
26 292
26 299
26 371
26 425
26 488
26 496
26 543
26 556
26 593
26 596
26 601
26 653
26 706
26 718
26 938
26 939
26 953
26 977
26 1012
27 28
27 30
27 31
27 32
27 33
27 34
27 35
27 38
27 42
27 46
27 49
27 50
27 55
27 64
27 65
27 76
27 78
27 92
27 93
27 101
27 104
27 115
27 117
27 128
27 135
27 154
27 168
27 176
27 187
27 195
27 202
27 229
27 245
27 249
27 262
27 273
27 290
27 303
27 306
27 307
27 314
27 324
27 340
27 342
27 347
27 348
27 352
27 359
27 381
27 400
27 419
27 431
27 451
27 459
27 468
27 480
27 486
27 515
27 604
27 607
27 636
27 668
27 686
27 693
27 695
27 715
27 773
27 809
27 844
27 870
27 882
27 883
27 888
27 917
27 934
27 974
27 981
27 996
27 997
27 999
28 34
28 45
28 46
28 47
28 54
28 55
28 57
28 62
28 63
28 67
28 71
28 78
28 81
28 82
28 88
28 89
28 90
28 91
28 110
28 111
28 121
28 123
28 125
28 134
28 142
28 146
28 152
28 166
28 184
28 185
28 195
28 196
28 204
28 205
28 213
28 220
28 251
28 255
28 258
28 266
28 267
28 270
28 272
28 274
28 275
28 282
28 291
28 310
28 314
28 329
28 332
28 335
28 340
28 350
28 357
28 376
28 383
28 398
28 404
28 422
28 427
28 433
28 442
28 453
28 469
28 505
28 507
28 510
28 569
28 593
28 601
28 618
28 625
28 631
28 634
28 639
28 643
28 649
28 650
28 656
28 658
28 659
28 661
28 668
28 693
28 699
28 720
28 732
28 740
28 748
28 762
28 771
28 797
28 809
28 815
28 827
28 852
28 866
28 878
28 896
28 906
28 914
28 924
28 952
28 955
28 956
28 969
28 973
28 981
28 1022
29 36
29 38
29 41
29 50
29 51
29 53
29 68
29 70
29 75
29 77
29 78
29 82
29 83
29 85
29 88
29 90
29 95
29 102
29 121
29 124
29 147
29 162
29 167
29 184
29 186
29 220
29 290
29 299
29 304
29 307
29 322
29 326
29 344
29 356
29 375
29 386
29 391
29 398
29 412
29 437
29 440
29 446
29 465
29 466
29 467
29 501
29 510
29 668
29 683
29 684
29 699
29 731
29 761
29 785
29 787
29 853
29 888
29 900
29 902
29 984
29 1003
29 1008
30 39
30 40
30 41
30 44
30 55
30 76
30 77
30 85
30 89
30 91
30 92
30 95
30 104
30 114
30 116
30 124
30 125
30 150
30 159
30 165
30 195
30 257
30 293
30 371
30 377
30 387
30 406
30 427
30 445
30 451
30 474
30 499
30 514
30 550
30 563
30 573
30 578
30 586
30 587
30 608
30 646
30 669
30 681
30 726
30 750
30 752
30 763
30 808
30 839
30 840
30 891
30 895
30 958
30 965
30 1010
30 1018
31 39
31 41
31 47
31 51
31 53
31 59
31 75
31 84
31 91
31 95
31 97
31 101
31 106
31 110
31 121
31 139
31 149
31 152
31 174
31 205
31 251
31 270
31 277
31 287
31 316
31 332
31 337
31 368
31 370
31 371
31 376
31 401
31 406
31 432
31 451
31 455
31 461
31 464
31 499
31 506
31 508
31 526
31 528
31 579
31 634
31 669
31 730
31 749
31 783
31 848
31 901
31 915
31 928
31 955
31 1007
32 33
32 37
32 41
32 44
32 45
32 49
32 52
32 70
32 72
32 96
32 128
32 154
32 156
32 172
32 186
32 196
32 218
32 222
32 245
32 268
32 280
32 306
32 315
32 317
32 345
32 360
32 380
32 387
32 398
32 454
32 468
32 472
32 474
32 508
32 537
32 577
32 584
32 636
32 650
32 665
32 735
32 772
32 787
32 853
32 859
32 878
32 879
32 891
32 902
32 945
32 958
32 1009
33 42
33 47
33 52
33 55
33 66
33 81
33 114
33 120
33 133
33 136
33 149
33 150
33 168
33 172
33 181
33 189
33 221
33 227
33 280
33 305
33 308
33 340
33 360
33 364
33 402
33 420
33 452
33 453
33 465
33 490
33 523
33 539
33 552
33 562
33 667
33 685
33 698
33 708
33 724
33 731
33 738
33 746
33 837
33 869
33 877
33 913
33 918
33 933
33 941
33 1002
34 36
34 46
34 51
34 69
34 75
34 97
34 100
34 107
34 110
34 112
34 126
34 136
34 137
34 146
34 164
34 181
34 183
34 184
34 194
34 219
34 238
34 250
34 259
34 273
34 275
34 277
34 286
34 309
34 335
34 369
34 443
34 537
34 573
34 737
34 748
34 800
34 811
34 812
34 819
34 890
34 895
34 908
34 912
34 937
34 951
34 956
34 983
34 1004
35 42
35 50
35 52
35 54
35 55
35 59
35 62
35 63
35 66
35 67
35 83
35 100
35 118
35 124
35 134
35 138
35 139
35 151
35 168
35 177
35 189
35 206
35 213
35 217
35 218
35 221
35 227
35 277
35 287
35 297
35 326
35 330
35 354
35 377
35 378
35 453
35 456
35 485
35 497
35 500
35 508
35 518
35 542
35 547
35 554
35 590
35 646
35 654
35 679
35 692
35 700
35 790
35 805
35 811
35 823
35 831
35 879
35 895
35 919
35 924
35 934
35 973
36 51
36 61
36 66
36 70
36 83
36 85
36 87
36 106
36 160
36 173
36 175
36 178
36 180
36 185
36 190
36 252
36 258
36 270
36 287
36 314
36 329
36 346
36 348
36 355
36 457
36 458
36 464
36 480
36 550
36 558
36 582
36 589
36 594
36 596
36 605
36 660
36 748
36 800
36 806
36 862
36 926
36 961
36 963
36 1015
37 41
37 48
37 69
37 70
37 72
37 73
37 76
37 86
37 89
37 94
37 98
37 114
37 120
37 152
37 189
37 207
37 212
37 234
37 249
37 257
37 278
37 284
37 308
37 311
37 336
37 340
37 421
37 426
37 435
37 451
37 452
37 457
37 480
37 512
37 544
37 581
37 586
37 592
37 613
37 616
37 647
37 658
37 681
37 683
37 738
37 768
37 772
37 775
37 863
37 873
37 883
37 886
37 901
37 903
37 964
37 971
37 972
37 992
38 43
38 64
38 102
38 132
38 141
38 150
38 235
38 247
38 256
38 257
38 278
38 319
38 349
38 350
38 403
38 412
38 470
38 488
38 521
38 735
38 736
38 785
38 809
38 907
39 41
39 43
39 44
39 45
39 50
39 56
39 59
39 62
39 63
39 64
39 71
39 73
39 75
39 76
39 83
39 95
39 96
39 99
39 102
39 107
39 111
39 117
39 125
39 126
39 132
39 139
39 155
39 162
39 165
39 176
39 182
39 183
39 186
39 188
39 195
39 203
39 211
39 215
39 219
39 230
39 235
39 237
39 271
39 290
39 300
39 311
39 319
39 325
39 329
39 346
39 349
39 360
39 373
39 411
39 419
39 432
39 434
39 436
39 439
39 450
39 461
39 477
39 484
39 493
39 496
39 501
39 503
39 532
39 535
39 544
39 545
39 568
39 580
39 598
39 616
39 626
39 629
39 639
39 681
39 687
39 695
39 699
39 701
39 708
39 710
39 731
39 738
39 743
39 753
39 775
39 836
39 862
39 864
39 892
39 909
39 917
39 923
39 1017
40 51
40 52
40 53
40 57
40 58
40 59
40 68
40 71
40 74
40 80
40 98
40 100
40 114
40 115
40 116
40 122
40 132
40 140
40 142
40 152
40 169
40 176
40 185
40 186
40 187
40 196
40 198
40 200
40 201
40 202
40 210
40 254
40 292
40 355
40 370
40 393
40 413
40 416
40 424
40 468
40 470
40 480
40 481
40 493
40 538
40 548
40 550
40 630
40 660
40 700
40 721
40 728
40 751
40 798
40 872
40 1023
41 45
41 56
41 65
41 71
41 82
41 104
41 118
41 123
41 148
41 162
41 171
41 186
41 203
41 215
41 229
41 305
41 308
41 410
41 449
41 460
41 469
41 523
41 648
41 781
41 818
41 830
41 903
42 55
42 89
42 113
42 119
42 120
42 139
42 144
42 167
42 182
42 201
42 208
42 243
42 252
42 312
42 317
42 345
42 354
42 380
42 414
42 422
42 442
42 509
42 543
42 914
42 923
42 927
42 970
43 59
43 60
43 65
43 71
43 76
43 94
43 99
43 101
43 117
43 136
43 175
43 188
43 233
43 276
43 288
43 295
43 307
43 340
43 380
43 385
43 431
43 492
43 508
43 536
43 556
43 609
43 612
43 629
43 665
43 678
43 690
43 744
43 761
43 780
43 827
43 833
43 834
43 918
43 921
43 930
43 952
43 961
43 968
43 986
44 45
44 51
44 53
44 56
44 57
44 79
44 84
44 85
44 86
44 100
44 108
44 126
44 141
44 156
44 197
44 204
44 232
44 311
44 349
44 445
44 460
44 469
44 474
44 509
44 549
44 581
44 584
44 596
44 637
44 640
44 651
44 851
44 861
44 969
45 48
45 66
45 67
45 77
45 88
45 102
45 112
45 133
45 134
45 138
45 159
45 163
45 178
45 181
45 185
45 196
45 216
45 221
45 237
45 247
45 255
45 261
45 265
45 276
45 292
45 294
45 300
45 330
45 379
45 385
45 393
45 405
45 421
45 446
45 519
45 530
45 559
45 587
45 602
45 603
45 730
45 835
45 969
45 994
45 995
45 1017
46 49
46 50
46 60
46 75
46 80
46 92
46 99
46 106
46 107
46 112
46 115
46 119
46 135
46 142
46 145
46 159
46 172
46 174
46 176
46 178
46 190
46 201
46 210
46 267
46 270
46 272
46 278
46 352
46 359
46 365
46 367
46 383
46 391
46 396
46 426
46 476
46 486
46 524
46 573
46 637
46 646
46 648
46 650
46 659
46 663
46 666
46 683
46 686
46 692
46 711
46 712
46 715
46 721
46 733
46 749
46 793
46 802
46 828
46 859
46 883
46 903
46 922
46 928
46 948
46 950
47 51
47 56
47 58
47 63
47 64
47 72
47 73
47 82
47 93
47 101
47 107
47 126
47 134
47 151
47 158
47 274
47 293
47 309
47 325
47 329
47 330
47 339
47 394
47 401
47 405
47 423
47 439
47 491
47 542
47 546
47 555
47 559
47 690
47 700
47 701
47 806
47 823
47 844
47 862
47 869
48 49
48 52
48 56
48 68
48 73
48 101
48 103
48 120
48 126
48 130
48 136
48 152
48 153
48 158
48 179
48 181
48 191
48 257
48 259
48 303
48 328
48 338
48 367
48 383
48 384
48 409
48 419
48 431
48 442
48 448
48 453
48 459
48 481
48 500
48 519
48 570
48 576
48 591
48 613
48 657
48 727
48 838
48 842
48 868
48 949
48 972
48 987
49 53
49 65
49 69
49 94
49 99
49 108
49 111
49 121
49 147
49 156
49 160
49 228
49 231
49 239
49 273
49 299
49 336
49 382
49 435
49 483
49 513
49 521
49 577
49 583
49 589
49 647
49 655
49 658
49 671
49 685
49 702
49 721
49 745
49 822
49 896
49 905
49 974
50 57
50 94
50 107
50 123
50 125
50 155
50 156
50 185
50 230
50 256
50 281
50 374
50 417
50 544
50 565
50 571
50 596
50 607
50 648
50 649
50 652
50 689
50 722
50 762
50 790
50 814
50 858
50 895
50 907
50 944
50 974
50 1015
51 67
51 78
51 85
51 96
51 111
51 119
51 137
51 149
51 163
51 173
51 177
51 194
51 199
51 216
51 231
51 240
51 246
51 272
51 306
51 321
51 402
51 432
51 468
51 487
51 492
51 511
51 525
51 528
51 572
51 622
51 629
51 641
51 706
51 709
51 779
51 801
51 807
51 813
51 838
51 862
51 863
51 906
51 952
51 954
51 974
51 981
52 60
52 62
52 64
52 67
52 73
52 86
52 87
52 97
52 109
52 119
52 122
52 131
52 136
52 153
52 154
52 167
52 193
52 194
52 200
52 210
52 226
52 264
52 277
52 306
52 330
52 353
52 359
52 371
52 422
52 473
52 476
52 479
52 526
52 538
52 545
52 588
52 592
52 633
52 669
52 691
52 738
52 752
52 758
52 768
52 781
52 801
52 833
52 842
52 858
52 928
52 940
52 966
52 1023
53 55
53 60
53 61
53 68
53 76
53 77
53 93
53 100
53 101
53 105
53 123
53 135
53 151
53 161
53 165
53 182
53 198
53 235
53 240
53 241
53 262
53 268
53 317
53 333
53 354
53 357
53 406
53 417
53 418
53 443
53 479
53 503
53 510
53 524
53 544
53 587
53 635
53 647
53 664
53 734
53 735
53 743
53 752
53 808
53 955
53 996
54 70
54 76
54 81
54 135
54 143
54 146
54 156
54 163
54 164
54 166
54 184
54 189
54 190
54 204
54 225
54 232
54 244
54 262
54 283
54 291
54 305
54 327
54 346
54 353
54 360
54 390
54 402
54 416
54 422
54 430
54 431
54 440
54 444
54 481
54 489
54 509
54 526
54 534
54 594
54 601
54 647
54 659
54 660
54 679
54 684
54 694
54 713
54 727
54 740
54 771
54 772
54 799
54 806
54 819
54 821
54 832
54 842
54 879
55 111
55 127
55 134
55 146
55 158
55 160
55 171
55 229
55 231
55 241
55 250
55 256
55 363
55 371
55 376
55 437
55 568
55 619
55 631
55 635
55 687
55 735
55 742
55 815
55 845
55 846
55 862
55 894
56 58
56 60
56 69
56 74
56 77
56 84
56 87
56 104
56 105
56 113
56 122
56 133
56 140
56 147
56 157
56 160
56 166
56 172
56 274
56 316
56 322
56 331
56 348
56 359
56 362
56 390
56 472
56 485
56 488
56 560
56 564
56 589
56 591
56 596
56 606
56 676
56 698
56 710
56 712
56 745
56 758
56 774
56 819
56 826
56 836
56 865
56 866
56 908
56 924
56 944
56 1009
56 1012
57 71
57 79
57 86
57 89
57 91
57 103
57 116
57 180
57 202
57 211
57 213
57 282
57 296
57 299
57 301
57 383
57 388
57 424
57 483
57 535
57 536
57 545
57 552
57 561
57 700
57 713
57 714
57 794
57 807
57 820
58 68
58 74
58 85
58 100
58 127
58 143
58 147
58 227
58 243
58 250
58 394
58 464
58 465
58 482
58 599
58 628
58 719
58 746
58 795
58 810
58 853
58 866
58 979
59 66
59 71
59 77
59 83
59 93
59 108
59 117
59 128
59 155
59 188
59 228
59 261
59 264
59 276
59 310
59 320
59 343
59 402
59 442
59 445
59 564
59 569
59 654
59 760
59 794
59 809
59 837
59 841
59 938
59 940
60 85
60 108
60 144
60 151
60 271
60 295
60 306
60 315
60 334
60 345
60 348
60 395
60 399
60 437
60 501
60 566
60 841
60 896
60 913
60 920
60 959
61 74
61 78
61 97
61 120
61 150
61 161
61 169
61 183
61 208
61 222
61 227
61 238
61 249
61 254
61 257
61 262
61 266
61 269
61 270
61 305
61 307
61 339
61 368
61 399
61 406
61 408
61 443
61 454
61 476
61 479
61 522
61 525
61 558
61 682
61 695
61 707
61 727
61 743
61 779
61 789
61 856
61 859
61 876
61 896
61 911
61 918
61 994
62 80
62 90
62 92
62 114
62 125
62 139
62 201
62 221
62 265
62 301
62 334
62 367
62 383
62 460
62 473
62 479
62 486
62 551
62 552
62 664
62 689
62 713
62 731
62 781
62 855
62 865
62 868
62 934
62 1008
63 135
63 143
63 209
63 259
63 361
63 413
63 505
63 582
63 720
63 944
64 66
64 67
64 132
64 201
64 236
64 241
64 255
64 264
64 269
64 332
64 343
64 408
64 475
64 491
64 495
64 528
64 551
64 668
64 691
64 718
64 756
64 757
64 903
64 1014
65 99
65 107
65 110
65 128
65 276
65 288
65 308
65 309
65 316
65 424
65 600
65 705
65 748
65 795
65 835
65 858
65 914
65 948
66 75
66 82
66 91
66 99
66 121
66 137
66 140
66 150
66 151
66 161
66 165
66 172
66 191
66 196
66 208
66 238
66 262
66 297
66 302
66 345
66 349
66 354
66 374
66 433
66 455
66 462
66 469
66 486
66 504
66 507
66 511
66 517
66 638
66 662
66 675
66 752
66 756
66 816
66 860
66 895
66 912
66 937
66 949
67 69
67 108
67 114
67 147
67 206
67 234
67 276
67 283
67 335
67 339
67 343
67 407
67 482
67 535
67 550
67 563
67 726
67 804
67 856
67 863
68 69
68 214
68 238
68 330
68 337
68 414
68 424
68 431
68 438
68 449
68 457
68 502
68 512
68 539
68 553
68 605
68 670
68 691
68 746
68 812
68 843
68 867
68 991
69 83
69 93
69 111
69 113
69 114
69 121
69 133
69 153
69 171
69 177
69 192
69 356
69 389
69 395
69 427
69 470
69 487
69 497
69 514
69 528
69 625
69 640
69 673
69 683
69 684
69 779
69 857
69 919
70 94
70 119
70 125
70 131
70 164
70 192
70 194
70 219
70 285
70 406
70 413
70 441
70 459
70 502
70 523
70 582
70 587
70 774
70 791
70 811
70 857
70 898
70 985
71 125
71 130
71 137
71 306
71 309
71 312
71 396
71 470
71 496
71 611
71 695
71 802
71 816
72 75
72 91
72 92
72 93
72 100
72 101
72 109
72 117
72 120
72 123
72 126
72 137
72 192
72 242
72 297
72 310
72 367
72 372
72 415
72 494
72 500
72 594
72 603
72 656
72 696
72 709
72 724
72 783
72 804
72 816
72 820
72 824
72 853
72 857
72 870
72 985
72 1014
73 80
73 98
73 103
73 113
73 116
73 130
73 157
73 162
73 168
73 191
73 198
73 222
73 232
73 234
73 244
73 255
73 261
73 263
73 281
73 289
73 315
73 344
73 394
73 492
73 515
73 529
73 542
73 561
73 599
73 607
73 614
73 646
73 651
73 662
73 665
73 722
73 740
73 754
73 787
73 834
73 870
73 873
73 885
73 911
73 936
74 78
74 139
74 161
74 170
74 203
74 218
74 220
74 225
74 273
74 288
74 300
74 316
74 369
74 408
74 426
74 482
74 483
74 575
74 637
74 696
74 713
74 756
74 776
75 79
75 88
75 91
75 98
75 104
75 129
75 135
75 141
75 146
75 153
75 164
75 201
75 207
75 227
75 230
75 252
75 302
75 304
75 324
75 336
75 362
75 383
75 388
75 398
75 434
75 449
75 493
75 600
75 674
75 725
75 784
75 801
75 810
75 815
75 835
75 848
75 874
75 914
75 926
76 79
76 84
76 85
76 87
76 98
76 99
76 103
76 110
76 113
76 118
76 129
76 130
76 172
76 173
76 198
76 204
76 216
76 218
76 220
76 236
76 247
76 254
76 266
76 269
76 274
76 298
76 299
76 312
76 325
76 333
76 372
76 400
76 429
76 442
76 513
76 531
76 565
76 592
76 663
76 713
76 742
76 747
76 776
76 810
76 820
76 865
76 901
76 965
76 990
76 991
76 1013
77 90
77 115
77 121
77 164
77 169
77 239
77 282
77 283
77 296
77 375
77 382
77 450
77 457
77 538
77 549
77 566
77 619
77 627
77 700
77 848
77 900
77 909
77 1014
78 115
78 117
78 130
78 150
78 159
78 162
78 203
78 242
78 249
78 251
78 261
78 332
78 340
78 342
78 351
78 366
78 384
78 387
78 428
78 520
78 546
78 623
78 687
78 929
78 961
78 978
79 105
79 143
79 165
79 167
79 193
79 200
79 205
79 215
79 218
79 253
79 415
79 478
79 502
79 555
79 699
79 719
79 750
79 760
79 785
79 826
79 856
79 946
79 965
80 92
80 127
80 135
80 145
80 208
80 209
80 213
80 241
80 273
80 332
80 346
80 347
80 404
80 443
80 511
80 538
80 573
80 575
80 590
80 672
80 704
80 777
80 792
80 819
80 915
80 940
80 948
80 957
80 959
80 988
81 106
81 124
81 125
81 127
81 129
81 138
81 149
81 162
81 174
81 307
81 315
81 329
81 334
81 352
81 359
81 382
81 400
81 438
81 491
81 518
81 537
81 550
81 570
81 598
81 719
81 750
81 802
81 829
81 972
81 1008
81 1013
82 90
82 111
82 137
82 139
82 202
82 235
82 241
82 273
82 294
82 363
82 366
82 377
82 393
82 444
82 455
82 473
82 486
82 495
82 499
82 503
82 605
82 707
82 713
82 740
82 930
82 1003
83 84
83 128
83 130
83 141
83 145
83 167
83 170
83 230
83 232
83 243
83 258
83 267
83 269
83 373
83 402
83 429
83 432
83 433
83 448
83 471
83 474
83 476
83 537
83 567
83 591
83 631
83 754
83 888
83 930
83 957
83 967
84 99
84 118
84 136
84 157
84 192
84 202
84 229
84 241
84 286
84 319
84 379
84 409
84 427
84 573
84 643
84 732
84 741
84 920
85 86
85 109
85 110
85 128
85 141
85 144
85 145
85 159
85 165
85 191
85 206
85 216
85 219
85 224
85 229
85 235
85 248
85 280
85 287
85 313
85 335
85 368
85 452
85 531
85 551
85 552
85 593
85 715
85 807
85 978
86 93
86 145
86 194
86 234
86 263
86 283
86 298
86 318
86 434
86 436
86 505
86 508
86 577
86 581
86 601
86 611
86 695
86 702
86 710
86 721
86 725
86 736
86 761
86 815
86 994
86 1000
87 90
87 102
87 103
87 117
87 123
87 170
87 192
87 253
87 365
87 416
87 419
87 430
87 446
87 484
87 552
87 556
87 628
87 632
87 677
87 723
87 745
87 753
87 807
87 815
87 826
87 839
87 879
87 987
88 92
88 100
88 143
88 154
88 166
88 174
88 192
88 194
88 208
88 209
88 269
88 314
88 335
88 338
88 411
88 433
88 483
88 601
88 697
88 845
88 847
88 854
88 870
89 127
89 184
89 254
89 258
89 268
89 284
89 318
89 426
89 445
89 462
89 506
89 516
89 558
89 569
89 586
89 605
89 630
89 676
89 708
89 751
89 837
89 849
89 851
89 871
89 985
89 1003
89 1019
90 116
90 140
90 151
90 152
90 155
90 197
90 206
90 223
90 327
90 353
90 397
90 449
90 521
90 528
90 575
90 579
90 687
90 691
90 722
90 725
90 731
90 906
91 95
91 96
91 100
91 105
91 106
91 112
91 116
91 133
91 198
91 224
91 236
91 242
91 261
91 263
91 268
91 315
91 347
91 349
91 390
91 396
91 397
91 415
91 445
91 454
91 499
91 509
91 623
91 637
91 650
91 670
91 788
91 954
91 1001
91 1021
91 1023
92 93
92 96
92 104
92 107
92 131
92 132
92 148
92 167
92 186
92 207
92 224
92 246
92 278
92 302
92 308
92 314
92 315
92 320
92 337
92 404
92 417
92 420
92 421
92 478
92 494
92 498
92 515
92 536
92 548
92 619
92 668
92 681
92 817
92 836
92 882
92 891
92 894
92 930
92 939
92 956
92 974
92 1019
92 1021
92 1022
93 106
93 116
93 129
93 137
93 209
93 286
93 585
93 613
93 652
93 710
93 780
93 830
93 846
93 860
93 892
93 973
93 999
94 127
94 132
94 138
94 148
94 162
94 164
94 220
94 257
94 268
94 287
94 317
94 354
94 365
94 372
94 390
94 392
94 447
94 470
94 482
94 484
94 493
94 513
94 535
94 547
94 548
94 552
94 555
94 562
94 608
94 665
94 720
94 751
94 758
94 765
94 834
94 859
94 887
94 915
94 925
94 936
94 961
95 133
95 157
95 163
95 216
95 239
95 243
95 247
95 286
95 289
95 296
95 322
95 342
95 369
95 466
95 471
95 510
95 514
95 516
95 532
95 556
95 594
95 638
95 643
95 672
95 692
95 723
95 780
95 794
95 805
95 823
95 868
95 884
95 953
95 975
95 1009
96 97
96 116
96 122
96 156
96 170
96 194
96 201
96 237
96 337
96 448
96 514
96 562
96 593
96 788
96 801
96 813
96 818
96 835
96 854
96 929
96 987
97 113
97 149
97 165
97 217
97 245
97 248
97 272
97 273
97 278
97 381
97 389
97 444
97 462
97 468
97 528
97 562
97 632
97 705
97 793
97 859
97 910
97 970
97 977
98 107
98 114
98 150
98 170
98 195
98 269
98 291
98 304
98 328
98 368
98 389
98 461
98 478
98 516
98 596
98 633
98 634
98 664
98 672
98 680
98 707
98 763
98 902
98 909
98 984
99 105
99 115
99 117
99 127
99 158
99 200
99 235
99 339
99 372
99 387
99 419
99 436
99 501
99 535
99 646
99 673
99 675
99 764
99 821
99 932
99 986
99 1020
100 108
100 122
100 198
100 204
100 218
100 242
100 285
100 318
100 336
100 337
100 355
100 381
100 505
100 517
100 594
100 600
100 629
100 682
100 720
100 738
100 816
100 842
100 882
100 917
101 103
101 104
101 120
101 136
101 147
101 209
101 214
101 243
101 275
101 278
101 285
101 292
101 302
101 324
101 337
101 350
101 351
101 354
101 373
101 389
101 390
101 406
101 407
101 461
101 472
101 485
101 512
101 544
101 658
101 662
101 676
101 870
101 876
101 892
101 956
101 1011
102 107
102 116
102 118
102 133
102 187
102 204
102 216
102 234
102 245
102 252
102 266
102 316
102 329
102 339
102 384
102 420
102 448
102 530
102 559
102 640
102 642
102 662
102 664
102 791
102 801
102 830
102 945
102 1008
103 120
103 138
103 205
103 266
103 333
103 361
103 525
103 692
103 694
103 757
103 996
104 155
104 231
104 262
104 267
104 352
104 446
104 534
104 554
104 607
104 617
104 752
104 772
104 791
104 803
104 952
104 955
104 1018
105 112
105 156
105 180
105 213
105 270
105 322
105 372
105 527
105 645
105 649
105 672
105 690
105 768
105 778
105 779
105 1017
106 110
106 125
106 199
106 203
106 214
106 234
106 276
106 379
106 394
106 479
106 736
106 759
106 777
106 968
107 123
107 156
107 180
107 208
107 338
107 414
107 428
107 490
107 522
107 609
107 631
107 664
107 755
107 808
107 848
107 975
108 130
108 135
108 139
108 142
108 148
108 157
108 177
108 178
108 193
108 215
108 357
108 409
108 424
108 447
108 568
108 615
108 659
108 674
108 679
108 802
108 875
108 904
108 910
108 935
108 975
109 131
109 161
109 169
109 178
109 209
109 551
109 561
109 606
109 630
109 646
109 771
109 918
109 962
109 978
110 152
110 186
110 200
110 208
110 212
110 265
110 271
110 274
110 279
110 299
110 320
110 326
110 338
110 350
110 386
110 400
110 513
110 527
110 645
110 763
110 966
110 1005
111 131
111 141
111 163
111 167
111 169
111 171
111 190
111 219
111 269
111 277
111 280
111 298
111 312
111 375
111 377
111 392
111 397
111 403
111 471
111 495
111 526
111 563
111 626
111 673
111 688
111 729
111 790
111 799
111 801
111 809
111 841
111 929
111 932
111 933
111 993
112 151
112 204
112 209
112 222
112 238
112 275
112 467
112 605
112 613
112 682
112 745
112 766
112 831
112 846
112 847
112 887
113 121
113 148
113 204
113 290
113 369
113 386
113 421
113 476
113 592
113 689
113 736
113 1010
114 128
114 131
114 146
114 166
114 168
114 301
114 364
114 444
114 543
114 660
114 767
114 775
114 1023
115 178
115 215
115 221
115 271
115 294
115 356
115 441
115 448
115 457
115 532
115 534
115 549
115 583
115 592
115 598
115 632
115 641
115 685
115 787
115 897
115 903
115 944
116 275
116 303
116 313
116 341
116 342
116 363
116 366
116 385
116 389
116 540
116 555
116 569
116 581
116 621
116 694
116 877
116 960
116 990
117 156
117 230
117 236
117 237
117 280
117 320
117 336
117 360
117 471
117 526
117 551
117 553
117 568
117 586
117 600
117 609
117 665
117 716
117 743
117 781
117 827
117 855
117 857
117 874
117 913
117 974
117 980
117 1004
118 164
118 263
118 264
118 324
118 399
118 543
119 133
119 158
119 261
119 332
119 344
119 550
119 614
119 628
119 651
119 681
119 768
119 792
119 808
119 861
119 947
119 964
119 983
119 995
120 149
120 153
120 159
120 174
120 226
120 228
120 236
120 244
120 265
120 297
120 317
120 330
120 343
120 556
120 574
120 591
120 746
120 788
120 887
120 1009
121 205
121 240
121 311
121 347
121 467
121 609
121 676
121 783
121 801
121 830
121 924
121 934
121 943
122 129
122 134
122 170
122 175
122 179
122 182
122 193
122 239
122 245
122 251
122 254
122 260
122 271
122 328
122 353
122 363
122 378
122 398
122 410
122 425
122 439
122 453
122 480
122 481
122 509
122 606
122 633
122 681
122 692
122 701
122 703
122 742
122 763
122 904
123 128
123 138
123 175
123 275
123 298
123 311
123 351
123 475
123 538
123 693
123 723
123 821
123 827
124 162
124 248
124 254
124 284
124 288
124 413
124 423
124 474
124 491
124 587
124 610
124 657
124 690
124 707
124 873
124 906
124 933
124 952
124 960
125 128
125 130
125 142
125 153
125 166
125 240
125 242
125 278
125 287
125 302
125 364
125 374
125 390
125 432
125 545
125 606
125 724
125 733
125 784
125 808
125 867
125 907
125 953
125 976
126 142
126 148
126 177
126 198
126 260
126 308
126 456
126 474
126 500
126 613
126 663
126 689
126 706
126 746
126 806
126 838
126 946
126 992
127 154
127 164
127 182
127 193
127 205
127 215
127 253
127 273
127 278
127 322
127 350
127 373
127 414
127 423
127 429
127 558
127 670
127 702
127 749
127 818
127 831
128 200
128 230
128 261
128 284
128 304
128 366
128 382
128 392
128 414
128 419
128 426
128 430
128 436
128 467
128 473
128 545
128 636
128 769
128 803
128 983
129 142
129 256
129 304
129 394
129 520
129 586
129 675
129 912
129 946
130 145
130 189
130 201
130 206
130 209
130 235
130 244
130 246
130 282
130 296
130 305
130 338
130 341
130 368
130 396
130 462
130 526
130 535
130 539
130 572
130 577
130 709
130 724
130 759
130 771
130 791
130 824
130 830
130 880
130 985
130 989
131 145
131 152
131 155
131 156
131 163
131 179
131 183
131 252
131 253
131 291
131 295
131 297
131 362
131 383
131 384
131 448
131 506
131 516
131 585
131 592
131 609
131 611
131 617
131 670
131 680
131 764
131 846
131 942
131 948
131 954
131 1006
132 169
132 170
132 211
132 240
132 250
132 261
132 287
132 292
132 301
132 312
132 484
132 568
132 589
132 590
132 618
132 625
132 631
132 649
132 652
132 664
132 832
132 856
132 885
132 915
132 925
133 137
133 144
133 147
133 161
133 199
133 214
133 300
133 319
133 387
133 431
133 436
133 617
133 796
134 174
134 218
134 246
134 258
134 272
134 290
134 313
134 363
134 382
134 387
134 439
134 496
134 678
134 726
134 784
134 807
134 844
134 859
134 965
134 989
134 992
134 1003
135 151
135 160
135 164
135 198
135 235
135 249
135 317
135 331
135 333
135 348
135 353
135 365
135 505
135 615
135 629
135 678
135 785
135 822
135 911
135 975
136 145
136 190
136 205
136 218
136 244
136 260
136 270
136 282
136 314
136 349
136 388
136 396
136 421
136 477
136 486
136 513
136 685
136 763
136 934
136 986
136 997
136 999
137 188
137 191
137 203
137 233
137 348
137 453
137 493
137 500
137 537
137 547
137 563
137 571
137 654
137 657
137 673
137 696
137 744
137 760
137 818
137 943
138 171
138 176
138 196
138 237
138 315
138 557
138 723
138 768
138 891
138 988
139 178
139 195
139 207
139 340
139 424
139 552
139 628
139 641
139 681
139 717
139 821
139 894
139 926
139 1010
140 460
140 476
140 566
140 803
140 896
141 173
141 188
141 359
141 504
141 546
141 598
141 779
141 977
142 153
142 249
142 265
142 286
142 323
142 378
142 388
142 437
142 442
142 444
142 464
142 467
142 499
142 530
142 531
142 563
142 566
142 568
142 667
142 688
142 721
142 785
142 789
142 882
142 909
143 148
143 155
143 187
143 193
143 215
143 218
143 219
143 229
143 242
143 259
143 291
143 293
143 378
143 425
143 481
143 507
143 510
143 541
143 570
143 594
143 598
143 610
143 663
143 680
143 684
143 698
143 740
143 759
143 764
143 877
143 910
143 927
143 933
143 978
143 990
143 1022
144 151
144 181
144 401
144 406
144 477
144 627
144 687
144 700
144 706
144 840
144 941
145 164
145 173
145 191
145 260
145 274
145 280
145 315
145 318
145 321
145 348
145 385
145 416
145 423
145 451
145 452
145 478
145 512
145 543
145 545
145 602
145 634
145 716
145 843
145 854
145 955
145 969
145 988
145 1010
146 188
146 196
146 231
146 240
146 255
146 259
146 286
146 457
146 465
146 585
146 634
146 669
146 712
146 770
146 817
146 893
146 1021
147 154
147 160
147 177
147 179
147 229
147 231
147 246
147 301
147 382
147 392
147 427
147 438
147 498
147 504
147 520
147 644
147 645
147 739
147 755
147 770
147 772
147 890
147 896
147 913
147 930
147 982
148 161
148 166
148 233
148 282
148 507
148 615
148 785
148 973
148 984
148 1005
148 1007
149 150
149 167
149 185
149 203
149 205
149 206
149 231
149 255
149 260
149 370
149 408
149 528
149 636
149 679
149 761
149 786
149 791
149 832
149 898
149 920
149 961
150 166
150 195
150 228
150 279
150 284
150 312
150 357
150 377
150 416
150 502
150 537
150 556
150 558
150 583
150 724
150 728
150 860
150 921
150 938
150 971
150 1004
151 158
151 172
151 216
151 288
151 297
151 309
151 327
151 371
151 374
151 404
151 482
151 485
151 517
151 527
151 533
151 571
151 611
151 624
151 840
151 895
151 964
152 170
152 202
152 289
152 341
152 435
152 477
152 503
152 572
152 578
152 651
152 656
152 657
152 659
152 672
152 727
152 802
152 824
152 893
152 922
152 934
152 1007
153 158
153 182
153 194
153 262
153 321
153 415
153 447
153 455
153 517
153 558
153 567
153 580
153 595
153 597
153 603
153 611
153 628
153 644
153 686
153 707
153 780
153 831
153 840
153 847
153 935
153 979
153 986
153 996
154 188
154 245
154 263
154 281
154 333
154 398
154 419
154 458
154 653
154 769
155 163
155 187
155 226
155 230
155 263
155 277
155 284
155 295
155 348
155 369
155 396
155 412
155 434
155 503
155 525
155 580
155 587
155 644
155 780
155 824
155 825
155 830
156 161
156 210
156 226
156 227
156 232
156 265
156 294
156 334
156 335
156 344
156 476
156 481
156 502
156 523
156 532
156 553
156 584
156 620
156 759
156 881
156 919
156 958
157 181
157 263
157 274
157 364
157 477
157 491
157 524
157 580
157 605
157 675
157 714
157 770
157 889
157 982
158 162
158 224
158 236
158 282
158 301
158 302
158 330
158 440
158 456
158 489
158 515
158 520
158 530
158 590
158 624
158 636
158 733
158 750
158 756
158 767
158 947
158 956
159 187
159 199
159 373
159 377
159 385
159 418
159 504
159 540
159 554
159 568
159 595
159 626
159 643
159 710
159 711
159 794
159 803
160 206
160 210
160 214
160 245
160 393
160 428
160 433
160 459
160 525
160 578
160 611
160 621
160 635
160 717
160 820
160 837
160 901
160 1010
160 1020
161 184
161 194
161 202
161 256
161 297
161 356
161 440
161 473
161 496
161 527
161 638
161 648
161 756
161 773
161 788
161 809
161 817
161 864
161 894
162 165
162 169
162 185
162 194
162 257
162 274
162 283
162 321
162 450
162 462
162 474
162 490
162 528
162 569
162 697
162 805
162 833
162 839
162 906
162 965
162 987
162 995
162 996
163 321
163 451
163 483
163 553
163 598
163 624
163 630
164 175
164 217
164 224
164 258
164 273
164 289
164 310
164 346
164 393
164 412
164 453
164 475
164 518
164 576
164 612
164 722
164 760
164 763
164 776
164 814
165 172
165 179
165 229
165 290
165 321
165 323
165 379
165 466
165 560
165 565
165 602
165 623
165 657
165 658
165 729
165 736
165 816
165 842
165 854
166 216
166 248
166 278
166 295
166 303
166 306
166 326
166 359
166 365
166 441
166 519
166 554
166 567
166 759
166 784
166 789
166 808
166 871
166 980
166 1016
167 196
167 212
167 217
167 256
167 295
167 328
167 395
167 397
167 439
167 445
167 460
167 582
167 586
167 620
167 729
167 793
167 874
167 1004
168 189
168 262
168 274
168 320
168 341
168 393
168 522
168 611
168 631
168 762
168 875
168 904
168 1006
169 205
169 224
169 518
169 836
169 889
170 176
170 182
170 220
170 245
170 276
170 313
170 322
170 347
170 394
170 452
170 455
170 465
170 776
170 809
170 845
170 942
171 191
171 206
171 266
171 279
171 300
171 335
171 374
171 381
171 587
171 589
171 664
171 754
171 773
171 849
171 921
171 931
171 1013
172 216
172 223
172 247
172 249
172 258
172 267
172 325
172 368
172 487
172 607
172 653
172 758
172 799
172 856
172 884
172 953
172 1008
173 226
173 288
173 355
173 370
173 435
173 488
173 498
173 563
173 593
173 707
173 817
173 931
174 177
174 189
174 197
174 250
174 251
174 323
174 326
174 390
174 422
174 443
174 454
174 466
174 478
174 560
174 623
174 697
174 764
174 865
174 931
174 944
174 961
174 982
175 334
175 342
175 408
175 495
175 509
175 611
175 679
175 696
176 444
176 545
177 195
177 289
177 290
177 302
177 377
177 379
177 443
177 447
177 475
177 499
177 551
177 573
177 605
177 691
177 748
177 756
177 776
177 780
177 811
177 861
177 902
177 920
177 1016
178 184
178 211
178 360
178 649
178 712
179 207
179 229
179 356
179 371
179 434
179 468
179 599
179 610
179 709
179 748
179 891
179 947
179 1020
180 190
180 193
180 217
180 225
180 236
180 284
180 289
180 335
180 479
180 496
180 505
180 542
180 563
180 579
180 644
180 786
180 810
180 813
180 891
180 899
180 945
181 200
181 217
181 224
181 316
181 323
181 325
181 338
181 366
181 370
181 391
181 470
181 471
181 489
181 541
181 543
181 547
181 579
181 597
181 608
181 616
181 617
181 709
181 737
181 761
181 819
181 825
181 862
181 900
181 947
181 978
182 208
182 217
182 220
182 223
182 248
182 350
182 575
182 676
182 688
182 723
182 734
182 838
182 884
182 986
183 191
183 223
183 292
183 302
183 334
183 447
183 464
183 510
183 515
183 518
183 583
183 590
183 626
183 694
183 739
183 833
183 854
183 903
183 976
184 272
184 341
184 362
184 454
184 530
184 584
184 838
184 853
184 883
184 954
184 977
185 279
185 293
185 303
185 344
185 356
185 373
185 374
185 422
185 449
185 455
185 476
185 514
185 540
185 558
185 576
185 612
185 638
185 762
185 851
185 888
186 224
186 244
186 263
186 379
186 412
186 593
186 684
186 711
186 712
186 847
186 867
186 964
186 965
186 996
186 1000
187 310
187 361
187 415
187 422
187 461
187 466
187 921
188 213
188 222
188 277
188 299
188 305
188 338
188 339
188 347
188 358
188 466
188 501
188 533
188 551
188 565
188 672
188 718
188 765
188 795
188 804
188 816
188 873
188 947
188 951
188 1011
189 190
189 202
189 214
189 222
189 242
189 286
189 301
189 375
189 576
189 594
189 642
189 647
189 651
189 715
189 941
190 238
190 291
190 292
190 293
190 343
190 351
190 408
190 435
190 449
190 480
190 567
190 633
190 670
190 717
190 740
190 793
190 798
190 872
190 919
190 989
191 197
191 210
191 219
191 233
191 242
191 284
191 375
191 382
191 414
191 880
192 197
192 244
192 253
192 264
192 267
192 285
192 341
192 371
192 463
192 484
192 519
192 569
192 635
192 727
192 923
192 955
192 991
193 215
193 226
193 326
193 342
193 405
193 430
193 435
193 513
193 606
193 609
193 614
193 659
193 767
193 846
193 898
193 942
194 233
194 249
194 265
194 384
194 401
194 445
194 469
194 475
194 627
194 689
194 782
194 828
194 938
195 207
195 228
195 232
195 295
195 377
195 391
195 469
195 473
195 535
195 540
195 608
195 621
195 673
195 735
195 737
195 747
195 833
195 866
195 962
196 280
196 304
196 415
196 473
196 564
196 688
196 829
196 834
196 837
196 932
197 211
197 213
197 226
197 242
197 288
197 320
197 337
197 340
197 363
197 424
197 437
197 464
197 478
197 604
197 614
197 630
197 654
197 861
197 949
197 951
197 967
197 1007
198 230
198 266
198 294
198 307
198 319
198 334
198 351
198 450
198 564
198 574
198 787
198 890
199 211
199 223
199 453
199 473
199 511
199 572
199 574
199 616
199 639
199 704
199 766
199 769
199 781
199 845
200 235
200 345
200 380
200 389
200 405
200 484
200 543
200 601
200 737
200 744
200 762
200 765
200 874
200 1013
201 297
201 313
201 427
201 471
201 497
201 506
201 685
201 750
201 842
201 878
201 909
202 362
202 432
202 581
202 598
202 640
202 648
202 674
202 678
202 687
203 216
203 250
203 305
203 324
203 395
203 403
203 423
203 547
203 624
203 627
203 681
203 704
203 870
203 889
203 923
203 950
204 225
204 241
204 255
204 270
204 272
204 294
204 306
204 361
204 362
204 376
204 458
204 608
204 659
204 705
204 759
204 860
204 935
204 952
204 1008
205 244
205 247
205 251
205 307
205 339
205 357
205 411
205 421
205 437
205 511
205 533
205 581
205 664
205 670
205 735
205 763
205 803
205 820
205 844
205 855
205 932
206 233
206 240
206 255
206 280
206 294
206 346
206 369
206 382
206 405
206 432
206 448
206 452
206 491
206 493
206 497
206 498
206 517
206 534
206 636
206 641
206 645
206 679
206 688
206 722
206 929
206 936
206 1020
207 213
207 225
207 326
207 434
207 512
207 536
207 716
207 717
207 718
207 722
207 754
207 770
207 823
207 826
208 212
208 223
208 285
208 364
208 462
208 549
208 774
208 794
208 804
208 920
209 268
209 395
209 504
209 617
209 867
209 1010
210 377
210 389
210 415
210 452
210 603
210 615
210 665
210 825
210 931
210 988
210 1002
211 230
211 295
211 298
211 328
211 350
211 356
211 373
211 464
211 499
211 522
211 623
211 628
211 680
211 689
211 817
211 996
212 214
212 223
212 397
212 420
212 442
212 493
212 546
212 575
212 599
212 669
212 710
212 743
212 770
212 950
212 968
213 408
213 426
213 447
213 450
213 482
213 500
213 674
213 688
213 696
213 905
213 1000
213 1017
214 305
214 380
214 429
214 496
214 506
214 589
214 598
214 676
214 730
214 852
214 898
214 985
215 235
215 259
215 264
215 285
215 314
215 318
215 330
215 362
215 363
215 383
215 407
215 464
215 487
215 511
215 512
215 572
215 578
215 618
215 717
215 843
215 910
215 935
215 983
215 1000
216 369
216 370
216 443
216 457
216 600
216 643
216 659
216 844
216 941
217 283
217 418
217 471
217 540
217 600
217 610
217 647
217 719
217 791
217 848
217 886
217 1003
217 1005
218 275
218 409
218 415
218 432
218 560
218 614
218 616
218 657
218 668
218 741
218 932
218 1010
219 222
219 251
219 309
219 430
219 514
219 521
219 651
219 675
219 695
219 781
219 886
219 916
220 314
220 332
220 361
220 404
220 420
220 483
220 517
220 577
220 619
220 626
220 709
220 728
220 822
221 354
221 376
221 421
221 504
221 506
221 515
221 852
222 231
222 240
222 268
222 366
222 387
222 602
222 768
222 814
222 830
222 855
222 861
222 885
222 937
222 944
222 990
223 225
223 276
223 279
223 282
223 318
223 329
223 433
223 477
223 483
223 514
223 562
223 624
223 686
223 758
223 778
223 836
224 317
224 378
224 418
224 463
224 478
224 591
224 636
224 664
224 741
224 770
224 777
224 831
224 910
225 227
225 228
225 239
225 325
225 346
225 393
225 449
225 531
225 541
225 570
225 573
225 582
225 647
225 721
225 798
225 872
225 873
225 883
226 251
226 336
226 396
226 470
226 487
226 495
226 539
226 541
226 702
226 735
226 788
226 836
227 250
227 306
227 317
227 346
227 351
227 445
227 485
227 603
227 614
227 733
227 761
227 816
227 834
227 852
228 247
228 255
228 349
228 554
228 599
228 621
228 629
228 666
228 784
228 850
228 941
228 965
229 269
229 307
229 316
229 321
229 322
229 369
229 455
229 458
229 472
229 498
229 540
229 586
229 620
229 700
229 898
229 971
229 1011
230 417
230 431
230 485
230 529
230 599
230 828
230 864
230 887
230 925
230 932
230 998
231 253
231 868
232 308
232 352
232 544
232 581
232 734
232 867
233 286
233 360
233 472
233 758
233 862
233 947
233 996
234 242
234 296
234 301
234 312
234 316
234 364
234 399
234 437
234 487
234 655
234 670
234 841
234 883
234 898
234 924
234 956
235 344
235 408
235 410
235 417
235 426
235 573
235 590
235 796
235 840
236 237
236 317
236 338
236 374
236 393
236 417
236 425
236 427
236 429
236 451
236 456
236 511
236 608
236 686
236 709
236 832
236 844
236 860
236 862
236 966
236 975
236 994
237 241
237 296
237 323
237 347
237 404
237 621
237 637
237 641
237 736
237 794
238 248
238 258
238 272
238 310
238 342
238 347
238 409
238 418
238 447
238 517
238 564
238 578
238 634
238 696
238 754
238 894
238 1003
238 1009
239 272
239 300
239 311
239 865
239 921
239 1011
240 316
240 336
240 360
240 459
240 471
240 494
240 540
240 690
240 733
241 320
241 371
241 407
241 517
241 630
241 682
241 706
241 778
241 786
241 920
242 250
242 334
242 355
242 441
242 478
242 480
242 561
242 672
242 925
243 248
243 285
243 395
243 398
243 459
243 601
243 605
243 606
243 627
243 633
243 685
243 799
243 936
244 283
244 454
244 524
244 609
244 706
244 708
244 807
244 953
244 1001
245 318
245 515
245 561
245 773
245 779
245 814
245 864
245 963
245 1016
246 309
246 326
246 438
246 510
246 512
246 642
246 800
246 811
246 915
247 299
247 314
247 364
247 401
247 430
247 463
247 635
247 692
247 743
247 865
247 968
248 260
248 281
248 691
248 860
248 925
249 263
249 281
249 312
249 371
249 375
249 440
249 458
249 643
249 655
249 689
249 730
249 741
249 743
249 764
249 768
249 844
249 949
250 312
250 343
250 361
250 428
250 556
250 601
250 604
250 663
250 666
250 667
250 673
250 683
250 733
250 802
250 828
250 957
251 260
251 264
251 295
251 463
251 492
251 510
251 560
251 569
251 707
251 725
251 813
251 861
251 912
252 311
252 352
252 376
252 524
252 536
252 542
252 699
252 730
252 774
252 988
252 989
253 510
253 521
254 257
254 317
254 354
254 382
254 402
254 648
254 701
254 737
254 766
255 333
255 346
255 388
255 597
255 666
255 696
255 754
255 755
255 1020
256 302
256 342
256 362
256 400
256 410
256 493
256 716
257 304
257 393
257 402
257 440
257 489
257 950
258 285
258 413
258 431
258 436
258 460
258 463
258 479
258 613
258 774
258 788
258 810
258 845
258 872
258 987
259 280
259 310
259 353
259 372
259 565
259 575
259 600
260 288
260 414
260 433
260 515
260 566
260 570
260 624
260 914
260 936
261 327
261 348
261 405
261 420
261 452
261 653
261 676
261 698
261 960
262 268
262 273
262 392
262 503
262 541
262 773
262 896
263 309
263 345
263 460
263 644
263 1015
264 319
264 321
264 398
264 498
264 509
264 610
264 773
264 943
264 1006
265 283
265 295
265 391
265 484
265 588
265 602
265 702
265 786
265 853
265 860
265 897
265 1010
266 268
266 331
266 349
266 511
266 519
266 631
266 653
266 679
266 731
266 890
267 285
267 429
267 732
267 874
267 974
268 340
268 380
268 404
268 417
268 420
268 464
268 492
268 508
268 530
268 629
268 741
268 863
268 979
269 271
269 307
269 331
269 354
269 425
269 427
269 429
269 448
269 449
269 555
269 725
269 908
269 927
269 933
269 956
269 963
270 487
270 782
270 833
270 872
270 904
270 911
271 313
271 422
271 455
271 470
271 603
271 796
271 803
272 291
272 309
272 409
272 520
272 850
273 445
274 297
274 437
274 441
274 475
274 660
274 922
274 923
274 954
275 286
275 490
275 919
276 293
276 304
276 395
276 580
276 595
276 614
276 741
276 798
276 827
276 854
276 925
276 937
277 281
277 291
277 318
277 319
277 332
277 341
277 378
277 392
277 400
277 461
277 492
277 550
277 603
277 613
277 692
277 696
277 738
277 755
277 776
277 841
277 849
277 980
277 1022
278 439
278 549
278 706
278 810
278 1011
279 468
279 507
279 522
279 527
279 848
279 935
280 338
280 438
280 490
280 508
280 600
280 678
280 680
280 699
281 361
281 757
281 766
281 917
282 532
282 612
282 793
282 919
283 378
283 444
283 496
283 507
283 512
283 622
283 637
283 697
283 747
283 786
283 790
283 838
283 879
283 956
283 1021
284 292
284 319
284 475
284 577
284 847
284 913
285 299
285 339
285 405
285 627
285 736
285 764
285 923
285 952
286 410
286 411
286 560
286 662
286 753
286 965
287 294
287 363
287 439
287 540
287 604
287 615
287 616
287 687
287 725
287 758
287 800
287 1020
288 319
288 336
288 349
288 409
288 429
288 437
288 459
288 499
288 505
288 619
288 641
288 645
288 790
288 822
288 883
288 918
289 655
289 697
289 714
289 813
290 396
290 403
290 428
290 436
290 437
290 440
290 606
290 639
290 650
290 749
290 834
290 843
290 900
290 927
290 940
290 961
290 965
290 992
290 1008
291 331
291 379
291 399
291 411
291 453
291 472
291 519
291 603
291 617
291 621
291 637
291 704
291 804
291 833
291 876
291 970
291 977
292 325
292 383
292 572
292 604
293 334
293 366
293 389
293 428
293 526
293 534
293 539
293 644
293 664
293 810
294 298
294 386
294 674
294 680
294 769
294 904
295 310
295 334
295 444
295 508
295 527
295 583
295 616
295 647
295 732
296 312
296 441
296 492
296 573
296 702
296 726
296 929
296 970
296 979
297 509
297 630
297 745
297 782
297 981
298 336
298 377
298 425
298 522
298 529
298 544
298 661
298 684
298 760
298 866
298 886
299 389
299 420
299 465
299 533
299 542
299 562
299 701
299 811
299 843
299 858
299 893
299 955
299 1006
299 1013
300 391
300 416
300 452
300 628
300 690
300 708
300 812
300 825
300 851
300 966
301 378
301 419
301 454
301 484
301 605
301 607
301 683
301 718
301 779
301 786
301 849
301 859
301 902
301 950
302 397
302 426
302 554
302 559
302 609
302 623
302 648
302 665
302 783
302 793
302 832
302 871
303 333
303 349
303 355
303 361
303 393
303 523
303 719
303 939
304 356
304 370
304 392
304 426
304 490
304 552
304 693
304 719
304 888
304 907
305 323
305 396
305 526
305 632
305 880
305 969
306 394
306 401
306 644
306 926
306 968
307 366
307 416
307 458
307 601
307 908
307 1023
308 398
308 408
308 426
308 472
308 712
308 777
308 834
308 908
309 405
309 642
309 859
309 955
310 330
310 356
310 381
310 444
310 471
310 475
310 683
310 734
310 814
310 907
310 986
311 465
312 390
312 406
312 504
312 671
312 850
312 930
312 941
313 328
313 331
313 650
313 655
313 788
313 797
313 858
313 904
313 976
313 1019
314 549
314 741
314 840
315 328
315 513
315 577
315 639
315 899
315 968
316 324
316 353
316 414
316 416
316 418
316 446
316 480
316 546
316 673
316 757
316 760
316 768
316 831
316 835
316 852
317 557
317 585
317 798
318 329
318 370
318 394
318 404
318 457
318 462
318 490
318 667
318 782
318 940
318 959
318 1023
319 375
319 421
319 469
319 523
319 537
319 634
319 661
319 881
319 980
320 327
320 328
320 486
320 560
320 793
320 870
321 327
321 394
321 411
321 545
321 654
321 801
321 877
321 900
321 977
321 1019
322 325
322 363
322 534
322 544
322 580
322 795
322 974
323 378
323 384
323 458
323 534
323 549
323 624
323 734
323 819
323 847
323 886
323 907
323 939
323 1009
324 347
324 367
324 409
324 410
324 499
324 533
324 567
324 574
324 677
324 703
324 720
324 792
324 805
324 879
324 960
325 330
325 413
325 471
325 557
325 567
325 612
325 634
325 715
325 776
325 993
326 332
326 450
326 504
326 696
326 1012
327 401
327 461
327 474
327 506
327 571
327 584
327 627
327 639
327 768
327 800
327 809
327 813
327 838
327 851
327 870
327 875
328 381
328 576
328 701
328 740
328 798
328 852
329 410
329 637
329 715
329 751
329 787
329 795
330 331
330 372
330 411
330 520
330 527
330 550
330 616
330 665
330 667
330 728
330 790
330 816
330 828
330 918
331 547
331 558
331 618
331 662
331 889
332 357
332 467
332 533
332 907
333 415
333 440
333 908
334 359
334 391
334 656
334 658
334 723
334 726
334 948
335 363
335 386
335 502
335 556
335 585
335 666
335 851
335 870
335 886
336 357
336 360
336 498
336 805
337 529
337 590
337 660
337 711
337 827
337 886
337 887
337 890
337 897
337 1018
338 357
338 537
338 559
338 910
338 932
339 346
339 352
339 353
339 361
339 384
339 395
339 411
339 449
339 479
339 488
339 602
339 708
339 717
339 792
339 838
339 1009
340 342
340 358
340 401
340 439
340 523
340 552
340 590
340 608
340 609
340 689
340 718
340 738
340 848
340 914
340 918
340 997
340 1017
341 350
341 398
341 428
341 446
341 580
341 623
341 802
341 822
342 520
342 529
342 613
342 672
342 869
342 905
342 981
342 982
342 984
342 1007
343 345
343 438
343 501
343 584
343 701
343 743
343 914
344 560
344 772
344 877
344 957
344 1018
345 462
346 391
346 485
346 518
346 614
346 632
346 774
347 351
347 358
347 369
347 450
347 732
347 778
347 832
347 867
348 610
348 875
348 918
349 368
349 376
349 381
349 468
349 564
349 582
349 588
349 630
349 848
349 850
349 940
349 949
350 360
350 407
350 463
350 596
350 652
350 690
350 700
350 739
350 750
350 1021
351 380
351 386
351 411
351 419
351 559
351 561
351 620
351 783
351 867
351 946
351 969
352 403
352 411
352 447
352 506
352 593
352 646
352 756
352 814
352 954
352 1005
353 483
353 522
353 542
353 588
353 991
354 358
354 451
354 485
354 571
354 577
354 584
354 692
354 824
354 858
354 905
354 1005
355 399
355 434
355 449
355 591
355 640
355 714
355 755
355 820
355 967
356 518
356 594
356 621
356 682
356 770
357 450
357 894
357 900
358 368
358 451
358 465
358 698
358 781
358 785
358 806
358 812
358 821
358 878
358 895
359 390
359 441
359 589
359 774
359 839
359 901
359 1016
360 412
360 715
360 791
360 829
360 835
361 380
361 384
361 407
361 410
361 489
361 547
361 597
361 790
361 861
361 919
361 947
362 447
362 492
362 565
362 626
362 729
363 366
363 413
363 561
363 669
363 958
363 1008
363 1010
364 562
364 694
364 916
365 399
365 459
365 576
365 650
365 876
365 957
366 604
366 651
366 697
366 731
366 780
366 824
367 412
367 448
367 512
367 529
367 551
367 571
367 636
367 693
367 744
367 771
367 781
367 993
368 375
368 381
368 430
368 579
368 620
368 720
368 737
368 824
369 370
369 392
369 431
369 450
369 494
369 658
369 690
369 706
369 773
369 792
369 840
369 869
369 884
369 897
369 959
370 379
370 487
370 513
370 729
370 876
370 943
371 433
371 558
371 629
371 889
372 592
372 712
372 771
372 870
372 945
372 978
373 524
373 539
373 704
373 817
373 910
374 384
374 396
374 687
374 691
374 751
374 865
375 459
375 519
375 581
375 666
376 405
376 458
376 764
377 397
377 413
377 420
377 545
377 622
377 699
377 705
377 718
377 850
377 904
377 906
377 959
378 386
378 403
378 800
378 1018
379 417
379 492
380 421
380 485
380 557
380 578
380 738
380 871
381 410
381 473
381 565
381 567
381 584
381 599
381 854
381 877
381 880
381 882
381 922
381 926
382 576
382 602
382 761
382 927
383 391
383 421
383 455
383 484
383 601
383 612
383 618
383 671
383 901
383 942
383 980
383 1020
384 500
384 543
384 588
384 595
384 634
384 682
384 756
384 786
384 935
384 963
385 397
385 707
385 882
385 1000
386 395
386 440
386 485
386 570
386 571
386 591
386 705
386 745
386 775
386 820
386 825
386 995
387 441
387 642
387 733
387 819
387 832
387 896
388 402
388 430
388 566
388 679
388 694
388 882
389 403
389 435
389 468
389 517
389 555
389 574
389 640
389 967
389 994
389 1011
390 417
390 428
390 442
390 516
390 589
390 597
390 630
390 705
390 852
391 431
391 453
391 475
391 514
391 520
391 572
391 588
391 625
391 660
391 845
392 475
392 508
392 522
392 524
392 553
392 581
392 619
392 662
392 695
392 739
392 776
392 810
392 826
392 898
393 407
393 418
393 433
393 465
393 495
393 783
393 931
393 986
394 481
394 562
394 668
394 787
394 788
395 416
395 501
395 554
395 672
395 676
395 685
395 693
395 750
395 879
395 884
395 895
395 938
396 520
396 799
396 936
396 963
396 1002
397 467
397 489
397 656
397 676
398 463
398 529
398 718
398 971
399 400
399 441
399 697
400 587
400 760
400 942
400 1013
401 423
401 451
401 503
401 812
401 880
402 456
402 506
402 570
402 593
402 616
402 728
402 1004
403 642
403 660
403 697
403 740
403 821
403 866
403 1002
404 409
404 446
404 583
404 652
404 654
404 679
404 702
404 745
404 774
405 435
405 470
405 477
405 486
405 495
405 535
405 632
405 818
405 881
405 943
406 497
406 644
406 807
406 812
406 856
407 458
407 504
407 671
407 795
408 467
408 619
408 862
408 976
408 1022
409 412
409 491
409 497
409 536
409 538
409 695
409 762
409 792
409 849
409 868
409 1004
410 586
410 629
410 739
410 851
411 447
411 481
411 576
411 611
411 642
411 856
411 857
412 488
412 547
412 627
412 699
413 796
413 998
414 454
414 625
414 892
414 899
414 912
414 944
415 440
415 653
415 684
415 688
415 790
415 814
416 532
416 536
416 583
416 603
416 635
416 897
417 493
417 774
417 922
417 931
418 633
418 649
418 710
418 729
418 787
418 863
419 469
419 538
419 580
419 587
419 610
419 666
419 747
419 765
419 796
419 875
419 942
419 957
419 967
420 595
420 864
420 897
420 906
420 971
420 1022
421 620
421 716
421 763
421 868
421 936
421 1003
422 430
422 438
422 486
422 507
422 511
422 588
422 673
422 752
422 797
422 801
422 872
422 890
422 1021
423 582
423 684
423 940
424 531
424 636
424 683
424 688
424 828
424 892
424 927
424 1003
425 617
425 729
425 976
426 497
426 500
426 637
426 652
426 667
426 694
426 708
426 758
426 814
426 888
426 893
426 894
427 643
427 763
427 910
428 494
428 525
428 716
428 723
428 866
429 443
429 686
429 806
429 967
430 667
430 878
431 456
431 516
431 521
431 566
431 703
431 789
431 837
431 858
431 864
431 958
432 539
432 705
432 746
432 791
432 815
432 901
432 949
432 987
433 492
433 536
433 548
433 561
433 612
433 764
433 880
434 494
434 632
434 689
434 823
434 888
434 935
434 999
435 624
435 721
435 734
435 839
435 892
435 961
436 455
436 466
436 852
436 1000
437 970
437 1013
438 489
438 559
438 653
438 785
438 886
438 893
439 777
439 1007
440 483
440 488
440 493
440 624
440 648
440 813
440 916
440 1001
441 472
441 593
441 656
441 693
441 937
442 477
442 506
443 610
443 751
443 967
444 529
444 531
444 661
445 964
445 1018
446 524
446 649
447 456
447 638
447 687
447 751
447 757
447 920
448 600
448 712
448 847
448 860
448 921
449 459
449 490
449 564
449 685
449 873
450 516
450 518
450 622
450 843
450 889
451 631
451 909
451 997
452 580
452 825
452 885
452 893
452 894
453 495
453 498
453 553
453 855
453 1018
454 567
454 725
454 803
455 456
455 548
455 591
455 614
455 641
455 658
455 660
455 666
455 709
455 738
455 808
455 852
455 898
455 905
455 920
455 946
455 976
456 534
456 586
456 610
456 767
457 491
457 614
457 667
457 730
457 734
457 828
457 872
458 462
458 599
458 825
458 1011
459 694
459 737
460 519
460 791
461 500
461 542
461 558
461 613
461 655
461 878
461 921
462 486
462 508
462 531
462 569
462 588
462 648
462 729
462 822
462 843
462 961
463 474
463 657
463 786
463 996
464 751
464 909
464 1006
465 569
465 654
465 669
465 753
466 521
466 652
466 900
467 516
467 744
467 911
467 961
468 620
468 658
468 661
468 697
469 513
469 557
469 560
469 575
469 730
470 515
470 669
471 912
472 478
472 530
472 538
472 564
472 746
472 753
473 528
473 743
473 884
474 727
474 736
475 509
475 525
475 596
475 600
475 725
475 760
475 868
475 926
475 970
475 993
476 477
476 709
476 713
476 744
476 915
477 612
477 972
477 997
478 616
478 956
479 571
479 574
479 645
479 678
479 720
479 750
479 939
479 997
480 515
480 518
480 711
480 730
480 922
481 577
481 602
481 621
481 635
481 833
482 550
482 551
482 574
482 748
483 532
483 548
483 604
483 645
484 585
484 654
484 817
485 561
485 682
485 758
485 823
486 510
486 522
486 525
486 572
486 608
486 733
486 906
487 527
487 541
487 559
487 597
487 841
487 848
487 899
487 923
487 966
487 985
488 523
488 524
488 547
488 576
488 599
488 620
488 665
489 574
489 626
490 808
491 562
491 624
491 674
492 530
492 567
492 628
492 811
493 736
493 826
494 537
494 674
494 882
495 538
495 566
495 592
495 615
495 693
495 789
495 1018
496 500
496 531
496 572
496 716
497 516
497 557
497 821
497 917
497 922
497 948
497 963
498 503
498 533
498 541
498 686
498 698
498 783
498 784
498 792
498 818
499 556
499 574
499 667
499 953
500 578
500 599
500 678
500 775
500 797
501 505
501 825
501 856
501 872
502 569
502 845
502 943
503 563
503 781
503 786
503 956
504 631
504 680
504 749
504 871
505 681
505 962
506 570
506 577
506 953
507 546
507 595
507 655
507 661
507 789
507 954
507 1007
508 526
508 548
508 686
508 803
508 892
509 567
509 731
509 747
509 937
509 946
510 571
510 604
510 640
510 722
510 972
511 955
512 582
512 611
512 625
512 677
512 959
513 649
513 735
513 737
513 775
513 850
513 908
513 953
514 641
514 654
514 905
514 925
515 539
515 618
515 674
515 804
515 812
516 518
516 529
516 542
516 743
516 899
516 945
517 628
517 725
518 594
518 643
518 714
518 739
518 812
519 589
519 647
519 951
519 953
520 585
520 903
521 630
521 680
521 698
521 845
521 850
521 912
521 1005
521 1020
522 595
522 632
522 747
522 851
522 868
522 876
522 878
522 885
522 892
522 1001
523 803
523 980
524 607
524 690
524 970
524 977
525 747
525 752
525 757
525 863
526 539
526 889
527 673
528 728
528 825
529 583
529 674
529 719
529 749
529 821
529 917
530 701
531 677
531 699
531 784
531 890
531 898
531 1013
532 533
532 655
532 705
532 885
533 843
533 875
533 951
533 994
533 998
534 585
534 594
534 632
534 638
534 715
534 796
534 800
534 857
535 677
535 704
537 554
537 671
537 726
537 897
537 973
538 543
538 588
538 626
538 741
538 747
538 849
538 877
539 933
539 946
540 641
540 663
540 755
540 766
540 795
540 889
540 932
541 548
541 581
541 625
541 773
541 800
542 553
542 568
542 575
542 609
542 765
542 804
542 826
542 933
542 949
542 983
542 1003
542 1004
543 727
543 877
544 639
544 741
544 948
545 719
545 722
545 797
545 804
545 911
545 948
545 979
546 623
546 716
546 780
546 903
546 915
547 595
547 606
547 607
547 615
547 652
547 738
547 805
547 890
547 913
547 958
547 981
548 716
548 737
548 949
549 694
549 744
549 881
549 884
549 908
550 638
550 661
550 695
550 789
550 966
550 1008
552 703
552 852
552 1006
553 573
553 988
554 709
555 597
555 757
555 864
555 921
556 597
556 642
556 649
556 842
556 853
556 1023
557 608
558 565
558 622
558 732
558 767
558 846
558 877
558 975
559 606
559 623
559 711
559 779
559 930
561 770
561 829
562 590
562 635
562 811
562 950
562 984
563 748
563 859
563 1015
564 662
564 871
564 890
564 902
564 906
564 960
565 798
565 939
566 819
567 844
567 960
568 672
568 728
569 586
569 607
569 726
569 809
569 812
569 968
570 903
571 735
571 794
571 966
572 626
572 629
572 655
572 930
573 640
573 722
573 895
574 608
574 708
574 754
574 860
574 1016
575 812
575 828
575 960
576 671
576 692
576 924
576 959
577 703
577 971
578 935
578 973
579 661
579 699
580 675
580 677
580 720
580 770
580 834
580 884
580 928
580 937
580 992
581 973
582 707
583 639
583 686
583 759
584 595
584 657
584 761
585 660
585 671
585 742
585 827
585 980
587 742
587 897
587 905
587 938
587 942
588 728
589 622
589 714
589 875
590 748
591 908
591 939
591 973
592 638
592 823
592 847
592 888
592 1000
592 1012
593 680
593 715
593 879
594 682
594 820
595 713
595 792
595 982
596 678
596 712
596 789
596 799
596 813
596 816
596 819
597 626
597 716
597 872
597 878
598 610
598 641
598 651
598 656
598 678
598 717
598 720
598 866
598 867
598 871
598 881
598 895
598 946
598 968
599 633
599 645
599 702
599 818
599 975
600 659
600 675
600 766
600 851
600 905
601 649
601 706
601 718
601 902
602 692
603 666
603 900
603 910
603 978
604 697
605 635
605 785
605 821
605 891
605 939
606 683
606 983
608 768
608 864
608 892
608 941
609 656
609 668
609 911
609 996
610 797
610 959
611 701
611 788
611 839
612 826
612 882
612 985
612 987
613 988
613 1013
615 657
615 881
615 979
616 668
616 705
617 652
617 689
618 879
618 909
618 920
619 644
619 897
620 675
620 780
620 797
620 938
621 714
621 884
621 958
622 644
622 739
622 777
622 811
622 994
623 634
624 633
624 659
624 823
624 924
624 948
625 739
625 837
627 786
627 896
627 940
627 946
628 826
628 829
629 964
629 1005
630 678
630 874
630 923
631 990
632 777
632 841
632 920
633 966
634 650
634 670
634 711
634 1014
635 778
637 645
637 718
637 755
637 869
637 978
637 997
637 1014
638 671
638 881
639 782
639 964
640 793
640 801
642 727
642 772
642 873
642 1004
643 706
643 846
643 924
643 1012
644 677
644 739
644 769
644 777
645 947
646 651
646 677
646 702
646 771
646 866
647 698
647 746
647 1019
648 744
648 901
648 929
648 964
649 724
649 969
650 829
650 887
651 666
651 729
651 765
651 767
652 836
653 684
653 693
653 757
653 845
653 1016
654 714
654 782
654 799
654 944
655 779
655 849
656 764
656 1012
657 983
658 714
658 757
658 871
662 820
663 682
663 708
663 710
663 733
663 836
663 855
665 762
665 779
665 885
665 931
666 839
667 979
668 797
669 746
669 885
670 704
670 742
670 912
672 714
672 794
672 806
672 948
672 992
673 934
674 782
674 904
675 845
677 703
677 707
677 731
677 734
677 742
677 960
677 1001
678 817
678 974
679 1017
680 723
680 760
680 766
680 775
680 891
680 967
680 977
680 979
681 766
681 797
681 924
681 1015
683 710
683 753
683 881
683 902
683 915
683 969
684 702
684 907
684 940
684 998
685 753
685 766
685 776
685 799
685 804
685 927
686 742
686 901
687 767
687 995
687 1019
688 727
688 760
689 698
689 854
690 732
690 765
690 799
690 837
690 844
690 904
690 917
690 929
690 991
690 1015
691 749
691 805
691 829
691 899
691 922
691 938
691 980
692 735
693 855
694 939
694 981
695 713
695 775
697 820
697 916
698 916
699 732
699 998
700 730
700 869
700 884
701 717
701 846
701 943
701 993
702 982
703 830
703 929
703 987
704 805
704 917
704 991
704 992
704 998
705 893
705 927
705 963
705 972
706 827
706 847
706 986
706 1000
707 726
707 981
708 919
709 936
710 1012
711 756
712 945
713 717
713 771
713 777
713 808
713 836
713 838
714 972
715 763
715 863
716 840
717 751
717 755
717 861
717 946
718 951
718 982
719 841
720 724
720 775
720 885
722 1023
723 849
723 863
723 1002
724 926
724 962
725 741
725 778
726 798
728 938
729 917
730 991
731 744
731 843
731 964
731 1014
733 929
734 798
734 840
734 864
734 986
736 771
736 818
736 975
737 796
737 899
737 953
738 798
738 813
738 892
738 967
738 992
738 1017
739 772
739 894
740 874
740 963
743 828
744 745
744 775
744 943
744 984
746 789
747 796
747 873
747 881
747 1008
748 854
748 964
749 968
750 795
751 1019
753 927
754 954
754 963
754 980
755 797
760 766
760 806
760 988
760 1021
761 868
761 869
761 887
762 987
762 1015
764 803
765 928
766 784
767 769
767 947
767 997
767 1014
768 815
768 927
768 1022
769 807
769 982
770 832
770 842
771 962
772 887
772 928
774 923
775 811
776 802
776 824
779 817
779 876
779 916
780 821
781 970
783 875
783 959
783 1017
784 1022
786 833
786 842
787 989
788 899
789 904
789 913
789 958
789 1010
790 925
791 804
791 837
792 859
792 871
792 976
792 985
794 977
795 960
796 943
797 829
797 873
798 928
798 950
799 834
804 807
805 934
805 966
805 1002
805 1023
807 940
808 886
809 928
809 978
810 868
810 933
811 952
812 993
817 951
818 890
821 972
823 1001
823 1006
825 832
825 932
825 1015
826 976
827 1014
828 952
829 831
829 914
832 919
832 1022
834 962
834 1002
835 990
835 992
836 862
836 907
836 916
836 991
836 999
836 1006
837 889
837 966
839 1009
841 935
842 941
842 950
842 979
842 983
844 891
844 919
844 976
846 866
846 880
847 851
848 889
851 880
854 1019
855 856
855 977
859 888
863 877
863 967
865 935
866 873
867 906
868 915
871 874
871 931
872 876
872 1000
878 945
879 994
879 1015
880 1012
881 883
885 1002
886 930
886 982
886 992
886 1014
886 1015
887 945
888 962
888 972
890 926
890 990
890 1019
893 921
894 962
894 970
894 978
894 1006
897 911
901 905
902 971
903 913
904 916
904 993
907 925
907 949
909 912
910 968
911 950
915 917
917 924
920 999
922 943
924 990
925 945
925 954
928 998
931 995
932 991
936 1002
938 1005
939 1004
942 1020
944 1007
945 995
946 955
954 1012
956 989
961 993
963 994
972 1005
981 995
988 1013
994 1021
995 1001
1012 1017
