0 10
0 11
0 12
0 15
0 16
0 19
0 20
0 25
0 29
0 35
0 45
0 55
0 57
0 61
0 66
0 71
0 73
0 76
0 77
0 89
0 186
0 208
0 210
0 217
0 231
0 251
0 271
0 286
0 287
0 290
0 316
0 318
0 344
0 367
0 373
0 412
0 418
0 421
0 433
0 439
0 444
0 445
0 475
0 488
0 489
0 500
0 512
0 556
0 579
0 592
0 599
0 648
0 654
0 658
0 674
0 684
0 696
0 701
0 726
0 729
0 800
0 802
0 816
0 865
0 869
0 871
0 906
0 925
0 972
0 997
0 1002
0 1005
1 10
1 12
1 13
1 14
1 15
1 21
1 34
1 94
1 125
1 128
1 134
1 288
1 290
1 334
1 375
1 401
1 424
1 452
1 491
1 498
1 507
1 525
1 535
1 572
1 803
1 807
1 843
1 933
1 1006
2 10
2 11
2 13
2 23
2 27
2 29
2 31
2 34
2 36
2 44
2 51
2 56
2 58
2 63
2 68
2 80
2 81
2 124
2 129
2 139
2 172
2 181
2 197
2 202
2 231
2 247
2 294
2 297
2 308
2 319
2 334
2 361
2 372
2 421
2 436
2 443
2 448
2 478
2 532
2 537
2 550
2 574
2 603
2 635
2 692
2 694
2 796
2 807
2 832
2 833
2 893
2 897
2 910
2 918
2 928
2 992
3 10
3 11
3 12
3 14
3 15
3 16
3 22
3 34
3 41
3 50
3 62
3 65
3 70
3 86
3 87
3 93
3 113
3 116
3 122
3 137
3 144
3 152
3 166
3 173
3 175
3 208
3 223
3 250
3 255
3 265
3 290
3 312
3 314
3 360
3 392
3 414
3 441
3 459
3 484
3 513
3 514
3 525
3 544
3 562
3 617
3 627
3 630
3 669
3 697
3 723
3 755
3 779
3 792
3 878
3 948
3 953
3 985
4 10
4 11
4 12
4 13
4 14
4 16
4 18
4 19
4 24
4 26
4 27
4 30
4 32
4 37
4 41
4 43
4 50
4 51
4 52
4 54
4 57
4 63
4 78
4 82
4 83
4 93
4 98
4 99
4 109
4 116
4 122
4 141
4 147
4 156
4 160
4 181
4 185
4 186
4 188
4 207
4 208
4 213
4 219
4 220
4 227
4 230
4 240
4 243
4 244
4 253
4 263
4 277
4 292
4 300
4 316
4 324
4 343
4 352
4 369
4 372
4 385
4 389
4 404
4 422
4 452
4 472
4 481
4 483
4 484
4 497
4 511
4 520
4 547
4 548
4 555
4 557
4 566
4 614
4 625
4 635
4 645
4 651
4 665
4 702
4 735
4 850
4 867
4 868
4 881
4 943
4 1018
4 1020
5 10
5 11
5 12
5 13
5 14
5 15
5 16
5 17
5 18
5 19
5 20
5 21
5 27
5 28
5 30
5 31
5 34
5 35
5 38
5 39
5 43
5 45
5 46
5 48
5 51
5 52
5 53
5 54
5 55
5 59
5 60
5 67
5 68
5 69
5 71
5 72
5 78
5 84
5 95
5 96
5 97
5 101
5 104
5 108
5 109
5 126
5 130
5 131
5 132
5 143
5 146
5 147
5 153
5 157
5 159
5 161
5 177
5 208
5 214
5 222
5 230
5 232
5 246
5 258
5 262
5 264
5 269
5 274
5 298
5 314
5 325
5 344
5 345
5 348
5 353
5 371
5 375
5 389
5 395
5 409
5 413
5 416
5 427
5 430
5 462
5 468
5 470
5 473
5 486
5 494
5 498
5 502
5 504
5 522
5 529
5 547
5 574
5 601
5 614
5 623
5 657
5 660
5 663
5 664
5 667
5 669
5 686
5 692
5 707
5 781
5 796
5 799
5 825
5 847
5 864
5 868
5 879
5 892
5 896
5 909
5 916
5 942
5 968
5 1003
5 1018
6 10
6 11
6 12
6 13
6 14
6 17
6 19
6 20
6 21
6 23
6 24
6 25
6 29
6 38
6 41
6 49
6 52
6 53
6 57
6 60
6 71
6 77
6 78
6 85
6 91
6 101
6 103
6 109
6 110
6 111
6 113
6 114
6 128
6 129
6 138
6 142
6 148
6 150
6 157
6 160
6 161
6 162
6 168
6 173
6 175
6 176
6 185
6 186
6 193
6 199
6 201
6 203
6 205
6 206
6 215
6 223
6 228
6 243
6 262
6 267
6 281
6 289
6 298
6 301
6 328
6 337
6 415
6 420
6 421
6 424
6 429
6 436
6 445
6 461
6 467
6 486
6 487
6 494
6 503
6 508
6 512
6 520
6 530
6 541
6 543
6 546
6 554
6 571
6 573
6 581
6 583
6 592
6 610
6 645
6 651
6 677
6 679
6 740
6 761
6 775
6 791
6 808
6 871
6 876
6 881
6 903
6 914
6 946
6 952
6 983
6 1005
6 1011
7 10
7 11
7 14
7 16
7 17
7 18
7 22
7 25
7 26
7 31
7 36
7 48
7 61
7 69
7 74
7 97
7 100
7 105
7 108
7 117
7 123
7 126
7 135
7 170
7 196
7 206
7 225
7 233
7 245
7 253
7 257
7 283
7 310
7 366
7 401
7 408
7 497
7 517
7 535
7 559
7 618
7 657
7 756
7 773
7 819
7 863
7 881
7 905
7 915
7 931
7 949
7 984
7 991
8 10
8 11
8 12
8 13
8 15
8 16
8 17
8 22
8 25
8 27
8 36
8 40
8 42
8 48
8 58
8 67
8 77
8 79
8 94
8 102
8 113
8 130
8 132
8 141
8 156
8 189
8 197
8 205
8 208
8 213
8 216
8 220
8 236
8 285
8 292
8 303
8 341
8 365
8 377
8 380
8 383
8 387
8 394
8 465
8 472
8 482
8 493
8 580
8 614
8 651
8 677
8 790
8 810
8 842
8 852
8 872
8 882
8 884
8 902
8 939
8 960
8 971
9 10
9 11
9 12
9 13
9 14
9 15
9 18
9 19
9 24
9 25
9 26
9 28
9 29
9 32
9 35
9 38
9 40
9 46
9 50
9 57
9 62
9 71
9 73
9 74
9 75
9 91
9 99
9 114
9 121
9 127
9 133
9 138
9 143
9 148
9 152
9 158
9 180
9 184
9 195
9 213
9 229
9 257
9 295
9 301
9 341
9 347
9 357
9 358
9 383
9 391
9 399
9 403
9 429
9 461
9 480
9 538
9 566
9 594
9 665
9 690
9 709
9 714
9 759
9 780
9 793
9 804
9 855
9 907
9 912
9 927
9 930
9 953
9 981
9 1001
10 11
10 12
10 13
10 14
10 15
10 16
10 17
10 18
10 19
10 20
10 21
10 23
10 24
10 26
10 28
10 29
10 31
10 33
10 34
10 35
10 40
10 41
10 42
10 43
10 44
10 46
10 47
10 48
10 55
10 56
10 57
10 58
10 59
10 63
10 65
10 74
10 75
10 79
10 81
10 82
10 87
10 99
10 100
10 102
10 104
10 107
10 110
10 112
10 118
10 120
10 124
10 129
10 134
10 141
10 142
10 156
10 174
10 176
10 177
10 178
10 179
10 194
10 197
10 199
10 207
10 209
10 211
10 212
10 229
10 231
10 235
10 240
10 241
10 244
10 246
10 252
10 257
10 260
10 263
10 268
10 272
10 282
10 295
10 311
10 320
10 326
10 329
10 334
10 340
10 344
10 346
10 357
10 359
10 361
10 377
10 378
10 410
10 413
10 424
10 425
10 428
10 429
10 432
10 436
10 443
10 445
10 453
10 455
10 462
10 469
10 479
10 491
10 495
10 500
10 512
10 517
10 530
10 537
10 538
10 542
10 545
10 548
10 566
10 579
10 590
10 593
10 600
10 602
10 606
10 615
10 618
10 634
10 640
10 642
10 648
10 664
10 668
10 694
10 704
10 708
10 725
10 742
10 752
10 754
10 762
10 766
10 774
10 778
10 783
10 810
10 816
10 857
10 865
10 871
10 881
10 887
10 895
10 913
10 917
10 926
10 935
10 990
10 1005
10 1016
11 12
11 13
11 14
11 15
11 16
11 17
11 18
11 19
11 20
11 22
11 23
11 25
11 26
11 27
11 30
11 31
11 32
11 33
11 38
11 42
11 46
11 49
11 50
11 56
11 57
11 58
11 61
11 62
11 64
11 66
11 67
11 71
11 74
11 75
11 76
11 77
11 78
11 82
11 88
11 90
11 96
11 97
11 100
11 116
11 118
11 126
11 128
11 129
11 131
11 132
11 139
11 144
11 152
11 154
11 160
11 161
11 164
11 173
11 184
11 187
11 202
11 204
11 205
11 207
11 208
11 220
11 222
11 232
11 234
11 235
11 238
11 239
11 250
11 252
11 266
11 270
11 273
11 277
11 291
11 296
11 299
11 302
11 303
11 312
11 318
11 319
11 323
11 335
11 344
11 358
11 384
11 397
11 398
11 415
11 419
11 420
11 421
11 428
11 432
11 446
11 464
11 476
11 485
11 486
11 487
11 499
11 505
11 512
11 514
11 535
11 565
11 578
11 579
11 587
11 591
11 613
11 616
11 621
11 624
11 653
11 661
11 671
11 688
11 712
11 724
11 728
11 733
11 737
11 747
11 757
11 763
11 770
11 778
11 781
11 784
11 786
11 790
11 794
11 803
11 813
11 817
11 820
11 830
11 831
11 848
11 869
11 878
11 887
11 899
11 901
11 902
11 905
11 936
11 938
11 960
11 988
11 1006
11 1009
11 1014
11 1016
12 13
12 15
12 17
12 18
12 20
12 22
12 24
12 27
12 29
12 30
12 31
12 33
12 36
12 38
12 42
12 44
12 45
12 60
12 83
12 100
12 105
12 109
12 112
12 117
12 120
12 126
12 143
12 153
12 164
12 174
12 175
12 176
12 190
12 193
12 228
12 230
12 231
12 232
12 251
12 264
12 268
12 278
12 280
12 287
12 319
12 321
12 332
12 342
12 347
12 352
12 399
12 400
12 421
12 448
12 461
12 466
12 471
12 475
12 477
12 500
12 505
12 519
12 550
12 678
12 696
12 700
12 732
12 742
12 755
12 761
12 766
12 780
12 798
12 820
12 824
12 825
12 843
12 859
12 862
12 873
12 914
12 930
12 941
12 954
12 1001
12 1006
13 14
13 17
13 20
13 22
13 32
13 34
13 36
13 37
13 45
13 47
13 48
13 53
13 60
13 66
13 68
13 70
13 78
13 80
13 84
13 85
13 101
13 111
13 121
13 127
13 134
13 136
13 137
13 141
13 180
13 190
13 193
13 194
13 217
13 225
13 228
13 295
13 298
13 315
13 319
13 323
13 326
13 331
13 341
13 345
13 348
13 361
13 367
13 370
13 374
13 395
13 416
13 426
13 471
13 504
13 512
13 543
13 582
13 585
13 596
13 649
13 761
13 775
13 789
13 826
13 860
13 875
13 880
13 882
13 885
13 915
13 924
13 958
13 962
13 970
13 976
13 979
13 984
13 992
13 995
13 1012
14 15
14 16
14 18
14 19
14 20
14 22
14 23
14 24
14 26
14 27
14 28
14 30
14 32
14 35
14 39
14 41
14 42
14 43
14 45
14 51
14 56
14 60
14 69
14 70
14 74
14 75
14 80
14 83
14 84
14 85
14 89
14 93
14 101
14 105
14 110
14 115
14 120
14 122
14 123
14 125
14 129
14 131
14 134
14 137
14 140
14 142
14 170
14 173
14 185
14 206
14 212
14 216
14 223
14 227
14 230
14 235
14 240
14 242
14 256
14 279
14 289
14 293
14 295
14 307
14 313
14 315
14 320
14 324
14 327
14 339
14 343
14 356
14 361
14 362
14 371
14 376
14 389
14 400
14 402
14 405
14 418
14 423
14 425
14 431
14 435
14 438
14 445
14 448
14 449
14 459
14 465
14 483
14 490
14 492
14 495
14 499
14 502
14 504
14 506
14 536
14 540
14 559
14 561
14 565
14 584
14 607
14 613
14 619
14 626
14 663
14 694
14 695
14 741
14 749
14 756
14 766
14 768
14 779
14 791
14 806
14 842
14 858
14 868
14 905
14 911
14 924
14 934
14 949
14 951
14 954
14 965
14 975
14 998
14 1013
14 1017
15 16
15 17
15 18
15 21
15 24
15 25
15 26
15 27
15 29
15 32
15 33
15 35
15 38
15 43
15 46
15 47
15 48
15 50
15 52
15 59
15 61
15 62
15 63
15 65
15 68
15 75
15 78
15 79
15 88
15 95
15 101
15 103
15 115
15 121
15 123
15 127
15 133
15 135
15 138
15 151
15 158
15 161
15 165
15 173
15 176
15 180
15 185
15 209
15 229
15 239
15 250
15 254
15 262
15 264
15 273
15 286
15 295
15 299
15 304
15 312
15 320
15 334
15 336
15 354
15 360
15 365
15 378
15 379
15 387
15 389
15 400
15 408
15 411
15 416
15 422
15 425
15 437
15 438
15 469
15 472
15 485
15 507
15 517
15 521
15 562
15 565
15 589
15 599
15 607
15 614
15 619
15 623
15 659
15 676
15 681
15 691
15 701
15 740
15 741
15 744
15 786
15 821
15 870
15 878
15 879
15 887
15 914
15 929
15 931
15 935
15 947
15 953
15 986
15 1005
16 17
16 18
16 21
16 22
16 23
16 30
16 35
16 36
16 43
16 44
16 46
16 52
16 53
16 54
16 63
16 65
16 66
16 68
16 70
16 74
16 87
16 91
16 93
16 99
16 100
16 110
16 125
16 127
16 139
16 147
16 149
16 152
16 155
16 162
16 164
16 169
16 176
16 177
16 188
16 190
16 220
16 270
16 308
16 312
16 344
16 370
16 379
16 405
16 438
16 452
16 458
16 473
16 521
16 526
16 527
16 530
16 551
16 574
16 582
16 597
16 602
16 618
16 620
16 631
16 634
16 656
16 683
16 686
16 687
16 731
16 740
16 775
16 783
16 784
16 838
16 840
16 868
16 871
16 886
16 892
16 910
16 944
16 996
16 998
16 1004
17 19
17 20
17 21
17 22
17 23
17 25
17 32
17 36
17 40
17 45
17 49
17 51
17 52
17 56
17 57
17 58
17 64
17 67
17 68
17 69
17 72
17 73
17 77
17 80
17 84
17 85
17 87
17 93
17 94
17 98
17 106
17 107
17 111
17 113
17 123
17 134
17 140
17 141
17 143
17 145
17 157
17 165
17 170
17 178
17 180
17 181
17 182
17 184
17 188
17 189
17 193
17 194
17 196
17 203
17 210
17 213
17 215
17 223
17 227
17 233
17 237
17 238
17 247
17 259
17 262
17 273
17 297
17 298
17 302
17 318
17 325
17 337
17 341
17 363
17 367
17 370
17 386
17 401
17 407
17 421
17 423
17 424
17 434
17 439
17 464
17 470
17 520
17 529
17 530
17 539
17 578
17 581
17 588
17 592
17 601
17 608
17 616
17 628
17 631
17 636
17 653
17 659
17 670
17 673
17 674
17 677
17 682
17 688
17 693
17 695
17 706
17 710
17 728
17 760
17 779
17 783
17 787
17 806
17 810
17 812
17 863
17 892
17 911
17 925
17 934
17 935
17 938
17 939
17 960
17 965
17 967
17 981
17 984
17 1002
17 1013
17 1016
18 19
18 21
18 23
18 27
18 29
18 30
18 39
18 47
18 54
18 61
18 68
18 81
18 83
18 88
18 90
18 92
18 93
18 94
18 104
18 113
18 125
18 129
18 138
18 139
18 143
18 144
18 147
18 149
18 166
18 167
18 169
18 182
18 196
18 210
18 217
18 247
18 267
18 276
18 294
18 332
18 334
18 352
18 353
18 370
18 381
18 391
18 393
18 408
18 414
18 416
18 434
18 445
18 449
18 453
18 455
18 491
18 512
18 532
18 539
18 540
18 544
18 568
18 580
18 616
18 637
18 639
18 646
18 650
18 657
18 680
18 739
18 755
18 773
18 825
18 866
18 923
18 1011
19 20
19 21
19 23
19 24
19 28
19 30
19 33
19 35
19 40
19 45
19 47
19 48
19 53
19 72
19 76
19 83
19 86
19 88
19 89
19 90
19 96
19 101
19 126
19 132
19 145
19 146
19 150
19 159
19 168
19 171
19 173
19 187
19 191
19 195
19 196
19 197
19 200
19 213
19 224
19 255
19 256
19 258
19 270
19 274
19 286
19 289
19 300
19 307
19 308
19 310
19 318
19 325
19 338
19 411
19 427
19 444
19 450
19 458
19 464
19 476
19 479
19 488
19 498
19 501
19 503
19 528
19 541
19 549
19 571
19 626
19 641
19 645
19 688
19 694
19 710
19 734
19 766
19 776
19 818
19 822
19 830
19 853
19 891
19 927
19 932
19 937
19 954
19 961
19 970
19 978
19 1011
20 21
20 22
20 24
20 26
20 31
20 38
20 39
20 49
20 53
20 55
20 60
20 65
20 67
20 70
20 76
20 80
20 81
20 84
20 85
20 86
20 94
20 101
20 117
20 128
20 137
20 144
20 155
20 159
20 167
20 172
20 183
20 200
20 203
20 231
20 234
20 282
20 294
20 312
20 354
20 365
20 371
20 377
20 410
20 418
20 446
20 456
20 461
20 469
20 477
20 481
20 537
20 558
20 585
20 591
20 604
20 615
20 636
20 640
20 643
20 650
20 656
20 657
20 670
20 679
20 680
20 683
20 699
20 804
20 901
20 949
20 1000
20 1016
21 25
21 32
21 34
21 45
21 46
21 47
21 68
21 73
21 77
21 102
21 104
21 107
21 110
21 113
21 129
21 138
21 150
21 160
21 162
21 202
21 214
21 249
21 261
21 303
21 320
21 336
21 339
21 365
21 373
21 402
21 412
21 443
21 455
21 479
21 485
21 494
21 523
21 546
21 566
21 694
21 787
21 789
21 896
21 930
21 963
21 968
21 969
21 1017
22 23
22 24
22 33
22 37
22 47
22 50
22 51
22 53
22 54
22 56
22 58
22 60
22 66
22 78
22 95
22 98
22 99
22 120
22 127
22 137
22 146
22 147
22 151
22 156
22 160
22 169
22 171
22 175
22 179
22 193
22 195
22 197
22 203
22 206
22 215
22 248
22 256
22 290
22 322
22 327
22 329
22 341
22 352
22 355
22 357
22 365
22 372
22 379
22 381
22 390
22 396
22 407
22 409
22 415
22 428
22 453
22 455
22 472
22 475
22 478
22 484
22 486
22 490
22 496
22 508
22 515
22 521
22 522
22 560
22 618
22 629
22 636
22 661
22 667
22 671
22 688
22 691
22 693
22 707
22 724
22 725
22 736
22 739
22 757
22 761
22 765
22 772
22 780
22 782
22 805
22 832
22 851
22 863
22 874
22 907
22 920
22 922
22 956
22 979
22 988
22 1015
23 25
23 26
23 28
23 36
23 37
23 40
23 41
23 42
23 60
23 61
23 66
23 72
23 84
23 85
23 96
23 100
23 116
23 119
23 122
23 130
23 149
23 162
23 165
23 190
23 198
23 216
23 221
23 224
23 233
23 244
23 245
23 260
23 267
23 270
23 280
23 281
23 304
23 306
23 310
23 311
23 325
23 330
23 337
23 349
23 364
23 367
23 372
23 373
23 385
23 398
23 410
23 412
23 418
23 419
23 425
23 445
23 457
23 458
23 463
23 482
23 487
23 511
23 519
23 533
23 541
23 545
23 580
23 587
23 593
23 605
23 625
23 633
23 643
23 644
23 658
23 673
23 690
23 691
23 696
23 711
23 718
23 724
23 727
23 794
23 796
23 802
23 803
23 824
23 832
23 881
23 884
23 892
23 893
23 898
23 908
23 927
23 952
23 989
23 1002
24 28
24 33
24 37
24 46
24 47
24 64
24 72
24 91
24 98
24 99
24 103
24 106
24 108
24 110
24 117
24 125
24 132
24 136
24 145
24 153
24 162
24 163
24 174
24 183
24 201
24 202
24 236
24 240
24 249
24 252
24 295
24 330
24 331
24 337
24 347
24 390
24 410
24 417
24 542
24 562
24 568
24 573
24 608
24 610
24 617
24 619
24 636
24 647
24 683
24 691
24 747
24 821
24 826
24 827
24 841
24 866
25 26
25 27
25 28
25 30
25 31
25 37
25 39
25 48
25 54
25 59
25 62
25 72
25 73
25 76
25 94
25 95
25 96
25 102
25 108
25 133
25 134
25 142
25 175
25 194
25 201
25 211
25 224
25 226
25 240
25 258
25 300
25 307
25 321
25 334
25 356
25 410
25 513
25 523
25 544
25 547
25 560
25 590
25 595
25 670
25 695
25 710
25 834
25 920
25 926
25 976
25 978
25 979
25 983
25 984
26 28
26 29
26 32
26 33
26 37
26 40
26 44
26 49
26 51
26 63
26 64
26 74
26 77
26 85
26 92
26 112
26 116
26 118
26 123
26 130
26 132
26 136
26 140
26 141
26 150
26 154
26 157
26 181
26 188
26 189
26 196
26 210
26 234
26 244
26 256
26 268
26 276
26 320
26 322
26 332
26 339
26 364
26 370
26 377
26 396
26 398
26 402
26 437
26 470
26 496
26 511
26 518
26 521
26 556
26 561
26 567
26 595
26 609
26 610
26 611
26 627
26 642
26 650
26 668
26 674
26 699
26 712
26 719
26 748
26 762
26 789
26 869
26 872
26 873
26 904
26 948
26 964
26 973
26 977
26 978
26 993
26 1000
26 1001
26 1003
26 1020
27 28
27 37
27 38
27 39
27 49
27 50
27 59
27 62
27 69
27 80
27 89
27 94
27 106
27 127
27 134
27 149
27 167
27 180
27 215
27 253
27 264
27 280
27 317
27 323
27 339
27 357
27 366
27 374
27 402
27 409
27 412
27 423
27 433
27 451
27 522
27 539
27 623
27 645
27 655
27 719
27 727
27 738
27 743
27 758
27 763
27 765
27 790
27 793
27 804
27 935
27 967
27 969
27 975
27 989
28 29
28 30
28 31
28 33
28 34
28 39
28 40
28 43
28 49
28 57
28 59
28 61
28 62
28 70
28 76
28 79
28 80
28 86
28 101
28 139
28 151
28 153
28 163
28 171
28 186
28 190
28 193
28 194
28 195
28 196
28 209
28 210
28 221
28 231
28 232
28 233
28 238
28 243
28 245
28 257
28 269
28 270
28 279
28 290
28 296
28 306
28 310
28 362
28 376
28 377
28 384
28 395
28 401
28 422
28 426
28 435
28 439
28 444
28 458
28 534
28 544
28 574
28 576
28 589
28 592
28 616
28 630
28 632
28 633
28 649
28 650
28 653
28 688
28 697
28 720
28 725
28 727
28 731
28 749
28 765
28 768
28 790
28 794
28 799
28 801
28 808
28 822
28 828
28 850
28 855
28 886
28 887
28 911
28 958
28 994
28 1003
29 31
29 37
29 40
29 42
29 43
29 48
29 50
29 61
29 64
29 66
29 76
29 79
29 81
29 87
29 92
29 94
29 101
29 103
29 107
29 112
29 119
29 121
29 135
29 137
29 138
29 144
29 146
29 149
29 155
29 165
29 168
29 178
29 181
29 182
29 185
29 187
29 193
29 201
29 209
29 211
29 214
29 216
29 226
29 227
29 245
29 251
29 254
29 259
29 262
29 319
29 338
29 362
29 366
29 387
29 437
29 445
29 450
29 477
29 480
29 481
29 490
29 496
29 523
29 525
29 556
29 557
29 575
29 604
29 620
29 622
29 634
29 660
29 701
29 715
29 725
29 739
29 781
29 792
29 803
29 814
29 839
29 840
29 865
29 871
29 896
29 921
29 975
29 994
29 1015
30 34
30 36
30 38
30 45
30 52
30 56
30 58
30 64
30 77
30 81
30 82
30 105
30 106
30 110
30 121
30 131
30 158
30 169
30 182
30 183
30 199
30 200
30 241
30 247
30 269
30 285
30 330
30 348
30 355
30 392
30 400
30 441
30 453
30 497
30 502
30 508
30 525
30 533
30 550
30 556
30 558
30 566
30 574
30 611
30 639
30 699
30 714
30 737
30 802
30 811
30 814
30 834
30 847
30 889
30 974
30 1006
31 32
31 33
31 35
31 38
31 39
31 42
31 45
31 53
31 55
31 56
31 58
31 59
31 93
31 99
31 114
31 118
31 121
31 142
31 150
31 153
31 154
31 181
31 187
31 192
31 197
31 215
31 219
31 243
31 245
31 248
31 267
31 297
31 309
31 323
31 328
31 332
31 350
31 362
31 363
31 386
31 418
31 454
31 473
31 483
31 484
31 495
31 590
31 598
31 602
31 644
31 695
31 722
31 749
31 798
31 836
31 838
31 842
31 871
31 927
31 1010
31 1020
32 35
32 37
32 39
32 41
32 44
32 47
32 49
32 54
32 67
32 69
32 70
32 74
32 83
32 84
32 86
32 96
32 106
32 115
32 118
32 123
32 124
32 133
32 135
32 149
32 163
32 170
32 172
32 180
32 197
32 203
32 204
32 230
32 235
32 270
32 278
32 292
32 299
32 328
32 339
32 385
32 412
32 413
32 435
32 443
32 451
32 452
32 519
32 526
32 546
32 549
32 556
32 557
32 577
32 585
32 600
32 603
32 612
32 628
32 648
32 652
32 664
32 672
32 709
32 717
32 718
32 721
32 736
32 744
32 770
32 802
32 814
32 824
32 864
32 890
32 911
32 929
32 932
32 938
32 946
32 954
32 964
32 1022
32 1023
33 34
33 41
33 44
33 50
33 59
33 64
33 72
33 95
33 96
33 114
33 118
33 121
33 126
33 127
33 165
33 169
33 171
33 177
33 187
33 188
33 189
33 210
33 232
33 247
33 248
33 254
33 258
33 271
33 280
33 286
33 296
33 310
33 328
33 355
33 362
33 369
33 371
33 374
33 388
33 390
33 422
33 440
33 480
33 483
33 513
33 535
33 541
33 546
33 595
33 619
33 640
33 644
33 647
33 674
33 679
33 687
33 700
33 748
33 806
33 829
33 843
33 896
33 914
33 916
33 934
33 939
33 941
33 952
33 955
33 966
33 973
33 1003
34 36
34 42
34 52
34 79
34 83
34 85
34 117
34 119
34 130
34 136
34 140
34 147
34 164
34 205
34 269
34 350
34 359
34 382
34 415
34 456
34 496
34 504
34 541
34 545
34 573
34 602
34 614
34 638
34 651
34 695
34 698
34 703
34 707
34 727
34 732
34 762
34 770
34 787
34 791
34 850
34 875
34 900
34 916
34 968
34 975
34 977
34 991
35 39
35 41
35 48
35 49
35 59
35 77
35 79
35 92
35 96
35 102
35 103
35 106
35 114
35 119
35 124
35 126
35 139
35 165
35 177
35 180
35 187
35 190
35 203
35 260
35 279
35 325
35 343
35 345
35 432
35 467
35 526
35 668
35 682
35 771
35 776
35 787
35 791
35 805
35 806
35 855
35 862
35 972
35 1013
36 41
36 43
36 44
36 47
36 51
36 66
36 88
36 96
36 97
36 104
36 126
36 128
36 148
36 149
36 151
36 156
36 159
36 166
36 172
36 209
36 213
36 217
36 219
36 234
36 236
36 251
36 279
36 286
36 289
36 301
36 317
36 321
36 325
36 328
36 349
36 358
36 377
36 383
36 461
36 465
36 503
36 548
36 560
36 624
36 641
36 651
36 682
36 711
36 750
36 831
36 838
36 858
36 862
36 897
36 914
36 926
36 934
36 960
36 971
36 987
37 40
37 44
37 55
37 57
37 104
37 105
37 141
37 146
37 161
37 189
37 192
37 209
37 242
37 250
37 257
37 266
37 271
37 279
37 314
37 315
37 406
37 409
37 427
37 476
37 489
37 555
37 558
37 686
37 725
37 726
37 752
37 797
37 832
37 840
37 872
37 886
37 929
37 941
37 964
37 993
37 1021
38 43
38 51
38 52
38 54
38 55
38 63
38 87
38 90
38 98
38 122
38 133
38 171
38 172
38 174
38 177
38 209
38 217
38 241
38 261
38 267
38 298
38 299
38 306
38 319
38 334
38 335
38 337
38 341
38 366
38 406
38 472
38 497
38 509
38 526
38 530
38 544
38 554
38 563
38 662
38 684
38 689
38 691
38 699
38 730
38 746
38 769
38 790
38 862
38 890
38 898
38 946
38 995
38 1017
38 1022
39 46
39 60
39 68
39 82
39 88
39 115
39 140
39 178
39 198
39 213
39 214
39 246
39 250
39 253
39 265
39 297
39 308
39 323
39 344
39 347
39 349
39 456
39 493
39 495
39 586
39 597
39 607
39 621
39 639
39 709
39 719
39 722
39 812
39 883
39 886
39 933
39 955
39 964
39 992
40 42
40 49
40 54
40 67
40 70
40 72
40 73
40 78
40 85
40 88
40 98
40 99
40 102
40 105
40 106
40 115
40 131
40 148
40 159
40 162
40 167
40 179
40 202
40 211
40 216
40 225
40 233
40 263
40 302
40 308
40 309
40 379
40 404
40 409
40 442
40 483
40 499
40 510
40 551
40 555
40 560
40 572
40 584
40 597
40 618
40 621
40 625
40 670
40 708
40 733
40 750
40 848
40 883
40 899
40 900
40 907
40 932
40 955
40 957
40 974
40 981
40 1000
41 53
41 56
41 63
41 83
41 112
41 120
41 140
41 142
41 145
41 154
41 168
41 169
41 182
41 192
41 215
41 231
41 267
41 277
41 313
41 317
41 324
41 327
41 407
41 425
41 434
41 455
41 471
41 534
41 590
41 597
41 607
41 610
41 625
41 662
41 719
41 738
41 756
41 767
41 784
41 788
41 943
41 959
41 990
42 44
42 46
42 50
42 52
42 69
42 75
42 83
42 90
42 101
42 105
42 106
42 109
42 125
42 128
42 138
42 152
42 169
42 177
42 187
42 200
42 213
42 242
42 247
42 269
42 287
42 302
42 312
42 313
42 315
42 329
42 343
42 346
42 351
42 356
42 485
42 491
42 520
42 544
42 591
42 593
42 606
42 615
42 647
42 774
42 785
42 800
42 820
42 861
42 880
42 881
42 891
42 892
42 894
42 953
43 51
43 66
43 141
43 189
43 272
43 285
43 313
43 319
43 320
43 338
43 415
43 451
43 465
43 475
43 548
43 661
43 670
43 713
43 734
43 775
43 787
43 843
43 877
43 888
44 85
44 95
44 96
44 110
44 111
44 119
44 125
44 169
44 179
44 180
44 195
44 198
44 223
44 252
44 253
44 255
44 263
44 283
44 285
44 335
44 343
44 346
44 387
44 390
44 405
44 411
44 422
44 425
44 431
44 473
44 495
44 523
44 531
44 552
44 601
44 642
44 658
44 666
44 705
44 706
44 707
44 708
44 768
44 872
44 901
44 907
44 944
44 996
45 86
45 103
45 110
45 155
45 175
45 201
45 207
45 216
45 243
45 249
45 331
45 380
45 396
45 397
45 399
45 408
45 435
45 527
45 567
45 693
45 928
45 989
46 67
46 74
46 87
46 90
46 91
46 132
46 139
46 152
46 163
46 172
46 202
46 220
46 232
46 249
46 267
46 273
46 283
46 301
46 391
46 484
46 524
46 528
46 548
46 572
46 587
46 591
46 627
46 719
46 723
46 776
46 790
46 849
46 870
46 905
46 997
47 55
47 76
47 77
47 84
47 94
47 98
47 109
47 111
47 115
47 120
47 128
47 144
47 147
47 148
47 151
47 153
47 161
47 168
47 186
47 192
47 204
47 208
47 209
47 212
47 214
47 218
47 227
47 239
47 240
47 246
47 247
47 253
47 282
47 302
47 304
47 311
47 332
47 336
47 339
47 355
47 361
47 368
47 379
47 382
47 386
47 391
47 435
47 460
47 469
47 482
47 523
47 530
47 538
47 577
47 594
47 638
47 643
47 658
47 668
47 671
47 688
47 693
47 727
47 734
47 736
47 746
47 787
47 820
47 847
47 858
47 868
47 869
47 890
47 891
47 900
47 902
47 909
47 915
47 935
47 951
47 961
47 970
47 985
47 995
48 54
48 55
48 57
48 59
48 69
48 79
48 84
48 99
48 106
48 116
48 127
48 145
48 174
48 176
48 193
48 195
48 208
48 215
48 219
48 243
48 255
48 258
48 272
48 283
48 296
48 333
48 348
48 363
48 405
48 436
48 438
48 465
48 504
48 510
48 517
48 524
48 556
48 578
48 669
48 724
48 756
48 758
48 784
48 799
48 847
48 877
48 919
48 924
48 930
48 968
48 1018
49 53
49 64
49 68
49 70
49 75
49 78
49 91
49 105
49 108
49 143
49 166
49 197
49 230
49 241
49 282
49 289
49 380
49 393
49 408
49 450
49 482
49 485
49 553
49 558
49 559
49 575
49 577
49 582
49 673
49 692
49 694
49 698
49 739
49 861
49 877
49 965
49 1021
50 62
50 64
50 69
50 117
50 122
50 140
50 187
50 206
50 220
50 265
50 273
50 300
50 305
50 324
50 332
50 371
50 377
50 485
50 520
50 547
50 554
50 631
50 743
50 804
50 864
51 58
51 61
51 63
51 65
51 67
51 76
51 94
51 102
51 111
51 124
51 128
51 131
51 145
51 150
51 162
51 165
51 198
51 219
51 226
51 229
51 259
51 268
51 305
51 306
51 310
51 345
51 430
51 502
51 554
51 562
51 612
51 613
51 642
51 663
51 693
51 697
51 725
51 737
51 745
51 757
51 793
51 818
51 849
51 894
51 900
51 939
51 961
51 1014
52 56
52 69
52 76
52 80
52 88
52 100
52 157
52 160
52 162
52 181
52 188
52 255
52 269
52 276
52 286
52 331
52 333
52 353
52 427
52 432
52 449
52 473
52 488
52 508
52 524
52 531
52 534
52 535
52 560
52 561
52 584
52 612
52 628
52 663
52 745
52 750
52 771
52 813
52 833
52 876
52 946
52 961
52 996
52 1008
53 55
53 61
53 87
53 92
53 109
53 133
53 140
53 147
53 154
53 155
53 164
53 191
53 199
53 245
53 308
53 354
53 359
53 366
53 392
53 439
53 450
53 459
53 478
53 491
53 501
53 550
53 561
53 568
53 605
53 623
53 700
53 738
53 739
53 742
53 800
53 974
53 984
54 58
54 90
54 102
54 115
54 160
54 174
54 184
54 216
54 217
54 222
54 223
54 301
54 326
54 381
54 385
54 398
54 403
54 407
54 439
54 451
54 569
54 585
54 603
54 700
54 755
54 762
54 766
54 773
54 834
54 852
54 884
54 909
54 969
54 980
54 987
54 990
54 992
54 1013
55 60
55 62
55 65
55 82
55 100
55 125
55 135
55 218
55 225
55 230
55 280
55 310
55 312
55 316
55 327
55 343
55 348
55 411
55 415
55 425
55 458
55 470
55 588
55 603
55 705
55 711
55 731
55 795
55 880
55 1010
56 67
56 75
56 78
56 95
56 102
56 104
56 113
56 131
56 158
56 168
56 170
56 181
56 189
56 191
56 212
56 224
56 241
56 244
56 258
56 263
56 266
56 283
56 287
56 305
56 314
56 315
56 329
56 339
56 342
56 390
56 394
56 403
56 405
56 413
56 415
56 435
56 516
56 549
56 565
56 578
56 609
56 671
56 681
56 724
56 742
56 755
56 777
56 832
56 859
56 880
56 897
56 923
56 950
56 1017
57 62
57 63
57 81
57 88
57 98
57 157
57 163
57 167
57 186
57 246
57 340
57 540
57 553
57 655
57 704
57 730
57 1011
58 72
58 84
58 106
58 123
58 137
58 148
58 171
58 296
58 359
58 417
58 494
58 511
58 528
58 634
58 684
58 698
58 795
58 891
58 980
58 1000
59 64
59 73
59 75
59 81
59 89
59 95
59 109
59 111
59 191
59 204
59 222
59 225
59 232
59 234
59 239
59 250
59 251
59 284
59 290
59 293
59 294
59 321
59 341
59 375
59 384
59 455
59 490
59 543
59 546
59 605
59 639
59 657
59 730
59 741
59 806
59 835
59 846
59 855
59 877
59 970
60 71
60 92
60 128
60 150
60 154
60 157
60 175
60 182
60 184
60 189
60 215
60 231
60 238
60 243
60 251
60 255
60 266
60 288
60 327
60 369
60 378
60 394
60 444
60 463
60 482
60 489
60 504
60 516
60 526
60 527
60 535
60 591
60 599
60 647
60 745
60 767
60 812
60 813
60 824
60 844
60 856
60 863
60 883
60 921
60 977
61 65
61 66
61 70
61 71
61 97
61 117
61 119
61 139
61 147
61 160
61 194
61 227
61 254
61 256
61 275
61 349
61 350
61 364
61 375
61 382
61 399
61 433
61 473
61 519
61 549
61 552
61 557
61 564
61 568
61 571
61 632
61 658
61 667
61 690
61 741
61 767
61 842
61 846
61 948
61 1018
62 80
62 86
62 105
62 107
62 154
62 155
62 172
62 204
62 209
62 227
62 260
62 264
62 271
62 386
62 414
62 429
62 440
62 467
62 468
62 475
62 479
62 495
62 542
62 583
62 595
62 598
62 605
62 645
62 660
62 669
62 681
62 725
62 748
62 775
62 777
62 783
62 815
62 824
62 828
62 831
62 864
62 889
62 899
62 1002
63 65
63 72
63 89
63 91
63 97
63 125
63 127
63 130
63 138
63 152
63 164
63 167
63 168
63 184
63 192
63 223
63 247
63 248
63 258
63 259
63 270
63 284
63 297
63 312
63 328
63 341
63 356
63 357
63 396
63 423
63 444
63 489
63 498
63 525
63 529
63 577
63 606
63 625
63 634
63 682
63 702
63 733
63 801
63 806
63 834
63 865
63 891
63 925
63 947
63 975
63 1004
63 1006
64 65
64 71
64 73
64 82
64 112
64 123
64 124
64 133
64 135
64 141
64 142
64 146
64 159
64 176
64 199
64 205
64 214
64 215
64 224
64 225
64 237
64 252
64 254
64 264
64 288
64 301
64 305
64 314
64 355
64 402
64 414
64 421
64 433
64 476
64 491
64 522
64 533
64 570
64 574
64 587
64 589
64 706
64 749
64 775
64 829
64 853
64 854
64 867
64 905
64 913
64 922
64 930
64 960
64 1013
65 73
65 74
65 82
65 151
65 152
65 171
65 202
65 235
65 241
65 268
65 340
65 388
65 413
65 435
65 470
65 500
65 602
65 789
65 790
65 809
65 918
65 923
65 969
65 1012
66 71
66 93
66 114
66 117
66 124
66 130
66 133
66 143
66 148
66 196
66 200
66 228
66 242
66 252
66 256
66 260
66 281
66 287
66 308
66 328
66 338
66 374
66 404
66 430
66 452
66 474
66 504
66 515
66 527
66 542
66 563
66 564
66 575
66 611
66 635
66 643
66 649
66 700
66 716
66 717
66 743
66 757
66 794
66 800
66 916
66 990
66 993
67 79
67 81
67 87
67 93
67 97
67 143
67 151
67 168
67 172
67 185
67 230
67 239
67 255
67 311
67 314
67 321
67 333
67 371
67 373
67 376
67 386
67 396
67 420
67 423
67 456
67 463
67 466
67 518
67 539
67 551
67 595
67 728
67 748
67 820
67 844
67 963
67 1021
68 86
68 89
68 103
68 107
68 111
68 124
68 143
68 172
68 211
68 259
68 284
68 291
68 294
68 332
68 369
68 428
68 448
68 471
68 481
68 493
68 506
68 575
68 624
68 635
68 692
68 771
68 782
68 854
68 883
68 888
68 964
68 993
69 71
69 82
69 86
69 90
69 102
69 115
69 124
69 161
69 165
69 186
69 219
69 254
69 297
69 357
69 363
69 369
69 375
69 385
69 414
69 433
69 477
69 540
69 609
69 636
69 707
69 822
69 906
70 75
70 107
70 111
70 116
70 123
70 166
70 190
70 209
70 245
70 286
70 289
70 300
70 316
70 329
70 395
70 408
70 434
70 616
70 621
70 622
70 654
70 715
70 748
70 749
70 750
70 786
70 811
70 826
70 840
70 893
70 917
71 73
71 121
71 131
71 205
71 219
71 220
71 230
71 240
71 282
71 302
71 375
71 393
71 401
71 426
71 430
71 438
71 485
71 518
71 565
71 603
71 607
71 622
71 642
71 756
71 850
72 81
72 89
72 90
72 92
72 156
72 200
72 202
72 205
72 207
72 225
72 276
72 278
72 288
72 336
72 361
72 369
72 375
72 381
72 398
72 410
72 429
72 437
72 442
72 455
72 483
72 491
72 492
72 493
72 517
72 537
72 553
72 573
72 588
72 598
72 615
72 621
72 740
72 771
72 839
72 858
72 891
72 969
73 80
73 109
73 129
73 131
73 139
73 180
73 198
73 216
73 217
73 220
73 229
73 245
73 278
73 283
73 305
73 409
73 481
73 485
73 493
73 509
73 547
73 692
73 740
73 748
73 777
73 846
73 894
74 79
74 108
74 111
74 116
74 142
74 182
74 197
74 212
74 234
74 237
74 244
74 267
74 277
74 280
74 302
74 324
74 338
74 352
74 397
74 442
74 465
74 514
74 527
74 537
74 562
74 577
74 608
74 614
74 615
74 682
74 705
74 735
74 789
74 809
74 870
74 944
74 1009
75 92
75 95
75 130
75 136
75 233
75 248
75 281
75 300
75 311
75 316
75 330
75 340
75 357
75 374
75 405
75 496
75 534
75 535
75 536
75 620
75 684
75 692
75 788
75 803
75 843
75 904
75 957
76 110
76 144
76 169
76 179
76 204
76 226
76 227
76 258
76 331
76 488
76 510
76 533
76 540
76 547
76 706
76 751
76 809
76 837
76 911
76 935
76 1000
77 183
77 190
77 211
77 237
77 254
77 279
77 326
77 336
77 363
77 378
77 404
77 421
77 423
77 442
77 519
77 542
77 554
77 583
77 590
77 658
77 782
77 788
77 862
77 958
77 967
77 1016
78 97
78 137
78 138
78 144
78 154
78 182
78 192
78 201
78 226
78 239
78 261
78 262
78 265
78 288
78 303
78 319
78 333
78 361
78 366
78 387
78 401
78 406
78 440
78 496
78 575
78 601
78 617
78 618
78 629
78 630
78 642
78 679
78 751
78 786
78 799
78 811
78 814
78 917
78 927
78 954
79 82
79 86
79 91
79 97
79 98
79 129
79 130
79 131
79 141
79 148
79 152
79 156
79 158
79 176
79 178
79 200
79 315
79 410
79 456
79 459
79 502
79 505
79 555
79 600
79 621
79 629
79 677
79 729
79 746
79 797
79 838
79 839
79 860
79 864
79 866
79 881
79 896
79 945
80 83
80 92
80 104
80 113
80 115
80 116
80 126
80 156
80 182
80 187
80 269
80 336
80 338
80 340
80 345
80 395
80 447
80 449
80 489
80 496
80 507
80 539
80 575
80 601
80 618
80 691
80 698
80 729
80 755
80 757
80 846
80 921
80 931
80 976
81 100
81 132
81 160
81 168
81 173
81 183
81 242
81 268
81 302
81 367
81 380
81 406
81 439
81 461
81 467
81 501
81 528
81 591
81 618
81 635
81 661
81 703
81 718
81 729
81 932
82 112
82 117
82 145
82 165
82 174
82 198
82 306
82 353
82 356
82 543
82 682
82 726
82 749
82 946
82 983
83 107
83 134
83 146
83 155
83 165
83 191
83 217
83 224
83 244
83 367
83 529
83 595
83 776
83 823
84 87
84 114
84 167
84 170
84 176
84 199
84 221
84 237
84 289
84 290
84 318
84 334
84 373
84 392
84 394
84 423
84 552
84 559
84 635
84 650
84 656
84 657
84 676
84 728
84 877
84 933
85 89
85 104
85 112
85 122
85 128
85 219
85 226
85 227
85 244
85 246
85 247
85 273
85 275
85 291
85 296
85 328
85 341
85 342
85 382
85 384
85 427
85 434
85 435
85 453
85 464
85 465
85 508
85 513
85 534
85 611
85 661
85 668
85 672
85 709
85 784
85 800
85 817
85 900
85 908
85 932
85 939
85 1014
85 1021
86 90
86 91
86 103
86 135
86 158
86 214
86 221
86 283
86 309
86 325
86 345
86 358
86 362
86 373
86 406
86 408
86 413
86 426
86 432
86 489
86 498
86 585
86 617
86 648
86 655
86 671
86 753
86 853
86 973
86 1007
86 1019
87 88
87 89
87 99
87 105
87 120
87 126
87 194
87 211
87 237
87 258
87 276
87 289
87 410
87 416
87 450
87 521
87 581
87 596
87 663
87 731
87 852
87 867
87 919
87 925
87 966
87 1001
88 91
88 104
88 140
88 188
88 194
88 204
88 212
88 236
88 265
88 274
88 295
88 400
88 465
88 549
88 613
88 665
88 820
88 887
88 904
88 952
88 992
89 100
89 122
89 125
89 135
89 155
89 162
89 166
89 206
89 218
89 272
89 292
89 300
89 309
89 356
89 448
89 470
89 494
89 513
89 520
89 525
89 625
89 659
89 665
89 667
89 691
89 758
89 760
89 803
89 833
89 842
89 884
89 987
90 135
90 149
90 152
90 185
90 250
90 303
90 364
90 366
90 390
90 486
90 532
90 539
90 545
90 569
90 598
90 608
90 759
90 776
90 865
90 867
90 1015
90 1022
91 92
91 95
91 108
91 113
91 115
91 120
91 130
91 136
91 158
91 164
91 169
91 184
91 203
91 232
91 255
91 265
91 278
91 298
91 304
91 305
91 322
91 333
91 337
91 391
91 424
91 437
91 441
91 442
91 450
91 466
91 495
91 496
91 512
91 516
91 540
91 580
91 645
91 678
91 728
91 852
91 863
91 925
91 979
91 986
91 1010
92 93
92 117
92 118
92 198
92 248
92 250
92 277
92 339
92 351
92 356
92 526
92 579
92 584
92 589
92 604
92 733
92 833
92 839
92 855
92 873
92 950
93 97
93 118
93 138
93 166
93 177
93 222
93 266
93 271
93 330
93 402
93 430
93 459
93 485
93 626
93 650
93 701
93 798
93 965
93 987
93 990
93 1000
94 145
94 183
94 191
94 198
94 206
94 252
94 292
94 310
94 406
94 415
94 464
94 491
94 504
94 519
94 541
94 584
94 878
94 971
94 1012
95 103
95 107
95 108
95 121
95 122
95 151
95 153
95 188
95 276
95 279
95 285
95 307
95 362
95 379
95 407
95 460
95 498
95 508
95 561
95 571
95 576
95 577
95 632
95 753
95 786
95 835
95 909
95 917
95 927
96 98
96 107
96 108
96 265
96 306
96 359
96 406
96 498
96 585
96 615
96 661
96 732
96 830
96 847
96 900
97 114
97 119
97 184
97 224
97 253
97 281
97 288
97 299
97 318
97 330
97 423
97 473
97 530
97 570
97 596
97 652
97 681
97 752
97 845
97 866
97 872
97 885
97 943
97 960
98 119
98 150
98 205
98 222
98 542
98 550
98 705
98 856
98 879
98 898
99 103
99 114
99 175
99 218
99 242
99 249
99 261
99 265
99 283
99 416
99 464
99 571
99 667
99 680
99 739
99 773
99 823
99 988
100 109
100 118
100 175
100 239
100 379
100 594
100 605
100 611
100 624
100 630
100 646
100 672
100 678
100 740
100 873
100 898
101 113
101 153
101 178
101 257
101 351
101 376
101 403
101 513
101 572
101 574
101 597
101 686
101 790
101 797
101 974
101 994
102 119
102 136
102 137
102 145
102 172
102 179
102 183
102 199
102 221
102 226
102 314
102 320
102 390
102 402
102 480
102 507
102 799
102 868
102 889
102 962
102 1008
103 112
103 118
103 120
103 121
103 153
103 159
103 195
103 197
103 204
103 218
103 219
103 249
103 255
103 260
103 313
103 314
103 315
103 348
103 359
103 380
103 393
103 400
103 408
103 439
103 442
103 445
103 449
103 466
103 471
103 490
103 496
103 515
103 518
103 564
103 613
103 626
103 628
103 630
103 652
103 704
103 751
103 767
103 793
103 809
103 857
103 878
103 941
103 949
103 967
103 972
103 1001
103 1022
104 127
104 136
104 142
104 151
104 170
104 192
104 200
104 256
104 267
104 440
104 579
104 580
104 622
104 672
104 685
104 735
104 819
104 897
104 946
104 987
105 108
105 146
105 161
105 185
105 208
105 279
105 343
105 379
105 412
105 483
105 567
105 573
105 662
105 725
105 860
105 985
106 132
106 174
106 191
106 215
106 241
106 252
106 284
106 314
106 368
106 405
106 412
106 430
106 456
106 481
106 499
106 520
106 566
106 603
106 652
106 701
106 777
106 866
106 893
106 985
107 112
107 173
107 208
107 211
107 218
107 221
107 231
107 236
107 417
107 428
107 463
107 478
107 514
107 579
107 634
107 669
107 701
107 715
107 723
107 753
107 819
107 851
107 938
107 965
108 114
108 210
108 376
108 383
108 386
108 398
108 510
108 549
108 550
108 688
108 753
108 796
108 818
108 823
108 877
108 943
108 1019
109 119
109 122
109 135
109 228
109 243
109 253
109 262
109 303
109 313
109 367
109 408
109 478
109 480
109 505
109 506
109 598
109 602
109 633
109 646
109 653
109 655
109 665
109 681
109 760
109 845
109 867
109 973
109 974
109 1008
110 120
110 123
110 142
110 143
110 167
110 256
110 281
110 285
110 303
110 311
110 335
110 338
110 356
110 456
110 464
110 482
110 520
110 578
110 606
110 625
110 657
110 695
110 769
110 827
110 849
110 891
110 934
110 1009
110 1011
110 1012
111 129
111 154
111 155
111 193
111 207
111 220
111 222
111 225
111 233
111 243
111 451
111 490
111 556
111 651
111 655
111 674
111 708
111 736
111 781
111 916
111 988
112 116
112 133
112 146
112 149
112 236
112 322
112 347
112 412
112 505
112 544
112 555
112 632
112 692
112 750
112 822
112 850
112 857
112 1001
113 171
113 237
113 259
113 446
113 457
113 503
113 540
113 546
113 600
113 656
113 712
113 731
113 801
113 968
114 216
114 324
114 441
114 479
114 513
114 534
114 576
114 587
114 720
114 750
114 875
114 882
114 894
115 136
115 185
115 187
115 194
115 198
115 199
115 229
115 240
115 304
115 337
115 424
115 548
115 594
115 598
115 609
115 639
115 644
115 657
115 752
115 767
115 774
115 812
115 866
115 914
115 976
115 977
116 133
116 167
116 170
116 260
116 267
116 352
116 509
116 571
116 581
116 582
116 604
116 664
116 945
117 134
117 147
117 158
117 176
117 244
117 274
117 278
117 305
117 317
117 335
117 368
117 376
117 387
117 394
117 420
117 455
117 462
117 471
117 482
117 510
117 625
117 669
117 670
117 758
117 822
117 877
117 885
117 979
118 150
118 222
118 256
118 342
118 378
118 422
118 451
118 475
118 495
118 570
118 587
118 682
118 801
119 166
119 419
119 429
119 514
119 583
119 736
119 746
119 888
119 895
119 900
119 939
119 977
119 1009
120 134
120 137
120 145
120 146
120 179
120 228
120 336
120 454
120 477
120 484
120 502
120 536
120 622
120 667
121 156
121 159
121 185
121 206
121 284
121 301
121 370
121 395
121 409
121 432
121 468
121 500
121 533
121 588
121 650
121 722
121 801
121 906
121 970
121 998
121 1008
122 124
122 150
122 163
122 200
122 218
122 284
122 381
122 399
122 449
122 457
122 471
122 631
122 662
122 667
122 799
122 812
122 844
122 887
122 903
122 920
123 159
123 222
123 227
123 229
123 237
123 250
123 266
123 272
123 275
123 288
123 326
123 351
123 368
123 543
123 676
123 806
123 970
124 153
124 218
124 226
124 228
124 238
124 246
124 304
124 331
124 411
124 429
124 435
124 506
124 535
124 551
124 560
124 727
124 766
124 795
124 801
124 837
124 1006
125 132
125 155
125 201
125 232
125 238
125 253
125 261
125 270
125 290
125 291
125 342
125 346
125 354
125 364
125 411
125 448
125 492
125 516
125 537
125 547
125 582
125 629
125 655
125 694
125 711
125 730
125 738
125 835
125 864
125 871
125 926
125 931
125 1022
126 144
126 254
126 266
126 269
126 292
126 345
126 437
126 494
126 552
126 553
126 638
126 710
126 713
126 726
126 790
126 805
126 811
126 923
126 928
126 999
127 158
127 192
127 223
127 224
127 276
127 291
127 340
127 497
127 633
127 689
127 723
128 136
128 140
128 163
128 198
128 242
128 252
128 257
128 259
128 295
128 343
128 447
128 467
128 520
128 531
128 600
128 660
128 712
128 745
128 777
128 786
128 847
128 967
128 968
128 989
128 995
128 1011
129 179
129 192
129 206
129 265
129 274
129 314
129 514
129 553
129 586
129 738
129 741
129 746
129 792
129 856
129 857
129 886
129 893
129 986
130 158
130 204
130 212
130 229
130 232
130 255
130 286
130 292
130 360
130 452
130 478
130 487
130 563
130 612
130 644
130 717
130 825
130 875
130 876
130 895
130 906
130 943
130 965
130 971
130 1012
131 148
131 157
131 164
131 178
131 190
131 270
131 271
131 306
131 321
131 337
131 349
131 381
131 407
131 537
131 673
131 717
131 810
131 856
131 926
132 144
132 151
132 163
132 201
132 240
132 268
132 272
132 273
132 284
132 298
132 300
132 324
132 342
132 368
132 371
132 391
132 398
132 426
132 457
132 497
132 577
132 580
132 584
132 621
132 732
132 735
132 753
132 810
132 831
132 845
132 847
132 879
132 885
132 922
132 964
132 967
133 159
133 161
133 221
133 223
133 230
133 238
133 275
133 300
133 319
133 327
133 359
133 381
133 400
133 418
133 446
133 448
133 550
133 551
133 558
133 592
133 594
133 622
133 687
133 741
133 821
133 823
133 866
133 949
134 139
134 174
134 181
134 210
134 220
134 304
134 397
134 415
134 440
134 449
134 453
134 495
134 522
134 563
134 588
134 601
134 645
134 673
134 718
134 722
134 749
134 755
134 853
134 876
134 988
135 178
135 184
135 518
135 606
135 820
135 948
136 183
136 192
136 202
136 290
136 296
136 327
136 370
136 392
136 424
136 442
136 456
136 458
136 520
136 545
136 646
136 703
136 848
136 887
137 160
137 273
137 288
137 294
137 383
137 402
137 460
137 484
137 856
137 915
137 986
138 149
138 174
138 177
138 236
138 258
138 298
138 328
138 340
138 399
138 432
138 476
138 492
138 631
138 646
138 656
138 848
138 861
138 899
138 908
138 909
138 928
138 940
139 212
139 218
139 254
139 282
139 332
139 353
139 470
139 502
139 567
139 577
139 597
139 629
139 765
139 795
139 807
139 958
140 163
140 173
140 221
140 242
140 284
140 299
140 317
140 322
140 363
140 385
140 393
140 546
140 590
140 755
140 830
140 849
141 163
141 280
141 348
141 447
141 482
141 558
141 568
141 659
141 712
141 805
141 841
141 852
142 148
142 288
142 303
142 403
142 526
142 561
142 666
142 713
142 748
142 768
142 913
142 995
143 234
143 244
143 318
143 323
143 417
143 436
143 512
143 993
144 157
144 256
144 263
144 274
144 275
144 291
144 292
144 316
144 328
144 397
144 462
144 490
144 532
144 533
144 575
144 576
144 653
144 662
144 728
144 767
144 785
144 788
144 845
145 183
145 245
145 252
145 278
145 313
145 339
145 397
145 457
145 487
145 534
145 548
145 618
145 743
145 903
146 487
146 901
146 921
147 157
147 170
147 194
147 263
147 275
147 331
147 360
147 397
147 426
147 430
147 509
147 579
147 580
147 699
147 741
147 851
147 907
147 944
147 956
147 1012
148 166
148 171
148 200
148 249
148 271
148 329
148 387
148 406
148 460
148 469
148 474
148 566
148 598
148 639
148 663
148 689
148 768
148 830
148 885
148 901
148 922
148 964
148 973
149 154
149 202
149 333
149 634
149 698
149 713
149 743
150 167
150 173
150 199
150 235
150 246
150 284
150 352
150 427
150 718
150 830
150 846
150 848
151 156
151 162
151 178
151 229
151 582
151 700
151 718
151 750
151 832
152 191
152 266
152 287
152 304
152 338
152 366
152 453
152 487
152 588
152 639
152 642
152 777
152 907
152 953
152 976
153 181
153 195
153 242
153 286
153 354
153 371
153 471
153 529
153 631
153 640
153 717
153 934
154 166
154 170
154 285
154 299
154 406
154 413
154 414
154 554
154 556
154 606
154 638
154 894
154 912
154 965
155 178
155 207
155 364
155 370
155 388
155 469
155 552
155 586
155 786
155 804
155 815
155 917
156 164
156 177
156 195
156 213
156 436
156 442
156 568
156 653
156 716
156 729
156 735
156 807
156 814
156 912
156 936
156 970
156 972
157 161
157 207
157 219
157 296
157 398
157 452
157 536
157 655
157 728
157 826
157 845
157 997
157 1001
158 164
158 243
158 309
158 355
158 360
158 374
158 379
158 459
158 477
158 508
158 678
158 700
158 719
158 726
158 740
158 752
158 761
158 777
158 780
158 892
158 956
159 235
159 268
159 272
159 330
159 372
159 377
159 386
159 388
159 410
159 411
159 437
159 462
159 463
159 531
159 608
159 617
159 639
159 705
159 743
159 744
159 769
159 830
159 852
159 920
159 944
159 957
160 210
160 213
160 242
160 309
160 330
160 380
160 442
160 503
160 570
160 650
160 689
160 744
161 207
161 344
161 353
161 564
161 650
161 669
161 705
161 800
161 812
161 1005
162 196
162 203
162 211
162 296
162 304
162 307
162 407
162 420
162 508
163 180
163 203
163 235
163 277
163 315
163 362
163 368
163 388
163 424
163 462
163 486
163 494
163 511
163 525
163 565
163 593
163 643
163 673
163 685
163 811
163 852
163 859
163 885
163 909
163 929
163 963
163 1003
164 175
164 188
164 295
164 326
164 345
164 356
164 358
164 433
164 449
164 473
164 493
164 517
164 580
164 583
164 610
164 660
164 731
164 808
164 828
165 168
165 188
165 196
165 228
165 238
165 299
165 302
165 333
165 378
165 400
165 414
165 486
165 500
165 632
165 638
165 698
165 716
165 752
165 754
165 756
165 820
165 881
165 890
165 938
165 951
165 962
165 1001
166 184
166 201
166 236
166 240
166 251
166 272
166 315
166 363
166 371
166 378
166 386
166 420
166 427
166 460
166 545
166 608
166 656
166 835
166 849
166 936
166 959
167 186
167 190
167 233
167 236
167 254
167 259
167 272
167 281
167 308
167 322
167 324
167 350
167 446
167 472
167 570
167 592
167 621
167 684
167 685
167 729
167 761
167 783
167 807
167 891
167 920
168 171
168 179
168 199
168 282
168 373
168 448
168 512
168 519
168 526
168 532
168 540
168 574
168 600
168 611
168 878
168 951
168 1000
169 189
169 320
169 343
169 392
169 493
169 506
169 588
169 619
169 631
169 645
169 772
169 956
169 1023
170 195
170 233
170 308
170 311
170 529
170 557
170 569
170 641
170 844
171 179
171 183
171 214
171 222
171 234
171 394
171 395
171 396
171 399
171 468
171 489
171 537
171 582
171 625
171 690
171 704
171 709
171 731
171 822
171 849
171 903
171 934
172 191
172 263
172 278
172 294
172 441
172 461
172 519
172 523
172 706
172 831
172 963
173 186
173 225
173 228
173 248
173 251
173 325
173 338
173 359
173 363
173 417
173 506
173 536
173 644
173 768
173 907
174 207
174 259
174 273
174 293
174 348
174 481
174 514
174 654
174 811
174 929
175 191
175 289
175 313
175 326
175 383
175 620
175 671
175 704
175 764
175 896
175 923
175 936
176 218
176 228
176 233
176 277
176 291
176 309
176 357
176 362
176 444
176 532
176 594
176 661
176 696
176 716
176 721
176 854
177 182
177 317
177 330
177 401
177 422
177 454
177 457
177 489
177 490
177 566
177 582
177 594
177 606
177 641
177 654
177 723
177 729
177 735
177 888
177 915
177 957
177 982
177 1011
178 248
178 261
178 294
178 308
178 335
178 396
178 502
178 531
178 557
178 560
178 617
178 703
178 803
178 827
178 958
178 977
179 211
179 216
179 225
179 292
179 296
179 310
179 352
179 488
179 567
179 624
179 769
179 780
179 803
180 241
180 311
180 365
180 375
180 382
180 441
180 450
180 515
180 637
180 843
180 848
180 940
180 989
181 271
181 447
181 550
181 864
182 224
182 257
182 307
182 332
182 405
182 406
182 425
182 565
182 568
182 609
182 661
182 697
182 730
182 793
182 824
183 196
183 212
183 248
183 293
183 336
183 401
183 492
183 536
183 594
183 743
183 891
183 987
184 189
184 268
184 553
184 629
184 668
184 733
184 990
184 1020
185 186
185 282
185 541
185 548
185 648
185 654
185 670
185 685
185 716
185 792
185 832
185 910
185 925
185 941
185 968
186 203
186 212
186 221
186 226
186 261
186 293
186 368
186 382
186 461
186 564
186 945
186 966
187 193
187 217
187 433
187 449
187 466
187 558
187 666
187 826
187 834
187 952
188 297
188 321
188 327
188 347
188 447
188 454
188 523
188 624
188 635
188 680
188 698
188 720
188 848
188 1021
189 234
189 257
189 268
189 443
189 788
189 821
190 201
190 235
190 250
190 266
190 274
190 287
190 293
190 317
190 318
190 324
190 344
190 364
190 441
190 585
190 595
190 633
190 702
190 817
190 820
190 854
190 868
190 872
191 246
191 380
191 446
191 459
191 583
191 677
191 746
191 906
191 952
191 1019
192 261
192 269
192 280
192 283
192 301
192 336
192 372
192 376
192 418
192 439
192 506
192 653
192 661
192 791
192 833
192 924
192 931
192 945
192 1017
193 262
193 275
193 369
193 408
193 563
193 576
193 702
193 736
193 855
193 973
194 229
194 322
194 390
194 396
194 436
194 515
194 531
194 619
194 723
194 743
194 791
194 800
194 972
195 265
195 320
195 322
195 419
195 457
195 500
195 528
195 641
195 717
195 771
195 859
195 863
195 906
196 238
196 260
196 275
196 276
196 322
196 330
196 375
196 399
196 416
196 467
196 686
196 716
196 721
196 722
196 733
196 897
196 915
196 924
196 933
196 975
197 391
197 510
197 543
197 879
197 895
197 912
198 210
198 223
198 226
198 260
198 318
198 321
198 349
198 351
198 377
198 460
198 472
198 515
198 567
198 772
198 813
198 945
199 205
199 206
199 291
199 321
199 392
199 412
199 478
199 504
199 523
199 525
199 560
199 562
199 609
199 615
199 675
199 705
199 735
199 749
199 751
199 784
199 825
199 879
199 944
199 979
199 993
199 1017
200 231
200 318
200 345
200 403
200 541
200 557
200 594
200 753
200 810
200 816
200 873
200 988
201 204
201 245
201 264
201 292
201 403
201 494
201 603
201 649
201 694
201 695
201 713
201 723
201 844
201 852
201 919
202 205
202 325
202 394
202 400
202 422
202 431
202 495
202 523
202 596
202 607
202 784
202 795
203 221
203 276
203 327
203 346
203 349
203 383
203 387
203 403
203 412
203 493
203 554
203 581
203 638
203 803
203 840
203 980
203 982
204 239
204 285
204 297
204 301
204 336
204 351
204 404
204 442
204 510
204 557
204 585
204 714
204 754
204 780
204 931
204 976
205 248
205 298
205 322
205 354
205 365
205 399
205 416
205 708
205 727
205 866
206 217
206 306
206 346
206 432
206 491
206 501
206 519
206 582
206 652
206 736
206 796
206 808
206 827
206 857
207 214
207 277
207 281
207 311
207 312
207 349
207 377
207 487
207 559
207 579
207 596
207 661
207 767
207 988
208 286
208 355
208 359
208 838
208 850
208 851
208 1022
209 274
209 301
209 351
209 383
209 384
209 398
209 473
209 479
209 493
209 511
209 546
209 572
209 763
209 815
209 816
209 834
209 870
209 906
209 915
209 953
209 992
210 346
210 366
210 409
210 594
210 679
210 743
210 772
210 813
210 943
210 983
210 995
211 237
211 372
211 374
211 384
211 787
211 865
211 897
211 921
211 925
212 316
212 354
212 434
212 605
212 688
212 715
212 729
212 737
212 760
212 792
212 825
212 946
212 980
212 999
213 214
213 259
213 347
213 414
213 647
213 710
213 782
213 804
213 805
213 878
213 881
213 954
213 1020
214 239
214 358
214 380
214 427
214 443
214 487
214 552
214 655
214 738
214 942
214 947
214 962
214 966
215 352
215 496
215 503
215 504
215 511
215 532
215 638
216 241
216 274
216 350
216 370
216 383
216 392
216 395
216 441
216 499
216 510
216 527
216 583
216 599
216 657
216 700
216 717
216 748
216 754
216 768
216 774
216 841
216 915
216 1010
217 277
217 310
217 375
217 524
217 540
217 563
217 872
217 897
217 1023
218 349
218 381
218 782
218 1018
219 249
219 307
219 313
219 535
219 561
219 764
219 809
219 854
219 855
219 880
219 962
219 1002
220 326
220 337
220 378
220 388
221 234
221 235
221 237
221 261
221 280
221 284
221 332
221 345
221 352
221 362
221 386
221 488
221 559
221 576
221 608
221 638
221 659
221 673
221 690
221 762
221 770
221 795
221 797
221 847
221 854
221 903
221 1016
222 260
222 282
222 306
222 329
222 374
222 404
222 443
222 492
222 593
222 654
222 683
222 687
222 747
222 783
222 839
222 968
222 971
223 224
223 368
223 474
223 513
223 896
223 1014
224 262
224 275
224 291
224 369
224 456
224 532
224 554
224 632
224 662
224 751
224 754
225 239
225 264
225 372
225 376
225 391
225 458
225 550
225 555
225 865
225 883
225 904
225 955
225 977
225 1009
225 1018
226 344
226 398
226 404
226 428
226 440
226 484
226 557
226 604
226 684
226 893
226 909
227 306
227 361
227 363
227 397
227 587
227 601
227 677
227 715
227 737
227 781
227 850
228 264
228 281
228 343
228 456
228 481
228 523
228 524
228 611
228 687
228 753
228 773
228 846
228 908
229 305
229 350
229 401
229 528
229 549
229 637
229 646
229 715
230 236
230 348
230 360
230 527
230 649
230 692
230 841
230 888
230 921
231 277
231 279
231 316
231 346
231 463
231 516
231 636
231 647
231 674
231 728
231 765
231 996
232 238
232 247
232 298
232 509
232 647
232 785
233 263
233 365
233 373
233 418
233 590
233 767
233 809
233 874
233 1004
234 283
234 353
234 368
234 383
234 393
234 415
234 447
234 454
234 457
234 467
234 479
234 516
234 600
234 610
234 613
234 617
234 641
234 667
234 669
234 681
234 758
234 761
234 778
234 793
234 794
234 814
234 821
234 995
234 997
235 241
235 251
235 291
235 373
235 404
235 552
235 568
235 654
235 686
235 703
235 732
235 746
235 928
235 991
235 1005
236 285
236 300
236 307
236 370
236 382
236 429
236 486
236 488
236 498
236 511
236 530
236 581
236 612
236 627
236 672
236 705
236 783
236 812
236 860
236 925
236 969
236 973
237 253
237 379
237 387
237 389
237 459
237 468
237 481
237 521
237 534
237 586
237 670
237 677
237 702
237 716
237 722
237 732
237 737
237 786
237 902
238 381
238 419
238 427
238 616
238 635
238 750
238 763
238 976
239 320
239 354
239 542
239 644
239 789
239 928
240 262
240 417
240 460
240 605
240 742
241 266
241 334
241 385
241 407
241 434
241 477
241 503
241 587
241 630
241 663
241 674
241 675
241 861
241 889
241 890
241 969
242 270
242 282
242 297
242 317
242 358
242 367
242 369
242 427
242 471
242 488
242 551
242 623
242 664
242 683
242 747
242 773
242 862
242 952
242 959
242 1012
242 1020
243 261
243 434
243 477
243 489
243 582
243 597
243 707
243 719
243 721
243 747
243 844
244 246
244 287
244 295
244 303
244 414
244 417
244 452
244 542
244 593
244 617
244 731
244 732
244 770
244 883
244 890
244 956
245 251
245 323
245 346
245 551
245 630
245 981
246 249
246 263
246 484
246 732
246 853
247 257
247 354
247 382
247 461
247 475
247 519
247 524
247 593
247 656
247 685
247 774
247 804
247 828
247 876
247 948
248 249
248 289
248 419
248 437
248 510
248 598
248 631
248 641
248 642
248 752
248 761
248 764
248 815
248 908
248 920
248 979
248 982
249 273
249 280
249 329
249 440
249 470
249 556
249 824
249 913
249 978
250 817
250 941
251 264
251 324
251 331
251 434
251 436
251 441
251 469
251 584
251 593
251 764
251 776
251 787
251 808
251 907
251 949
252 315
252 361
252 548
252 564
252 660
252 666
252 892
253 279
253 395
253 578
253 693
253 877
253 932
253 955
253 969
253 983
253 990
253 992
254 360
254 624
254 659
254 779
254 819
255 305
255 307
255 309
255 562
255 663
255 773
255 897
255 1007
256 274
256 474
256 621
257 329
257 347
257 388
257 390
257 553
257 563
257 672
257 697
257 962
258 276
258 278
258 342
258 364
258 446
258 478
258 524
258 774
258 799
259 269
259 272
259 275
259 327
259 339
259 443
259 481
259 538
259 666
260 410
260 499
260 635
261 285
261 293
261 323
261 333
261 440
261 453
261 476
261 518
261 534
261 564
261 570
261 586
261 600
261 604
261 652
261 667
261 779
261 808
261 883
261 967
262 287
262 294
262 321
262 323
262 396
262 517
262 530
262 643
262 664
262 677
262 698
262 730
262 836
262 909
263 271
263 353
263 356
263 378
263 388
263 436
263 458
263 517
263 562
264 340
264 382
264 431
264 476
264 517
264 543
264 622
264 665
264 675
264 679
264 723
264 994
264 1010
265 342
265 376
265 459
265 572
266 448
266 462
266 595
266 613
266 628
266 705
266 839
266 917
266 993
267 271
267 281
267 288
267 290
267 305
267 311
267 341
267 596
267 627
267 639
267 721
267 724
267 840
267 844
267 905
267 1010
268 331
268 407
268 464
268 559
268 711
268 961
269 278
269 317
269 334
269 355
269 359
269 414
269 425
269 439
269 532
269 607
269 701
269 733
269 734
269 957
269 990
270 417
270 431
270 437
270 645
270 870
271 316
271 368
271 372
271 374
271 392
271 405
271 407
271 432
271 467
271 492
271 517
271 522
271 545
271 586
271 696
271 848
271 893
271 900
272 335
272 423
272 529
272 538
272 675
272 918
272 971
272 1002
273 385
273 434
273 480
273 508
273 571
273 750
273 808
273 811
273 814
273 815
273 880
273 1002
273 1019
274 329
274 454
274 467
274 469
274 558
274 565
274 592
274 619
274 844
274 927
275 293
275 312
275 472
275 555
276 293
276 333
276 380
276 466
276 550
276 567
276 569
276 587
276 634
276 660
276 681
276 746
276 802
276 845
277 287
277 293
277 304
277 360
277 431
277 559
277 584
277 597
277 616
277 662
277 702
277 715
277 771
277 776
277 830
277 884
277 910
277 946
277 949
277 954
277 960
278 431
278 515
278 742
279 337
279 554
279 732
279 758
279 769
279 827
280 316
280 340
280 389
280 430
280 518
280 527
280 559
280 601
280 685
280 709
280 764
280 774
280 794
280 859
280 963
281 294
281 309
281 323
281 326
281 364
281 478
281 492
281 538
281 584
281 759
281 818
281 880
281 942
281 943
282 313
282 342
282 361
282 532
282 553
282 624
282 717
282 829
282 868
282 880
282 889
282 916
282 926
282 973
282 1009
283 551
283 569
283 583
283 586
283 616
283 743
283 804
283 852
283 1010
284 385
284 405
284 441
284 499
284 525
284 544
284 648
284 685
284 756
285 363
285 371
285 431
285 492
285 630
285 689
285 904
285 979
285 1022
286 297
286 417
286 450
286 528
286 665
286 687
286 931
286 940
287 395
287 454
287 505
287 679
287 702
287 759
287 772
287 778
287 798
287 818
287 819
287 829
288 428
288 514
288 640
288 780
288 884
288 950
288 987
288 1008
289 299
289 303
289 335
289 458
289 631
289 680
289 945
290 409
290 561
290 599
290 646
290 797
290 860
290 872
290 898
290 957
291 350
291 384
291 641
291 760
291 821
291 947
291 972
291 986
292 307
292 394
292 417
292 590
292 620
292 720
292 845
292 937
293 351
293 372
293 387
293 409
293 418
293 462
293 626
293 638
294 335
294 347
294 396
294 581
294 676
294 687
294 724
294 865
294 941
295 302
295 325
295 351
295 353
295 453
295 514
295 527
295 539
295 556
295 608
295 630
295 637
295 707
295 758
295 761
295 831
295 878
296 299
296 468
296 694
296 744
296 754
296 786
296 889
296 981
296 996
297 472
297 552
297 637
297 648
297 703
297 802
297 855
297 857
297 975
298 436
298 454
298 569
298 651
298 763
299 638
299 754
299 979
300 338
300 344
300 365
300 488
300 671
300 704
300 727
300 769
300 909
301 309
301 401
301 494
301 526
301 633
301 636
301 720
301 734
301 759
301 791
301 896
301 948
302 319
302 335
302 438
302 468
302 663
302 751
302 757
302 798
302 805
302 833
302 933
302 936
302 999
303 419
303 444
303 450
303 482
303 822
303 874
303 944
303 1015
304 386
304 727
304 758
304 920
305 455
305 596
305 774
305 952
306 443
306 444
306 464
306 470
306 499
306 628
307 384
307 402
307 597
307 693
307 742
307 799
308 317
308 533
308 536
308 950
309 506
309 568
309 616
309 713
309 722
309 827
309 864
310 433
310 524
310 605
311 360
311 382
311 384
311 422
311 424
311 544
311 570
311 584
311 676
311 741
311 829
312 389
312 439
312 508
312 539
312 687
312 718
312 776
312 839
313 331
313 464
313 475
313 507
313 516
313 546
313 716
313 826
313 836
313 989
314 346
314 355
314 358
314 393
314 451
314 460
314 513
314 595
314 857
314 963
315 349
315 376
315 419
315 696
315 709
315 724
315 834
315 921
316 476
316 497
316 507
316 545
316 741
316 856
317 353
317 358
317 557
317 613
317 772
317 780
317 781
317 953
318 411
318 437
318 463
318 602
318 617
318 881
318 941
319 445
319 713
319 799
319 1021
320 326
320 433
320 476
320 477
320 609
320 676
320 734
320 877
320 980
320 996
320 1023
321 340
321 360
321 388
321 483
321 542
321 853
321 899
321 926
321 950
322 389
322 704
323 511
323 531
323 868
323 874
323 985
324 347
324 354
324 435
324 516
324 576
324 656
324 664
324 675
324 759
324 815
324 854
324 863
324 976
325 350
325 905
326 367
326 411
326 509
326 730
326 898
326 923
326 936
326 975
327 404
327 606
328 333
328 367
328 390
328 431
328 563
328 811
328 848
328 968
329 465
329 479
329 490
329 632
329 633
329 643
329 659
329 713
329 747
329 932
329 960
330 342
330 357
330 438
330 587
330 632
330 652
330 684
330 693
330 817
330 876
330 908
330 971
331 499
331 500
331 537
331 570
331 978
331 1018
332 391
332 569
332 602
332 640
332 646
332 914
333 351
333 428
333 538
333 633
333 666
333 669
333 775
333 910
334 725
334 819
334 870
335 413
335 814
335 894
335 966
335 1004
336 498
336 613
336 951
336 980
336 1013
337 530
337 628
337 639
337 892
337 955
338 397
338 413
338 423
338 474
338 483
338 567
338 619
338 739
338 746
338 762
338 786
338 793
338 794
338 1009
339 449
339 492
339 553
339 598
339 602
339 680
339 739
339 843
340 448
340 575
341 658
341 889
342 416
342 420
342 467
342 654
342 727
342 769
342 859
342 956
343 369
343 373
343 482
343 525
343 573
343 678
344 355
344 358
344 769
344 890
344 983
345 411
345 420
345 527
345 543
345 549
345 552
345 606
345 673
345 703
345 797
345 922
346 348
346 350
346 413
346 461
346 610
346 781
346 874
346 922
347 424
347 451
347 463
347 501
347 578
347 618
347 841
348 381
348 500
348 507
348 748
348 815
348 883
349 350
349 389
349 421
349 446
349 463
349 516
349 531
349 538
349 622
349 640
349 702
349 754
349 966
349 990
350 664
350 893
351 384
351 574
351 580
351 642
351 658
351 936
351 1021
352 483
352 562
352 598
352 763
352 767
352 784
352 817
352 870
352 895
352 1004
352 1014
353 364
353 380
353 428
353 447
353 500
353 599
353 623
353 706
353 864
353 931
354 454
354 588
354 630
354 652
354 683
354 721
354 760
354 768
354 829
354 914
355 357
355 499
355 588
355 676
355 680
355 718
356 445
356 470
356 700
356 726
357 365
357 421
357 512
357 540
357 851
358 446
358 453
358 529
358 682
358 831
358 983
358 1015
359 366
359 385
359 604
359 621
359 867
359 899
359 913
359 919
359 951
360 404
360 549
360 678
360 703
360 765
360 888
361 538
361 745
361 938
361 959
362 438
362 815
362 944
362 958
362 971
362 1013
363 392
363 485
364 374
364 420
364 468
364 581
364 591
364 640
364 759
364 963
365 420
365 591
365 615
365 628
365 669
365 699
365 800
366 566
366 641
366 671
366 706
366 913
366 1007
367 419
367 502
367 807
367 883
367 953
368 465
368 479
368 626
368 763
368 785
368 874
368 931
368 1021
369 416
369 521
369 562
369 757
369 847
369 903
369 991
369 1012
370 403
370 469
370 649
370 685
370 714
370 769
370 857
371 391
371 403
371 509
371 552
371 560
371 575
371 680
371 709
371 781
372 389
372 426
372 447
372 904
372 972
373 443
373 531
373 553
373 569
373 572
373 573
373 628
373 670
373 678
373 715
373 751
373 856
373 923
373 928
374 394
374 433
374 447
374 653
374 733
374 771
374 889
375 378
375 394
375 429
375 486
375 664
375 721
375 942
376 505
376 511
376 570
376 842
376 869
376 923
377 388
377 444
377 505
377 633
377 757
377 780
378 425
378 473
378 521
378 564
378 712
378 897
378 916
378 958
378 1013
379 847
379 940
380 603
380 714
381 400
381 422
381 430
381 431
381 521
381 668
381 722
381 807
381 833
381 837
381 846
381 894
382 430
382 668
382 978
382 985
383 509
383 796
383 864
384 501
384 543
384 677
384 719
384 726
384 836
384 921
385 440
385 629
385 860
386 393
386 438
386 515
386 612
386 689
386 953
387 399
387 475
387 647
387 764
387 783
388 438
388 875
388 1010
388 1015
389 393
389 573
389 814
389 818
390 393
390 402
390 528
390 539
390 674
390 792
390 1005
391 472
391 608
391 749
391 912
391 940
392 397
392 428
392 648
392 666
392 947
393 462
393 647
393 797
394 596
394 699
394 711
394 778
394 930
394 1014
395 605
395 626
395 867
395 927
396 419
396 572
396 634
396 660
396 710
396 946
396 959
396 965
397 469
397 475
397 528
397 547
397 604
397 624
397 806
397 902
398 518
398 569
398 575
398 576
398 593
398 651
398 889
398 926
399 432
399 678
399 827
399 835
399 862
399 882
399 886
399 936
400 643
400 901
400 951
400 965
400 986
401 546
401 643
401 757
401 759
401 785
401 913
401 980
402 426
402 494
402 616
402 633
402 696
402 806
402 954
402 959
402 1019
403 429
403 547
403 599
403 843
404 462
404 468
404 491
404 506
404 529
404 589
404 636
404 770
404 821
404 948
405 426
405 509
405 658
405 853
406 662
406 900
406 950
407 619
407 620
407 655
407 676
407 703
407 890
408 452
408 627
408 646
408 673
408 697
408 790
409 418
409 466
409 497
409 589
409 609
409 835
409 906
410 474
410 510
410 617
410 728
410 735
410 836
411 426
411 531
411 545
411 586
411 599
411 637
411 668
411 675
411 720
412 457
412 555
412 801
412 876
412 902
412 947
413 466
413 770
413 902
413 1010
414 493
414 537
414 579
414 762
414 853
414 885
414 917
415 460
415 502
415 581
415 603
415 982
415 1007
416 463
416 474
416 554
416 666
416 690
416 915
416 921
417 676
417 689
418 793
419 455
419 466
419 672
419 794
419 1007
421 471
421 484
421 586
421 711
421 754
421 899
422 451
422 974
423 450
423 590
423 635
423 896
423 919
423 921
424 695
424 720
424 917
425 466
425 636
425 683
425 905
426 440
426 596
426 736
426 918
426 1010
426 1016
427 480
427 501
427 528
427 972
428 468
428 542
428 583
428 589
428 645
428 861
428 939
429 454
429 521
429 536
429 614
429 836
429 933
430 459
431 447
431 509
431 578
431 590
431 595
431 599
431 898
431 971
431 994
431 1007
432 503
432 679
432 713
432 928
432 980
433 446
433 487
433 541
433 596
433 689
433 704
433 879
433 886
434 497
434 565
434 708
434 843
435 560
435 626
435 904
436 480
436 572
436 592
436 625
436 652
436 683
436 698
436 779
436 798
436 858
436 956
437 457
437 970
438 489
438 518
438 810
438 969
439 674
439 679
440 692
440 882
440 1000
441 458
441 460
441 561
441 583
441 603
441 681
441 779
441 842
441 997
442 444
442 452
442 474
442 501
442 563
442 745
442 770
443 478
443 772
444 703
444 730
444 838
444 888
444 950
444 991
446 730
447 644
447 765
447 826
447 867
447 924
447 982
448 534
448 652
448 665
448 747
448 911
448 937
448 955
448 958
449 451
449 593
449 671
449 841
449 993
450 503
450 599
450 601
450 868
451 697
451 781
451 782
451 815
451 817
452 490
452 551
452 672
452 719
453 642
453 672
453 714
453 816
453 869
453 871
453 872
453 1019
454 476
454 555
454 622
454 651
454 675
454 678
454 690
454 841
455 611
455 835
455 918
455 939
456 558
456 620
456 716
456 813
456 860
456 944
457 605
457 998
457 1015
458 501
458 513
458 545
458 567
458 697
458 832
459 637
459 640
459 711
459 738
459 793
459 906
460 477
460 535
460 686
460 872
460 924
460 996
461 488
461 597
461 863
462 612
462 676
462 828
462 859
462 1019
462 1022
463 474
463 501
463 522
463 636
463 758
463 812
463 826
463 873
463 887
463 908
463 941
463 994
464 882
464 919
464 969
464 1009
465 533
465 659
465 756
465 1014
465 1017
466 589
466 606
466 797
466 851
466 984
467 497
467 539
467 686
467 788
467 966
467 986
467 998
468 626
468 685
468 918
469 522
469 763
469 859
469 949
469 1002
470 699
470 722
470 749
470 805
471 577
471 832
472 474
472 654
472 777
472 778
472 846
472 860
472 862
472 875
472 910
472 937
473 479
473 576
473 831
473 836
474 503
474 536
474 538
474 566
474 918
475 588
475 649
475 875
476 486
476 762
477 559
477 712
477 773
477 779
477 894
477 972
478 480
478 526
478 549
478 607
478 694
478 888
479 480
479 579
479 611
479 717
479 736
479 804
479 837
479 877
479 935
480 541
480 760
480 775
480 968
480 982
481 592
481 714
482 629
482 879
482 1021
483 723
483 884
484 610
484 667
484 674
484 845
485 544
485 571
485 660
485 666
485 761
486 507
486 529
486 637
486 721
486 737
486 993
487 507
487 684
487 861
487 955
488 565
488 585
488 665
488 708
488 856
488 895
488 911
490 957
491 571
491 643
491 680
491 990
492 524
492 551
492 686
492 710
492 747
492 853
492 910
493 707
493 709
493 759
493 976
494 506
494 637
494 698
494 745
494 818
494 850
494 851
494 910
494 1002
495 947
496 498
496 533
496 609
496 682
496 753
497 507
497 536
497 548
497 751
497 765
497 1003
498 829
498 851
499 505
499 515
499 564
499 744
499 766
499 942
500 515
500 516
500 522
500 555
500 585
500 697
500 734
500 745
500 774
500 801
500 837
500 962
500 978
500 988
501 505
501 514
501 610
501 612
501 824
501 875
501 935
501 1002
502 861
503 524
503 666
503 733
503 1019
504 653
504 973
505 785
505 802
505 840
505 905
505 962
506 558
506 589
506 870
507 908
508 628
508 629
508 689
508 823
509 619
509 690
509 723
510 782
510 796
510 812
510 821
510 853
510 1004
511 578
512 574
512 672
512 677
512 681
512 687
512 699
512 707
512 768
512 816
512 869
512 902
512 918
512 955
513 571
513 632
513 690
513 704
513 709
513 807
513 838
514 841
515 518
515 622
515 777
515 778
515 788
515 819
516 572
516 576
516 715
516 826
516 862
517 522
517 561
517 656
517 660
517 753
517 799
518 649
518 684
518 782
518 961
519 627
519 934
519 1009
520 543
520 634
520 731
520 787
520 947
521 601
521 649
521 693
521 818
521 874
521 925
521 1004
522 809
522 838
523 581
523 592
523 752
524 782
524 967
525 533
525 578
525 695
525 825
525 827
525 842
526 765
526 948
527 600
527 913
527 999
528 755
528 763
529 580
529 646
529 687
529 739
529 787
529 801
529 818
529 945
530 600
530 967
531 627
531 871
532 691
532 817
532 886
533 940
534 671
534 714
534 789
534 840
535 577
535 626
536 610
536 690
536 854
536 937
536 989
537 547
537 695
537 706
537 918
537 924
538 706
538 807
538 844
538 869
538 1018
539 569
539 702
539 747
539 785
540 651
541 810
541 837
541 885
543 692
543 752
543 763
543 800
543 940
543 975
543 982
544 567
544 675
544 699
544 816
545 640
545 851
545 878
546 766
546 779
546 808
546 825
546 876
546 890
546 903
547 589
547 612
547 644
547 656
547 764
547 814
547 835
547 839
547 950
547 985
547 1017
548 624
548 720
548 835
548 1000
549 662
549 678
549 683
549 888
549 923
549 938
549 1014
550 563
550 744
550 764
551 573
551 744
552 845
552 933
552 994
552 1020
553 564
553 604
553 611
553 783
553 1020
554 650
555 734
555 792
555 809
555 833
555 959
556 688
556 693
556 778
556 898
557 821
557 826
557 883
558 568
558 759
558 810
558 819
558 902
559 623
559 644
559 718
559 734
559 753
559 755
559 817
559 899
560 722
560 856
561 813
561 945
562 675
563 570
563 981
564 649
564 801
564 933
564 1023
565 942
565 943
565 981
566 819
566 897
567 573
567 680
567 715
567 738
568 765
568 811
569 689
569 866
570 631
570 792
570 808
570 886
570 900
571 670
571 795
572 836
572 1007
573 591
573 623
573 730
573 879
574 612
574 615
574 659
574 668
574 711
574 788
574 795
575 620
575 738
575 742
575 751
575 809
576 691
576 758
576 1003
577 586
577 602
577 726
577 958
578 798
578 867
578 937
579 591
579 607
579 648
579 659
579 696
579 973
580 615
580 764
580 769
580 903
580 926
580 970
580 977
581 708
583 620
583 770
583 827
584 909
584 983
584 1011
585 657
585 665
585 762
586 632
586 952
586 1003
587 775
588 604
588 609
588 629
588 708
588 779
588 788
588 866
588 922
588 985
589 647
589 849
589 901
589 1004
590 805
591 614
591 804
591 823
591 951
591 1006
592 795
593 828
593 1019
593 1022
594 655
594 754
595 608
595 793
596 607
596 613
596 620
596 800
596 816
596 832
596 892
596 938
597 762
598 614
598 623
598 724
598 785
598 873
598 934
599 648
599 738
599 860
601 904
601 978
602 745
602 986
603 744
604 623
604 662
604 706
604 736
604 994
604 1004
606 637
606 771
606 773
607 961
607 996
608 664
608 1005
609 726
609 1008
610 696
610 776
610 870
611 679
611 794
611 920
611 935
611 999
612 751
612 983
613 614
613 712
613 834
613 857
613 930
613 946
613 1023
614 710
614 789
614 937
615 654
615 796
615 850
615 869
615 893
616 627
618 802
618 822
618 892
618 987
619 684
619 707
619 849
619 974
620 873
622 999
623 725
624 718
624 823
624 837
624 882
624 908
625 641
625 710
625 741
625 865
626 627
626 686
626 739
626 829
626 960
627 734
627 737
627 838
628 719
628 916
629 963
630 932
631 756
631 875
631 894
631 942
631 999
632 712
632 745
632 817
632 821
632 886
632 928
632 938
632 960
632 962
633 701
633 742
633 943
635 834
636 850
636 890
636 952
636 982
636 995
637 701
637 760
637 858
638 721
638 729
638 964
639 653
639 772
640 740
640 986
641 663
641 675
641 688
641 974
642 673
642 685
642 766
642 998
643 991
644 704
644 837
644 970
645 720
645 737
645 747
646 716
646 774
646 782
646 924
646 1008
647 691
647 729
647 766
647 862
648 658
648 710
649 700
652 778
653 717
653 740
653 860
655 833
655 885
655 1005
656 711
657 873
657 902
657 919
657 920
658 714
658 901
659 896
659 981
659 1007
660 783
660 967
661 732
661 813
661 828
661 939
662 993
663 802
663 854
664 794
664 822
664 945
665 724
665 843
665 942
667 682
668 796
668 1006
669 789
669 791
669 858
669 1015
670 728
670 884
671 936
672 874
673 702
673 742
673 760
673 792
673 797
673 824
673 837
673 981
673 984
673 1009
674 930
675 885
676 825
676 834
676 907
676 997
677 889
677 910
677 927
677 940
678 785
678 841
678 1016
679 777
680 681
680 683
680 757
680 984
681 712
681 803
681 840
681 845
681 964
682 735
682 913
682 991
683 822
683 825
683 831
684 737
686 752
686 977
686 1023
687 696
687 697
687 720
687 953
688 714
688 929
689 778
689 836
690 848
691 768
691 830
691 880
691 904
692 705
692 771
692 852
693 776
693 918
693 986
693 989
693 1018
695 820
696 788
696 823
696 873
698 887
698 978
699 863
699 919
700 701
700 708
700 773
700 805
700 926
701 740
702 781
702 828
702 931
703 713
703 721
703 884
705 797
706 859
708 869
708 938
709 750
709 916
710 735
710 859
710 935
710 966
710 999
710 1012
713 819
714 846
714 929
715 726
715 912
717 771
717 805
717 823
717 903
717 904
718 802
718 813
718 899
718 950
720 748
720 839
721 780
721 828
721 830
721 945
721 974
722 815
723 731
723 733
723 812
723 858
724 784
724 828
725 795
725 829
725 923
725 1007
726 809
727 770
727 775
727 858
728 784
729 746
729 798
730 1006
732 764
734 760
734 971
735 842
735 936
735 947
736 744
738 841
738 894
738 954
738 961
739 798
739 955
739 987
740 910
740 985
741 842
741 888
742 791
742 806
742 818
742 827
742 839
742 861
743 854
743 1003
745 785
746 838
747 874
748 861
748 920
749 865
749 880
750 798
751 756
751 767
751 792
751 905
751 989
752 844
752 893
753 796
753 976
754 1023
756 932
757 810
759 772
759 851
759 924
759 984
762 789
762 846
764 840
764 870
764 917
766 824
766 929
766 942
767 772
767 922
768 823
768 855
770 876
770 907
771 816
771 988
772 791
772 876
772 940
775 874
775 882
775 916
776 816
780 895
783 898
783 956
783 980
784 959
784 1011
785 915
785 930
787 898
788 911
789 831
790 836
791 933
791 956
793 980
796 895
800 914
801 982
802 807
802 855
802 863
802 901
803 808
803 849
804 1000
805 811
805 928
806 887
807 829
807 858
807 911
809 813
809 950
811 837
812 833
812 856
812 878
812 908
812 998
813 849
813 975
814 956
814 1020
816 857
817 994
818 875
819 835
820 966
821 991
822 882
822 919
822 972
822 1015
825 933
825 941
827 977
828 947
828 959
831 861
832 922
833 914
834 942
837 949
837 989
840 979
842 997
843 930
844 867
844 987
844 1005
844 1013
846 943
848 965
850 937
850 991
850 997
850 1001
851 944
852 895
852 912
852 949
854 882
854 983
856 922
856 925
856 988
856 992
858 871
858 879
859 913
859 917
860 895
863 911
863 951
866 1008
867 899
867 912
867 1006
870 962
871 891
872 912
873 948
873 1017
874 884
875 901
875 951
876 1004
877 1018
881 985
881 1016
883 1014
885 927
885 937
886 994
887 957
889 940
889 984
889 995
890 1023
891 934
892 903
892 906
893 1011
895 1012
896 929
897 997
899 997
901 937
904 958
905 919
905 957
905 961
906 982
908 1021
909 957
910 966
911 912
911 948
911 1019
913 1001
914 964
916 992
919 998
922 929
924 932
924 939
924 1007
927 999
928 1017
930 981
930 1022
937 959
937 991
938 1003
940 998
942 954
944 963
945 974
949 1008
950 1016
954 998
954 1008
957 961
957 1023
959 963
959 999
965 995
967 1015
969 978
971 992
972 1014
974 996
981 996
982 1020
1011 1013
