0 22
0 53
0 253
0 266
0 279
0 295
0 392
0 399
0 419
0 443
0 465
0 468
0 510
1 15
1 21
1 64
1 65
1 77
1 133
1 151
1 156
1 185
1 260
1 276
1 329
1 332
1 371
1 389
1 403
1 415
1 425
1 426
1 437
1 445
1 468
2 9
2 16
2 35
2 75
2 91
2 184
2 205
2 214
2 249
2 259
2 268
2 277
2 341
2 381
2 397
2 427
2 433
2 502
2 505
3 58
3 141
3 176
3 209
3 243
3 271
3 273
3 321
3 322
3 323
3 340
3 365
3 370
3 391
3 414
3 430
3 457
3 492
3 511
4 61
4 99
4 111
4 112
4 157
4 176
4 241
4 281
4 290
4 405
4 420
4 478
4 500
5 36
5 129
5 133
5 170
5 243
5 261
5 272
5 319
5 427
5 441
6 17
6 60
6 65
6 81
6 111
6 131
6 133
6 148
6 149
6 153
6 218
6 225
6 237
6 262
6 269
6 301
6 366
6 368
6 414
6 418
6 466
7 23
7 39
7 45
7 49
7 114
7 118
7 221
7 241
7 260
7 336
7 386
7 390
7 407
7 413
7 418
7 456
7 458
7 476
7 501
8 29
8 95
8 109
8 113
8 122
8 147
8 223
8 246
8 277
8 284
8 299
8 324
8 328
8 337
8 363
8 369
8 402
8 475
8 492
8 498
8 505
9 21
9 41
9 49
9 75
9 77
9 80
9 90
9 108
9 111
9 129
9 133
9 172
9 198
9 309
9 348
9 366
9 371
9 474
9 506
9 511
10 14
10 113
10 151
10 174
10 207
10 211
10 247
10 373
10 382
10 383
10 384
11 30
11 46
11 102
11 159
11 179
11 204
11 261
11 309
11 312
11 369
11 373
11 386
11 428
11 435
11 483
11 505
12 78
12 81
12 153
12 212
12 214
12 240
12 279
12 289
12 348
12 350
12 390
12 391
12 402
12 410
12 482
13 22
13 152
13 206
13 220
13 272
13 274
13 303
13 356
13 394
13 438
13 457
13 486
13 488
14 59
14 67
14 106
14 159
14 187
14 194
14 240
14 303
14 336
14 389
14 397
14 398
14 427
14 455
14 484
15 37
15 55
15 94
15 95
15 108
15 111
15 163
15 201
15 268
15 283
15 287
15 290
15 367
15 406
15 456
15 458
15 477
15 483
16 78
16 124
16 172
16 218
16 305
16 370
16 373
16 412
16 414
16 424
16 442
16 468
16 478
17 25
17 31
17 80
17 191
17 196
17 341
17 354
17 367
17 402
17 439
17 442
18 52
18 92
18 99
18 153
18 263
18 312
18 330
18 343
18 349
18 371
18 400
18 450
18 456
18 459
18 463
18 487
19 40
19 82
19 125
19 205
19 221
19 225
19 283
19 297
19 308
19 311
19 342
19 360
19 440
19 496
20 36
20 123
20 179
20 265
20 279
20 301
20 304
20 324
20 331
20 398
20 399
20 410
20 431
20 473
20 486
20 492
20 507
21 65
21 99
21 111
21 138
21 148
21 219
21 303
21 324
21 326
21 430
21 469
21 471
21 489
21 495
21 498
22 39
22 78
22 91
22 103
22 127
22 157
22 174
22 175
22 224
22 232
22 234
22 247
22 253
22 256
22 310
22 327
22 365
22 387
23 46
23 70
23 120
23 121
23 131
23 142
23 187
23 231
23 260
23 268
23 273
23 286
23 337
23 341
23 447
23 471
23 483
23 485
23 488
24 75
24 162
24 166
24 179
24 223
24 294
24 331
24 339
24 343
24 466
25 49
25 69
25 184
25 201
25 262
25 332
25 334
25 338
25 340
25 355
25 379
25 425
25 433
25 436
25 441
25 493
26 57
26 70
26 73
26 75
26 153
26 196
26 216
26 248
26 269
26 298
26 301
26 310
26 359
26 399
26 415
26 474
26 496
27 33
27 43
27 56
27 96
27 98
27 102
27 157
27 213
27 215
27 216
27 241
27 285
27 333
27 361
27 362
27 376
27 396
27 461
28 43
28 81
28 94
28 124
28 156
28 159
28 161
28 170
28 200
28 333
28 337
28 431
28 445
28 497
28 504
29 52
29 58
29 144
29 150
29 241
29 244
29 273
29 279
29 280
29 300
29 309
29 330
29 339
29 351
29 357
29 361
29 373
29 408
29 432
29 482
29 492
30 31
30 150
30 167
30 228
30 294
30 347
30 351
30 360
30 389
30 393
30 399
30 445
31 87
31 89
31 103
31 121
31 146
31 262
31 294
31 339
31 353
31 364
31 400
31 454
31 475
31 484
32 58
32 149
32 185
32 186
32 219
32 222
32 246
32 254
32 258
32 273
32 373
32 441
32 450
32 472
32 492
33 80
33 105
33 121
33 135
33 201
33 216
33 233
33 255
33 344
33 345
33 375
33 405
34 72
34 163
34 279
34 350
34 392
34 428
34 457
34 475
34 499
34 506
35 64
35 75
35 113
35 114
35 167
35 170
35 184
35 273
35 328
35 385
35 418
35 432
36 39
36 49
36 70
36 72
36 75
36 88
36 98
36 102
36 103
36 110
36 129
36 150
36 194
36 243
36 277
36 332
36 345
36 460
36 502
36 506
37 42
37 100
37 115
37 200
37 237
37 268
37 276
37 279
37 291
37 345
37 385
37 480
37 507
38 40
38 43
38 93
38 110
38 176
38 196
38 200
38 247
38 253
38 292
38 295
38 298
38 329
38 382
38 405
38 421
38 424
38 477
38 480
38 486
38 488
39 72
39 83
39 87
39 100
39 170
39 214
39 224
39 261
39 273
39 288
39 318
39 391
39 397
39 415
39 416
39 450
39 452
39 465
39 470
39 478
40 75
40 79
40 109
40 121
40 145
40 158
40 287
40 356
40 389
40 447
41 97
41 117
41 131
41 184
41 217
41 219
41 313
41 336
41 377
41 448
42 58
42 72
42 78
42 85
42 128
42 138
42 181
42 187
42 342
42 362
42 371
42 393
42 411
42 435
42 468
42 484
42 488
42 492
43 67
43 73
43 154
43 194
43 196
43 199
43 217
43 231
43 252
43 284
43 312
43 384
43 404
44 70
44 114
44 122
44 195
44 210
44 212
44 281
44 284
44 319
44 325
44 329
44 344
44 401
44 454
44 470
45 83
45 102
45 123
45 133
45 161
45 191
45 293
45 350
45 372
45 379
45 381
45 435
45 449
45 462
45 475
46 83
46 105
46 114
46 152
46 183
46 213
46 261
46 376
46 429
46 455
47 59
47 83
47 121
47 126
47 257
47 275
47 322
47 338
47 357
47 386
47 464
47 498
48 49
48 145
48 184
48 209
48 247
48 253
48 283
48 286
48 293
48 323
48 350
48 363
48 412
48 458
48 467
48 491
48 494
49 55
49 108
49 117
49 308
49 322
49 328
49 335
49 347
49 374
49 399
49 415
49 416
49 439
49 445
50 58
50 92
50 163
50 228
50 236
50 246
50 355
50 368
50 373
50 390
50 406
50 414
51 105
51 130
51 195
51 198
51 208
51 215
51 244
51 259
51 262
51 303
51 327
51 328
51 334
51 346
51 451
51 503
52 95
52 105
52 143
52 185
52 187
52 192
52 256
52 283
52 291
52 294
52 316
52 360
52 372
52 461
53 80
53 142
53 151
53 202
53 215
53 250
53 313
53 332
53 367
53 410
53 417
53 447
53 454
54 72
54 76
54 79
54 127
54 161
54 183
54 192
54 206
54 249
54 317
54 370
54 402
54 450
54 498
54 502
54 503
55 81
55 96
55 112
55 118
55 167
55 243
55 280
55 287
55 326
55 339
55 361
55 372
55 385
55 396
55 421
55 448
55 456
55 505
56 67
56 88
56 165
56 201
56 240
56 248
56 261
56 262
56 267
56 270
56 293
56 301
56 307
56 315
56 349
56 394
56 424
57 192
57 204
57 222
57 224
57 231
57 297
57 306
57 311
57 323
57 349
57 383
57 384
57 397
57 402
57 407
57 435
57 502
58 59
58 62
58 90
58 92
58 121
58 173
58 197
58 225
58 228
58 284
58 285
58 379
58 402
58 468
58 471
58 496
58 502
59 85
59 104
59 105
59 189
59 222
59 239
59 369
59 458
59 489
59 494
60 73
60 74
60 122
60 142
60 164
60 167
60 217
60 222
60 289
60 344
60 363
60 367
60 390
60 416
60 432
61 94
61 105
61 185
61 191
61 275
61 278
61 344
61 414
61 459
61 496
62 64
62 164
62 203
62 216
62 265
62 273
62 289
62 310
62 416
62 423
62 458
62 494
63 103
63 163
63 203
63 262
63 269
63 288
63 321
63 343
63 372
63 388
63 391
63 432
63 444
63 452
63 477
63 493
64 74
64 122
64 203
64 212
64 222
64 240
64 308
64 320
64 365
64 397
64 434
65 112
65 124
65 151
65 216
65 219
65 224
65 238
65 251
65 290
65 315
65 349
65 383
65 405
65 443
65 485
66 83
66 100
66 131
66 162
66 174
66 399
66 434
66 440
66 511
67 94
67 126
67 127
67 159
67 168
67 228
67 248
67 260
67 262
67 282
67 317
67 437
67 483
67 503
68 170
68 184
68 185
68 260
68 313
68 334
68 384
68 387
68 469
68 510
69 84
69 114
69 156
69 208
69 304
69 320
69 345
69 361
69 375
69 377
69 397
70 74
70 83
70 128
70 133
70 157
70 170
70 226
70 295
70 298
70 321
70 369
70 390
70 393
70 450
71 115
71 258
71 312
71 329
71 338
71 341
71 377
71 409
71 432
71 487
72 76
72 94
72 95
72 99
72 192
72 214
72 218
72 244
72 278
72 296
72 356
72 412
72 436
72 492
73 77
73 79
73 80
73 86
73 112
73 149
73 161
73 178
73 213
73 234
73 245
73 289
73 307
73 342
73 381
73 386
73 392
73 404
73 441
73 499
74 105
74 123
74 125
74 180
74 196
74 212
74 279
74 317
74 325
74 340
74 348
74 360
74 372
74 380
74 454
74 457
74 489
74 490
75 104
75 112
75 141
75 166
75 167
75 188
75 194
75 201
75 209
75 225
75 278
75 279
75 313
75 412
75 426
75 452
75 509
76 89
76 105
76 108
76 166
76 200
76 251
76 299
76 300
76 302
76 305
76 334
76 343
76 373
76 375
76 395
76 433
76 466
77 81
77 130
77 152
77 167
77 227
77 236
77 239
77 274
77 508
78 114
78 219
78 320
78 336
78 387
78 426
78 441
78 444
78 466
78 486
78 506
79 133
79 189
79 200
79 208
79 243
79 274
79 291
79 363
79 373
79 435
79 476
80 82
80 100
80 118
80 189
80 263
80 316
80 339
80 422
80 474
80 509
81 87
81 116
81 128
81 141
81 155
81 211
81 236
81 263
81 282
81 295
81 332
81 426
82 88
82 100
82 121
82 201
82 203
82 213
82 220
82 247
82 254
82 275
82 306
82 330
82 338
82 343
82 355
82 358
82 386
82 389
82 431
82 509
83 108
83 113
83 148
83 152
83 166
83 191
83 223
83 250
83 277
83 347
83 352
83 368
83 430
83 439
83 468
83 474
83 482
84 127
84 210
84 254
84 286
84 304
84 341
84 344
84 359
84 375
84 378
84 412
84 416
84 418
84 431
85 142
85 182
85 214
85 243
85 248
85 259
85 261
85 319
85 345
85 386
85 397
85 400
85 427
85 459
85 489
86 95
86 229
86 278
86 288
86 338
86 354
86 366
86 377
86 480
87 99
87 210
87 228
87 240
87 244
87 252
87 331
87 390
87 405
87 413
87 445
87 473
87 505
87 509
88 102
88 127
88 218
88 224
88 242
88 268
88 287
88 295
88 312
88 363
88 424
88 447
89 179
89 223
89 276
89 277
89 343
89 372
89 404
89 463
89 465
90 128
90 130
90 142
90 146
90 174
90 214
90 236
90 270
90 298
90 392
90 469
90 500
91 97
91 125
91 133
91 161
91 197
91 211
91 225
91 291
91 305
91 317
91 319
91 323
91 334
91 369
91 378
91 384
91 406
91 426
91 450
92 115
92 122
92 196
92 203
92 228
92 238
92 270
92 311
92 356
92 433
92 482
92 483
93 102
93 111
93 116
93 134
93 138
93 203
93 233
93 258
93 283
93 426
93 454
93 473
93 498
94 96
94 137
94 165
94 288
94 327
94 355
94 362
94 394
94 421
94 431
94 446
94 472
94 476
95 155
95 192
95 257
95 286
95 348
95 369
95 437
95 490
95 494
96 133
96 157
96 178
96 203
96 215
96 244
96 288
96 366
96 405
96 437
96 458
96 497
97 244
97 255
97 267
97 320
97 330
97 373
97 436
97 448
97 468
97 486
97 496
98 110
98 130
98 196
98 210
98 230
98 266
98 326
98 328
98 365
98 387
98 390
98 460
98 468
99 111
99 114
99 120
99 239
99 245
99 302
99 309
99 338
99 417
99 429
99 430
99 453
100 107
100 122
100 160
100 176
100 228
100 235
100 244
100 302
100 314
100 337
100 340
100 401
100 404
100 429
100 436
100 473
100 507
101 156
101 167
101 176
101 211
101 230
101 233
101 241
101 247
101 264
101 281
101 301
101 316
101 356
101 375
102 107
102 144
102 166
102 217
102 248
102 305
102 329
102 408
102 422
102 441
102 465
102 507
103 148
103 201
103 208
103 216
103 230
103 278
103 285
103 307
103 362
103 386
103 396
103 401
103 429
103 454
103 455
104 168
104 199
104 248
104 256
104 264
104 283
104 298
104 300
104 318
104 339
104 379
104 395
104 396
104 400
104 409
104 502
105 158
105 181
105 186
105 196
105 240
105 246
105 348
105 353
105 364
105 383
105 446
105 455
105 486
105 500
106 122
106 127
106 145
106 178
106 221
106 243
106 267
106 279
106 288
106 334
106 335
106 398
106 402
106 458
106 484
107 133
107 134
107 267
107 273
107 324
107 326
107 333
107 388
107 470
107 503
107 505
107 507
108 173
108 186
108 189
108 197
108 211
108 235
108 236
108 248
108 289
108 306
108 313
108 332
108 368
108 408
108 420
108 442
109 114
109 144
109 335
109 340
109 341
109 372
109 394
109 413
109 419
109 480
110 144
110 151
110 220
110 264
110 311
110 331
110 347
110 406
110 479
110 487
110 505
110 510
111 119
111 129
111 145
111 155
111 226
111 229
111 230
111 236
111 258
111 262
111 277
111 336
111 339
111 350
111 361
111 390
111 417
111 418
112 189
112 210
112 222
112 250
112 264
112 291
112 293
112 300
112 302
112 357
112 378
112 491
113 117
113 158
113 191
113 218
113 233
113 245
113 254
113 303
113 310
113 312
113 318
113 336
113 421
113 437
113 461
114 139
114 147
114 163
114 195
114 196
114 233
114 237
114 273
114 352
114 414
114 427
114 510
115 125
115 141
115 143
115 183
115 226
115 228
115 233
115 253
115 279
115 281
115 284
115 285
115 314
115 315
115 367
115 408
115 410
115 440
115 451
115 471
115 483
115 502
115 507
116 192
116 194
116 246
116 275
116 277
116 280
116 297
116 346
116 371
116 479
116 483
116 499
117 144
117 153
117 187
117 287
117 293
117 310
117 339
117 354
117 356
117 365
117 395
117 414
117 418
117 428
117 436
117 451
118 190
118 196
118 274
118 337
118 397
118 429
118 430
118 431
118 462
119 144
119 155
119 216
119 233
119 248
119 264
119 309
119 316
119 320
119 340
119 353
119 380
119 396
119 406
119 412
119 458
120 142
120 159
120 308
120 360
120 380
120 444
120 450
120 492
121 140
121 153
121 155
121 168
121 183
121 192
121 308
121 353
121 356
121 374
121 379
121 382
121 438
121 471
121 511
122 141
122 157
122 231
122 254
122 268
122 289
122 316
122 360
122 362
122 368
122 370
122 375
122 384
122 429
122 443
122 479
123 155
123 180
123 197
123 218
123 257
123 308
123 332
123 377
123 397
123 414
123 415
123 419
123 421
123 445
123 450
124 127
124 338
124 350
124 369
124 373
124 497
125 181
125 217
125 291
125 345
125 398
125 410
125 416
125 417
125 422
126 136
126 167
126 175
126 324
126 429
126 504
127 136
127 265
127 272
127 310
127 313
127 364
127 392
127 393
127 397
127 451
127 495
127 501
128 146
128 197
128 212
128 253
128 307
128 355
128 373
128 379
128 384
128 437
128 480
129 253
129 310
129 364
129 395
129 403
129 431
129 434
129 457
129 471
129 475
129 491
129 496
129 498
130 137
130 155
130 177
130 218
130 237
130 248
130 330
130 358
130 368
130 393
130 400
130 405
130 418
130 449
130 451
130 459
130 466
130 480
130 494
131 212
131 268
131 272
131 285
131 301
131 303
131 375
131 423
131 442
131 472
132 167
132 177
132 190
132 233
132 240
132 243
132 257
132 259
132 321
132 325
132 351
132 380
132 390
132 395
132 410
132 439
133 136
133 169
133 178
133 207
133 242
133 255
133 262
133 304
133 305
133 330
133 384
133 409
133 422
133 447
133 452
133 466
134 138
134 148
134 164
134 180
134 189
134 204
134 233
134 252
134 256
134 331
134 426
134 428
134 459
134 495
134 509
134 511
135 203
135 213
135 216
135 229
135 238
135 276
135 292
135 319
135 333
135 340
135 399
135 418
135 423
135 448
135 459
135 473
136 144
136 152
136 179
136 220
136 230
136 232
136 254
136 280
136 297
136 350
136 379
136 421
136 468
137 164
137 210
137 239
137 283
137 288
137 301
137 355
137 358
138 150
138 165
138 237
138 256
138 269
138 279
138 306
138 340
138 341
138 357
138 397
138 442
138 489
138 499
139 144
139 166
139 186
139 250
139 258
139 312
139 363
139 370
139 397
139 446
139 449
139 467
140 160
140 177
140 207
140 223
140 233
140 247
140 256
140 336
140 376
140 438
140 462
140 477
141 196
141 211
141 234
141 253
141 255
141 279
141 292
141 303
141 310
141 311
141 339
142 157
142 168
142 197
142 246
142 286
142 294
142 307
142 324
142 342
142 388
142 429
142 434
143 170
143 213
143 246
143 260
143 271
143 301
143 421
143 451
143 463
143 482
144 203
144 305
144 307
144 345
144 351
144 401
144 405
144 433
144 472
144 476
145 160
145 161
145 212
145 335
145 351
145 384
145 385
145 457
145 480
145 483
146 183
146 195
146 236
146 273
146 337
146 357
146 401
146 438
147 159
147 188
147 252
147 276
147 322
147 344
147 368
147 399
147 407
147 414
147 420
147 463
147 465
148 161
148 165
148 214
148 239
148 290
148 329
148 343
148 364
148 383
148 386
148 426
148 445
148 458
148 471
149 162
149 190
149 210
149 261
149 423
149 486
150 165
150 176
150 335
150 349
150 361
150 372
150 422
150 458
150 493
150 498
151 178
151 201
151 234
151 263
151 274
151 293
151 342
151 365
151 387
151 414
152 185
152 187
152 250
152 284
152 373
152 403
152 412
152 474
152 483
152 496
152 502
153 179
153 206
153 220
153 273
153 296
153 300
153 332
153 378
153 404
153 420
153 460
153 469
153 491
154 182
154 354
154 374
154 385
154 393
154 420
154 425
154 457
154 458
154 497
155 303
155 361
155 416
155 426
155 441
155 452
155 483
155 511
156 159
156 170
156 195
156 212
156 249
156 268
156 272
156 365
156 421
156 468
157 230
157 343
157 491
158 174
158 184
158 199
158 250
158 278
158 280
158 309
158 354
158 359
158 464
159 213
159 226
159 240
159 249
159 324
159 326
159 337
159 345
159 365
159 385
159 390
159 408
159 467
160 226
160 245
160 257
160 260
160 297
160 316
160 321
160 380
160 412
160 420
160 441
161 203
161 221
161 231
161 336
161 347
161 469
161 492
162 181
162 183
162 194
162 278
162 328
162 355
162 401
162 407
162 434
162 467
162 497
163 170
163 176
163 181
163 201
163 210
163 231
163 243
163 266
163 298
163 310
163 370
163 448
163 449
163 462
164 189
164 213
164 254
164 268
164 333
164 395
164 408
164 451
164 475
165 203
165 276
165 296
165 406
165 414
165 432
165 443
165 468
165 478
165 487
166 169
166 174
166 177
166 226
166 267
166 307
166 312
166 340
166 344
166 354
166 449
166 458
166 476
167 279
167 293
167 305
167 359
167 365
167 397
167 405
167 430
167 450
168 208
168 320
168 344
168 355
168 372
168 389
168 408
168 409
168 417
168 448
169 187
169 217
169 245
169 257
169 367
169 427
169 496
170 191
170 203
170 242
170 260
170 271
170 326
170 336
170 391
170 479
170 482
170 491
171 208
171 212
171 248
171 351
171 360
171 408
171 431
171 439
171 498
172 176
172 206
172 282
172 287
172 297
172 299
172 320
172 360
172 363
172 371
172 380
172 389
172 395
172 443
172 460
172 481
173 183
173 303
173 327
173 368
173 386
173 436
173 460
173 471
173 479
173 492
174 182
174 184
174 200
174 222
174 233
174 376
174 405
174 407
174 412
174 471
174 486
175 269
175 327
175 331
175 409
175 415
175 420
175 426
175 429
175 430
175 490
175 494
176 195
176 197
176 218
176 221
176 260
176 285
176 292
176 296
176 303
176 340
176 355
176 369
176 396
176 454
177 213
177 215
177 217
177 238
177 265
177 302
177 365
177 403
177 455
177 462
178 228
178 245
178 279
178 306
178 327
178 366
178 367
178 397
178 415
178 454
178 466
178 478
178 508
179 206
179 228
179 260
179 317
179 407
179 468
179 484
180 181
180 186
180 225
180 270
180 280
180 311
180 312
180 314
180 328
180 423
180 472
181 196
181 228
181 235
181 236
181 243
181 296
181 305
181 343
181 373
181 377
181 391
181 396
181 450
181 453
181 492
181 493
182 186
182 201
182 232
182 266
182 319
182 349
182 362
182 386
182 441
182 461
182 462
182 508
182 509
183 229
183 250
183 272
183 274
183 292
183 322
183 369
183 394
183 405
183 411
183 413
183 453
183 461
183 468
184 208
184 215
184 234
184 258
184 260
184 287
184 291
184 319
184 320
184 336
184 351
184 361
184 373
184 429
184 459
185 199
185 267
185 304
185 377
185 423
185 473
185 486
185 488
185 489
186 189
186 211
186 215
186 218
186 219
186 330
186 333
186 354
186 390
187 200
187 208
187 237
187 320
187 338
187 387
187 412
187 446
187 456
188 222
188 230
188 234
188 241
188 259
188 335
188 375
188 440
188 443
188 457
189 235
189 257
189 264
189 280
189 363
189 426
189 469
189 493
190 214
190 251
190 254
190 304
190 325
190 402
190 404
190 408
190 410
190 497
191 201
191 317
191 334
191 378
191 409
191 412
191 479
191 499
191 506
192 210
192 266
192 337
192 369
192 389
192 394
192 412
192 473
193 229
193 241
193 267
193 306
193 348
193 356
193 360
193 364
193 420
193 430
193 445
193 460
194 199
194 315
194 317
194 429
194 488
194 496
195 238
195 239
195 345
195 416
195 419
195 468
195 478
195 481
195 489
196 250
196 257
196 263
196 289
196 365
196 368
196 414
196 501
197 198
197 215
197 248
197 250
197 253
197 270
197 291
197 302
197 324
197 391
197 453
197 501
197 507
198 333
198 352
198 399
198 446
198 455
198 484
199 309
199 343
199 372
199 377
199 389
199 434
199 435
199 456
199 476
200 206
200 245
200 292
200 317
200 346
200 388
200 473
200 493
201 210
201 296
201 326
201 471
201 491
201 502
202 276
202 352
202 375
202 387
202 431
202 434
202 472
203 215
203 258
203 260
203 305
203 348
203 480
204 225
204 249
204 254
204 281
204 289
204 290
204 340
204 343
204 351
204 362
204 371
204 402
204 433
204 451
204 452
204 480
204 483
204 497
205 215
205 222
205 243
205 319
205 426
205 432
205 434
205 448
205 449
205 460
206 212
206 266
206 277
206 358
206 364
206 368
206 380
206 404
206 412
206 486
207 223
207 254
207 260
207 278
207 280
207 308
207 309
207 323
207 406
207 407
207 463
207 493
207 508
208 219
208 234
208 346
208 357
208 411
208 434
208 442
208 456
208 480
208 488
208 496
209 212
209 262
209 289
209 350
209 368
209 372
209 396
209 436
209 445
209 470
209 483
209 509
210 269
210 281
210 291
210 335
210 357
210 383
210 403
210 430
210 434
210 442
210 483
211 292
211 319
211 326
211 437
211 447
211 460
211 478
211 479
212 220
212 221
212 239
212 301
212 327
212 383
212 421
212 489
212 507
213 377
213 417
213 427
213 479
214 281
214 333
214 396
214 463
214 465
214 479
214 488
215 226
215 230
215 295
215 324
215 326
215 406
215 408
215 426
215 460
215 466
216 228
216 386
216 427
216 453
216 460
216 467
216 476
216 506
217 284
217 385
217 454
218 282
218 287
218 294
218 405
218 459
218 482
218 501
219 272
219 276
219 278
219 302
219 304
219 305
219 309
219 340
219 406
219 410
219 416
219 428
219 463
220 266
220 375
220 385
220 391
220 452
220 471
220 477
221 280
221 363
221 409
221 439
221 464
221 471
221 478
221 505
222 223
222 230
222 277
222 311
222 474
222 480
223 246
223 325
223 367
223 395
223 447
223 459
223 481
224 230
224 271
224 274
224 282
224 304
224 344
224 361
224 447
224 461
224 494
224 496
224 507
225 236
225 301
225 330
225 393
225 398
225 454
225 471
225 476
226 229
226 245
226 328
226 329
226 339
226 357
226 364
226 438
226 462
227 276
227 352
227 416
227 440
227 488
227 506
228 235
228 251
228 282
228 303
228 329
228 377
228 437
228 498
229 278
229 342
229 392
229 426
229 462
229 480
229 492
229 497
230 397
230 432
230 435
230 438
230 450
230 479
230 488
230 489
230 507
231 253
231 265
231 280
231 337
231 463
232 357
232 376
232 445
232 448
233 312
233 375
233 392
233 402
233 412
233 450
233 471
233 473
233 496
234 245
234 311
234 318
234 346
234 354
234 380
234 412
234 420
234 509
235 251
235 260
235 304
235 315
235 325
235 328
235 453
236 297
236 303
236 399
236 419
236 459
236 490
237 265
237 281
237 298
237 300
237 338
237 393
237 410
237 454
237 480
237 484
238 280
238 303
238 337
238 355
238 378
238 472
238 474
238 479
239 258
239 284
239 287
239 306
239 347
239 373
239 409
239 426
239 455
239 462
239 469
239 471
239 510
240 246
240 271
240 290
240 297
240 314
240 318
240 342
240 349
240 370
240 429
240 430
240 443
240 484
241 259
241 296
241 298
241 378
241 427
242 274
242 294
242 380
242 396
242 443
242 469
242 476
242 508
243 258
243 309
243 345
243 354
243 372
243 412
243 441
244 249
244 323
244 338
244 402
244 444
244 475
244 488
244 489
244 498
245 307
245 310
245 316
245 364
245 385
245 390
245 393
245 394
245 458
246 258
246 265
246 282
246 348
246 352
246 368
246 370
246 377
246 402
246 404
246 418
246 449
247 255
247 264
247 268
247 272
247 290
247 317
247 330
247 375
247 380
247 382
247 434
247 467
247 486
247 492
247 510
248 314
248 315
248 359
248 412
248 420
248 476
248 498
249 286
249 394
249 412
249 415
249 470
249 487
249 509
250 262
250 270
250 274
250 313
250 347
250 353
250 363
250 382
250 444
251 271
251 314
251 333
251 352
251 395
251 411
251 436
251 481
251 511
252 283
252 284
252 291
252 340
252 463
252 471
253 270
253 346
253 348
253 364
253 367
253 368
253 507
254 374
254 426
254 448
254 477
255 320
255 369
255 413
255 430
255 488
255 507
256 261
256 280
256 283
256 360
256 397
256 421
256 503
257 259
257 323
257 331
257 336
257 355
257 398
257 413
257 422
257 437
257 440
258 299
258 301
258 352
258 379
258 390
258 435
259 271
259 282
259 297
259 322
259 394
259 417
259 427
259 441
259 473
260 304
260 362
260 370
260 415
261 340
261 380
261 425
261 437
262 312
262 412
262 501
263 313
263 386
263 393
263 402
263 415
263 443
263 463
263 484
263 496
263 510
264 271
264 334
264 338
264 373
264 389
264 410
264 477
265 266
265 271
265 323
265 346
265 365
265 386
265 412
266 351
266 358
266 387
266 397
266 431
266 444
266 462
266 507
267 290
267 316
267 339
267 348
267 398
267 416
267 419
267 437
267 479
267 491
267 507
268 299
268 373
268 375
268 397
268 435
268 444
268 458
268 478
268 490
269 294
269 337
269 393
269 456
269 466
269 469
269 483
270 308
270 355
270 404
270 430
270 457
270 465
270 491
270 506
271 305
271 324
271 381
271 400
271 403
271 405
271 411
271 441
272 309
272 336
272 371
272 437
272 449
272 486
272 493
273 276
273 322
273 339
273 392
273 420
273 456
274 306
274 345
274 351
274 376
274 439
274 457
274 458
274 492
274 497
275 392
275 400
275 405
275 455
275 472
275 479
275 511
276 302
276 324
276 431
276 433
276 453
276 460
276 486
276 509
277 279
277 298
277 318
277 407
277 411
277 485
277 492
278 288
278 293
278 300
278 314
278 337
278 363
278 376
278 377
278 383
278 388
278 395
278 428
278 455
278 460
278 461
278 507
279 322
279 334
279 405
279 508
280 331
280 336
280 381
280 415
280 477
280 478
281 322
281 349
281 373
281 392
281 425
281 479
281 482
281 493
281 506
282 291
282 295
282 318
282 329
282 425
282 444
282 459
282 476
282 479
283 287
283 300
283 308
283 343
283 350
283 394
283 414
283 418
283 438
283 459
283 468
283 478
283 479
283 498
283 501
283 507
284 293
284 356
284 422
284 447
284 450
284 471
284 494
285 320
285 375
285 461
285 462
286 295
286 304
286 315
286 336
286 366
286 371
286 378
286 384
286 388
286 409
286 490
286 500
287 293
287 299
287 345
287 431
287 445
287 448
287 464
288 322
288 333
288 338
288 371
288 458
288 479
288 492
288 506
288 511
289 351
289 360
289 364
289 381
289 395
289 428
289 442
289 482
289 510
290 306
290 318
290 360
290 403
290 417
290 422
290 495
290 505
291 317
291 322
291 347
291 398
291 407
291 413
291 455
291 470
291 503
292 316
292 367
292 374
292 395
292 433
292 506
292 507
293 327
293 379
293 394
293 412
293 448
293 508
294 370
294 449
294 451
295 357
295 410
295 435
295 442
295 448
295 454
295 463
295 505
296 328
296 362
296 376
296 393
297 360
297 456
297 504
298 373
298 374
298 396
298 398
298 441
298 461
299 320
299 340
299 371
299 391
300 434
300 491
301 359
301 424
301 444
301 451
301 486
302 309
302 346
302 449
303 328
303 374
303 428
303 451
303 453
303 458
303 481
303 501
304 338
304 344
304 347
304 354
304 361
304 374
304 474
305 322
305 344
305 358
305 367
305 411
305 413
306 321
306 322
306 330
306 378
306 443
306 460
307 308
307 377
307 399
307 475
308 314
308 343
308 375
308 448
308 453
309 328
309 342
309 431
309 473
309 482
309 502
309 503
310 354
310 375
310 393
310 417
310 473
310 480
311 314
311 330
311 348
311 416
311 434
311 473
311 483
311 499
312 342
312 368
312 374
312 383
312 404
312 415
312 488
313 355
313 377
313 406
313 433
313 449
314 389
314 400
314 427
314 453
314 459
314 472
314 474
314 477
314 488
315 356
315 366
315 387
315 413
315 491
315 508
316 324
316 429
316 456
316 464
317 345
317 368
317 398
317 425
317 483
317 507
318 337
318 357
318 423
319 353
319 361
319 382
319 383
319 439
319 442
319 465
319 471
319 492
320 381
320 385
320 395
320 398
320 478
320 506
321 358
321 444
321 464
321 489
322 350
322 351
322 364
322 383
322 410
322 422
323 420
324 329
324 403
324 432
324 440
324 494
324 504
324 511
325 336
325 345
325 409
325 463
325 469
326 491
327 332
327 354
327 371
327 392
327 467
327 499
328 329
328 387
328 393
328 460
328 461
329 355
329 392
329 408
329 438
329 441
329 456
329 468
329 482
329 510
330 444
330 500
330 508
331 370
331 473
331 477
332 370
332 371
332 380
332 399
332 439
333 371
333 412
333 433
333 457
333 492
333 510
334 335
334 336
334 404
334 451
334 472
334 482
334 488
335 361
335 398
335 410
335 412
335 463
336 467
337 358
337 362
337 372
337 373
337 375
337 419
337 441
337 472
337 483
337 487
337 494
338 343
338 387
338 400
338 401
338 421
338 446
338 465
338 501
339 386
339 421
339 427
339 480
339 486
340 378
340 459
340 480
340 490
340 492
341 400
341 405
341 422
341 426
341 438
341 476
342 366
342 368
342 382
342 430
342 465
342 474
343 357
343 436
343 437
343 440
343 462
344 348
344 357
344 386
344 393
344 407
344 481
344 488
345 360
345 362
345 371
345 394
345 443
345 474
345 505
346 363
346 489
347 381
347 414
347 447
347 500
348 390
348 414
348 421
348 486
349 374
349 389
349 419
349 468
349 498
350 379
350 410
350 420
350 423
350 455
350 479
351 424
351 440
351 445
352 353
352 359
352 386
352 394
352 400
352 444
352 453
352 492
353 370
353 425
353 431
353 437
354 355
354 370
354 379
354 431
354 446
354 463
354 507
355 378
355 401
355 430
355 454
356 364
356 367
356 381
356 431
356 453
356 455
356 496
357 385
357 450
358 424
358 436
359 397
359 465
359 468
359 507
360 386
360 412
360 426
360 470
360 472
360 505
361 390
361 460
361 508
362 364
362 374
362 407
362 467
362 480
363 390
363 415
363 447
363 462
364 391
364 463
364 488
365 445
365 467
366 385
366 416
367 401
367 403
367 406
367 463
367 497
368 372
368 377
368 470
369 377
369 411
369 427
369 441
369 496
370 412
370 439
370 469
370 492
371 407
372 394
372 421
372 448
372 463
372 489
372 508
373 402
373 404
373 421
373 447
373 480
374 375
374 380
374 395
374 412
374 421
374 424
374 442
374 465
374 488
374 508
375 465
375 502
375 504
376 383
376 396
376 399
376 414
376 486
377 446
377 474
377 494
377 510
378 395
378 451
378 460
378 487
379 397
379 410
379 443
379 469
379 486
379 488
379 505
379 507
380 492
380 495
381 459
381 509
382 445
382 468
382 477
383 425
383 432
383 451
383 454
383 480
383 495
383 503
384 386
384 396
385 388
385 416
385 489
385 493
385 500
385 506
386 397
386 430
386 475
386 490
386 492
386 504
386 506
387 400
387 446
387 469
387 511
388 389
388 509
389 412
389 470
390 406
390 425
390 453
390 457
390 463
390 501
391 436
391 448
391 452
391 457
391 489
392 396
392 426
392 429
392 456
392 476
393 427
393 456
393 508
394 397
394 431
394 443
394 468
394 495
395 444
395 450
395 451
395 470
395 476
395 480
395 497
396 412
396 414
396 416
396 430
396 436
396 453
396 465
397 468
397 491
398 404
398 414
398 441
398 502
399 509
400 403
400 409
400 458
401 442
401 454
402 408
402 410
402 443
402 453
402 493
402 498
402 500
403 428
403 447
404 451
404 456
404 477
405 475
406 430
407 443
407 444
407 483
407 506
408 442
408 445
408 482
408 487
409 449
409 478
409 480
410 456
410 502
411 421
411 445
411 455
411 502
411 507
412 501
413 423
413 425
413 438
413 477
413 492
413 509
414 476
415 446
415 449
415 451
415 493
416 451
416 465
416 473
417 434
417 466
417 497
418 419
418 439
419 428
419 479
419 493
419 504
420 464
421 427
421 447
421 473
422 423
422 438
422 506
423 426
423 436
423 464
424 460
424 483
424 503
424 504
425 434
425 443
425 483
425 489
425 498
426 435
426 441
426 451
427 487
427 505
427 506
428 439
428 493
429 460
429 497
430 431
430 473
430 497
430 501
430 506
431 432
431 448
431 494
432 492
432 508
434 493
434 494
435 448
436 442
436 454
436 474
436 479
436 486
437 465
437 500
438 456
438 470
440 460
440 498
441 469
441 490
442 447
442 449
442 453
442 455
442 491
442 492
443 456
444 468
444 470
445 453
445 458
445 489
446 475
446 482
447 507
448 463
448 472
449 486
449 499
449 504
450 476
450 506
451 484
451 506
454 463
454 486
454 488
455 475
455 483
455 511
456 468
456 473
456 481
457 475
457 476
457 491
458 477
458 504
459 477
460 477
461 488
463 467
463 503
464 479
464 490
465 504
466 471
467 491
470 505
470 511
471 493
472 491
472 492
473 475
473 483
473 507
474 499
476 490
476 505
477 505
479 492
479 505
480 486
480 496
481 498
482 497
482 504
483 484
483 491
483 507
485 495
485 510
487 502
490 504
493 494
493 509
496 500
497 499
497 505
497 511
498 499
