0 77
0 125
0 154
0 190
0 382
0 684
0 744
0 863
0 872
1 7
1 51
1 54
1 68
1 78
1 82
1 106
1 195
1 385
1 456
1 571
1 890
1 905
1 909
1 989
1 1002
1 1010
2 26
2 36
2 126
2 166
2 185
2 198
2 217
2 226
2 245
2 311
2 410
2 470
2 472
2 519
2 551
2 693
2 728
2 757
2 799
2 841
2 895
2 896
2 957
3 65
3 96
3 250
3 257
3 479
3 509
3 594
3 617
3 709
3 750
3 817
3 869
3 890
3 899
3 958
4 19
4 53
4 177
4 297
4 342
4 393
4 661
4 732
4 785
4 959
4 972
5 32
5 52
5 114
5 132
5 136
5 160
5 388
5 408
5 472
5 521
5 548
5 660
5 666
5 682
5 719
5 727
5 788
5 828
5 836
5 957
5 989
6 34
6 192
6 251
6 317
6 567
6 605
6 660
6 670
6 694
6 793
6 796
6 864
6 869
7 199
7 244
7 269
7 301
7 337
7 340
7 378
7 389
7 412
7 513
7 524
7 530
7 591
7 606
7 726
7 772
7 853
7 877
7 881
7 921
7 952
7 979
7 997
8 37
8 215
8 255
8 258
8 299
8 396
8 641
8 710
8 878
8 921
8 971
8 990
8 1019
9 141
9 204
9 220
9 253
9 267
9 304
9 316
9 367
9 482
9 484
9 511
9 666
9 707
9 826
9 862
9 928
9 1002
10 18
10 46
10 83
10 190
10 198
10 219
10 237
10 437
10 526
10 641
10 672
10 692
10 708
10 765
11 71
11 152
11 256
11 290
11 323
11 329
11 390
11 412
11 498
11 511
11 562
11 692
11 808
11 837
11 840
12 38
12 73
12 194
12 200
12 211
12 267
12 360
12 544
12 558
12 579
12 582
12 689
12 780
12 860
12 905
12 949
12 968
12 1001
13 27
13 58
13 167
13 173
13 244
13 295
13 350
13 463
13 557
13 662
13 731
13 893
13 906
14 79
14 136
14 166
14 199
14 210
14 316
14 339
14 381
14 391
14 760
14 838
14 877
14 897
15 142
15 187
15 272
15 307
15 403
15 541
15 571
15 594
15 618
15 804
15 808
15 983
15 989
15 1014
16 145
16 189
16 222
16 256
16 326
16 578
16 599
16 807
16 839
16 894
16 934
16 1012
16 1022
17 28
17 59
17 232
17 271
17 299
17 380
17 409
17 608
17 664
17 723
17 726
17 749
17 859
17 866
17 910
18 43
18 76
18 109
18 142
18 255
18 347
18 420
18 425
18 499
18 555
18 674
18 685
18 772
18 773
18 886
18 968
18 1007
19 105
19 124
19 314
19 503
19 526
19 582
19 760
19 809
19 902
19 934
19 954
19 983
19 1022
20 308
20 311
20 319
20 368
20 701
20 738
20 791
20 907
20 977
21 30
21 93
21 169
21 189
21 197
21 285
21 326
21 695
21 723
21 756
21 758
21 844
21 938
21 972
22 62
22 189
22 209
22 341
22 439
22 440
22 449
22 459
22 482
22 522
22 534
22 593
22 698
22 783
22 809
22 810
22 886
22 915
23 116
23 133
23 186
23 435
23 589
23 782
23 783
23 880
24 123
24 396
24 470
24 476
24 528
24 566
24 590
24 666
24 685
24 698
24 705
24 753
24 754
24 902
24 1014
25 177
25 207
25 264
25 363
25 426
25 525
25 622
25 776
25 794
25 879
25 978
26 29
26 41
26 177
26 250
26 274
26 405
26 411
26 451
26 568
26 852
26 873
26 879
26 979
26 997
27 112
27 114
27 204
27 260
27 369
27 405
27 600
27 666
27 688
27 700
27 732
27 746
27 750
27 820
27 826
27 840
27 865
27 884
27 927
27 1001
27 1018
28 41
28 71
28 153
28 242
28 271
28 363
28 368
28 388
28 416
28 546
28 661
28 796
28 870
28 875
28 922
28 1012
28 1014
29 162
29 163
29 188
29 220
29 236
29 324
29 342
29 438
29 846
30 43
30 51
30 81
30 156
30 293
30 352
30 569
30 571
30 605
30 663
30 690
30 728
30 864
30 980
31 236
31 245
31 295
31 358
31 361
31 385
31 411
31 496
31 506
31 513
31 574
31 646
31 650
31 657
31 664
31 766
32 42
32 52
32 81
32 88
32 134
32 150
32 380
32 491
32 576
32 616
32 916
32 974
33 35
33 72
33 78
33 84
33 119
33 234
33 262
33 298
33 471
33 506
33 507
33 513
33 618
33 666
33 710
33 865
33 870
33 925
33 961
33 995
33 1013
34 59
34 99
34 110
34 113
34 115
34 122
34 207
34 277
34 371
34 393
34 488
34 649
34 663
34 673
34 903
34 908
34 966
34 985
34 989
34 1003
35 44
35 152
35 165
35 180
35 210
35 230
35 296
35 303
35 521
35 770
35 804
35 888
35 927
35 932
35 998
36 45
36 92
36 112
36 129
36 152
36 217
36 249
36 397
36 457
36 461
36 563
36 571
36 594
36 686
36 811
36 851
36 883
36 974
36 1000
37 62
37 74
37 96
37 98
37 138
37 269
37 298
37 434
37 622
37 675
37 696
37 699
37 808
37 841
37 847
37 935
37 960
37 981
38 137
38 138
38 149
38 201
38 310
38 331
38 365
38 439
38 477
38 585
38 602
38 673
38 686
38 722
38 822
38 968
39 186
39 250
39 338
39 369
39 638
39 641
39 667
39 673
39 942
39 998
40 41
40 164
40 184
40 199
40 210
40 259
40 260
40 277
40 357
40 611
40 619
40 791
40 900
40 957
40 996
41 44
41 49
41 304
41 336
41 405
41 555
41 577
42 136
42 228
42 244
42 257
42 401
42 416
42 627
42 760
42 780
42 840
42 880
43 106
43 143
43 145
43 161
43 165
43 213
43 288
43 301
43 348
43 393
43 394
43 466
43 574
43 591
43 619
43 661
43 687
43 735
43 750
43 771
43 791
43 971
44 113
44 120
44 127
44 140
44 218
44 287
44 356
44 530
44 675
44 796
44 797
44 819
44 832
44 840
44 849
44 852
44 869
44 890
44 927
45 62
45 92
45 99
45 110
45 171
45 184
45 245
45 260
45 370
45 475
45 649
45 658
45 738
45 865
45 886
45 977
46 130
46 160
46 187
46 257
46 313
46 329
46 465
46 466
46 668
46 682
46 791
46 815
46 888
47 95
47 97
47 217
47 289
47 357
47 404
47 429
47 499
47 634
47 660
47 671
47 753
47 872
47 894
48 283
48 307
48 355
48 422
48 451
48 456
48 472
48 473
48 534
48 547
48 586
48 729
48 909
49 87
49 94
49 278
49 416
49 429
49 471
49 500
49 601
49 614
49 687
49 720
50 152
50 257
50 366
50 578
50 709
50 754
50 756
50 837
50 842
50 920
50 929
51 68
51 89
51 99
51 100
51 103
51 121
51 148
51 165
51 266
51 284
51 334
51 457
51 631
51 644
51 755
51 885
51 904
51 924
51 966
52 69
52 167
52 246
52 445
52 497
52 572
52 645
52 752
52 782
52 784
52 787
52 919
52 973
53 93
53 101
53 180
53 391
53 430
53 451
53 490
53 504
53 513
53 601
53 708
53 838
53 839
53 846
53 992
53 1018
54 161
54 346
54 358
54 522
54 573
54 764
54 809
54 814
54 817
54 882
54 955
54 976
55 68
55 109
55 262
55 289
55 352
55 512
55 533
55 549
55 607
55 686
55 816
55 877
55 908
55 964
56 68
56 74
56 238
56 370
56 491
56 512
56 631
56 647
56 866
56 1019
57 140
57 157
57 195
57 225
57 304
57 355
57 367
57 405
57 410
57 536
57 702
57 762
57 782
57 827
57 839
57 890
57 967
57 1002
58 80
58 170
58 242
58 252
58 287
58 375
58 391
58 480
58 505
58 649
58 718
58 721
58 751
58 837
58 853
58 913
58 930
58 950
59 65
59 90
59 110
59 111
59 143
59 225
59 375
59 383
59 485
59 647
59 712
59 851
59 859
59 894
59 965
60 98
60 102
60 104
60 203
60 214
60 272
60 280
60 311
60 314
60 365
60 448
60 566
60 589
60 697
60 725
60 764
60 902
60 926
60 929
60 983
60 1019
61 102
61 124
61 208
61 223
61 238
61 310
61 324
61 333
61 367
61 530
61 567
61 573
61 592
61 761
61 777
61 781
61 921
61 961
62 97
62 144
62 151
62 329
62 362
62 426
62 533
62 557
62 613
62 690
62 745
62 803
62 865
62 926
62 945
62 987
62 999
63 101
63 144
63 161
63 173
63 179
63 183
63 235
63 372
63 380
63 384
63 432
63 482
63 484
63 499
63 610
63 994
64 124
64 238
64 310
64 341
64 495
64 502
64 614
64 628
64 692
64 709
64 711
64 731
64 781
64 785
64 852
64 911
65 79
65 94
65 328
65 354
65 613
65 798
65 814
65 822
65 880
65 887
65 920
65 986
66 169
66 186
66 334
66 432
66 446
66 561
66 564
66 670
66 790
66 811
66 900
66 961
66 993
67 102
67 168
67 255
67 267
67 311
67 318
67 322
67 439
67 542
67 591
67 706
67 798
67 980
67 985
68 96
68 163
68 199
68 285
68 331
68 398
68 433
68 559
68 737
68 765
68 891
68 1003
68 1016
69 175
69 273
69 351
69 393
69 412
69 436
69 602
69 663
69 770
69 795
69 823
69 916
69 947
69 1023
70 83
70 85
70 403
70 446
70 464
70 478
70 543
70 553
70 562
70 590
70 623
70 677
70 679
70 686
70 866
70 934
71 181
71 184
71 219
71 348
71 363
71 442
71 530
71 574
71 612
71 617
71 661
71 700
71 731
71 734
71 749
71 816
71 915
72 160
72 256
72 305
72 327
72 337
72 364
72 375
72 414
72 432
72 497
72 527
72 544
72 641
72 651
72 663
72 691
72 699
72 723
72 758
72 832
72 878
72 948
72 958
72 960
72 1015
73 246
73 513
73 606
73 665
73 671
73 701
73 709
73 893
73 972
73 981
73 1022
74 174
74 248
74 306
74 327
74 381
74 602
74 625
74 698
74 713
74 874
74 881
74 883
74 895
74 1008
75 194
75 328
75 370
75 622
75 645
75 654
75 701
75 876
75 883
75 988
76 227
76 348
76 409
76 458
76 634
76 646
76 699
76 712
76 762
76 772
76 774
76 828
76 840
76 926
76 928
77 150
77 171
77 177
77 184
77 219
77 237
77 239
77 248
77 353
77 397
77 449
77 517
77 552
77 556
77 604
77 674
77 748
77 777
77 797
77 867
77 909
77 987
77 997
78 118
78 153
78 179
78 209
78 283
78 354
78 417
78 477
78 579
78 630
78 711
78 803
78 853
78 921
79 162
79 217
79 318
79 347
79 504
79 550
79 631
79 721
79 748
79 800
79 840
79 869
79 872
79 935
79 992
80 84
80 132
80 143
80 293
80 340
80 371
80 418
80 438
80 470
80 479
80 634
80 648
80 671
80 711
80 822
80 887
80 910
80 915
81 95
81 119
81 337
81 397
81 486
81 503
81 521
81 583
81 635
81 827
81 890
82 111
82 127
82 155
82 248
82 356
82 447
82 494
82 543
82 545
82 570
82 701
82 740
82 753
82 801
82 806
82 863
82 869
82 931
82 940
82 987
83 128
83 150
83 227
83 249
83 396
83 496
83 532
83 558
83 1004
83 1013
84 141
84 255
84 309
84 341
84 348
84 516
84 519
84 566
84 668
84 679
84 856
84 877
84 953
84 1003
85 162
85 164
85 173
85 280
85 289
85 320
85 331
85 430
85 441
85 536
85 733
85 798
85 861
85 946
85 977
86 95
86 239
86 344
86 345
86 347
86 366
86 377
86 424
86 469
86 543
86 640
86 691
86 729
86 800
86 807
86 847
86 915
86 953
86 997
86 1001
87 115
87 154
87 355
87 359
87 393
87 490
87 497
87 510
87 566
87 682
87 689
87 709
87 742
87 849
88 155
88 160
88 164
88 182
88 229
88 300
88 392
88 422
88 438
88 528
88 552
88 590
88 754
88 763
88 778
88 809
88 828
88 829
88 987
88 995
88 1000
88 1023
89 135
89 168
89 211
89 270
89 291
89 318
89 330
89 347
89 421
89 475
89 479
89 497
89 548
89 555
89 648
89 661
89 673
89 675
89 844
89 847
89 865
89 928
90 188
90 257
90 303
90 519
90 555
90 578
90 586
90 631
90 670
90 686
90 771
90 989
91 130
91 283
91 418
91 494
91 639
91 718
91 737
91 740
91 755
91 777
91 787
91 898
91 904
91 948
92 93
92 180
92 225
92 281
92 310
92 424
92 447
92 463
92 564
92 578
92 632
92 642
92 697
92 719
92 756
92 818
92 982
93 117
93 134
93 136
93 285
93 333
93 414
93 437
93 506
93 519
93 525
93 530
93 540
93 618
93 653
93 697
93 770
93 785
93 867
93 939
93 1023
94 198
94 238
94 256
94 268
94 306
94 322
94 463
94 481
94 563
94 581
94 597
94 602
94 654
94 688
94 721
94 827
94 831
94 870
94 880
94 926
95 393
95 487
95 542
95 543
95 560
95 598
95 634
95 654
95 676
95 764
95 796
95 843
95 939
96 181
96 274
96 423
96 479
96 560
96 584
96 629
96 630
96 718
96 726
96 755
96 931
96 940
96 1015
97 173
97 360
97 392
97 401
97 490
97 548
97 597
97 656
97 665
97 756
97 806
97 849
97 857
97 970
98 106
98 120
98 122
98 165
98 380
98 385
98 437
98 463
98 582
98 619
98 687
98 776
98 821
98 834
98 883
98 965
98 1005
99 363
99 385
99 388
99 412
99 442
99 493
99 494
99 580
99 769
99 865
99 866
99 874
99 898
99 925
99 950
99 1017
100 101
100 134
100 165
100 229
100 254
100 278
100 313
100 334
100 382
100 399
100 425
100 496
100 538
100 557
100 573
100 654
100 655
100 714
100 725
100 817
100 826
100 859
100 890
100 908
100 925
100 983
100 1021
100 1023
101 294
101 363
101 366
101 368
101 466
101 509
101 516
101 751
101 796
101 811
101 853
102 224
102 285
102 297
102 327
102 526
102 548
102 585
102 616
102 680
102 792
102 985
103 131
103 179
103 195
103 206
103 278
103 295
103 344
103 468
103 473
103 496
103 514
103 562
103 649
103 654
103 791
103 797
103 800
103 802
103 853
103 923
104 145
104 154
104 271
104 354
104 358
104 441
104 503
104 642
104 781
104 849
104 903
104 931
104 966
104 979
105 221
105 266
105 291
105 343
105 399
105 415
105 491
105 727
105 771
106 125
106 173
106 193
106 200
106 254
106 260
106 319
106 353
106 406
106 424
106 488
106 496
106 611
106 701
106 730
106 792
106 798
106 838
107 248
107 314
107 357
107 368
107 568
107 613
107 693
107 716
107 849
107 951
107 994
108 316
108 410
108 420
108 465
108 515
108 533
108 662
108 680
108 688
108 724
108 730
108 830
108 884
108 897
108 919
108 946
108 1005
109 172
109 183
109 191
109 240
109 327
109 678
109 688
109 706
109 794
109 818
109 908
109 909
109 933
110 118
110 135
110 428
110 467
110 537
110 577
110 582
110 753
110 757
110 851
110 908
110 928
110 949
110 953
110 991
110 1015
111 117
111 121
111 198
111 242
111 289
111 355
111 387
111 392
111 492
111 510
111 516
111 540
111 572
111 642
111 778
111 784
111 807
111 810
111 879
112 206
112 362
112 394
112 549
112 568
112 667
112 839
112 880
112 881
112 953
112 1012
113 161
113 361
113 432
113 779
113 825
113 842
113 870
113 942
114 133
114 171
114 187
114 310
114 359
114 392
114 446
114 514
114 517
114 544
114 631
114 643
114 649
114 783
114 868
114 869
114 944
114 964
115 206
115 209
115 270
115 278
115 279
115 334
115 515
115 538
115 666
115 681
115 729
115 745
115 760
115 857
115 896
116 150
116 188
116 314
116 381
116 411
116 502
116 568
116 738
116 849
116 932
117 135
117 142
117 208
117 218
117 343
117 375
117 381
117 398
117 415
117 498
117 633
117 755
117 841
117 891
117 895
117 906
117 994
118 158
118 252
118 315
118 516
118 546
118 583
118 618
118 734
118 808
118 832
118 997
118 1011
119 173
119 249
119 259
119 360
119 382
119 395
119 596
119 675
119 719
119 817
119 976
120 129
120 141
120 196
120 203
120 208
120 214
120 223
120 302
120 316
120 368
120 376
120 441
120 512
120 571
120 795
120 823
120 830
120 925
120 954
120 977
120 979
121 122
121 284
121 295
121 320
121 324
121 409
121 480
121 535
121 536
121 568
121 642
121 671
121 721
121 730
121 771
122 147
122 239
122 348
122 521
122 569
122 606
122 609
122 628
122 644
122 750
122 764
122 809
122 1008
122 1012
123 160
123 208
123 268
123 305
123 375
123 433
123 446
123 504
123 601
123 686
123 878
123 913
123 918
123 1009
124 142
124 189
124 235
124 247
124 332
124 370
124 389
124 405
124 529
124 537
124 558
124 605
124 612
124 689
124 696
124 745
124 912
124 939
124 941
124 957
125 126
125 196
125 272
125 315
125 362
125 366
125 377
125 435
125 471
125 515
125 613
125 759
125 790
125 830
125 881
125 922
125 1022
126 153
126 211
126 321
126 668
126 774
126 799
126 892
126 911
126 938
126 943
126 948
126 976
126 1000
127 275
127 283
127 306
127 326
127 350
127 442
127 508
127 682
127 700
127 728
127 805
127 833
127 835
127 850
128 247
128 251
128 282
128 288
128 395
128 492
128 624
128 637
128 770
128 771
128 868
128 900
128 975
128 984
128 998
129 168
129 248
129 295
129 312
129 552
129 553
129 616
129 619
129 708
129 734
129 782
129 800
129 814
129 908
129 958
130 160
130 203
130 263
130 265
130 306
130 334
130 415
130 461
130 506
130 541
130 542
130 572
130 588
130 630
130 673
130 679
130 718
130 734
130 754
130 791
130 897
130 936
131 279
131 362
131 455
131 470
131 521
131 616
131 639
131 703
131 711
131 739
131 828
131 836
131 837
131 840
131 894
131 896
131 1021
132 368
132 428
132 457
132 493
132 678
132 707
132 717
132 739
132 813
132 848
132 850
132 985
132 1002
132 1015
133 216
133 266
133 320
133 395
133 497
133 569
133 662
133 691
133 789
133 944
133 970
133 1000
133 1008
134 231
134 305
134 434
134 456
134 593
134 645
134 650
134 686
134 719
134 867
134 870
134 923
134 965
135 144
135 244
135 252
135 547
135 571
135 615
135 626
135 629
135 699
135 747
135 951
135 985
135 1013
136 326
136 416
136 438
136 507
136 508
136 716
136 751
136 886
136 931
136 976
136 978
137 152
137 241
137 260
137 346
137 374
137 424
137 433
137 449
137 547
137 578
137 606
137 631
137 674
138 167
138 193
138 278
138 319
138 399
138 407
138 458
138 597
138 678
138 947
138 969
139 215
139 219
139 253
139 321
139 326
139 343
139 349
139 357
139 461
139 578
139 587
139 721
139 751
139 857
140 160
140 195
140 204
140 286
140 324
140 411
140 423
140 523
140 526
140 591
140 665
140 712
140 756
140 833
140 888
140 969
140 989
140 1001
141 224
141 314
141 338
141 367
141 370
141 621
141 655
141 726
141 733
141 755
141 828
141 888
141 946
142 166
142 256
142 352
142 549
142 640
142 700
142 733
142 736
142 756
142 824
142 828
142 893
142 930
143 239
143 314
143 381
143 397
143 413
143 441
143 446
143 468
143 589
143 596
143 681
143 701
143 704
143 760
143 848
143 851
143 939
144 200
144 563
144 654
144 692
144 754
144 905
144 909
144 1001
145 152
145 162
145 237
145 246
145 270
145 310
145 311
145 317
145 377
145 379
145 486
145 503
145 571
145 730
145 801
145 848
145 941
146 152
146 154
146 162
146 187
146 348
146 455
146 514
146 524
146 540
146 618
146 642
146 655
146 731
146 748
146 769
146 783
146 784
146 789
146 850
146 865
146 867
146 872
146 911
147 212
147 224
147 309
147 368
147 470
147 502
147 506
147 526
147 579
147 591
147 688
147 699
147 796
147 857
147 894
147 911
147 928
147 929
147 949
147 958
147 1011
147 1014
148 159
148 160
148 197
148 211
148 214
148 256
148 320
148 331
148 379
148 441
148 465
148 494
148 715
148 829
148 849
148 895
148 943
149 160
149 192
149 223
149 254
149 264
149 308
149 491
149 495
149 515
149 579
149 609
149 660
149 679
149 699
149 769
149 886
149 895
149 969
150 194
150 244
150 302
150 330
150 461
150 625
150 644
150 696
150 720
150 802
150 845
150 871
150 914
150 974
151 193
151 424
151 428
151 513
151 573
151 593
151 629
151 668
151 757
151 790
151 796
151 798
151 832
151 902
151 903
151 930
151 948
152 154
152 255
152 297
152 308
152 357
152 512
152 551
152 722
152 749
152 789
152 809
152 848
152 877
152 1020
153 216
153 402
153 408
153 478
153 558
153 691
154 167
154 183
154 186
154 193
154 194
154 218
154 221
154 262
154 271
154 377
154 378
154 411
154 433
154 441
154 480
154 502
154 647
154 695
154 820
154 865
154 946
154 970
154 974
154 990
155 179
155 180
155 421
155 481
155 542
155 563
155 612
155 661
155 802
155 812
155 852
155 858
156 194
156 342
156 531
156 598
156 651
156 675
156 774
156 827
156 883
156 958
156 996
157 212
157 226
157 306
157 408
157 431
157 441
157 456
157 502
157 515
157 543
157 577
157 604
157 761
157 825
157 1012
158 160
158 203
158 222
158 289
158 381
158 466
158 576
158 590
158 591
158 642
158 694
158 733
158 827
158 967
158 1017
158 1021
159 244
159 249
159 383
159 398
159 485
159 495
159 619
159 678
159 736
159 762
159 805
159 875
159 955
159 960
160 181
160 190
160 253
160 514
160 534
160 559
160 579
160 637
160 708
160 717
160 744
160 774
160 833
160 850
160 893
160 914
160 971
161 239
161 245
161 248
161 258
161 267
161 322
161 332
161 658
161 839
161 906
161 985
161 987
162 171
162 242
162 285
162 397
162 413
162 431
162 451
162 460
162 516
162 718
162 771
162 773
162 792
162 799
162 865
162 911
162 994
162 1022
163 277
163 504
163 622
163 640
163 663
163 757
163 764
163 968
164 183
164 308
164 331
164 349
164 364
164 392
164 509
164 617
164 724
164 782
165 184
165 277
165 393
165 415
165 432
165 538
165 567
165 611
165 672
165 756
165 803
165 937
165 956
166 173
166 193
166 222
166 293
166 335
166 340
166 381
166 445
166 480
166 694
166 727
166 757
166 777
166 850
166 928
166 943
166 975
167 171
167 182
167 249
167 300
167 402
167 464
167 505
167 520
167 629
167 636
167 675
167 780
167 783
167 792
167 977
167 1018
168 277
168 594
168 820
168 823
168 845
168 863
168 962
168 1022
169 287
169 327
169 524
169 625
169 697
169 725
169 754
169 756
169 849
169 974
169 999
170 179
170 346
170 356
170 368
170 488
170 703
170 733
170 752
170 756
170 798
170 805
170 911
170 932
171 378
171 386
171 394
171 497
171 503
171 714
171 725
171 783
171 799
171 931
172 239
172 322
172 352
172 395
172 471
172 484
172 493
172 533
172 610
172 719
172 795
172 828
172 874
172 893
172 925
172 934
172 1014
173 189
173 282
173 295
173 466
173 649
173 712
173 733
173 743
173 840
173 972
174 214
174 267
174 341
174 500
174 562
174 772
174 802
174 809
174 925
174 957
174 991
175 277
175 380
175 422
175 444
175 542
175 609
175 664
175 702
175 727
175 894
175 930
176 194
176 201
176 325
176 361
176 407
176 597
176 750
176 758
176 774
176 829
176 839
176 864
176 875
176 911
176 953
177 209
177 213
177 259
177 350
177 371
177 412
177 458
177 478
177 496
177 538
177 687
177 754
177 978
177 1003
178 212
178 285
178 293
178 307
178 494
178 632
178 649
178 686
178 689
178 735
178 792
178 822
178 840
178 1007
179 238
179 294
179 481
179 507
179 649
179 652
179 658
179 665
179 708
179 757
179 769
179 780
179 1001
180 208
180 252
180 284
180 300
180 403
180 431
180 439
180 445
180 449
180 627
180 710
180 744
180 762
180 937
180 995
181 389
181 458
181 674
181 735
181 784
181 918
181 950
182 324
182 402
182 478
182 563
182 567
182 665
182 703
182 985
183 245
183 414
183 420
183 472
183 529
183 555
183 561
183 564
183 648
183 658
183 660
183 707
183 744
183 771
183 784
183 860
183 919
183 952
184 243
184 329
184 338
184 365
184 417
184 430
184 486
184 601
184 680
184 757
184 843
184 937
184 985
185 221
185 239
185 303
185 344
185 351
185 495
185 533
185 648
185 721
185 737
185 816
185 943
185 954
185 961
186 216
186 255
186 347
186 456
186 478
186 513
186 549
186 619
186 722
186 726
186 737
186 889
186 932
186 1008
187 210
187 274
187 402
187 465
187 475
187 493
187 538
187 739
187 749
187 768
187 809
187 891
187 916
187 956
188 212
188 255
188 307
188 310
188 361
188 375
188 395
188 496
188 532
188 592
188 613
188 633
188 740
188 744
188 746
188 887
188 905
188 918
189 196
189 234
189 299
189 303
189 331
189 335
189 349
189 363
189 365
189 422
189 476
189 516
189 562
189 652
189 676
189 695
189 711
189 766
189 809
189 916
189 949
189 972
189 1000
189 1002
190 204
190 269
190 304
190 332
190 383
190 463
190 494
190 499
190 651
190 716
190 769
190 845
190 936
191 317
191 366
191 421
191 466
191 468
191 470
191 505
191 672
191 721
191 839
191 882
191 900
192 373
192 418
192 427
192 476
192 590
192 725
192 744
192 764
192 773
192 850
192 902
193 251
193 277
193 329
193 349
193 472
193 510
193 540
193 598
193 658
193 696
193 700
193 824
193 944
193 973
193 1001
193 1017
194 234
194 241
194 396
194 617
194 650
194 713
194 715
194 740
194 883
194 963
195 309
195 311
195 337
195 406
195 407
195 445
195 449
195 462
195 472
195 568
195 580
195 601
195 626
195 679
195 709
195 718
195 759
195 773
195 778
195 841
195 909
196 284
196 332
196 472
196 489
196 538
196 578
196 613
196 735
196 751
196 834
196 840
196 886
196 956
196 987
196 1014
197 283
197 463
197 580
197 666
197 743
197 765
197 783
197 791
197 825
197 890
197 995
198 270
198 350
198 353
198 667
198 816
198 878
198 886
198 897
199 281
199 413
199 415
199 454
199 584
199 605
199 643
199 701
199 702
199 724
199 815
199 830
199 935
199 968
199 992
199 1007
200 202
200 458
200 570
200 761
200 774
200 808
200 911
200 931
201 210
201 249
201 401
201 421
201 488
201 507
201 667
201 705
201 741
201 745
201 841
201 1012
202 296
202 317
202 339
202 433
202 447
202 539
202 566
202 869
202 895
202 914
202 948
202 953
203 277
203 423
203 448
203 544
203 597
203 617
203 625
203 687
203 916
203 923
203 1013
204 205
204 234
204 343
204 404
204 434
204 448
204 481
204 580
204 597
204 623
204 637
204 799
204 835
204 848
204 939
205 223
205 403
205 443
205 601
205 620
205 626
205 697
205 713
205 757
205 763
205 831
205 840
205 907
205 953
205 976
206 414
206 458
206 576
206 684
206 692
206 696
206 801
206 865
207 259
207 273
207 290
207 495
207 569
207 593
207 692
207 765
207 788
207 827
207 881
207 887
207 969
208 407
208 452
208 469
208 478
208 580
208 627
208 654
208 795
208 821
208 928
209 224
209 355
209 385
209 477
209 578
209 593
209 598
209 742
209 851
209 984
209 1020
209 1022
210 311
210 359
210 420
210 438
210 447
210 455
210 476
210 492
210 596
210 702
210 734
210 771
210 893
210 970
211 235
211 254
211 514
211 640
211 651
211 668
211 675
211 676
211 678
211 781
211 824
211 1021
212 222
212 252
212 290
212 351
212 458
212 653
212 663
212 845
212 951
212 965
212 1008
213 392
213 421
213 472
213 490
213 523
213 596
213 851
213 886
214 229
214 268
214 327
214 435
214 483
214 500
214 502
214 799
214 986
215 238
215 275
215 373
215 400
215 628
215 637
215 648
215 672
215 681
215 702
215 712
215 716
215 781
215 796
215 826
215 962
215 983
215 999
215 1003
215 1008
216 325
216 343
216 422
216 442
216 447
216 568
216 661
216 662
216 696
216 722
216 872
216 890
217 244
217 471
217 514
217 525
217 546
217 639
217 757
218 226
218 389
218 393
218 431
218 478
218 612
218 682
218 727
218 764
218 905
218 957
218 1010
219 325
219 367
219 490
219 548
219 552
219 655
219 852
219 937
219 989
220 366
220 396
220 464
220 598
220 654
220 660
220 718
220 730
220 776
220 826
220 928
221 289
221 305
221 306
221 333
221 393
221 491
221 503
221 515
221 954
222 276
222 410
222 477
222 592
222 699
222 734
222 858
222 921
222 951
222 985
222 1015
223 260
223 315
223 357
223 550
223 569
223 595
223 597
223 625
223 749
223 859
223 1003
223 1009
224 276
224 342
224 346
224 401
224 455
224 456
224 460
224 503
224 607
224 691
224 789
224 794
224 901
224 943
224 981
225 382
225 405
225 417
225 429
225 517
225 519
225 555
225 572
225 576
225 618
225 638
225 698
226 298
226 344
226 368
226 424
226 487
226 496
226 529
226 643
226 688
226 694
226 711
226 780
226 872
226 889
227 352
227 455
227 505
227 569
227 608
227 631
227 632
227 656
227 659
227 712
227 748
227 807
227 873
227 878
228 301
228 338
228 413
228 427
228 483
228 506
228 650
228 734
228 776
228 893
228 947
228 969
228 976
229 247
229 286
229 411
229 478
229 507
229 610
229 612
229 621
229 623
229 669
229 705
229 733
229 791
229 831
229 859
229 917
229 959
230 271
230 280
230 295
230 382
230 449
230 483
230 493
230 506
230 511
230 527
230 573
230 827
230 866
230 891
231 285
231 328
231 332
231 340
231 567
231 599
231 644
231 730
231 816
231 913
231 929
231 979
232 326
232 496
232 509
232 530
232 532
232 554
232 574
232 578
232 603
232 676
232 712
232 747
232 760
232 773
232 802
232 865
232 871
232 939
232 966
233 264
233 350
233 457
233 595
233 606
233 811
233 848
233 925
233 928
233 987
233 1004
234 241
234 457
234 484
234 505
234 562
234 567
234 707
234 839
235 331
235 401
235 431
235 439
235 502
235 556
235 669
235 673
235 903
235 930
235 983
235 1002
236 405
236 452
236 646
236 664
236 681
236 765
236 887
236 1001
237 277
237 279
237 280
237 421
237 473
237 486
237 535
237 553
237 566
237 592
237 595
237 837
237 941
238 436
238 652
238 674
238 715
238 743
239 277
239 475
239 529
239 643
239 655
239 760
239 975
240 263
240 328
240 428
240 630
240 638
240 694
240 743
240 761
240 826
241 282
241 323
241 331
241 449
241 529
241 534
241 540
241 603
241 641
241 693
241 719
241 750
241 760
241 799
241 1004
241 1014
242 252
242 388
242 539
242 585
242 614
242 615
242 884
243 275
243 383
243 407
243 443
243 448
243 521
243 673
243 749
243 764
243 772
243 865
243 897
244 277
244 307
244 373
244 444
244 547
244 566
244 576
244 675
244 682
244 722
244 776
244 919
244 983
245 370
245 433
245 451
245 456
245 734
245 761
245 816
246 294
246 326
246 448
246 450
246 466
246 602
246 707
246 830
246 833
246 876
246 941
247 248
247 270
247 280
247 307
247 375
247 392
247 562
247 684
247 727
247 762
247 843
247 973
248 404
248 492
248 568
248 690
248 692
248 708
248 796
248 927
248 974
248 1012
249 297
249 514
249 582
249 584
249 609
249 700
249 727
249 827
249 938
249 939
249 947
249 967
250 614
250 1001
251 407
251 478
251 533
251 952
251 961
251 979
252 294
252 328
252 387
252 462
252 512
252 538
252 617
252 633
252 873
252 944
252 947
252 964
253 287
253 307
253 402
253 482
253 529
253 588
253 715
253 760
253 793
253 799
253 824
253 830
253 841
253 964
254 278
254 374
254 403
254 404
254 469
254 731
254 875
254 881
254 916
255 271
255 369
255 545
255 555
255 569
255 573
255 576
255 656
255 663
255 665
255 672
255 708
255 753
255 761
255 827
255 958
256 401
256 407
256 500
256 545
256 663
256 839
256 863
256 898
256 907
256 983
257 273
257 419
257 437
257 449
257 554
257 587
257 637
257 650
257 767
257 855
257 879
257 911
257 931
257 974
258 321
258 329
258 340
258 688
258 794
258 880
258 958
258 974
259 268
259 312
259 469
259 567
259 672
259 971
260 325
260 433
260 457
260 475
260 522
260 532
260 594
260 619
260 680
260 906
260 954
260 957
260 966
261 335
261 362
261 374
261 520
261 538
261 629
261 656
261 867
261 918
261 1022
262 278
262 336
262 383
262 449
262 502
262 571
262 598
262 639
262 671
262 741
262 783
263 266
263 276
263 324
263 444
263 447
263 551
263 611
263 658
263 676
263 710
263 722
263 777
263 782
263 810
263 814
263 829
263 851
263 877
263 897
263 977
264 279
264 331
264 600
264 688
264 821
264 952
265 361
265 407
265 413
265 499
265 536
265 550
265 643
265 774
265 843
265 864
265 879
265 953
265 982
265 995
266 328
266 355
266 451
266 455
266 520
266 563
266 580
266 691
266 748
266 835
266 860
266 923
266 949
266 957
266 971
266 989
266 1009
267 338
267 346
267 376
267 414
267 523
267 551
267 562
267 650
267 674
267 695
267 704
267 780
267 784
267 839
267 869
267 893
267 956
267 962
267 969
267 983
268 344
268 387
268 509
268 680
268 715
268 862
268 902
268 978
268 1018
269 281
269 496
269 497
269 572
269 702
269 713
269 809
269 987
270 297
270 383
270 409
270 415
270 430
270 439
270 467
270 494
270 506
270 522
270 593
270 597
270 629
270 656
270 669
270 714
270 835
270 854
270 860
270 985
271 335
271 425
271 432
271 555
271 560
271 739
271 791
271 913
271 1010
271 1023
272 275
272 448
272 492
272 536
272 593
272 679
272 747
272 930
272 934
272 949
273 312
273 324
273 517
273 535
273 576
273 669
273 675
273 776
273 870
273 876
274 471
274 541
274 579
274 583
274 753
274 861
275 282
275 348
275 480
275 492
275 581
275 622
275 656
275 660
275 698
275 764
275 814
275 893
275 899
275 997
276 295
276 326
276 536
276 590
276 600
276 649
276 831
276 833
276 924
276 958
277 301
277 467
277 502
277 547
277 557
277 658
277 816
277 893
277 895
277 957
277 1015
277 1019
278 325
278 373
278 397
278 422
278 517
278 681
278 720
278 807
278 944
278 964
278 988
278 1009
279 298
279 329
279 711
279 883
279 1019
280 358
280 390
280 404
280 573
280 581
280 599
280 636
280 646
280 697
280 843
280 854
280 892
280 944
281 363
281 377
281 399
281 742
281 749
281 822
281 886
281 899
281 906
281 987
282 284
282 416
282 571
282 669
282 693
282 707
282 726
282 739
282 753
282 818
282 933
282 1009
283 284
283 316
283 494
283 577
283 579
283 636
283 683
283 702
283 714
283 756
283 853
283 866
283 869
283 944
283 959
283 1009
284 290
284 515
284 832
284 904
284 961
284 975
284 988
285 367
285 453
285 456
285 562
285 682
285 705
285 951
286 408
286 524
286 655
286 685
286 792
286 888
286 931
286 955
286 956
287 384
287 426
287 496
287 633
287 674
287 682
287 687
287 756
287 774
287 945
287 967
288 449
288 525
288 547
288 564
288 718
288 726
288 753
288 810
288 893
288 975
289 314
289 333
289 356
289 370
289 415
289 466
289 517
289 531
289 675
289 681
289 712
289 794
289 837
289 887
289 895
289 961
289 982
290 311
290 378
290 512
290 672
290 680
290 762
290 898
290 932
290 954
290 955
290 966
290 971
290 1007
291 349
291 364
291 416
291 459
291 527
291 557
291 647
291 709
291 781
291 802
291 831
291 873
291 999
292 493
292 568
292 651
292 678
292 741
292 779
292 844
293 297
293 327
293 372
293 415
293 426
293 504
293 556
293 636
293 713
293 747
293 875
294 328
294 330
294 405
294 452
294 515
294 519
294 683
294 703
294 765
294 807
295 439
295 543
295 580
295 599
295 668
295 712
295 740
295 753
295 773
295 897
295 902
295 907
295 916
295 920
295 946
296 303
296 309
296 317
296 477
296 559
296 703
296 721
296 746
296 766
296 855
296 924
296 937
296 1017
297 416
297 462
297 499
297 571
297 640
297 662
297 693
297 740
297 782
297 988
297 1019
298 342
298 358
298 437
298 465
298 550
298 614
298 737
298 773
298 782
298 845
298 850
298 897
299 438
299 466
299 553
299 571
299 586
299 663
299 685
299 689
299 936
299 981
300 364
300 472
300 567
300 604
300 633
300 704
300 751
300 760
300 843
300 847
300 886
301 419
301 432
301 462
301 706
301 776
301 875
301 917
301 949
302 357
302 371
302 377
302 404
302 422
302 441
302 462
302 496
302 533
302 601
302 618
302 655
302 697
302 726
302 758
302 998
302 1014
303 322
303 359
303 370
303 475
303 600
303 603
303 611
303 716
303 725
303 769
303 810
303 866
303 994
303 1011
303 1017
304 323
304 351
304 385
304 388
304 549
304 566
304 600
304 752
304 765
304 829
304 854
304 879
304 903
305 314
305 318
305 333
305 363
305 409
305 429
305 430
305 609
305 725
305 766
305 790
305 936
306 342
306 481
306 535
306 885
306 945
307 500
307 654
307 749
307 834
307 857
307 863
307 910
307 971
307 986
307 1011
307 1020
308 315
308 329
308 439
308 469
308 490
308 511
308 663
308 665
308 809
308 860
308 960
309 409
309 540
309 611
309 626
309 766
309 767
309 822
309 832
309 859
309 964
310 342
310 677
310 681
310 701
310 823
310 890
310 915
311 416
311 489
311 731
311 782
311 884
311 892
312 382
312 384
312 477
312 523
312 578
312 823
312 925
312 969
312 1012
313 357
313 401
313 402
313 461
313 509
313 604
313 812
313 879
313 897
313 961
313 1022
314 531
314 537
314 653
314 674
314 697
314 716
314 906
314 910
315 384
315 447
315 455
315 560
315 582
315 703
315 815
315 848
315 884
315 945
315 960
315 1015
316 745
316 774
316 775
316 841
316 1018
317 377
317 382
317 455
317 483
317 532
317 534
317 559
317 684
317 849
317 858
317 936
318 405
318 453
318 482
318 508
318 582
318 654
318 730
318 756
318 773
318 838
318 923
318 983
319 333
319 366
319 416
319 542
319 587
319 635
319 687
319 739
319 745
319 754
319 812
319 894
319 939
319 958
319 1018
320 599
320 791
320 970
320 1020
321 362
321 384
321 389
321 411
321 429
321 468
321 605
321 706
321 787
321 800
321 840
321 915
321 920
321 959
321 1008
321 1011
321 1015
322 326
322 360
322 414
322 445
322 526
322 575
322 721
322 723
322 752
322 768
322 825
322 839
322 980
322 1015
323 344
323 402
323 406
323 461
323 541
323 649
323 697
324 440
324 545
324 655
324 682
324 730
324 775
324 835
324 945
325 330
325 476
325 504
325 551
325 688
325 725
325 779
325 830
325 911
325 927
325 967
326 357
326 405
326 422
326 462
326 555
326 596
326 622
326 634
326 663
326 687
326 879
327 346
327 432
327 492
327 514
327 643
327 673
327 783
327 853
327 965
327 976
327 982
327 992
328 371
328 436
328 450
328 489
328 517
328 655
328 656
328 677
328 752
328 936
328 993
329 511
329 642
329 699
329 811
330 380
330 420
330 431
330 523
330 590
330 599
330 743
330 773
330 783
330 940
330 957
331 367
331 373
331 483
331 495
331 523
331 794
331 817
331 825
331 838
331 916
331 947
332 379
332 616
332 628
332 706
332 719
332 754
332 771
332 794
332 861
333 365
333 434
333 707
333 789
333 869
333 918
334 416
334 519
334 551
334 598
334 665
334 674
334 703
334 717
334 724
334 747
334 788
334 796
334 802
334 878
334 894
334 986
334 1012
335 615
335 635
335 668
335 712
336 353
336 413
336 513
336 689
336 747
336 750
336 753
336 794
336 945
336 1017
337 345
337 375
337 400
337 487
337 496
337 565
337 645
337 698
337 791
337 881
337 912
338 341
338 465
338 476
338 520
338 553
338 665
338 694
338 815
338 821
338 908
338 937
339 362
339 379
339 478
339 665
339 721
339 726
339 731
339 776
339 780
339 809
339 980
340 540
340 673
340 693
340 717
340 920
340 925
340 946
341 468
341 529
341 562
341 571
341 621
341 679
341 826
341 864
341 924
341 949
342 431
342 558
342 625
342 650
342 680
342 720
342 783
342 822
342 948
342 966
342 972
342 991
343 401
343 409
343 424
343 446
343 564
343 578
343 687
343 692
343 732
343 735
343 852
343 900
343 934
343 982
343 1009
344 517
344 705
344 735
344 774
344 800
344 901
344 934
345 405
345 448
345 461
345 472
345 550
345 598
345 693
345 861
346 352
346 372
346 440
346 445
346 453
346 465
346 509
346 550
346 644
346 681
346 862
346 952
347 395
347 422
347 441
347 476
347 478
347 683
347 716
347 897
347 973
347 1000
347 1009
348 504
348 553
348 591
348 600
348 696
348 775
348 798
348 870
348 989
348 1017
348 1021
349 360
349 417
349 453
349 518
349 671
349 689
349 710
349 716
349 749
349 850
349 852
349 881
349 905
349 936
349 974
349 1008
350 384
350 424
350 432
350 459
350 512
350 571
350 590
350 614
350 658
350 758
350 778
350 825
350 898
350 910
350 944
350 955
351 571
351 634
351 710
351 736
351 747
351 763
351 872
351 913
352 406
352 585
352 615
352 787
352 799
352 845
352 931
353 444
353 457
353 504
353 531
353 549
353 554
353 575
353 631
353 637
353 647
353 846
353 867
353 966
353 988
353 1003
354 396
354 410
354 472
354 503
354 575
354 683
354 705
354 707
354 718
354 728
354 864
354 991
354 997
355 398
355 499
355 528
355 537
355 626
355 637
355 667
355 677
355 704
355 747
355 863
356 437
356 443
356 496
356 536
356 664
356 767
356 821
356 942
357 444
357 571
357 709
357 762
357 888
357 945
357 981
358 401
358 556
358 566
358 567
358 682
358 799
358 890
358 918
358 936
358 1003
359 380
359 404
359 408
359 437
359 516
359 571
359 579
359 586
359 645
359 881
359 901
359 921
359 1017
360 398
360 915
360 952
361 377
361 650
361 653
361 704
361 770
361 894
361 919
361 999
362 633
362 780
362 846
362 929
362 947
362 989
362 1002
362 1008
363 415
363 439
363 500
363 568
363 664
363 675
363 755
363 868
363 877
363 919
363 930
364 365
364 787
364 820
364 824
364 835
364 857
364 923
364 963
364 1017
364 1019
365 366
365 421
365 440
365 486
365 570
365 578
365 586
365 606
365 640
365 655
365 662
365 669
365 861
365 872
365 888
365 907
365 1007
366 392
366 474
366 580
366 914
366 1014
367 525
367 554
367 713
367 729
367 732
367 841
367 864
367 907
368 619
368 633
368 695
368 742
368 776
368 787
368 999
369 381
369 389
369 410
369 462
369 509
369 664
369 678
369 695
369 711
369 734
369 771
369 804
369 839
369 882
369 914
369 935
370 618
370 743
370 747
370 967
371 395
371 461
371 494
371 540
371 556
371 639
371 708
371 885
371 982
371 1009
372 561
372 567
372 672
372 835
372 930
373 556
373 622
373 640
373 719
373 773
373 814
373 1006
374 400
374 465
374 482
374 507
374 516
374 518
374 638
374 671
374 748
374 751
374 803
374 828
374 957
375 504
375 520
375 563
375 607
375 675
375 695
375 729
375 756
375 877
375 908
375 965
375 992
375 1010
376 502
376 504
376 567
376 894
377 416
377 484
377 521
377 647
377 663
377 676
377 716
377 729
377 848
377 945
377 965
377 969
378 383
378 408
378 438
378 512
378 758
379 410
379 431
379 447
379 499
379 529
379 642
379 659
379 668
379 679
379 718
379 722
379 769
379 825
379 931
379 939
379 962
379 1013
380 490
380 671
380 684
380 734
380 940
380 949
380 962
380 977
380 1009
381 384
381 453
381 621
381 658
381 750
381 756
381 793
381 849
382 468
382 490
382 557
382 627
382 641
382 890
382 894
382 921
382 966
383 396
383 408
383 572
383 646
383 651
383 655
383 684
383 703
383 808
383 924
384 410
384 434
384 590
384 593
384 609
384 645
384 697
384 733
384 748
384 753
384 766
384 820
384 855
384 881
384 923
384 1000
384 1008
385 386
385 442
385 557
385 689
385 788
385 829
385 878
385 950
385 966
385 1004
385 1020
386 466
386 470
386 588
386 696
386 699
386 818
386 844
386 979
387 456
387 589
387 1011
388 581
388 678
388 686
388 781
388 795
388 920
388 932
389 399
389 409
389 455
389 459
389 568
389 622
389 694
389 725
389 764
389 802
389 895
389 1015
390 444
390 540
390 742
390 840
390 888
390 892
390 918
390 943
390 990
390 1007
390 1016
391 406
391 486
391 804
391 859
391 871
391 922
391 995
392 459
392 508
392 613
392 676
392 759
392 834
392 836
392 928
393 529
393 557
393 563
393 568
393 625
393 749
393 790
393 844
394 483
394 635
394 720
394 754
394 956
394 995
395 412
395 528
395 545
395 574
395 596
395 644
395 675
395 852
395 872
395 897
395 920
395 924
395 951
395 968
395 990
395 1021
396 435
396 490
396 581
396 643
396 804
396 884
396 934
397 412
397 531
397 532
397 550
397 590
397 637
397 688
397 748
397 778
397 789
397 790
397 929
398 418
398 480
398 623
398 654
398 660
398 690
398 707
398 788
398 910
399 408
399 851
399 901
399 918
399 970
399 1022
400 407
400 478
400 573
400 599
400 666
400 709
400 778
400 783
400 815
400 866
400 921
401 455
401 460
401 464
401 531
401 649
401 691
401 731
401 785
401 878
401 926
401 973
401 996
402 444
402 498
402 524
402 543
402 549
402 613
402 651
402 927
402 933
402 995
403 409
403 418
403 454
403 517
403 521
403 542
403 574
403 674
403 685
403 771
403 816
403 828
403 866
403 942
403 959
403 970
404 407
404 442
404 503
404 590
404 682
404 766
404 893
404 962
404 971
404 1022
405 459
405 513
405 587
405 598
405 651
405 779
405 854
405 867
405 920
405 942
405 952
405 993
406 505
406 508
406 522
406 530
406 542
406 547
406 582
406 592
406 880
406 919
406 985
407 513
407 592
407 604
407 673
407 746
407 756
407 852
407 913
407 990
408 433
408 477
408 480
408 488
408 500
408 519
408 540
408 624
408 708
408 741
408 829
408 925
408 962
408 982
409 444
409 616
409 619
409 702
409 708
409 767
409 793
410 426
410 463
410 675
410 716
410 803
411 453
411 557
411 656
411 676
411 909
412 476
412 660
412 708
412 739
412 984
412 1016
413 425
413 437
413 441
413 475
413 516
413 652
413 730
413 776
413 817
413 876
413 877
413 892
413 895
414 417
414 551
414 566
414 603
414 606
414 611
414 670
414 673
414 840
414 897
414 1001
414 1008
414 1018
415 431
415 508
415 553
415 576
415 600
415 710
415 716
415 799
415 829
415 960
416 494
416 509
416 521
416 540
416 607
416 770
416 784
417 486
417 615
417 666
417 699
417 793
417 797
417 802
417 954
417 1006
417 1007
418 423
418 455
418 461
418 533
418 556
418 654
418 660
418 699
418 707
418 717
418 860
418 943
418 955
418 993
419 456
419 495
419 549
419 600
419 666
419 741
419 756
419 804
419 945
419 954
419 1014
420 523
420 758
420 759
420 809
420 867
420 884
420 925
421 473
421 483
421 586
421 598
421 616
421 634
421 638
421 670
421 747
421 879
421 897
421 907
422 480
422 482
422 552
422 557
422 564
422 868
422 886
423 470
423 542
423 744
423 830
423 846
423 875
423 941
424 530
424 587
424 633
424 659
424 732
424 836
424 898
424 913
425 539
425 624
425 673
425 713
425 760
425 804
425 845
425 950
426 779
426 894
426 922
426 979
427 486
427 505
427 591
427 609
427 744
427 755
427 766
427 773
427 782
427 810
427 845
427 1020
428 432
428 439
428 443
428 450
428 474
428 485
428 508
428 634
428 671
428 710
428 768
428 805
428 840
428 864
428 955
428 986
429 506
429 592
429 602
429 616
429 728
429 738
429 815
430 486
430 521
430 565
430 702
430 723
430 785
430 869
430 925
430 968
431 471
431 512
431 521
431 649
431 654
431 720
431 758
431 1009
432 472
432 475
432 560
432 635
432 807
432 875
432 966
432 975
433 488
433 506
433 548
433 570
433 750
433 777
433 807
433 877
433 939
433 958
434 512
434 522
434 544
434 714
434 718
434 736
434 747
434 876
434 930
434 931
434 962
434 1020
435 622
435 625
435 718
435 746
435 830
435 866
435 897
435 967
436 487
436 565
436 775
436 779
436 789
436 888
436 983
436 1019
437 457
437 514
437 586
437 651
437 659
437 696
437 763
437 831
437 964
437 980
438 450
438 478
438 550
438 558
438 699
438 708
438 717
438 748
438 759
438 864
438 903
438 941
439 502
439 600
439 624
439 650
439 680
439 687
439 710
439 763
439 830
439 838
439 888
439 916
440 444
440 518
440 604
440 612
440 759
440 768
440 789
440 881
441 527
441 563
441 565
441 617
441 621
441 634
441 726
441 778
441 820
441 840
441 854
441 857
441 876
441 921
441 970
442 545
442 622
442 636
442 663
442 975
443 468
443 472
443 492
443 515
443 549
443 583
443 590
443 694
443 736
443 741
443 784
443 790
443 805
444 483
444 518
444 536
444 598
444 695
444 719
444 781
444 995
444 1009
445 517
445 546
445 699
445 747
445 784
445 802
445 814
445 851
445 975
445 987
445 1001
446 505
446 518
446 592
446 617
446 639
446 692
446 747
446 795
446 804
447 736
447 740
447 770
447 805
447 830
447 1006
448 470
448 504
448 632
448 665
448 704
448 877
448 896
448 991
449 515
449 681
449 999
449 1014
450 506
450 516
450 543
450 553
450 660
450 701
450 832
450 863
450 917
450 939
450 961
451 537
451 553
451 571
451 621
451 740
451 758
451 760
451 822
452 506
452 521
452 579
452 667
452 883
452 976
452 980
452 1000
452 1007
453 490
453 558
453 598
453 643
453 687
453 703
453 737
453 772
453 962
454 558
454 561
454 653
454 762
455 649
455 699
455 757
455 830
455 860
455 950
455 1021
456 626
456 796
456 802
456 878
456 922
456 939
456 942
456 987
457 699
457 814
457 815
457 915
457 980
458 464
458 500
458 564
458 712
458 754
458 859
458 885
458 932
458 961
459 471
459 527
459 549
459 555
459 560
459 571
459 600
459 610
459 702
459 720
459 761
459 877
459 891
459 894
459 903
459 1011
460 495
460 507
460 590
460 597
460 686
460 720
460 817
460 867
460 877
460 895
460 1020
461 505
461 621
461 631
461 692
461 904
461 956
462 572
462 770
462 779
462 817
462 874
462 919
462 936
463 513
463 540
463 623
463 726
463 852
463 878
464 602
464 772
464 928
465 534
465 561
465 811
465 831
465 886
465 911
465 995
466 520
466 537
466 538
466 545
466 652
466 780
466 787
466 803
466 913
466 1008
467 483
467 495
467 564
467 602
467 663
467 761
467 786
467 801
467 828
467 893
467 919
467 920
467 997
468 507
468 508
468 549
468 570
468 629
468 687
468 872
468 930
468 1014
469 476
469 556
469 701
469 713
469 802
469 913
469 1013
470 478
470 520
470 606
470 613
470 623
470 694
470 773
470 917
470 924
470 968
470 970
471 502
471 547
471 593
471 617
471 758
471 849
471 852
471 857
471 893
471 918
471 973
472 487
472 661
472 716
472 799
472 821
472 877
472 899
472 917
472 927
473 643
473 753
473 969
473 984
473 1023
474 546
474 579
474 594
474 608
474 671
474 711
474 731
474 799
474 823
474 852
474 861
474 875
475 516
475 572
475 652
475 811
475 842
475 864
475 902
476 618
476 791
476 921
476 1001
477 519
477 571
477 860
477 993
478 495
478 591
478 668
478 669
478 986
478 1017
478 1020
479 571
479 674
479 691
479 742
479 800
479 851
479 855
479 869
479 1017
480 484
480 518
480 570
480 672
480 764
480 912
480 934
481 489
481 572
481 708
481 853
481 927
481 1000
482 505
482 594
482 615
482 732
482 764
482 891
482 895
482 936
482 961
482 998
483 795
483 851
483 985
483 1014
484 485
484 494
484 528
484 631
484 853
484 865
484 957
484 962
484 967
484 977
484 1008
485 631
485 666
485 721
485 768
485 817
485 867
485 908
485 953
486 499
486 615
486 619
486 688
486 709
486 807
486 822
486 846
486 873
486 939
487 516
487 550
487 556
487 596
487 658
487 734
487 742
487 938
487 977
487 981
488 496
488 676
488 733
488 769
488 790
488 946
488 964
488 988
488 1001
489 531
489 558
489 584
489 896
489 909
489 930
489 998
490 647
490 728
490 793
490 840
490 873
491 508
491 528
491 556
491 681
491 815
491 917
491 924
491 960
491 996
492 838
492 841
492 846
492 879
493 545
493 644
493 650
493 688
493 750
493 871
493 1017
493 1023
494 509
494 519
494 685
494 835
494 841
494 848
494 884
494 963
495 526
495 603
495 645
495 673
495 699
495 702
495 827
495 929
495 941
495 947
495 1000
496 636
496 722
496 760
496 835
496 900
496 910
496 932
496 1002
497 502
497 553
497 750
497 879
497 1014
498 621
498 662
498 700
498 778
498 895
498 936
498 964
499 583
499 640
499 653
499 845
499 958
500 512
500 530
500 546
500 560
500 675
500 854
500 923
500 924
500 965
500 997
501 616
501 653
501 680
501 769
501 778
501 815
501 860
501 872
501 878
501 885
501 946
501 979
502 585
502 641
502 651
502 659
502 682
502 742
502 814
502 876
502 967
503 508
503 511
503 541
503 546
503 653
503 679
503 992
504 667
504 724
504 727
504 738
504 743
504 804
504 839
504 900
504 942
504 975
505 545
505 547
505 592
505 657
505 859
505 902
505 926
506 552
506 570
506 901
506 914
507 534
507 731
507 763
507 851
507 857
507 905
508 530
508 536
508 544
508 620
508 675
508 721
508 766
508 815
508 822
508 851
508 856
508 870
508 907
508 992
508 993
509 531
509 563
509 633
509 665
509 786
509 912
509 927
509 956
510 517
510 545
510 549
510 572
510 839
510 840
510 858
510 880
510 922
510 933
510 953
510 966
510 1005
511 522
511 671
511 689
511 710
511 731
511 902
511 1019
512 520
512 586
512 629
512 666
512 678
512 769
512 818
512 829
512 834
512 835
512 871
512 896
512 907
513 657
513 671
513 713
513 728
513 771
513 884
513 925
514 641
514 771
514 776
514 816
515 518
515 537
515 572
515 674
515 747
515 758
515 779
515 784
516 540
516 636
516 767
516 942
516 1003
517 553
517 661
517 693
517 753
517 791
517 937
517 966
517 992
518 676
518 758
518 796
518 883
518 885
518 927
518 980
518 1011
519 583
519 676
519 714
519 823
519 974
519 996
520 582
520 652
520 746
520 950
520 1007
521 659
521 735
521 865
521 930
522 650
522 680
522 711
522 738
522 798
522 807
522 811
522 852
522 936
522 963
522 972
523 632
523 685
523 687
523 718
523 747
523 787
523 844
523 895
524 578
524 620
524 697
524 767
524 791
524 800
524 850
524 851
524 862
524 879
524 890
524 917
524 975
524 986
525 636
525 676
525 779
525 881
525 895
525 917
525 923
525 986
525 1009
525 1014
526 603
526 684
526 746
526 924
526 978
526 1007
526 1019
527 540
527 565
527 584
527 614
527 723
527 739
527 870
527 904
527 949
527 965
527 1021
528 530
528 777
528 821
528 860
528 911
529 543
529 787
529 852
529 963
530 567
530 578
530 585
530 677
530 751
530 766
530 804
530 941
530 1008
531 573
531 739
531 762
531 768
531 818
531 908
532 651
532 657
532 793
532 863
532 883
532 947
532 1016
533 590
533 603
533 612
533 737
533 782
533 799
533 837
533 920
533 1002
533 1011
534 618
534 744
534 767
534 923
534 970
534 999
535 595
535 637
535 641
535 648
535 660
535 705
535 769
535 795
535 802
535 827
535 952
535 1017
536 567
536 627
536 659
536 677
536 812
536 834
536 842
537 548
537 563
537 890
537 999
538 643
538 672
538 691
538 714
538 766
538 774
538 778
538 853
538 864
538 952
538 971
539 700
539 862
539 953
539 990
540 562
540 574
540 657
540 694
540 818
540 905
540 944
540 950
540 964
540 1011
541 585
541 677
541 774
541 777
541 820
541 843
541 867
541 903
541 930
542 549
542 630
542 657
542 729
542 743
542 795
542 803
542 821
542 836
542 951
542 965
543 558
543 584
543 664
543 668
543 806
543 819
543 895
543 909
543 957
544 560
544 595
544 729
544 800
544 856
545 596
545 631
545 705
545 945
545 946
545 982
546 674
546 703
546 824
546 837
546 918
546 1002
547 895
547 991
548 715
548 750
548 771
548 776
548 793
548 997
548 1006
548 1016
549 552
549 632
549 865
549 872
550 706
550 711
550 760
550 801
550 984
550 1017
551 591
551 680
551 716
551 766
551 771
551 810
551 817
551 867
551 872
551 878
551 896
551 928
551 1010
552 670
552 677
552 977
552 1007
553 568
553 665
553 744
553 805
553 1000
554 703
554 792
554 819
554 827
554 874
554 892
555 775
555 830
555 861
556 567
556 589
556 625
556 657
556 736
556 780
556 875
556 959
556 1019
556 1022
557 590
557 599
557 628
557 759
557 771
557 857
557 887
557 907
557 993
558 608
558 650
558 762
558 802
558 854
558 917
559 581
559 599
559 634
559 644
559 741
559 918
559 954
559 965
560 627
560 675
560 720
560 752
560 761
560 774
560 828
560 917
560 944
561 624
561 660
561 661
561 689
561 692
561 709
561 812
561 880
561 1010
562 662
562 802
562 809
562 833
562 871
562 884
562 1012
563 585
563 638
563 770
563 800
563 886
563 903
563 905
563 971
563 973
564 682
564 719
564 744
564 752
564 806
564 823
564 923
564 964
565 635
565 733
565 783
565 878
565 883
565 959
566 583
566 693
566 694
566 784
566 854
566 864
566 883
566 952
566 997
567 593
567 611
567 789
567 795
567 797
567 854
567 871
567 942
567 957
567 960
568 747
568 939
568 980
568 1018
569 619
569 686
569 709
569 772
569 921
569 1003
570 695
570 757
570 798
570 831
570 910
571 610
571 703
571 714
571 776
571 831
571 903
572 697
572 756
572 778
572 833
572 835
572 968
573 742
573 757
573 802
573 883
573 908
573 979
573 988
573 1011
574 616
574 656
574 774
574 905
574 927
574 976
574 1006
575 609
575 649
575 672
575 684
575 724
575 790
575 809
575 844
575 996
575 1013
576 621
576 688
576 837
576 892
577 595
577 638
577 646
577 911
577 974
578 606
578 616
578 653
578 730
578 731
578 752
578 787
578 839
578 873
578 908
578 920
578 959
578 979
579 585
579 681
579 698
579 821
579 924
579 989
580 734
580 738
580 782
580 818
580 838
580 871
580 965
581 589
581 594
581 662
581 726
581 776
581 822
581 855
582 644
582 649
582 707
582 728
582 767
583 628
583 799
583 828
583 894
583 965
584 749
584 968
584 982
585 678
585 704
585 722
585 732
585 763
585 927
585 936
585 941
585 1016
586 754
586 785
586 794
586 853
586 956
587 702
587 987
587 1008
588 747
588 751
589 674
589 768
589 772
589 782
589 785
589 897
589 977
590 598
590 616
590 681
590 728
590 757
590 787
590 881
590 886
590 920
590 948
591 676
591 769
591 773
591 863
591 970
591 990
591 1003
592 596
592 638
592 642
592 735
592 755
592 765
592 773
592 788
592 802
592 956
592 971
592 1003
593 603
593 606
593 694
593 698
593 701
593 709
593 711
593 812
593 828
593 914
593 932
593 940
593 976
593 1002
593 1017
594 600
594 615
594 678
594 717
594 718
594 798
594 808
594 845
594 953
595 737
595 814
595 846
595 896
596 631
596 687
596 757
596 916
596 921
596 963
596 1002
597 664
597 732
597 783
597 804
597 936
597 954
598 650
598 668
598 726
598 790
598 792
598 820
598 911
599 802
599 811
599 870
599 964
600 672
600 688
600 758
600 763
600 807
600 811
601 639
601 774
601 834
601 947
602 604
602 689
602 723
602 785
602 829
603 643
603 705
603 773
603 876
603 905
603 963
603 982
603 992
604 642
604 804
604 869
604 913
604 985
605 713
605 789
605 976
606 623
606 647
606 709
606 710
607 743
607 797
607 819
607 860
607 945
608 666
608 695
608 700
608 718
608 750
608 774
608 981
608 983
609 649
609 650
609 787
609 842
609 936
609 967
610 693
610 798
610 922
611 633
611 653
611 715
611 762
611 882
611 971
612 708
612 853
612 877
612 903
613 630
613 738
613 746
613 767
613 829
613 843
613 866
613 892
613 936
614 668
614 691
614 721
614 734
614 744
614 753
614 774
614 935
614 976
615 729
615 767
615 808
615 833
615 854
615 918
616 654
616 691
616 751
616 771
616 803
616 838
616 869
616 877
617 664
617 740
617 784
617 801
617 838
617 839
617 919
618 797
618 849
618 855
618 959
619 669
619 699
619 707
619 729
619 922
619 931
619 956
619 973
619 1011
619 1022
620 633
620 709
620 762
620 778
620 836
620 907
621 736
621 763
621 955
621 964
621 971
621 973
622 781
622 971
622 976
623 664
623 709
623 755
623 792
623 912
623 1012
623 1015
624 676
624 779
624 799
624 810
624 970
625 643
625 647
625 660
625 691
625 730
625 770
625 782
625 797
626 667
626 682
626 776
626 833
626 846
627 646
627 659
627 813
627 857
627 957
627 959
627 985
628 632
628 682
628 712
628 733
628 849
628 925
628 958
629 639
629 672
629 692
629 748
629 756
629 824
629 926
629 997
629 1000
630 645
630 942
630 945
630 999
631 643
631 701
631 768
631 876
631 884
631 909
631 926
631 956
631 973
632 727
632 864
633 667
633 690
633 727
633 775
633 917
633 928
633 948
633 999
634 688
634 706
634 713
634 774
634 823
634 875
634 937
634 952
634 1019
635 655
635 703
635 734
635 759
635 807
635 828
635 852
635 939
635 940
635 970
636 758
636 766
636 775
636 902
636 918
636 969
636 992
637 809
637 853
637 933
637 954
638 657
638 662
638 679
638 696
638 758
638 769
638 779
638 798
638 849
638 854
638 901
638 949
638 995
639 777
639 828
639 903
639 907
639 933
640 697
640 721
640 989
640 1007
641 645
641 751
641 873
641 986
641 1021
642 651
642 740
642 834
642 947
643 697
643 739
643 776
643 822
643 834
643 845
644 756
644 902
644 1019
645 755
645 796
645 800
645 833
645 876
645 903
645 954
646 959
646 985
647 771
647 775
647 949
648 737
648 760
648 781
648 794
648 804
648 856
648 884
648 898
648 951
649 690
649 782
649 813
649 829
649 939
649 940
649 965
650 663
650 737
651 687
651 693
651 698
651 902
651 940
651 954
651 955
651 962
652 675
652 808
652 810
652 982
653 817
653 924
653 936
654 737
654 759
654 781
654 875
654 914
655 731
655 772
655 773
655 789
655 795
655 811
655 921
655 943
656 674
656 689
656 709
656 836
656 845
656 934
656 944
657 688
657 714
657 763
657 795
657 827
657 851
657 883
657 902
657 969
658 758
658 777
658 935
658 955
658 1023
659 717
659 756
659 774
659 880
660 745
660 811
660 937
661 676
661 779
661 782
661 798
661 866
661 959
662 698
662 722
662 736
662 910
663 707
663 851
663 857
663 885
663 947
663 950
663 969
663 990
663 1000
663 1016
664 693
664 731
664 794
664 852
664 873
664 896
664 919
664 937
664 971
664 1008
665 918
665 959
665 979
665 987
666 732
666 733
666 802
666 895
666 896
666 962
667 711
667 718
667 869
667 902
668 824
668 827
668 954
669 695
669 755
669 771
669 797
669 1018
670 677
670 691
670 699
670 728
670 743
670 763
670 898
671 715
671 844
671 848
671 882
672 702
672 761
672 850
672 858
672 868
672 871
672 877
672 881
673 695
673 730
673 764
673 795
674 686
674 720
674 724
674 802
674 820
674 849
674 932
674 1018
675 732
675 756
675 878
675 912
675 998
675 1003
675 1005
676 760
676 801
676 814
676 850
676 934
677 679
677 714
677 716
677 763
677 896
677 902
677 988
677 1013
678 705
678 707
678 841
678 858
678 896
678 976
678 982
679 704
679 715
679 772
679 828
681 687
681 761
681 790
681 969
681 1005
681 1011
681 1015
682 733
682 740
682 802
682 817
682 847
682 888
682 941
682 979
683 745
683 797
683 1007
684 718
684 748
684 770
684 775
684 853
684 884
684 948
685 722
685 796
685 852
685 896
685 943
686 721
686 783
686 806
686 870
686 905
686 923
686 966
686 1003
687 798
687 846
687 871
687 911
687 967
688 760
688 827
688 853
688 868
688 872
688 883
688 998
689 865
689 892
689 926
689 960
689 987
690 723
690 796
690 797
690 824
690 874
690 903
690 946
690 964
691 738
691 831
691 838
691 950
691 997
692 842
692 936
692 1013
693 695
693 762
693 840
693 932
693 962
693 973
693 974
693 1006
694 741
694 768
694 817
694 820
695 734
695 867
695 913
695 960
695 980
696 766
696 783
697 765
697 804
697 812
697 1007
698 717
698 826
698 833
698 854
698 875
698 879
698 950
698 971
698 978
698 1009
699 868
699 873
699 892
699 894
699 909
699 995
699 1021
700 718
700 900
700 907
700 990
701 728
701 830
701 849
701 982
702 900
702 953
703 819
703 865
703 881
703 903
703 940
703 956
704 738
704 770
704 791
704 897
704 908
704 969
704 996
705 785
705 842
705 973
706 802
706 816
706 836
706 861
706 878
706 902
706 934
706 1006
707 795
707 864
707 945
707 974
707 978
708 733
708 735
708 768
708 774
708 791
708 798
708 805
708 841
708 849
708 945
709 747
709 759
709 888
709 904
709 906
709 976
709 996
709 1002
710 798
710 869
710 872
710 880
710 881
710 978
711 865
711 889
711 987
712 764
712 812
712 840
712 870
712 875
712 973
712 997
713 741
713 851
713 861
713 952
713 971
714 788
714 826
714 867
714 872
714 925
714 963
714 970
714 992
714 1001
715 861
715 924
715 1000
716 742
716 793
716 832
716 1018
716 1020
717 781
717 825
717 891
717 902
717 923
717 954
717 977
718 786
718 842
718 985
718 1006
718 1008
719 815
719 966
719 989
720 722
720 757
720 830
721 756
721 777
721 947
721 1005
722 777
722 817
722 878
722 1020
723 838
723 861
723 871
723 920
724 725
724 750
724 763
724 876
724 1006
725 754
725 899
725 909
725 943
725 986
726 870
726 894
726 910
727 731
727 864
727 932
727 961
728 782
728 849
728 861
729 772
729 888
729 905
729 907
729 937
729 939
729 1023
730 778
730 865
730 922
731 764
731 793
731 896
731 1021
732 803
732 889
732 923
732 991
732 1005
733 746
733 784
733 830
733 975
734 745
734 793
734 811
734 969
734 982
735 750
735 753
735 767
735 794
735 833
735 913
736 768
736 783
736 864
736 914
736 956
736 968
736 972
736 998
737 752
737 853
737 944
737 945
737 984
737 1009
738 821
738 827
738 870
738 943
738 951
738 997
738 1021
739 751
739 755
739 830
739 832
739 947
740 749
740 801
741 826
741 900
741 914
741 928
741 952
741 1007
742 769
742 805
742 838
742 864
742 891
743 823
743 824
743 1022
744 776
744 944
744 1008
745 766
745 787
745 805
745 986
746 804
746 935
746 939
746 996
747 986
748 793
748 997
749 763
749 848
749 919
750 782
750 839
750 928
750 963
750 982
751 925
751 944
751 968
751 982
752 771
752 812
752 863
752 873
752 906
752 912
752 977
753 774
753 815
753 887
753 899
754 799
754 807
754 884
754 1000
755 798
756 828
756 898
756 910
756 918
756 953
757 766
757 789
757 853
757 906
757 949
757 978
757 984
759 796
759 891
760 914
760 924
760 1005
761 813
761 859
761 919
761 948
761 992
761 1017
762 768
762 804
762 898
762 927
762 954
763 855
763 905
763 1020
764 881
764 943
764 978
765 808
765 844
765 858
766 1002
767 789
767 821
767 864
767 920
767 933
767 982
767 983
767 1004
768 836
768 841
768 941
769 802
769 803
769 900
769 912
769 915
769 989
769 1010
769 1017
770 788
770 885
770 896
771 774
771 783
771 869
771 920
771 935
772 778
772 852
772 920
772 958
772 966
772 1004
773 870
773 1009
774 799
774 823
774 867
774 979
775 855
775 889
775 896
776 832
776 882
776 911
776 926
776 944
776 948
776 954
777 836
777 851
777 874
777 952
778 805
778 812
778 893
778 899
778 927
779 817
779 845
779 891
779 894
779 992
779 1000
780 793
780 899
780 939
780 960
780 997
781 846
781 858
781 933
781 977
782 850
782 955
782 983
783 815
783 822
783 964
784 792
784 842
784 921
785 804
785 820
785 969
785 987
785 991
786 878
786 954
786 1008
787 976
788 810
788 831
788 993
788 998
788 1006
788 1020
789 793
789 832
789 840
789 961
789 974
789 1023
790 804
790 957
790 997
791 933
791 939
791 940
791 1005
792 925
792 951
793 885
793 992
794 838
794 936
795 834
795 847
795 860
795 913
797 835
797 857
797 945
797 967
797 978
797 994
798 835
798 862
798 870
798 989
799 811
799 830
799 863
799 877
799 948
799 997
800 840
800 858
800 871
800 876
800 897
801 854
801 885
801 936
801 961
802 847
802 853
802 857
802 904
802 943
802 953
802 997
802 1009
802 1011
803 926
803 942
804 925
804 994
805 808
805 866
805 876
805 910
805 918
805 957
805 997
805 1005
806 860
806 959
806 964
807 874
807 968
808 830
808 839
809 852
809 893
809 968
810 863
810 972
810 974
811 856
811 977
811 989
812 954
812 1004
813 839
813 884
813 925
813 961
813 979
814 845
814 939
815 863
815 884
815 907
816 857
816 897
817 902
817 968
817 970
817 999
818 853
818 881
818 904
818 935
818 992
819 973
821 926
821 969
821 981
821 1014
822 869
822 902
822 915
822 957
822 1005
823 848
823 869
823 932
823 960
823 1020
825 895
825 930
825 985
825 1005
825 1008
826 827
827 928
827 953
827 954
827 974
828 925
828 952
829 861
830 910
830 913
831 859
831 922
831 968
832 920
832 970
832 1007
833 860
833 908
833 929
833 966
833 979
833 1006
834 848
834 975
835 859
835 871
835 891
835 895
835 908
835 943
836 879
836 991
837 864
838 848
838 864
838 958
838 1017
839 844
839 872
839 917
840 871
840 910
840 976
841 853
841 887
841 910
841 962
841 1005
842 957
843 949
844 859
845 883
845 969
845 1023
846 915
846 968
846 1008
847 907
847 1007
848 886
848 898
848 965
848 984
848 999
849 891
849 989
850 959
850 980
851 887
851 928
851 972
851 988
852 873
852 900
852 902
853 931
853 990
853 1002
854 880
854 918
854 966
855 939
855 970
855 990
857 917
857 990
858 1012
859 893
860 890
860 950
860 1010
860 1023
861 866
861 878
861 916
861 1002
862 941
862 970
862 977
864 900
864 952
864 973
865 883
865 1013
866 874
866 900
866 1003
866 1023
867 884
867 973
869 879
869 995
869 1008
870 892
870 898
870 999
871 979
872 877
872 949
873 878
873 886
873 913
873 949
874 905
875 1021
876 880
876 930
876 994
877 925
877 982
877 997
878 905
878 930
878 1004
879 952
879 967
879 994
879 1014
880 934
880 967
880 969
881 907
881 948
881 976
881 996
881 1019
882 944
883 922
884 904
884 984
884 989
884 1005
886 976
886 978
887 987
888 975
888 1014
889 907
890 942
891 961
891 1016
892 937
892 956
892 1023
893 895
893 968
893 988
894 971
894 972
895 936
896 927
896 950
897 917
897 956
897 964
897 973
897 1015
898 903
898 976
901 1007
903 949
903 956
903 958
903 1013
903 1018
904 909
904 953
904 1022
905 914
905 936
905 984
906 973
906 1017
908 928
909 932
910 960
910 965
911 970
911 989
913 990
914 934
914 946
915 982
916 957
916 1019
917 949
917 1019
919 926
919 929
919 970
919 1013
920 991
921 937
924 975
924 979
926 948
927 956
927 957
929 978
929 1022
930 982
931 977
932 954
932 988
933 1014
935 957
936 942
936 953
938 988
939 956
939 958
940 954
940 973
940 977
940 993
941 971
943 972
944 987
944 1001
945 957
947 973
948 1004
950 971
950 1007
950 1021
951 1009
952 976
953 979
954 971
954 990
954 1002
955 989
955 1019
956 985
957 996
959 993
960 966
961 983
961 992
961 997
962 969
962 993
962 996
962 1004
964 966
964 998
966 968
966 1005
966 1017
970 973
970 977
970 1008
972 1010
973 978
973 988
977 1006
977 1008
978 991
978 998
979 984
979 993
980 996
980 1007
983 1001
985 991
985 1000
989 999
989 1016
989 1020
990 998
991 993
991 1003
994 995
995 1003
995 1013
995 1014
1002 1010
1019 1020
