0 121
0 227
0 236
0 287
0 297
0 311
0 350
0 448
0 553
0 572
0 622
0 943
1 65
1 303
1 380
1 507
1 682
1 731
1 765
1 820
1 827
1 952
2 114
2 210
2 216
2 229
2 364
2 392
2 455
2 482
2 599
2 603
2 624
2 684
2 702
3 45
3 78
3 90
3 214
3 615
3 632
3 668
3 749
3 756
3 812
3 819
3 820
3 853
3 929
3 977
3 990
4 103
4 118
4 138
4 185
4 192
4 200
4 221
4 239
4 307
4 332
4 342
4 378
4 420
4 444
4 465
4 480
4 606
4 646
4 691
4 719
4 891
4 955
4 1017
5 11
5 17
5 78
5 221
5 283
5 287
5 303
5 317
5 318
5 344
5 371
5 459
5 504
5 627
5 651
5 751
5 774
5 810
5 917
5 927
5 930
5 1009
6 14
6 87
6 153
6 164
6 212
6 319
6 423
6 479
6 493
6 590
6 594
6 614
6 640
6 678
6 758
6 781
6 784
6 852
6 858
6 889
6 943
6 986
7 67
7 69
7 138
7 188
7 224
7 325
7 331
7 350
7 386
7 391
7 410
7 469
7 556
7 583
7 592
7 601
7 627
7 829
7 881
7 904
7 959
8 82
8 95
8 104
8 135
8 171
8 228
8 341
8 521
8 557
8 603
8 638
8 688
8 736
8 840
8 915
8 950
8 1003
8 1011
9 171
9 311
9 345
9 393
9 405
9 424
9 507
9 542
9 568
9 586
9 626
9 665
9 704
9 757
9 772
9 810
10 186
10 204
10 238
10 352
10 369
10 440
10 550
10 604
10 672
10 673
10 674
10 698
10 717
10 806
10 912
11 112
11 122
11 163
11 209
11 234
11 273
11 326
11 405
11 456
11 474
11 540
11 559
11 599
11 830
11 951
12 26
12 40
12 225
12 386
12 436
12 446
12 516
12 628
12 684
12 738
12 808
12 835
12 843
12 886
13 25
13 65
13 128
13 413
13 480
13 489
13 513
13 525
13 526
13 560
13 582
13 723
13 730
13 925
13 1014
14 48
14 116
14 161
14 241
14 377
14 426
14 508
14 587
14 632
14 660
14 722
14 815
14 880
14 963
14 975
15 59
15 82
15 293
15 303
15 366
15 380
15 410
15 429
15 433
15 520
15 572
15 648
15 672
15 700
15 743
15 757
15 801
15 835
15 861
15 882
15 918
16 19
16 33
16 68
16 103
16 219
16 369
16 445
16 567
16 589
16 663
16 704
16 726
16 812
17 84
17 97
17 108
17 249
17 253
17 331
17 339
17 396
17 565
17 672
17 681
17 752
18 32
18 204
18 287
18 353
18 399
18 403
18 428
18 432
18 433
18 489
18 490
18 625
18 734
18 894
18 938
18 940
19 40
19 132
19 198
19 218
19 304
19 322
19 401
19 471
19 501
19 510
19 512
19 684
19 782
19 840
19 847
19 928
19 951
19 1007
20 229
20 350
20 539
20 553
20 694
20 700
20 916
21 59
21 78
21 143
21 192
21 206
21 244
21 258
21 392
21 540
21 761
21 789
21 801
21 830
21 942
21 1009
22 54
22 74
22 93
22 108
22 130
22 169
22 247
22 332
22 341
22 344
22 366
22 391
22 484
22 496
22 553
22 568
22 581
22 660
22 760
22 770
22 905
22 940
22 989
23 103
23 398
23 410
23 422
23 480
23 601
23 628
23 813
23 879
23 903
23 915
23 997
23 1010
24 218
24 276
24 350
24 365
24 498
24 557
24 558
24 612
24 643
24 750
24 759
24 882
24 940
24 980
25 177
25 196
25 265
25 308
25 416
25 483
25 516
25 539
25 588
25 643
25 663
25 803
25 813
25 932
26 71
26 94
26 120
26 166
26 403
26 583
26 740
26 757
26 837
26 933
26 999
26 1018
27 119
27 133
27 169
27 221
27 358
27 408
27 500
27 511
27 544
27 563
27 587
27 659
27 670
27 754
27 895
27 960
28 39
28 130
28 200
28 474
28 511
28 552
28 554
28 584
28 675
28 915
28 931
29 324
29 402
29 465
29 481
29 505
29 548
29 589
29 976
30 108
30 178
30 200
30 316
30 409
30 413
30 430
30 607
30 666
30 676
30 677
30 712
30 716
30 741
30 759
30 914
30 989
30 1007
31 104
31 202
31 208
31 270
31 327
31 339
31 386
31 415
31 539
31 552
31 580
31 830
31 914
31 984
32 52
32 65
32 73
32 76
32 147
32 240
32 241
32 313
32 342
32 561
32 664
32 789
32 865
32 999
33 67
33 79
33 84
33 85
33 154
33 164
33 178
33 285
33 326
33 468
33 594
33 702
33 707
33 794
33 821
33 940
33 990
34 43
34 169
34 172
34 257
34 296
34 489
34 695
34 717
34 733
34 755
34 907
34 934
34 943
35 111
35 148
35 152
35 259
35 407
35 520
35 567
35 571
35 587
35 619
35 674
35 712
35 716
35 734
35 740
35 799
35 814
35 829
35 950
35 971
36 57
36 61
36 63
36 185
36 194
36 277
36 322
36 352
36 408
36 443
36 451
36 522
36 543
36 544
36 756
36 778
36 931
36 963
37 49
37 177
37 212
37 248
37 253
37 274
37 289
37 340
37 351
37 544
37 679
37 698
37 796
37 903
37 956
38 97
38 140
38 188
38 223
38 482
38 492
38 654
38 694
38 719
38 878
38 892
39 47
39 113
39 130
39 188
39 292
39 454
39 465
39 475
39 485
39 519
39 589
39 604
39 663
39 692
39 695
39 713
39 720
39 730
39 778
40 80
40 112
40 138
40 188
40 319
40 470
40 545
40 628
40 642
40 675
41 118
41 135
41 152
41 170
41 207
41 232
41 252
41 278
41 294
41 495
41 505
41 506
41 604
41 638
41 704
41 738
41 750
41 804
41 923
41 938
41 963
41 964
41 978
41 1020
42 51
42 115
42 195
42 352
42 498
42 664
42 680
42 724
42 795
42 1003
42 1013
43 85
43 98
43 189
43 244
43 372
43 484
43 512
43 627
43 635
43 644
43 655
43 677
43 683
43 798
43 842
44 84
44 142
44 167
44 172
44 189
44 292
44 309
44 321
44 544
44 565
44 663
44 705
44 783
44 884
44 892
44 908
44 941
44 1001
44 1002
45 75
45 139
45 157
45 194
45 278
45 309
45 369
45 380
45 400
45 547
45 585
45 630
45 690
45 705
45 745
45 786
45 869
45 952
45 993
46 84
46 212
46 314
46 316
46 390
46 427
46 616
46 662
46 664
46 683
46 699
46 730
46 788
46 791
46 867
46 896
46 907
46 1000
47 276
47 298
47 313
47 354
47 367
47 374
47 379
47 402
47 408
47 563
47 669
47 677
47 701
47 751
47 902
47 904
47 905
47 919
47 950
47 966
47 1000
47 1008
48 259
48 271
48 346
48 371
48 433
48 510
48 594
48 713
48 955
49 57
49 67
49 70
49 177
49 312
49 325
49 331
49 383
49 643
49 645
49 772
49 790
49 838
49 842
50 91
50 110
50 158
50 292
50 338
50 371
50 426
50 451
50 483
50 514
50 601
50 623
50 631
50 705
50 957
50 1000
50 1012
51 154
51 193
51 349
51 498
51 641
51 814
51 835
51 903
52 115
52 151
52 237
52 273
52 346
52 398
52 510
52 526
52 666
52 673
52 686
52 825
53 179
53 248
53 262
53 301
53 302
53 333
53 419
53 679
53 970
53 979
53 1015
54 59
54 63
54 65
54 66
54 317
54 333
54 375
54 462
54 471
54 727
54 820
54 1020
55 57
55 217
55 374
55 404
55 506
55 538
55 684
55 694
55 715
55 767
55 955
55 970
56 119
56 161
56 224
56 230
56 626
56 661
56 673
56 683
56 782
56 800
56 850
56 905
56 943
56 958
56 977
56 1021
57 147
57 172
57 204
57 225
57 255
57 336
57 371
57 377
57 423
57 477
57 555
57 563
57 614
57 622
57 701
57 825
57 911
57 980
58 159
58 488
58 527
58 571
58 601
58 616
58 680
58 708
58 924
59 85
59 231
59 265
59 282
59 381
59 467
59 474
59 488
59 490
59 499
59 654
59 702
59 722
59 754
59 874
59 928
59 953
59 991
60 142
60 186
60 289
60 331
60 389
60 418
60 514
60 603
60 612
60 645
60 732
60 803
60 1022
61 221
61 224
61 380
61 460
61 482
61 584
61 593
61 623
61 665
61 668
61 717
61 736
61 800
61 857
61 934
62 69
62 95
62 188
62 204
62 305
62 335
62 498
62 525
62 533
62 536
62 629
62 671
62 829
62 832
62 840
62 935
62 1023
63 103
63 146
63 198
63 408
63 604
63 639
63 693
63 708
63 729
63 790
63 808
63 878
63 946
63 1008
64 272
64 311
64 343
64 359
64 371
64 382
64 384
64 396
64 443
64 516
64 666
64 697
64 742
64 818
64 844
64 965
64 981
65 140
65 386
65 387
65 458
65 509
65 584
65 767
65 921
66 231
66 312
66 364
66 407
66 442
66 450
66 495
66 540
66 663
66 784
66 845
66 956
66 1006
67 81
67 109
67 168
67 259
67 271
67 279
67 301
67 348
67 350
67 451
67 479
67 531
67 610
67 662
67 687
67 841
67 937
67 953
67 954
67 1005
68 248
68 399
68 425
68 492
68 544
68 560
68 564
68 632
68 667
68 675
68 688
69 88
69 95
69 161
69 302
69 382
69 547
69 665
69 679
69 769
69 807
69 949
69 968
69 990
69 996
69 1008
70 73
70 139
70 145
70 557
70 569
70 615
70 654
70 778
70 789
70 871
70 879
70 916
70 939
70 959
71 90
71 108
71 130
71 395
71 424
71 548
71 551
71 716
71 742
71 751
71 766
71 799
71 819
71 865
71 866
71 873
71 909
71 929
71 958
71 1016
72 177
72 237
72 278
72 393
72 408
72 559
72 765
72 819
72 870
72 929
73 189
73 241
73 280
73 356
73 366
73 372
73 566
73 609
73 683
73 963
73 989
73 1008
73 1019
74 137
74 296
74 308
74 359
74 470
74 483
74 492
74 530
74 589
74 622
74 631
74 709
74 737
74 763
74 979
75 231
75 349
75 493
75 515
75 523
75 651
75 696
75 705
75 777
75 822
75 827
75 867
75 937
76 124
76 164
76 184
76 192
76 193
76 273
76 389
76 395
76 411
76 644
76 654
76 679
76 682
76 917
76 920
76 933
76 969
76 978
76 994
77 98
77 230
77 241
77 302
77 305
77 323
77 374
77 419
77 464
77 525
77 547
77 585
77 739
77 1007
77 1011
78 107
78 149
78 208
78 280
78 425
78 465
78 582
78 708
78 711
78 751
78 791
78 832
78 990
79 134
79 146
79 147
79 162
79 172
79 174
79 178
79 209
79 215
79 275
79 556
79 558
79 600
79 617
79 706
79 768
79 790
79 915
79 1007
80 182
80 191
80 227
80 278
80 311
80 319
80 385
80 408
80 474
80 480
80 615
80 696
80 703
80 794
80 813
80 933
81 113
81 130
81 199
81 238
81 324
81 427
81 533
81 669
81 671
81 815
81 832
81 983
82 132
82 156
82 262
82 442
82 455
82 460
82 508
82 657
82 714
82 911
82 945
83 109
83 175
83 226
83 439
83 512
83 527
83 556
83 635
83 686
83 722
83 868
84 127
84 322
84 332
84 340
84 355
84 398
84 497
84 595
84 623
84 636
84 686
84 726
84 735
85 223
85 325
85 443
85 570
85 659
85 782
85 874
85 880
85 941
86 160
86 198
86 236
86 437
86 473
86 544
86 640
86 786
86 900
86 931
87 222
87 242
87 301
87 316
87 371
87 387
87 450
87 474
87 499
87 607
87 661
87 929
88 89
88 121
88 215
88 347
88 356
88 409
88 420
88 449
88 527
88 608
88 627
88 923
88 1004
88 1020
89 96
89 413
89 515
89 526
89 557
89 637
89 650
89 691
89 750
89 799
89 849
89 905
89 929
89 942
90 123
90 134
90 190
90 217
90 542
90 613
90 643
90 673
90 720
90 750
90 843
90 856
90 942
91 140
91 238
91 284
91 397
91 404
91 405
91 432
91 566
91 610
91 622
91 701
91 796
91 855
91 894
91 918
91 921
91 937
91 977
91 1022
92 444
92 649
92 659
92 712
92 752
92 852
92 920
92 932
92 1018
93 122
93 247
93 305
93 320
93 326
93 378
93 451
93 522
93 642
93 776
93 805
93 937
94 143
94 227
94 353
94 354
94 693
94 758
94 899
94 966
94 975
95 229
95 252
95 323
95 326
95 332
95 458
95 491
95 536
95 670
95 708
95 740
95 858
95 884
95 965
95 968
96 98
96 133
96 232
96 310
96 377
96 404
96 451
96 542
96 574
96 628
96 631
96 652
96 730
96 862
96 951
96 959
97 104
97 119
97 128
97 206
97 429
97 464
97 528
97 581
97 584
97 682
97 771
97 922
97 936
97 959
97 987
97 998
98 122
98 135
98 231
98 243
98 277
98 324
98 414
98 525
98 553
98 576
98 810
98 837
98 874
98 898
98 928
99 111
99 208
99 218
99 226
99 359
99 376
99 450
99 482
99 709
99 750
99 934
99 1003
100 106
100 149
100 216
100 296
100 335
100 509
100 587
100 594
100 647
100 773
100 1004
100 1023
101 168
101 185
101 218
101 429
101 576
101 642
101 698
101 717
101 721
101 743
101 889
101 994
101 1011
102 224
102 286
102 288
102 418
102 450
102 451
102 723
102 746
102 771
102 817
102 869
102 895
102 994
103 125
103 163
103 173
103 254
103 302
103 321
103 352
103 412
103 457
103 683
103 756
103 760
103 827
103 838
103 917
103 1017
104 186
104 202
104 267
104 320
104 439
104 457
104 518
104 622
104 818
104 1003
105 143
105 165
105 283
105 466
105 482
105 547
105 646
105 727
105 764
105 855
105 971
106 146
106 193
106 213
106 227
106 305
106 314
106 316
106 447
106 482
106 510
106 828
106 941
106 1012
107 317
107 381
107 415
107 440
107 459
107 496
107 540
107 544
107 596
107 674
107 702
107 769
107 815
107 874
107 977
107 980
107 1012
108 112
108 133
108 338
108 551
108 653
108 717
108 753
108 807
108 814
108 859
109 222
109 343
109 384
109 461
109 569
109 627
109 747
109 826
109 839
109 905
109 914
109 940
109 944
109 978
109 988
110 119
110 142
110 148
110 247
110 321
110 514
110 610
110 617
110 702
110 703
110 722
110 900
110 939
110 941
110 1016
111 136
111 152
111 497
111 535
111 738
111 801
112 472
112 504
112 507
112 523
112 533
112 546
112 595
112 662
112 689
112 691
112 841
112 897
112 932
112 941
113 152
113 163
113 232
113 252
113 264
113 291
113 295
113 311
113 485
113 502
113 566
113 602
113 682
113 699
113 723
113 912
114 116
114 233
114 414
114 415
114 449
114 499
114 553
114 589
114 939
115 129
115 135
115 178
115 430
115 481
115 621
115 649
115 886
115 912
115 950
115 1000
116 139
116 154
116 193
116 212
116 235
116 240
116 279
116 317
116 325
116 378
116 560
116 621
116 757
117 275
117 278
117 314
117 316
117 527
117 553
117 570
117 708
117 774
117 775
117 836
117 871
117 946
117 947
118 190
118 224
118 259
118 425
118 436
118 455
118 497
118 520
118 527
118 537
118 615
118 643
118 960
118 962
118 982
118 1001
119 147
119 307
119 413
119 468
119 545
119 562
119 579
119 614
119 778
119 926
119 938
120 127
120 157
120 188
120 240
120 261
120 331
120 426
120 432
120 484
120 494
120 591
120 621
120 657
120 787
120 826
120 832
120 874
120 901
120 985
120 1004
121 135
121 184
121 211
121 289
121 346
121 384
121 390
121 427
121 561
121 605
121 630
121 645
121 650
121 735
121 768
121 836
121 883
121 885
121 1001
122 150
122 337
122 354
122 434
122 513
122 552
122 575
122 589
122 623
122 635
122 817
122 829
122 843
123 158
123 218
123 259
123 296
123 368
123 401
123 514
123 758
123 764
123 777
123 865
123 964
123 1000
124 151
124 265
124 297
124 393
124 489
124 517
124 532
124 539
124 630
124 741
124 961
125 213
125 223
125 283
125 289
125 343
125 400
125 401
125 439
125 486
125 515
125 541
125 669
125 719
125 761
125 825
125 830
125 905
125 946
126 142
126 150
126 209
126 284
126 292
126 316
126 338
126 371
126 379
126 424
126 540
126 566
126 578
126 592
126 642
126 660
126 665
126 717
126 726
126 802
126 892
126 935
126 987
126 998
127 260
127 273
127 320
127 379
127 441
127 527
127 536
127 599
127 623
127 765
127 774
127 808
127 935
128 262
128 359
128 373
128 378
128 390
128 495
128 499
128 548
128 559
128 573
128 612
128 851
128 875
128 883
128 900
128 912
128 940
128 997
128 1001
129 210
129 232
129 243
129 266
129 279
129 415
129 548
129 581
129 632
129 643
129 656
129 801
129 949
129 1003
130 300
130 483
130 511
130 640
130 652
130 717
130 758
130 814
130 825
130 876
130 978
130 1015
131 216
131 425
131 450
131 534
131 550
131 784
131 904
132 233
132 276
132 310
132 324
132 509
132 551
132 604
132 678
132 728
132 807
132 934
132 982
133 216
133 280
133 313
133 321
133 410
133 586
133 650
133 657
133 679
133 685
133 727
133 805
133 832
133 882
133 892
134 173
134 283
134 347
134 358
134 521
134 621
134 691
134 698
134 815
134 830
134 894
134 943
134 958
135 146
135 158
135 266
135 271
135 327
135 365
135 467
135 546
135 577
135 622
135 827
135 863
135 1020
136 181
136 355
136 381
136 509
136 771
136 798
136 908
136 939
136 970
136 1007
137 153
137 193
137 207
137 266
137 277
137 311
137 386
137 434
137 478
137 517
137 567
137 648
137 702
137 779
137 809
137 829
137 876
137 922
137 926
137 956
138 161
138 253
138 327
138 426
138 453
138 457
138 512
138 610
138 611
138 619
138 677
138 721
138 736
138 866
138 967
139 141
139 210
139 267
139 293
139 511
139 551
139 561
139 630
139 683
139 722
139 744
139 759
139 800
139 821
139 982
139 1017
140 236
140 271
140 405
140 489
140 544
140 549
140 552
140 630
140 795
140 848
140 972
140 989
141 214
141 270
141 273
141 353
141 561
141 577
141 622
141 671
141 687
141 798
141 821
141 870
141 917
141 1006
142 170
142 210
142 414
142 438
142 519
142 707
142 755
142 769
142 869
143 244
143 267
143 277
143 338
143 414
143 451
143 468
143 513
143 626
143 637
143 740
143 752
143 853
143 893
143 928
144 380
144 438
144 712
144 771
144 804
144 830
144 832
145 237
145 292
145 652
145 963
145 983
145 1020
146 167
146 194
146 228
146 358
146 425
146 584
146 691
146 723
146 942
146 964
146 974
147 177
147 201
147 299
147 685
147 686
147 773
147 859
147 984
148 184
148 239
148 262
148 328
148 337
148 441
148 641
148 684
148 705
148 714
148 752
148 764
148 799
148 808
148 876
149 156
149 184
149 278
149 371
149 383
149 422
149 450
149 463
149 477
149 478
149 514
149 529
149 697
149 820
149 853
149 889
149 940
149 956
149 994
150 172
150 181
150 205
150 218
150 232
150 318
150 323
150 476
150 612
150 652
150 709
150 727
150 740
150 791
150 865
150 874
150 940
150 1005
151 155
151 192
151 279
151 328
151 352
151 533
151 548
151 573
151 591
151 633
151 672
151 724
151 730
151 738
151 743
151 768
151 864
151 902
151 959
151 982
151 986
152 154
152 270
152 294
152 357
152 358
152 524
152 615
152 752
152 766
152 911
152 1001
152 1004
153 185
153 291
153 354
153 460
153 528
153 602
153 615
153 687
153 752
153 755
153 808
153 815
153 1001
153 1003
154 155
154 280
154 322
154 362
154 581
154 621
154 652
154 839
154 929
154 940
154 988
155 302
155 419
155 427
155 462
155 548
155 554
155 960
156 169
156 186
156 224
156 299
156 349
156 359
156 505
156 542
156 547
156 591
156 617
156 655
156 689
156 718
156 790
156 900
156 927
156 945
156 956
156 968
156 976
157 263
157 330
157 625
157 629
157 711
157 780
157 894
157 895
158 248
158 297
158 371
158 435
158 450
158 463
158 499
158 568
158 617
158 689
158 796
158 828
158 884
158 982
159 187
159 236
159 249
159 279
159 378
159 407
159 443
159 592
159 654
159 691
159 718
159 736
159 832
159 845
159 886
160 193
160 241
160 400
160 412
160 451
160 502
160 520
160 606
160 610
160 631
160 639
160 694
160 823
160 841
160 852
161 216
161 266
161 445
161 455
161 468
161 481
161 482
161 673
161 712
161 719
161 751
161 837
161 970
162 311
162 354
162 472
162 665
162 708
162 756
162 759
162 904
162 969
163 275
163 288
163 290
163 345
163 405
163 434
163 508
163 681
163 736
163 788
164 299
164 388
164 593
164 685
164 756
164 950
164 970
164 979
164 988
165 198
165 213
165 242
165 258
165 387
165 418
165 442
165 498
165 505
165 531
165 556
165 659
165 820
165 829
165 951
166 269
166 450
166 529
166 597
166 601
166 703
166 724
166 888
167 222
167 280
167 282
167 361
167 461
167 502
167 504
167 513
167 740
167 811
167 920
167 923
167 953
168 321
168 361
168 429
168 478
168 528
168 534
168 535
168 579
168 585
168 594
168 597
168 687
168 700
168 723
168 794
168 810
168 835
169 217
169 234
169 259
169 343
169 389
169 431
169 437
169 558
169 586
169 592
169 669
169 801
169 892
169 924
169 948
169 974
170 177
170 202
170 209
170 227
170 230
170 299
170 306
170 389
170 396
170 469
170 543
170 613
170 761
170 826
170 905
171 285
171 429
171 602
171 620
171 761
171 790
171 990
172 182
172 278
172 374
172 424
172 432
172 479
172 597
172 684
173 245
173 362
173 418
173 424
173 480
173 589
173 634
173 744
173 766
173 807
173 828
173 842
173 853
173 935
173 942
173 948
173 964
173 998
174 188
174 254
174 256
174 297
174 348
174 393
174 505
174 576
174 603
174 718
174 789
174 936
174 937
174 961
175 208
175 216
175 244
175 279
175 425
175 447
175 542
175 737
175 742
175 747
175 774
175 809
175 862
175 871
175 878
175 889
175 970
175 991
175 1001
175 1022
176 178
176 229
176 237
176 347
176 396
176 415
176 785
176 789
176 812
176 893
176 935
176 1000
177 368
177 470
177 472
177 483
177 531
177 560
177 571
177 584
177 607
177 619
177 659
177 768
177 817
177 876
177 878
177 891
177 907
177 941
177 948
177 967
178 217
178 227
178 262
178 332
178 344
178 351
178 354
178 388
178 412
178 457
178 584
178 624
178 640
178 671
178 683
178 790
178 909
178 947
178 982
179 223
179 231
179 267
179 328
179 355
179 358
179 490
179 579
179 585
179 819
179 894
179 978
180 220
180 221
180 264
180 540
180 757
180 788
180 841
180 913
180 1005
180 1023
181 207
181 277
181 389
181 421
181 463
181 610
181 643
181 683
181 857
181 1003
182 369
182 380
182 414
182 510
182 639
182 644
182 665
182 811
182 812
182 851
182 1001
183 320
183 498
183 542
183 559
183 562
183 659
183 781
183 867
183 897
183 902
183 919
183 1002
184 267
184 339
184 394
184 446
184 540
184 687
184 706
184 729
184 743
184 756
184 757
184 779
184 846
184 974
184 979
185 362
185 480
185 539
185 593
185 612
185 625
185 664
185 790
186 221
186 261
186 268
186 391
186 471
186 589
186 599
186 730
186 803
186 915
186 952
186 956
186 1019
187 216
187 299
187 303
187 313
187 327
187 385
187 386
187 488
187 500
187 759
187 770
187 852
187 859
187 919
187 996
188 264
188 359
188 392
188 431
188 503
188 554
188 632
188 700
188 731
188 751
188 958
188 1022
189 215
189 293
189 352
189 402
189 631
189 686
189 777
189 782
189 897
189 910
190 269
190 295
190 324
190 614
190 617
190 622
190 688
190 798
190 812
190 909
191 199
191 247
191 303
191 323
191 364
191 438
191 849
191 922
191 974
192 197
192 205
192 247
192 302
192 361
192 378
192 401
192 556
192 599
192 643
192 648
192 722
192 787
192 936
193 203
193 218
193 279
193 408
193 413
193 445
193 553
193 622
193 638
193 659
193 714
193 767
193 838
193 871
193 932
194 202
194 311
194 340
194 407
194 427
194 469
194 480
194 745
194 746
194 755
194 764
194 792
194 842
194 964
195 208
195 267
195 413
195 464
195 567
195 580
195 593
195 642
195 645
195 825
195 827
195 901
195 908
195 1005
195 1018
196 215
196 331
196 339
196 355
196 380
196 492
196 586
196 693
196 790
196 810
196 917
196 925
196 976
196 987
197 213
197 320
197 420
197 443
197 457
197 669
197 701
197 944
197 961
197 995
197 1013
198 249
198 252
198 294
198 452
198 465
198 472
198 488
198 536
198 624
198 718
198 734
198 777
198 808
198 874
198 909
198 914
198 920
198 981
198 1002
198 1017
199 225
199 262
199 304
199 332
199 454
199 489
199 524
199 571
199 641
199 650
199 853
199 864
199 894
200 265
200 308
200 309
200 323
200 394
200 399
200 404
200 413
200 484
200 633
200 736
200 774
200 783
200 822
200 836
200 853
200 968
200 994
201 297
201 356
201 360
201 427
201 443
201 630
201 660
201 680
201 719
201 722
201 796
201 805
201 844
201 977
202 236
202 248
202 475
202 480
202 597
202 616
202 644
202 673
202 711
202 738
202 786
202 793
202 816
202 834
202 893
202 911
202 950
202 974
202 996
202 1023
203 266
203 381
203 398
203 468
203 527
203 573
203 598
203 658
203 805
203 844
203 959
203 962
204 257
204 365
204 485
204 553
204 630
204 686
204 777
204 953
205 432
205 435
205 547
205 611
205 659
205 705
205 727
205 750
205 791
205 818
206 265
206 414
206 568
206 761
206 798
206 855
206 978
207 316
207 344
207 395
207 555
207 577
207 683
207 706
207 735
207 877
207 894
207 918
207 1010
208 257
208 307
208 351
208 621
208 717
208 821
208 894
208 902
208 904
209 283
209 306
209 311
209 446
209 534
209 594
209 628
209 707
209 764
209 782
209 794
209 927
210 341
210 425
210 480
210 665
210 689
210 707
210 816
210 877
211 353
211 389
211 409
211 518
211 566
211 605
211 697
211 701
211 725
211 834
212 228
212 252
212 344
212 362
212 367
212 543
212 631
212 830
212 840
212 909
212 944
212 963
212 1000
213 215
213 381
213 405
213 468
213 470
213 472
213 507
213 548
213 551
213 581
213 617
213 630
213 677
213 730
213 757
213 792
213 800
213 809
213 825
213 896
213 912
213 941
214 237
214 293
214 500
214 587
214 694
214 785
214 812
214 829
215 334
215 479
215 559
215 610
215 811
215 974
215 1009
216 217
216 223
216 546
216 573
216 620
216 653
216 704
216 785
216 872
216 953
217 379
217 429
217 464
217 505
217 647
217 653
217 733
217 794
217 803
217 821
217 831
217 971
218 293
218 297
218 436
218 645
218 702
218 976
218 992
218 1017
219 443
219 490
219 511
219 528
219 546
219 550
219 671
219 682
219 764
219 933
220 374
220 390
220 410
220 542
220 566
220 666
220 669
220 671
220 754
220 821
220 920
220 950
221 387
221 390
221 438
221 473
221 476
221 485
221 646
221 726
221 728
221 735
221 778
221 779
221 796
221 806
221 812
221 868
221 896
221 907
221 996
222 238
222 258
222 267
222 277
222 523
222 536
222 552
222 579
222 631
222 656
222 669
222 708
222 743
222 1017
223 267
223 329
223 436
223 561
223 564
223 576
223 593
223 808
223 820
223 896
223 928
223 966
224 267
224 315
224 412
224 413
224 444
224 605
224 735
225 333
225 359
225 503
225 577
225 702
225 711
225 712
225 740
225 745
225 762
225 784
225 791
225 827
226 264
226 284
226 358
226 508
226 553
226 693
226 853
226 855
227 245
227 251
227 305
227 311
227 320
227 374
227 409
227 571
227 594
227 774
227 823
227 934
228 243
228 248
228 354
228 385
228 474
228 478
228 513
228 517
228 519
228 543
228 624
228 665
228 671
228 672
228 699
228 824
228 836
228 891
228 992
228 994
228 1013
229 263
229 408
229 506
229 616
229 621
229 639
229 678
229 844
230 276
230 287
230 460
230 490
230 494
230 525
230 537
230 592
230 692
230 847
230 890
230 970
230 976
230 1017
231 256
231 401
231 435
231 447
231 489
231 490
231 519
231 550
231 632
231 651
231 668
231 700
231 839
231 842
231 911
231 913
231 1017
232 397
232 518
232 666
232 807
232 855
232 864
232 880
232 966
232 977
232 1019
233 422
233 505
233 516
233 558
233 566
233 670
233 701
233 776
233 826
233 837
233 898
233 905
233 999
234 271
234 275
234 358
234 385
234 673
234 677
234 787
234 838
234 850
234 934
234 999
234 1007
235 276
235 282
235 319
235 322
235 620
235 647
235 725
235 741
235 780
235 791
235 797
235 948
235 956
235 990
236 270
236 313
236 383
236 441
236 566
236 583
236 604
236 622
236 651
236 737
236 856
236 976
236 1016
237 285
237 376
237 450
237 463
237 526
237 548
237 566
237 790
237 796
237 841
237 905
238 412
238 440
238 476
238 516
238 624
238 751
238 799
238 814
238 847
238 850
238 869
238 942
238 948
239 251
239 274
239 325
239 328
239 363
239 440
239 608
239 610
239 737
239 840
239 846
239 880
239 1016
240 352
240 405
240 453
240 518
240 571
240 645
240 723
240 821
240 874
240 932
241 360
241 428
241 465
241 482
241 516
241 562
241 614
241 835
241 890
241 947
241 996
242 297
242 298
242 355
242 407
242 531
242 623
242 647
242 667
242 929
242 995
243 253
243 302
243 370
243 420
243 751
243 754
243 854
243 1012
244 295
244 297
244 428
244 528
244 534
244 565
244 647
244 757
244 837
244 868
244 885
244 918
244 933
244 950
244 960
244 993
244 1023
245 340
245 354
245 360
245 414
245 416
245 466
245 492
245 505
245 617
245 791
245 810
245 811
245 962
246 260
246 406
246 505
246 577
246 806
246 834
246 868
246 990
246 1003
246 1006
247 416
247 462
247 531
247 576
247 587
247 621
247 625
247 672
247 682
247 694
247 727
247 917
247 950
247 1009
248 266
248 274
248 327
248 331
248 438
248 503
248 541
248 568
248 581
248 657
248 757
248 805
248 837
248 843
248 1007
248 1011
249 272
249 310
249 398
249 492
249 643
249 655
249 706
249 737
249 769
249 840
249 845
249 865
249 926
250 440
250 458
250 526
250 717
250 970
251 409
251 545
251 592
251 601
251 656
251 670
251 692
251 793
252 335
252 409
252 528
252 541
252 559
252 751
252 774
252 823
252 826
252 829
252 871
252 941
252 995
253 305
253 355
253 356
253 420
253 487
253 498
253 503
253 549
253 621
253 642
253 706
253 737
253 858
253 870
253 876
253 901
253 1003
254 451
254 464
254 629
254 727
254 751
254 856
254 931
255 290
255 305
255 306
255 363
255 388
255 447
255 537
255 551
255 573
255 608
255 818
255 883
255 891
255 977
256 363
256 446
256 451
256 481
256 486
256 544
256 549
256 576
256 636
256 664
256 755
256 774
256 781
256 828
256 994
256 1014
257 413
257 431
257 473
257 486
257 566
257 593
257 609
257 624
257 708
257 765
257 822
257 928
258 273
258 394
258 470
258 506
258 722
258 884
258 988
259 344
259 367
259 374
259 435
259 451
259 470
259 513
259 559
259 578
259 585
259 621
259 629
259 640
259 657
259 690
259 730
259 756
259 794
259 812
259 862
259 899
260 559
260 797
260 832
260 841
261 276
261 417
261 540
261 541
261 646
261 842
261 930
262 394
262 436
262 520
262 521
262 651
262 691
262 698
262 717
262 725
262 782
263 307
263 363
263 371
263 423
263 476
263 573
263 594
263 699
263 733
263 914
263 938
263 945
263 973
264 314
264 324
264 437
264 483
264 611
264 676
264 729
264 845
264 878
264 962
264 979
264 988
264 1002
264 1007
264 1014
265 269
265 365
265 385
265 529
265 624
265 653
265 746
265 790
265 927
266 306
266 346
266 417
266 479
266 519
266 633
266 642
266 666
266 749
266 846
266 934
267 281
267 312
267 395
267 401
267 499
267 688
267 734
267 779
267 877
267 885
267 929
267 935
268 294
268 318
268 407
268 438
268 439
268 520
268 579
268 623
268 736
268 775
268 816
268 892
268 930
268 972
268 1016
269 289
269 402
269 414
269 661
269 684
269 697
269 723
269 803
269 853
269 879
269 948
270 310
270 332
270 343
270 387
270 436
270 474
270 762
270 845
270 937
270 990
270 1022
271 441
271 512
271 544
271 570
271 714
271 728
271 769
271 800
271 925
271 959
271 994
272 396
272 499
272 543
272 571
272 573
272 594
272 599
272 686
272 783
272 882
272 908
272 918
272 919
272 922
272 937
272 994
273 623
273 835
273 908
273 954
273 956
274 368
274 430
274 448
274 556
274 607
274 671
274 676
274 700
274 707
274 756
274 809
274 845
274 916
275 278
275 288
275 341
275 395
275 401
275 404
275 476
275 580
275 674
275 690
275 744
275 752
275 757
275 771
275 862
275 878
275 1015
276 296
276 352
276 357
276 487
276 535
276 653
276 663
276 750
276 752
276 763
276 773
276 824
276 913
276 972
277 278
277 399
277 491
277 497
277 624
277 659
277 664
277 690
277 755
277 792
277 911
277 927
277 953
278 291
278 302
278 560
278 648
278 725
278 755
278 792
278 807
278 972
278 996
278 1010
279 282
279 469
279 484
279 485
279 676
279 685
279 825
279 831
279 868
279 886
279 904
279 988
280 345
280 435
280 459
280 528
280 531
280 532
280 572
280 604
280 658
280 660
280 709
280 724
280 739
280 790
280 844
280 879
280 885
280 939
280 984
281 442
281 508
281 514
281 611
281 709
281 749
281 776
281 788
281 794
281 796
281 814
281 817
281 825
281 898
281 968
282 333
282 359
282 369
282 411
282 455
282 626
282 683
282 687
282 710
282 734
282 767
282 945
282 996
283 312
283 352
283 451
283 459
283 509
283 697
283 706
283 822
283 959
283 986
283 988
284 323
284 334
284 350
284 430
284 557
284 633
284 652
284 678
284 730
284 815
284 834
285 348
285 457
285 463
285 649
285 665
285 702
285 736
285 809
285 877
285 941
285 990
285 1006
286 296
286 398
286 404
286 492
286 590
286 608
286 673
286 688
286 764
286 799
286 838
286 852
286 856
286 914
286 950
286 1013
287 293
287 468
287 529
287 556
287 621
287 641
287 663
287 711
287 747
287 817
287 890
287 904
287 976
287 1013
288 339
288 439
288 458
288 500
288 508
288 530
288 537
288 603
288 620
288 651
288 658
288 663
288 665
288 797
288 800
288 935
288 979
289 394
289 396
289 409
289 494
289 592
289 597
289 662
289 671
289 716
289 733
289 757
289 901
289 920
290 301
290 376
290 485
290 541
290 641
290 658
290 704
290 706
290 759
290 829
290 868
290 876
290 901
290 913
290 923
290 942
290 949
291 347
291 425
291 460
291 472
291 491
291 499
291 532
291 585
291 616
291 648
291 657
291 659
291 726
291 755
291 766
291 835
291 884
291 917
291 973
292 368
292 421
292 567
292 571
292 579
292 629
292 670
292 775
292 918
292 993
292 1012
292 1020
293 316
293 391
293 454
293 535
293 549
293 819
293 916
294 536
294 648
294 752
294 773
294 797
294 846
294 921
294 956
294 996
295 304
295 313
295 352
295 455
295 473
295 527
295 537
295 590
295 608
295 613
295 621
295 663
295 702
295 730
295 836
296 379
296 462
296 475
296 478
296 580
297 302
297 309
297 428
297 445
297 462
297 476
297 507
297 535
297 601
297 661
297 685
297 689
297 833
297 892
298 341
298 381
298 476
298 669
298 681
298 691
298 831
298 841
298 845
298 883
298 898
298 947
298 990
299 336
299 513
299 521
299 529
299 602
299 604
299 758
299 776
299 863
299 895
300 350
300 357
300 409
300 516
300 625
300 730
300 841
300 972
301 333
301 341
301 388
301 453
301 486
301 491
301 502
301 579
301 581
301 962
302 373
302 402
302 422
302 438
302 446
302 498
302 511
302 573
302 606
302 708
302 711
302 713
302 769
302 883
302 916
303 390
303 398
303 431
303 572
303 578
303 875
303 924
303 965
304 370
304 443
304 491
304 538
304 596
304 610
304 706
304 765
304 886
304 898
304 914
304 954
304 957
304 960
304 969
304 982
305 312
305 323
305 338
305 358
305 378
305 403
305 502
305 532
305 533
305 536
305 625
305 678
305 754
305 973
306 340
306 348
306 379
306 542
306 568
306 585
306 588
306 678
306 728
306 835
306 905
306 1011
307 335
307 358
307 373
307 716
307 776
307 801
307 868
307 884
307 892
307 903
307 954
307 1014
308 313
308 399
308 444
308 503
308 524
308 589
308 631
308 657
308 796
308 883
308 892
308 973
309 332
309 428
309 489
309 497
309 558
309 619
309 828
309 1010
310 351
310 354
310 423
310 458
310 466
310 519
310 714
310 823
310 849
310 853
310 902
310 955
310 965
310 1002
310 1023
311 477
311 479
311 523
311 585
311 635
311 729
311 757
311 837
311 867
311 874
312 413
312 470
312 475
312 551
312 571
312 613
312 643
312 679
312 683
312 784
312 791
312 802
312 855
312 969
313 349
313 356
313 375
313 423
313 468
313 490
313 674
313 845
313 891
313 896
314 325
314 530
314 672
314 676
314 713
314 766
314 773
314 847
314 879
315 392
315 393
315 444
315 491
315 546
315 610
315 697
315 733
315 782
315 801
315 869
315 871
315 1010
316 339
316 348
316 544
316 634
316 803
316 827
316 862
316 925
316 932
316 964
317 376
317 445
317 492
317 573
317 636
317 674
317 693
317 791
317 794
317 987
317 995
318 542
318 574
318 592
318 593
318 648
318 693
318 745
318 820
318 862
318 881
318 916
318 927
319 347
319 355
319 390
319 526
319 637
319 649
319 741
319 809
319 943
319 1010
320 497
320 597
320 700
320 756
320 825
320 874
320 889
320 912
320 931
320 976
321 378
321 548
321 585
321 833
321 919
321 921
321 950
321 968
321 1005
322 357
322 393
322 461
322 476
322 558
322 574
322 734
322 856
322 869
322 980
323 328
323 376
323 466
323 556
323 591
323 617
323 695
323 742
323 762
323 814
323 936
324 341
324 372
324 539
324 645
324 731
324 828
324 898
324 935
325 421
325 506
325 523
325 667
325 701
325 705
325 813
325 815
325 856
325 912
325 980
326 392
326 405
326 407
326 510
326 516
326 627
326 667
326 686
326 691
326 791
326 829
326 852
326 886
326 917
326 961
326 1004
327 349
327 426
327 440
327 569
327 595
327 629
327 683
327 719
327 734
327 741
327 753
327 859
327 881
327 919
328 377
328 380
328 441
328 450
328 482
328 562
328 599
328 623
328 640
328 661
328 785
328 823
328 850
328 934
328 983
329 331
329 469
329 560
329 582
329 626
329 775
329 798
329 856
329 858
329 910
329 934
330 510
330 637
330 649
330 680
330 731
330 735
330 802
330 857
330 947
330 952
331 343
331 350
331 377
331 384
331 398
331 420
331 427
331 471
331 476
331 520
331 688
331 698
331 722
331 844
331 945
331 959
331 982
332 381
332 414
332 551
332 553
332 569
332 577
332 584
332 629
332 777
332 859
332 883
332 1002
332 1013
332 1018
333 334
333 367
333 462
333 537
333 616
333 654
333 656
333 668
333 720
333 733
333 752
333 756
333 797
333 809
333 810
333 934
334 378
334 391
334 626
334 667
334 693
334 718
334 742
334 760
334 767
334 934
335 440
335 575
335 844
335 856
335 891
335 956
336 397
336 426
336 448
336 584
336 812
336 969
336 1021
337 580
337 617
337 844
337 860
337 943
337 1004
338 422
338 435
338 459
338 460
338 557
338 587
339 364
339 400
339 517
339 734
339 841
339 877
339 880
339 978
339 1018
340 379
340 403
340 432
340 453
340 501
340 553
340 554
340 591
340 624
341 407
341 414
341 559
341 612
341 650
341 741
341 1005
342 370
342 376
342 512
342 540
342 590
342 743
342 749
342 787
342 797
342 813
342 901
342 910
343 363
343 431
343 464
343 501
343 530
343 531
343 552
343 652
343 845
343 895
343 950
343 990
344 380
344 396
344 608
344 632
344 678
344 699
344 805
344 888
344 903
345 370
345 511
345 551
345 655
345 704
345 709
345 720
345 762
345 764
345 814
345 826
345 866
345 906
345 979
345 986
345 1020
346 349
346 364
346 460
346 466
346 580
346 584
346 683
346 771
346 791
346 856
346 982
346 997
347 384
347 480
347 521
347 529
347 650
347 745
347 932
347 994
348 430
348 500
348 664
348 678
348 696
348 724
348 770
348 773
348 837
348 859
348 936
348 995
349 363
349 435
349 486
349 560
349 691
349 829
349 929
349 958
349 1001
350 480
350 501
350 511
350 678
350 713
350 731
350 796
350 843
350 856
350 955
351 424
351 436
351 468
351 481
351 485
351 511
351 521
351 607
351 637
351 653
351 734
351 777
351 815
351 841
352 362
352 382
352 471
352 565
352 747
352 763
352 796
352 805
352 849
352 859
352 890
352 918
352 948
352 979
352 994
353 368
353 381
353 508
353 548
353 766
353 790
353 837
353 992
354 447
354 470
354 622
354 628
354 674
354 742
354 750
354 823
354 848
355 432
355 459
355 514
355 622
355 720
355 761
355 823
355 858
355 903
355 909
355 921
355 947
356 373
356 468
356 509
356 522
356 963
357 565
357 576
357 661
357 720
357 765
357 840
357 847
357 923
357 1000
358 499
358 615
358 646
358 652
358 738
358 742
358 874
358 921
358 953
359 395
359 413
359 448
359 490
359 701
359 726
359 752
359 777
359 824
359 863
359 949
360 383
360 435
360 599
360 663
360 737
360 750
360 753
360 800
360 959
361 366
361 374
361 399
361 406
361 437
361 494
361 502
361 600
361 653
361 820
361 858
361 965
362 458
362 501
362 543
362 596
362 665
362 722
362 727
362 883
362 992
363 401
363 521
363 574
363 601
363 618
363 649
363 873
363 957
363 975
364 442
364 445
364 471
364 490
364 660
364 667
364 677
364 755
364 767
364 808
364 872
364 882
364 942
365 379
365 427
365 447
365 468
365 492
365 629
365 645
365 701
365 765
365 836
365 850
365 965
365 983
366 461
366 496
366 616
366 652
366 750
366 751
366 765
366 786
366 788
366 829
366 854
366 919
367 373
367 468
367 492
367 558
367 817
367 820
367 869
367 917
367 936
367 1008
368 504
368 545
368 564
368 607
368 643
368 738
368 762
368 839
368 908
368 930
369 402
369 406
369 551
369 583
369 603
369 782
369 812
369 906
369 949
369 960
369 1006
369 1008
370 378
370 452
370 483
370 494
370 523
370 654
370 681
370 810
370 844
370 863
370 882
371 382
371 428
371 474
371 492
371 532
371 552
371 596
371 652
371 724
371 752
371 866
371 911
371 922
371 986
371 989
372 407
372 504
372 528
372 620
372 638
372 713
372 730
372 784
372 785
372 813
372 883
372 925
372 943
372 957
372 986
372 987
372 1014
373 606
373 654
373 672
373 773
373 974
374 410
374 510
374 665
374 705
374 727
374 728
374 825
374 913
375 387
375 422
375 698
375 844
375 853
375 875
375 876
375 924
375 927
375 1006
376 482
376 588
376 697
376 702
376 724
376 871
376 873
376 905
376 958
376 962
376 972
377 558
377 576
377 655
377 971
378 384
378 515
378 689
378 746
378 802
378 825
378 859
378 918
378 922
378 934
379 424
379 439
379 487
379 546
379 600
379 664
379 717
380 430
380 440
380 447
380 460
380 553
380 555
380 562
380 567
380 658
380 835
380 949
380 976
380 989
381 423
381 563
381 568
381 655
381 718
381 752
381 755
381 882
382 450
382 495
382 652
382 711
382 732
382 737
382 781
382 806
382 820
382 834
382 886
382 902
382 922
382 964
383 414
383 428
383 497
383 556
383 588
383 670
383 759
383 784
383 814
383 826
384 425
384 441
384 510
384 555
384 556
384 609
384 734
384 752
384 868
384 876
384 916
384 941
385 479
385 556
385 565
385 749
385 812
385 890
386 430
386 456
386 588
386 617
386 808
386 865
386 878
386 967
386 971
387 415
387 510
387 584
387 587
387 677
387 699
387 827
387 878
387 881
387 886
387 989
388 420
388 524
388 644
388 662
388 897
388 1006
389 397
389 457
389 515
389 550
389 615
389 619
389 657
389 817
389 843
389 845
389 900
389 905
389 951
389 1014
390 447
390 459
390 589
390 746
390 840
390 862
390 886
391 414
391 453
391 530
391 750
391 818
391 855
391 868
391 936
391 1011
391 1018
391 1019
392 393
392 451
392 485
392 582
392 628
392 643
392 761
392 834
392 901
392 919
392 946
393 579
393 784
393 910
393 966
393 1008
393 1013
394 439
394 491
394 507
394 530
394 538
394 610
394 640
394 930
394 990
395 453
395 575
395 622
395 623
395 638
395 695
395 785
395 859
395 889
395 891
395 912
396 487
396 513
396 671
396 755
396 774
396 820
396 922
396 994
396 1012
397 481
397 499
397 621
397 671
397 728
397 738
397 785
397 787
397 803
397 843
398 428
398 508
398 512
398 513
398 667
398 793
398 969
398 970
398 999
399 465
399 474
399 523
399 740
399 770
399 779
399 866
399 919
399 1018
400 460
400 528
400 544
400 678
400 778
400 838
400 842
400 851
400 930
401 460
401 500
401 512
401 550
401 569
401 682
401 690
401 813
401 949
401 1012
402 537
402 569
402 618
402 676
402 697
402 758
402 759
402 845
402 874
402 921
402 956
402 976
402 1007
403 422
403 475
403 529
403 731
403 823
403 829
403 853
403 877
403 895
403 975
403 1004
404 544
404 565
404 580
404 720
404 759
404 765
404 867
404 891
404 985
405 421
405 428
405 439
405 454
405 461
405 484
405 773
405 825
405 915
405 918
405 964
405 972
405 993
406 466
406 510
406 557
406 646
406 664
406 731
406 753
406 799
406 850
406 851
406 853
406 895
406 899
406 946
406 993
407 515
407 555
407 567
407 703
407 769
407 812
408 424
408 439
408 481
408 484
408 591
408 729
408 746
408 849
408 866
408 870
408 896
408 1002
409 530
409 597
409 635
409 732
409 821
409 836
410 601
410 699
410 820
410 880
410 884
410 913
410 959
411 494
411 514
411 567
411 596
411 625
411 706
411 791
411 927
412 431
412 563
412 606
412 661
412 987
412 1016
413 414
413 426
413 482
413 512
413 699
413 734
413 748
413 841
413 962
413 1000
413 1006
414 566
414 590
414 636
414 735
414 827
414 962
415 427
415 500
415 648
415 655
415 735
415 789
415 868
415 1022
416 418
416 502
416 598
416 619
416 681
416 691
416 703
416 757
416 766
416 892
416 899
416 924
417 457
417 461
417 515
417 811
417 832
417 875
417 892
417 896
417 934
417 943
417 959
418 461
418 478
418 515
418 608
418 618
418 772
419 461
419 560
419 593
419 658
419 693
419 725
419 773
419 805
419 911
419 967
420 505
420 625
420 684
420 753
420 834
420 898
420 971
421 584
421 594
421 641
421 743
421 896
421 941
421 951
422 425
422 427
422 438
422 461
422 480
422 539
422 706
422 718
422 760
422 766
422 785
422 789
422 841
422 873
422 875
422 904
422 984
423 525
423 684
423 726
423 775
423 959
423 1001
423 1013
424 637
424 696
424 719
424 780
424 784
424 837
424 890
425 532
425 738
425 762
425 772
425 864
425 930
425 943
425 991
425 1019
426 450
426 533
426 573
426 644
426 702
426 715
426 818
426 853
426 906
426 921
426 1004
427 450
427 467
427 531
427 601
427 667
427 677
427 830
427 855
427 1003
428 464
428 496
428 526
428 554
428 559
428 623
428 713
428 743
428 1021
429 478
429 491
429 580
429 618
429 674
429 762
429 984
429 999
429 1021
430 477
430 482
430 518
430 530
430 570
430 700
430 882
430 927
431 520
431 555
431 599
431 718
431 727
431 730
431 813
431 847
431 848
431 881
432 590
432 617
432 647
432 685
432 789
432 790
432 857
432 864
433 512
433 592
433 610
433 671
433 767
433 786
433 912
433 958
434 530
434 667
434 720
434 981
435 489
435 522
435 555
435 670
435 706
435 733
435 897
435 919
435 944
435 946
436 567
436 569
436 591
436 881
436 1016
437 485
437 764
437 839
437 904
437 933
437 948
438 449
438 478
438 506
438 537
438 607
438 683
438 790
438 935
438 943
439 458
439 669
439 674
439 697
439 699
439 740
439 791
439 824
439 852
440 450
440 463
440 496
440 565
440 618
440 647
440 747
440 769
440 894
440 903
440 915
441 505
441 528
441 546
441 585
441 602
441 608
441 634
441 813
441 816
441 882
441 889
441 1019
442 454
442 477
442 525
442 551
442 592
442 609
442 780
442 974
443 451
443 468
443 480
443 496
443 498
443 537
443 549
443 639
443 657
443 659
443 828
443 865
443 900
443 946
443 1021
444 587
444 652
444 731
444 790
444 886
444 953
444 985
444 988
445 563
445 601
445 755
445 880
445 952
446 456
446 472
446 542
446 609
446 685
446 730
446 755
446 808
446 823
446 878
446 933
446 935
446 948
446 974
447 458
447 464
447 584
447 622
447 659
447 675
447 705
447 711
447 761
447 828
447 879
447 901
447 955
447 982
447 985
448 488
448 579
448 637
448 698
448 736
448 780
448 844
448 883
448 927
448 964
449 622
449 658
449 753
449 785
449 806
449 864
450 511
450 514
450 526
450 535
450 619
450 620
450 625
450 631
450 653
451 532
451 608
451 662
451 676
451 727
451 777
451 807
451 818
452 508
452 612
452 720
453 501
453 530
453 537
453 619
453 739
453 834
453 871
454 545
454 608
454 617
454 691
454 695
454 733
454 885
454 988
455 533
455 534
455 581
455 606
455 611
455 653
455 660
455 690
455 935
455 946
455 996
456 481
456 602
456 651
456 655
456 658
456 786
456 794
456 831
456 909
456 988
457 465
457 479
457 774
457 811
457 973
457 994
458 763
458 805
458 872
459 535
459 561
459 638
459 693
459 701
459 859
459 895
459 901
459 946
459 973
460 486
460 546
460 699
460 794
460 885
460 892
460 975
461 563
461 568
461 620
461 666
461 918
461 960
462 557
462 558
462 592
462 631
462 777
462 834
462 881
462 939
462 958
462 974
462 1015
463 499
463 529
463 558
463 586
463 660
463 705
463 843
464 541
464 566
464 596
464 752
464 771
464 853
464 854
464 883
465 498
465 514
465 524
465 550
465 571
465 638
465 682
465 733
465 958
466 555
466 719
466 751
466 914
466 1016
467 472
467 519
467 526
467 584
467 720
467 795
467 832
467 929
467 978
468 559
468 580
468 589
468 672
468 748
468 756
468 781
468 821
468 829
468 879
468 1001
469 506
469 560
469 588
469 619
469 775
469 782
469 804
469 835
469 919
469 961
469 1011
470 592
470 657
470 687
470 744
470 772
470 780
470 800
470 816
470 823
470 843
470 960
471 475
471 498
471 509
471 512
471 899
472 521
472 654
472 664
472 720
472 724
472 763
472 780
472 879
472 890
472 1008
473 539
473 546
473 549
473 579
473 606
473 617
473 637
473 964
474 569
474 584
474 689
474 903
474 927
474 934
474 977
474 979
474 1004
475 493
475 659
475 777
475 809
475 846
475 858
475 973
476 519
476 554
476 561
476 631
476 756
476 834
476 849
476 927
476 959
476 1005
476 1023
477 510
477 599
477 733
477 799
477 834
477 886
477 966
478 530
478 531
478 548
478 644
478 752
478 783
478 789
478 815
478 860
479 517
479 566
479 589
479 612
479 638
479 824
479 858
479 859
479 893
479 1015
480 648
480 862
480 975
480 986
481 550
481 626
481 730
481 771
481 802
481 854
481 872
481 1006
482 564
482 720
483 528
483 584
483 597
483 639
483 698
483 731
483 733
483 747
483 770
483 793
483 859
483 891
483 935
483 1016
484 588
484 589
484 635
484 669
484 718
484 835
484 895
484 920
484 930
484 935
484 939
484 945
484 985
485 501
485 623
485 624
485 677
485 807
485 991
486 519
486 594
486 601
486 641
486 661
486 696
486 750
486 762
486 901
486 909
486 935
487 491
487 498
487 549
487 774
487 845
487 902
487 904
488 501
488 557
488 566
488 875
488 897
488 944
488 977
488 1012
489 527
489 583
489 610
489 673
489 751
489 785
490 550
490 575
490 584
490 603
490 649
490 723
490 742
490 871
490 890
490 911
490 990
490 1007
490 1020
491 528
491 604
491 927
492 523
492 577
492 666
492 710
492 713
492 755
492 772
492 813
492 950
493 535
493 605
493 629
493 666
493 762
493 790
493 817
493 841
493 886
493 916
493 971
494 495
494 518
494 598
494 603
494 618
494 717
494 986
495 530
495 678
495 696
495 706
495 757
495 776
495 915
495 1003
496 515
496 561
496 625
496 643
496 650
496 725
496 835
497 526
497 528
497 644
497 668
497 701
497 721
497 811
497 896
497 946
497 997
498 563
498 624
498 651
498 732
498 773
498 901
499 590
499 610
499 855
499 965
500 590
500 752
500 784
500 902
501 511
501 534
501 585
501 632
501 662
501 839
502 603
502 619
502 650
502 719
502 916
502 955
502 1007
503 522
503 557
503 630
503 646
503 705
503 728
503 851
503 931
504 545
504 548
504 586
504 704
504 851
504 862
504 889
504 897
504 909
505 518
505 555
505 560
505 561
505 622
505 633
505 857
505 907
506 509
506 712
506 782
506 816
506 918
506 937
506 965
506 995
506 1013
507 694
507 702
507 712
507 774
507 918
507 946
508 522
508 672
508 674
508 678
508 686
508 689
508 752
508 778
508 835
508 836
508 840
508 979
508 995
509 518
509 548
509 556
509 710
509 797
509 813
509 925
509 937
509 979
510 533
510 550
510 610
510 661
510 740
510 784
510 882
510 976
511 522
511 586
511 691
511 822
511 923
511 931
511 961
511 962
512 540
512 557
512 677
512 890
512 894
513 535
513 550
513 552
513 572
513 579
513 586
513 621
513 740
513 825
513 833
513 899
513 917
514 551
514 591
514 615
514 636
514 637
514 685
514 815
514 940
514 981
514 1003
514 1004
515 560
515 602
515 637
515 719
515 738
515 854
515 869
515 888
515 893
515 894
516 571
516 601
516 673
516 678
516 720
516 754
516 782
516 787
516 820
516 899
516 932
517 534
517 607
517 631
517 632
517 657
517 743
517 866
517 882
518 534
518 538
518 725
518 752
518 766
518 863
518 876
518 990
519 570
519 620
519 713
519 821
519 860
519 886
519 1020
520 536
520 588
520 733
520 777
520 828
520 874
520 889
520 994
521 570
521 757
521 773
521 863
521 955
522 647
522 749
522 826
522 828
522 913
522 955
523 634
523 649
523 733
523 762
523 773
523 813
523 963
524 649
524 651
524 802
524 818
524 862
524 865
524 924
524 936
524 1017
525 604
525 720
525 916
525 951
525 987
526 608
526 866
526 902
526 955
527 584
527 682
527 813
527 967
528 529
528 581
528 610
528 929
529 543
529 638
529 807
529 889
529 926
529 981
530 572
530 612
530 692
530 867
530 876
530 898
530 993
530 1021
531 742
531 792
531 806
531 832
531 864
531 919
531 938
531 986
532 544
532 583
532 631
532 683
532 770
532 802
532 811
532 813
532 816
532 869
532 871
532 893
532 905
532 966
533 555
533 680
533 793
533 801
533 821
533 875
533 984
533 1009
534 616
534 764
534 775
534 792
534 800
534 819
534 858
534 901
534 947
534 1014
535 567
535 725
535 736
535 777
535 859
535 923
536 700
536 818
536 832
536 843
536 872
536 916
536 1004
536 1012
537 602
537 646
537 669
537 767
537 874
537 955
537 1006
538 648
538 657
538 679
538 755
538 777
538 817
538 864
538 880
539 559
539 563
539 709
539 743
539 952
539 1004
540 588
540 862
540 914
541 600
541 610
541 631
541 727
541 846
541 1000
541 1014
542 605
542 637
542 649
542 664
542 714
542 784
542 834
542 860
542 918
543 631
543 659
543 791
543 798
543 909
543 951
543 984
544 592
544 609
544 670
544 740
544 741
544 853
544 942
544 996
544 1009
545 606
545 623
545 681
545 686
545 790
546 570
546 704
546 726
546 754
546 755
546 770
546 798
546 917
546 1006
547 550
547 617
547 638
547 680
547 686
547 776
547 786
547 837
547 880
547 900
547 913
547 941
547 945
548 596
548 620
548 652
548 696
548 708
548 846
548 902
548 1004
549 658
549 690
549 796
549 867
549 938
550 566
550 587
550 643
550 721
550 804
550 859
550 883
550 921
550 936
550 937
551 584
551 603
551 631
551 666
551 674
551 729
551 737
551 770
551 837
551 959
551 960
552 583
552 650
552 764
552 831
552 833
552 852
552 884
553 575
553 753
553 801
553 814
553 836
553 872
553 875
553 943
553 967
553 981
554 571
554 582
554 599
554 617
554 699
554 877
554 971
554 986
555 564
555 672
555 700
555 804
556 644
556 794
556 999
557 589
557 615
557 654
557 690
557 717
557 771
557 782
557 793
557 851
557 906
557 1002
558 596
558 662
558 669
558 678
558 792
558 800
558 938
558 969
558 987
558 1016
559 628
559 789
559 796
559 963
560 592
560 670
560 789
560 850
560 925
561 681
561 692
561 853
561 909
562 612
562 676
562 684
562 751
562 764
562 767
562 806
562 814
562 939
563 652
563 688
563 797
563 907
563 949
563 953
563 963
563 1013
563 1022
564 718
564 864
565 668
565 678
565 723
565 748
565 751
565 865
565 885
566 602
566 624
566 777
566 795
566 866
566 874
566 952
567 595
567 616
567 654
567 725
567 754
567 764
567 774
567 788
567 882
567 974
568 667
568 850
568 864
569 639
569 682
569 683
569 695
569 779
569 808
569 889
569 937
569 970
570 590
570 640
570 773
570 822
570 869
571 576
571 627
571 638
571 869
571 984
571 1007
572 709
572 785
572 795
572 875
572 889
572 891
572 915
573 664
573 673
573 678
573 746
573 764
573 768
573 790
573 961
574 616
574 627
574 725
574 767
574 827
574 835
574 883
574 958
574 1015
575 855
575 962
576 724
576 920
577 662
577 749
577 787
577 901
577 919
577 939
577 983
578 643
578 674
578 927
578 936
578 1008
579 639
579 698
579 708
579 724
579 752
579 765
579 870
579 896
579 981
580 586
580 749
580 826
580 925
580 997
580 1007
581 633
581 706
581 806
581 958
582 612
582 683
582 763
582 775
582 783
582 972
582 998
583 597
583 630
583 635
583 737
584 606
584 610
584 669
584 703
584 793
584 796
584 820
584 896
584 927
584 932
584 975
585 702
585 872
586 671
586 719
586 751
586 776
586 834
586 864
586 948
586 992
587 657
587 716
587 845
587 848
587 861
587 884
587 910
587 962
587 969
587 1009
587 1017
588 752
588 795
588 823
588 856
588 877
589 608
589 625
589 670
589 679
589 814
589 829
589 925
589 960
590 789
590 982
590 1006
591 644
591 690
591 693
591 866
591 893
591 940
591 958
592 703
592 798
592 930
593 691
593 711
593 933
593 960
594 642
594 828
595 687
595 863
595 887
595 898
595 901
595 957
595 1016
596 695
596 734
596 755
596 764
596 834
596 890
596 914
596 981
597 602
597 609
597 617
597 689
597 808
597 900
597 961
598 609
598 636
598 691
598 704
598 816
598 844
598 862
598 925
599 602
599 649
599 652
599 738
599 804
599 951
600 655
600 758
600 856
600 929
600 940
600 1001
601 705
601 715
601 800
601 811
601 850
601 901
601 1005
602 623
602 632
602 687
602 720
602 737
602 815
602 907
603 605
604 682
604 710
604 754
604 830
604 891
604 899
604 927
605 645
605 678
605 683
605 766
605 847
605 952
606 683
606 705
606 741
606 747
606 754
606 768
606 795
606 817
606 830
606 861
607 688
607 720
607 801
607 970
607 974
607 1000
608 612
608 687
608 692
608 699
608 728
608 809
608 858
608 877
608 964
609 748
609 757
609 839
609 922
609 924
609 936
609 995
609 1023
610 653
610 698
610 727
610 828
610 839
610 886
610 936
610 942
610 944
610 972
611 648
611 718
611 829
611 893
611 927
611 943
611 952
612 641
612 664
612 781
612 787
612 883
612 929
612 958
613 686
613 837
613 919
613 1017
614 715
614 789
614 848
614 1011
615 622
615 635
615 654
615 683
615 858
615 905
615 1002
615 1003
616 646
616 677
616 721
616 776
616 790
616 845
616 875
616 887
616 997
617 627
617 668
617 837
617 993
617 1004
617 1018
618 750
618 764
618 878
618 969
619 653
619 754
619 777
619 828
619 877
619 888
619 903
619 905
619 947
619 977
620 639
620 784
620 819
620 910
620 968
621 630
621 742
621 743
621 761
621 764
621 774
621 967
621 1012
622 624
622 702
622 751
623 635
623 701
623 745
623 819
623 829
623 871
623 892
623 910
623 1000
623 1023
624 654
624 694
624 714
624 767
624 851
624 921
624 959
625 835
625 843
625 859
625 895
625 939
625 964
625 984
625 1021
626 666
626 755
626 881
627 637
627 689
627 771
627 788
627 802
627 808
627 815
627 845
627 1005
628 629
628 669
628 745
628 817
628 859
628 862
628 877
628 883
628 902
628 943
628 979
629 659
629 691
629 694
629 808
630 717
630 738
630 740
630 871
630 900
630 953
630 988
630 1015
631 634
631 640
631 794
631 836
631 954
632 667
632 868
632 892
632 932
632 1007
632 1015
633 726
633 866
633 979
633 996
634 637
634 695
634 899
634 902
634 908
634 913
634 975
634 1020
635 669
635 681
635 716
635 719
635 805
635 823
635 906
636 756
636 770
636 880
636 980
636 991
636 1010
637 704
637 757
637 794
637 893
637 922
637 925
637 1008
638 722
638 870
639 870
639 893
639 894
639 911
639 919
639 1020
640 691
640 765
640 782
640 783
640 784
640 800
640 833
640 872
640 879
640 908
640 962
641 683
641 694
641 696
641 797
641 883
641 892
642 643
642 658
642 799
642 924
642 951
643 647
643 672
643 754
643 869
644 737
644 801
644 958
644 962
644 1002
645 659
645 693
645 758
645 859
645 974
646 684
646 760
646 798
646 801
646 850
646 1009
646 1016
647 857
647 899
648 699
648 760
649 673
649 679
649 780
649 830
649 975
650 681
650 847
650 855
650 957
650 960
651 709
651 724
651 742
651 844
651 845
651 922
651 1020
652 817
652 916
652 951
652 976
652 988
652 1007
653 668
653 754
653 764
653 765
653 911
653 935
654 750
654 852
654 916
654 984
655 666
655 725
655 754
655 765
655 828
655 859
655 898
655 922
655 967
655 969
656 663
656 725
656 745
656 892
657 851
657 867
657 876
657 880
657 915
658 680
658 716
658 808
658 832
658 925
658 943
659 679
659 751
659 900
659 961
659 1001
660 725
660 796
660 1003
660 1017
661 687
661 708
661 720
661 748
661 779
661 791
661 805
661 947
662 694
662 774
662 781
662 796
662 806
662 855
662 894
662 955
662 966
662 980
662 1007
663 673
663 677
663 698
663 723
663 762
663 801
663 867
663 888
663 1003
664 758
664 777
664 785
664 791
664 801
664 921
664 982
665 737
665 747
665 807
665 854
665 973
665 1006
666 678
666 690
666 700
666 749
666 837
666 904
666 915
667 915
667 940
667 993
667 998
667 1012
668 732
668 864
669 755
669 774
669 802
669 883
669 887
669 967
670 762
670 796
670 898
670 930
671 690
671 804
671 806
671 824
671 857
671 879
671 938
671 941
671 974
672 701
672 710
672 736
672 793
672 856
672 939
672 958
672 982
673 717
673 726
673 800
673 849
674 727
674 781
674 892
674 899
674 982
674 984
675 784
675 788
675 799
675 824
675 955
676 695
676 705
676 708
676 726
676 843
676 935
677 789
677 830
677 859
677 875
677 893
677 962
677 968
678 775
678 786
678 884
678 926
678 957
679 680
679 690
679 732
679 735
679 756
679 813
679 961
679 993
679 1002
680 688
680 689
680 757
680 826
680 842
680 943
680 980
681 692
681 725
681 929
682 700
682 736
682 783
682 802
682 864
682 924
682 993
682 995
683 721
683 746
683 777
683 801
683 809
683 896
683 943
683 947
684 785
684 815
684 828
684 916
684 1001
684 1017
685 748
685 761
685 825
685 884
686 700
686 774
686 798
686 854
686 875
686 960
686 969
687 707
687 739
687 742
687 753
687 755
687 861
687 903
688 808
688 824
688 842
688 879
688 906
688 915
688 997
688 1007
688 1018
689 693
689 696
689 830
689 869
689 904
690 755
690 866
690 896
691 730
691 760
691 765
691 781
691 787
691 959
692 694
692 713
692 728
692 793
692 799
692 879
693 694
693 733
693 867
693 869
693 922
693 924
694 812
694 823
694 861
694 868
694 915
694 942
694 944
694 952
694 985
694 987
694 1006
695 701
695 801
695 854
695 857
695 887
695 1007
696 728
696 737
696 768
696 782
696 896
696 929
697 700
697 715
697 739
697 877
697 975
697 979
697 988
697 994
698 790
698 905
698 985
698 1019
699 745
699 897
699 900
700 841
700 848
700 856
700 876
700 906
700 927
700 1020
701 763
701 850
701 862
701 924
702 706
702 837
702 855
702 878
702 892
702 905
702 906
702 954
703 776
703 900
703 929
703 951
704 721
704 723
704 748
704 790
704 873
704 948
705 751
705 888
705 926
705 979
705 989
706 730
706 884
706 891
706 983
706 1006
706 1008
706 1015
707 790
707 884
707 985
707 1005
707 1011
708 730
708 764
708 782
708 822
709 720
709 767
709 826
709 862
709 939
709 1005
710 732
710 778
711 802
711 903
711 906
711 934
711 981
712 729
712 736
712 777
712 920
712 988
713 762
713 854
713 857
713 917
713 1012
714 779
714 851
714 900
714 953
714 1022
715 718
715 759
715 934
716 727
716 731
716 737
716 814
716 903
716 978
716 997
717 768
717 771
717 799
717 1007
718 903
718 912
718 989
719 741
719 772
719 773
719 822
719 831
719 846
720 807
720 811
720 879
720 930
720 956
721 890
721 954
721 967
722 773
722 785
722 792
722 812
722 842
723 811
723 876
723 879
723 882
723 914
723 958
724 747
724 803
724 804
724 875
724 891
724 919
724 921
724 954
725 729
725 770
725 773
725 780
725 951
726 865
726 911
726 947
726 957
726 979
727 818
727 954
728 766
728 768
728 829
728 863
728 1001
729 784
729 830
729 923
729 933
729 965
729 984
730 756
730 772
730 968
730 983
730 988
730 991
731 776
731 788
731 822
731 828
731 841
731 874
731 976
731 988
732 782
732 917
732 978
733 910
733 950
734 775
734 786
734 803
734 822
734 941
734 981
734 994
735 765
735 984
736 768
736 836
736 869
736 887
736 950
736 957
736 1007
737 778
737 906
737 913
737 1021
738 782
739 767
739 794
739 877
739 895
739 1004
740 841
740 958
740 1019
741 773
741 826
741 954
741 965
741 968
741 1004
742 829
742 889
743 758
743 897
744 754
744 894
744 917
744 996
745 838
745 867
745 877
745 1010
746 801
746 842
746 912
746 970
748 755
748 782
748 850
748 1007
749 792
749 809
749 876
749 883
749 974
749 1008
750 1021
751 879
751 888
752 804
752 859
752 881
752 907
752 978
753 864
754 834
754 867
754 895
754 1008
755 807
755 914
755 992
755 1001
756 760
756 881
756 967
756 1017
757 786
757 851
757 937
758 824
758 870
758 872
758 980
759 784
759 868
759 983
760 875
760 926
760 1004
761 785
761 800
761 931
761 976
761 986
761 1009
762 778
762 791
762 856
762 1020
763 852
763 927
764 814
764 869
764 980
764 1018
765 799
765 946
765 1020
766 828
766 844
767 840
767 924
767 948
768 804
768 822
768 892
768 942
768 989
768 1023
769 810
769 987
770 800
770 857
770 958
771 791
771 819
771 875
771 1006
772 775
772 777
772 795
772 837
772 1018
773 778
773 784
773 796
773 897
774 793
774 824
774 924
774 965
774 981
775 812
775 885
775 1017
776 831
776 833
777 930
777 942
777 983
777 998
777 1006
778 779
778 901
778 1016
779 806
779 836
779 880
779 919
779 959
779 987
780 792
780 829
780 991
781 878
781 914
781 930
781 1000
781 1011
782 913
782 925
783 843
783 860
783 933
783 1015
784 832
785 807
785 842
785 853
785 909
785 989
785 1023
786 895
786 965
787 792
787 821
787 927
787 985
788 802
789 840
789 853
789 902
789 982
789 984
789 991
790 871
791 817
791 849
791 885
791 920
791 969
791 1013
792 827
792 845
792 859
792 899
794 881
794 938
795 797
795 799
795 854
795 865
795 874
795 887
795 921
795 987
795 1011
796 799
796 863
796 930
797 803
797 838
797 852
797 961
798 1011
799 829
799 833
799 835
799 917
799 931
799 972
799 978
800 854
800 877
800 960
800 991
801 953
801 999
802 809
802 885
802 986
803 852
803 861
803 884
804 980
805 821
805 825
805 892
806 829
806 876
806 895
806 949
806 1020
807 823
807 870
807 1019
808 891
808 941
808 950
808 970
808 1010
809 1003
810 937
810 1005
811 812
811 827
811 907
811 1019
812 905
812 943
812 966
813 814
813 844
813 951
814 945
815 842
815 863
815 912
816 831
816 956
816 985
817 897
817 985
817 1017
818 837
818 887
818 932
819 875
819 976
820 866
820 1010
821 838
821 875
821 1001
822 891
822 964
822 999
822 1009
823 833
823 866
824 832
824 851
824 860
824 912
824 937
825 841
825 921
825 981
825 1012
826 881
826 985
827 998
827 1001
828 959
828 975
828 1003
829 832
829 905
829 917
829 981
831 903
831 967
831 1000
832 840
832 998
832 1010
832 1011
833 837
833 867
833 999
833 1000
834 884
834 928
834 933
834 963
835 848
835 898
835 932
835 935
835 942
836 842
836 863
836 897
837 949
837 955
837 1002
838 883
839 842
840 1005
841 859
841 965
842 844
842 862
842 907
842 912
843 900
843 921
844 923
844 979
844 981
845 896
845 897
845 934
845 1003
845 1008
846 982
846 995
847 851
847 920
847 946
847 978
848 875
848 954
848 985
848 992
849 852
849 871
849 888
849 964
849 996
849 1008
850 946
850 972
851 978
851 1004
851 1006
852 856
852 925
852 997
852 1004
853 860
853 979
854 897
854 912
854 932
855 1002
855 1005
855 1011
855 1022
856 995
857 870
857 893
857 912
857 918
857 1000
857 1012
858 907
858 920
859 887
859 956
859 967
860 876
860 929
860 945
860 1009
861 910
861 932
861 941
861 961
862 965
862 966
863 982
863 988
864 879
864 888
864 950
864 967
865 970
866 965
866 1017
867 921
867 933
867 939
867 940
868 897
868 913
868 994
868 1001
869 871
869 880
869 900
869 910
870 906
870 980
871 876
871 987
871 990
871 1016
872 987
872 988
873 877
873 958
874 890
874 901
874 935
875 1010
875 1013
876 931
876 974
876 979
876 992
876 1005
877 913
877 929
877 969
877 977
877 997
878 885
878 901
878 924
878 926
878 971
878 1011
880 921
880 958
880 967
885 933
885 1004
886 896
886 907
887 969
888 909
888 938
888 950
888 953
888 955
889 946
889 1001
889 1009
890 965
890 968
891 907
891 911
891 947
891 999
892 926
892 958
893 926
893 970
895 958
895 975
896 909
896 1006
897 969
897 975
897 1002
899 935
899 988
899 998
899 1003
900 954
901 916
901 979
903 929
903 963
903 973
903 994
903 1023
904 972
904 1004
904 1013
906 997
908 918
908 994
909 961
909 1005
910 953
911 956
911 982
911 990
912 1003
914 991
915 983
915 987
915 1009
916 918
916 986
917 954
917 981
918 967
919 947
920 965
920 1013
921 975
922 976
922 1022
923 942
924 939
924 966
924 1012
925 970
925 973
925 1005
926 992
927 1014
928 1010
929 1009
931 1006
931 1007
933 940
933 963
933 1019
937 1007
937 1016
938 995
939 950
939 964
940 977
941 961
941 970
941 987
942 958
943 988
944 973
944 1013
944 1023
945 960
945 995
946 1005
947 958
948 998
950 959
951 963
951 980
951 1011
952 990
952 1008
953 957
954 971
954 1002
955 998
955 1011
956 1016
957 969
957 987
959 989
960 971
962 987
964 1021
965 979
965 984
965 1021
966 993
968 1008
969 988
970 997
971 985
971 1007
974 986
974 1017
974 1018
974 1020
974 1023
976 1023
977 1011
984 1009
988 1018
990 1015
991 1003
991 1005
996 1007
997 1001
998 1014
998 1020
1015 1023
