0 33
0 78
0 106
0 112
0 182
0 213
0 233
0 329
0 406
0 483
0 521
0 581
0 585
0 610
0 625
0 657
0 672
0 770
0 855
0 868
0 966
0 980
1 72
1 82
1 111
1 141
1 185
1 476
1 525
1 684
1 826
1 830
1 851
1 896
1 946
1 988
2 15
2 49
2 170
2 188
2 193
2 222
2 232
2 234
2 250
2 288
2 318
2 355
2 400
2 410
2 489
2 592
2 616
2 637
2 669
2 689
2 726
2 829
2 839
2 875
2 891
2 892
3 4
3 79
3 215
3 242
3 319
3 362
3 444
3 518
3 524
3 539
3 561
3 590
3 683
3 741
3 822
3 856
3 945
3 948
3 997
4 128
4 366
4 381
4 476
4 618
4 642
4 661
4 686
4 697
4 724
4 734
4 770
4 867
4 909
4 940
4 962
4 987
5 7
5 17
5 30
5 69
5 96
5 105
5 144
5 284
5 373
5 385
5 396
5 419
5 441
5 469
5 490
5 561
5 634
5 796
5 797
5 835
5 840
5 855
5 875
5 889
5 939
5 999
6 130
6 243
6 257
6 268
6 277
6 299
6 389
6 408
6 496
6 510
6 525
6 555
6 559
6 594
6 616
6 636
6 682
6 689
6 692
6 834
6 852
6 856
6 862
6 972
7 85
7 165
7 186
7 198
7 226
7 262
7 350
7 402
7 499
7 541
7 608
7 737
7 788
7 804
7 857
7 976
7 995
7 996
7 1004
8 17
8 74
8 93
8 124
8 215
8 216
8 262
8 310
8 356
8 440
8 444
8 529
8 618
8 646
8 655
8 789
8 863
8 865
8 928
9 29
9 80
9 81
9 99
9 112
9 118
9 129
9 200
9 207
9 236
9 248
9 310
9 312
9 400
9 454
9 467
9 485
9 512
9 581
9 764
9 802
9 901
9 1012
10 199
10 232
10 369
10 554
10 570
10 640
10 670
10 905
10 966
10 989
11 43
11 129
11 246
11 357
11 364
11 386
11 414
11 425
11 534
11 574
11 616
11 623
11 663
11 698
11 776
11 953
11 1023
12 76
12 126
12 146
12 214
12 244
12 434
12 547
12 559
12 645
12 675
12 778
12 812
12 814
12 948
13 30
13 31
13 39
13 227
13 241
13 249
13 260
13 307
13 421
13 430
13 495
13 502
13 513
13 537
13 716
13 981
14 51
14 88
14 149
14 165
14 221
14 242
14 248
14 269
14 276
14 397
14 466
14 481
14 502
14 511
14 575
14 716
14 772
14 801
14 832
15 97
15 252
15 450
15 511
15 519
15 544
15 625
15 636
15 711
15 731
15 759
15 800
15 902
15 932
15 951
15 1014
16 81
16 109
16 119
16 268
16 429
16 446
16 478
16 571
16 576
16 577
16 648
16 656
16 676
16 697
16 711
16 723
16 747
16 1011
17 43
17 100
17 256
17 353
17 362
17 399
17 515
17 571
17 632
17 647
17 726
17 731
17 848
17 921
17 970
17 972
18 97
18 115
18 160
18 228
18 287
18 296
18 313
18 334
18 530
18 565
18 587
18 592
18 607
18 840
18 870
19 57
19 71
19 74
19 251
19 266
19 378
19 388
19 401
19 409
19 428
19 474
19 480
19 525
19 620
19 717
19 763
19 764
19 842
20 68
20 309
20 413
20 423
20 445
20 459
20 503
20 553
20 963
20 1004
21 33
21 140
21 159
21 244
21 362
21 390
21 423
21 486
21 534
21 545
21 566
21 591
21 784
21 799
21 898
21 913
21 1006
21 1010
22 33
22 46
22 54
22 63
22 105
22 125
22 134
22 174
22 253
22 443
22 532
22 584
22 593
22 743
22 837
22 881
23 31
23 161
23 163
23 256
23 259
23 276
23 391
23 441
23 446
23 490
23 492
23 536
23 557
23 687
23 757
23 759
23 796
23 839
23 859
23 1018
24 325
24 549
24 583
24 609
24 642
24 658
24 809
24 816
24 856
24 880
25 35
25 101
25 106
25 172
25 311
25 315
25 432
25 462
25 464
25 608
25 737
25 755
25 858
25 1023
26 31
26 199
26 238
26 416
26 442
26 463
26 488
26 524
26 567
26 597
26 663
26 668
26 709
26 773
26 790
26 797
26 798
26 815
26 1005
27 58
27 115
27 142
27 220
27 221
27 269
27 365
27 411
27 439
27 484
27 583
27 613
27 631
27 720
27 724
27 735
27 869
27 952
28 110
28 129
28 235
28 241
28 340
28 412
28 438
28 560
28 565
28 599
28 641
28 649
28 779
28 789
28 863
28 913
28 932
28 952
29 43
29 71
29 139
29 164
29 169
29 191
29 258
29 406
29 424
29 436
29 560
29 683
29 702
29 827
29 830
29 900
29 921
29 969
30 31
30 49
30 75
30 123
30 137
30 188
30 286
30 310
30 494
30 622
30 676
30 685
30 712
30 745
30 778
30 799
30 836
30 884
30 913
30 1020
31 204
31 212
31 329
31 345
31 542
31 581
31 616
31 648
31 672
31 734
31 758
31 781
31 837
31 937
31 995
32 35
32 42
32 134
32 157
32 181
32 450
32 538
32 597
32 634
32 750
32 780
32 856
32 865
32 868
32 954
32 964
32 999
33 53
33 91
33 104
33 178
33 238
33 306
33 404
33 419
33 477
33 518
33 545
33 672
33 846
33 935
33 995
34 148
34 331
34 353
34 386
34 465
34 466
34 472
34 484
34 519
34 521
34 567
34 605
34 729
34 838
34 982
35 64
35 157
35 168
35 247
35 295
35 374
35 388
35 550
35 605
35 701
35 768
35 858
35 951
35 1011
36 102
36 128
36 144
36 146
36 161
36 177
36 200
36 203
36 211
36 283
36 290
36 362
36 448
36 483
36 519
36 521
36 624
36 698
36 806
36 928
37 223
37 243
37 263
37 319
37 372
37 545
37 610
37 611
37 658
37 710
37 819
37 826
37 967
37 988
37 1016
38 129
38 160
38 271
38 304
38 360
38 368
38 373
38 462
38 464
38 491
38 732
38 898
39 101
39 263
39 316
39 339
39 348
39 484
39 487
39 489
39 583
39 669
39 674
39 829
39 981
40 101
40 115
40 144
40 224
40 318
40 321
40 436
40 438
40 556
40 570
40 615
40 635
40 670
40 684
40 715
40 742
40 839
40 848
40 872
40 931
41 138
41 226
41 296
41 348
41 468
41 482
41 556
41 687
41 836
41 891
41 982
42 103
42 116
42 155
42 265
42 334
42 340
42 362
42 400
42 427
42 449
42 514
42 522
42 576
42 656
42 744
42 745
42 785
42 797
42 824
42 859
42 862
43 201
43 255
43 312
43 341
43 555
43 604
43 613
43 844
43 973
43 1010
44 59
44 162
44 209
44 218
44 254
44 274
44 278
44 301
44 398
44 454
44 466
44 541
44 662
44 671
44 678
44 825
44 1011
45 68
45 112
45 156
45 259
45 262
45 303
45 319
45 376
45 405
45 518
45 621
45 636
45 638
45 656
45 662
45 688
45 899
45 956
45 1021
46 176
46 209
46 229
46 232
46 299
46 353
46 402
46 441
46 443
46 465
46 471
46 490
46 507
46 533
46 574
46 657
46 851
46 960
46 1022
47 57
47 94
47 103
47 123
47 126
47 202
47 356
47 404
47 531
47 554
47 654
47 747
47 845
47 899
47 922
47 951
47 991
47 1019
48 146
48 184
48 210
48 280
48 317
48 480
48 571
48 645
48 647
48 662
48 834
48 847
48 865
48 1014
49 136
49 221
49 314
49 337
49 348
49 469
49 496
49 659
49 823
49 872
50 94
50 133
50 167
50 270
50 271
50 293
50 539
50 627
50 642
50 811
51 127
51 141
51 161
51 195
51 204
51 409
51 499
51 640
51 692
51 741
51 796
51 992
52 53
52 88
52 90
52 96
52 363
52 408
52 409
52 434
52 447
52 461
52 471
52 502
52 509
52 631
52 668
52 741
52 751
52 755
52 782
52 800
52 886
52 950
52 973
53 87
53 92
53 182
53 264
53 283
53 287
53 569
53 596
53 611
53 616
53 618
53 791
53 824
53 896
53 906
53 932
53 942
53 1015
54 161
54 220
54 271
54 311
54 327
54 376
54 679
54 794
54 797
54 842
54 845
54 876
54 931
54 956
55 347
55 392
55 456
55 553
55 557
55 622
55 623
55 653
55 667
55 735
55 757
55 762
55 781
55 815
55 855
55 992
56 124
56 155
56 391
56 444
56 455
56 499
56 554
56 649
56 669
56 716
56 748
56 783
56 785
56 811
56 842
56 983
56 993
56 1008
57 175
57 191
57 213
57 217
57 248
57 395
57 441
57 487
57 548
57 576
57 582
57 681
57 886
57 899
57 920
57 959
57 966
57 989
58 65
58 82
58 125
58 184
58 274
58 290
58 309
58 457
58 505
58 592
58 830
58 842
58 852
58 926
58 959
58 962
58 963
58 1017
59 72
59 204
59 277
59 281
59 312
59 541
59 582
59 675
59 722
59 989
60 146
60 283
60 339
60 378
60 393
60 504
60 526
60 754
60 934
60 996
60 1004
61 177
61 251
61 303
61 369
61 381
61 399
61 524
61 645
61 672
61 712
61 774
61 903
62 84
62 178
62 229
62 242
62 266
62 281
62 301
62 441
62 485
62 522
62 611
62 613
62 651
62 685
62 694
62 756
62 776
62 829
62 959
62 966
63 144
63 145
63 176
63 222
63 238
63 446
63 487
63 541
63 682
63 741
63 794
63 831
63 980
63 996
64 91
64 109
64 209
64 248
64 295
64 313
64 370
64 405
64 420
64 625
64 775
64 819
64 870
64 898
64 937
64 1015
65 175
65 190
65 260
65 411
65 432
65 456
65 463
65 566
65 707
65 756
65 928
65 934
65 963
65 970
65 991
65 1000
65 1017
66 69
66 77
66 131
66 132
66 270
66 474
66 477
66 628
66 808
66 838
66 859
66 861
66 932
66 967
67 87
67 104
67 115
67 211
67 232
67 497
67 534
67 587
67 625
67 626
67 643
67 662
68 176
68 353
68 410
68 417
68 462
68 541
68 617
68 639
68 661
68 682
68 705
68 746
68 805
68 949
68 994
69 104
69 110
69 149
69 173
69 178
69 211
69 237
69 277
69 278
69 283
69 508
69 595
69 720
69 766
69 767
69 825
69 848
69 866
69 911
69 912
69 913
69 965
69 1022
70 90
70 254
70 433
70 437
70 490
70 614
70 641
70 662
70 686
70 721
70 737
70 813
70 985
71 73
71 103
71 117
71 120
71 135
71 182
71 259
71 432
71 473
71 522
71 615
71 633
71 725
71 1003
71 1020
72 87
72 109
72 133
72 183
72 200
72 314
72 338
72 496
72 501
72 562
72 591
72 606
72 677
72 688
72 956
73 114
73 134
73 357
73 371
73 421
73 422
73 430
73 447
73 722
73 746
73 846
73 857
73 888
73 924
73 947
73 1006
74 96
74 152
74 215
74 335
74 363
74 367
74 452
74 711
74 773
74 799
74 803
74 935
74 993
74 1002
75 176
75 182
75 288
75 299
75 361
75 386
75 398
75 496
75 603
75 608
75 621
75 630
75 653
75 701
75 715
75 738
75 741
75 756
75 763
75 793
75 1017
76 337
76 355
76 382
76 455
76 495
76 503
76 520
76 552
76 599
76 617
76 707
76 726
76 754
76 837
76 942
77 128
77 149
77 178
77 312
77 399
77 562
77 650
77 686
77 730
77 809
77 947
77 952
77 988
77 995
78 200
78 269
78 276
78 297
78 300
78 309
78 312
78 368
78 474
78 616
78 709
78 720
78 733
78 745
78 774
78 916
78 967
78 969
78 988
79 188
79 284
79 328
79 345
79 384
79 408
79 475
79 509
79 540
79 553
79 579
79 682
79 745
79 793
79 798
79 801
79 875
79 952
80 117
80 227
80 360
80 465
80 571
80 591
80 627
80 634
80 712
80 869
80 936
80 1000
81 164
81 287
81 330
81 352
81 391
81 446
81 556
81 594
81 617
81 643
81 697
81 720
81 764
81 770
81 872
81 878
81 894
81 906
81 925
81 947
81 1009
82 137
82 138
82 144
82 217
82 231
82 255
82 321
82 344
82 350
82 373
82 384
82 426
82 428
82 463
82 471
82 510
82 538
82 610
82 724
82 752
82 826
82 896
82 938
82 943
82 961
83 121
83 163
83 328
83 423
83 433
83 445
83 522
83 654
83 665
83 670
83 671
83 700
83 1005
83 1017
84 173
84 176
84 196
84 243
84 247
84 403
84 432
84 450
84 469
84 535
84 592
84 715
84 776
84 857
84 884
84 905
84 910
84 929
84 935
84 956
85 184
85 189
85 264
85 281
85 358
85 449
85 455
85 518
85 625
85 774
85 790
85 793
85 920
85 941
86 154
86 172
86 186
86 283
86 313
86 321
86 367
86 503
86 506
86 546
86 608
86 684
86 692
86 733
86 884
86 917
86 952
86 1019
87 127
87 187
87 340
87 350
87 406
87 445
87 542
87 546
87 650
87 658
87 673
87 677
87 726
87 899
87 904
87 1007
88 135
88 158
88 219
88 245
88 354
88 380
88 431
88 432
88 449
88 660
88 736
88 794
88 823
89 92
89 122
89 250
89 266
89 345
89 354
89 536
89 571
89 667
89 671
89 695
89 805
89 883
89 898
89 1004
90 210
90 224
90 230
90 241
90 260
90 377
90 497
90 510
90 519
90 536
90 592
90 661
90 882
90 970
91 123
91 171
91 192
91 252
91 256
91 312
91 398
91 418
91 607
91 727
91 787
92 148
92 209
92 252
92 268
92 331
92 349
92 391
92 394
92 419
92 670
92 885
92 971
93 171
93 223
93 303
93 368
93 423
93 541
93 595
93 601
93 664
93 841
93 986
94 104
94 246
94 273
94 406
94 407
94 510
94 601
94 612
94 669
94 783
94 787
94 820
95 323
95 391
95 398
95 445
95 470
95 511
95 578
95 763
95 771
95 825
95 960
95 978
96 157
96 269
96 297
96 376
96 378
96 425
96 594
96 608
96 609
96 611
96 663
96 672
96 689
96 824
96 831
96 835
96 910
96 961
96 962
97 110
97 157
97 181
97 260
97 274
97 323
97 335
97 351
97 399
97 401
97 463
97 499
97 557
97 593
97 604
97 678
97 686
97 707
97 746
97 820
97 833
97 909
97 976
98 277
98 280
98 304
98 375
98 497
98 515
98 550
98 622
98 715
98 723
98 790
98 863
98 942
99 167
99 182
99 184
99 191
99 404
99 461
99 597
99 606
99 695
99 721
99 782
99 859
100 231
100 242
100 311
100 644
100 866
100 870
100 990
101 114
101 149
101 150
101 183
101 201
101 241
101 249
101 293
101 309
101 337
101 490
101 541
101 700
101 871
101 966
102 127
102 128
102 219
102 221
102 297
102 377
102 382
102 401
102 408
102 427
102 441
102 442
102 593
102 611
102 661
102 885
102 933
102 939
102 965
102 1004
103 113
103 148
103 259
103 302
103 435
103 452
103 455
103 491
103 516
103 596
103 637
103 872
103 979
103 1016
104 152
104 293
104 302
104 357
104 363
104 399
104 504
104 517
104 562
104 625
104 749
105 127
105 157
105 184
105 240
105 254
105 264
105 290
105 321
105 353
105 545
105 699
105 718
105 721
105 797
105 860
106 142
106 147
106 198
106 235
106 384
106 447
106 494
106 538
106 625
106 645
106 656
106 701
106 714
106 822
106 867
106 877
106 916
107 151
107 203
107 209
107 217
107 221
107 283
107 310
107 457
107 575
107 650
107 876
107 1019
108 246
108 346
108 382
108 516
108 550
108 589
108 592
108 593
108 616
108 687
108 703
108 725
108 749
108 764
108 800
108 835
108 880
108 893
108 983
109 123
109 163
109 176
109 197
109 205
109 252
109 293
109 404
109 539
109 569
109 615
109 685
109 730
109 846
109 847
109 930
109 951
110 207
110 320
110 327
110 333
110 360
110 404
110 514
110 519
110 591
110 667
110 732
110 742
110 972
110 986
111 126
111 128
111 244
111 299
111 308
111 310
111 384
111 469
111 518
111 551
111 605
111 675
111 736
111 761
111 798
111 828
111 880
111 952
111 1014
112 141
112 278
112 426
112 442
112 484
112 497
112 505
112 561
112 576
112 593
112 663
112 713
112 740
112 801
112 863
112 901
113 134
113 176
113 235
113 270
113 353
113 423
113 438
113 477
113 531
113 734
113 913
114 121
114 219
114 359
114 392
114 435
114 436
114 550
114 611
114 731
114 934
115 124
115 216
115 225
115 254
115 262
115 409
115 411
115 505
115 516
115 613
115 663
115 703
115 817
115 821
115 835
115 930
115 940
115 958
115 965
116 137
116 165
116 186
116 231
116 362
116 379
116 429
116 439
116 586
116 638
116 700
116 718
116 734
116 735
116 777
116 851
116 876
116 972
116 1010
117 188
117 339
117 351
117 389
117 459
117 499
117 515
117 550
117 659
117 734
117 1000
117 1007
117 1014
118 147
118 153
118 184
118 234
118 349
118 409
118 538
118 656
118 703
118 772
118 815
118 858
118 925
118 953
118 1003
119 170
119 199
119 217
119 247
119 252
119 326
119 366
119 400
119 411
119 433
119 462
119 473
119 609
119 636
119 650
119 775
119 803
119 836
119 844
119 910
119 997
119 1009
119 1010
120 185
120 189
120 213
120 439
120 449
120 820
120 883
120 900
120 918
120 960
120 1004
121 174
121 196
121 314
121 438
121 485
121 506
121 531
121 604
121 663
121 666
121 674
121 675
121 965
122 163
122 172
122 311
122 313
122 319
122 546
122 572
122 609
122 657
122 668
122 785
122 800
122 829
122 956
122 966
122 988
123 204
123 376
123 541
123 551
123 673
123 718
123 733
123 907
123 909
123 978
123 984
123 985
123 1012
124 228
124 249
124 287
124 380
124 385
124 451
124 465
124 545
124 554
124 564
124 619
124 635
124 717
124 860
124 869
124 906
124 1004
124 1018
125 204
125 223
125 231
125 268
125 292
125 293
125 359
125 411
125 539
125 540
125 562
125 690
125 710
125 786
125 820
125 907
125 989
126 152
126 206
126 216
126 346
126 438
126 520
126 668
126 812
126 896
126 973
126 986
126 990
126 1014
127 156
127 204
127 215
127 276
127 337
127 389
127 417
127 502
127 539
127 571
127 599
127 670
127 756
127 857
127 861
127 1005
128 312
128 330
128 457
128 498
128 504
128 519
128 541
128 586
128 651
128 771
128 801
128 994
129 349
129 406
129 497
129 689
129 722
129 799
129 893
129 896
129 998
129 1006
130 233
130 322
130 323
130 484
130 545
130 694
130 762
130 976
131 637
131 675
131 808
131 863
131 896
132 169
132 201
132 230
132 401
132 406
132 448
132 509
132 511
132 516
132 530
132 533
132 764
132 789
132 811
132 833
132 835
132 862
132 964
132 967
132 1001
132 1011
133 259
133 305
133 357
133 361
133 379
133 552
133 566
133 636
133 665
133 678
133 847
133 884
134 144
134 152
134 192
134 232
134 301
134 467
134 619
134 688
134 706
134 712
134 755
134 807
134 956
134 985
134 989
134 994
134 1021
135 136
135 330
135 378
135 491
135 504
135 532
135 589
135 638
135 655
135 737
135 780
135 919
136 251
136 351
136 481
136 674
136 799
136 804
136 914
136 953
136 961
136 995
136 1009
137 200
137 381
137 548
137 590
137 666
137 911
137 912
138 320
138 380
138 463
138 507
138 603
138 672
138 811
138 820
138 848
138 949
138 954
139 243
139 294
139 531
139 553
139 593
139 602
139 624
139 637
139 652
139 700
139 805
139 1003
139 1011
140 157
140 174
140 197
140 222
140 369
140 378
140 417
140 519
140 521
140 539
140 738
140 780
140 998
140 1010
141 230
141 237
141 336
141 392
141 407
141 473
141 503
141 532
141 552
141 567
141 682
141 711
141 721
141 757
141 825
141 861
141 900
141 924
141 979
142 281
142 333
142 436
142 574
142 585
142 640
142 660
142 743
142 789
142 805
142 822
142 894
142 933
143 156
143 174
143 216
143 326
143 419
143 448
143 449
143 512
143 588
143 676
143 736
143 770
143 806
143 928
143 935
143 940
143 954
143 1018
144 183
144 219
144 235
144 236
144 273
144 394
144 438
144 558
144 596
144 611
144 666
144 688
144 924
144 991
145 174
145 268
145 330
145 356
145 373
145 512
145 552
145 563
145 717
145 880
145 892
145 965
146 182
146 183
146 336
146 400
146 414
146 418
146 507
146 575
146 685
146 905
147 238
147 252
147 321
147 326
147 637
147 700
147 842
147 861
147 882
148 195
148 279
148 305
148 520
148 582
148 692
148 703
148 762
148 770
148 811
148 888
148 900
148 926
148 939
148 989
149 286
149 518
149 547
149 555
149 589
149 616
149 677
149 710
149 736
149 744
149 786
149 821
149 863
149 901
149 964
150 233
150 303
150 335
150 416
150 633
150 639
150 652
150 659
150 662
150 731
150 896
150 974
150 990
151 161
151 170
151 246
151 261
151 277
151 324
151 344
151 357
151 588
151 630
151 680
151 684
151 766
151 954
151 995
151 1003
151 1022
152 171
152 213
152 291
152 317
152 347
152 463
152 551
152 598
152 639
152 692
152 702
152 754
152 834
152 890
153 243
153 285
153 439
153 513
153 613
153 621
153 806
153 878
153 896
153 954
154 198
154 301
154 309
154 387
154 390
154 421
154 490
154 562
154 640
154 688
154 695
154 703
154 713
154 722
154 739
154 762
154 790
154 850
154 851
154 901
154 908
154 1023
155 194
155 345
155 385
155 438
155 506
155 517
155 580
155 676
155 759
155 782
155 827
155 828
155 906
155 948
155 1003
156 180
156 225
156 243
156 264
156 456
156 546
156 576
156 639
156 643
156 649
156 671
156 684
156 725
156 737
156 740
156 811
156 914
156 950
156 1004
156 1005
157 248
157 288
157 372
157 524
157 536
157 643
157 646
157 656
157 830
157 846
157 911
157 957
157 1008
158 212
158 234
158 325
158 357
158 400
158 455
158 530
158 725
158 845
158 930
158 1003
158 1010
159 162
159 203
159 214
159 263
159 268
159 271
159 365
159 463
159 564
159 590
159 615
159 634
159 637
159 755
159 756
159 760
159 798
159 817
159 839
159 880
159 993
160 309
160 315
160 334
160 341
160 408
160 517
160 697
160 763
160 815
160 819
160 824
160 937
160 968
160 984
160 1000
160 1005
161 216
161 239
161 257
161 269
161 535
161 543
161 555
161 593
161 734
161 795
161 811
161 840
161 845
161 883
161 991
161 999
162 285
162 386
162 475
162 530
162 569
162 615
162 631
162 673
162 684
162 785
162 872
162 924
162 1003
163 200
163 236
163 254
163 280
163 344
163 364
163 445
163 457
163 469
163 658
163 907
163 966
163 1010
164 245
164 353
164 469
164 491
164 544
164 674
164 865
164 920
164 927
165 226
165 303
165 305
165 353
165 503
165 539
165 603
165 608
165 624
165 709
165 766
165 871
165 949
165 961
165 998
166 236
166 289
166 292
166 349
166 439
166 670
166 688
166 795
166 836
166 860
166 920
167 191
167 288
167 315
167 368
167 518
167 570
167 697
167 733
167 802
167 806
167 831
167 848
167 995
168 269
168 284
168 442
168 523
168 536
168 567
168 675
168 717
168 727
168 833
169 245
169 683
169 693
169 742
169 776
169 781
169 800
169 928
169 1002
170 175
170 239
170 282
170 310
170 346
170 400
170 409
170 410
170 583
170 641
170 679
170 688
170 739
170 825
170 826
170 840
170 854
170 955
171 236
171 263
171 363
171 386
171 387
171 424
171 465
171 629
171 687
171 792
171 794
171 807
171 840
171 848
171 854
171 868
171 870
172 227
172 384
172 398
172 489
172 532
172 694
172 706
172 878
173 176
173 246
173 284
173 345
173 356
173 490
173 580
173 643
173 644
173 675
173 762
173 815
173 969
174 190
174 232
174 271
174 313
174 318
174 349
174 384
174 392
174 438
174 445
174 486
174 557
174 614
174 762
175 188
175 189
175 547
175 624
175 627
175 647
175 770
175 784
175 787
175 882
175 900
175 933
175 978
175 1018
176 281
176 283
176 439
176 499
176 654
176 931
176 939
176 943
177 225
177 242
177 266
177 330
177 386
177 448
177 460
177 556
177 711
177 765
177 779
177 970
177 973
177 999
177 1023
178 229
178 249
178 278
178 355
178 369
178 543
178 690
178 772
178 784
178 800
178 851
178 901
178 927
179 229
179 274
179 396
179 450
179 503
179 566
179 577
179 584
179 612
179 706
179 748
179 772
179 861
179 864
180 181
180 197
180 333
180 407
180 419
180 460
180 469
180 592
180 728
180 798
180 855
180 895
180 974
180 1018
181 193
181 269
181 624
181 712
181 714
181 718
182 203
182 218
182 267
182 408
182 457
182 501
182 524
182 563
182 612
182 618
182 627
182 688
182 695
182 709
182 753
182 905
182 906
182 934
183 237
183 286
183 320
183 348
183 351
183 457
183 513
183 563
183 641
183 691
183 747
183 809
183 828
183 900
183 992
184 185
184 207
184 251
184 283
184 320
184 374
184 376
184 505
184 507
184 568
184 607
184 689
184 703
184 736
184 757
184 766
184 916
185 232
185 758
185 838
185 978
186 246
186 320
186 356
186 367
186 555
186 797
186 868
186 1008
187 322
187 349
187 485
187 523
187 534
187 544
187 623
187 721
187 742
187 748
187 904
187 997
187 998
188 199
188 469
188 517
188 570
188 743
188 751
188 767
188 774
188 863
188 865
188 894
189 226
189 251
189 478
189 540
189 671
189 683
189 723
189 784
189 818
189 893
189 947
189 955
190 241
190 292
190 304
190 376
190 626
190 687
190 779
190 780
190 837
190 864
191 261
191 280
191 609
191 628
191 661
191 696
191 704
191 730
191 856
191 930
192 216
192 304
192 347
192 525
192 530
192 536
192 537
192 579
192 599
192 712
192 811
192 925
192 1008
192 1022
193 202
193 302
193 305
193 345
193 373
193 404
193 611
193 632
193 788
193 856
194 238
194 370
194 490
194 574
194 702
194 790
194 848
194 951
195 237
195 318
195 401
195 449
195 489
195 516
195 522
195 605
195 614
195 636
195 767
195 913
195 963
195 994
196 273
196 322
196 417
196 447
196 688
196 766
196 813
196 868
196 899
196 999
197 450
197 454
197 530
197 574
197 584
197 604
197 633
197 732
197 737
197 761
197 817
197 845
197 894
197 901
197 914
197 929
197 1013
197 1020
198 304
198 334
198 485
198 675
198 707
198 749
198 772
198 865
198 869
199 275
199 338
199 357
199 448
199 476
199 586
199 606
199 673
199 778
199 820
199 972
200 222
200 241
200 293
200 316
200 382
200 448
200 485
200 531
200 603
200 611
200 613
200 631
200 766
200 773
200 790
200 830
200 853
200 881
200 908
200 955
200 983
200 1005
200 1021
201 219
201 222
201 301
201 338
201 393
201 437
201 521
201 613
201 686
201 742
201 743
201 773
201 853
201 915
201 942
201 998
202 324
202 427
202 453
202 458
202 508
202 664
202 783
202 834
202 990
203 290
203 318
203 373
203 380
203 394
203 409
203 561
203 582
203 604
203 608
203 617
203 729
203 784
203 852
203 907
203 949
203 960
203 998
203 1000
204 254
204 303
204 319
204 331
204 371
204 390
204 539
204 568
204 574
204 639
204 937
204 1020
205 279
205 288
205 333
205 370
205 383
205 491
205 921
205 1001
206 390
206 421
206 547
206 620
206 697
206 722
206 766
206 785
206 988
207 246
207 248
207 283
207 377
207 638
207 707
207 751
207 754
207 787
207 848
207 889
207 940
207 976
208 246
208 274
208 389
208 405
208 418
208 447
208 528
208 555
208 579
208 619
208 623
208 669
208 679
208 939
208 1002
209 253
209 365
209 397
209 438
209 514
209 610
209 724
209 728
209 743
209 779
209 785
209 966
209 987
210 402
210 542
210 591
210 636
210 647
210 700
210 742
210 773
210 972
210 1021
211 276
211 402
211 405
211 640
211 752
211 869
211 914
211 928
211 1018
212 278
212 310
212 411
212 544
212 602
212 819
212 914
212 935
212 1001
213 352
213 411
213 474
213 505
213 564
213 583
213 745
213 797
213 839
213 847
213 904
213 980
214 220
214 263
214 364
214 382
214 433
214 444
214 469
214 470
214 514
214 600
214 622
214 632
214 703
214 713
214 763
214 791
214 807
214 825
214 952
214 959
215 318
215 322
215 370
215 413
215 420
215 432
215 509
215 573
215 595
215 618
215 635
215 732
215 741
215 748
216 427
216 531
216 548
216 555
216 565
216 595
216 755
216 832
216 854
216 890
216 936
216 986
217 234
217 280
217 305
217 378
217 390
217 424
217 471
217 475
217 590
217 619
217 653
217 732
217 755
217 780
217 892
217 974
217 1023
218 260
218 278
218 279
218 310
218 321
218 417
218 428
218 467
218 597
218 752
218 795
218 805
218 823
218 880
219 282
219 286
219 319
219 351
219 450
219 544
219 586
219 662
219 754
219 780
219 862
219 926
219 1013
220 294
220 339
220 396
220 399
220 464
220 488
220 582
220 611
220 640
220 682
220 696
220 705
220 756
220 897
220 916
220 923
221 223
221 235
221 248
221 265
221 299
221 320
221 332
221 397
221 678
221 709
221 753
221 765
221 790
221 795
221 848
221 888
221 916
221 983
221 993
222 294
222 331
222 342
222 376
222 595
222 656
222 806
223 443
223 545
223 609
223 641
223 752
223 842
223 949
224 264
224 346
224 381
224 397
224 512
224 696
224 711
224 760
224 789
224 816
224 878
224 976
225 299
225 318
225 350
225 363
225 403
225 475
225 493
225 693
225 781
225 785
225 854
225 943
226 368
226 421
226 462
226 532
226 554
226 557
226 588
226 602
226 708
226 725
226 761
226 904
226 924
226 953
226 961
226 966
226 1019
227 265
227 331
227 335
227 501
227 539
227 554
227 638
227 641
227 832
227 903
227 934
227 935
227 974
227 1000
228 249
228 263
228 332
228 344
228 352
228 419
228 433
228 443
228 449
228 470
228 594
228 671
228 715
228 805
228 853
228 870
228 939
228 976
228 1009
229 278
229 484
229 579
229 770
229 802
229 925
229 936
229 985
230 417
230 482
230 517
230 559
230 626
230 669
230 676
230 781
230 857
231 233
231 403
231 473
231 480
231 642
231 648
231 767
231 833
231 859
232 246
232 250
232 370
232 373
232 432
232 457
232 515
232 620
232 708
232 709
232 724
232 886
232 902
232 948
232 977
232 980
233 270
233 303
233 355
233 373
233 451
233 486
233 577
233 612
233 694
233 728
233 762
233 786
233 813
233 928
233 1002
234 284
234 324
234 503
234 541
234 596
234 614
234 688
234 704
234 871
234 897
234 908
234 1006
234 1022
235 291
235 331
235 341
235 351
235 473
235 507
235 524
235 539
235 652
235 721
235 887
235 909
235 923
236 312
236 344
236 358
236 453
236 455
236 649
236 727
236 963
236 1021
237 241
237 242
237 334
237 431
237 481
237 486
237 543
237 606
237 647
237 657
237 799
237 808
237 829
237 869
237 920
237 943
238 262
238 439
238 491
238 622
238 817
238 858
238 867
238 922
238 947
239 309
239 324
239 437
239 490
239 528
239 600
239 646
239 665
239 716
239 827
239 916
239 993
240 241
240 326
240 358
240 382
240 492
240 581
240 672
240 720
240 743
240 752
240 761
240 795
240 1010
240 1014
240 1023
241 472
241 474
241 495
241 672
241 745
241 769
242 269
242 414
242 494
242 528
242 566
242 567
242 642
242 778
242 823
242 882
242 899
242 938
243 275
243 352
243 388
243 394
243 448
243 639
243 641
243 701
243 756
243 1007
244 299
244 375
244 547
244 574
244 662
244 692
244 738
244 759
244 788
244 798
244 874
244 932
244 934
245 265
245 292
245 348
245 349
245 419
245 449
245 480
245 489
245 498
245 506
245 540
245 563
245 597
245 723
245 732
245 806
245 948
245 989
246 409
246 448
246 502
246 587
246 592
246 595
246 642
246 643
246 900
247 253
247 329
247 401
247 436
247 438
247 508
247 564
247 670
247 719
247 721
247 771
247 786
247 959
248 257
248 261
248 323
248 354
248 683
248 790
248 830
248 832
248 857
248 897
248 946
249 288
249 509
249 584
249 685
249 738
249 792
249 832
249 841
249 920
249 941
250 332
250 396
250 471
250 496
250 531
250 555
250 647
250 704
250 718
250 749
250 981
251 278
251 317
251 555
251 611
251 693
251 782
251 808
251 853
251 989
252 279
252 324
252 329
252 350
252 362
252 413
252 698
252 724
252 734
252 895
252 943
252 959
253 293
253 348
253 641
253 649
253 773
253 796
253 858
253 929
253 934
253 940
253 951
253 972
253 1017
253 1021
254 308
254 318
254 355
254 376
254 391
254 411
254 548
254 628
254 875
254 927
254 996
254 1001
255 283
255 355
255 451
255 505
255 570
255 574
255 641
255 677
255 683
255 718
255 874
255 876
255 880
256 406
256 421
256 471
256 532
256 664
256 751
256 780
256 816
256 932
256 977
256 992
256 1007
257 275
257 355
257 386
257 434
257 441
257 459
257 462
257 476
257 535
257 595
257 650
257 696
257 737
257 765
257 791
257 882
257 978
258 300
258 489
258 530
258 536
258 566
258 604
258 614
258 652
258 763
258 771
258 801
258 810
258 935
258 1010
259 264
259 349
259 380
259 492
259 587
259 598
259 728
259 770
259 787
259 823
260 309
260 322
260 369
260 431
260 611
260 621
260 749
260 766
260 786
260 878
261 376
261 394
261 401
261 449
261 483
261 551
261 601
261 735
261 786
261 852
262 280
262 323
262 407
262 434
262 466
262 469
262 476
262 507
262 544
262 559
262 575
262 693
262 785
262 789
262 985
262 989
262 998
262 1007
263 313
263 333
263 352
263 353
263 442
263 533
263 694
263 696
263 700
263 749
263 787
263 799
263 850
263 871
263 965
263 979
264 300
264 442
264 445
264 452
264 477
264 492
264 576
264 841
264 984
264 993
264 1018
265 299
265 381
265 432
265 613
265 707
265 708
265 771
265 914
265 928
265 932
265 1011
266 362
266 397
266 407
266 453
266 476
266 492
266 508
266 522
266 528
266 561
266 591
266 635
266 636
266 687
266 733
266 771
266 797
266 800
266 815
266 822
266 868
266 892
266 974
267 280
267 301
267 385
267 410
267 435
267 556
267 592
267 612
267 718
267 859
267 877
267 946
267 948
268 275
268 415
268 433
268 517
268 552
268 577
268 597
268 736
268 747
268 863
269 301
269 321
269 349
269 465
269 628
269 659
269 677
269 711
269 720
269 727
269 934
270 363
270 383
270 628
270 636
270 928
270 1005
271 277
271 350
271 581
271 600
271 725
271 789
271 794
271 799
271 912
271 917
272 312
272 522
272 531
272 539
272 586
272 678
272 716
272 744
272 909
272 965
272 1010
273 632
273 800
273 858
273 870
273 881
273 954
273 996
274 290
274 313
274 442
274 524
274 582
274 686
274 800
274 935
274 941
274 950
274 969
274 970
274 973
274 974
275 280
275 320
275 325
275 367
275 433
275 468
275 473
275 529
275 584
275 634
275 679
275 739
275 753
275 764
275 841
275 901
276 581
276 599
276 668
276 750
276 778
276 906
276 954
277 383
277 398
277 420
277 518
277 642
277 714
277 754
277 898
277 952
278 328
278 375
278 662
278 861
278 946
278 1020
279 292
279 319
279 382
279 414
279 447
279 517
279 613
279 633
279 767
279 801
279 823
279 915
279 978
279 985
280 342
280 794
280 859
281 319
281 490
281 533
281 637
281 678
281 796
281 817
281 843
281 851
281 868
281 1010
282 340
282 342
282 427
282 457
282 520
282 532
282 657
282 777
283 320
283 332
283 419
283 526
283 578
283 596
283 693
283 731
283 756
283 782
283 907
283 971
283 1022
284 312
284 328
284 350
284 375
284 398
284 443
284 482
284 563
284 573
284 579
284 622
284 653
284 714
284 859
284 863
284 866
284 984
285 345
285 419
285 543
285 760
285 794
285 870
285 954
285 966
285 991
286 355
286 385
286 391
286 625
286 677
286 766
286 783
286 906
286 917
286 919
286 1022
287 305
287 408
287 428
287 600
287 636
287 681
287 774
287 795
287 905
287 918
287 929
287 975
288 289
288 355
288 442
288 630
288 664
288 690
288 708
288 748
288 809
288 813
288 858
288 880
289 337
289 380
289 555
289 645
289 793
289 795
289 808
289 1000
289 1008
290 308
290 315
290 428
290 477
290 485
290 540
290 544
290 574
290 604
290 684
290 711
290 750
290 899
290 956
291 454
291 471
291 482
291 594
291 641
291 724
291 728
291 929
291 939
292 324
292 352
292 393
292 401
292 447
292 677
292 752
292 817
292 870
292 978
293 306
293 377
293 406
293 467
293 510
293 768
293 926
293 1017
294 464
294 518
294 520
294 600
294 799
294 828
294 896
294 972
294 991
295 428
295 474
295 570
295 593
295 606
295 642
295 752
295 755
295 763
295 965
295 978
295 989
296 376
296 443
296 448
296 590
296 602
296 652
296 671
296 716
296 780
296 836
296 911
296 937
297 346
297 543
297 739
297 817
297 903
297 941
297 954
297 961
297 993
298 354
298 434
298 577
298 614
298 645
298 720
298 866
298 872
298 898
298 938
298 1008
298 1017
299 339
299 373
299 402
299 501
299 529
299 535
299 587
299 601
299 631
299 674
299 819
299 837
299 974
299 1013
300 321
300 370
300 395
300 403
300 578
300 615
300 712
300 813
300 817
300 868
300 878
301 385
301 402
301 416
301 418
301 441
301 466
301 471
301 492
301 503
301 540
301 564
301 574
301 823
301 854
301 856
301 859
301 938
302 506
302 510
302 559
302 565
302 652
302 696
302 879
302 927
302 946
302 1015
302 1022
303 310
303 447
303 513
303 536
303 548
303 556
303 566
303 636
303 757
303 894
303 934
304 427
304 433
304 436
304 505
304 544
304 615
304 709
304 734
304 882
304 899
304 924
304 1003
304 1018
305 417
305 565
305 632
305 746
305 780
305 843
305 978
305 984
306 322
306 324
306 387
306 388
306 419
306 444
306 461
306 475
306 517
306 535
306 597
306 669
306 689
306 792
306 811
306 1015
307 337
307 481
307 486
307 567
307 785
307 807
307 895
307 982
308 324
308 404
308 467
308 523
308 606
308 645
308 699
308 736
308 738
308 830
308 889
308 976
309 426
309 484
309 527
309 599
309 632
309 652
309 671
309 713
309 717
309 753
309 776
309 788
309 884
309 900
309 955
309 1019
310 314
310 373
310 537
310 596
310 600
310 654
310 657
310 695
310 719
310 769
310 1017
310 1020
311 420
311 635
311 650
311 734
311 746
311 787
311 1016
312 323
312 341
312 445
312 541
312 564
312 624
312 682
312 847
313 561
313 608
313 760
313 799
313 880
313 887
313 918
313 925
313 938
313 995
314 396
314 491
314 707
314 780
314 822
314 841
314 850
314 901
314 939
314 983
314 1016
315 490
315 596
315 676
315 741
315 818
315 843
315 871
315 889
315 1007
316 383
316 406
316 419
316 421
316 481
316 517
316 544
316 546
316 602
316 681
316 718
316 731
316 804
316 1021
317 347
317 363
317 401
317 412
317 414
317 485
317 498
317 505
317 520
317 529
317 533
317 710
317 789
317 855
318 340
318 380
318 416
318 474
318 510
318 525
318 565
318 609
318 679
318 696
318 783
318 796
318 983
318 985
318 994
319 331
319 538
319 596
319 602
319 604
319 651
319 740
319 770
319 835
319 959
320 337
320 633
320 656
320 670
320 677
320 695
320 717
320 722
320 786
320 789
320 902
321 404
321 411
321 460
321 532
321 547
321 621
321 727
321 786
321 814
321 854
321 1002
322 388
322 518
322 556
322 800
323 377
323 389
323 434
323 441
323 448
323 500
323 519
323 621
323 649
323 753
323 755
323 865
323 1005
323 1020
324 398
324 413
324 497
324 570
324 582
324 729
324 836
324 838
324 974
324 1006
324 1023
325 360
325 389
325 459
325 493
325 569
325 575
325 587
325 898
326 452
326 496
326 556
326 581
326 636
326 637
326 641
326 728
326 786
326 802
326 833
326 896
326 987
326 990
327 330
327 383
327 529
327 576
327 671
327 680
327 928
327 933
327 965
327 971
327 978
328 342
328 386
328 463
328 469
328 499
328 778
328 812
328 833
328 843
328 862
328 867
328 979
328 1013
329 352
329 356
329 438
329 446
329 570
329 605
329 632
329 686
329 712
329 780
329 819
329 870
329 930
329 939
329 949
329 975
330 335
330 359
330 360
330 470
330 513
330 559
330 858
330 863
330 891
330 974
331 377
331 395
331 472
331 520
331 574
331 582
331 618
331 741
331 780
331 834
331 891
331 894
331 930
331 986
332 399
332 444
332 566
332 594
332 825
332 901
333 390
333 396
333 426
333 449
333 508
333 622
333 669
333 703
333 847
333 885
333 939
333 972
333 991
334 388
334 406
334 508
334 511
334 534
334 571
334 597
334 600
334 661
334 869
334 893
334 990
335 363
335 477
335 490
335 500
335 547
335 606
335 624
335 664
335 714
335 732
335 939
335 989
335 998
336 431
336 533
336 566
336 626
336 695
336 700
336 804
336 828
336 851
336 877
337 679
337 696
337 864
337 883
337 894
338 341
338 464
338 723
338 819
338 848
338 874
338 906
338 965
338 1015
339 473
339 498
339 584
339 633
339 655
339 808
339 858
339 879
339 915
339 924
340 352
340 403
340 419
340 449
340 569
340 597
340 621
340 733
340 752
340 755
340 798
340 879
340 974
341 357
341 401
341 528
341 541
341 586
341 592
341 623
341 747
341 763
341 818
341 843
341 868
341 896
341 901
342 419
342 471
342 506
342 541
342 595
342 750
342 828
342 860
342 862
342 884
343 355
343 383
343 396
343 566
343 605
343 611
343 641
343 723
343 753
343 771
343 886
343 916
343 940
343 941
344 506
344 756
344 760
344 788
344 810
344 876
344 894
344 993
344 996
345 464
345 519
345 653
345 703
345 804
345 889
345 904
345 931
345 937
346 393
346 412
346 618
346 624
346 675
346 678
346 687
346 695
346 718
346 804
346 911
347 467
347 528
347 561
347 640
347 712
347 739
347 744
347 752
347 959
347 1011
347 1012
348 374
348 499
348 809
348 959
349 391
349 403
349 512
349 606
349 710
349 751
349 789
350 356
350 416
350 530
350 696
350 905
350 936
350 943
351 486
351 566
351 618
351 637
351 657
351 687
351 743
351 746
351 890
351 905
351 927
351 969
351 1012
352 355
352 382
352 415
352 484
352 540
352 646
352 681
352 770
352 887
352 893
352 933
352 957
352 991
352 995
352 1020
353 413
353 431
353 454
353 469
353 472
353 539
353 559
353 748
353 793
353 874
353 992
354 540
354 614
354 616
354 703
354 851
354 934
355 432
355 461
355 572
355 689
355 715
355 724
355 732
355 743
355 806
355 881
355 936
355 942
356 364
356 411
356 420
356 472
356 475
356 484
356 506
356 516
356 635
356 679
356 747
356 766
356 813
356 855
356 902
357 358
357 436
357 442
357 471
357 528
357 530
357 538
357 575
357 588
357 706
357 753
357 773
357 805
358 429
358 623
358 686
358 799
359 416
359 479
359 497
359 547
359 708
359 730
359 788
359 860
359 893
359 923
360 437
360 463
360 773
360 781
360 785
360 791
360 832
360 888
360 977
360 982
361 619
361 621
361 796
361 1001
362 400
362 442
362 575
362 580
362 619
362 737
362 949
363 385
363 392
363 584
363 630
363 631
363 634
363 684
363 688
363 700
363 771
363 828
363 852
363 859
364 397
364 443
364 560
364 568
364 571
364 629
364 704
364 807
364 897
364 993
365 408
365 486
365 488
365 647
365 665
365 730
365 765
365 803
365 815
365 966
365 978
365 988
366 561
366 574
366 587
366 692
366 699
366 765
366 795
366 990
367 400
367 433
367 464
367 482
367 583
367 651
367 714
367 723
367 791
367 813
367 982
367 1011
367 1012
368 637
368 647
368 769
368 870
369 410
369 420
369 591
369 651
369 701
369 728
369 889
370 473
370 634
370 664
370 728
370 748
370 1003
371 392
371 474
371 549
371 649
371 709
371 729
371 850
371 922
372 387
372 396
372 493
372 574
372 700
372 784
372 811
372 831
372 849
372 977
373 376
373 494
373 553
373 565
373 697
373 741
373 753
373 771
373 779
373 947
373 967
374 390
374 418
374 475
374 495
374 540
374 637
374 647
374 712
374 739
374 740
374 794
374 825
374 912
374 929
375 377
375 466
375 491
375 502
375 586
375 690
375 749
375 774
376 381
376 505
376 562
376 573
376 635
376 688
376 726
376 790
376 853
377 433
377 482
377 649
377 679
377 686
377 771
377 836
377 893
377 916
377 936
377 969
377 980
378 381
378 532
378 550
378 725
378 867
379 388
379 446
379 467
379 479
379 521
379 527
379 566
379 704
379 753
379 763
379 838
379 892
379 1014
380 397
380 414
380 445
380 455
380 509
380 557
380 646
380 718
380 822
380 888
380 896
381 480
381 930
382 435
382 441
382 480
382 516
382 613
382 758
382 820
382 830
382 847
382 885
382 892
383 474
383 536
383 738
383 777
383 803
383 837
383 995
384 527
384 533
384 595
384 599
384 818
384 825
384 833
384 870
384 971
384 1013
385 425
385 482
385 561
385 688
385 814
385 891
385 982
385 1019
386 407
386 452
386 473
386 477
386 596
386 642
386 877
386 890
386 903
386 921
386 925
386 956
387 413
387 513
387 525
387 558
387 604
387 704
387 749
387 793
387 870
387 882
387 939
388 435
388 462
388 498
388 695
388 696
388 760
388 822
388 872
388 878
388 908
388 1008
389 465
389 571
389 572
389 595
389 638
389 644
389 647
389 704
389 787
389 797
389 811
389 837
389 898
389 998
390 471
390 551
390 556
390 609
390 616
390 652
390 695
390 731
390 908
391 396
391 487
391 488
391 527
391 558
391 610
391 653
391 710
391 878
392 607
392 622
392 664
392 678
392 686
392 733
392 808
392 984
393 445
393 518
393 667
393 744
393 763
393 997
394 418
394 530
394 587
394 588
394 627
394 647
394 734
394 745
394 799
394 809
394 824
394 840
394 863
394 872
394 891
394 921
394 931
394 970
394 987
395 505
395 562
395 720
395 761
395 819
395 860
395 886
395 892
395 1011
396 425
396 500
396 663
396 805
396 887
396 892
396 950
396 994
396 1020
397 529
397 712
397 765
397 795
397 814
397 815
397 925
398 427
398 520
398 620
398 700
398 723
398 742
398 852
398 966
398 971
399 598
399 683
399 694
399 804
399 810
399 827
399 874
399 881
399 903
399 929
399 978
399 1023
400 483
400 508
400 562
400 571
400 656
400 755
400 801
400 805
400 853
400 877
400 896
400 927
400 963
400 989
400 995
401 406
401 655
401 699
401 725
401 742
401 751
401 752
401 923
401 928
401 976
402 479
402 485
402 486
402 626
402 635
402 654
402 673
402 676
402 814
402 901
402 950
402 977
402 1017
403 419
403 469
403 561
403 606
403 657
403 677
403 736
403 742
403 744
403 866
403 884
404 521
404 544
404 596
404 679
404 739
404 745
404 748
404 796
404 944
405 421
405 431
405 452
405 587
405 608
405 706
405 793
405 798
405 803
405 818
405 841
405 891
405 967
405 1013
406 544
406 667
406 783
406 813
406 955
406 999
407 467
407 564
407 583
407 754
407 789
407 807
407 829
407 855
407 859
407 963
408 676
408 710
408 740
408 819
408 887
408 959
408 997
409 597
409 700
409 721
409 770
409 829
409 836
409 902
409 987
410 412
410 533
410 534
410 565
410 733
410 739
410 813
410 868
410 983
411 550
411 664
411 697
411 783
411 883
411 893
411 928
411 968
411 986
412 427
412 428
412 475
412 569
412 574
412 594
412 607
412 666
412 754
412 860
412 957
413 436
413 498
413 514
413 532
413 688
413 754
413 788
413 828
413 966
413 986
413 1023
414 469
414 612
414 653
414 746
414 780
414 845
414 879
414 962
414 970
415 442
415 482
415 495
415 524
415 664
415 767
415 823
415 880
415 930
415 970
415 986
415 1000
416 437
416 461
416 469
416 566
416 576
416 710
416 856
416 908
416 981
417 663
417 753
417 765
417 814
417 867
417 880
417 934
417 1015
418 615
418 623
418 706
418 714
418 750
418 771
418 784
418 828
418 943
419 464
419 469
419 520
419 558
419 600
419 665
419 741
419 807
419 817
419 839
420 461
420 473
420 672
420 677
420 722
420 747
420 755
420 792
420 836
420 841
420 881
420 890
420 909
420 1023
421 461
421 475
421 487
421 626
421 648
421 659
421 669
421 698
421 760
421 784
421 824
421 980
421 1010
422 465
422 486
422 499
422 625
422 636
422 679
422 680
422 773
422 890
422 922
422 958
423 428
423 457
423 479
423 485
423 493
423 574
423 752
423 757
423 793
423 838
423 867
423 977
423 991
424 453
424 497
424 542
424 677
424 820
424 996
425 451
425 496
425 501
425 538
425 719
425 806
425 898
426 656
426 669
426 745
426 878
426 974
427 455
427 548
427 615
427 705
427 783
427 790
427 831
427 926
427 968
427 977
428 441
428 578
428 735
428 815
428 844
428 883
428 921
428 941
428 988
428 994
429 476
429 483
429 484
429 549
429 581
429 583
429 698
429 708
429 729
429 751
429 787
429 826
429 996
430 473
430 555
430 658
430 776
430 807
430 830
430 832
430 890
430 912
430 993
431 452
431 603
431 651
431 652
431 706
431 785
431 828
431 919
431 1012
431 1015
431 1022
432 454
432 567
432 634
432 643
432 656
432 901
433 439
433 519
433 587
433 593
433 699
433 734
433 846
433 875
433 878
433 899
433 994
433 1006
433 1020
434 444
434 454
434 579
434 617
434 777
435 437
435 481
435 544
435 608
435 747
435 758
435 817
435 1012
435 1021
436 557
436 588
436 683
436 819
436 836
436 943
437 722
437 851
438 520
438 555
438 597
438 650
438 672
438 900
438 940
438 957
438 959
439 529
439 545
439 553
439 592
439 605
439 631
439 685
439 742
439 822
439 1003
440 443
440 465
440 564
440 743
440 800
440 815
440 879
440 898
441 456
441 477
441 487
441 547
441 552
441 555
441 574
441 657
441 752
441 754
441 762
441 945
442 534
442 550
442 552
442 620
442 649
442 786
442 791
442 802
442 866
442 910
443 491
443 526
443 560
443 740
443 808
443 976
444 451
444 515
444 546
444 616
444 726
444 755
444 765
444 779
444 809
444 842
444 913
444 932
444 964
444 1011
445 473
445 484
445 581
445 667
445 751
445 833
445 853
446 562
446 602
446 628
446 675
446 708
446 753
446 782
446 899
446 937
447 459
447 470
447 500
447 506
447 540
447 542
447 565
447 576
447 638
447 726
447 816
447 827
448 490
448 510
448 527
448 587
448 610
448 758
448 947
448 958
448 994
449 497
449 531
449 567
449 586
449 599
449 648
449 803
449 983
449 984
449 989
450 451
450 549
450 553
450 581
450 588
450 655
450 771
450 780
450 814
450 978
451 453
451 515
451 522
451 536
451 562
451 685
451 743
451 869
451 888
451 903
451 944
451 949
451 962
452 455
452 473
452 760
452 827
452 954
452 1016
453 456
453 513
453 673
453 936
453 952
453 993
453 1022
454 477
454 570
454 751
454 802
454 830
454 848
454 1002
455 466
455 468
455 612
455 626
455 799
455 801
455 876
455 896
455 951
456 457
456 516
456 571
456 651
456 890
456 900
456 915
456 950
457 478
457 720
457 730
457 732
457 812
457 825
457 930
457 970
458 581
458 662
458 719
458 848
458 875
458 886
458 899
458 905
458 926
458 938
458 979
459 535
459 557
459 585
459 608
459 647
459 656
459 760
459 860
459 903
459 1005
460 497
460 604
460 621
460 631
460 673
460 757
460 850
460 1015
461 488
461 496
461 638
461 779
461 859
461 861
461 891
461 979
461 1003
462 555
462 654
462 702
462 730
462 734
462 815
462 844
462 871
462 905
463 467
463 513
463 585
463 608
463 627
463 733
463 815
463 862
463 986
464 724
464 734
464 773
464 805
464 820
464 853
464 877
464 886
464 887
464 956
465 488
465 509
465 661
465 706
465 735
465 758
465 895
465 1009
466 515
466 523
466 536
466 566
466 702
466 910
466 1007
467 594
467 698
467 723
467 845
467 906
467 924
468 716
468 789
468 829
468 999
469 530
469 548
469 565
469 583
469 584
469 666
469 675
469 719
469 746
469 781
469 933
469 947
469 960
470 473
470 492
470 502
470 553
470 800
470 871
470 913
470 947
471 481
471 491
471 644
471 689
471 720
471 746
471 763
471 1023
472 481
472 542
472 580
472 605
472 663
472 739
472 768
472 892
472 944
472 965
473 494
473 679
473 701
473 727
473 730
473 761
474 487
474 490
474 536
474 599
474 619
474 669
474 785
474 857
474 896
474 1013
474 1022
475 499
475 727
475 749
475 778
475 885
475 886
475 902
475 1010
475 1023
476 480
476 536
476 551
476 559
476 578
476 592
476 640
476 650
476 693
476 745
476 781
476 795
476 831
476 837
476 938
477 505
477 529
477 530
477 556
477 645
477 652
477 699
477 716
477 727
477 791
477 802
477 851
477 902
477 926
477 984
478 629
478 672
478 694
478 772
478 822
478 868
479 648
479 734
479 962
479 1006
480 493
480 552
480 623
480 625
480 661
480 764
480 852
480 882
480 969
481 495
481 532
481 760
481 778
481 791
481 873
481 899
481 917
481 920
482 566
482 715
482 743
482 832
482 959
482 1023
483 484
483 534
483 537
483 600
483 636
483 703
483 747
483 836
483 881
483 933
483 975
483 976
483 1002
484 504
484 630
484 648
484 844
484 888
484 1018
485 492
485 595
485 613
485 641
485 734
485 736
485 747
485 764
485 814
485 858
485 915
485 988
485 999
486 501
486 589
486 608
486 703
486 808
486 830
486 883
486 938
487 500
487 512
487 519
487 547
487 550
487 556
487 615
487 618
487 827
488 537
488 548
488 585
488 615
488 674
488 675
488 728
488 866
488 909
488 960
488 973
489 735
489 738
489 928
489 975
489 1003
490 577
490 674
490 713
490 717
490 766
490 773
490 821
490 901
491 532
491 622
491 677
491 730
491 776
491 781
491 980
492 511
492 557
492 561
492 625
492 745
492 757
492 838
492 884
492 930
492 998
493 587
493 617
493 677
493 773
493 777
493 848
493 864
493 886
493 902
493 941
493 950
493 952
493 1020
494 630
494 678
494 720
494 835
494 853
494 857
494 891
494 923
494 945
494 981
495 524
495 590
495 593
495 616
495 653
495 699
495 764
495 769
495 810
495 917
495 977
496 624
496 816
496 856
496 883
496 929
496 963
496 1009
497 534
497 535
497 569
497 578
497 636
497 787
497 833
497 940
498 518
498 570
498 584
498 606
498 661
498 770
498 777
498 789
498 851
498 872
498 916
499 531
499 542
499 709
499 782
499 857
499 860
500 551
500 620
500 656
500 659
500 672
500 687
500 804
500 860
500 889
501 596
501 646
501 654
501 673
501 713
501 748
501 837
501 883
501 956
502 514
502 518
502 548
502 585
502 736
502 858
502 891
502 930
502 945
502 988
502 998
502 1004
503 568
503 676
503 738
503 936
503 994
504 525
504 641
504 770
505 532
505 666
505 697
505 758
505 793
505 795
505 903
505 926
505 957
505 964
505 978
506 543
506 563
506 754
506 780
506 833
506 867
506 869
506 975
506 1018
507 545
507 551
507 591
507 619
507 706
507 713
507 762
507 795
507 811
507 869
507 903
507 961
507 981
508 520
508 561
508 580
508 676
508 711
509 592
509 758
509 770
509 887
509 952
510 525
510 557
510 695
510 735
510 776
510 778
510 862
510 954
511 518
511 626
511 704
511 722
511 727
511 766
511 774
511 804
511 820
511 827
511 930
511 950
512 585
512 653
512 720
512 966
512 1016
512 1017
513 522
513 545
513 604
513 632
513 680
513 686
513 688
513 885
513 940
513 985
513 1011
514 577
514 680
514 777
514 825
514 841
514 847
514 872
514 926
515 529
515 544
515 614
515 677
515 684
515 872
516 530
516 663
516 703
516 966
516 1023
517 727
517 867
517 870
517 918
517 928
517 1012
518 519
518 530
518 700
518 841
518 863
518 1014
519 572
519 602
519 604
519 659
519 802
519 808
519 816
519 862
519 954
520 577
520 608
520 723
520 846
521 592
521 605
521 615
521 650
521 681
521 759
521 777
521 820
521 828
521 871
521 930
521 983
522 547
522 567
522 577
522 584
522 683
522 700
522 711
522 765
522 775
522 895
522 906
522 912
522 1016
523 529
523 532
523 570
523 667
523 726
523 864
523 959
524 700
524 772
524 779
524 940
524 961
525 584
525 653
525 699
525 705
525 753
525 772
525 810
525 817
525 880
525 1004
525 1009
525 1010
525 1015
526 541
526 645
526 719
526 725
526 730
526 766
526 843
526 900
527 553
527 561
527 585
527 592
527 804
527 816
527 829
527 836
527 908
527 920
527 949
527 953
527 1011
528 613
528 624
528 692
528 739
528 893
528 906
528 909
528 997
528 999
528 1005
529 544
529 578
529 702
529 743
529 757
529 787
529 899
529 913
529 928
529 937
530 571
530 633
530 638
530 661
530 845
530 914
530 968
530 970
531 570
531 653
531 662
531 695
531 742
531 834
531 878
532 550
532 581
532 628
532 643
532 794
532 908
532 1015
533 538
533 631
533 851
534 612
534 774
534 822
534 869
534 893
534 929
534 932
535 585
535 634
535 674
535 697
535 725
535 889
535 917
535 1008
535 1017
535 1021
536 540
536 544
536 615
536 705
536 756
536 783
536 879
536 974
537 650
537 666
537 734
537 788
537 883
537 886
537 983
538 559
538 612
538 613
538 691
538 700
538 715
538 742
538 755
538 772
538 901
538 923
538 929
538 1012
538 1017
539 554
539 562
539 625
539 651
539 720
539 786
539 872
539 994
540 543
540 707
540 750
540 902
540 983
540 1011
541 849
541 898
541 905
541 967
541 983
541 988
542 544
542 617
542 636
542 762
542 795
542 858
543 651
543 660
543 866
543 922
544 595
544 643
544 671
544 706
544 919
545 600
545 612
545 673
545 694
545 866
545 875
545 909
545 917
545 991
545 994
545 1004
546 558
546 670
546 678
546 811
546 925
547 560
547 646
547 652
547 666
547 668
547 876
547 885
547 921
547 948
548 649
548 700
548 897
548 961
548 971
549 570
549 602
549 678
549 687
549 703
549 721
549 759
549 790
549 813
549 931
549 941
549 1023
550 672
550 675
550 777
550 817
550 882
550 884
550 885
550 952
550 977
550 990
550 1000
550 1019
551 714
551 732
551 747
551 772
551 775
551 830
551 848
551 870
551 937
552 566
552 614
552 1022
553 609
553 616
553 639
553 669
553 697
553 714
553 746
553 826
553 1013
554 571
554 626
554 719
554 734
554 768
555 637
555 758
555 771
555 826
555 964
556 603
556 651
556 660
556 679
556 798
556 842
556 867
557 568
557 663
557 679
557 680
557 772
557 927
557 939
557 986
557 1022
558 571
558 592
558 610
558 645
558 674
558 924
558 950
558 952
558 959
559 683
559 752
559 807
559 862
559 937
559 967
559 1016
560 675
560 731
560 797
560 820
560 848
560 850
560 919
560 937
560 972
560 1015
561 620
561 638
561 698
561 742
561 837
561 979
561 989
561 1000
562 674
562 783
562 841
562 879
562 898
562 923
563 599
563 608
563 673
563 731
563 898
563 943
563 947
563 1010
564 577
564 647
564 669
564 675
564 686
564 708
564 895
564 979
565 593
565 599
565 674
565 712
565 750
565 756
565 855
565 879
565 973
566 622
566 688
566 834
566 865
566 885
566 892
566 950
566 977
567 854
567 990
568 596
568 597
568 602
568 634
568 711
568 721
568 771
568 899
568 946
568 950
569 641
569 644
569 732
569 763
569 789
569 807
569 853
569 889
569 1009
570 615
570 617
570 621
570 682
570 807
570 821
570 828
570 865
570 884
570 886
570 900
570 981
571 698
571 866
571 1015
572 642
572 647
572 866
572 909
572 932
572 935
572 1014
573 615
573 688
573 704
573 766
573 778
573 859
573 946
573 1010
574 588
574 591
574 594
574 733
574 777
574 797
574 821
574 851
574 882
574 934
575 589
575 674
575 722
575 844
575 861
575 893
575 912
575 1002
575 1017
576 591
576 611
576 632
576 665
576 723
576 754
576 788
576 810
576 856
576 1022
577 591
577 644
577 657
577 666
577 692
577 713
577 793
577 996
578 684
578 686
578 791
578 967
578 978
579 599
579 632
579 675
579 686
579 817
579 874
579 1000
579 1006
580 629
580 653
580 660
580 787
580 817
580 861
580 924
580 982
581 674
581 713
581 766
581 1000
581 1014
582 744
582 754
582 761
582 788
582 811
582 827
582 871
582 888
583 776
583 836
583 841
583 910
583 942
584 662
584 856
584 1004
585 606
585 649
585 657
585 722
585 730
585 874
585 892
585 907
585 997
586 631
586 672
586 708
586 819
586 941
586 961
586 1010
587 699
587 749
587 778
587 842
587 862
587 1011
588 589
588 800
588 931
588 988
589 692
589 736
589 737
589 839
589 936
590 594
590 665
590 796
590 925
590 1010
591 661
591 665
591 668
591 702
591 742
591 821
591 954
591 961
591 974
591 975
592 598
592 745
592 847
592 945
592 948
593 640
593 721
593 735
593 739
593 811
593 825
593 926
593 949
593 972
594 624
594 681
594 864
594 946
594 951
594 966
594 975
595 618
595 643
595 674
595 694
595 725
595 734
595 774
595 842
595 899
596 614
596 755
596 772
596 814
596 972
597 601
597 612
597 675
597 707
597 731
597 759
597 780
597 834
597 848
597 861
597 902
597 904
598 607
598 637
598 686
598 689
598 808
598 843
598 942
599 849
599 876
599 995
600 669
600 788
600 799
600 912
600 978
600 1015
601 606
601 642
601 670
601 748
601 833
601 944
601 950
601 982
602 639
602 705
602 723
602 731
602 793
602 810
602 892
602 916
602 949
602 970
603 610
603 699
603 705
603 707
603 820
603 922
603 949
603 986
604 627
604 753
604 851
604 1002
604 1005
605 608
605 686
605 711
605 788
605 949
605 983
606 733
606 749
606 886
606 938
606 944
606 945
607 627
607 786
607 813
607 819
607 882
608 865
608 916
608 933
609 775
609 780
609 806
609 845
609 846
609 905
609 973
610 614
610 685
610 774
610 873
610 973
610 1022
611 714
611 721
611 826
611 855
611 883
611 895
611 914
611 951
611 993
612 703
612 828
612 878
612 917
612 993
613 638
613 651
613 690
613 829
614 627
614 662
614 668
614 677
614 733
614 747
614 775
614 858
614 921
614 990
614 997
615 634
615 688
615 873
616 653
616 689
616 791
616 838
616 853
616 893
616 952
616 1002
617 669
617 670
617 691
617 698
617 821
617 832
617 848
617 937
617 983
618 628
618 682
618 739
618 871
618 897
618 970
619 624
619 636
619 785
619 830
619 869
619 885
619 984
619 1016
620 678
620 883
620 947
620 978
620 997
621 643
621 698
621 784
621 945
621 996
622 637
622 666
622 748
622 863
622 873
622 962
622 972
622 997
623 888
623 987
624 839
624 842
624 908
624 1014
625 644
625 658
625 709
625 808
625 840
626 661
626 685
626 686
626 852
626 988
627 640
627 783
627 797
627 900
627 996
627 1004
627 1013
627 1017
628 657
628 776
628 812
628 840
628 974
629 682
629 702
629 770
629 862
629 911
629 953
629 972
630 689
630 817
630 830
630 1016
631 661
631 693
631 737
631 758
631 836
631 848
631 897
632 649
632 703
632 743
632 869
632 874
632 900
632 942
632 968
632 977
633 716
633 807
633 835
633 877
633 931
633 967
634 697
634 774
634 841
634 868
634 909
634 920
635 666
635 820
635 880
635 900
635 905
635 993
636 721
636 744
636 770
636 809
636 825
636 862
636 889
636 899
636 917
636 1003
636 1023
637 700
637 770
638 674
638 701
638 732
638 869
638 905
638 927
639 667
639 715
639 721
639 741
639 781
639 786
639 804
639 922
639 937
639 991
640 666
640 701
640 760
640 761
640 777
640 810
640 844
640 875
640 883
641 839
641 867
641 908
641 1008
642 647
642 688
642 717
642 719
642 857
642 935
642 980
643 778
643 786
643 959
644 689
644 723
644 726
644 731
644 801
644 876
644 961
644 963
644 977
645 652
645 716
645 803
645 870
645 892
645 1004
646 666
646 679
646 696
646 710
646 733
646 801
646 932
646 983
646 997
647 682
647 694
647 881
647 921
647 949
648 718
648 767
648 786
648 875
648 961
648 977
648 1001
648 1013
649 723
649 788
649 930
649 990
650 658
650 809
650 823
650 845
650 879
651 664
651 708
651 721
651 828
651 914
651 921
651 930
651 956
652 718
652 786
652 794
652 928
653 686
653 919
653 953
653 1007
653 1011
654 772
654 814
654 1008
655 675
655 900
655 912
655 932
655 945
655 1005
655 1010
656 682
656 774
656 785
656 830
656 853
656 894
656 940
656 981
656 1015
657 727
657 728
657 733
657 951
657 1000
658 667
658 719
658 735
658 753
658 778
658 829
658 935
658 944
658 1012
658 1019
659 692
659 698
659 736
659 773
659 822
659 889
659 918
660 775
660 804
660 837
660 854
660 954
660 972
660 978
661 680
661 734
661 786
661 796
661 802
661 993
662 908
663 700
663 707
663 832
663 848
664 801
664 881
664 929
664 941
664 950
664 990
664 1003
665 801
665 942
666 905
666 908
666 916
666 935
667 781
667 820
668 678
668 699
668 770
668 782
668 962
669 731
669 817
669 823
669 834
669 968
670 701
670 787
670 843
670 857
670 865
670 943
670 996
671 810
671 831
671 844
671 855
671 992
671 1018
672 831
673 749
673 851
673 885
673 903
673 954
673 955
674 785
674 786
674 796
674 855
674 949
674 951
674 992
675 718
675 786
675 831
675 974
675 986
675 994
675 1004
675 1010
676 777
676 845
676 875
676 878
676 890
677 703
677 722
677 818
677 888
677 910
677 931
677 976
678 695
678 722
678 831
678 887
678 903
678 922
678 950
678 984
679 743
679 780
679 816
679 823
679 852
679 919
679 995
679 1008
679 1010
680 709
680 717
680 736
680 776
680 791
680 899
680 918
680 931
680 949
680 958
680 990
680 1005
681 729
681 889
681 910
681 951
681 962
681 963
681 965
681 1018
682 753
682 803
682 814
682 847
682 865
682 880
682 962
682 963
682 1021
683 726
683 745
683 760
683 804
683 1005
684 702
684 722
684 728
684 770
684 779
684 837
684 839
684 867
684 881
684 934
685 719
685 732
685 870
686 780
686 845
686 847
686 927
686 930
686 937
686 1012
687 702
687 806
687 856
687 879
687 935
687 964
688 749
688 813
688 816
688 992
688 1021
689 720
689 725
689 755
689 760
689 784
689 846
689 1001
690 695
690 740
690 844
691 767
691 778
691 843
691 921
691 1007
692 702
692 735
692 745
692 812
692 888
692 926
692 949
692 991
692 1007
693 744
693 803
693 907
693 931
693 941
693 1012
694 761
694 854
694 940
694 953
695 712
695 729
695 730
695 731
695 749
695 802
695 840
695 910
695 932
695 1011
695 1013
696 790
696 793
696 808
696 842
696 943
696 958
696 1007
697 853
697 888
697 940
698 877
698 887
698 943
698 1020
699 767
699 808
699 873
699 899
699 1015
700 701
700 740
700 884
700 933
701 757
701 807
701 869
701 904
702 723
702 734
702 800
702 809
702 815
702 960
702 992
703 752
703 793
703 800
703 841
703 907
703 924
703 933
703 993
704 709
704 721
704 797
705 735
705 765
705 909
705 956
705 958
705 990
705 991
705 1017
706 726
706 787
706 915
707 739
707 880
707 890
707 907
707 996
708 752
708 753
708 775
708 856
708 863
708 865
708 911
709 803
709 914
709 1013
710 744
710 810
710 882
710 899
710 940
711 736
711 905
711 1022
712 925
712 978
712 990
713 722
713 739
713 775
714 746
714 750
714 759
714 871
714 907
714 917
714 981
715 736
715 778
715 793
715 855
715 859
715 906
715 1013
716 741
716 856
717 739
717 911
717 984
717 1000
718 844
718 1008
719 754
719 802
719 833
719 966
719 1005
720 897
721 748
721 889
721 987
722 733
722 739
722 804
722 815
722 994
723 817
723 842
723 905
723 928
723 1000
724 831
724 833
724 839
724 891
724 899
724 998
725 772
725 968
725 989
725 993
725 1020
726 787
726 802
726 812
726 833
726 848
726 871
726 958
726 989
727 756
727 779
727 880
728 937
728 964
729 915
729 942
729 946
729 982
729 988
730 799
730 902
730 924
730 949
731 759
731 763
731 775
731 806
731 815
731 822
731 892
731 918
731 997
731 1006
731 1011
731 1022
732 779
732 791
732 813
732 827
732 847
732 919
732 925
733 799
733 870
733 916
733 970
733 1016
734 752
734 811
734 897
734 931
734 934
735 796
735 923
735 972
736 761
736 973
736 979
737 775
737 778
737 829
737 908
737 925
737 951
737 997
737 1016
738 825
738 864
738 889
738 946
738 1000
739 754
739 796
739 803
739 813
739 969
740 759
740 770
740 792
740 868
740 915
740 931
740 996
740 1015
740 1022
741 759
741 778
741 796
741 811
741 831
741 844
741 897
741 917
742 753
742 805
742 897
742 959
742 978
743 756
743 925
743 972
744 888
744 908
744 960
745 907
745 964
746 836
746 931
747 861
747 863
747 894
747 913
747 936
747 942
748 762
748 763
748 791
748 804
748 816
748 902
749 756
749 798
749 870
749 874
750 758
750 775
750 840
750 935
751 754
751 785
751 796
751 957
752 771
752 861
753 783
753 831
753 864
753 901
753 925
753 1022
754 782
754 785
754 859
754 880
754 921
754 944
754 1019
755 848
755 929
755 937
755 1010
756 780
756 808
756 819
756 824
756 834
756 868
756 870
756 883
757 904
757 1003
758 882
758 924
758 998
758 1013
758 1023
760 818
760 949
761 933
762 871
762 966
762 988
763 849
763 868
763 944
763 955
763 974
763 996
764 825
764 887
764 918
764 942
764 982
765 869
765 955
765 969
765 1011
766 854
766 913
766 915
766 958
766 974
766 982
767 837
767 932
767 1018
768 864
768 878
768 950
769 786
769 856
769 873
770 794
770 847
770 879
770 884
770 947
770 955
770 987
771 864
772 855
772 886
772 905
773 811
773 842
773 873
773 894
773 1002
774 796
774 797
774 824
774 836
774 847
774 885
774 886
774 891
774 913
774 925
774 949
774 997
775 788
775 910
775 963
775 964
776 833
776 963
776 1009
777 780
777 811
777 822
778 814
778 936
778 945
778 966
779 844
779 849
779 913
779 973
779 981
780 805
780 853
780 890
780 992
781 929
781 957
781 972
782 875
782 895
782 897
782 951
783 815
783 960
783 986
784 794
784 864
784 964
785 810
785 834
785 889
785 896
785 924
785 1008
785 1023
786 799
786 803
786 871
786 909
786 972
786 1003
786 1011
787 790
787 796
787 825
787 876
787 917
787 939
787 953
789 792
789 831
789 875
789 963
789 973
790 799
790 844
790 857
790 911
791 909
791 922
791 1012
792 796
792 1000
793 851
793 1006
794 944
795 818
795 876
795 983
796 926
796 978
797 803
797 814
797 895
797 899
797 916
799 824
799 834
799 1011
800 895
800 953
801 842
801 845
801 877
801 930
801 987
801 999
801 1016
802 806
802 968
802 976
802 990
802 1003
803 898
803 968
803 994
803 996
803 1018
804 919
804 941
804 946
804 969
805 840
805 860
805 910
805 930
805 1014
806 940
806 945
806 977
806 1009
807 920
807 948
807 1008
808 947
809 895
809 957
810 895
810 970
811 877
811 980
811 1009
813 994
814 852
814 952
815 837
815 865
815 886
815 945
816 853
816 928
816 933
816 992
816 994
818 889
818 922
818 998
819 1018
820 913
820 992
821 878
821 1000
822 837
822 910
822 944
823 918
823 964
823 985
823 1005
824 921
825 908
825 929
825 1004
826 880
826 888
826 955
826 977
826 1001
827 937
828 903
828 913
828 991
829 852
829 899
829 928
830 849
830 978
830 1005
831 846
831 850
831 864
831 940
832 845
832 875
832 913
832 919
832 950
832 996
832 1010
833 881
833 906
833 935
833 1007
834 906
834 962
835 845
835 867
835 919
836 970
836 1013
837 869
837 994
838 900
838 998
838 1002
839 859
839 900
839 1014
840 986
840 987
840 996
841 919
841 941
841 981
842 930
842 984
842 1005
844 904
844 981
844 1014
845 866
845 867
845 910
845 960
846 875
846 930
846 943
846 963
847 882
847 952
847 962
847 1013
848 875
848 912
848 977
849 975
849 980
850 907
850 992
851 867
851 918
851 1004
852 887
852 949
852 975
852 1011
853 863
853 866
853 880
853 924
854 926
854 929
854 985
854 1013
855 968
856 913
857 1010
859 909
859 926
859 946
859 953
859 965
859 978
859 985
860 905
860 919
862 952
862 962
862 976
862 982
863 870
863 872
864 912
865 951
865 1022
866 872
866 910
866 931
866 937
867 880
868 924
868 973
869 947
869 972
869 994
869 1000
872 899
872 911
872 921
872 925
873 894
874 916
874 953
874 1016
875 928
875 962
876 892
876 961
877 884
877 984
878 888
879 942
881 887
881 890
881 916
881 951
881 961
884 941
884 950
884 1016
885 898
885 934
885 954
886 944
886 1020
887 925
887 943
887 1008
888 1010
889 911
889 935
889 976
889 977
889 994
889 998
889 1000
889 1017
890 940
890 944
890 950
891 927
891 935
891 941
891 961
891 1012
892 922
892 970
892 976
893 935
893 1000
893 1005
894 925
894 995
895 971
895 1004
896 964
896 972
896 988
896 1018
897 918
897 935
897 942
898 927
898 940
899 959
899 1014
900 902
900 919
900 946
900 979
901 906
902 991
902 1009
903 960
903 991
904 935
905 990
905 1009
906 937
906 960
907 946
907 1007
908 934
908 969
909 957
909 989
909 1008
910 992
912 989
913 987
913 1018
915 988
916 928
916 973
916 1016
917 929
917 940
917 956
917 960
917 968
918 922
918 936
918 943
918 980
918 1011
920 961
920 981
920 983
920 986
920 1012
922 952
922 983
923 941
923 1023
924 978
925 946
925 953
926 996
926 1022
929 1016
933 982
935 989
935 992
940 979
941 964
941 981
941 997
943 961
943 1002
944 958
945 1005
946 1011
947 949
947 959
947 960
948 970
948 1000
949 965
949 1015
950 966
950 968
950 973
951 963
953 1005
955 976
955 1003
957 958
957 961
957 976
957 980
958 959
958 978
959 1017
961 1004
961 1021
963 965
964 967
965 1001
966 983
966 1018
968 980
969 991
973 985
975 1018
977 992
978 1002
979 1004
979 1021
980 994
982 1008
983 997
986 990
987 1021
989 1010
995 1014
996 1006
997 1003
997 1018
1003 1019
1005 1023
1006 1010
