0 99
0 112
0 175
0 265
0 300
0 370
0 391
0 394
0 454
0 605
0 698
0 769
0 799
0 888
0 905
1 124
1 166
1 176
1 361
1 368
1 413
1 440
1 499
1 529
1 540
1 551
1 557
1 574
1 619
1 642
1 765
1 784
1 849
1 870
1 973
2 107
2 110
2 131
2 132
2 135
2 150
2 226
2 245
2 264
2 406
2 438
2 459
2 632
2 668
2 693
2 703
2 715
2 791
2 836
2 868
2 909
2 926
2 931
3 31
3 85
3 87
3 92
3 150
3 250
3 325
3 386
3 388
3 413
3 422
3 460
3 544
3 559
3 572
3 605
3 764
3 849
3 925
4 220
4 309
4 350
4 353
4 356
4 372
4 496
4 510
4 527
4 540
4 622
4 677
4 701
4 755
4 783
4 918
4 1001
5 306
5 412
5 458
5 478
5 506
5 753
5 782
5 811
5 820
5 894
6 59
6 65
6 127
6 154
6 166
6 352
6 380
6 385
6 405
6 436
6 445
6 449
6 531
6 538
6 546
6 689
6 782
6 804
6 1005
7 110
7 130
7 174
7 243
7 544
7 548
7 601
7 613
7 767
7 912
7 921
7 1003
8 11
8 127
8 134
8 185
8 324
8 373
8 421
8 563
8 621
8 656
8 666
8 667
8 686
8 718
8 739
8 894
8 969
8 1005
9 22
9 105
9 120
9 140
9 146
9 152
9 157
9 248
9 303
9 396
9 451
9 469
9 518
9 559
9 563
9 577
9 614
9 634
9 677
9 686
9 697
9 702
9 777
9 837
9 840
9 846
9 975
9 1011
9 1022
10 112
10 149
10 178
10 303
10 315
10 379
10 425
10 485
10 575
10 585
10 619
10 640
10 691
10 713
10 789
10 812
10 819
10 824
10 835
10 837
10 1000
11 13
11 93
11 105
11 162
11 205
11 352
11 458
11 560
11 632
11 695
11 842
11 860
11 906
11 944
11 997
12 86
12 122
12 169
12 203
12 228
12 281
12 384
12 411
12 464
12 470
12 511
12 566
12 567
12 605
12 622
12 690
12 719
12 776
12 813
12 817
12 965
12 986
13 22
13 28
13 130
13 135
13 265
13 274
13 376
13 379
13 385
13 402
13 596
13 608
13 637
13 716
13 778
13 835
13 847
13 895
13 949
13 993
14 27
14 131
14 192
14 194
14 215
14 269
14 273
14 292
14 299
14 322
14 437
14 449
14 488
14 704
14 857
14 904
14 955
15 128
15 143
15 214
15 279
15 322
15 363
15 459
15 487
15 501
15 560
15 592
15 778
15 819
15 877
15 891
15 943
15 973
16 53
16 117
16 161
16 162
16 186
16 220
16 234
16 236
16 349
16 464
16 468
16 520
16 568
16 636
16 637
16 642
16 661
16 675
16 725
16 791
16 793
16 923
16 1012
17 47
17 57
17 220
17 284
17 314
17 364
17 458
17 636
17 640
17 660
17 664
17 668
17 685
17 842
17 876
17 899
17 912
17 966
17 994
17 1007
18 208
18 226
18 232
18 242
18 256
18 297
18 308
18 326
18 329
18 360
18 525
18 585
18 628
18 720
18 723
18 793
18 797
18 933
18 937
19 22
19 117
19 265
19 350
19 392
19 445
19 517
19 685
19 705
19 749
19 833
19 917
19 929
19 951
19 977
19 987
19 1006
20 75
20 99
20 112
20 150
20 168
20 231
20 248
20 401
20 419
20 439
20 553
20 595
20 601
20 672
20 826
20 855
20 975
20 985
20 992
21 80
21 119
21 197
21 202
21 436
21 479
21 562
21 565
21 616
21 629
21 650
21 709
21 764
21 784
21 785
21 840
21 852
21 904
21 943
21 983
21 1000
21 1014
22 173
22 208
22 343
22 460
22 480
22 482
22 504
22 630
22 671
22 884
22 895
22 915
22 955
22 971
23 25
23 31
23 40
23 102
23 179
23 184
23 255
23 338
23 357
23 472
23 474
23 577
23 623
23 651
23 714
23 747
23 887
23 904
23 914
23 989
24 59
24 74
24 145
24 188
24 238
24 319
24 375
24 404
24 474
24 627
24 646
24 749
24 759
24 793
24 831
24 847
24 860
25 142
25 233
25 273
25 357
25 428
25 507
25 554
25 565
25 585
25 704
25 988
26 187
26 241
26 296
26 339
26 350
26 444
26 482
26 561
26 593
26 594
26 597
26 614
26 659
26 690
26 730
26 897
26 979
27 29
27 63
27 132
27 147
27 163
27 167
27 319
27 323
27 326
27 359
27 381
27 389
27 469
27 553
27 660
27 739
27 753
27 843
27 995
28 66
28 81
28 106
28 292
28 331
28 341
28 382
28 416
28 566
28 570
28 590
28 644
28 683
28 692
28 774
28 901
28 925
28 985
29 42
29 91
29 133
29 135
29 226
29 230
29 238
29 239
29 266
29 303
29 340
29 349
29 393
29 439
29 444
29 542
29 683
29 805
29 868
29 907
29 909
29 914
29 929
29 943
29 962
30 72
30 120
30 154
30 277
30 302
30 311
30 324
30 325
30 396
30 443
30 472
30 483
30 566
30 582
30 621
30 646
30 652
30 718
30 722
30 731
30 893
30 913
30 914
30 921
30 944
31 176
31 233
31 242
31 276
31 310
31 351
31 382
31 429
31 544
31 565
31 643
31 674
31 694
31 698
31 720
31 813
31 837
31 849
31 977
32 300
32 312
32 337
32 353
32 386
32 397
32 439
32 593
32 605
32 625
32 630
32 668
32 692
32 703
32 727
32 781
32 868
32 937
32 991
33 69
33 101
33 252
33 290
33 301
33 306
33 532
33 687
33 741
33 749
33 852
34 76
34 80
34 180
34 183
34 194
34 306
34 324
34 542
34 663
34 667
34 763
34 786
34 822
34 844
34 868
35 140
35 211
35 237
35 247
35 319
35 351
35 371
35 448
35 451
35 511
35 539
35 564
35 721
35 731
35 757
35 860
35 877
35 884
35 939
35 1006
35 1022
36 194
36 344
36 388
36 439
36 447
36 449
36 484
36 517
36 531
36 566
36 592
36 605
36 643
36 662
36 706
36 789
36 792
36 834
36 859
36 869
36 907
36 960
36 963
37 42
37 71
37 78
37 161
37 183
37 186
37 228
37 254
37 292
37 333
37 339
37 387
37 419
37 437
37 472
37 499
37 547
37 624
37 655
37 711
37 769
37 815
37 913
37 917
37 1005
38 49
38 263
38 265
38 293
38 320
38 321
38 338
38 472
38 505
38 507
38 534
38 539
38 587
38 620
38 695
38 740
38 757
38 763
38 808
38 818
38 830
38 832
38 839
38 857
38 864
38 910
38 922
38 933
38 941
38 963
39 247
39 363
39 371
39 461
39 483
39 555
39 561
39 567
39 636
39 671
39 688
39 694
39 708
39 748
39 858
39 978
40 67
40 86
40 159
40 203
40 239
40 251
40 257
40 261
40 264
40 342
40 346
40 388
40 467
40 491
40 524
40 545
40 627
40 664
40 688
40 696
40 735
40 852
40 959
40 978
40 1002
41 91
41 148
41 166
41 211
41 219
41 295
41 446
41 505
41 572
41 621
41 736
41 744
41 855
41 952
41 967
41 1014
42 173
42 252
42 295
42 444
42 454
42 498
42 592
42 696
42 713
42 825
42 856
42 958
42 970
42 1010
43 112
43 113
43 263
43 264
43 278
43 338
43 423
43 477
43 522
43 552
43 625
43 891
43 998
44 77
44 119
44 343
44 419
44 446
44 516
44 523
44 536
44 568
44 605
44 885
44 909
44 913
44 980
44 991
44 993
45 60
45 108
45 224
45 376
45 382
45 660
45 727
45 741
45 783
45 854
45 896
45 940
45 950
45 970
45 986
46 111
46 112
46 202
46 226
46 246
46 354
46 355
46 436
46 456
46 481
46 571
46 577
46 606
46 668
46 761
46 813
46 935
47 62
47 70
47 145
47 151
47 223
47 323
47 332
47 403
47 421
47 441
47 467
47 527
47 644
47 653
47 658
47 674
47 749
47 760
47 767
47 768
47 788
47 840
47 863
47 898
47 950
47 987
47 1020
48 164
48 338
48 347
48 414
48 434
48 441
48 644
48 755
48 767
48 792
48 796
48 818
48 845
48 904
48 929
48 975
49 101
49 123
49 195
49 331
49 381
49 391
49 459
49 470
49 586
49 600
49 734
49 776
49 816
49 859
49 942
49 949
50 58
50 83
50 111
50 112
50 204
50 218
50 221
50 235
50 336
50 343
50 387
50 423
50 435
50 441
50 442
50 499
50 523
50 607
50 644
50 941
51 82
51 265
51 303
51 426
51 455
51 653
51 717
51 719
51 797
51 851
51 890
51 900
51 938
51 981
52 166
52 223
52 242
52 259
52 424
52 441
52 449
52 462
52 483
52 615
52 641
52 770
52 780
52 792
52 847
52 860
52 904
52 911
53 87
53 103
53 149
53 157
53 240
53 265
53 271
53 274
53 311
53 598
53 632
53 648
53 895
53 940
53 972
54 89
54 161
54 206
54 310
54 338
54 373
54 654
54 688
54 715
54 727
54 786
54 793
54 805
54 838
54 893
54 914
54 919
54 938
54 1011
55 123
55 755
55 775
55 857
55 948
56 68
56 309
56 434
56 449
56 538
56 661
56 769
56 792
56 820
56 905
56 912
56 929
56 998
57 80
57 91
57 128
57 193
57 270
57 381
57 382
57 408
57 478
57 537
57 538
57 552
57 590
57 619
57 724
57 802
57 805
57 831
57 923
57 971
58 64
58 96
58 192
58 216
58 251
58 281
58 475
58 680
58 686
58 740
58 860
58 866
58 904
58 945
58 984
59 88
59 134
59 144
59 191
59 241
59 254
59 259
59 308
59 375
59 397
59 498
59 516
59 617
59 629
59 876
59 880
59 896
59 914
60 307
60 358
60 454
60 456
60 510
60 621
60 640
60 687
60 696
60 744
60 892
60 933
60 999
61 106
61 107
61 109
61 115
61 173
61 213
61 220
61 276
61 293
61 365
61 394
61 409
61 491
61 500
61 508
61 524
61 571
61 697
61 705
61 865
61 908
61 973
61 987
61 996
62 183
62 192
62 222
62 253
62 404
62 489
62 505
62 531
62 600
62 635
62 750
62 783
62 944
62 988
63 143
63 157
63 158
63 227
63 263
63 384
63 410
63 442
63 498
63 560
63 600
63 835
63 905
63 970
63 1006
63 1021
64 98
64 105
64 174
64 197
64 253
64 360
64 400
64 428
64 466
64 740
64 836
64 898
64 930
64 950
64 991
65 114
65 257
65 347
65 406
65 547
65 562
65 579
65 626
65 635
65 696
65 846
66 131
66 193
66 208
66 284
66 332
66 389
66 471
66 521
66 532
66 685
66 701
66 856
66 883
66 911
66 944
66 961
66 1006
66 1008
66 1015
67 72
67 78
67 110
67 151
67 162
67 245
67 266
67 336
67 340
67 506
67 509
67 521
67 546
67 596
67 626
67 681
67 693
67 708
67 730
67 845
67 923
67 972
68 93
68 162
68 220
68 242
68 357
68 378
68 397
68 418
68 457
68 459
68 462
68 664
68 709
68 945
68 1020
68 1023
69 78
69 80
69 109
69 122
69 131
69 147
69 194
69 196
69 376
69 407
69 464
69 477
69 486
69 506
69 537
69 745
69 777
69 926
69 992
69 1011
70 129
70 170
70 223
70 306
70 330
70 335
70 369
70 374
70 386
70 395
70 612
70 618
70 658
70 753
70 786
70 823
70 826
71 86
71 304
71 312
71 360
71 372
71 429
71 474
71 696
71 822
71 995
72 124
72 257
72 368
72 539
72 570
72 790
72 840
72 880
73 83
73 169
73 174
73 238
73 250
73 254
73 256
73 298
73 340
73 341
73 345
73 431
73 477
73 530
73 674
73 712
73 903
73 965
73 996
74 118
74 160
74 205
74 323
74 447
74 471
74 521
74 545
74 605
74 632
74 647
74 648
74 691
74 753
74 775
74 818
74 824
74 918
74 920
74 964
74 975
75 131
75 187
75 265
75 302
75 379
75 399
75 438
75 516
75 530
75 544
75 558
75 562
75 623
75 632
75 638
75 867
75 949
75 1002
76 80
76 232
76 277
76 315
76 319
76 406
76 526
76 529
76 532
76 794
76 802
76 834
76 884
76 965
77 78
77 159
77 246
77 274
77 297
77 318
77 394
77 542
77 600
77 637
77 666
77 691
77 712
77 729
77 806
77 901
77 906
77 983
78 107
78 126
78 128
78 169
78 178
78 229
78 239
78 256
78 372
78 395
78 447
78 567
78 684
78 734
78 769
78 775
78 838
78 840
79 145
79 179
79 210
79 343
79 416
79 444
79 455
79 460
79 512
79 621
79 673
79 680
79 686
79 758
79 768
79 782
79 846
79 994
79 1020
80 93
80 128
80 152
80 366
80 400
80 515
80 614
80 738
80 838
80 880
80 1011
81 138
81 146
81 188
81 207
81 208
81 229
81 283
81 285
81 299
81 312
81 320
81 343
81 409
81 439
81 471
81 497
81 527
81 537
81 541
81 567
81 736
81 767
81 802
81 859
81 866
81 889
81 923
81 977
81 986
81 1023
82 92
82 100
82 131
82 148
82 184
82 189
82 229
82 237
82 295
82 304
82 339
82 355
82 366
82 422
82 430
82 606
82 660
82 765
82 787
82 854
82 860
82 874
82 897
83 84
83 186
83 217
83 220
83 323
83 400
83 425
83 433
83 523
83 576
83 596
83 613
83 694
83 746
83 834
83 869
83 905
83 911
83 933
83 934
84 279
84 301
84 318
84 391
84 572
84 606
84 652
84 727
84 752
84 795
84 823
85 98
85 122
85 124
85 176
85 298
85 367
85 382
85 442
85 475
85 497
85 509
85 658
85 740
85 775
85 964
85 969
85 975
85 989
86 122
86 254
86 341
86 354
86 356
86 424
86 481
86 643
86 650
86 688
86 705
86 782
86 895
86 947
87 180
87 209
87 211
87 225
87 227
87 298
87 350
87 426
87 475
87 502
87 529
87 571
87 643
87 647
87 674
87 771
87 780
87 826
87 898
87 930
87 953
87 1009
88 131
88 144
88 157
88 180
88 197
88 291
88 298
88 310
88 539
88 565
88 633
88 656
88 769
88 782
88 840
88 882
88 883
88 916
89 170
89 180
89 282
89 295
89 380
89 408
89 431
89 542
89 549
89 572
89 615
89 670
89 814
89 827
90 102
90 131
90 159
90 186
90 230
90 295
90 323
90 571
90 636
90 689
90 756
90 789
90 844
90 875
90 896
90 911
90 986
91 127
91 148
91 149
91 175
91 244
91 330
91 340
91 348
91 357
91 365
91 389
91 401
91 422
91 476
91 585
91 613
91 703
91 812
91 817
91 912
91 975
91 991
91 998
91 1004
92 211
92 214
92 298
92 344
92 347
92 364
92 452
92 512
92 768
92 884
92 942
92 968
92 1016
93 96
93 145
93 146
93 227
93 315
93 371
93 402
93 416
93 417
93 481
93 648
93 702
94 368
94 524
94 654
94 667
94 825
94 974
94 990
95 96
95 161
95 376
95 381
95 392
95 423
95 442
95 493
95 571
95 608
95 612
95 639
95 642
95 649
95 687
95 806
95 856
95 922
95 1008
96 184
96 202
96 220
96 256
96 268
96 348
96 365
96 419
96 499
96 530
96 562
96 639
96 660
96 699
96 709
96 722
96 818
96 899
96 902
96 964
97 160
97 205
97 207
97 220
97 386
97 415
97 478
97 486
97 507
97 623
97 627
97 777
97 781
97 796
97 835
97 844
97 881
97 909
97 968
98 119
98 120
98 151
98 240
98 307
98 362
98 393
98 596
98 612
98 697
98 746
98 777
98 799
98 898
98 991
98 1014
99 125
99 251
99 253
99 289
99 339
99 340
99 353
99 397
99 448
99 496
99 525
99 586
99 639
99 770
99 856
99 943
99 972
99 1020
100 286
100 311
100 418
100 451
100 593
100 600
100 617
100 677
100 682
100 837
100 922
100 954
101 149
101 253
101 265
101 432
101 439
101 450
101 551
101 577
101 594
101 617
101 630
101 666
101 678
101 749
101 783
101 842
101 869
101 995
101 1001
102 153
102 194
102 212
102 233
102 295
102 326
102 337
102 384
102 389
102 515
102 540
102 547
102 568
102 595
102 636
102 653
102 671
102 712
102 795
102 839
102 917
102 1011
103 111
103 114
103 168
103 254
103 329
103 347
103 391
103 426
103 535
103 569
103 587
103 643
103 691
103 862
104 120
104 195
104 252
104 286
104 396
104 409
104 579
104 640
104 748
104 771
104 965
105 130
105 176
105 254
105 319
105 340
105 416
105 476
105 550
105 584
105 594
105 611
105 706
105 786
105 865
106 170
106 183
106 313
106 426
106 438
106 487
106 520
106 524
106 532
106 536
106 632
106 653
106 741
106 938
106 979
106 1023
107 222
107 238
107 455
107 498
107 518
107 623
107 667
107 677
107 755
107 764
107 771
107 776
107 801
107 950
107 956
107 979
107 996
108 109
108 403
108 448
108 505
108 603
108 640
108 669
108 671
108 773
108 791
108 811
108 860
108 902
108 903
108 911
108 932
109 143
109 180
109 232
109 326
109 508
109 545
109 632
109 636
109 642
109 701
109 736
109 799
109 803
109 807
109 889
109 980
109 1007
110 115
110 123
110 223
110 236
110 246
110 258
110 267
110 270
110 273
110 359
110 417
110 596
110 600
110 825
110 826
110 839
110 941
110 994
111 193
111 279
111 280
111 293
111 315
111 319
111 359
111 449
111 497
111 541
111 677
111 726
111 896
111 898
111 932
111 956
111 974
111 1001
112 273
112 322
112 368
112 422
112 512
112 548
112 583
112 627
112 647
112 701
112 813
112 907
112 968
112 1019
113 132
113 168
113 218
113 325
113 545
113 590
113 688
113 715
113 751
113 774
113 809
113 861
113 937
113 948
114 166
114 178
114 305
114 352
114 370
114 530
114 760
114 830
114 912
114 1017
115 123
115 159
115 240
115 244
115 479
115 489
115 526
115 531
115 600
115 611
115 624
115 707
115 744
115 899
115 985
116 206
116 253
116 366
116 375
116 385
116 391
116 414
116 495
116 585
116 598
116 632
116 681
116 692
116 706
116 889
116 942
116 965
116 977
116 1012
116 1015
117 327
117 535
117 584
117 604
117 642
117 704
117 709
117 792
117 824
117 845
117 846
117 907
117 927
117 929
117 938
117 979
118 158
118 222
118 236
118 274
118 290
118 394
118 417
118 455
118 457
118 517
118 569
118 585
118 641
118 706
118 743
118 758
118 813
118 927
119 143
119 159
119 359
119 579
119 633
119 641
119 726
119 731
119 749
119 807
119 970
119 977
120 177
120 183
120 188
120 351
120 361
120 513
120 585
120 589
120 663
120 675
120 688
120 763
120 796
120 884
121 215
121 287
121 325
121 327
121 328
121 357
121 512
121 545
121 553
121 606
121 667
121 702
121 768
121 832
121 836
121 883
121 919
121 958
121 959
121 1000
122 182
122 186
122 202
122 222
122 235
122 241
122 242
122 310
122 375
122 383
122 387
122 427
122 471
122 498
122 518
122 531
122 549
122 566
122 619
122 746
122 791
122 816
122 849
123 143
123 164
123 213
123 225
123 242
123 339
123 373
123 456
123 468
123 487
123 547
123 554
123 604
123 664
123 679
123 689
123 700
123 728
123 829
123 850
123 871
123 875
123 894
124 185
124 225
124 233
124 345
124 418
124 430
124 616
124 634
124 687
124 717
124 728
124 775
124 802
124 856
124 954
124 955
125 280
125 531
125 608
125 615
125 631
125 655
125 667
125 717
125 734
125 780
125 802
125 936
125 979
125 1006
126 203
126 211
126 229
126 272
126 278
126 397
126 413
126 416
126 434
126 471
126 563
126 657
126 711
126 772
126 808
126 889
126 899
127 145
127 171
127 358
127 362
127 436
127 438
127 564
127 572
127 578
127 683
127 706
127 721
127 736
127 819
127 877
127 884
128 162
128 172
128 267
128 311
128 550
128 574
128 605
128 655
128 695
128 735
128 782
128 798
128 803
128 805
128 843
128 942
128 955
129 220
129 299
129 341
129 344
129 377
129 435
129 464
129 581
129 582
129 583
129 659
129 686
129 837
129 858
129 974
129 981
129 1015
130 144
130 188
130 212
130 313
130 315
130 346
130 374
130 510
130 563
130 842
130 913
130 960
131 166
131 174
131 175
131 210
131 217
131 218
131 265
131 278
131 344
131 364
131 416
131 459
131 463
131 631
131 664
131 755
131 820
131 847
131 893
131 946
131 997
132 273
132 306
132 412
132 493
132 507
132 522
132 615
132 806
132 854
132 900
132 914
132 960
132 972
133 242
133 266
133 319
133 394
133 401
133 431
133 568
133 586
133 658
133 714
133 719
133 729
133 775
133 787
133 813
133 841
133 852
133 886
133 925
133 1011
134 339
134 427
134 486
134 539
134 582
134 615
134 669
134 687
134 696
134 732
134 952
134 956
134 963
134 979
134 982
135 141
135 153
135 190
135 278
135 487
135 606
135 704
135 762
135 782
136 148
136 286
136 291
136 293
136 386
136 506
136 697
136 750
136 779
136 785
136 815
136 818
136 893
137 197
137 246
137 257
137 392
137 396
137 405
137 437
137 511
137 574
137 726
137 766
137 871
137 891
137 905
137 931
137 951
137 986
138 185
138 250
138 283
138 380
138 394
138 396
138 411
138 460
138 483
138 519
138 567
138 682
138 823
138 837
138 905
138 992
139 234
139 353
139 384
139 393
139 395
139 426
139 514
139 523
139 662
139 717
139 763
139 783
139 835
139 860
140 283
140 333
140 395
140 413
140 563
140 750
140 785
140 811
140 831
140 878
140 894
140 935
140 987
141 272
141 359
141 422
141 478
141 506
141 512
141 547
141 614
141 706
141 712
141 799
141 889
141 930
141 938
142 240
142 487
142 495
142 550
142 551
142 552
142 560
142 604
142 687
142 753
142 768
142 852
142 922
142 937
143 311
143 522
143 664
143 676
143 690
143 693
143 751
143 813
143 837
143 891
143 995
144 239
144 283
144 298
144 348
144 497
144 594
144 642
144 761
144 767
144 871
144 896
144 915
144 927
144 993
144 999
145 430
145 482
145 497
145 517
145 564
145 668
145 699
145 703
145 744
145 831
145 863
145 900
145 999
145 1017
146 266
146 272
146 428
146 506
146 538
146 649
146 650
146 698
146 765
146 783
146 850
146 853
146 912
147 196
147 268
147 287
147 301
147 470
147 501
147 506
147 569
147 671
147 722
147 788
147 900
147 911
147 934
147 956
147 1014
148 182
148 194
148 203
148 223
148 259
148 266
148 420
148 428
148 610
148 887
148 888
148 947
148 953
149 326
149 383
149 418
149 437
149 538
149 585
149 602
149 620
149 639
149 667
149 670
149 683
149 697
149 706
149 753
149 771
149 775
149 785
149 807
149 828
149 886
149 918
149 995
150 178
150 190
150 238
150 285
150 347
150 503
150 604
150 616
150 640
150 644
150 789
150 939
150 949
150 991
150 1020
151 152
151 176
151 239
151 266
151 334
151 403
151 454
151 462
151 481
151 605
151 617
151 681
151 990
152 177
152 224
152 233
152 235
152 255
152 311
152 508
152 543
152 669
152 738
152 784
152 786
152 794
152 861
152 960
152 987
153 166
153 374
153 399
153 485
153 528
153 610
153 665
153 783
153 848
153 938
154 201
154 254
154 360
154 393
154 444
154 486
154 505
154 604
154 607
154 665
154 723
154 734
154 740
154 787
154 925
155 161
155 232
155 301
155 352
155 373
155 392
155 394
155 522
155 576
155 587
155 595
155 622
155 742
155 748
155 783
155 804
155 917
155 960
155 967
156 184
156 328
156 434
156 477
156 559
156 800
156 845
156 856
156 918
156 988
157 194
157 210
157 224
157 438
157 474
157 577
157 708
157 849
157 973
158 168
158 274
158 295
158 371
158 418
158 539
158 706
158 791
158 834
158 895
158 952
158 967
158 976
159 179
159 206
159 277
159 325
159 385
159 641
159 642
159 854
159 885
159 889
159 962
160 188
160 211
160 217
160 359
160 427
160 436
160 518
160 536
160 561
160 614
160 675
160 776
160 844
160 862
160 911
160 947
160 983
160 989
161 236
161 261
161 388
161 475
161 489
161 492
161 661
161 709
161 746
161 817
161 860
161 862
161 907
161 964
162 168
162 362
162 365
162 462
162 497
162 559
162 642
162 698
162 746
162 764
162 836
162 861
162 871
162 989
163 178
163 279
163 291
163 306
163 650
163 848
163 880
163 903
164 204
164 216
164 258
164 288
164 412
164 476
164 481
164 506
164 530
164 611
164 736
164 743
164 762
164 767
164 802
164 865
165 169
165 277
165 326
165 444
165 619
165 648
165 762
165 817
165 824
165 915
165 917
165 930
165 969
165 995
166 251
166 359
166 398
166 402
166 599
166 691
166 702
166 806
166 822
166 837
166 861
166 903
166 921
167 206
167 322
167 336
167 368
167 404
167 623
167 655
167 664
167 677
167 701
167 728
168 188
168 428
168 651
168 674
168 759
168 885
168 896
168 944
169 360
169 385
169 400
169 431
169 442
169 469
169 495
169 544
169 557
169 581
169 593
169 630
169 645
169 713
169 736
169 773
169 805
170 177
170 197
170 327
170 406
170 450
170 454
170 487
170 531
170 554
170 555
170 581
170 673
170 707
170 711
170 714
170 764
170 774
170 792
170 809
170 856
170 921
170 995
170 1015
171 186
171 241
171 242
171 269
171 358
171 398
171 418
171 452
171 462
171 604
171 683
171 686
171 691
171 743
171 909
172 209
172 252
172 286
172 317
172 319
172 327
172 360
172 402
172 414
172 446
172 487
172 503
172 587
172 622
172 806
172 863
173 243
173 269
173 274
173 413
173 494
173 628
173 653
173 733
173 782
173 794
173 828
173 981
173 1001
174 289
174 297
174 321
174 364
174 378
174 609
174 625
174 680
174 783
174 807
174 874
174 927
174 946
174 988
175 390
175 483
175 562
175 570
175 727
175 848
176 321
176 389
176 442
176 473
176 477
176 553
176 625
176 694
176 801
176 810
176 846
176 888
176 933
176 964
176 1016
176 1017
177 272
177 395
177 527
177 581
177 741
177 752
177 785
177 795
177 942
177 949
177 963
178 222
178 245
178 246
178 257
178 285
178 293
178 345
178 532
178 635
178 709
178 710
178 725
178 771
178 914
178 973
179 307
179 500
179 616
179 618
179 674
179 712
179 713
179 829
179 840
179 896
179 931
179 967
179 1004
180 184
180 213
180 222
180 279
180 338
180 348
180 383
180 394
180 456
180 550
180 607
180 735
180 850
180 901
181 225
181 249
181 258
181 279
181 280
181 306
181 356
181 452
181 547
181 562
181 663
181 697
181 736
181 774
181 972
182 217
182 370
182 411
182 534
182 566
182 578
182 614
182 714
182 799
182 825
182 834
182 856
182 1007
182 1018
183 248
183 386
183 452
183 498
183 568
183 591
183 778
183 850
183 976
184 276
184 349
184 379
184 422
184 459
184 494
184 533
184 634
184 756
184 826
185 329
185 452
185 488
185 529
185 572
185 588
185 606
185 653
185 686
185 764
185 842
185 940
186 204
186 214
186 248
186 261
186 291
186 334
186 372
186 524
186 717
186 765
186 816
186 865
186 906
186 997
187 262
187 284
187 305
187 362
187 404
187 505
187 599
187 743
187 765
187 783
187 902
187 985
187 987
187 1017
188 239
188 333
188 373
188 383
188 464
188 475
188 489
188 537
188 654
188 804
188 886
188 912
188 934
189 218
189 226
189 230
189 275
189 292
189 369
189 408
189 409
189 450
189 471
189 545
189 549
189 564
189 690
189 698
189 873
189 899
189 910
189 963
189 991
190 248
190 250
190 253
190 489
190 533
190 559
190 621
190 654
190 727
190 839
190 849
190 925
190 939
190 1006
190 1014
191 247
191 316
191 392
191 442
191 580
191 639
191 667
191 675
191 682
191 699
191 753
191 763
191 786
191 910
191 976
191 1002
192 199
192 229
192 238
192 304
192 321
192 335
192 358
192 409
192 429
192 503
192 567
192 626
192 695
192 774
192 860
192 921
192 934
192 943
192 954
193 303
193 390
193 637
193 704
193 724
193 769
193 836
193 867
193 897
194 195
194 197
194 226
194 232
194 355
194 425
194 449
194 498
194 518
194 537
194 642
194 848
194 864
194 991
195 222
195 313
195 405
195 450
195 531
195 664
195 707
195 747
195 780
195 795
195 856
195 860
195 929
195 947
195 966
195 1009
195 1010
196 352
196 358
196 414
196 423
196 442
196 465
196 545
196 572
196 574
196 698
196 708
196 735
196 763
196 764
196 857
196 869
196 925
197 261
197 301
197 373
197 432
197 469
197 505
197 637
197 759
197 915
197 957
198 216
198 219
198 242
198 322
198 323
198 676
198 872
198 935
198 1003
198 1013
199 203
199 389
199 411
199 468
199 522
199 544
199 651
199 817
199 883
199 908
199 960
200 297
200 299
200 331
200 429
200 436
200 451
200 524
200 559
200 564
200 573
200 596
200 629
200 656
200 818
200 869
200 880
200 922
201 202
201 351
201 429
201 437
201 497
201 535
201 628
201 663
201 766
201 791
201 868
201 885
201 910
201 961
201 978
202 214
202 316
202 326
202 352
202 450
202 487
202 495
202 648
202 938
202 1000
202 1015
203 219
203 237
203 262
203 386
203 647
203 732
203 754
203 765
203 848
203 938
203 995
203 1014
204 244
204 362
204 374
204 412
204 481
204 497
204 502
204 516
204 623
204 639
204 679
204 716
204 721
204 736
205 251
205 262
205 277
205 298
205 332
205 381
205 393
205 431
205 450
205 475
205 514
205 550
205 583
205 589
205 628
205 648
205 649
205 654
205 692
205 780
205 785
205 853
205 863
205 913
205 964
205 988
205 995
205 1011
205 1016
206 377
206 450
206 561
206 659
206 781
206 832
206 845
206 932
206 951
206 979
207 213
207 303
207 342
207 393
207 576
207 592
207 728
207 749
207 772
207 784
207 829
207 855
207 868
207 953
208 289
208 316
208 343
208 365
208 401
208 439
208 571
208 656
208 672
208 700
208 730
208 818
208 819
208 907
208 1009
209 256
209 260
209 321
209 337
209 341
209 351
209 359
209 405
209 470
209 473
209 598
209 744
209 748
209 790
209 805
209 843
209 948
210 275
210 299
210 312
210 343
210 353
210 393
210 462
210 586
210 783
210 796
210 808
211 223
211 430
211 435
211 498
211 499
211 529
211 574
211 609
211 618
211 658
211 674
211 736
211 751
211 828
211 925
211 988
212 236
212 312
212 318
212 325
212 434
212 463
212 481
212 507
212 548
212 588
212 638
212 756
212 861
212 908
212 913
212 920
212 944
212 948
212 952
213 441
213 466
213 607
213 620
213 666
213 672
213 681
213 704
213 744
213 745
213 894
213 905
213 967
214 220
214 291
214 438
214 501
214 503
214 547
214 559
214 563
214 573
214 579
214 616
214 658
214 679
214 731
214 803
214 933
214 972
215 256
215 268
215 332
215 353
215 361
215 371
215 407
215 488
215 502
215 663
215 807
215 847
215 848
215 850
215 869
215 918
215 928
215 994
215 1015
216 260
216 313
216 375
216 519
216 535
216 610
216 618
216 644
216 662
216 673
216 708
216 731
216 888
216 918
216 1022
217 272
217 355
217 370
217 384
217 452
217 502
217 580
217 652
217 666
217 691
217 739
217 853
217 998
217 1008
218 309
218 322
218 332
218 437
218 447
218 465
218 500
218 540
218 545
218 606
218 623
218 668
218 726
218 758
218 814
218 825
218 832
218 877
218 909
218 978
218 984
218 991
218 1011
219 226
219 279
219 309
219 332
219 333
219 353
219 431
219 570
219 726
219 802
219 862
219 923
219 974
220 227
220 281
220 296
220 354
220 386
220 399
220 422
220 467
220 533
220 538
220 615
220 649
220 674
220 711
220 907
220 970
221 318
221 416
221 424
221 446
221 453
221 481
221 487
221 607
221 628
221 691
221 770
221 814
221 827
221 955
221 966
222 227
222 341
222 449
222 540
222 753
222 767
223 351
223 360
223 436
223 547
223 596
223 610
223 628
223 647
223 707
223 720
223 761
223 830
223 930
224 246
224 297
224 303
224 594
224 905
224 919
224 967
225 371
225 374
225 402
225 421
225 475
225 571
225 600
225 673
225 729
225 765
225 771
225 840
225 841
225 887
225 940
225 959
225 969
225 995
225 998
225 1001
226 250
226 308
226 388
226 405
226 464
226 552
226 627
226 628
226 681
226 750
226 815
226 835
226 878
226 950
227 236
227 371
227 445
227 460
227 464
227 615
227 619
227 897
227 950
227 964
227 984
228 262
228 540
228 601
228 629
228 630
228 651
228 656
228 673
228 902
228 950
228 982
229 262
229 375
229 389
229 566
229 660
229 666
229 671
229 729
229 743
229 760
229 772
229 807
230 239
230 289
230 529
230 641
230 689
230 769
230 775
230 971
231 234
231 252
231 390
231 428
231 564
231 611
231 612
231 652
231 657
231 659
231 671
231 728
231 818
231 906
231 968
231 994
232 555
232 599
232 612
232 656
232 670
232 731
232 770
232 789
232 827
233 413
233 473
233 509
233 606
233 623
233 634
233 656
233 891
233 902
233 926
233 940
233 988
233 1013
234 282
234 289
234 421
234 543
234 582
234 590
234 614
234 623
234 676
234 720
234 725
234 744
234 829
234 991
234 1007
235 387
235 541
235 579
235 608
235 624
235 677
235 688
235 765
235 770
235 802
235 968
235 1012
236 249
236 287
236 315
236 380
236 397
236 418
236 493
236 513
236 521
236 548
236 666
236 682
236 737
236 756
236 769
236 799
236 854
236 978
236 1017
237 296
237 315
237 336
237 368
237 381
237 382
237 520
237 570
237 622
237 649
237 678
237 733
237 787
237 857
237 887
237 914
238 571
238 635
238 637
238 695
238 761
238 804
238 833
238 838
238 876
238 897
238 914
238 915
238 965
238 977
238 983
238 1012
239 331
239 342
239 611
239 691
239 816
239 904
239 936
239 970
239 993
239 1023
240 247
240 314
240 335
240 361
240 420
240 510
240 597
240 637
240 691
240 992
241 252
241 257
241 272
241 310
241 312
241 358
241 568
241 569
241 622
241 649
241 860
241 974
242 455
242 482
242 543
242 592
242 618
242 621
242 730
242 769
242 846
242 877
242 938
243 249
243 257
243 306
243 311
243 425
243 453
243 623
243 672
243 704
243 748
243 835
243 897
243 962
244 249
244 275
244 276
244 291
244 341
244 455
244 518
244 662
244 666
244 681
244 695
244 701
244 749
244 795
244 900
244 991
245 265
245 357
245 376
245 389
245 399
245 406
245 456
245 463
245 544
245 609
245 683
245 685
245 697
245 719
245 842
245 929
245 993
245 1006
245 1012
246 255
246 293
246 323
246 324
246 342
246 374
246 547
246 558
246 574
246 601
246 616
246 632
246 633
246 637
246 699
246 723
246 882
247 251
247 307
247 308
247 309
247 473
247 476
247 592
247 668
247 738
247 769
247 781
247 837
247 911
247 996
248 251
248 292
248 369
248 410
248 425
248 484
248 553
248 570
248 643
248 767
248 775
248 830
248 970
249 291
249 306
249 342
249 346
249 355
249 368
249 582
249 587
249 638
249 750
249 757
249 766
249 776
249 779
249 800
249 812
249 887
249 900
249 909
249 933
249 970
249 999
250 323
250 394
250 493
250 501
250 614
250 726
250 783
250 850
250 880
250 953
250 1022
251 288
251 346
251 358
251 430
251 565
251 578
251 630
251 647
251 733
251 940
251 947
251 957
251 974
251 975
251 1011
252 454
252 464
252 482
252 500
252 530
252 583
252 607
252 629
252 635
252 671
252 732
252 833
252 846
252 891
252 964
252 1013
253 263
253 327
253 350
253 413
253 490
253 552
253 594
253 602
253 603
253 617
253 721
253 773
253 798
253 799
253 851
253 865
253 906
253 993
254 297
254 310
254 320
254 392
254 395
254 415
254 419
254 461
254 464
254 473
254 486
254 525
254 545
254 589
254 682
254 692
254 707
254 714
254 862
254 900
254 998
255 272
255 313
255 353
255 371
255 426
255 438
255 454
255 568
255 623
255 788
255 862
255 959
256 277
256 278
256 326
256 371
256 414
256 515
256 530
256 534
256 601
256 628
256 686
256 695
256 956
256 994
257 278
257 293
257 335
257 360
257 364
257 381
257 434
257 514
257 809
257 839
257 889
257 915
257 974
258 259
258 268
258 322
258 354
258 420
258 475
258 627
258 783
258 807
258 823
258 937
258 983
258 1010
258 1021
259 342
259 418
259 468
259 504
259 505
259 570
259 641
259 661
259 709
259 779
259 788
259 880
259 882
260 295
260 422
260 523
260 653
260 678
260 782
260 832
260 836
260 898
260 925
260 935
261 336
261 400
261 443
261 463
261 490
261 555
261 625
261 705
261 740
261 779
261 785
261 862
261 900
261 902
261 916
261 934
261 947
262 270
262 357
262 360
262 407
262 559
262 567
262 577
262 869
262 879
262 907
263 269
263 355
263 472
263 644
263 647
263 682
263 703
263 716
263 754
263 874
263 913
263 969
263 1020
264 293
264 459
264 520
264 554
264 573
264 590
264 592
264 625
264 682
264 811
264 857
264 865
264 1009
265 281
265 343
265 410
265 475
265 558
265 635
265 642
265 692
265 701
265 749
265 756
265 761
265 799
265 849
265 872
265 936
266 283
266 284
266 297
266 299
266 323
266 380
266 426
266 558
266 614
266 631
266 655
266 737
266 903
266 988
267 305
267 321
267 342
267 358
267 372
267 492
267 536
267 552
267 612
267 650
267 717
267 782
267 803
267 910
267 921
267 1001
268 296
268 430
268 482
268 494
268 652
268 656
268 697
268 814
268 825
268 841
268 865
268 903
268 961
268 981
268 985
268 990
269 518
269 535
269 672
269 980
269 1022
270 282
270 349
270 386
270 399
270 403
270 419
270 447
270 455
270 484
270 552
270 570
270 774
270 842
270 915
271 307
271 462
271 498
271 903
272 336
272 375
272 393
272 458
272 467
272 527
272 559
272 587
272 625
272 966
272 980
273 299
273 368
273 410
273 450
273 646
273 647
273 715
273 762
273 784
273 859
273 874
273 1012
274 323
274 332
274 392
274 466
274 475
274 565
274 632
274 646
274 754
274 755
274 835
274 866
274 877
274 914
275 284
275 315
275 355
275 365
275 410
275 412
275 425
275 429
275 441
275 453
275 565
275 574
275 576
275 813
275 912
275 919
275 934
275 939
275 946
275 961
276 545
276 759
276 820
276 901
277 317
277 472
277 542
277 566
277 629
277 689
277 690
277 732
277 856
278 323
278 438
278 661
278 760
278 784
279 295
279 397
279 458
279 499
279 551
279 711
279 730
279 732
279 850
279 937
280 290
280 291
280 348
280 373
280 456
280 464
280 655
280 792
280 815
280 825
280 882
280 903
280 915
280 940
280 978
280 997
280 1001
281 329
281 343
281 373
281 420
281 432
281 433
281 515
281 528
281 678
281 823
281 826
281 889
281 953
281 965
281 967
281 998
281 1020
281 1022
282 299
282 318
282 416
282 501
282 511
282 512
282 755
282 804
282 845
282 955
282 1008
283 288
283 306
283 405
283 493
283 559
283 574
283 654
283 849
283 862
283 913
283 921
283 955
284 319
284 472
284 518
284 709
284 818
284 903
284 1010
285 288
285 306
285 315
285 363
285 393
285 509
285 510
285 720
285 725
285 728
285 791
285 947
285 958
285 968
286 291
286 332
286 520
286 568
286 641
286 674
286 697
286 769
286 810
286 842
286 846
286 971
287 480
287 519
287 600
287 620
287 658
287 711
287 855
288 328
288 360
288 363
288 503
288 504
288 589
288 633
288 648
288 684
288 709
288 836
288 967
288 980
289 363
289 378
289 389
289 433
289 484
289 506
289 520
289 594
289 636
289 645
289 664
289 689
289 693
289 710
289 761
289 848
289 904
289 920
289 924
289 979
290 329
290 387
290 538
290 602
290 642
290 797
290 812
290 860
290 973
291 334
291 376
291 496
291 499
291 532
291 544
291 661
291 711
291 726
291 811
291 854
291 875
291 878
291 896
291 927
291 950
291 953
291 1014
291 1020
292 311
292 422
292 441
292 483
292 565
292 586
292 599
292 679
292 713
292 730
292 818
292 821
292 858
292 868
293 380
293 450
293 465
293 520
293 549
293 558
293 631
293 642
293 646
293 655
293 676
293 813
293 826
293 989
294 362
294 516
294 542
294 552
294 577
294 585
294 596
294 610
294 763
294 892
294 903
294 945
294 990
295 457
295 461
295 482
295 512
295 538
295 819
295 860
296 314
296 398
296 457
296 577
296 650
296 681
296 716
296 755
296 801
296 844
296 1023
297 309
297 350
297 403
297 404
297 447
297 450
297 529
297 625
297 663
297 720
297 768
297 805
297 879
297 949
297 987
298 375
298 392
298 401
298 404
298 421
298 484
298 514
298 563
298 593
298 675
298 729
298 805
298 810
298 821
298 862
298 881
298 919
298 925
298 944
298 963
298 987
298 1001
299 381
299 382
299 399
299 406
299 751
299 768
299 848
299 919
299 930
299 931
299 1003
300 373
300 394
300 430
300 722
300 791
300 966
300 974
301 307
301 439
301 487
301 488
301 552
301 606
301 632
301 658
301 710
301 713
301 808
301 855
301 1003
301 1007
302 333
302 350
302 386
302 494
302 615
302 627
302 662
302 684
302 698
302 775
302 790
302 1016
303 326
303 336
303 444
303 448
303 484
303 504
303 512
303 548
303 556
303 561
303 597
303 615
303 764
303 947
303 954
303 1013
304 388
304 409
304 436
304 472
304 573
304 687
304 702
304 817
304 832
304 965
305 331
305 367
305 419
305 613
305 636
305 673
305 748
305 813
305 861
305 1015
306 427
306 518
306 536
306 694
306 987
306 1020
307 315
307 335
307 345
307 349
307 378
307 402
307 404
307 416
307 493
307 560
307 590
307 662
307 929
307 960
307 1020
308 401
308 431
308 521
308 558
308 575
308 741
308 848
308 863
308 886
308 917
309 344
309 367
309 399
309 532
309 658
309 683
309 714
309 742
309 751
309 823
309 890
309 899
309 935
309 955
309 1007
309 1009
310 349
310 414
310 423
310 472
310 508
310 511
310 546
310 557
310 566
310 606
310 950
310 971
310 1012
311 415
311 466
311 502
311 529
311 573
311 635
311 668
311 680
311 757
311 837
311 884
311 912
312 396
312 407
312 462
312 466
312 480
312 520
312 530
312 608
312 623
312 701
312 757
312 779
312 796
312 830
312 838
312 853
312 921
312 964
313 333
313 383
313 387
313 414
313 502
313 539
313 563
313 642
313 648
313 649
313 776
313 778
313 892
314 320
314 330
314 420
314 441
314 448
314 528
314 599
314 711
314 804
314 837
314 908
314 964
315 331
315 424
315 468
315 559
315 656
315 765
315 819
315 835
315 937
315 980
315 1003
316 323
316 385
316 478
316 509
316 519
316 522
316 576
316 581
316 622
316 658
316 704
316 745
316 866
316 910
316 947
316 958
316 960
317 375
317 384
317 428
317 458
317 479
317 492
317 624
317 650
317 790
317 829
317 841
317 863
318 337
318 353
318 512
318 527
318 677
318 709
318 712
318 730
318 805
318 815
318 887
318 978
319 333
319 418
319 466
319 531
319 597
319 729
319 771
319 842
319 873
319 886
319 907
319 924
319 939
319 940
319 1019
320 471
320 501
320 539
320 594
320 608
320 703
320 757
320 761
320 880
321 331
321 437
321 442
321 469
321 485
321 580
321 601
321 613
321 655
321 737
321 783
321 790
321 833
321 862
321 929
321 941
321 947
321 960
321 962
321 1002
321 1003
322 338
322 603
322 684
322 729
322 731
322 769
322 778
322 787
322 832
322 849
323 483
323 488
323 493
323 525
323 565
323 578
323 595
323 600
323 687
323 808
323 848
323 865
323 1013
324 432
324 539
324 541
324 555
324 739
324 776
324 802
324 850
324 871
324 915
324 931
324 969
325 372
325 461
325 510
325 528
325 656
325 735
325 819
325 824
325 863
325 874
325 914
325 973
326 376
326 430
326 431
326 526
326 540
326 596
326 597
326 644
326 689
326 778
326 869
326 907
326 925
327 340
327 418
327 534
327 692
327 704
327 721
327 750
327 785
327 872
327 948
327 1000
327 1019
328 348
328 349
328 383
328 455
328 670
328 715
328 733
328 778
328 781
328 957
328 992
328 1002
329 362
329 416
329 423
329 450
329 530
329 534
329 555
329 573
329 595
329 615
329 706
329 753
329 788
329 931
329 996
330 337
330 347
330 383
330 445
330 658
330 666
330 919
330 937
331 470
331 486
331 550
331 580
331 628
331 707
331 764
331 863
331 903
332 382
332 714
332 762
332 826
332 838
332 876
332 939
332 972
332 987
332 1001
333 427
333 465
333 513
333 566
333 696
333 832
333 943
333 974
334 450
334 486
334 513
334 543
334 675
334 738
334 789
334 878
334 901
334 982
335 379
335 465
335 631
335 736
335 748
335 879
335 978
336 458
336 471
336 483
336 535
336 574
336 658
336 723
336 755
336 821
336 910
336 964
337 378
337 407
337 436
337 456
337 500
337 600
338 389
338 409
338 451
338 512
338 594
338 656
338 840
338 896
338 922
338 950
338 1014
339 367
339 462
339 470
339 509
339 580
339 621
339 658
339 684
339 737
339 817
339 874
339 903
339 930
339 974
339 992
339 1004
339 1023
340 381
340 449
340 488
340 510
340 535
340 587
340 598
340 616
340 890
340 912
340 948
340 956
340 1023
341 365
341 377
341 391
341 433
341 440
341 544
341 560
341 628
341 634
341 686
341 765
341 805
341 826
341 864
341 888
341 933
342 449
342 467
342 564
342 568
342 596
342 618
342 646
342 652
342 656
342 689
342 723
342 954
342 973
343 525
343 598
343 650
343 739
343 768
343 791
343 808
343 840
343 879
343 896
343 945
343 973
343 984
343 1006
344 363
344 374
344 418
344 720
344 786
344 794
344 867
344 869
344 924
345 396
345 463
345 496
345 512
345 533
345 568
345 577
345 587
345 590
345 599
345 613
345 952
345 961
345 963
346 351
346 460
346 512
346 581
346 583
346 592
346 597
346 640
346 664
346 679
346 734
346 796
346 817
346 936
346 1019
347 355
347 374
347 511
347 606
347 627
347 698
347 700
347 712
347 746
347 789
347 868
347 904
347 916
347 960
347 966
347 985
348 372
348 377
348 385
348 452
348 464
348 555
348 576
348 616
348 630
348 709
348 777
348 819
348 821
348 837
348 846
348 890
348 974
348 995
349 403
349 469
349 478
349 526
349 794
349 836
349 852
349 947
349 985
349 1012
350 496
350 630
350 641
350 672
350 688
350 697
350 806
350 813
350 829
350 906
350 982
350 992
351 418
351 422
351 429
351 663
351 725
351 815
351 947
351 956
351 975
352 412
352 441
352 558
352 638
352 654
352 675
352 747
352 769
352 909
352 977
352 996
352 1008
352 1023
353 396
353 450
353 455
353 512
353 641
353 687
353 716
353 751
353 760
353 772
353 842
353 945
353 986
353 990
354 470
354 504
354 515
354 582
354 584
354 604
354 666
354 713
354 716
354 816
354 825
354 834
354 910
354 927
355 358
355 460
355 534
355 661
355 662
355 713
355 723
355 762
355 815
355 831
355 939
355 951
356 360
356 390
356 408
356 425
356 471
356 495
356 560
356 578
356 731
356 834
356 902
356 916
356 1018
357 373
357 420
357 423
357 428
357 506
357 530
357 551
357 661
357 702
357 735
357 832
357 842
357 864
357 1013
357 1023
358 422
358 439
358 460
358 466
358 467
358 485
358 499
358 559
358 675
358 677
358 685
358 875
358 881
358 895
358 916
358 955
358 992
358 1005
359 431
359 457
359 464
359 592
359 594
359 774
359 825
359 861
359 881
359 887
359 891
359 923
359 952
360 403
360 411
360 443
360 446
360 463
360 669
360 931
360 940
361 544
361 550
361 580
361 621
361 654
361 813
361 839
361 911
361 953
361 954
361 1006
362 380
362 425
362 427
362 467
362 539
362 732
362 748
362 817
362 841
362 875
362 896
362 908
362 922
362 941
362 966
362 973
363 367
363 387
363 423
363 430
363 520
363 536
363 538
363 685
363 723
363 727
363 828
363 857
363 897
363 1006
364 425
364 610
364 634
364 664
364 746
364 812
364 834
364 902
364 958
365 477
365 517
365 551
365 584
365 655
365 696
365 767
365 835
365 860
365 961
365 996
366 456
366 461
366 649
366 742
366 776
366 784
366 928
366 960
367 429
367 461
367 614
367 627
367 639
367 678
367 709
367 730
367 854
367 887
368 371
368 376
368 377
368 388
368 453
368 565
368 568
368 573
368 593
368 645
368 666
368 897
368 953
368 964
369 370
369 397
369 414
369 423
369 608
369 770
369 800
369 887
369 940
370 393
370 409
370 498
370 557
370 589
370 649
370 654
370 675
370 735
370 897
370 905
370 952
371 428
371 542
371 628
371 638
371 696
371 722
371 786
371 882
371 1013
372 448
372 487
372 630
372 708
372 782
372 818
372 831
372 910
372 970
372 1013
373 427
373 458
373 491
373 497
373 505
373 626
373 640
373 646
373 697
373 711
373 808
373 882
373 883
374 380
374 439
374 502
374 626
374 680
374 765
374 766
374 826
374 837
374 909
374 928
375 403
375 494
375 553
375 628
375 668
375 679
375 736
375 843
375 905
376 404
376 445
376 446
376 505
376 512
376 530
376 588
376 704
376 772
376 815
376 910
376 921
376 953
376 998
376 1011
377 526
377 633
377 640
377 667
377 755
377 763
377 773
377 790
377 847
377 979
378 412
378 559
378 570
378 622
378 756
378 947
378 976
379 401
379 443
379 470
379 478
379 491
379 507
379 557
379 581
379 774
379 859
379 1021
380 388
380 533
380 676
380 880
380 978
380 985
381 498
381 510
381 573
381 603
381 706
381 729
381 779
381 823
381 837
382 591
382 613
382 648
382 657
382 658
382 674
382 692
382 722
382 867
382 896
382 931
382 962
383 602
383 667
383 683
383 697
383 772
383 795
383 856
383 880
383 921
383 970
384 447
384 476
384 522
384 846
384 943
385 396
385 464
385 474
385 484
385 546
385 556
385 569
385 584
385 630
385 661
385 665
385 692
385 760
385 770
385 781
385 810
385 859
385 879
385 891
385 908
385 933
385 941
385 977
385 987
386 415
386 476
386 611
386 684
386 694
386 701
386 796
386 844
386 980
387 389
387 556
387 577
387 666
387 686
387 698
387 729
387 768
387 790
387 981
387 993
387 1007
388 447
388 462
388 500
388 570
388 587
388 618
388 657
388 677
388 713
388 823
388 981
389 409
389 488
389 493
389 581
389 643
389 670
389 768
389 784
389 791
389 861
389 911
389 1003
390 398
390 607
390 641
390 659
390 674
390 684
390 704
390 724
390 767
390 814
390 831
390 912
391 415
391 424
391 429
391 432
391 450
391 456
391 593
391 603
391 656
391 785
391 882
391 923
391 974
391 998
392 417
392 464
392 471
392 480
392 485
392 596
392 704
392 742
392 790
392 920
392 983
392 987
393 468
393 480
393 530
393 601
393 934
393 956
394 529
394 543
394 592
394 648
394 667
394 689
394 747
394 764
394 767
394 971
394 1019
395 689
395 727
395 898
395 949
395 959
395 967
396 420
396 431
396 522
396 550
396 574
396 591
396 677
396 688
396 760
396 773
396 879
396 885
396 903
396 951
396 973
397 411
397 630
397 635
397 667
397 746
397 800
397 838
398 511
398 531
398 565
398 576
398 812
398 821
398 875
398 890
398 991
398 1011
398 1015
399 452
399 540
399 627
399 788
399 876
400 426
400 483
400 519
400 581
400 649
400 673
400 701
400 704
400 785
400 894
400 913
400 921
400 975
401 408
401 444
401 445
401 496
401 564
401 639
401 836
401 840
401 847
401 859
401 865
401 882
401 930
402 575
402 637
402 667
402 703
402 709
402 735
402 806
402 810
402 942
402 989
402 1007
403 428
403 484
403 544
403 585
403 662
403 896
403 939
403 986
403 1006
404 428
404 568
404 660
404 728
404 746
404 757
404 816
404 838
404 840
404 956
404 964
405 524
405 532
405 609
405 626
405 640
405 654
405 658
405 691
405 725
405 740
406 497
406 509
406 601
406 654
406 807
406 966
406 982
406 984
407 485
407 489
407 547
407 562
407 589
407 631
407 686
407 702
407 758
407 817
407 929
407 970
408 432
408 473
408 567
408 839
408 844
408 906
408 963
409 574
409 619
409 674
409 764
409 865
409 888
409 897
410 426
410 471
410 476
410 670
410 697
410 711
410 779
410 825
410 917
410 949
410 954
410 970
411 456
411 461
411 465
411 536
411 570
411 572
411 619
411 674
411 711
411 734
411 758
411 777
411 791
411 926
412 467
412 470
412 636
412 656
412 705
412 809
412 829
412 919
412 990
413 480
413 504
413 511
413 600
413 614
413 738
413 789
413 893
413 897
413 906
413 930
413 941
413 962
413 1001
414 427
414 516
414 699
414 763
414 776
414 804
415 450
415 477
415 568
415 780
415 813
415 966
415 967
415 1003
415 1023
416 493
416 541
416 552
416 623
416 861
416 965
416 976
417 427
417 474
417 482
417 559
417 706
417 782
417 788
417 833
417 991
417 1006
418 469
418 487
418 519
418 520
418 567
418 588
418 607
418 642
418 725
418 729
418 765
418 889
418 1003
419 522
419 546
419 714
419 717
419 721
419 736
419 787
419 789
419 797
419 810
419 825
419 846
419 864
419 866
419 878
419 997
419 1007
420 488
420 623
420 699
420 919
420 969
421 425
421 461
421 494
421 566
421 571
421 599
421 634
421 658
421 664
421 736
421 859
421 862
421 867
421 892
421 923
421 941
421 970
421 981
421 985
422 445
422 504
422 505
422 580
422 648
422 758
422 778
422 822
422 834
422 940
422 977
422 988
423 448
423 459
423 465
423 602
423 810
423 829
423 877
424 542
424 584
424 601
424 623
424 638
424 664
424 794
424 802
424 1012
425 428
425 435
425 542
425 698
425 699
425 733
425 791
425 877
425 918
425 975
425 1015
426 469
426 550
426 591
426 637
426 659
426 684
426 690
426 727
426 800
426 820
426 866
426 875
426 885
426 926
426 929
426 931
426 944
426 951
427 681
427 695
427 801
427 868
427 940
427 1005
428 434
428 435
428 475
428 511
428 616
428 702
428 703
428 725
428 746
428 900
428 920
428 941
429 502
429 721
429 723
429 740
429 756
429 871
429 948
430 552
430 555
430 586
430 599
430 608
430 666
430 717
430 933
430 963
430 999
431 450
431 506
431 517
431 531
431 562
431 693
431 820
431 825
431 828
431 891
431 898
431 991
431 992
432 433
432 451
432 456
432 461
432 492
432 611
432 825
432 876
432 889
432 890
432 901
432 949
433 440
433 450
433 526
433 583
433 665
433 708
433 709
433 762
433 792
433 797
433 845
433 878
433 920
433 1003
434 592
434 612
434 634
434 642
434 745
434 763
434 802
434 870
434 963
434 978
434 990
435 449
435 499
435 507
435 525
435 740
435 744
435 754
435 757
435 853
435 961
435 969
435 1015
436 558
436 623
436 697
436 756
436 769
436 912
436 952
436 957
436 960
436 1003
436 1004
437 467
437 470
437 579
437 624
437 756
437 848
437 876
437 908
437 993
437 1019
438 474
438 495
438 519
438 533
438 593
438 595
438 623
438 631
438 650
438 663
438 703
438 807
438 859
438 989
439 471
439 472
439 501
439 505
439 554
439 559
439 592
439 597
439 616
439 746
439 892
439 915
439 930
439 976
440 472
440 507
440 614
440 615
440 631
440 663
440 678
440 802
440 910
440 944
440 951
440 959
441 497
441 539
441 556
441 690
441 693
441 867
441 927
441 986
441 1017
442 484
442 497
442 551
442 654
442 754
442 770
442 790
442 828
442 834
442 912
442 934
442 973
442 1003
442 1004
443 568
443 596
443 656
443 657
443 756
443 834
444 512
444 515
444 524
444 590
444 610
444 617
444 688
444 799
444 839
444 854
444 901
444 919
444 922
444 990
444 1007
444 1018
445 591
445 598
445 615
445 645
445 656
445 747
445 831
445 896
445 902
445 918
445 940
445 1002
446 512
446 603
446 696
446 741
446 793
446 798
446 826
446 888
446 905
446 982
447 576
447 580
447 647
447 668
447 695
447 712
447 807
447 820
447 967
447 978
448 471
448 523
448 567
448 602
448 608
448 614
448 619
448 635
448 719
448 967
448 1010
448 1018
449 511
449 623
449 626
449 656
449 955
449 969
449 1015
450 460
450 517
450 530
450 662
450 689
450 782
450 785
450 815
450 884
450 890
450 941
451 503
451 550
451 674
451 724
451 765
451 790
451 854
451 913
451 968
451 969
451 1021
452 476
452 530
452 546
452 580
452 625
452 749
452 758
452 800
452 847
452 908
453 617
453 621
453 666
453 678
453 721
453 744
453 838
453 883
453 942
453 972
454 455
454 571
454 653
454 655
454 712
454 743
454 856
454 883
454 891
454 970
455 482
455 587
455 624
455 726
455 732
455 835
455 846
455 864
455 891
455 952
456 460
456 461
456 595
456 606
456 647
456 656
456 684
456 709
456 778
456 883
457 484
457 531
457 564
457 599
457 679
457 686
457 754
458 459
458 491
458 586
458 589
458 646
458 677
458 679
458 704
458 735
458 788
458 882
458 883
458 940
458 962
458 977
458 982
458 984
458 987
458 990
458 992
459 602
459 664
459 711
459 757
459 783
459 931
459 988
460 517
460 534
460 698
460 703
460 727
460 782
460 819
460 822
460 908
460 940
461 581
461 860
461 1018
462 465
462 484
462 519
462 537
462 693
462 708
462 731
462 783
463 486
463 502
463 552
463 558
463 562
463 588
463 709
463 804
463 811
463 953
463 983
464 486
464 750
464 927
464 934
464 967
465 511
465 520
465 537
465 621
465 642
465 647
465 672
465 674
465 697
465 724
465 737
465 755
465 767
465 793
465 823
465 863
465 964
466 486
466 493
466 506
466 528
466 547
466 564
466 805
466 871
466 941
466 998
467 481
467 505
467 507
467 538
467 583
467 729
467 849
467 863
467 957
467 977
468 534
468 596
468 599
468 707
468 722
468 772
468 913
468 981
469 556
469 706
469 714
469 787
469 987
469 1000
470 496
470 519
470 596
470 606
470 713
470 733
470 753
470 798
470 834
470 947
470 998
471 526
471 567
471 592
471 609
471 610
471 618
471 674
471 801
471 872
471 883
471 900
471 911
472 528
472 722
472 774
472 791
472 856
472 866
472 876
472 1022
473 529
473 697
473 724
473 725
473 762
473 795
473 813
473 828
473 856
474 483
474 524
474 592
474 621
474 671
474 750
474 835
474 874
475 476
475 541
475 639
475 702
475 710
475 808
475 899
475 908
475 925
475 959
475 982
476 489
476 554
476 596
476 683
476 711
476 749
476 776
476 834
476 864
476 889
476 950
476 982
477 561
477 652
477 870
477 873
477 890
477 951
477 991
477 1000
477 1017
478 496
478 523
478 549
478 610
478 637
478 663
478 710
478 711
478 760
478 792
478 848
478 975
478 976
479 583
479 689
479 737
479 875
479 877
479 986
480 481
480 676
480 681
480 731
480 762
480 845
480 891
480 948
480 960
481 508
481 579
481 612
481 660
481 706
481 724
481 763
481 815
481 879
481 960
482 501
482 504
482 537
482 583
482 622
482 761
482 766
482 997
483 575
483 592
483 658
483 690
483 745
483 813
483 852
483 884
483 885
483 923
483 960
484 541
484 575
484 675
484 715
484 721
484 811
484 826
484 875
484 954
485 544
485 546
485 570
485 614
485 642
485 689
485 700
485 770
485 930
485 1013
485 1020
485 1023
486 569
486 573
486 604
486 683
486 684
486 699
486 792
486 899
486 987
487 499
487 515
487 573
487 579
487 690
487 932
487 957
487 975
488 513
488 537
488 587
488 634
488 702
488 836
488 905
488 921
488 977
488 1021
489 615
489 622
489 692
489 800
489 948
490 521
490 536
490 673
490 702
490 735
490 806
490 880
490 940
490 942
491 499
491 786
491 792
491 802
491 805
492 504
492 565
492 600
492 616
492 653
492 655
492 656
492 669
492 691
492 870
493 676
493 734
493 901
493 911
493 952
493 956
493 969
493 1018
494 550
494 584
494 629
494 642
494 749
494 821
494 836
494 902
494 907
494 909
494 983
494 1000
494 1017
495 647
495 795
495 853
495 855
495 903
495 917
495 935
495 979
495 993
495 1007
496 497
496 627
496 628
496 634
496 674
496 713
496 844
496 851
496 911
496 948
496 1004
497 531
497 610
497 647
497 658
497 736
497 772
497 797
497 809
497 858
497 904
497 961
497 977
498 543
498 547
498 601
498 640
498 686
498 819
499 548
499 690
499 718
499 785
499 880
499 971
500 545
500 645
500 649
500 663
500 686
500 983
500 1009
501 638
501 684
501 757
501 778
501 878
501 915
501 920
502 508
502 600
502 645
502 681
502 719
502 725
502 798
502 833
502 844
502 890
502 894
502 898
502 916
502 929
502 937
502 1006
503 633
503 724
503 777
503 784
503 817
503 820
503 822
503 830
503 852
503 910
503 1012
503 1016
503 1021
504 535
504 562
504 568
504 619
504 675
504 707
504 780
504 789
504 807
504 814
504 826
504 910
504 915
504 917
504 961
505 516
505 583
505 658
505 785
505 788
505 882
505 947
505 953
505 1016
506 526
506 610
506 647
506 738
506 804
506 810
506 897
506 923
506 990
506 1015
507 511
507 577
507 600
507 611
507 642
507 665
507 669
507 673
507 674
507 703
507 736
507 763
507 770
507 779
507 806
507 826
507 845
507 860
507 879
507 1005
507 1010
507 1022
508 515
508 518
508 524
508 637
508 889
508 1010
509 512
509 571
509 589
509 600
509 751
509 800
509 828
509 832
509 864
509 935
510 529
510 632
510 767
510 852
510 912
510 917
511 562
511 563
511 575
511 641
511 672
511 673
511 686
511 712
511 932
511 939
512 541
512 562
512 598
512 679
512 724
512 735
512 866
512 897
512 908
512 914
512 984
513 594
513 618
513 631
513 642
513 698
513 761
513 908
513 939
513 990
514 520
514 734
514 764
514 769
514 844
514 851
514 868
514 928
515 601
515 625
515 636
515 640
515 666
515 672
515 691
515 719
515 754
515 855
515 868
515 968
515 972
515 983
516 592
516 611
516 651
516 679
516 705
516 784
516 859
516 865
516 962
516 983
517 562
517 571
517 577
517 601
517 647
517 656
517 667
517 718
517 799
517 801
517 826
517 908
517 923
517 987
518 590
518 648
518 659
518 774
518 799
518 819
518 834
518 836
518 882
518 889
518 900
518 924
518 965
518 1006
519 633
519 651
519 727
519 748
519 782
519 921
519 952
519 982
519 1011
519 1018
520 543
520 604
520 609
520 618
520 621
520 862
520 871
520 877
520 959
520 971
520 979
520 984
521 539
521 617
521 625
521 649
521 732
521 752
521 843
521 920
521 958
521 1001
522 555
522 574
522 579
522 586
522 664
522 773
522 788
522 944
523 673
523 732
523 860
523 903
523 937
523 992
523 1009
524 568
524 673
524 676
524 684
524 724
524 947
524 960
524 1008
525 527
525 540
525 584
525 680
525 685
525 690
525 692
525 740
525 779
525 872
526 544
526 573
526 599
526 604
526 606
526 628
526 631
526 792
526 812
526 946
527 664
527 716
527 731
527 774
527 775
527 1010
528 544
528 572
528 574
528 666
528 745
528 763
528 908
528 909
528 965
528 1005
529 573
529 639
529 648
529 652
529 694
529 762
529 779
529 832
529 834
529 895
529 931
529 978
530 566
530 583
530 592
530 717
530 890
530 905
530 940
530 953
531 597
531 611
531 664
531 670
531 701
531 719
531 734
531 790
531 794
531 810
531 1022
532 533
532 696
532 731
532 857
532 861
532 912
532 919
532 937
532 983
533 573
533 703
533 737
533 745
533 777
533 803
533 869
533 917
533 944
533 957
533 998
534 572
534 626
534 695
534 745
534 749
534 829
534 844
534 857
534 880
534 933
535 548
535 598
535 628
535 706
535 756
535 798
535 815
535 884
535 896
535 1015
536 553
536 578
536 669
536 675
536 677
536 680
536 762
536 925
536 926
536 929
536 980
537 539
537 544
537 612
537 792
537 807
537 859
537 862
537 1006
538 580
538 647
538 659
538 728
538 749
538 802
538 946
539 735
539 753
539 762
539 840
539 870
540 605
540 700
540 763
540 873
540 901
540 924
540 945
540 961
541 587
541 651
541 676
541 716
541 852
541 1022
542 610
542 682
542 724
542 784
542 841
542 861
542 887
542 897
542 902
542 935
543 568
543 632
543 693
543 955
544 550
544 716
544 729
544 769
544 805
544 818
544 854
544 855
544 957
544 987
545 552
545 601
545 666
545 669
545 670
545 699
545 719
545 814
545 939
545 961
545 987
546 549
546 552
546 565
546 607
546 679
546 740
546 763
546 771
546 818
546 859
546 885
546 895
546 944
546 961
546 992
546 1011
547 582
547 655
547 689
547 751
547 833
547 858
547 899
547 917
548 555
548 559
548 639
548 663
548 748
548 875
548 892
548 938
548 941
548 982
548 1010
549 829
549 833
549 910
549 954
549 980
549 1021
550 611
550 629
550 820
550 832
550 841
550 870
550 931
550 966
550 1016
551 560
551 580
551 634
551 651
551 781
552 564
552 573
552 579
552 787
552 824
552 862
552 870
553 563
553 570
553 613
553 657
553 870
553 892
553 908
553 939
553 959
553 968
554 636
554 676
554 679
554 723
554 760
554 772
554 865
555 566
555 611
555 641
555 651
555 683
555 686
555 716
555 868
555 882
555 930
555 945
556 611
556 626
556 635
556 640
556 697
556 701
556 722
556 739
556 762
556 987
557 658
557 663
557 665
557 690
557 715
557 746
557 772
557 850
557 855
557 878
557 910
557 1003
558 615
558 643
558 670
558 673
558 711
558 728
558 791
558 813
558 848
558 862
558 870
558 923
558 984
559 650
559 675
559 734
559 735
559 740
559 781
559 804
559 837
559 887
559 952
559 1015
560 655
560 681
560 685
560 773
560 883
560 995
560 1008
561 609
561 671
561 693
561 751
561 782
561 801
561 842
561 861
561 866
561 873
561 926
562 598
562 793
562 889
562 897
562 912
562 914
562 924
562 965
563 573
563 636
563 746
563 772
563 860
563 945
563 978
563 1009
563 1010
563 1022
564 574
564 585
564 592
564 704
564 760
564 797
564 963
565 593
565 707
565 708
565 723
565 830
565 852
565 918
565 960
565 969
565 997
565 1001
566 670
567 655
567 661
567 679
567 687
567 728
567 754
567 769
567 795
567 854
567 867
567 1018
568 581
568 692
568 725
568 744
568 810
568 821
568 859
568 919
568 966
568 991
569 589
569 607
569 684
569 709
569 718
569 734
569 781
569 815
569 844
569 876
569 928
569 1011
569 1020
570 643
570 673
570 680
570 753
570 810
570 857
570 997
570 1016
571 575
571 674
571 737
571 746
571 824
571 912
572 604
572 663
572 918
573 576
573 655
573 751
573 763
573 870
573 874
573 970
573 979
573 990
574 603
574 633
574 730
574 775
574 874
574 934
574 990
575 590
575 678
575 726
575 731
575 895
575 908
575 963
575 1019
576 668
576 675
576 799
576 873
576 1012
576 1016
577 596
577 771
577 855
577 898
578 659
578 722
578 763
578 858
578 891
578 1019
579 585
579 689
579 790
579 811
579 819
579 841
579 882
579 905
579 909
580 624
580 777
580 813
580 815
580 818
580 850
580 970
581 607
581 626
581 801
581 843
581 860
581 905
581 937
582 620
582 652
582 677
582 873
582 904
582 926
582 934
583 633
583 639
583 707
583 714
583 744
583 748
583 916
583 924
583 1003
583 1014
583 1020
584 596
584 663
584 889
584 947
584 953
585 602
585 605
585 607
585 614
585 665
585 666
585 723
585 796
585 830
585 843
585 920
585 924
586 689
586 873
587 628
587 704
587 796
587 830
587 875
587 901
588 597
588 732
588 873
588 906
589 604
589 667
589 672
589 733
589 924
589 926
589 951
589 1019
590 607
590 618
590 709
590 753
590 761
590 764
590 770
590 771
590 795
590 802
590 929
590 977
591 605
591 669
591 725
591 836
591 872
591 879
591 901
591 961
591 981
591 1010
591 1017
592 642
592 756
592 766
592 769
592 792
592 821
592 889
592 950
592 980
593 638
593 649
593 659
593 678
593 732
593 737
593 989
594 626
594 632
594 651
594 719
594 733
594 745
594 760
594 892
594 912
594 921
594 926
595 653
595 728
595 755
596 655
596 714
596 736
596 808
596 828
596 888
596 904
596 933
596 968
596 971
597 616
597 748
597 776
597 795
597 856
597 865
597 904
597 920
597 928
597 978
597 995
598 678
598 748
598 764
598 808
598 839
598 957
598 973
598 1017
599 608
599 619
599 627
599 652
599 787
599 836
599 982
599 1014
600 611
600 633
600 640
600 651
600 682
600 744
600 913
600 965
601 619
601 625
601 661
601 668
601 771
601 828
601 936
602 608
602 627
602 731
602 751
602 825
602 894
602 907
602 912
602 915
602 924
602 958
602 966
602 1011
602 1017
603 623
603 626
603 639
603 643
603 655
603 732
603 958
603 960
603 982
604 612
604 673
604 812
605 725
605 729
605 751
605 760
605 795
605 811
605 867
605 985
605 1018
606 664
606 685
606 753
606 792
606 810
606 1001
606 1010
607 642
607 657
607 696
607 911
607 915
607 1015
608 648
608 755
608 878
608 936
609 722
609 775
609 859
609 918
609 928
609 958
609 963
609 969
610 710
610 780
610 867
610 977
611 703
611 712
611 736
611 787
611 798
611 799
611 999
611 1004
612 621
612 670
612 728
612 736
612 799
612 853
612 859
612 940
613 672
613 910
613 926
613 961
613 1002
613 1012
614 643
614 755
614 936
614 957
615 647
615 652
615 663
615 693
615 699
615 733
615 869
615 931
615 1018
616 677
616 706
616 837
616 838
616 921
616 941
616 964
617 664
617 704
617 736
617 790
617 882
618 688
618 689
618 693
618 738
618 841
618 1021
619 640
619 774
619 826
619 828
619 846
619 940
619 963
619 1016
620 648
620 670
620 689
620 843
620 876
620 890
620 918
620 923
620 964
621 699
621 708
621 754
621 768
621 823
621 860
621 886
621 980
622 649
622 728
622 757
622 792
622 846
622 966
623 640
623 671
623 725
623 929
623 963
623 970
624 636
624 641
624 691
624 707
624 810
624 840
624 844
624 859
624 875
624 890
624 919
624 1003
625 632
625 665
625 694
625 721
625 723
625 787
625 962
625 1015
626 721
626 737
626 761
626 813
626 838
626 863
626 893
627 668
627 824
627 870
627 879
627 894
627 929
627 951
627 974
628 660
628 666
628 735
628 787
628 797
628 805
628 848
628 887
628 933
628 939
628 946
628 1013
629 634
629 862
629 908
629 909
629 932
629 998
630 792
630 833
630 862
630 894
630 981
630 1011
631 639
631 641
631 679
631 691
631 765
631 769
631 815
631 925
631 951
631 957
631 961
631 985
631 1022
632 675
632 740
632 819
632 885
633 653
633 667
633 752
633 756
633 985
633 1008
634 643
634 669
634 745
634 797
634 828
634 879
634 893
634 897
635 652
635 658
635 736
635 758
635 811
635 861
635 923
635 939
635 963
636 644
636 659
636 695
636 710
636 727
636 894
636 941
636 944
636 966
636 988
637 664
637 749
637 771
637 828
637 872
637 885
637 906
637 1011
638 653
638 686
638 693
638 732
638 742
638 812
638 886
638 952
638 975
639 663
639 733
639 775
639 778
639 920
639 926
639 928
639 956
639 971
640 736
640 833
640 913
640 993
641 657
641 670
641 711
641 928
641 955
642 673
642 793
642 797
642 804
642 855
642 862
642 898
642 980
643 764
643 778
643 946
643 1022
644 665
644 699
644 716
644 726
644 834
644 925
644 988
644 1003
645 714
645 715
645 772
645 789
645 865
645 885
645 959
646 657
646 769
646 817
646 820
646 876
646 906
646 918
646 962
646 963
646 1001
646 1018
647 719
647 721
647 804
647 867
647 880
647 891
647 978
647 994
647 1009
648 718
648 769
648 803
648 805
649 761
649 838
649 941
649 999
649 1012
650 816
650 831
650 1013
651 734
651 776
651 893
651 920
652 656
652 751
652 760
652 836
652 929
652 944
652 1004
653 712
653 738
653 832
653 905
653 940
653 973
654 659
654 759
654 760
654 763
654 850
654 919
654 926
654 991
655 737
655 753
655 787
655 901
655 902
655 1017
656 727
656 750
656 790
656 856
656 902
656 967
656 969
657 658
657 718
657 811
657 828
657 870
658 674
658 678
658 695
658 738
658 904
658 1015
659 667
659 703
659 775
659 809
659 828
660 670
660 703
660 715
660 736
660 750
660 802
660 989
660 1019
661 739
661 774
661 902
661 925
661 980
661 993
662 762
662 808
662 828
662 830
662 847
662 865
662 953
662 991
663 728
663 821
663 862
663 922
663 950
663 1021
664 692
664 740
664 761
664 786
664 811
664 817
664 849
664 850
664 913
664 974
665 719
665 750
665 919
665 957
666 706
666 768
666 786
666 834
666 842
666 941
667 696
667 727
667 735
667 773
667 774
667 903
667 943
667 995
667 1013
668 740
668 755
668 874
668 924
668 958
669 684
669 740
669 810
669 857
669 895
669 910
669 945
669 1010
670 913
670 974
670 1004
670 1017
671 699
671 790
671 815
671 820
671 838
671 941
671 945
672 677
672 737
672 768
672 787
672 800
672 804
672 862
673 711
673 800
673 849
673 855
673 858
673 866
673 884
673 898
673 931
674 767
674 793
674 799
674 900
674 902
674 965
675 714
675 766
675 870
675 906
675 972
675 976
675 978
675 992
676 760
676 782
676 872
676 915
676 980
677 729
677 754
677 809
677 867
677 962
677 965
678 789
678 808
678 816
678 830
678 855
678 864
678 869
678 919
678 987
678 1022
679 685
679 795
679 834
679 947
679 976
680 715
680 877
680 948
680 958
680 977
680 989
681 706
681 735
681 799
681 801
681 830
681 887
682 753
682 762
682 804
682 907
682 922
683 735
683 885
683 926
683 942
683 950
683 995
683 1019
683 1020
684 735
684 748
684 804
684 929
684 939
685 703
685 707
686 688
686 713
686 742
686 782
686 877
687 705
687 718
687 746
687 784
687 899
688 711
688 772
688 836
688 893
689 712
689 732
689 842
689 870
689 951
689 1015
690 771
690 858
690 947
690 956
691 924
691 1023
692 760
692 782
692 785
692 813
692 881
692 921
692 929
692 938
692 978
692 1000
693 756
693 909
693 975
693 1009
694 743
694 865
694 931
695 781
696 725
696 857
696 969
696 971
696 994
697 768
697 798
697 878
697 883
697 901
697 1006
697 1010
698 701
698 919
698 985
698 1015
699 838
699 930
699 1022
700 742
700 777
700 809
700 956
700 971
701 774
701 824
702 732
702 734
702 834
702 857
702 918
702 962
702 996
702 1012
703 724
703 817
703 976
704 814
704 884
704 913
705 729
705 794
705 807
705 864
705 958
705 960
705 997
706 744
706 803
706 834
706 841
706 877
706 976
707 723
707 785
707 807
707 848
707 916
707 931
707 993
707 1003
707 1020
708 711
708 1023
709 723
709 725
709 829
709 840
709 860
709 927
709 948
710 724
710 804
710 836
710 846
710 857
710 877
711 805
711 930
712 757
712 759
712 769
712 771
712 1020
713 786
713 879
713 889
713 896
713 913
714 744
714 771
714 868
714 873
714 899
714 945
714 963
714 999
715 787
715 828
715 844
715 899
715 942
715 983
716 728
716 771
716 874
716 876
716 878
716 890
716 903
716 929
717 738
717 768
717 773
717 898
717 909
717 945
717 963
718 793
718 844
718 855
718 931
718 941
718 952
719 802
719 918
719 952
719 1007
720 733
720 798
720 817
720 860
720 880
720 882
720 923
721 765
721 808
721 826
721 1019
722 784
722 847
722 930
723 807
723 975
723 998
724 731
724 734
724 745
724 844
724 853
724 875
724 888
724 973
725 1015
726 743
726 780
726 840
726 884
726 970
727 768
727 777
727 818
727 936
727 967
727 1010
728 845
728 906
728 922
729 790
729 797
729 805
729 1020
730 827
730 1018
731 821
731 823
731 844
731 908
731 977
731 989
731 1018
732 751
732 855
732 861
732 930
732 949
732 958
732 1016
733 870
733 887
733 951
733 982
733 984
734 802
734 838
734 840
735 810
735 875
735 895
735 983
736 773
736 788
736 794
736 795
736 800
736 906
736 935
736 979
736 998
737 808
737 861
737 888
737 914
737 999
738 741
738 795
738 804
738 850
738 976
739 743
739 757
739 770
739 871
739 883
739 929
739 932
739 934
739 1006
740 753
740 837
740 887
740 969
740 985
741 779
741 802
741 831
741 866
741 959
741 1023
742 786
742 950
742 992
742 998
743 745
743 847
743 884
744 790
744 869
744 885
744 902
744 920
744 948
744 957
744 958
744 976
744 987
745 755
745 794
745 875
746 760
746 790
746 809
746 908
746 1019
747 820
747 854
747 870
747 915
747 942
747 948
747 964
748 787
748 845
748 855
749 758
749 795
749 797
749 919
749 945
749 977
749 998
750 791
750 844
750 898
750 1018
752 762
752 770
752 832
752 855
752 924
752 941
752 951
752 967
752 1013
753 920
754 800
754 888
754 900
754 935
755 1019
756 790
756 857
756 887
756 904
756 918
756 1015
757 800
757 849
757 863
757 915
757 938
757 962
757 1007
758 884
758 913
758 935
758 994
758 996
759 760
759 792
759 810
759 832
759 871
759 969
759 972
759 985
759 1012
760 855
760 857
760 963
760 988
761 768
761 807
761 814
761 855
761 878
761 894
761 971
761 1010
762 792
762 823
762 927
762 944
762 992
763 775
763 828
763 888
763 894
763 913
763 961
763 971
764 803
764 821
764 838
764 918
764 987
764 1006
765 812
765 877
765 958
765 1023
766 803
766 941
766 945
766 961
766 971
767 804
767 837
767 843
767 880
767 892
767 994
768 860
768 893
768 999
769 780
769 894
769 999
770 779
770 931
771 773
771 786
771 913
771 917
771 956
771 1001
772 836
772 876
772 954
772 979
773 840
773 901
773 921
774 799
774 1003
775 816
775 840
775 943
776 877
776 890
776 923
776 933
776 943
776 1003
777 782
777 832
777 860
777 887
777 904
777 933
778 808
778 861
778 879
778 962
779 781
779 792
779 875
779 946
779 991
780 862
780 915
780 938
781 947
781 993
782 783
782 823
782 915
782 983
782 991
783 811
783 859
783 1015
784 807
784 887
784 1003
784 1007
784 1020
785 811
785 934
785 967
785 1018
785 1019
786 800
786 958
787 940
787 988
788 807
788 865
788 905
789 843
789 847
789 914
790 883
790 973
791 793
791 894
791 972
791 984
792 810
792 999
793 805
793 835
793 854
793 1022
794 824
794 886
795 808
795 960
795 1020
796 842
796 864
796 905
796 1007
797 913
797 936
797 988
798 878
798 991
798 1022
799 818
799 918
799 954
800 826
800 840
800 868
801 931
801 960
801 1018
802 806
802 851
802 909
802 945
802 985
803 819
804 830
804 846
804 849
804 953
804 990
805 952
805 962
806 837
806 839
806 866
806 870
806 947
806 960
806 985
807 841
807 866
807 872
807 900
807 977
807 1023
808 875
808 927
808 930
808 947
808 1014
809 870
809 932
809 1014
810 883
810 903
810 918
810 1002
811 852
811 896
811 943
812 890
813 850
814 873
814 963
815 912
815 925
815 931
815 932
815 953
816 817
816 819
816 994
817 943
817 982
817 983
817 1006
818 889
818 924
818 927
819 828
819 871
819 902
819 1015
820 826
820 883
820 892
820 909
820 931
820 933
820 962
820 979
820 990
821 826
821 927
821 946
822 856
822 872
822 919
822 1001
823 871
824 844
824 847
824 896
824 1003
825 866
825 914
825 970
826 844
826 879
826 942
826 972
826 978
827 852
827 865
827 924
827 931
827 969
828 898
828 905
828 927
828 968
829 837
829 891
829 899
829 954
829 985
830 833
830 901
830 938
831 914
831 956
832 911
833 858
833 915
833 917
833 1000
834 983
835 840
835 962
836 840
836 889
836 920
836 933
837 878
838 940
838 977
839 933
839 969
839 986
840 911
840 915
840 954
840 970
841 922
841 1011
841 1017
842 850
842 881
842 905
842 910
842 1007
842 1014
843 877
843 1022
844 976
845 880
845 912
845 970
846 863
846 880
846 893
846 933
846 958
847 878
847 890
847 914
847 928
847 979
848 868
848 931
848 968
848 1012
849 872
849 979
850 894
850 950
850 966
850 973
852 855
852 948
852 1018
853 883
853 923
853 950
853 1008
853 1018
854 985
855 882
855 993
856 973
857 937
857 980
857 1010
858 1015
859 895
859 960
859 1002
860 900
860 919
860 943
860 996
861 888
861 900
861 929
862 941
862 1003
862 1005
862 1009
862 1017
863 885
863 982
864 908
865 920
865 940
865 965
865 984
865 1003
866 1016
867 967
868 937
868 964
868 1021
869 886
869 932
869 934
869 936
869 978
870 945
870 1019
871 877
871 925
872 909
872 921
872 1013
873 899
873 1008
873 1021
874 914
874 937
874 938
875 880
875 936
875 966
875 994
876 918
876 1003
876 1007
876 1008
877 1017
878 936
880 886
880 954
881 891
881 1012
882 901
882 902
882 927
882 947
882 954
882 982
883 914
883 966
883 970
883 991
884 932
884 937
884 959
884 1021
885 892
885 947
885 957
885 991
885 1003
886 936
886 954
887 1006
888 978
888 1018
889 898
889 899
889 904
890 914
890 1019
891 938
891 996
892 919
892 971
892 981
892 1015
893 921
893 941
893 1022
894 902
894 921
894 961
894 964
894 980
895 922
895 993
896 940
897 901
898 939
898 952
898 1023
899 952
899 971
899 1008
900 904
900 922
900 942
900 945
900 963
900 984
900 1015
900 1022
901 906
901 923
901 966
901 970
901 985
901 1007
902 929
902 973
902 980
903 971
903 973
903 981
903 993
904 999
906 982
906 1010
906 1023
907 1021
908 1003
909 918
909 919
909 968
910 916
910 1002
911 962
911 1004
913 922
913 939
913 968
913 970
913 1023
914 920
914 940
914 989
916 959
916 979
920 935
920 998
921 941
921 1011
923 969
924 940
924 955
924 977
924 983
925 937
925 971
925 994
926 949
927 959
927 970
927 982
928 1008
929 941
930 935
930 936
930 985
931 964
931 988
931 1004
933 974
933 997
934 949
934 1008
935 1014
936 942
936 949
936 976
937 938
937 946
937 959
937 962
937 1005
937 1021
938 956
938 997
939 971
939 1000
940 959
940 996
945 979
949 952
950 952
952 975
953 963
953 981
953 988
953 1002
953 1021
954 994
954 1016
954 1021
955 969
955 985
956 1022
957 985
957 995
957 1002
963 1000
964 1008
967 977
967 990
967 1015
969 1004
974 976
974 987
974 993
974 997
976 987
977 992
979 1001
980 1002
980 1007
981 1006
983 1004
984 1017
984 1023
1008 1023
