0 25
0 104
0 145
0 160
0 166
0 170
0 220
0 233
0 255
0 273
0 297
0 349
0 367
0 406
0 467
0 596
0 597
0 632
0 650
0 656
0 675
0 698
0 714
0 718
0 784
0 791
0 841
0 859
0 860
0 928
0 932
0 971
0 1017
0 1018
1 98
1 110
1 287
1 320
1 424
1 544
1 583
1 634
1 643
1 795
1 969
1 1006
2 41
2 133
2 158
2 252
2 343
2 391
2 426
2 439
2 483
2 539
2 573
2 576
2 596
2 649
2 657
2 728
2 739
2 839
2 842
2 912
2 945
2 968
3 24
3 239
3 254
3 371
3 480
3 595
3 611
3 653
3 741
3 743
3 797
3 871
3 892
3 918
3 943
3 985
4 130
4 190
4 229
4 244
4 252
4 379
4 472
4 587
4 593
4 602
4 624
4 652
4 696
4 981
4 1007
5 22
5 47
5 124
5 132
5 172
5 203
5 204
5 250
5 262
5 561
5 587
5 647
5 652
5 737
5 753
5 806
5 815
5 903
5 910
5 954
5 995
5 1011
5 1014
5 1017
6 130
6 177
6 221
6 230
6 320
6 326
6 353
6 359
6 414
6 452
6 457
6 491
6 506
6 631
6 720
6 778
6 786
6 788
6 858
6 862
6 897
7 29
7 141
7 191
7 200
7 369
7 410
7 437
7 475
7 511
7 535
7 542
7 573
7 608
7 767
7 790
7 810
7 813
8 66
8 95
8 105
8 189
8 227
8 362
8 421
8 514
8 550
8 573
8 622
8 670
8 700
8 713
8 765
8 779
8 818
8 823
8 934
8 1008
9 86
9 143
9 366
9 373
9 445
9 489
9 513
9 536
9 555
9 564
9 615
9 675
9 711
9 726
9 749
9 770
9 773
9 803
9 831
9 855
9 860
9 961
9 990
10 37
10 80
10 153
10 259
10 409
10 414
10 434
10 488
10 552
10 672
10 702
10 735
10 840
10 867
10 956
10 969
11 34
11 77
11 126
11 346
11 388
11 398
11 399
11 425
11 467
11 493
11 653
11 669
11 769
11 854
11 899
11 951
11 965
11 966
11 985
11 1002
11 1020
12 119
12 197
12 210
12 222
12 299
12 451
12 602
12 613
12 805
12 821
12 977
13 107
13 233
13 302
13 359
13 439
13 452
13 455
13 471
13 473
13 486
13 527
13 672
13 677
13 741
13 751
13 779
13 784
13 864
13 987
13 1008
13 1016
14 62
14 109
14 139
14 164
14 177
14 221
14 290
14 320
14 334
14 392
14 440
14 448
14 450
14 528
14 602
14 625
14 654
14 749
14 752
14 756
14 764
14 779
14 804
14 822
14 838
14 847
14 981
15 163
15 202
15 233
15 355
15 389
15 408
15 444
15 501
15 516
15 558
15 591
15 615
15 704
15 738
15 753
15 758
15 848
15 890
16 129
16 151
16 168
16 178
16 211
16 240
16 292
16 293
16 438
16 453
16 483
16 516
16 548
16 668
16 684
16 692
16 769
16 814
16 906
16 994
17 46
17 69
17 140
17 190
17 234
17 282
17 337
17 345
17 382
17 419
17 421
17 431
17 484
17 671
17 691
17 706
17 726
17 743
17 752
17 791
17 850
17 860
17 864
17 920
17 938
17 950
17 991
18 47
18 93
18 106
18 115
18 203
18 527
18 535
18 584
18 591
18 622
18 757
18 800
18 926
19 61
19 106
19 177
19 223
19 238
19 302
19 330
19 400
19 543
19 578
19 600
19 871
19 950
19 992
19 999
19 1019
20 21
20 180
20 183
20 240
20 252
20 319
20 330
20 450
20 545
20 561
20 564
20 604
20 669
20 691
20 699
20 789
20 815
20 886
20 925
20 980
20 1008
21 49
21 84
21 85
21 201
21 275
21 359
21 400
21 463
21 731
21 738
21 766
21 805
21 844
21 972
21 1003
22 66
22 104
22 115
22 118
22 138
22 157
22 197
22 340
22 383
22 669
22 729
22 736
22 756
22 816
22 1003
23 37
23 233
23 287
23 307
23 313
23 368
23 379
23 463
23 475
23 490
23 568
23 641
23 644
23 659
23 678
23 763
23 779
23 787
23 824
23 962
23 1005
24 108
24 160
24 209
24 215
24 261
24 272
24 292
24 395
24 499
24 511
24 522
24 541
24 643
24 655
24 735
25 63
25 105
25 133
25 177
25 234
25 269
25 457
25 519
25 559
25 637
25 702
25 721
25 790
25 801
25 825
25 837
25 915
25 972
25 991
25 1005
25 1020
26 38
26 81
26 128
26 250
26 256
26 348
26 366
26 406
26 454
26 511
26 535
26 575
26 603
26 614
26 632
26 694
26 811
26 857
26 932
27 30
27 66
27 90
27 155
27 158
27 356
27 391
27 394
27 401
27 438
27 474
27 487
27 564
27 742
27 1015
28 41
28 72
28 73
28 127
28 338
28 389
28 431
28 444
28 535
28 564
28 790
28 804
28 815
28 865
28 918
28 926
28 933
28 986
29 146
29 345
29 350
29 356
29 380
29 492
29 493
29 580
29 593
29 621
29 627
29 741
29 786
29 919
30 73
30 86
30 216
30 224
30 226
30 257
30 313
30 334
30 446
30 452
30 596
30 602
30 635
30 650
30 666
30 768
30 810
30 823
30 988
31 82
31 139
31 200
31 229
31 394
31 451
31 556
31 608
31 709
31 710
31 733
31 890
31 901
31 978
32 44
32 170
32 260
32 279
32 422
32 514
32 671
32 708
32 735
32 802
32 944
32 991
32 992
32 1021
33 115
33 130
33 187
33 269
33 342
33 398
33 464
33 507
33 536
33 603
33 653
33 686
33 697
33 736
33 856
33 903
34 46
34 99
34 134
34 174
34 184
34 278
34 311
34 344
34 480
34 488
34 526
34 541
34 572
34 673
34 685
34 787
34 806
34 829
34 842
34 891
34 994
35 39
35 118
35 121
35 166
35 176
35 183
35 329
35 424
35 439
35 459
35 495
35 649
35 761
35 774
35 898
35 979
36 110
36 160
36 161
36 267
36 333
36 380
36 417
36 450
36 473
36 483
36 558
36 581
36 586
36 726
36 737
36 754
36 964
36 974
36 994
37 97
37 98
37 125
37 134
37 152
37 413
37 433
37 457
37 481
37 498
37 712
37 731
37 751
37 756
37 797
37 820
37 833
37 898
37 923
37 941
37 961
37 975
38 216
38 217
38 293
38 397
38 418
38 438
38 443
38 484
38 578
38 590
38 701
38 839
38 1008
39 51
39 128
39 187
39 195
39 300
39 547
39 564
39 571
39 581
39 598
39 617
39 619
39 626
39 712
39 717
39 736
39 747
39 756
39 864
39 900
39 1008
40 68
40 191
40 334
40 340
40 485
40 544
40 585
40 654
40 696
40 716
40 731
40 786
40 794
40 810
40 853
40 920
41 112
41 254
41 311
41 351
41 419
41 480
41 501
41 598
41 614
41 617
41 637
41 707
41 751
41 884
42 62
42 177
42 218
42 227
42 239
42 262
42 283
42 311
42 339
42 342
42 474
42 478
42 505
42 572
42 626
42 741
42 826
42 874
42 937
43 50
43 74
43 86
43 322
43 361
43 417
43 479
43 502
43 503
43 524
43 549
43 554
43 597
43 851
43 861
43 955
43 1011
44 57
44 134
44 150
44 170
44 239
44 398
44 436
44 463
44 516
44 556
44 606
44 624
44 643
44 663
44 728
44 773
44 811
44 820
44 869
44 889
44 908
44 978
45 134
45 186
45 263
45 373
45 460
45 590
45 611
45 614
45 664
45 732
45 747
45 774
45 804
45 828
45 832
45 853
45 871
45 880
45 928
45 931
46 157
46 180
46 259
46 292
46 352
46 418
46 428
46 458
46 505
46 531
46 613
46 700
46 793
46 807
46 821
47 163
47 213
47 214
47 286
47 288
47 307
47 363
47 411
47 471
47 513
47 531
47 540
47 541
47 619
47 692
47 731
47 738
47 745
47 748
47 816
47 899
47 911
48 98
48 100
48 149
48 174
48 227
48 306
48 329
48 337
48 485
48 509
48 511
48 549
48 754
48 792
48 904
48 924
48 933
48 962
49 166
49 274
49 278
49 330
49 417
49 443
49 570
49 584
49 599
49 648
49 657
49 729
49 826
49 860
49 992
49 1009
50 81
50 163
50 167
50 191
50 196
50 285
50 334
50 348
50 416
50 484
50 528
50 540
50 549
50 592
50 611
50 731
50 810
50 834
50 858
50 862
51 52
51 150
51 229
51 237
51 257
51 268
51 294
51 326
51 348
51 351
51 415
51 438
51 518
51 544
51 695
51 743
51 760
51 947
52 124
52 132
52 234
52 257
52 268
52 320
52 337
52 415
52 448
52 459
52 555
52 598
52 601
52 709
52 739
52 747
52 779
52 813
52 867
52 880
52 913
52 922
52 1000
53 232
53 368
53 383
53 436
53 514
53 540
53 605
53 847
53 933
53 948
53 953
54 126
54 131
54 158
54 480
54 525
54 577
54 596
54 660
54 904
54 967
54 980
55 105
55 159
55 196
55 298
55 319
55 483
55 610
55 675
55 712
55 739
55 750
55 771
55 846
55 851
55 912
55 1015
55 1019
56 71
56 174
56 200
56 238
56 242
56 257
56 274
56 276
56 282
56 354
56 378
56 436
56 440
56 504
56 572
56 602
56 670
56 682
56 736
56 780
56 815
56 999
56 1012
56 1023
57 68
57 119
57 326
57 417
57 570
57 572
57 605
57 620
57 631
57 929
58 75
58 133
58 217
58 245
58 247
58 269
58 280
58 489
58 537
58 559
58 579
58 623
58 700
58 707
58 744
58 766
58 804
58 871
59 101
59 130
59 145
59 153
59 163
59 197
59 278
59 352
59 371
59 413
59 590
59 650
59 693
59 703
59 771
59 908
59 955
59 973
59 988
60 61
60 81
60 99
60 389
60 404
60 567
60 584
60 643
60 760
60 808
60 848
60 989
61 110
61 146
61 176
61 250
61 282
61 321
61 384
61 393
61 483
61 493
61 513
61 578
61 593
61 627
61 646
61 768
61 809
61 870
61 871
61 889
61 902
61 980
61 992
62 167
62 260
62 329
62 369
62 465
62 492
62 518
62 553
62 608
62 801
62 823
62 863
62 865
62 889
62 900
63 107
63 364
63 575
63 664
63 773
63 775
63 798
63 908
63 919
63 925
64 87
64 313
64 365
64 371
64 531
64 540
64 570
64 589
64 592
64 654
64 690
64 775
64 951
64 957
64 1002
65 99
65 110
65 158
65 167
65 183
65 190
65 386
65 429
65 519
65 572
65 595
65 596
65 797
65 803
65 1021
66 276
66 408
66 464
66 538
66 637
66 648
66 653
66 666
66 695
66 714
66 722
66 820
66 894
66 909
66 910
66 912
67 209
67 263
67 344
67 439
67 492
67 508
67 585
67 654
67 680
67 827
67 831
67 832
67 881
67 936
68 75
68 114
68 130
68 147
68 220
68 254
68 304
68 385
68 397
68 632
68 671
68 740
68 774
68 790
68 1003
69 136
69 144
69 247
69 281
69 307
69 553
69 597
69 609
69 683
69 709
69 749
69 775
69 796
69 812
69 816
69 845
69 940
70 134
70 142
70 194
70 265
70 274
70 404
70 471
70 562
70 563
70 581
70 690
70 718
70 819
70 944
71 76
71 139
71 280
71 363
71 365
71 385
71 464
71 517
71 565
71 619
71 686
71 719
71 770
71 913
71 1013
72 88
72 173
72 225
72 232
72 246
72 366
72 422
72 472
72 495
72 540
72 545
72 686
72 720
72 730
72 731
72 740
72 787
72 894
72 903
72 924
72 976
73 79
73 129
73 276
73 355
73 405
73 472
73 543
73 545
73 603
73 674
73 683
73 699
73 759
73 774
73 862
73 878
73 986
73 1005
73 1009
73 1018
73 1022
74 103
74 141
74 156
74 221
74 344
74 407
74 442
74 478
74 497
74 498
74 529
74 668
74 672
74 736
74 746
74 979
74 985
75 109
75 117
75 158
75 295
75 473
75 500
75 575
75 624
75 649
75 713
75 826
75 832
75 835
75 875
75 893
75 965
76 112
76 205
76 252
76 278
76 300
76 347
76 522
76 613
76 663
76 694
76 737
76 766
76 929
76 962
77 90
77 247
77 270
77 282
77 296
77 308
77 430
77 457
77 473
77 576
77 632
77 633
77 637
77 638
77 645
77 697
77 702
77 867
77 896
77 898
77 924
78 89
78 128
78 217
78 229
78 635
78 735
78 787
78 812
78 873
78 940
78 951
78 958
78 1010
79 94
79 118
79 266
79 294
79 347
79 411
79 431
79 447
79 457
79 653
79 658
79 680
79 773
79 857
79 881
79 887
79 895
79 924
79 1013
80 113
80 134
80 135
80 217
80 218
80 239
80 266
80 296
80 318
80 387
80 451
80 559
80 607
80 741
80 748
80 781
80 857
80 950
80 958
81 241
81 272
81 361
81 401
81 465
81 477
81 564
81 634
81 703
81 762
81 764
81 798
81 822
81 853
81 860
82 144
82 369
82 379
82 391
82 449
82 573
82 611
82 626
82 810
82 887
82 898
82 938
82 944
82 979
83 94
83 108
83 136
83 162
83 217
83 323
83 447
83 541
83 597
83 613
83 654
83 679
83 705
83 712
83 716
83 774
83 820
83 870
83 897
83 952
83 954
84 121
84 194
84 243
84 329
84 332
84 357
84 376
84 404
84 415
84 483
84 523
84 531
84 629
84 631
84 660
84 678
84 686
84 758
84 760
84 770
84 823
84 825
84 833
84 856
84 933
84 979
84 990
85 122
85 238
85 253
85 282
85 322
85 336
85 340
85 467
85 473
85 496
85 535
85 562
85 626
85 682
85 713
85 843
85 882
85 883
85 989
86 228
86 393
86 423
86 480
86 534
86 597
86 603
86 662
86 746
86 990
86 1002
86 1005
87 119
87 184
87 317
87 458
87 507
87 518
87 588
87 626
87 700
87 718
87 1002
88 145
88 185
88 217
88 239
88 252
88 334
88 468
88 606
88 622
88 760
88 835
88 843
88 909
89 96
89 198
89 221
89 253
89 279
89 283
89 366
89 402
89 462
89 557
89 612
89 695
89 713
89 783
89 795
89 806
89 821
89 835
89 842
89 883
89 909
89 932
89 955
90 204
90 258
90 288
90 494
90 644
90 806
90 837
90 857
90 1006
90 1016
91 92
91 111
91 113
91 125
91 153
91 199
91 251
91 279
91 336
91 342
91 443
91 451
91 530
91 600
91 620
91 690
91 695
91 765
91 835
91 944
91 978
91 1006
91 1007
91 1015
92 103
92 118
92 139
92 172
92 198
92 209
92 250
92 345
92 639
92 753
92 763
92 788
92 812
92 824
92 895
92 1005
93 100
93 149
93 216
93 310
93 434
93 534
93 740
93 844
93 883
93 925
93 944
93 1010
94 117
94 201
94 227
94 307
94 365
94 514
94 602
94 695
94 784
94 814
94 885
94 886
94 916
95 124
95 130
95 157
95 318
95 380
95 411
95 474
95 522
95 637
95 685
95 698
95 713
95 775
95 838
95 879
96 137
96 183
96 234
96 235
96 297
96 356
96 379
96 401
96 407
96 435
96 454
96 480
96 487
96 508
96 516
96 564
96 584
96 642
96 664
96 667
96 670
96 787
96 807
96 852
96 1009
96 1014
96 1019
97 130
97 181
97 183
97 296
97 461
97 546
97 634
97 636
97 645
97 702
97 810
97 867
97 986
98 110
98 183
98 186
98 216
98 218
98 226
98 254
98 288
98 335
98 343
98 472
98 499
98 548
98 837
98 992
99 207
99 209
99 319
99 449
99 500
99 570
99 714
99 763
99 810
99 828
99 950
100 210
100 240
100 267
100 278
100 357
100 404
100 406
100 425
100 515
100 519
100 559
100 684
100 754
100 756
100 879
100 1014
101 254
101 484
101 508
101 517
101 587
101 612
101 647
101 729
101 747
101 824
101 861
102 147
102 259
102 386
102 402
102 411
102 485
102 618
102 639
102 706
102 726
102 881
102 919
102 997
103 106
103 139
103 222
103 228
103 283
103 462
103 488
103 552
103 596
103 612
103 630
103 685
103 803
103 911
104 110
104 128
104 138
104 183
104 330
104 337
104 395
104 412
104 542
104 560
104 598
104 610
104 631
104 634
104 688
104 728
104 784
104 864
104 872
104 924
105 234
105 287
105 318
105 415
105 503
105 505
105 530
105 569
105 574
105 642
105 645
105 646
105 734
105 860
105 957
105 1002
106 198
106 325
106 326
106 372
106 437
106 466
106 475
106 562
106 609
106 640
106 671
106 706
106 727
106 756
106 761
106 786
106 929
106 993
106 1015
107 176
107 284
107 290
107 308
107 409
107 432
107 449
107 476
107 523
107 603
107 700
107 704
107 714
107 746
107 810
107 826
107 950
108 117
108 131
108 261
108 474
108 567
108 595
108 720
108 861
108 1009
109 127
109 236
109 250
109 251
109 324
109 380
109 389
109 525
109 609
109 630
109 641
109 643
109 828
109 911
109 915
110 135
110 243
110 251
110 350
110 382
110 402
110 418
110 505
110 540
110 568
110 706
110 846
110 884
110 981
110 1019
111 442
111 471
111 487
111 491
111 501
111 515
111 635
111 684
111 698
111 728
111 756
111 846
111 881
111 903
111 947
112 214
112 240
112 318
112 328
112 369
112 489
112 523
112 528
112 534
112 588
112 694
112 760
112 817
112 906
112 914
112 915
112 974
112 1011
113 138
113 245
113 247
113 261
113 306
113 346
113 364
113 379
113 435
113 548
113 564
113 659
113 826
113 836
113 862
113 999
113 1003
113 1013
114 169
114 174
114 304
114 420
114 441
114 481
114 662
114 679
114 743
114 761
114 867
114 910
114 922
114 942
114 953
114 1008
115 195
115 255
115 263
115 386
115 412
115 599
115 638
115 655
115 691
115 716
115 719
115 785
115 902
115 935
116 184
116 264
116 311
116 418
116 451
116 558
116 603
116 665
116 677
116 686
116 764
116 843
116 891
116 900
116 901
116 923
116 929
117 121
117 146
117 189
117 196
117 245
117 307
117 324
117 374
117 380
117 430
117 449
117 464
117 501
117 589
117 710
117 838
117 909
118 279
118 282
118 475
118 520
118 533
118 535
118 607
118 644
118 840
118 867
118 880
118 907
118 915
118 924
118 981
119 129
119 153
119 238
119 280
119 382
119 465
119 477
119 511
119 531
119 608
119 619
119 748
119 774
119 785
119 865
119 954
119 984
120 139
120 154
120 165
120 210
120 242
120 248
120 336
120 366
120 378
120 426
120 482
120 512
120 527
120 566
120 575
120 606
120 615
120 635
120 798
120 933
121 140
121 159
121 202
121 265
121 335
121 366
121 405
121 427
121 501
121 617
121 680
121 804
121 827
121 886
121 932
121 937
121 938
121 1010
122 182
122 228
122 256
122 270
122 321
122 335
122 351
122 358
122 400
122 408
122 670
122 681
122 709
122 860
122 985
122 988
123 215
123 254
123 389
123 410
123 457
123 497
123 541
123 554
123 582
123 760
123 875
123 954
123 998
123 1005
123 1013
124 156
124 166
124 174
124 217
124 220
124 270
124 307
124 473
124 534
124 604
124 646
124 688
124 767
124 907
124 971
125 247
125 332
125 334
125 558
125 639
125 644
125 646
125 667
126 147
126 161
126 245
126 350
126 395
126 426
126 454
126 506
126 569
126 576
126 598
126 765
126 770
126 792
126 839
126 911
127 171
127 187
127 196
127 233
127 291
127 353
127 356
127 463
127 541
127 583
127 659
127 741
127 748
127 756
127 897
127 913
127 922
127 925
127 928
127 964
127 1016
128 139
128 180
128 323
128 345
128 373
128 451
128 509
128 634
128 651
128 679
128 725
128 877
128 894
128 959
128 989
129 248
129 315
129 328
129 400
129 401
129 413
129 551
129 599
129 726
129 737
129 776
129 815
130 273
130 381
130 397
130 416
130 458
130 509
130 718
130 733
130 778
130 810
131 141
131 243
131 300
131 390
131 396
131 441
131 470
131 475
131 494
131 516
131 525
131 594
131 606
131 647
131 678
131 748
131 781
131 797
131 820
131 944
132 206
132 213
132 375
132 407
132 419
132 423
132 463
132 475
132 637
132 640
132 648
132 782
132 806
132 989
132 1014
133 145
133 306
133 409
133 508
133 543
133 569
133 732
133 734
133 762
133 773
133 815
133 834
133 853
133 855
133 876
133 881
133 896
133 906
133 935
133 984
133 989
134 188
134 191
134 253
134 283
134 302
134 313
134 353
134 559
134 580
134 652
134 662
134 717
134 796
134 815
134 825
134 833
134 866
134 914
135 181
135 249
135 255
135 299
135 329
135 358
135 568
135 577
135 591
135 630
135 649
135 662
135 669
135 691
135 717
135 745
135 878
135 918
135 929
135 937
136 273
136 278
136 280
136 284
136 297
136 304
136 322
136 410
136 420
136 477
136 488
136 563
136 580
136 606
136 625
136 629
136 711
136 716
136 741
136 825
136 892
136 903
137 183
137 220
137 277
137 294
137 357
137 441
137 512
137 594
137 652
137 660
137 816
137 848
137 940
138 452
138 488
138 663
138 694
138 797
138 849
138 998
139 177
139 213
139 224
139 235
139 248
139 305
139 311
139 342
139 532
139 538
139 593
139 635
139 649
139 667
139 953
140 185
140 224
140 300
140 335
140 376
140 400
140 437
140 496
140 598
140 651
140 739
140 802
140 944
140 971
140 1021
141 273
141 283
141 462
141 585
141 612
141 653
141 791
141 799
141 859
141 872
141 950
141 959
141 981
142 246
142 285
142 367
142 434
142 451
142 517
142 572
142 599
142 724
142 731
142 840
142 869
142 899
142 990
142 1020
143 176
143 180
143 225
143 277
143 367
143 412
143 415
143 506
143 519
143 557
143 561
143 627
143 628
143 697
143 744
143 754
143 844
143 926
143 946
143 958
143 965
143 996
144 158
144 243
144 246
144 325
144 375
144 488
144 634
144 701
144 813
144 827
144 853
144 879
144 888
145 242
145 330
145 380
145 577
145 585
145 595
145 632
145 661
145 779
145 816
145 875
145 971
146 201
146 461
146 535
146 537
146 538
146 555
146 564
146 760
146 831
146 883
146 884
146 888
146 899
146 978
146 985
146 991
146 997
147 170
147 193
147 247
147 251
147 293
147 313
147 320
147 381
147 500
147 675
147 701
147 775
147 787
147 966
148 232
148 277
148 413
148 439
148 473
148 513
148 534
148 566
148 571
148 575
148 667
148 781
148 791
148 825
148 870
148 874
148 887
148 923
148 987
148 992
148 1016
149 229
149 292
149 379
149 397
149 594
149 611
149 618
149 816
149 826
149 900
149 932
149 992
149 1012
150 155
150 196
150 211
150 262
150 297
150 339
150 400
150 459
150 500
150 517
150 528
150 544
150 593
150 718
150 753
150 763
150 791
150 807
150 837
150 909
150 940
150 1020
151 232
151 267
151 330
151 334
151 394
151 467
151 674
151 704
151 833
151 866
151 917
152 206
152 213
152 249
152 290
152 325
152 335
152 419
152 635
152 649
152 709
152 712
152 742
152 769
152 773
152 779
152 810
152 883
152 889
152 920
152 969
153 193
153 196
153 323
153 575
153 586
153 620
153 691
153 724
153 833
153 836
153 854
153 882
153 913
153 972
154 160
154 339
154 379
154 449
154 531
154 686
154 688
154 693
154 817
154 842
154 849
154 900
154 952
154 955
155 169
155 182
155 208
155 223
155 271
155 315
155 345
155 614
155 664
155 667
155 671
155 737
155 765
155 782
155 895
155 935
155 975
155 978
155 980
155 1014
156 175
156 190
156 195
156 359
156 572
156 622
156 641
156 649
156 802
156 825
156 829
156 852
156 880
156 939
157 223
157 258
157 318
157 651
157 698
157 770
157 897
158 189
158 207
158 393
158 436
158 452
158 465
158 490
158 506
158 511
158 537
158 720
158 723
158 730
158 747
158 766
158 775
158 825
158 860
158 915
159 163
159 339
159 353
159 357
159 578
159 725
159 750
159 770
159 836
159 1012
160 175
160 464
160 569
160 595
160 611
160 665
160 679
160 715
160 751
160 757
160 787
160 883
160 1002
161 237
161 239
161 245
161 360
161 386
161 412
161 466
161 526
161 582
161 747
161 756
161 859
161 988
162 180
162 199
162 204
162 269
162 299
162 304
162 333
162 354
162 460
162 507
162 510
162 552
162 588
162 627
162 679
162 722
162 762
162 787
162 977
163 204
163 330
163 367
163 457
163 493
163 495
163 504
163 644
163 673
163 736
163 755
163 878
163 1022
164 195
164 243
164 340
164 376
164 451
164 475
164 486
164 532
164 550
164 832
164 967
165 206
165 309
165 321
165 328
165 365
165 368
165 392
165 456
165 573
165 583
165 638
165 651
165 665
165 681
165 684
165 726
165 735
165 821
165 881
165 929
165 931
165 965
165 971
165 1003
166 167
166 247
166 251
166 295
166 325
166 421
166 461
166 479
166 562
166 643
166 738
166 760
166 778
166 835
166 915
166 938
167 187
167 211
167 250
167 264
167 303
167 367
167 368
167 427
167 470
167 529
167 539
167 695
167 766
167 771
167 772
167 823
167 853
167 857
167 861
167 863
167 918
168 177
168 286
168 302
168 374
168 379
168 389
168 426
168 471
168 557
168 669
168 778
168 874
168 979
168 985
168 1012
168 1018
169 217
169 237
169 316
169 371
169 381
169 468
169 596
169 649
169 671
169 682
169 694
169 776
169 790
169 793
169 840
169 847
170 184
170 254
170 334
170 380
170 431
170 452
170 507
170 509
170 722
170 797
170 840
170 858
170 908
170 954
170 960
170 1002
171 243
171 292
171 294
171 295
171 372
171 448
171 450
171 459
171 516
171 568
171 654
171 733
171 748
172 305
172 336
172 421
172 506
172 542
172 756
172 799
172 849
172 984
173 247
173 306
173 331
173 360
173 368
173 408
173 424
173 440
173 573
173 663
173 684
173 739
173 839
173 869
173 897
173 974
173 994
173 996
174 202
174 297
174 332
174 444
174 462
174 465
174 525
174 578
174 683
174 783
174 913
174 933
174 958
174 974
174 1015
175 186
175 195
175 211
175 450
175 519
175 528
175 719
175 770
175 815
176 177
176 206
176 246
176 304
176 316
176 376
176 444
176 474
176 507
176 574
176 691
176 713
176 746
176 903
176 924
176 937
176 1007
177 192
177 285
177 301
177 324
177 412
177 416
177 471
177 539
177 660
177 675
177 708
177 713
177 775
177 785
177 861
177 865
177 941
178 274
178 287
178 318
178 456
178 520
178 535
178 548
178 599
178 679
178 753
178 865
178 969
179 303
179 348
179 360
179 443
179 483
179 661
179 762
179 810
179 874
179 924
180 186
180 233
180 300
180 334
180 464
180 469
180 564
180 568
180 576
180 592
180 672
180 673
180 687
180 731
180 748
180 848
180 867
180 876
180 951
180 976
181 198
181 256
181 369
181 417
181 534
181 660
181 665
181 686
181 750
181 751
181 763
181 764
181 770
181 903
182 213
182 225
182 449
182 552
182 562
182 568
182 609
182 657
182 700
182 857
182 897
182 958
183 184
183 195
183 236
183 243
183 247
183 277
183 385
183 392
183 526
183 551
183 731
183 743
183 861
183 1007
184 210
184 229
184 232
184 242
184 288
184 332
184 387
184 394
184 421
184 462
184 521
184 543
184 552
184 566
184 874
184 961
184 988
184 1013
185 296
185 330
185 374
185 376
185 435
185 486
185 517
185 572
185 577
185 616
185 654
185 666
185 696
185 732
185 736
185 786
185 795
185 875
185 879
185 882
185 905
185 919
185 921
185 984
185 1003
186 199
186 209
186 290
186 318
186 333
186 341
186 409
186 440
186 536
186 578
186 672
186 805
186 945
186 971
186 1017
187 257
187 401
187 452
187 455
187 552
187 555
187 640
187 720
187 735
187 803
188 219
188 225
188 246
188 273
188 375
188 379
188 397
188 409
188 433
188 447
188 772
188 798
188 890
188 900
188 946
188 982
188 1021
189 267
189 270
189 303
189 335
189 404
189 500
189 584
189 615
189 636
189 640
189 657
189 765
189 788
189 849
190 258
190 566
190 568
190 664
190 722
190 776
190 840
190 941
191 337
191 426
191 427
191 434
191 440
191 448
191 506
191 557
191 680
191 730
191 750
191 772
191 834
191 970
192 296
192 321
192 350
192 351
192 485
192 514
192 526
192 629
192 644
192 844
192 879
192 881
192 892
192 893
192 903
193 220
193 370
193 381
193 411
193 498
193 509
193 542
193 566
193 716
193 858
193 902
193 988
193 997
194 196
194 305
194 308
194 314
194 377
194 381
194 388
194 389
194 394
194 411
194 565
194 573
194 655
194 704
194 744
194 749
194 799
194 812
194 941
194 961
194 975
194 981
194 998
194 1023
195 201
195 242
195 448
195 551
195 675
195 755
195 870
195 874
195 890
195 976
196 239
196 282
196 398
196 455
196 543
196 564
196 710
196 735
196 753
196 819
196 831
196 846
196 880
196 898
197 245
197 289
197 345
197 360
197 464
197 707
197 710
197 754
197 784
197 786
198 216
198 260
198 265
198 291
198 296
198 308
198 433
198 531
198 609
198 698
198 712
198 748
198 816
198 852
198 1000
199 240
199 254
199 275
199 291
199 362
199 371
199 387
199 402
199 507
199 537
199 568
199 701
199 789
199 819
199 1021
200 228
200 254
200 315
200 407
200 501
200 542
200 566
200 573
200 614
200 738
200 860
200 898
201 238
201 252
201 281
201 316
201 328
201 340
201 390
201 490
201 506
201 646
201 709
201 723
201 740
201 859
201 936
201 962
201 985
202 314
202 356
202 436
202 527
202 539
202 603
202 611
202 707
202 710
202 890
202 1017
203 235
203 305
203 324
203 401
203 451
203 545
203 665
203 695
203 734
203 780
203 826
203 848
203 854
203 882
203 953
203 989
204 229
204 436
204 477
204 505
204 510
204 598
204 669
204 674
204 951
204 1014
204 1019
205 281
205 337
205 430
205 445
205 483
205 566
205 644
205 646
205 653
205 679
205 704
205 749
205 857
205 938
205 995
206 283
206 296
206 536
206 577
206 645
206 729
206 736
206 837
206 912
206 917
206 927
207 218
207 225
207 255
207 279
207 302
207 321
207 407
207 441
207 524
207 576
207 623
207 721
207 757
207 760
207 770
207 952
207 968
208 220
208 235
208 380
208 404
208 472
208 480
208 504
208 506
208 536
208 680
208 774
208 803
208 825
209 263
209 319
209 422
209 426
209 432
209 447
209 465
209 466
209 482
209 538
209 621
209 648
209 662
209 674
209 717
209 744
209 810
209 858
209 885
209 977
209 991
210 367
210 379
210 383
210 414
210 520
210 571
210 826
210 968
211 261
211 316
211 371
211 378
211 406
211 418
211 435
211 458
211 471
211 518
211 594
211 650
211 682
211 696
211 728
211 783
211 805
211 944
211 961
211 967
212 219
212 290
212 399
212 429
212 464
212 478
212 578
212 587
212 590
212 703
212 752
212 835
212 848
212 874
212 900
212 933
212 956
212 990
212 1011
213 292
213 311
213 358
213 370
213 437
213 525
213 579
213 581
213 631
213 660
213 751
213 786
213 833
213 917
213 1023
214 285
214 341
214 382
214 425
214 442
214 458
214 489
214 512
214 612
214 698
214 717
214 788
214 847
214 852
214 909
214 927
215 259
215 331
215 335
215 448
215 461
215 470
215 486
215 548
215 569
215 642
215 657
215 691
215 710
215 779
215 803
215 914
215 1006
215 1007
216 360
216 371
216 415
216 504
216 533
216 535
216 596
216 598
216 607
216 612
216 623
216 638
216 665
216 742
216 743
216 869
217 272
217 285
217 359
217 385
217 479
217 522
217 540
217 552
217 654
217 789
217 841
217 867
217 876
217 923
217 965
217 1018
218 241
218 270
218 301
218 332
218 440
218 460
218 536
218 689
218 709
218 716
218 875
218 881
218 924
218 927
218 1003
219 367
219 432
219 458
219 471
219 526
219 527
219 581
219 599
219 643
219 693
219 723
219 744
219 824
219 894
219 963
219 1002
219 1015
220 288
220 302
220 309
220 311
220 386
220 411
220 496
220 656
220 908
220 916
220 975
221 305
221 329
221 545
221 749
221 818
221 827
221 967
221 977
222 251
222 273
222 289
222 326
222 369
222 414
222 495
222 499
222 502
222 521
222 543
222 571
222 626
222 750
222 830
222 862
222 873
222 901
222 979
222 985
222 999
222 1011
223 317
223 344
223 384
223 536
223 538
223 547
223 555
223 620
223 860
223 897
223 911
223 962
223 978
224 322
224 329
224 348
224 403
224 460
224 482
224 488
224 493
224 576
224 685
224 746
224 768
224 792
224 872
224 886
224 890
224 942
225 267
225 279
225 303
225 350
225 365
225 375
225 416
225 529
225 534
225 663
225 664
225 696
225 722
225 740
225 746
225 753
225 756
225 852
225 881
226 255
226 257
226 305
226 382
226 403
226 420
226 509
226 523
226 570
226 758
226 800
226 881
226 983
227 321
227 340
227 352
227 368
227 461
227 462
227 485
227 593
227 766
227 837
227 888
227 909
227 946
227 983
227 985
228 258
228 262
228 323
228 392
228 437
228 871
228 900
228 964
228 967
228 994
229 238
229 590
229 646
229 670
229 675
229 790
229 873
230 248
230 377
230 409
230 454
230 516
230 562
230 606
230 628
230 644
230 669
230 697
230 795
230 875
230 889
230 890
230 1019
231 404
231 423
231 479
231 562
231 639
231 722
231 757
231 825
231 989
231 991
232 327
232 337
232 365
232 405
232 492
232 495
232 627
232 673
232 688
232 713
232 762
232 772
232 792
232 829
232 845
232 856
232 859
232 904
232 914
233 275
233 300
233 312
233 358
233 362
233 437
233 443
233 485
233 498
233 509
233 522
233 664
233 759
233 762
233 845
233 887
233 1019
234 357
234 378
234 414
234 481
234 487
234 501
234 524
234 694
234 975
235 274
235 320
235 348
235 364
235 371
235 494
235 560
235 574
235 604
235 623
235 651
235 660
235 705
235 706
235 731
235 769
236 245
236 257
236 324
236 340
236 360
236 663
236 677
236 679
236 684
236 695
236 755
236 768
236 866
236 887
236 923
237 335
237 337
237 527
237 535
237 570
237 686
237 773
237 838
237 873
237 887
237 904
237 930
238 516
238 525
238 530
238 583
238 600
238 719
238 854
238 914
238 925
238 934
238 937
238 962
238 989
238 1004
239 265
239 323
239 338
239 385
239 386
239 437
239 490
239 548
239 550
239 694
239 779
239 783
239 816
239 917
239 943
239 989
239 1018
240 270
240 289
240 324
240 537
240 648
240 709
240 717
240 723
240 791
240 808
240 890
240 891
240 959
240 1013
241 242
241 281
241 327
241 465
241 523
241 570
241 586
241 748
241 756
241 764
241 787
241 810
241 840
241 930
241 933
241 1003
242 351
242 376
242 383
242 433
242 440
242 459
242 505
242 526
242 544
242 593
242 622
242 628
242 653
242 697
242 707
242 771
242 956
242 967
242 1001
243 346
243 367
243 370
243 371
243 392
243 418
243 433
243 583
243 682
243 860
243 982
244 272
244 336
244 356
244 387
244 401
244 417
244 533
244 693
244 720
244 749
244 759
244 925
244 936
244 956
245 286
245 330
245 333
245 516
245 614
245 630
245 752
245 772
245 806
245 875
245 963
245 991
245 1021
246 259
246 267
246 306
246 353
246 393
246 454
246 473
246 722
246 775
246 815
246 890
247 372
247 385
247 389
247 396
247 534
247 576
247 609
247 669
247 673
247 804
247 844
247 848
247 905
247 1003
247 1021
248 299
248 311
248 316
248 346
248 371
248 372
248 402
248 403
248 418
248 448
248 470
248 474
248 556
248 596
248 656
248 660
248 782
248 950
248 959
248 961
248 963
248 1003
249 274
249 404
249 424
249 497
249 529
249 550
249 584
249 610
249 636
249 722
249 724
249 898
249 923
249 934
249 1017
250 274
250 301
250 317
250 390
250 428
250 503
250 515
250 598
250 613
250 615
250 669
250 670
250 724
250 753
250 881
250 892
250 899
250 905
251 292
251 435
251 590
251 595
251 604
251 632
251 688
251 846
251 881
251 1021
252 287
252 356
252 558
252 649
252 661
252 728
252 738
252 804
252 817
252 825
252 892
252 911
252 960
252 963
253 268
253 335
253 451
253 502
253 593
253 627
253 686
253 687
253 833
253 836
253 1002
254 327
254 427
254 455
254 476
254 479
254 521
254 637
254 659
254 669
254 711
254 818
254 873
254 881
255 273
255 375
255 505
255 589
255 629
255 702
255 704
255 859
255 895
255 924
255 941
255 1005
256 400
256 490
256 505
256 687
256 690
256 696
256 746
256 762
256 783
256 921
256 936
257 268
257 328
257 355
257 382
257 417
257 509
257 535
257 543
257 604
257 662
257 668
257 691
257 734
257 747
257 787
257 790
257 800
257 847
257 963
257 983
257 997
258 267
258 322
258 384
258 456
258 463
258 560
258 616
258 650
258 819
258 823
258 958
258 1012
259 331
259 359
259 471
259 510
259 515
259 535
259 548
259 571
259 572
259 705
259 726
259 744
259 780
259 783
259 816
259 820
259 821
259 832
259 846
259 894
259 947
259 969
260 280
260 390
260 403
260 462
260 482
260 533
260 573
260 585
260 660
260 815
260 851
260 926
260 996
261 283
261 534
261 538
261 545
261 596
261 623
261 747
261 823
261 840
261 863
261 906
261 1001
262 279
262 281
262 314
262 467
262 559
262 606
262 691
262 722
262 764
262 809
263 294
263 378
263 397
263 452
263 496
263 508
263 551
263 581
263 586
263 594
263 618
263 651
263 702
263 705
263 743
263 815
263 818
263 826
263 984
263 1019
264 308
264 311
264 335
264 482
264 505
264 515
264 772
264 781
264 1020
265 276
265 362
265 483
265 551
265 617
265 638
265 715
265 759
265 958
265 983
265 1003
266 338
266 362
266 389
266 401
266 507
266 515
266 603
266 630
266 743
266 789
266 888
266 959
266 964
267 288
267 371
267 411
267 546
267 658
267 667
267 724
267 737
267 741
267 759
267 808
267 840
267 875
267 917
267 921
267 932
267 986
268 305
268 319
268 370
268 402
268 414
268 416
268 451
268 653
268 681
268 722
268 924
268 957
268 959
268 964
268 967
268 982
268 1005
269 302
269 309
269 362
269 499
269 523
269 605
269 624
269 631
269 635
269 647
269 709
269 763
269 778
269 866
269 877
269 940
270 271
270 300
270 382
270 440
270 518
270 557
270 563
270 588
270 596
270 725
270 755
270 867
270 1005
271 354
271 377
271 487
271 512
271 530
271 543
271 569
271 616
271 618
271 642
271 715
271 737
271 741
271 796
272 292
272 419
272 433
272 492
272 611
272 613
272 616
272 812
272 819
272 881
272 897
272 899
272 932
272 964
272 980
273 274
273 295
273 340
273 509
273 532
273 623
273 708
273 761
273 768
273 938
273 947
274 283
274 292
274 323
274 344
274 353
274 370
274 420
274 427
274 432
274 486
274 694
274 871
274 934
275 335
275 357
275 371
275 373
275 390
275 466
275 483
275 635
275 671
275 692
275 759
275 789
275 814
275 880
275 893
275 898
275 952
276 295
276 374
276 480
276 512
276 521
276 558
276 587
276 623
276 671
276 701
276 707
276 769
276 846
276 962
276 967
276 982
276 984
277 387
277 488
277 552
277 582
277 593
277 636
277 637
277 685
277 762
277 863
277 868
277 944
277 957
277 963
277 964
277 1014
278 283
278 364
278 568
278 625
278 708
278 714
278 733
278 929
278 968
279 471
279 557
279 559
279 562
279 583
279 720
279 757
279 759
279 785
279 946
279 980
280 282
280 345
280 362
280 434
280 584
280 603
280 633
280 689
280 694
280 728
280 752
280 933
280 989
281 298
281 430
281 445
281 571
281 596
281 597
281 674
281 682
281 840
281 862
281 866
282 291
282 307
282 325
282 565
282 582
282 670
282 716
282 732
282 782
283 525
283 555
283 584
283 589
283 603
283 699
283 720
283 751
283 857
283 872
283 882
283 916
283 923
283 927
283 984
283 997
283 1015
284 322
284 335
284 418
284 542
284 558
284 635
284 667
284 702
284 734
284 838
284 862
284 980
284 994
285 294
285 483
285 554
285 567
285 571
285 623
285 641
285 654
285 845
285 882
285 929
285 970
285 974
285 976
285 980
286 391
286 427
286 428
286 462
286 479
286 515
286 530
286 532
286 595
286 626
286 754
286 764
286 860
286 880
286 919
286 965
287 319
287 345
287 538
287 556
287 598
287 653
287 667
287 779
287 780
287 786
287 856
287 871
287 944
287 979
288 373
288 390
288 447
288 474
288 562
288 686
288 725
288 777
288 804
288 842
288 873
288 944
289 345
289 441
289 442
289 454
289 455
289 481
289 641
289 851
289 872
289 972
289 987
290 324
290 381
290 499
290 643
290 648
290 673
290 714
290 830
290 845
290 875
290 953
290 965
290 1018
291 360
291 366
291 472
291 560
291 650
291 777
291 791
291 822
291 824
292 407
292 629
292 646
292 691
292 786
292 909
292 914
292 965
292 1003
293 320
293 386
293 400
293 414
293 455
293 557
293 614
293 631
293 656
293 665
293 691
293 829
293 849
293 860
293 863
293 925
293 961
293 976
294 384
294 480
294 532
294 536
294 675
294 699
294 706
294 732
294 808
294 866
294 867
294 1003
295 313
295 316
295 332
295 456
295 489
295 538
295 544
295 615
295 618
295 820
295 828
295 905
295 939
295 985
295 991
295 992
295 1000
296 304
296 331
296 424
296 465
296 495
296 638
296 715
296 733
296 816
296 921
296 1019
297 433
297 435
297 477
297 588
297 618
297 655
297 656
297 704
297 733
297 765
297 818
297 882
297 960
297 973
298 355
298 479
298 627
298 658
298 802
298 978
298 1002
298 1009
299 336
299 555
299 566
299 625
299 643
299 838
299 888
299 894
299 1015
300 335
300 397
300 419
300 427
300 445
300 705
300 720
300 851
301 344
301 401
301 480
301 483
301 630
301 685
301 769
301 925
302 424
302 485
302 525
302 546
302 922
303 408
303 419
303 559
303 573
303 743
303 797
303 801
303 1019
304 306
304 359
304 454
304 562
304 666
304 743
304 781
304 792
304 843
304 867
304 895
305 314
305 617
305 635
305 637
305 764
305 795
305 1014
305 1016
306 339
306 403
306 408
306 427
306 580
306 666
306 672
306 690
306 697
306 781
306 811
306 863
306 945
306 949
307 359
307 437
307 641
307 760
307 807
307 831
307 850
307 908
307 941
307 1000
308 378
308 599
308 699
308 765
308 766
308 889
308 908
309 362
309 541
309 581
309 654
309 800
309 820
309 860
309 906
310 311
310 316
310 381
310 474
310 621
310 643
310 860
310 941
310 944
311 437
311 541
311 598
311 787
311 831
311 1013
312 360
312 423
312 457
312 593
312 630
312 641
312 658
312 841
312 845
312 848
312 919
312 932
312 954
312 997
313 353
313 391
313 412
313 440
313 470
313 476
313 507
313 602
313 763
313 778
313 780
313 785
313 873
313 927
313 976
313 980
314 320
314 334
314 356
314 383
314 473
314 484
314 596
314 603
314 780
314 830
314 896
314 959
315 367
315 374
315 394
315 673
315 690
315 704
315 807
315 850
315 920
316 317
316 320
316 475
316 480
316 514
316 535
316 563
316 572
316 605
316 635
316 687
316 722
316 885
316 905
316 953
317 350
317 428
317 475
317 520
317 786
317 801
317 882
318 426
318 538
318 555
318 787
318 790
318 794
318 827
318 844
318 860
318 897
318 994
319 320
319 375
319 556
319 581
319 793
319 799
319 832
319 859
319 869
319 873
319 974
319 1007
320 327
320 344
320 356
320 364
320 399
320 419
320 530
320 668
320 670
320 689
320 753
320 796
321 389
321 403
321 409
321 487
321 501
321 585
321 612
321 641
321 663
321 708
321 766
321 865
321 875
321 936
321 949
322 379
322 411
322 450
322 483
322 489
322 493
322 512
322 531
322 775
322 861
322 994
323 367
323 392
323 393
323 441
323 468
323 507
323 615
323 670
323 688
323 736
323 742
323 784
323 804
323 830
323 938
324 369
324 380
324 415
324 629
324 664
324 713
324 845
325 367
325 582
325 587
325 613
325 681
325 689
325 770
325 924
325 948
325 964
325 977
325 985
325 1012
326 354
326 396
326 414
326 425
326 434
326 439
326 447
326 479
326 485
326 489
326 561
326 564
326 629
326 635
326 765
326 766
326 791
326 977
326 986
327 355
327 439
327 529
327 815
327 830
327 858
327 978
328 387
328 486
328 502
328 579
328 633
328 663
328 666
328 677
328 682
328 700
328 714
328 947
329 334
329 343
329 414
329 572
329 725
329 753
329 794
329 795
329 799
329 884
329 906
330 404
330 552
330 604
330 632
330 699
330 767
330 948
330 970
330 992
330 994
331 348
331 438
331 459
331 640
331 677
331 740
331 823
331 838
331 869
331 889
331 1020
332 445
332 488
332 495
332 544
332 620
332 624
332 640
332 678
332 715
332 717
332 803
332 806
332 860
332 914
332 935
332 952
333 338
333 384
333 431
333 490
333 496
333 546
333 560
333 569
333 577
333 585
333 735
333 766
333 809
333 819
333 845
333 862
333 968
334 370
334 458
334 514
334 528
334 873
334 910
334 919
334 997
335 355
335 443
335 460
335 488
335 512
335 519
335 610
335 658
335 661
335 669
335 701
335 806
335 904
335 928
335 950
335 954
335 1008
336 394
336 415
336 482
336 606
336 625
336 674
336 762
336 763
336 803
336 907
336 927
336 979
337 344
337 463
337 482
337 548
337 560
337 624
337 694
337 733
337 747
337 757
337 850
337 867
337 934
337 1010
338 423
338 440
338 548
338 616
338 630
338 648
338 687
338 715
338 722
338 817
338 905
338 963
338 984
338 1020
339 462
339 493
339 536
339 584
339 656
339 732
339 808
339 836
339 917
339 937
340 480
340 498
340 500
340 515
340 542
340 631
340 659
340 665
340 715
340 841
340 919
340 940
340 942
341 344
341 383
341 385
341 411
341 583
341 615
341 673
341 683
341 759
341 810
341 907
341 971
342 363
342 530
342 654
342 717
342 761
342 788
342 817
342 844
342 941
342 971
343 347
343 374
343 454
343 490
343 515
343 536
343 619
343 625
343 639
343 657
343 711
343 778
343 855
343 920
343 964
344 456
344 560
344 566
344 594
344 674
344 689
344 770
344 782
344 870
344 932
344 981
344 1005
344 1011
344 1014
345 370
345 501
345 517
345 578
345 602
345 650
345 657
345 738
345 741
345 770
345 775
345 936
345 960
346 349
346 361
346 406
346 409
346 635
346 661
346 777
346 779
346 800
346 887
346 966
346 974
346 1013
346 1022
347 358
347 443
347 506
347 529
347 559
347 610
347 627
347 643
347 661
347 669
347 736
347 762
347 994
348 459
348 461
348 544
348 579
348 600
348 606
348 643
348 666
348 699
348 739
348 847
348 868
348 900
348 916
348 971
348 1007
349 407
349 448
349 465
349 569
349 710
349 718
349 730
349 747
349 866
349 876
349 890
350 410
350 424
350 493
350 495
350 520
350 528
350 561
350 634
350 703
350 724
350 742
350 908
351 365
351 413
351 435
351 444
351 448
351 529
351 542
351 632
351 694
351 723
351 757
351 793
351 877
351 958
351 960
352 366
352 368
352 419
352 497
352 706
352 711
352 828
352 885
353 369
353 427
353 478
353 598
353 642
353 645
353 656
353 775
353 944
353 960
353 962
354 496
354 505
354 629
354 652
354 703
354 845
355 382
355 383
355 455
355 544
355 556
355 594
355 621
355 633
355 817
355 819
355 834
355 840
355 934
356 378
356 422
356 505
356 555
356 648
356 712
356 782
357 363
357 433
357 454
357 762
357 806
357 812
357 825
358 449
358 517
358 530
358 645
358 881
358 894
358 898
358 934
358 969
358 978
359 455
359 491
359 501
359 553
359 579
359 580
359 697
359 702
359 749
359 950
359 965
359 976
360 480
360 523
360 556
360 605
360 646
360 747
360 764
360 852
360 868
360 879
360 951
360 960
360 961
360 979
361 401
361 404
361 595
361 679
361 821
362 371
362 408
362 454
362 471
362 540
362 583
362 584
362 629
362 679
362 870
362 875
362 896
362 983
362 990
363 380
363 432
363 457
363 508
363 535
363 560
363 562
363 576
363 651
363 726
363 747
363 752
363 819
363 859
363 898
363 914
363 922
363 929
363 943
363 991
363 994
364 395
364 412
364 480
364 666
364 670
364 676
364 683
364 686
364 718
364 733
364 751
364 777
364 803
364 890
364 961
364 1023
365 379
365 396
365 429
365 442
365 518
365 535
365 562
365 638
365 642
365 669
365 704
365 812
365 862
365 885
365 945
365 984
365 1006
365 1015
366 389
366 534
366 622
366 903
366 928
366 950
366 988
367 419
367 460
367 540
367 607
367 671
367 856
367 910
367 977
368 373
368 531
368 550
368 553
368 697
368 907
368 918
368 952
368 953
368 990
369 391
369 440
369 447
369 513
369 527
369 618
369 735
369 801
369 830
369 831
369 980
369 1020
370 402
370 410
370 457
370 518
370 557
370 619
370 667
370 704
370 842
370 885
370 1001
370 1007
371 372
371 407
371 433
371 447
371 559
371 601
371 683
371 723
371 811
371 828
371 986
371 990
371 992
371 1017
372 385
372 404
372 495
372 517
372 544
372 612
372 654
372 723
372 744
372 764
372 893
372 939
372 980
373 378
373 467
373 584
373 586
373 641
373 688
373 832
373 863
373 884
373 938
373 944
373 952
373 958
373 992
373 1000
374 379
374 387
374 411
374 444
374 468
374 497
374 513
374 553
374 731
374 845
374 896
374 928
374 948
374 968
375 424
375 482
375 490
375 530
375 624
375 699
375 721
375 727
375 729
375 732
375 753
375 766
376 484
376 559
376 599
376 694
376 697
376 732
376 789
376 907
376 937
377 392
377 455
377 518
377 538
377 697
377 763
377 767
377 792
377 845
377 904
377 931
378 398
378 553
378 662
378 809
378 813
378 821
378 825
378 848
378 914
378 955
378 1021
379 638
379 668
379 713
379 1009
380 385
380 489
380 492
380 513
380 524
380 570
380 602
380 616
380 665
380 667
380 668
380 669
380 705
380 735
380 821
380 876
380 884
380 906
380 987
381 387
381 388
381 529
381 692
381 715
381 716
381 759
381 783
381 787
381 815
381 847
381 942
381 962
381 976
382 386
382 471
382 553
382 645
382 676
382 826
382 890
382 906
382 954
382 1008
383 402
383 542
383 622
383 799
383 921
383 957
384 407
384 442
384 588
384 749
384 752
384 759
384 837
384 1002
385 406
385 527
385 529
385 541
385 560
385 572
385 584
385 811
385 850
385 865
385 942
385 1007
386 400
386 445
386 472
386 577
386 594
386 608
386 740
386 798
386 808
386 897
386 964
386 970
386 1008
387 482
387 683
387 767
387 782
387 792
387 798
387 890
388 408
388 452
388 454
388 565
388 584
388 595
388 645
388 676
388 705
388 755
388 842
388 865
388 871
388 1021
389 491
389 519
389 539
389 564
389 609
389 649
389 723
389 726
389 735
389 755
389 884
389 913
390 427
390 471
390 480
390 567
390 610
390 617
390 639
390 705
390 714
390 719
390 774
390 808
391 422
391 494
391 524
391 687
391 692
391 746
391 776
391 858
391 859
391 865
391 872
391 934
391 989
392 441
392 507
392 566
392 691
392 907
393 410
393 433
393 487
393 572
393 610
393 760
393 883
393 996
394 421
394 441
394 463
394 501
394 550
394 575
394 589
394 616
394 754
394 886
395 496
395 572
395 674
395 688
395 708
395 801
396 468
396 527
396 572
396 668
396 712
396 756
396 787
396 851
396 892
397 415
397 465
397 479
397 672
397 728
397 766
397 784
397 896
397 966
398 405
398 442
398 468
398 522
398 536
398 564
398 603
398 627
398 717
398 818
399 465
399 520
399 751
399 793
399 858
399 882
399 899
399 963
399 1018
400 475
400 599
400 612
400 679
400 746
400 830
400 975
400 1017
401 551
401 608
401 623
401 666
401 685
401 735
401 759
401 772
401 857
401 885
401 1003
402 477
402 491
402 519
402 711
402 719
402 730
402 804
402 968
402 1001
403 456
403 554
403 622
403 630
403 880
403 929
403 943
404 416
404 492
404 545
404 695
404 786
404 800
404 813
404 855
404 909
404 920
404 962
405 515
405 586
405 639
405 680
405 728
405 861
405 969
405 1018
406 457
406 465
406 478
406 583
406 647
406 680
406 836
406 852
406 928
406 954
406 1003
407 446
407 493
407 606
407 641
407 697
407 748
407 822
407 833
407 855
407 878
407 893
407 966
407 1001
408 436
408 594
408 685
408 711
408 757
408 830
408 849
408 901
408 921
408 985
409 414
409 420
409 443
409 497
409 551
409 567
409 646
409 689
409 781
409 841
409 845
409 930
409 1014
410 436
410 456
410 483
410 510
410 546
410 631
410 720
410 726
410 769
410 815
410 941
410 969
410 989
411 453
411 486
411 513
411 595
411 607
411 611
411 646
411 675
411 764
411 871
411 1005
411 1007
411 1012
412 471
412 504
412 535
412 710
412 715
412 722
412 771
412 803
412 933
412 962
412 964
412 993
412 995
413 593
413 640
413 655
413 669
413 735
413 746
413 785
413 862
413 914
413 965
414 418
414 419
414 514
414 557
414 566
414 609
414 632
414 711
414 723
414 735
414 816
414 902
414 927
414 939
415 434
415 493
415 498
415 614
415 629
415 756
415 807
415 863
415 876
415 934
416 532
416 539
416 550
416 642
416 649
416 679
416 711
416 721
416 722
416 819
416 832
416 882
416 927
417 585
417 605
417 758
417 764
417 769
417 864
417 870
418 429
418 502
418 528
418 548
418 550
418 582
418 636
418 709
418 737
418 766
418 776
418 819
418 860
419 499
419 512
419 766
419 840
419 923
419 927
419 998
420 431
420 435
420 551
420 790
420 828
420 863
420 906
420 958
421 500
421 563
421 590
421 747
422 518
422 649
422 741
422 793
422 820
422 892
422 945
422 993
422 1021
423 498
423 692
423 728
423 757
423 761
423 819
423 845
423 885
423 965
424 438
424 450
424 508
424 538
424 574
424 617
424 655
424 666
424 673
424 696
424 740
424 965
425 551
425 596
425 639
425 654
425 686
425 758
425 789
425 850
425 861
425 871
425 930
426 439
426 476
426 487
426 517
426 725
426 792
426 806
426 826
426 840
426 841
426 948
426 970
427 439
427 476
427 496
427 578
427 588
427 699
427 717
427 789
427 826
427 835
427 909
427 960
427 1000
428 454
428 461
428 492
428 574
428 629
428 642
428 654
428 685
428 787
428 823
428 866
428 929
428 973
429 473
429 552
429 564
429 567
429 583
429 606
429 717
429 838
429 910
429 911
429 913
429 914
429 930
429 960
429 985
429 996
429 1001
429 1021
429 1023
430 446
430 475
430 577
430 610
430 624
430 825
430 894
430 901
431 566
431 590
431 614
431 661
431 715
431 730
431 737
431 787
431 809
431 848
431 854
431 1006
432 452
432 567
432 603
432 613
432 770
432 821
432 825
432 830
432 892
432 894
432 963
433 505
433 515
433 542
433 571
433 597
433 735
433 745
433 801
433 839
433 875
433 888
433 902
433 913
433 984
433 1006
434 607
434 743
434 747
434 756
434 835
434 869
434 992
434 1009
435 573
435 580
435 591
435 712
435 770
435 883
435 986
436 458
436 489
436 592
436 634
436 636
436 671
436 701
436 767
436 905
436 965
437 478
437 575
437 580
437 656
437 828
437 908
437 928
437 929
437 937
437 945
437 1000
437 1011
438 488
438 495
438 633
438 662
438 734
438 786
438 808
438 819
438 855
438 863
438 869
438 879
438 890
438 904
438 971
439 600
439 660
439 693
439 735
439 756
439 854
439 882
439 949
439 1003
440 444
440 496
440 500
440 534
440 617
440 618
440 691
440 756
440 757
440 984
441 481
441 579
441 582
441 659
441 901
442 594
442 615
442 666
442 713
442 747
442 836
442 874
442 891
442 935
442 989
442 991
443 467
443 474
443 519
443 716
443 885
443 924
444 625
444 790
444 927
444 977
444 1015
445 484
445 571
445 607
445 636
445 656
445 739
445 744
445 752
445 761
445 821
445 980
446 526
446 546
446 641
446 774
446 869
446 883
446 982
446 1017
447 523
447 564
447 849
447 924
447 1022
448 468
448 513
448 734
448 885
449 451
449 459
449 539
449 558
449 628
449 652
449 733
449 833
449 927
449 942
449 992
450 459
450 484
450 528
450 669
450 918
450 949
450 1013
451 515
451 616
451 630
451 683
451 709
451 715
451 717
451 749
451 804
451 823
451 942
451 990
452 467
452 511
452 550
452 665
452 706
452 715
452 749
452 758
452 774
452 789
452 831
452 866
452 937
452 1021
453 460
453 483
453 593
453 597
453 764
453 777
453 846
453 855
453 891
453 921
453 935
453 965
453 985
453 1013
454 527
454 541
454 545
454 609
454 795
454 801
454 824
454 927
454 945
455 492
455 507
455 723
455 748
455 761
455 861
455 922
455 927
456 631
456 638
456 755
456 911
456 941
457 486
457 599
457 631
457 778
457 795
457 906
457 1003
457 1004
457 1011
458 497
458 523
458 529
458 571
458 607
458 655
458 677
458 723
458 765
458 798
458 824
458 835
458 888
458 890
458 907
458 998
459 482
459 542
459 598
459 630
459 871
459 884
459 900
459 901
459 935
459 948
459 983
460 592
460 674
460 693
460 704
460 734
460 756
460 854
460 869
460 1023
461 490
461 563
461 574
461 586
461 588
461 592
461 621
461 632
461 736
461 757
461 836
461 881
461 924
461 944
461 960
462 501
462 607
462 664
462 715
462 825
462 870
462 912
462 972
462 1014
463 508
463 556
463 571
463 578
463 593
463 731
463 753
463 866
463 1012
464 504
464 532
464 616
464 661
464 696
464 713
464 790
464 871
464 928
465 503
465 514
465 644
465 692
465 729
465 798
465 860
466 508
466 651
466 711
466 761
466 802
466 975
466 981
466 1004
467 527
467 528
467 536
467 679
467 765
467 862
467 871
467 886
467 892
467 994
468 475
468 667
468 692
468 815
468 830
468 871
469 499
469 511
469 778
469 783
469 828
469 889
469 916
469 928
469 993
469 995
470 517
470 533
470 534
470 543
470 604
470 610
470 619
470 625
470 668
470 673
470 813
470 894
470 969
471 619
471 722
471 823
471 911
471 941
471 988
471 993
471 1018
472 524
472 574
472 626
472 636
472 801
472 924
473 487
473 515
473 593
473 608
473 622
473 881
473 926
473 952
473 1020
474 483
474 499
474 505
474 526
474 537
474 581
474 767
474 785
474 1001
474 1002
475 538
475 564
475 565
475 674
475 717
475 750
475 812
475 859
475 902
475 990
475 1012
476 484
476 538
476 570
476 682
476 722
476 802
476 815
476 921
476 939
476 972
477 497
477 579
477 768
477 802
477 979
477 993
478 512
478 520
478 558
478 578
478 580
478 594
478 602
478 623
478 710
478 735
478 767
478 771
478 779
478 796
478 813
478 837
478 852
478 949
478 951
478 979
479 617
479 712
479 777
479 789
479 826
479 905
479 997
479 1010
480 509
480 585
480 613
480 717
480 747
480 791
480 804
480 844
480 846
480 904
480 1019
481 609
481 623
481 790
481 823
481 949
481 1015
482 491
482 498
482 554
482 579
482 650
482 753
482 765
482 849
482 930
482 966
483 612
483 666
483 683
483 720
483 762
483 841
483 922
483 955
483 975
484 513
484 554
484 602
484 742
484 795
484 817
484 858
484 872
484 929
484 959
484 976
484 982
485 561
485 563
485 608
485 639
485 670
485 685
485 690
485 757
485 766
485 780
485 791
485 800
485 887
485 898
485 914
485 925
486 537
486 685
486 850
486 853
486 961
486 1009
486 1019
487 548
487 558
487 559
487 615
487 750
487 757
487 801
487 934
487 935
487 958
487 1017
488 502
488 516
488 530
488 689
488 690
488 786
488 824
488 828
488 877
488 922
489 522
489 539
489 540
489 559
489 570
489 579
489 743
489 745
489 746
489 816
489 862
489 868
489 933
489 951
489 957
490 531
490 538
490 554
490 580
490 589
490 712
490 834
490 932
490 990
491 537
491 637
491 638
491 666
491 669
491 679
491 707
491 720
491 770
491 773
491 792
491 841
491 883
491 915
492 578
492 661
492 667
492 674
492 754
492 812
492 932
492 941
492 1019
493 507
493 532
493 551
493 573
493 718
493 775
493 913
493 926
493 966
493 999
493 1021
494 560
494 618
494 619
494 770
494 830
494 835
494 920
495 499
495 506
495 574
495 648
495 652
495 702
495 717
495 879
495 894
495 940
496 547
496 602
496 613
496 750
496 806
496 870
496 1001
497 615
497 655
497 694
497 790
497 816
497 818
497 869
497 895
497 898
497 926
497 1004
498 565
498 593
498 636
498 655
498 758
498 764
498 824
498 874
498 912
498 949
498 978
499 581
499 695
499 701
499 711
499 717
499 844
499 942
499 972
499 995
500 516
500 559
500 855
500 870
500 922
500 965
501 522
501 564
501 583
501 633
501 749
501 812
501 865
501 907
501 913
501 926
502 572
502 574
502 623
502 671
502 805
502 899
502 906
503 535
503 689
503 730
503 740
503 830
503 931
503 947
504 530
504 562
504 629
504 676
504 765
504 777
504 901
504 939
504 996
505 562
505 726
505 755
505 758
505 764
505 949
505 1013
505 1017
506 590
506 593
506 778
506 870
506 906
506 916
506 927
506 996
506 999
507 578
507 665
507 717
507 762
507 798
507 938
507 989
507 1001
508 686
508 753
508 774
508 799
508 871
508 1008
509 586
509 614
509 669
509 679
509 840
510 542
510 549
510 558
510 595
510 613
510 808
510 857
510 878
510 890
510 941
510 955
510 966
511 571
511 621
511 737
511 751
511 840
511 870
511 903
511 920
511 934
511 972
511 992
512 529
512 589
512 611
512 672
512 867
512 902
512 912
512 918
512 962
512 999
513 523
513 639
513 652
513 665
513 824
513 1004
514 554
514 672
514 679
514 697
514 716
514 749
514 770
514 778
514 819
514 894
514 993
514 1015
515 520
515 580
515 602
515 668
515 689
515 708
515 744
515 797
515 801
515 820
515 931
516 604
516 615
516 617
516 667
516 679
516 829
516 869
516 925
516 934
516 968
516 1010
517 572
517 612
517 740
517 765
517 882
517 963
518 559
518 572
518 621
518 622
518 626
518 629
518 668
518 767
518 819
518 844
519 557
519 630
519 688
519 707
519 791
519 855
519 864
519 943
519 967
519 977
520 595
520 642
520 759
520 774
520 858
521 603
521 612
521 623
521 673
521 720
521 730
521 753
521 871
521 988
522 607
522 694
522 757
522 853
522 870
522 985
523 545
523 649
523 650
523 723
523 746
523 765
523 852
523 873
523 878
523 905
523 911
523 988
523 1021
524 565
524 613
524 617
524 665
524 707
524 827
524 832
524 873
524 921
524 929
525 627
525 748
525 787
525 788
525 808
525 891
525 896
525 995
525 1005
526 586
526 618
526 676
526 684
526 793
526 808
526 841
526 852
526 867
526 901
526 940
526 948
527 607
527 617
527 625
527 639
527 645
527 794
527 841
527 921
527 931
527 944
527 974
528 543
528 558
528 637
528 672
528 701
528 705
528 734
528 737
528 906
528 914
528 985
529 562
529 603
529 632
529 641
529 708
529 715
529 816
529 819
529 842
529 951
529 960
529 971
529 1007
530 662
530 694
530 710
530 816
530 821
530 897
530 900
530 902
531 616
531 680
531 712
531 753
532 546
532 633
533 566
533 629
533 630
533 720
533 740
533 759
533 767
533 843
533 846
533 924
533 975
534 606
534 611
534 651
534 708
534 730
534 801
534 830
534 834
534 895
534 959
535 580
535 675
535 704
535 772
536 565
536 569
536 638
536 764
536 803
536 809
536 947
536 1005
536 1009
537 540
537 557
537 597
537 679
537 705
537 719
537 747
537 886
537 917
537 987
537 999
538 541
538 551
538 571
538 592
538 672
538 814
539 633
539 671
539 687
539 697
539 745
539 796
539 821
539 833
539 845
539 849
539 907
539 949
539 1023
540 579
540 580
540 612
540 770
540 778
540 863
540 924
540 1022
541 625
541 632
541 634
541 676
541 778
541 888
541 942
541 978
542 639
542 673
542 683
542 711
542 814
542 835
542 839
542 931
542 1012
542 1022
543 627
543 674
543 685
543 946
543 1002
544 595
544 650
544 750
544 752
544 789
544 818
544 857
544 911
544 927
545 567
545 637
545 776
545 782
545 808
545 883
545 894
545 903
546 683
546 779
546 896
546 901
546 1012
547 575
547 610
547 636
547 645
547 679
547 772
547 777
547 789
547 804
547 901
548 604
548 663
548 732
548 765
548 767
548 789
548 834
548 839
548 883
548 932
548 937
548 983
548 985
549 584
550 580
550 667
550 697
550 720
550 812
550 835
550 910
550 993
550 1011
551 560
551 613
551 672
551 673
551 675
551 819
551 872
551 895
551 976
551 1014
552 617
552 632
552 642
552 643
552 722
552 854
552 860
552 917
552 942
553 612
553 627
553 674
553 702
553 1019
554 567
554 622
554 715
554 757
554 759
554 761
554 799
554 814
554 875
554 941
554 944
554 969
554 1014
555 590
555 624
555 663
555 749
555 801
555 808
555 869
555 900
555 912
555 932
555 954
555 1003
556 568
556 601
556 660
556 914
556 994
557 596
557 679
557 681
557 736
557 756
557 830
557 870
557 974
557 995
558 564
558 613
558 667
558 715
558 750
558 814
558 871
558 930
558 967
559 634
559 648
559 663
559 698
559 927
560 593
560 638
560 701
560 814
560 822
560 846
560 855
560 917
560 922
560 958
561 573
561 577
561 596
561 599
561 674
561 782
561 812
561 857
561 893
561 909
561 947
562 596
562 635
562 697
562 793
562 821
562 925
562 964
563 595
563 629
563 636
563 677
563 687
563 705
563 726
563 749
563 868
563 984
564 793
564 1003
565 736
565 773
565 798
565 881
565 1008
566 672
566 706
566 716
566 726
566 764
566 901
566 904
566 949
567 707
567 708
567 728
567 746
567 770
567 844
567 869
567 895
567 925
567 932
567 966
568 570
568 696
568 733
568 741
568 762
568 766
568 807
568 900
569 635
569 707
569 750
569 907
569 970
569 976
569 1002
570 604
570 620
570 631
570 635
570 734
570 889
570 919
570 933
570 947
570 965
571 592
571 609
571 621
571 748
571 769
571 790
571 815
571 854
571 907
571 982
572 599
572 749
572 753
572 786
572 788
572 807
572 813
572 822
572 830
572 913
572 922
572 1004
572 1009
573 594
573 630
573 664
573 665
573 763
573 765
573 805
573 807
573 842
573 1014
574 623
574 679
574 692
574 697
574 840
575 616
575 675
575 720
575 922
576 578
576 581
576 618
576 619
576 645
576 654
576 664
576 681
576 737
576 746
576 751
576 950
576 1011
576 1019
577 741
577 794
577 846
577 869
577 876
577 884
577 1008
578 583
578 604
578 617
578 622
578 646
578 649
578 666
578 704
578 739
578 842
578 896
578 1019
579 584
579 622
579 635
579 644
579 665
579 715
579 779
579 1001
580 594
580 646
580 768
580 791
580 793
580 827
580 830
580 868
580 912
580 994
581 599
581 606
581 731
581 746
581 885
581 932
581 1019
582 598
582 662
582 716
582 792
582 821
582 985
583 796
583 818
583 870
583 889
583 909
583 1021
584 629
584 637
584 679
584 693
584 738
584 756
584 900
585 613
585 714
585 759
585 821
585 881
585 913
585 948
586 595
586 650
586 708
586 833
586 878
586 944
586 971
586 996
587 672
587 724
587 744
587 758
587 840
588 757
588 774
588 825
588 926
588 936
588 943
588 954
588 972
589 645
589 662
589 741
589 895
590 653
590 751
590 815
590 870
590 874
590 997
591 647
591 660
591 706
591 773
591 787
591 808
591 840
591 866
591 901
591 917
591 926
591 940
591 972
592 766
592 795
592 866
592 875
592 880
592 915
592 940
593 608
593 668
593 677
593 831
593 936
593 958
593 980
594 701
594 809
594 867
594 874
594 886
594 994
594 1007
595 677
595 863
595 890
595 917
595 934
595 965
595 981
596 607
596 641
596 842
596 905
596 931
596 990
597 673
597 750
597 771
597 786
597 850
597 908
597 927
597 939
597 942
597 954
598 687
598 712
598 731
598 803
598 936
598 1002
599 620
599 633
599 720
599 731
599 958
599 1015
599 1021
600 657
600 783
600 799
600 844
600 854
600 919
600 1001
600 1003
601 675
601 732
601 750
601 765
601 795
601 797
601 825
601 938
601 957
601 979
602 627
602 646
602 678
602 688
602 692
602 711
602 727
602 752
602 765
602 792
602 857
602 946
602 958
602 963
603 672
603 679
603 800
603 816
603 839
603 855
603 867
603 879
603 891
603 937
603 996
603 998
604 605
604 649
604 744
604 766
604 772
604 802
604 959
605 638
605 680
605 687
605 729
605 767
605 820
605 846
605 940
605 958
605 1015
606 735
606 959
606 974
607 625
607 667
607 688
607 814
607 881
607 915
608 615
608 687
608 740
608 920
608 926
608 941
608 977
608 1001
609 647
609 806
609 896
609 912
609 929
609 1023
610 673
610 734
610 888
610 909
610 1013
611 671
611 850
611 858
611 900
611 950
611 1008
612 614
612 626
612 686
612 715
612 765
612 773
612 863
612 984
612 1020
613 749
613 777
613 860
613 911
613 934
613 957
613 995
614 626
614 790
614 830
614 931
614 937
614 1006
614 1011
614 1018
615 645
615 773
615 782
616 631
616 666
616 693
616 725
616 860
616 940
616 982
617 671
617 747
617 805
617 806
617 808
617 809
617 829
617 837
617 918
618 640
618 661
618 677
618 688
618 749
618 873
618 883
618 905
618 920
618 1020
619 631
619 686
619 824
619 850
619 874
619 913
619 951
619 1016
620 632
620 698
620 861
620 912
620 998
621 661
621 733
621 764
621 785
621 805
621 827
621 834
621 848
621 849
622 632
622 712
622 869
622 892
623 631
623 642
623 652
623 671
623 732
623 778
623 869
623 944
623 996
624 657
624 671
624 691
624 703
624 723
624 766
624 773
624 881
624 883
624 885
624 1009
625 633
625 655
625 732
625 747
626 651
626 671
626 724
626 857
626 874
626 889
626 960
626 969
627 648
627 691
627 739
627 750
627 842
627 931
627 933
627 936
627 1005
628 662
628 665
628 680
628 688
628 811
628 855
628 874
628 907
628 955
628 995
629 726
629 916
629 935
629 944
629 949
629 962
629 994
629 1011
629 1012
630 645
630 705
630 713
630 791
630 922
630 960
630 978
630 1019
631 675
631 876
631 927
631 975
632 661
632 663
632 665
632 669
632 677
632 707
632 773
632 795
632 883
632 914
632 917
632 935
632 1013
633 648
633 656
633 657
633 664
633 736
633 792
633 850
633 882
633 898
633 936
633 943
633 982
634 648
634 774
634 871
634 875
634 952
634 1009
635 665
635 690
635 692
635 700
635 721
635 834
635 857
635 904
635 914
635 924
635 937
635 997
636 676
636 721
636 725
636 732
636 753
636 833
636 865
636 891
636 1007
636 1013
637 638
637 643
637 765
637 786
637 791
637 834
637 978
637 987
637 994
638 645
638 772
638 774
638 807
638 858
638 917
638 956
638 987
638 1006
638 1010
639 646
639 650
639 711
639 741
639 765
639 796
639 841
639 936
639 986
640 690
640 718
640 723
640 767
640 797
640 943
640 953
640 957
640 1023
641 678
641 769
641 789
641 832
641 877
641 883
641 889
641 939
641 969
641 1007
641 1015
641 1021
642 648
642 857
642 883
642 910
642 985
642 1001
643 649
643 677
643 744
643 768
644 664
644 735
644 878
644 917
645 820
645 825
645 844
645 860
645 902
645 1023
646 692
646 833
646 840
646 863
646 872
646 888
646 941
646 975
647 768
647 792
647 936
647 965
648 671
648 674
648 851
648 859
648 917
649 665
649 782
649 796
649 802
649 838
649 883
649 941
649 1007
650 652
650 730
650 740
650 807
650 823
650 826
650 829
650 874
650 919
650 934
650 1005
650 1023
651 743
651 769
651 868
651 875
651 877
651 933
651 982
651 1000
651 1011
652 715
652 860
653 677
653 696
653 738
653 1010
654 675
654 679
654 732
654 749
654 816
654 836
654 918
654 943
655 656
655 724
655 767
655 783
655 836
655 866
655 909
655 999
656 664
656 713
656 733
656 740
656 782
656 818
657 658
657 692
657 714
657 730
657 782
657 836
657 842
657 890
657 958
657 989
657 1002
658 750
658 764
658 876
658 922
658 947
659 726
660 682
660 691
660 723
660 822
660 842
660 854
660 856
660 867
660 876
660 886
660 950
660 1020
661 687
661 741
661 771
661 777
661 889
661 925
661 993
662 726
662 748
662 754
662 786
662 795
662 797
662 843
662 878
662 886
662 1012
663 751
664 680
664 702
664 807
664 932
664 977
664 979
664 1005
664 1006
665 743
665 818
665 830
665 852
665 889
665 942
666 727
666 743
666 793
666 824
666 913
666 918
666 947
667 687
667 801
667 828
667 961
667 996
668 685
668 774
668 778
668 871
668 983
668 993
668 994
668 999
669 697
669 718
669 917
669 933
670 862
671 708
671 852
671 925
671 944
671 946
671 956
671 986
671 998
672 703
672 744
672 797
672 890
672 903
672 970
673 711
673 716
673 783
673 822
673 834
673 837
673 892
673 923
673 1002
673 1005
673 1021
674 838
674 841
674 854
674 864
674 914
674 964
674 1016
675 696
675 703
675 747
675 782
675 884
675 892
675 901
675 978
675 980
675 994
675 1002
676 690
676 842
676 947
677 792
677 908
677 909
677 937
678 738
678 808
678 879
678 894
678 939
678 944
678 949
678 967
678 1008
679 753
679 838
679 885
679 916
679 957
679 974
679 1013
680 685
680 720
680 782
680 875
680 895
680 931
681 810
681 960
681 1021
682 773
682 883
683 685
683 775
683 778
683 880
683 923
683 977
683 995
684 730
684 828
684 859
684 1010
685 765
685 782
685 859
685 945
686 813
686 845
686 920
686 987
687 749
687 766
687 799
687 843
687 874
687 958
688 703
688 734
688 854
688 910
688 920
689 725
689 730
689 795
689 831
689 924
689 956
689 1009
690 739
690 808
690 813
690 814
690 901
690 959
691 695
691 716
691 750
691 830
691 967
692 728
692 731
692 773
692 799
692 802
692 833
692 918
692 955
692 956
693 710
693 730
693 758
693 775
693 818
693 832
693 873
693 901
693 905
693 911
693 920
693 964
693 968
693 1014
694 791
694 951
694 961
694 1003
695 704
695 740
695 817
695 820
695 936
695 982
696 741
696 782
696 811
696 857
696 878
696 925
696 965
696 966
696 970
697 955
697 960
697 968
698 771
698 857
698 866
698 871
698 873
698 887
698 919
698 980
699 768
699 791
699 803
699 809
699 839
699 937
699 944
699 959
699 978
700 778
700 958
701 728
701 806
701 871
701 923
702 997
702 1003
703 722
703 734
703 890
703 892
703 1001
703 1017
704 750
704 770
704 927
704 1004
705 766
705 812
705 824
705 890
705 971
706 802
706 847
706 899
706 908
706 978
706 993
706 1017
707 743
707 796
707 824
707 943
708 958
708 966
708 1000
709 776
709 957
709 966
709 970
709 1002
710 734
710 932
710 965
710 977
710 1006
711 815
711 851
711 858
711 864
711 928
711 939
711 963
711 998
712 775
712 797
712 924
712 979
712 990
713 742
713 767
713 803
713 856
713 965
713 1008
714 741
714 765
714 795
714 835
714 924
714 952
714 957
714 993
715 731
715 868
715 903
715 939
715 969
716 803
716 853
716 955
717 798
717 864
717 879
717 904
718 779
718 847
718 879
718 974
719 856
719 857
720 840
720 930
720 1020
721 777
721 805
721 813
721 827
721 949
721 970
722 766
722 770
722 896
722 933
723 749
723 849
723 879
724 780
724 948
725 737
725 919
726 781
726 803
726 849
726 886
726 940
727 875
727 957
727 1023
728 796
728 833
728 911
728 943
728 981
729 854
729 927
729 944
729 985
730 851
730 875
730 904
730 914
731 782
731 863
731 886
731 916
731 956
731 960
732 739
732 749
732 863
732 909
733 745
733 760
733 833
733 836
733 905
733 960
733 989
734 740
734 759
734 774
734 777
734 931
735 849
735 884
735 885
735 893
735 935
735 943
735 961
736 742
736 994
736 1005
736 1009
736 1020
737 738
737 751
737 753
737 786
737 881
737 909
737 922
737 947
737 965
738 741
738 854
738 1004
738 1005
738 1021
739 759
739 821
739 837
739 859
739 865
740 756
740 763
740 774
740 841
740 1011
741 766
741 781
741 918
742 800
742 816
742 821
742 924
742 930
742 985
742 1005
742 1010
743 777
743 798
743 861
743 873
743 885
743 992
744 812
744 821
744 913
744 974
745 972
746 917
746 955
746 963
746 1009
746 1023
747 780
747 872
747 888
747 893
747 1007
747 1014
748 788
748 818
748 888
748 927
748 1000
748 1022
749 755
749 830
749 961
749 984
749 993
750 789
750 807
750 824
750 850
750 913
750 936
751 812
751 819
751 865
751 980
751 981
752 885
752 887
752 888
752 892
752 904
752 923
752 1000
753 835
753 902
753 945
753 948
753 974
754 829
754 943
754 951
754 962
754 1015
755 763
755 838
755 857
755 937
755 945
755 979
755 985
756 785
756 825
756 827
756 858
756 910
756 914
756 979
757 785
757 786
757 811
757 841
757 857
757 868
757 880
757 901
757 914
757 940
758 797
758 843
758 857
758 929
758 1000
759 783
759 818
759 862
759 878
759 934
759 940
759 956
760 780
760 788
760 838
760 857
760 919
760 927
761 775
761 832
761 903
762 788
762 948
762 980
762 990
762 997
763 798
763 824
763 866
763 902
763 913
763 928
763 937
763 1004
764 768
764 857
764 864
764 868
764 904
764 927
764 952
764 982
764 1000
765 791
765 814
765 900
765 918
765 971
765 990
765 1018
766 797
766 878
767 832
767 842
767 968
767 1012
768 848
768 871
768 916
768 934
768 1002
769 799
769 821
769 900
769 951
769 1020
769 1023
770 808
770 818
770 828
771 783
771 790
771 793
771 825
771 828
771 844
771 896
771 964
771 975
772 915
772 923
772 955
772 966
773 825
773 915
773 942
773 980
774 816
774 823
774 877
774 921
774 970
775 927
775 937
775 949
776 800
776 883
777 832
777 927
777 941
777 967
777 974
777 994
777 1017
778 803
778 821
778 857
778 925
779 845
779 960
779 993
779 998
780 812
780 878
780 881
780 906
780 949
780 997
780 1004
781 796
781 820
781 926
781 940
781 956
781 1020
782 857
782 862
782 913
784 798
784 828
784 857
784 917
784 934
784 940
784 951
784 959
784 1004
785 835
786 827
786 848
786 869
786 889
786 969
786 989
787 831
787 849
787 1010
789 803
790 887
790 930
790 939
790 992
791 798
792 797
792 845
792 942
792 1002
792 1012
793 831
793 851
793 888
793 961
794 801
794 892
794 910
795 949
795 993
795 1011
796 819
796 861
796 872
796 953
797 880
797 887
797 904
797 961
797 972
798 809
798 921
798 923
798 932
798 996
799 851
799 889
799 896
799 920
799 992
800 812
800 1003
801 941
801 954
802 821
802 841
802 882
802 929
802 934
802 1023
803 811
803 835
803 876
803 880
803 973
803 1004
804 959
804 981
804 1003
805 840
805 898
805 968
805 979
805 980
806 815
806 853
806 875
806 917
806 929
807 998
808 845
808 886
808 892
808 948
809 850
809 874
809 888
809 890
809 905
809 932
809 943
809 946
809 980
809 1010
810 874
810 933
810 959
811 962
811 985
812 839
812 871
812 879
812 932
812 951
813 912
813 935
813 988
813 999
814 841
814 856
814 904
814 947
814 1013
815 854
815 855
815 957
816 850
816 887
816 904
817 842
817 936
817 948
817 951
817 963
817 1002
818 835
818 887
818 894
819 828
819 846
819 923
820 874
820 970
820 983
821 929
821 933
822 823
822 827
822 829
822 841
822 874
822 884
823 980
823 1007
824 878
824 1012
825 829
825 844
825 985
827 832
827 836
827 845
827 982
827 997
828 910
828 922
828 989
829 1007
830 873
830 880
831 859
831 886
831 968
831 1009
832 851
833 904
833 922
833 1023
834 878
834 893
834 922
834 995
835 914
835 944
835 997
836 850
836 886
836 951
837 963
839 902
840 843
840 858
840 907
840 948
840 967
840 986
840 1000
840 1016
842 936
842 992
842 1000
843 854
843 950
843 969
843 985
843 989
843 1006
843 1011
844 917
844 976
845 1003
845 1014
847 848
847 935
847 969
847 991
848 881
848 956
848 993
848 1006
849 876
849 937
849 995
850 886
850 888
850 893
850 917
851 897
851 914
851 972
851 989
852 877
852 949
852 975
852 987
852 988
853 888
853 921
853 954
853 986
854 865
854 877
854 912
854 1002
855 953
855 1006
856 902
856 912
856 1008
856 1014
856 1020
857 914
857 971
859 864
859 866
859 873
859 879
859 897
859 903
859 921
859 951
860 904
860 953
861 934
862 869
862 870
862 948
862 1003
863 877
863 1009
864 878
864 885
865 867
865 969
866 916
866 933
866 981
866 1019
866 1020
867 894
867 983
868 919
868 937
868 964
868 1002
869 890
869 893
869 929
871 875
871 896
871 901
871 955
872 904
872 930
872 978
873 905
874 905
874 970
874 982
875 895
875 914
875 929
875 968
875 1004
876 908
876 923
876 927
877 893
877 907
877 915
877 945
877 986
877 991
877 997
878 909
878 970
878 1021
879 916
879 988
879 989
881 917
881 958
881 995
882 908
883 917
883 930
884 948
885 907
885 920
885 966
885 973
885 976
885 1009
885 1022
886 888
886 900
887 1022
889 994
891 910
891 975
891 981
891 1013
892 927
892 1009
893 1007
894 897
894 933
894 949
894 967
894 974
895 903
895 907
895 987
896 920
896 922
896 1020
897 999
898 936
898 972
898 1002
899 913
900 933
900 1021
901 931
901 959
902 928
902 983
902 1015
903 970
904 960
905 941
905 1022
906 907
906 981
907 917
907 944
908 941
908 976
908 1004
909 960
909 964
909 983
910 995
911 937
911 979
911 985
911 1022
912 1013
912 1022
913 984
914 976
914 1014
915 919
915 966
915 992
915 1014
916 1008
918 958
918 1002
919 946
919 963
919 980
921 927
921 935
922 980
923 945
923 954
924 945
924 963
926 930
926 972
926 1006
927 974
927 1012
927 1022
928 976
929 950
929 1016
931 934
931 941
931 947
932 988
934 973
934 978
935 978
935 996
936 957
936 1000
939 963
940 1007
941 977
941 996
941 1021
942 1020
943 952
943 954
944 952
944 996
945 997
948 965
949 968
950 978
950 985
950 1015
951 955
951 965
951 969
953 1004
954 990
954 1007
957 959
958 990
958 1003
959 968
962 974
962 1010
963 1014
964 1016
966 971
968 1005
968 1007
969 977
970 982
970 987
970 995
970 1004
973 1017
975 988
976 1021
977 983
978 1019
980 992
982 1018
983 1010
983 1014
984 1004
985 987
985 1023
988 1009
989 1012
993 995
995 997
998 1011
999 1001
1000 1003
1001 1003
1004 1019
1006 1009
1008 1017
1010 1019
1014 1018
