0 10
0 46
0 81
0 144
0 212
0 340
0 572
0 584
0 589
0 593
0 747
0 841
0 953
1 25
1 60
1 204
1 219
1 401
1 477
1 509
1 647
1 649
1 755
1 867
1 981
1 1022
2 89
2 113
2 116
2 211
2 227
2 256
2 273
2 296
2 440
2 461
2 507
2 550
2 563
2 568
2 585
2 607
2 685
2 699
2 838
2 839
3 68
3 287
3 322
3 343
3 355
3 439
3 453
3 485
3 525
3 622
3 628
3 651
3 661
3 663
3 809
3 860
3 931
3 997
4 63
4 71
4 201
4 470
4 490
4 517
4 578
4 587
4 593
4 733
4 739
4 805
4 840
4 971
4 983
4 1005
5 31
5 75
5 123
5 149
5 252
5 313
5 447
5 573
5 618
5 657
5 808
6 31
6 74
6 195
6 308
6 325
6 382
6 504
6 544
6 593
6 615
6 690
6 721
6 751
6 754
6 792
6 819
6 843
6 930
6 1004
7 66
7 74
7 112
7 151
7 156
7 342
7 378
7 534
7 654
7 674
7 775
7 785
7 793
7 879
7 880
7 897
7 914
7 1001
8 159
8 302
8 429
8 456
8 489
8 493
8 514
8 540
8 555
8 659
8 703
8 744
8 749
8 757
8 801
9 74
9 91
9 116
9 188
9 196
9 295
9 605
9 696
9 747
9 796
9 819
9 833
9 837
9 953
9 957
9 969
9 971
9 1003
10 26
10 133
10 143
10 183
10 311
10 371
10 479
10 776
10 802
10 846
10 859
11 174
11 178
11 278
11 332
11 374
11 500
11 591
11 688
11 703
11 769
11 783
11 816
11 839
11 971
12 265
12 338
12 418
12 518
12 528
12 533
12 637
12 693
12 761
12 795
12 832
12 999
13 23
13 30
13 34
13 53
13 161
13 169
13 201
13 294
13 427
13 473
13 476
13 522
13 591
13 763
13 814
13 868
13 898
14 20
14 41
14 47
14 125
14 165
14 214
14 263
14 278
14 404
14 592
14 682
14 701
14 854
14 961
15 47
15 71
15 140
15 161
15 171
15 190
15 237
15 251
15 587
15 688
15 859
15 875
15 960
16 32
16 88
16 115
16 189
16 194
16 233
16 245
16 282
16 340
16 420
16 429
16 455
16 545
16 551
16 565
16 632
16 639
16 769
16 789
16 956
17 50
17 71
17 153
17 158
17 179
17 252
17 443
17 474
17 535
17 581
17 587
17 661
17 672
17 688
17 691
17 815
17 897
17 912
17 932
18 158
18 171
18 217
18 260
18 273
18 336
18 369
18 457
18 551
18 619
18 640
18 685
18 692
18 1023
19 73
19 81
19 86
19 154
19 180
19 199
19 266
19 369
19 429
19 478
19 579
19 581
19 634
19 847
19 905
20 41
20 141
20 282
20 362
20 480
20 504
20 506
20 630
20 742
20 759
20 913
20 914
20 942
20 979
20 1021
21 24
21 34
21 41
21 49
21 121
21 342
21 344
21 370
21 514
21 563
21 614
21 653
21 666
21 670
21 730
21 768
21 781
21 835
21 954
21 970
22 34
22 75
22 105
22 192
22 269
22 305
22 314
22 350
22 397
22 466
22 505
22 554
22 567
22 582
22 649
22 711
22 917
22 943
22 974
22 1021
23 62
23 69
23 106
23 120
23 134
23 184
23 187
23 210
23 221
23 325
23 377
23 450
23 492
23 508
23 670
23 702
23 708
23 712
23 738
23 799
23 812
23 973
23 977
24 36
24 72
24 123
24 219
24 225
24 236
24 237
24 348
24 513
24 566
24 625
24 676
24 763
24 766
24 861
24 915
24 998
25 49
25 75
25 187
25 328
25 392
25 403
25 457
25 490
25 575
25 784
26 250
26 421
26 490
26 525
26 724
26 811
26 868
26 902
26 920
26 945
26 983
26 1001
26 1011
27 59
27 71
27 81
27 147
27 162
27 222
27 242
27 280
27 368
27 433
27 444
27 583
27 627
27 630
27 696
27 737
27 761
27 779
27 863
27 905
27 911
27 940
27 946
27 1005
28 88
28 171
28 278
28 284
28 335
28 412
28 417
28 528
28 533
28 538
28 581
28 614
28 747
28 759
28 837
28 842
28 849
28 919
28 947
28 969
29 68
29 124
29 131
29 142
29 152
29 162
29 343
29 351
29 357
29 492
29 539
29 574
29 618
29 780
29 784
29 873
29 881
29 920
30 50
30 89
30 192
30 312
30 322
30 325
30 390
30 424
30 568
30 650
30 655
30 668
30 709
30 745
30 889
31 47
31 125
31 239
31 367
31 394
31 500
31 598
31 799
31 898
31 901
31 927
31 964
31 1010
31 1015
32 188
32 290
32 418
32 463
32 504
32 529
32 566
32 586
32 590
32 624
32 645
32 798
32 879
32 931
32 975
33 70
33 154
33 245
33 398
33 432
33 466
33 470
33 497
33 567
33 604
33 605
33 655
33 679
33 705
33 811
33 830
33 870
33 876
33 892
34 57
34 214
34 353
34 360
34 600
34 703
34 768
34 818
34 856
34 862
34 976
35 70
35 90
35 119
35 153
35 159
35 192
35 457
35 529
35 556
35 562
35 571
35 575
35 586
35 599
35 607
35 674
35 711
35 737
35 792
35 839
35 856
36 52
36 55
36 82
36 134
36 210
36 211
36 297
36 449
36 557
36 564
36 568
36 571
36 576
36 597
36 793
36 810
36 877
36 882
37 73
37 125
37 130
37 328
37 413
37 432
37 433
37 455
37 492
37 565
37 613
37 690
37 719
37 734
37 822
37 832
37 837
37 886
37 979
38 145
38 146
38 183
38 209
38 233
38 315
38 409
38 416
38 428
38 452
38 481
38 509
38 520
38 659
38 688
38 749
38 778
38 852
38 965
39 45
39 193
39 227
39 258
39 304
39 319
39 433
39 560
39 624
39 668
39 754
39 963
39 996
39 1018
40 71
40 84
40 127
40 175
40 249
40 342
40 531
40 918
40 926
40 930
40 950
40 995
41 118
41 151
41 251
41 272
41 395
41 475
41 592
41 613
41 688
41 777
41 823
41 827
41 861
41 933
42 88
42 233
42 411
42 555
42 596
42 693
42 716
42 882
42 931
42 959
42 964
42 1018
43 51
43 102
43 197
43 252
43 347
43 359
43 372
43 412
43 439
43 581
43 662
43 685
43 769
43 998
44 80
44 154
44 195
44 338
44 523
44 574
44 577
44 605
44 646
44 682
44 683
44 729
44 829
44 849
44 890
44 926
44 936
44 950
44 991
44 995
45 215
45 318
45 388
45 424
45 454
45 513
45 547
45 557
45 565
45 698
45 707
45 753
46 52
46 172
46 188
46 266
46 348
46 362
46 429
46 433
46 471
46 560
46 766
46 788
46 789
46 889
46 999
47 81
47 103
47 106
47 167
47 173
47 341
47 372
47 413
47 425
47 429
47 448
47 553
47 565
47 589
47 626
47 756
47 758
47 898
47 1023
48 121
48 143
48 159
48 515
48 545
48 606
48 846
48 869
48 910
48 918
48 921
48 995
48 1012
49 58
49 72
49 139
49 140
49 187
49 208
49 252
49 285
49 382
49 383
49 466
49 544
49 697
49 711
49 839
49 870
49 952
49 993
50 60
50 109
50 148
50 266
50 277
50 295
50 462
50 518
50 591
50 669
50 789
50 859
50 940
51 215
51 321
51 544
51 601
51 607
51 611
51 617
51 630
51 662
51 715
51 822
51 826
51 919
51 940
51 950
51 972
51 1008
52 160
52 178
52 266
52 331
52 395
52 508
52 560
52 615
52 708
52 715
52 763
52 798
52 860
52 866
52 944
52 1008
53 68
53 108
53 354
53 414
53 456
53 728
53 862
53 1017
54 174
54 194
54 200
54 251
54 272
54 360
54 457
54 461
54 523
54 589
54 663
54 700
54 758
54 829
54 865
54 867
54 914
54 916
55 92
55 135
55 469
55 523
55 558
55 628
55 774
55 847
55 870
55 912
55 975
55 1009
56 82
56 106
56 129
56 135
56 236
56 321
56 329
56 451
56 502
56 650
56 669
56 706
56 817
56 905
56 924
56 1012
57 93
57 137
57 155
57 301
57 322
57 344
57 375
57 431
57 688
57 771
57 847
57 965
58 82
58 142
58 261
58 396
58 450
58 525
58 577
58 679
58 686
58 758
58 781
58 829
59 251
59 355
59 399
59 413
59 560
59 620
59 631
59 696
59 770
59 912
60 119
60 194
60 220
60 222
60 281
60 310
60 473
60 626
60 652
60 669
60 679
60 728
60 883
60 908
60 991
61 142
61 147
61 284
61 383
61 456
61 606
61 618
61 772
61 828
61 830
61 836
61 962
61 999
61 1012
62 120
62 146
62 177
62 215
62 327
62 451
62 491
62 504
62 535
62 585
62 630
62 694
62 825
62 895
62 925
62 928
63 97
63 197
63 238
63 339
63 408
63 411
63 505
63 623
63 718
63 822
63 960
64 83
64 126
64 203
64 243
64 262
64 297
64 359
64 396
64 407
64 454
64 500
64 503
64 624
64 728
64 730
64 776
64 782
64 803
64 837
64 958
64 959
65 73
65 125
65 140
65 240
65 354
65 424
65 504
65 654
65 700
65 809
66 119
66 183
66 191
66 273
66 299
66 351
66 462
66 659
66 700
66 701
66 778
66 799
66 811
66 937
66 985
66 995
67 105
67 118
67 183
67 204
67 246
67 316
67 324
67 403
67 429
67 441
67 492
67 505
67 604
67 622
67 633
67 677
67 743
67 764
67 789
67 815
67 822
67 1008
68 277
68 323
68 370
68 416
68 498
68 507
68 573
68 623
68 666
68 690
68 694
68 870
68 952
68 1014
69 158
69 253
69 301
69 320
69 383
69 520
69 579
69 589
69 595
69 747
69 794
69 815
69 969
69 981
69 1020
70 139
70 145
70 287
70 385
70 466
70 502
70 527
70 564
70 619
70 629
70 724
70 839
70 881
70 950
70 996
70 998
71 116
71 250
71 371
71 419
71 425
71 637
71 682
71 722
71 885
71 906
71 992
72 125
72 142
72 146
72 151
72 315
72 360
72 448
72 454
72 509
72 578
72 614
72 689
72 735
72 766
72 859
72 877
72 884
72 909
72 920
72 1004
73 169
73 226
73 227
73 273
73 358
73 472
73 651
73 694
73 713
73 746
73 903
73 944
73 1020
73 1022
74 108
74 224
74 252
74 333
74 389
74 497
74 506
74 528
74 668
74 717
74 769
74 858
74 909
74 920
74 929
74 958
75 120
75 125
75 214
75 216
75 401
75 458
75 700
75 735
75 882
75 909
75 972
76 80
76 82
76 95
76 176
76 203
76 223
76 262
76 306
76 495
76 529
76 538
76 763
76 795
77 97
77 354
77 368
77 372
77 453
77 511
77 603
77 612
77 651
77 739
77 759
77 760
77 811
77 826
77 860
77 874
77 900
77 919
77 933
78 106
78 307
78 338
78 407
78 427
78 492
78 572
78 663
78 766
78 890
78 955
78 974
79 198
79 202
79 340
79 368
79 410
79 422
79 426
79 466
79 538
79 547
79 562
79 563
79 565
79 585
79 586
79 958
80 101
80 158
80 159
80 282
80 317
80 409
80 470
80 486
80 580
80 672
80 828
80 900
80 933
80 969
81 216
81 364
81 375
81 523
81 623
81 625
81 647
81 792
81 848
81 872
81 884
82 85
82 231
82 344
82 612
82 737
82 841
82 912
82 934
83 100
83 156
83 175
83 229
83 258
83 279
83 312
83 330
83 347
83 390
83 567
83 575
83 718
83 740
83 871
83 944
83 970
84 89
84 216
84 236
84 308
84 316
84 410
84 417
84 446
84 454
84 490
84 550
84 682
84 749
84 759
84 772
84 815
84 892
84 967
84 977
85 93
85 122
85 140
85 250
85 296
85 329
85 351
85 466
85 473
85 744
85 865
86 128
86 131
86 133
86 144
86 146
86 174
86 176
86 239
86 303
86 348
86 380
86 442
86 447
86 474
86 560
86 738
86 761
87 155
87 156
87 201
87 290
87 373
87 397
87 423
87 431
87 507
87 530
87 537
87 815
87 816
87 844
87 850
87 1021
88 147
88 180
88 192
88 264
88 309
88 466
88 696
88 807
88 854
88 890
88 924
88 939
89 129
89 137
89 151
89 189
89 191
89 264
89 311
89 324
89 453
89 479
89 625
89 715
89 817
89 858
89 917
89 930
89 938
90 115
90 133
90 136
90 259
90 304
90 382
90 392
90 489
90 497
90 544
90 629
90 636
90 713
90 769
90 783
90 799
90 812
90 876
90 882
90 892
90 894
91 141
91 157
91 283
91 303
91 375
91 390
91 407
91 414
91 824
91 895
92 240
92 330
92 332
92 510
92 539
92 585
92 715
92 893
92 940
92 974
93 241
93 242
93 271
93 324
93 327
93 373
93 392
93 407
93 452
93 453
93 570
93 586
93 589
93 620
93 630
93 705
93 718
93 731
93 780
93 934
93 957
94 95
94 113
94 154
94 203
94 224
94 242
94 302
94 372
94 387
94 426
94 581
94 808
94 875
94 906
94 945
94 1001
94 1017
95 164
95 256
95 418
95 488
95 567
95 648
95 698
95 784
95 804
95 859
95 941
95 1022
95 1023
96 158
96 201
96 237
96 325
96 370
96 378
96 421
96 608
96 705
96 749
96 776
96 811
96 836
96 844
96 986
97 141
97 228
97 249
97 273
97 318
97 399
97 456
97 497
97 508
97 523
97 537
97 648
97 690
97 692
97 693
97 737
97 790
97 830
97 920
97 929
97 954
97 959
97 963
98 99
98 180
98 256
98 310
98 333
98 351
98 396
98 402
98 508
98 543
98 589
98 787
98 795
98 822
98 909
98 982
98 989
99 155
99 221
99 381
99 383
99 551
99 581
99 640
99 645
99 826
99 870
99 980
99 1010
100 115
100 133
100 139
100 171
100 334
100 416
100 430
100 445
100 459
100 548
100 592
100 617
100 629
100 709
100 792
100 958
100 978
101 154
101 175
101 232
101 265
101 466
101 509
101 537
101 590
101 606
101 681
101 721
101 848
101 914
101 938
101 995
102 104
102 179
102 221
102 243
102 476
102 485
102 628
102 681
102 687
102 729
102 766
102 1019
103 167
103 274
103 411
103 432
103 434
103 501
103 502
103 516
103 650
103 656
103 872
103 961
104 166
104 177
104 228
104 350
104 412
104 418
104 492
104 577
104 628
104 637
104 656
104 684
104 696
104 721
104 728
104 785
104 796
104 873
104 912
105 179
105 239
105 317
105 329
105 358
105 366
105 391
105 447
105 478
105 575
105 583
105 642
105 655
105 759
105 830
105 868
105 943
105 974
105 989
105 1015
106 178
106 213
106 311
106 378
106 477
106 491
106 516
106 534
106 570
106 636
106 757
106 773
107 111
107 162
107 224
107 245
107 353
107 398
107 527
107 588
107 593
107 604
107 613
107 629
107 668
107 718
107 766
107 800
107 802
107 839
107 915
108 204
108 284
108 339
108 443
108 541
108 548
108 620
108 682
108 736
108 895
108 934
108 939
108 950
108 971
109 263
109 269
109 437
109 438
109 460
109 491
109 536
109 576
109 610
109 662
109 664
109 717
109 791
110 159
110 169
110 262
110 362
110 402
110 427
110 511
110 529
110 547
110 628
110 656
110 771
110 891
110 985
110 1002
110 1006
111 225
111 362
111 424
111 460
111 462
111 465
111 491
111 633
111 689
111 714
111 723
111 741
111 745
111 842
111 849
111 884
111 891
111 897
111 926
111 1002
112 113
112 258
112 264
112 313
112 339
112 380
112 420
112 497
112 530
112 618
112 638
112 642
112 685
112 704
112 720
112 726
112 910
113 133
113 176
113 189
113 228
113 269
113 311
113 313
113 411
113 470
113 480
113 499
113 531
113 537
113 549
113 575
113 577
113 645
113 752
113 855
113 877
114 193
114 389
114 522
114 548
114 550
114 588
114 653
114 665
114 676
114 690
114 749
114 883
114 904
114 915
114 962
114 1005
114 1010
115 140
115 224
115 335
115 401
115 578
115 748
115 794
115 865
115 954
115 1019
116 153
116 292
116 300
116 361
116 400
116 464
116 580
116 752
116 997
117 216
117 230
117 259
117 433
117 467
117 522
117 546
117 627
117 650
117 669
117 739
117 792
117 814
117 859
117 867
118 161
118 181
118 250
118 420
118 530
118 603
118 783
118 804
118 893
118 1018
119 127
119 235
119 277
119 300
119 438
119 463
119 467
119 470
119 602
119 699
119 732
119 744
119 762
119 874
119 916
119 934
119 943
119 1009
120 132
120 142
120 180
120 210
120 227
120 233
120 412
120 438
120 529
120 657
120 668
120 690
120 744
120 792
120 965
120 973
121 231
121 260
121 346
121 362
121 384
121 468
121 512
121 523
121 547
121 580
121 758
121 879
121 938
122 165
122 316
122 369
122 412
122 597
122 634
122 697
122 825
122 837
122 872
122 902
122 977
123 179
123 222
123 405
123 437
123 454
123 510
123 555
123 642
123 670
123 712
123 839
123 859
124 159
124 499
124 547
124 577
124 663
124 772
124 778
124 799
124 912
125 134
125 139
125 187
125 190
125 249
125 281
125 416
125 473
125 497
125 521
125 717
125 971
126 129
126 223
126 248
126 272
126 367
126 460
126 586
126 731
126 829
126 857
126 911
126 943
126 965
126 982
127 381
127 635
127 773
127 818
127 949
128 153
128 282
128 370
128 449
128 455
128 472
128 510
128 656
128 745
128 798
128 840
128 871
128 872
128 977
128 1019
129 179
129 291
129 352
129 414
129 527
129 594
129 645
129 690
129 697
129 722
129 771
129 800
129 869
129 907
130 236
130 287
130 290
130 329
130 395
130 431
130 435
130 442
130 462
130 539
130 789
130 838
130 851
130 866
131 356
131 359
131 363
131 369
131 383
131 424
131 645
131 724
131 746
131 874
131 963
131 1012
132 174
132 242
132 267
132 367
132 407
132 626
132 859
132 921
132 936
133 255
133 308
133 331
133 651
133 694
133 715
133 721
133 792
133 818
133 861
133 873
133 916
133 931
133 946
133 992
133 1004
134 136
134 183
134 217
134 262
134 324
134 394
134 401
134 520
134 649
134 684
134 685
134 726
134 737
134 745
134 797
135 149
135 153
135 296
135 317
135 444
135 455
135 462
135 604
135 635
135 643
135 676
135 678
135 724
135 884
135 915
135 930
135 988
135 994
136 307
136 355
136 476
136 548
136 592
136 613
136 840
136 854
136 904
136 911
136 924
137 200
137 207
137 264
137 355
137 410
137 455
137 508
137 658
137 702
137 783
137 790
137 791
137 825
137 959
137 972
137 973
138 169
138 201
138 224
138 305
138 353
138 371
138 390
138 434
138 436
138 483
138 493
138 525
138 673
138 676
138 738
138 779
138 857
138 902
138 986
138 988
139 197
139 286
139 373
139 576
139 616
139 709
139 897
139 973
139 1021
140 149
140 232
140 374
140 383
140 426
140 446
140 465
140 472
140 506
140 550
140 718
140 818
140 929
140 992
141 160
141 201
141 303
141 457
141 483
141 489
141 576
141 613
141 632
141 644
141 697
141 708
141 808
141 836
141 838
141 947
141 959
141 978
142 238
142 404
142 461
142 530
142 596
142 601
142 687
142 706
142 735
142 739
142 769
142 784
142 811
142 824
142 866
142 934
143 154
143 210
143 250
143 409
143 422
143 492
143 517
143 540
143 600
143 742
143 862
143 952
143 967
143 972
143 977
143 987
143 1023
144 209
144 275
144 337
144 359
144 379
144 454
144 510
144 517
144 531
144 533
144 607
144 828
144 922
144 1022
145 181
145 188
145 251
145 295
145 354
145 364
145 380
145 446
145 539
145 634
145 642
145 795
145 806
145 962
145 967
145 974
146 195
146 201
146 212
146 370
146 383
146 395
146 398
146 418
146 532
146 623
146 726
146 751
146 782
146 789
146 855
146 866
146 901
146 924
146 970
146 1009
147 162
147 346
147 401
147 411
147 617
147 677
147 719
147 821
147 831
147 864
147 867
147 917
147 987
147 1012
148 342
148 397
148 449
148 457
148 495
148 548
148 549
148 664
148 684
148 732
148 736
148 775
148 874
148 910
148 991
148 1011
149 161
149 176
149 283
149 292
149 327
149 363
149 368
149 369
149 505
149 608
149 621
149 731
149 842
149 879
149 893
149 946
149 1004
150 163
150 275
150 363
150 369
150 451
150 461
150 473
150 504
150 509
150 533
150 548
150 561
150 663
150 749
150 861
150 880
150 907
150 1013
151 219
151 264
151 314
151 320
151 322
151 416
151 439
151 573
151 651
151 662
151 670
151 866
151 867
151 896
151 935
151 946
152 198
152 217
152 294
152 424
152 506
152 517
152 540
152 654
152 670
152 775
152 835
152 912
152 985
152 992
152 1005
153 172
153 176
153 200
153 274
153 315
153 364
153 366
153 465
153 525
153 608
153 644
153 692
153 693
153 764
153 775
153 908
153 962
154 228
154 330
154 362
154 393
154 527
154 610
154 649
154 751
154 773
154 814
155 348
155 407
155 422
155 639
155 704
155 750
155 760
155 763
155 786
155 908
155 921
155 926
156 162
156 199
156 222
156 301
156 316
156 421
156 504
156 551
156 584
156 657
156 709
156 736
156 751
156 786
156 805
156 847
156 946
156 1016
157 163
157 224
157 298
157 319
157 444
157 479
157 542
157 682
157 730
157 947
157 961
157 980
158 262
158 294
158 435
158 455
158 467
158 508
158 552
158 654
158 703
158 806
158 831
158 936
159 166
159 307
159 313
159 318
159 382
159 383
159 502
159 597
159 606
159 713
159 722
159 817
159 880
159 946
160 288
160 358
160 422
160 429
160 443
160 488
160 566
160 634
160 648
160 686
160 855
160 926
160 956
160 1009
161 257
161 337
161 361
161 364
161 443
161 469
161 470
161 607
161 610
161 667
161 689
161 711
161 754
161 826
161 984
161 1013
162 227
162 252
162 338
162 440
162 474
162 480
162 660
162 754
162 763
162 772
162 860
163 208
163 252
163 318
163 345
163 441
163 489
163 564
163 566
163 591
163 666
163 878
164 324
164 371
164 381
164 398
164 548
164 598
164 698
164 699
164 739
164 756
164 769
164 775
164 798
164 840
164 846
164 918
164 962
164 980
164 996
164 999
165 187
165 233
165 262
165 277
165 508
165 529
165 718
165 734
165 939
165 947
165 951
166 375
166 460
166 499
166 502
166 525
166 539
166 630
166 807
166 896
166 992
167 195
167 246
167 321
167 564
167 618
167 637
167 690
167 707
167 741
167 755
167 767
167 941
168 171
168 489
168 524
168 549
168 556
168 574
168 651
168 667
168 842
168 952
168 963
168 973
168 977
168 982
168 998
169 277
169 290
169 320
169 378
169 382
169 470
169 488
169 499
169 612
169 626
169 678
169 734
169 831
169 840
169 846
169 881
169 915
169 934
170 185
170 334
170 355
170 377
170 402
170 409
170 435
170 472
170 557
170 559
170 595
170 639
170 644
170 735
170 787
170 906
170 915
170 944
170 984
171 178
171 245
171 250
171 439
171 452
171 551
171 575
171 698
171 700
171 708
171 732
171 820
171 827
171 832
171 836
171 905
171 916
171 929
171 974
172 217
172 223
172 304
172 409
172 662
172 676
172 687
172 728
172 732
172 824
172 836
172 874
172 940
172 959
172 984
172 1001
173 203
173 257
173 306
173 321
173 355
173 504
173 613
173 689
173 782
173 862
173 902
173 968
173 985
173 993
173 1002
173 1022
174 188
174 201
174 269
174 346
174 540
174 823
174 911
174 916
174 981
175 211
175 414
175 554
175 651
175 667
175 713
175 864
175 926
175 938
175 1016
176 182
176 307
176 313
176 458
176 491
176 556
176 567
176 670
176 676
176 698
176 760
176 785
176 843
176 889
176 975
176 978
177 180
177 196
177 255
177 340
177 666
177 696
177 748
177 750
177 810
177 868
177 889
177 948
178 200
178 245
178 282
178 293
178 324
178 356
178 374
178 474
178 632
178 840
178 930
178 953
178 1018
179 262
179 412
179 516
179 561
179 601
179 694
179 881
180 291
180 367
180 430
180 447
180 498
180 545
180 598
180 656
180 782
180 837
180 958
180 963
181 258
181 314
181 402
181 408
181 437
181 469
181 516
181 545
181 547
181 575
181 794
181 819
181 908
181 946
181 950
182 330
182 472
182 512
182 570
182 594
182 697
182 982
183 270
183 289
183 400
183 407
183 476
183 591
183 716
183 729
183 849
183 862
183 956
184 222
184 240
184 351
184 374
184 446
184 451
184 746
184 767
184 789
184 809
184 924
184 952
184 1020
185 192
185 240
185 257
185 329
185 344
185 352
185 404
185 478
185 501
185 503
185 511
185 569
185 589
185 621
185 628
185 717
185 724
185 817
185 873
185 892
185 927
186 308
186 380
186 388
186 400
186 652
186 725
186 744
186 812
186 1003
187 199
187 259
187 376
187 469
187 584
187 694
187 713
187 733
188 241
188 370
188 421
188 504
188 514
188 537
188 544
188 785
188 798
188 831
188 898
189 249
189 263
189 278
189 445
189 547
189 564
189 604
189 893
189 1010
189 1011
190 203
190 332
190 368
190 484
190 500
190 519
190 642
190 658
190 741
190 840
190 906
190 926
191 370
191 406
191 414
191 503
191 937
191 956
192 200
192 213
192 236
192 311
192 412
192 444
192 537
192 591
192 755
192 776
192 784
192 919
192 968
192 969
192 1008
192 1021
193 289
193 347
193 433
193 437
193 511
193 642
193 660
193 665
193 719
193 726
193 974
193 975
194 235
194 249
194 282
194 293
194 320
194 398
194 486
194 576
194 637
194 764
194 826
194 1021
195 223
195 401
195 524
195 558
195 664
195 859
195 952
196 247
196 252
196 257
196 266
196 315
196 345
196 421
196 463
196 544
196 591
196 697
196 744
196 786
196 841
196 909
196 930
197 256
197 261
197 408
197 420
197 566
197 598
197 620
197 633
197 680
197 736
197 911
197 1020
198 237
198 260
198 287
198 377
198 385
198 425
198 514
198 729
198 736
198 896
199 234
199 273
199 301
199 309
199 380
199 383
199 444
199 539
199 614
199 759
199 772
199 791
199 878
199 974
199 987
200 230
200 347
200 463
200 565
200 698
200 738
200 749
200 892
200 965
201 456
201 626
201 685
201 837
201 870
201 937
201 988
202 230
202 254
202 262
202 522
202 557
202 644
202 645
202 659
202 699
202 794
202 852
203 279
203 425
203 559
203 640
203 802
203 846
203 864
203 962
204 228
204 295
204 428
204 436
204 465
204 525
204 535
204 559
204 589
204 747
204 756
204 870
204 892
204 960
205 213
205 226
205 240
205 298
205 499
205 630
205 638
205 811
205 871
205 907
205 955
206 230
206 243
206 379
206 483
206 556
206 609
206 652
206 658
206 820
206 855
207 211
207 294
207 356
207 368
207 411
207 437
207 446
207 449
207 510
207 551
207 588
207 602
207 608
207 627
207 747
207 762
207 807
207 863
207 924
207 975
207 992
207 1016
208 223
208 256
208 454
208 598
208 699
208 706
208 815
208 823
209 213
209 241
209 534
209 577
209 908
209 940
209 1001
209 1021
210 244
210 276
210 601
210 655
210 903
210 990
211 260
211 414
211 472
211 522
211 538
211 547
211 624
211 715
211 753
211 886
212 213
212 248
212 301
212 586
212 653
212 689
212 717
212 749
212 785
212 813
212 934
212 960
213 268
213 610
213 687
213 763
213 806
213 807
213 896
213 904
213 934
213 1000
214 241
214 255
214 257
214 362
214 431
214 661
214 894
215 232
215 267
215 285
215 304
215 358
215 426
215 431
215 528
215 574
215 597
215 639
215 672
215 731
215 740
215 769
215 770
215 852
215 943
215 948
215 950
215 956
215 961
216 286
216 517
216 609
216 741
216 915
216 916
216 929
217 302
217 404
217 440
217 462
217 536
217 617
217 630
217 810
217 879
217 880
218 302
218 304
218 362
218 399
218 447
218 455
218 516
218 539
218 576
218 697
218 751
218 843
218 924
218 927
218 986
218 1016
219 299
219 327
219 348
219 536
219 563
219 680
219 682
219 835
219 885
219 949
220 266
220 361
220 514
220 661
220 686
220 722
220 733
220 754
220 816
220 819
220 848
220 868
220 878
220 943
220 987
220 993
221 226
221 468
221 507
221 630
221 659
221 684
221 688
221 714
221 761
221 776
221 793
221 890
221 937
221 1000
222 243
222 308
222 480
222 500
222 725
222 895
222 1009
222 1018
223 356
223 397
223 455
223 492
223 603
223 663
223 831
223 863
223 875
223 900
223 951
224 275
224 395
224 610
224 710
224 750
224 772
224 784
224 796
225 287
225 324
225 328
225 393
225 595
225 608
225 670
225 702
225 706
225 773
225 785
225 842
225 968
225 982
226 266
226 376
226 386
226 389
226 398
226 534
226 631
226 692
226 766
226 843
226 913
226 935
227 378
227 468
227 483
227 485
227 502
227 636
227 701
227 710
227 770
227 771
227 776
227 794
227 964
227 1012
228 273
228 278
228 340
228 392
228 440
228 444
228 502
228 514
228 774
228 983
229 231
229 238
229 245
229 273
229 339
229 467
229 508
229 586
229 618
229 627
229 837
229 867
229 947
230 234
230 332
230 583
230 618
230 689
230 785
230 804
230 829
230 842
230 958
231 252
231 279
231 298
231 358
231 415
231 499
231 648
231 716
231 726
231 758
231 812
231 932
231 1018
232 326
232 344
232 346
232 361
232 371
232 435
232 551
232 565
232 575
232 729
232 823
232 855
232 918
232 939
232 973
232 993
232 994
233 246
233 273
233 319
233 406
233 567
233 581
233 605
233 618
233 747
233 918
233 927
233 945
234 251
234 345
234 347
234 383
234 437
234 528
234 534
234 771
234 979
235 317
235 440
235 500
235 542
235 589
235 743
235 758
235 1012
235 1023
236 316
236 343
236 367
236 405
236 492
236 534
236 573
236 595
236 738
236 766
236 792
236 822
236 978
237 244
237 303
237 363
237 475
237 476
237 557
237 561
237 582
237 635
237 767
237 796
237 799
237 864
237 970
238 473
238 784
238 822
238 883
238 905
238 974
238 999
239 331
239 335
239 345
239 374
239 429
239 522
239 523
239 553
239 667
239 742
239 778
239 785
239 815
239 817
239 916
240 398
240 411
240 429
240 563
240 586
240 711
240 721
240 868
240 902
240 945
241 303
241 324
241 380
241 431
241 485
241 518
241 552
241 667
241 699
241 722
241 725
241 741
241 812
241 878
241 891
241 992
242 246
242 278
242 346
242 370
242 426
242 500
242 536
242 542
242 565
242 633
242 659
242 749
242 763
242 905
242 916
242 941
242 955
243 261
243 577
243 598
243 600
243 651
243 679
243 736
243 770
244 314
244 321
244 358
244 599
244 694
244 720
244 765
244 779
244 830
244 909
244 923
245 318
245 440
245 468
245 549
245 550
245 593
245 675
245 689
245 698
245 701
245 943
246 269
246 377
246 405
246 459
246 522
246 563
246 637
246 645
246 696
246 770
246 780
246 892
246 929
246 962
247 399
247 507
247 509
247 552
247 563
247 627
247 644
247 653
247 669
247 842
247 890
247 974
248 379
248 398
248 432
248 564
248 580
248 598
248 604
248 688
248 821
248 919
248 1010
249 338
249 354
249 454
249 622
249 642
249 677
249 701
249 720
249 753
249 877
250 384
250 447
250 605
250 660
250 668
250 735
250 859
250 917
250 982
250 1016
251 276
251 301
251 431
251 467
251 555
251 595
251 597
251 652
251 700
251 704
251 782
251 822
251 897
251 943
251 980
251 1000
251 1012
252 375
252 399
252 644
252 783
252 998
253 459
253 465
253 519
253 640
253 722
253 800
253 887
253 915
253 942
253 972
253 977
254 259
254 394
254 446
254 476
254 517
254 544
254 620
254 759
254 792
254 930
254 956
255 410
255 472
255 662
255 703
255 708
255 715
255 739
255 822
255 828
255 862
255 873
255 893
255 939
255 952
255 959
255 983
255 1022
256 265
256 383
256 395
256 440
256 672
256 771
256 847
256 919
256 946
256 958
257 361
257 515
257 643
257 667
257 722
257 738
257 752
257 797
257 832
257 875
257 926
258 367
258 373
258 450
258 472
258 483
258 715
258 912
258 948
259 300
259 303
259 339
259 426
259 546
259 638
259 662
259 663
259 670
259 700
259 793
259 938
259 1009
260 339
260 396
260 429
260 469
260 486
260 544
260 553
260 581
260 703
260 880
261 287
261 350
261 392
261 413
261 419
261 472
261 612
261 719
261 746
261 757
261 836
261 847
262 408
262 456
262 470
262 477
262 606
262 607
262 624
262 823
262 845
262 856
262 866
262 941
262 1012
263 269
263 331
263 434
263 470
263 545
263 657
263 767
263 913
263 928
263 969
264 281
264 330
264 393
264 425
264 456
264 711
264 788
264 858
264 895
264 988
265 298
265 300
265 362
265 380
265 437
265 593
265 684
265 698
265 922
265 966
265 987
266 273
266 306
266 425
266 477
266 704
266 721
266 750
266 771
266 807
266 830
266 880
266 898
266 983
267 321
267 392
267 469
267 480
267 506
267 560
267 581
267 595
267 600
267 647
267 690
267 720
267 901
268 270
268 405
268 452
268 499
268 517
268 689
268 739
268 746
268 756
268 763
268 776
268 910
268 917
268 993
269 334
269 372
269 400
269 414
269 456
269 692
269 713
269 802
269 940
269 958
269 972
269 1004
270 315
270 331
270 458
270 527
270 568
270 572
270 707
270 823
270 951
270 1016
271 316
271 325
271 350
271 351
271 410
271 565
271 573
271 588
271 631
271 756
271 759
271 954
271 956
271 989
271 1007
271 1017
272 398
272 639
272 701
272 768
272 781
272 817
272 904
272 974
272 993
273 311
273 434
273 451
273 470
273 509
273 512
273 565
273 604
273 719
273 773
273 778
273 808
273 830
273 868
273 892
273 935
273 973
274 344
274 399
274 483
274 583
274 682
274 692
274 837
274 867
274 891
274 972
275 293
275 434
275 636
275 719
275 748
275 790
275 860
275 952
275 1004
276 284
276 328
276 349
276 378
276 399
276 578
276 698
276 776
276 870
276 997
276 1013
277 390
277 392
277 537
277 648
277 699
277 717
277 737
277 746
277 763
277 774
277 794
277 818
277 938
277 997
278 296
278 301
278 335
278 372
278 513
278 556
278 581
278 718
278 725
278 745
278 762
278 808
278 939
278 942
278 981
278 991
279 571
279 610
279 614
279 630
279 634
279 640
279 697
279 744
279 871
279 897
279 936
279 943
279 984
279 990
280 328
280 345
280 361
280 604
280 616
280 624
280 632
280 654
280 670
280 821
280 976
281 417
281 617
281 679
281 729
281 893
281 907
281 961
281 996
281 1014
282 306
282 396
282 444
282 486
282 515
282 536
282 559
282 565
282 633
282 739
282 840
282 848
282 878
282 998
283 309
283 359
283 369
283 400
283 435
283 484
283 728
283 736
283 851
283 855
283 864
283 886
283 1016
284 318
284 319
284 385
284 449
284 479
284 907
284 957
284 1004
285 328
285 725
285 804
285 843
285 877
285 931
285 989
285 990
285 1003
285 1013
285 1019
286 343
286 426
286 448
286 537
286 546
286 568
286 634
286 676
286 688
286 724
286 809
286 884
286 908
286 928
286 999
286 1005
286 1016
287 295
287 299
287 317
287 330
287 616
287 647
287 669
287 842
288 393
288 477
288 485
288 695
288 706
288 782
288 883
288 895
288 908
288 910
288 1001
288 1005
289 302
289 448
289 559
289 567
289 724
289 829
289 841
289 845
289 870
289 885
290 319
290 405
290 443
290 466
290 482
290 505
290 642
290 671
290 679
290 729
290 822
290 942
290 959
291 332
291 375
291 480
291 502
291 530
291 637
291 644
291 707
291 894
291 911
291 1017
291 1020
292 297
292 468
292 611
292 620
292 643
292 651
292 684
292 810
293 321
293 448
293 489
293 501
293 529
293 539
293 545
293 573
293 599
293 631
293 646
293 735
293 760
293 787
293 792
293 806
293 860
294 298
294 373
294 408
294 423
294 510
294 627
294 907
294 984
294 1006
295 316
295 357
295 416
295 498
295 524
295 688
295 696
295 746
295 853
295 929
295 1007
296 328
296 380
296 635
296 645
296 659
296 723
296 743
296 800
296 844
296 888
297 327
297 431
297 445
297 506
297 579
297 582
297 596
297 669
297 673
297 719
297 727
298 302
298 310
298 442
298 443
298 472
298 528
298 540
298 600
298 623
298 627
298 719
298 748
298 878
298 983
298 997
299 656
299 660
299 889
300 312
300 322
300 344
300 387
300 577
300 614
300 674
300 684
300 736
300 873
300 974
300 987
300 989
300 995
300 1011
301 383
301 407
301 437
301 576
301 588
301 660
301 729
301 751
301 889
302 407
302 426
302 434
302 514
302 757
302 885
302 911
303 391
303 457
303 538
303 549
303 594
303 612
303 718
303 751
303 805
303 824
303 829
303 931
303 963
303 987
304 307
304 383
304 399
304 542
304 549
304 636
304 664
304 674
304 782
304 848
304 858
304 926
304 940
304 956
304 989
305 329
305 379
305 434
305 458
305 493
305 610
305 684
305 759
305 887
305 912
305 979
306 307
306 446
306 508
306 513
306 560
306 572
306 659
306 731
306 748
306 862
306 878
306 911
306 922
306 944
306 965
306 996
307 333
307 550
307 649
307 705
307 790
307 875
307 879
307 886
307 956
308 328
308 384
308 597
308 750
308 780
308 851
308 862
308 904
308 977
309 334
309 384
309 387
309 405
309 433
309 464
309 522
309 622
309 673
309 727
309 787
310 351
310 445
310 461
310 593
310 635
310 641
310 690
310 829
310 909
310 984
311 447
311 482
311 601
311 663
311 688
311 696
311 880
312 343
312 349
312 352
312 391
312 403
312 482
312 573
312 591
312 643
312 941
312 988
312 1004
313 332
313 359
313 388
313 435
313 507
313 540
313 579
313 609
313 676
313 680
313 695
313 741
313 823
313 944
314 374
314 376
314 381
314 432
314 458
314 518
314 663
314 687
314 706
314 762
314 898
314 933
314 1014
315 355
315 707
315 713
315 818
315 931
316 343
316 360
316 407
316 408
316 439
316 527
316 881
316 1012
316 1014
317 335
317 581
317 638
317 685
317 714
317 740
317 752
317 833
317 863
317 936
317 985
317 1018
318 342
318 415
318 431
318 498
318 538
318 599
318 635
318 660
318 672
318 730
318 743
318 842
318 864
318 865
318 971
318 978
319 460
319 487
319 492
319 501
319 564
319 578
319 584
319 636
319 642
319 666
319 712
319 765
319 1023
320 402
320 411
320 489
320 496
320 612
320 622
320 658
320 708
320 763
320 876
321 420
321 429
321 477
321 482
321 516
321 573
321 599
321 678
321 718
321 775
321 790
321 847
321 871
321 968
321 985
322 370
322 380
322 581
322 715
322 728
322 776
322 840
322 863
322 867
322 982
322 988
322 1014
323 343
323 397
323 443
323 492
323 622
323 676
323 699
323 755
323 924
324 353
324 420
324 499
324 520
324 629
324 690
324 725
324 885
324 942
325 339
325 343
325 364
325 444
325 507
325 767
325 841
325 862
325 894
325 962
326 377
326 396
326 581
326 600
326 626
326 710
326 1013
327 395
327 416
327 483
327 545
327 557
327 722
327 793
327 904
327 923
327 950
327 997
328 350
328 351
328 432
328 444
328 497
328 594
328 650
328 669
328 740
328 868
328 918
328 940
328 954
329 416
329 467
329 518
329 524
329 582
329 818
329 872
329 922
329 929
329 931
330 343
330 362
330 434
330 513
330 555
330 648
330 697
330 797
330 805
330 932
331 333
331 365
331 518
331 637
331 742
331 753
331 954
331 990
332 345
332 371
332 412
332 496
332 629
332 654
332 690
332 717
332 829
332 871
332 894
332 903
332 972
333 474
333 535
333 615
333 641
333 697
333 726
333 783
333 919
334 469
334 515
334 774
334 776
334 806
334 827
334 909
334 910
334 1013
335 353
335 391
335 782
335 813
335 822
335 825
335 892
335 955
336 388
336 458
336 463
336 508
336 598
336 676
336 904
336 987
337 917
337 998
337 1019
338 407
338 422
338 455
338 503
338 550
338 632
338 708
338 717
338 744
338 821
338 830
338 834
338 931
338 1008
338 1020
339 499
339 601
339 723
339 909
340 613
340 660
340 768
340 801
340 833
340 840
340 939
341 397
341 562
341 587
341 756
341 861
341 884
341 908
341 910
341 914
341 937
341 941
341 984
341 1021
342 474
342 476
342 587
342 609
342 613
342 868
342 907
342 953
342 956
342 995
342 1006
343 439
343 482
343 580
343 606
343 658
343 679
343 747
343 751
343 898
343 901
343 955
343 982
344 647
344 650
344 654
344 677
344 698
344 756
344 791
344 828
344 844
344 995
344 1004
344 1013
345 449
345 451
345 560
345 675
345 723
345 811
345 842
345 935
345 947
345 976
345 980
345 998
345 1010
345 1019
346 389
346 494
346 616
346 707
346 817
346 869
346 886
346 923
347 418
347 438
347 538
347 673
347 745
347 751
347 762
347 775
347 824
347 899
347 981
348 382
348 577
348 602
348 605
348 680
348 805
348 846
348 980
348 1015
349 364
349 372
349 475
349 655
349 708
349 740
349 794
349 853
349 865
349 956
349 992
350 365
350 396
350 417
350 656
350 698
350 722
350 743
350 900
350 926
350 930
350 997
351 354
351 486
351 537
351 542
351 606
351 621
351 637
351 641
351 914
351 967
351 1004
352 449
352 469
352 498
352 514
352 549
352 552
352 683
352 762
352 863
352 870
352 881
352 937
353 394
353 628
353 633
353 637
353 741
353 929
353 995
354 455
354 513
354 585
354 714
354 771
354 790
354 794
354 855
354 860
354 861
354 866
354 949
354 993
354 1002
354 1022
355 528
355 566
355 572
355 636
355 665
355 683
355 687
355 721
355 939
355 1008
356 458
356 518
356 627
356 631
356 646
356 851
356 998
356 1011
357 473
357 507
357 525
357 544
357 644
357 739
357 776
357 854
357 894
357 984
358 593
358 687
358 705
358 884
358 904
358 917
358 999
358 1023
359 424
359 467
359 627
359 651
359 785
359 840
359 879
359 908
359 976
360 392
360 393
360 428
360 460
360 485
360 551
360 784
360 791
361 369
361 419
361 544
361 682
361 684
361 708
361 728
361 738
361 800
361 868
361 909
361 932
361 953
361 994
362 388
362 412
362 571
362 626
362 632
362 638
362 656
362 662
362 703
362 774
362 851
362 872
362 909
363 427
363 470
363 523
363 584
363 637
363 689
363 871
363 957
364 489
364 600
364 606
364 628
364 735
364 743
364 809
364 927
364 1003
365 396
365 454
365 490
365 526
365 558
365 627
365 799
366 472
366 493
366 578
366 579
366 709
366 734
366 826
366 836
366 984
367 571
367 764
367 780
367 786
367 817
367 828
367 856
367 887
368 439
368 548
368 635
368 657
368 697
368 736
368 876
369 372
369 399
369 426
369 499
369 634
369 705
369 736
369 748
369 753
369 776
369 792
369 859
369 868
369 897
369 909
369 935
370 458
370 584
370 728
370 811
370 812
370 883
370 907
370 918
370 954
370 958
370 966
371 372
371 430
371 593
371 735
371 823
371 931
371 949
371 1001
372 410
372 467
372 472
372 511
372 513
372 539
372 566
372 622
372 645
372 746
372 765
372 819
372 821
372 825
372 859
372 906
372 915
372 980
372 1019
373 532
373 547
373 680
373 687
373 733
373 782
373 789
373 825
373 957
374 451
374 541
374 569
374 628
374 667
374 691
374 788
374 828
375 450
375 568
375 626
375 723
375 748
375 771
375 1020
376 455
376 686
376 880
376 948
376 974
377 419
377 439
377 499
377 522
377 575
377 671
377 707
377 731
377 859
377 885
377 925
377 930
377 943
377 1017
378 381
378 521
378 606
378 624
378 652
378 705
378 751
378 773
378 819
378 839
378 874
378 904
378 908
378 989
378 1000
378 1008
379 428
379 437
379 448
379 474
379 504
379 532
379 574
379 578
379 676
379 681
379 858
379 886
379 927
379 957
379 970
380 388
380 389
380 526
380 565
380 622
380 635
380 709
380 807
380 836
380 911
380 921
380 961
381 430
381 451
381 509
381 523
381 559
381 596
381 660
381 668
381 743
381 778
381 793
381 856
381 961
381 983
382 479
382 528
382 539
382 807
382 913
383 421
383 434
383 506
383 527
383 554
383 710
383 717
383 741
383 825
383 859
383 921
383 1021
384 545
384 552
384 600
384 756
385 453
385 486
385 590
385 705
385 786
385 802
385 875
385 917
385 924
385 979
386 485
386 535
386 573
386 634
386 648
386 707
386 883
386 925
386 938
387 394
387 562
387 566
387 585
387 627
387 678
387 718
387 752
387 785
387 936
387 940
387 961
387 1021
388 411
388 530
388 536
388 589
388 601
388 660
388 681
388 725
388 745
388 773
388 810
388 815
388 827
388 922
388 937
389 476
389 794
389 822
389 874
390 604
390 796
390 797
390 842
390 876
391 403
391 524
391 536
391 612
391 818
391 852
391 963
391 985
391 994
391 1018
391 1019
392 521
392 546
392 700
392 778
392 822
393 428
393 430
393 458
393 459
393 472
393 509
393 522
393 523
393 532
393 616
393 690
393 759
393 844
394 416
394 441
394 530
394 559
394 814
394 841
394 852
394 923
394 924
394 977
395 439
395 441
395 456
395 554
395 622
395 641
395 659
395 716
395 738
395 749
395 817
395 859
395 892
395 972
395 1010
396 603
396 766
396 862
396 914
397 455
397 500
397 501
397 522
397 633
397 715
397 753
397 756
397 788
397 804
397 877
397 930
397 945
397 980
398 437
398 495
398 710
398 820
398 967
398 1005
399 478
399 486
399 489
399 717
399 756
399 893
399 894
399 907
399 998
399 1001
400 403
400 429
400 493
400 521
400 536
400 543
400 571
400 577
400 585
400 664
400 677
400 731
400 824
400 907
400 978
401 460
401 487
401 707
401 1000
402 442
402 619
402 684
402 737
402 789
402 917
402 961
403 449
403 481
403 519
403 735
403 745
403 790
403 820
403 953
404 487
404 545
404 722
404 783
404 822
404 827
404 831
404 850
404 866
404 934
404 994
405 407
405 512
405 627
405 691
405 737
405 777
405 790
405 887
405 972
405 1022
406 448
406 480
406 490
406 512
406 514
406 549
406 568
406 587
406 592
406 700
406 730
406 754
406 815
406 837
406 924
406 981
406 982
407 439
407 468
407 531
407 570
407 584
407 742
407 856
407 965
407 977
408 432
408 471
408 522
408 633
408 653
408 714
408 749
408 779
408 784
408 831
408 931
408 961
408 1016
409 488
409 508
409 541
409 548
409 598
409 683
409 690
409 715
409 817
409 874
409 961
409 1013
410 464
410 475
410 478
410 481
410 513
410 625
410 631
410 752
410 757
410 758
410 812
410 834
410 1007
411 439
411 562
411 665
411 680
411 740
411 943
411 962
411 1023
412 429
412 492
412 568
412 569
412 609
412 611
412 670
412 686
412 713
412 818
412 872
412 892
412 1007
413 450
413 467
413 478
413 489
413 626
413 752
413 753
413 755
413 798
413 869
413 879
413 967
413 974
414 513
414 596
414 659
414 694
414 741
414 832
414 983
414 997
415 468
415 583
415 605
415 636
415 852
415 868
415 992
416 423
416 477
416 573
416 591
416 619
416 625
416 644
416 657
416 824
416 863
416 900
416 998
417 427
417 430
417 503
417 510
417 533
417 536
417 719
417 925
417 1009
418 428
418 479
418 487
418 531
418 559
418 593
418 733
418 746
418 750
418 959
419 426
419 545
419 574
419 586
419 610
419 617
419 624
419 629
419 686
419 688
419 770
419 823
419 876
419 953
419 990
419 1016
419 1019
420 448
420 463
420 510
420 586
420 599
420 629
420 683
420 696
420 837
420 853
420 886
421 539
421 701
421 710
421 745
421 850
421 855
421 898
421 926
421 1004
422 425
422 426
422 462
422 726
422 730
422 789
422 819
423 479
423 497
423 508
423 663
423 680
423 828
423 973
423 996
423 1001
424 449
424 524
424 623
424 751
424 853
424 939
424 991
424 996
425 514
425 544
425 562
425 571
425 619
425 651
425 724
425 780
425 824
426 439
426 453
426 505
426 586
426 594
426 595
426 610
426 622
426 712
426 915
427 671
427 693
427 733
427 755
427 841
427 943
427 984
427 996
428 448
428 473
428 507
428 569
428 572
428 620
428 643
428 732
428 742
428 836
428 856
428 898
428 952
429 464
429 468
429 525
429 616
429 628
429 633
429 715
429 810
429 818
429 830
429 860
429 906
430 456
430 520
430 525
430 558
430 586
430 745
430 855
430 860
430 918
430 929
431 466
431 560
431 604
431 693
431 770
431 773
431 859
431 961
431 1009
431 1020
432 557
432 846
432 851
432 918
432 930
432 949
433 462
433 463
433 488
433 609
433 671
433 677
433 685
433 754
433 1016
434 444
434 515
434 591
434 641
434 817
434 954
435 478
435 610
435 692
435 796
435 938
436 483
436 709
436 716
436 848
436 921
436 925
436 946
436 963
436 975
437 515
437 535
437 559
437 701
437 711
437 757
437 799
437 834
437 919
437 941
438 463
438 573
438 576
438 588
438 643
438 647
438 663
438 705
438 713
438 953
439 501
439 605
439 799
439 804
439 943
439 999
440 445
440 465
440 472
440 639
440 640
440 653
440 672
440 738
440 757
440 805
440 826
440 837
440 862
440 990
440 1015
441 444
441 468
441 505
441 707
441 714
441 782
441 804
441 811
441 823
441 923
441 953
441 982
442 474
442 491
442 548
442 618
442 678
442 693
442 874
442 1003
443 517
443 544
443 552
443 566
443 577
443 586
443 588
443 684
443 691
443 713
443 727
443 847
443 882
444 458
444 467
444 499
444 780
444 816
444 840
444 858
444 881
444 926
444 940
445 547
445 634
445 861
445 909
445 934
446 532
446 575
446 678
446 719
446 727
446 745
446 746
446 783
446 883
446 938
447 561
447 575
447 623
447 643
447 674
447 780
447 829
447 899
448 628
448 667
448 791
448 795
448 835
448 914
448 1009
449 478
449 502
449 526
449 625
449 660
449 664
449 669
449 683
449 696
449 740
449 826
449 939
450 514
450 528
450 721
451 475
451 542
451 589
451 628
451 637
451 719
451 746
451 773
451 791
451 798
451 835
451 866
451 868
451 897
452 508
452 532
452 544
452 607
452 691
452 743
452 816
452 829
452 886
452 993
452 1002
452 1023
453 545
453 577
453 603
453 740
453 776
453 928
453 965
453 972
453 986
453 1013
454 488
454 727
454 878
454 901
454 904
454 944
455 517
455 656
455 697
455 838
455 847
455 893
455 909
455 1000
456 489
456 490
456 552
456 566
456 690
456 739
456 742
456 985
456 996
457 628
457 679
457 685
457 851
457 1000
458 485
458 494
458 659
458 660
458 751
458 851
458 969
458 1010
459 510
459 732
459 735
459 829
459 847
459 873
459 918
459 987
459 1021
460 480
460 483
460 523
460 525
460 640
460 940
460 949
461 493
461 587
461 632
461 653
461 703
461 786
461 788
461 907
461 961
461 971
461 984
462 576
462 585
462 643
462 696
462 830
462 926
462 1019
463 488
463 504
463 567
463 716
463 940
463 963
463 990
463 1004
464 468
464 707
464 752
464 761
464 794
464 796
464 880
464 911
464 970
464 1013
465 511
465 760
465 802
465 804
465 967
466 468
466 498
466 514
466 686
466 911
466 921
466 1009
467 583
467 702
467 723
467 788
467 855
468 681
468 700
468 742
468 806
468 884
468 898
468 943
468 1011
469 494
469 589
469 593
469 606
469 824
469 912
469 925
469 986
470 474
470 549
470 584
470 597
470 653
470 850
470 898
470 939
470 943
470 955
470 1003
471 601
471 609
471 659
471 784
471 817
471 923
471 960
472 609
472 620
472 649
472 719
472 874
472 939
472 990
473 495
473 503
473 540
473 591
473 655
473 664
473 723
473 976
473 987
473 995
473 996
474 522
474 630
474 702
474 760
474 811
474 855
474 872
474 873
474 921
475 480
475 484
475 486
475 503
475 514
475 549
475 591
475 685
475 687
475 754
475 757
475 793
475 837
475 976
475 995
476 610
476 828
476 855
476 915
476 949
476 952
476 972
476 1021
477 484
477 487
477 515
477 663
477 741
477 766
477 834
477 903
477 910
478 506
478 519
478 530
478 544
478 579
478 582
478 589
478 597
478 686
478 796
478 876
478 1003
479 512
479 536
479 604
479 674
479 704
479 785
479 795
479 809
479 823
479 839
479 1008
479 1020
480 587
480 591
480 593
480 616
480 624
480 652
480 707
480 758
480 799
480 815
480 852
480 967
480 1016
481 485
481 555
481 766
481 861
481 886
481 887
481 906
481 944
481 1007
482 501
482 629
482 712
482 739
482 768
482 882
482 902
482 922
482 926
482 941
482 988
483 500
483 564
483 623
483 646
483 656
483 817
483 859
483 901
483 958
483 981
484 585
484 607
484 815
484 816
485 494
485 682
485 779
485 853
485 965
486 524
486 581
486 619
486 629
486 637
486 702
486 716
486 769
486 811
486 845
486 888
487 509
487 527
487 563
487 650
487 654
487 697
487 726
487 754
487 762
487 806
487 824
487 856
487 880
487 905
487 951
488 511
488 598
488 663
488 710
488 732
488 783
488 806
488 887
488 944
488 969
488 997
489 626
489 649
489 675
489 698
489 701
489 853
489 964
489 974
489 1023
490 533
490 622
490 630
490 633
490 649
490 678
490 689
490 703
490 737
490 775
490 790
490 900
490 910
490 933
491 586
491 621
491 701
491 736
491 749
491 778
491 858
492 529
492 546
492 684
492 711
492 786
492 812
492 955
492 990
493 648
493 674
493 679
493 828
493 884
493 907
494 524
494 525
494 574
494 608
494 617
494 658
494 680
494 716
494 724
494 726
494 808
494 850
494 873
494 890
494 971
495 527
495 620
495 708
495 780
495 833
495 1000
496 507
496 540
496 547
496 564
496 681
496 727
496 732
496 896
496 909
496 997
496 1009
497 712
497 744
497 753
497 804
497 829
497 842
497 899
497 956
497 966
498 576
498 604
498 727
498 735
498 911
498 941
498 947
498 992
499 559
499 599
499 631
499 869
499 1005
500 510
500 520
500 537
500 635
500 673
500 756
500 867
501 526
501 610
501 698
501 705
501 812
501 825
501 834
501 906
501 944
501 964
501 979
501 995
502 526
502 552
502 584
502 673
502 694
502 755
502 790
502 796
502 842
502 891
502 892
502 978
503 706
503 818
503 832
503 871
503 992
503 1012
504 605
504 713
504 759
504 779
504 1004
504 1009
504 1011
505 565
505 579
505 606
505 677
505 693
505 767
505 785
505 797
505 847
505 871
505 952
506 513
506 567
506 579
506 620
506 642
506 886
506 930
506 981
506 1014
506 1023
507 554
507 582
507 595
507 606
507 666
507 706
507 713
507 857
507 869
507 895
507 960
507 981
507 1007
508 613
508 631
508 646
508 718
508 763
508 818
508 842
508 847
508 991
508 994
508 1011
509 557
509 578
509 614
509 676
509 711
509 726
509 741
509 776
509 801
509 945
509 1005
509 1014
510 598
510 750
510 763
510 780
510 825
510 837
510 852
511 536
511 551
511 677
511 700
511 714
511 772
511 827
511 994
511 1019
512 549
512 565
512 597
512 617
512 623
512 736
512 774
512 782
513 590
513 609
513 714
513 814
513 817
513 847
513 861
513 898
513 916
513 921
513 992
514 566
514 607
514 653
514 688
514 713
514 867
514 871
514 902
514 919
515 572
515 609
515 727
515 728
515 761
515 764
515 815
515 955
515 961
515 1011
516 536
516 591
516 834
516 883
516 906
516 991
516 1019
517 552
517 586
517 882
517 1016
518 553
518 594
518 661
518 663
518 704
518 804
518 893
518 965
518 968
518 996
519 612
519 749
519 856
519 999
519 1017
520 586
520 604
520 621
520 748
520 936
520 940
520 994
521 570
521 640
521 650
521 722
521 778
521 812
521 898
521 910
521 926
521 927
521 974
521 985
522 527
522 571
522 631
522 641
522 649
522 650
522 674
522 777
522 853
522 902
522 941
523 531
523 597
523 647
523 807
523 896
523 901
523 1022
524 608
524 692
524 843
524 903
524 1008
525 605
525 631
525 644
525 686
525 704
525 723
525 763
525 787
525 893
525 896
525 978
525 1005
526 579
526 615
526 641
526 662
526 664
526 736
526 776
526 786
526 893
527 557
527 609
527 613
527 629
527 813
527 896
527 962
527 1008
528 609
528 613
528 644
528 656
528 667
528 722
528 786
528 810
528 835
528 914
528 962
528 987
529 631
529 750
529 759
529 803
529 859
529 930
530 627
530 653
530 829
530 951
530 975
531 596
531 744
531 761
531 849
531 856
532 569
532 580
532 599
532 623
532 808
532 869
532 883
532 942
532 1023
533 601
533 1005
534 592
534 593
534 633
534 700
534 745
534 785
534 811
534 852
534 879
534 905
535 606
535 713
535 731
535 848
535 886
535 932
535 963
535 990
535 1014
536 586
536 619
536 632
536 648
536 791
536 802
536 825
536 900
536 937
536 1007
537 596
537 689
537 791
537 861
538 585
538 643
538 731
538 765
538 841
538 882
538 943
538 964
538 1006
539 607
539 673
539 802
539 853
539 938
539 985
539 999
540 573
540 645
540 846
540 999
541 560
541 565
541 627
541 652
541 731
541 900
542 551
542 633
542 732
542 734
542 841
542 973
542 1006
543 590
543 613
543 614
543 751
543 835
543 837
543 842
543 999
544 571
544 631
544 675
544 679
544 734
544 805
544 836
544 873
544 982
545 729
545 775
545 922
545 928
545 997
546 705
546 714
546 755
546 807
546 943
546 1018
547 659
547 669
547 710
547 778
547 976
547 980
547 1021
548 597
548 671
548 783
548 793
548 845
548 988
549 562
549 576
549 620
549 645
549 664
549 711
549 744
549 770
549 860
549 890
550 556
550 645
550 712
550 817
550 843
550 875
550 944
550 945
550 982
550 1006
551 636
551 637
551 656
551 724
551 752
551 802
551 833
551 905
551 997
552 793
552 827
552 888
552 916
552 956
553 570
553 851
553 897
553 905
553 919
553 935
554 583
554 625
554 627
554 738
554 789
554 831
554 957
554 979
554 987
554 1011
555 573
555 588
555 668
555 679
555 703
555 746
555 790
555 915
556 573
556 588
556 618
556 670
556 880
556 1001
557 734
557 804
557 812
557 880
557 942
557 948
558 601
558 643
558 645
558 711
558 736
558 777
558 905
558 916
558 988
559 638
559 832
559 835
559 879
559 925
559 961
559 1000
560 637
560 727
560 799
560 825
560 828
560 878
560 924
560 933
560 951
561 644
561 709
561 745
561 753
562 582
562 592
562 675
562 825
562 838
562 900
562 987
563 700
563 741
563 794
563 844
563 897
563 903
563 994
564 565
564 607
564 724
564 832
564 866
564 988
564 989
565 609
565 669
565 779
565 780
565 805
565 943
565 955
566 567
566 656
566 668
566 805
566 825
566 889
566 1019
567 585
567 627
567 697
567 707
567 739
567 771
567 790
567 813
567 912
567 939
568 681
568 693
568 821
568 874
568 918
568 1003
569 570
569 606
569 668
569 786
569 916
569 1020
570 819
570 871
570 1006
570 1009
571 676
571 722
571 900
571 935
571 977
571 990
571 1022
572 622
572 801
572 822
572 828
572 940
573 606
573 631
573 669
573 904
574 651
574 673
574 720
574 727
574 741
574 746
574 785
574 848
574 912
574 950
574 969
575 631
575 636
575 677
575 704
575 716
575 743
575 781
575 883
575 899
575 931
575 951
576 628
576 663
576 747
576 836
576 853
576 899
577 620
577 638
577 967
577 982
578 646
578 732
578 816
578 819
578 856
578 902
578 928
578 945
578 992
578 1004
579 581
579 752
579 760
579 922
579 1002
580 643
580 915
580 949
580 959
580 987
580 1021
581 605
581 624
581 670
581 739
581 799
581 852
581 857
582 631
582 675
582 695
582 702
582 756
582 899
582 979
583 671
583 718
583 745
583 772
583 800
583 880
584 590
584 614
584 616
584 677
584 800
584 891
584 905
584 907
584 908
584 910
584 972
585 604
585 610
585 646
585 745
585 746
585 780
585 971
585 992
586 674
586 738
586 745
586 788
586 824
587 631
587 689
587 722
587 729
587 778
587 787
587 788
587 790
587 794
587 820
587 1006
588 611
588 652
588 658
588 745
588 768
588 791
588 846
588 871
588 876
588 911
588 932
589 805
589 854
589 892
589 908
589 922
589 929
589 932
589 1016
590 603
590 679
590 694
590 830
590 858
590 1004
591 637
591 772
591 782
591 823
591 842
591 869
591 947
592 683
592 694
592 716
592 761
592 799
592 853
592 854
592 1013
593 614
593 689
593 749
593 762
593 797
593 817
593 906
593 965
593 972
593 999
593 1015
594 700
594 728
594 747
594 811
594 837
594 841
594 972
594 1022
595 711
595 751
595 780
595 834
595 838
595 844
595 1005
596 616
596 717
596 787
596 888
596 921
597 715
597 720
597 793
597 840
597 894
597 912
598 661
598 735
598 806
598 895
598 969
598 986
599 603
599 624
599 651
599 710
599 738
599 812
599 821
599 962
599 995
600 680
600 762
600 789
600 858
600 990
601 845
601 974
601 985
601 1002
601 1006
602 659
602 788
602 789
602 810
602 925
603 712
603 830
603 857
603 1007
603 1013
604 621
604 629
604 723
604 770
604 782
604 852
604 954
604 983
605 656
605 711
605 890
605 892
605 894
605 903
606 771
606 785
607 640
607 667
607 806
607 825
607 908
607 950
607 955
608 631
608 638
608 660
608 674
608 735
608 885
608 900
608 903
608 1003
609 666
609 850
609 956
609 959
609 970
609 980
609 994
609 996
610 612
610 666
610 703
610 710
610 740
610 839
610 861
610 1015
611 820
611 821
611 921
611 948
611 1000
612 705
613 619
613 692
613 716
613 787
613 818
613 852
613 893
613 923
614 677
614 705
614 726
614 800
614 849
614 992
615 623
615 729
615 855
615 939
615 948
615 968
616 665
616 884
616 888
616 897
616 923
616 956
616 965
616 1014
616 1020
617 619
617 899
617 940
617 945
618 727
618 735
618 776
618 889
618 896
619 623
619 694
619 796
619 935
619 940
619 952
620 640
620 654
620 675
620 708
620 721
620 724
620 789
620 879
621 705
621 969
621 1012
622 713
622 718
622 831
622 995
623 681
623 774
623 889
623 995
624 676
624 876
624 970
625 635
625 674
625 702
625 739
625 742
625 934
625 1021
626 807
626 909
626 943
626 960
626 966
627 698
627 719
627 726
627 877
627 900
627 941
627 994
628 639
628 646
628 731
628 740
628 871
629 669
629 680
629 737
629 802
629 941
629 963
629 1004
630 675
630 773
630 776
630 797
630 831
630 893
630 898
630 977
631 749
631 790
631 819
631 836
631 838
631 875
631 965
631 1005
631 1006
631 1018
632 642
632 657
632 662
632 679
632 704
632 744
632 808
632 875
632 876
632 946
632 996
633 830
633 832
633 863
633 943
634 775
634 798
634 906
635 705
635 734
635 777
635 824
635 917
635 927
635 1005
635 1007
636 650
636 683
636 704
636 707
636 771
636 786
636 817
636 878
636 961
636 988
636 1002
637 650
637 763
637 823
637 884
637 937
638 742
638 752
638 782
638 831
638 873
638 900
639 651
639 752
639 832
639 833
639 880
639 987
640 643
640 692
640 806
640 819
640 951
640 985
640 1012
641 940
641 977
641 1019
642 702
642 711
642 771
642 861
642 902
642 909
642 963
642 1002
643 650
643 765
643 792
643 850
643 872
643 984
643 987
643 993
643 1005
644 717
644 791
644 833
644 836
644 952
644 963
644 1019
645 663
645 734
645 822
645 1004
646 671
646 693
646 999
647 688
647 910
647 952
647 996
647 1023
648 666
648 669
648 801
648 869
648 974
649 660
649 673
649 678
649 748
649 766
650 705
650 760
650 835
650 856
651 677
651 700
651 737
651 748
651 808
651 839
651 861
651 872
651 966
652 671
652 704
652 731
652 818
652 851
652 932
652 945
653 666
653 713
653 987
653 1007
654 830
654 831
654 872
654 955
654 1008
655 713
655 715
655 795
655 847
655 944
656 784
656 792
656 921
656 937
656 1020
657 786
657 819
657 902
658 733
658 946
659 669
659 838
659 845
659 864
659 1019
660 705
660 759
660 794
660 862
660 926
660 937
660 1016
661 697
661 749
661 809
661 938
661 959
661 966
661 997
662 717
662 748
662 791
663 707
663 721
663 842
663 916
663 917
664 697
664 725
664 758
664 808
664 880
664 952
665 742
665 747
665 787
665 838
665 867
665 872
665 918
665 921
665 929
665 997
665 999
666 669
666 679
666 744
666 801
666 1008
667 703
667 715
667 1003
668 686
668 702
668 713
668 909
669 671
669 698
669 703
669 708
669 872
669 920
669 978
670 718
670 909
670 941
670 989
670 992
670 1021
671 815
671 920
672 713
672 770
672 777
672 940
672 972
672 974
672 1018
673 706
673 710
673 761
673 999
673 1017
674 739
674 852
674 937
674 941
674 996
674 997
675 711
675 823
675 911
675 945
676 721
676 823
676 914
677 685
677 691
677 752
677 799
677 820
677 832
677 867
677 908
678 894
678 970
678 999
679 771
679 807
679 972
679 996
679 1018
680 802
680 871
680 887
681 798
681 847
681 879
682 812
682 826
682 884
682 923
683 686
683 737
683 856
683 865
683 968
684 739
684 747
684 1012
685 757
685 841
685 850
685 856
685 880
685 889
685 931
686 791
686 927
686 1010
686 1017
686 1023
687 756
687 806
687 884
687 908
687 1017
688 907
689 751
689 811
689 968
690 931
690 943
691 736
691 766
691 835
691 880
691 975
692 740
692 839
692 935
692 942
693 695
693 744
693 800
693 835
693 881
693 923
693 967
694 711
694 730
694 780
694 810
694 819
694 839
694 881
695 967
696 701
696 767
696 793
696 969
696 978
697 703
697 727
697 939
697 1009
698 752
698 811
698 816
698 822
698 841
698 895
698 905
698 964
698 987
698 1019
699 761
699 767
699 778
699 780
699 808
699 1008
700 810
700 837
700 985
701 715
701 723
701 811
701 813
701 923
702 767
702 778
702 825
702 855
702 857
702 1020
703 732
703 744
703 751
703 770
703 853
703 872
703 1003
704 765
704 790
704 866
704 872
704 948
704 993
705 750
705 802
705 831
705 902
705 907
705 957
705 966
705 1016
706 856
706 957
707 725
707 819
707 839
707 911
707 1006
707 1012
708 802
708 838
708 852
708 864
708 919
708 948
708 972
709 711
709 736
709 868
709 960
709 998
710 877
710 968
711 778
711 844
711 888
711 942
711 978
712 736
712 910
712 922
713 739
713 833
714 736
714 741
714 777
714 789
714 805
714 872
714 909
714 918
714 951
714 1018
715 816
715 903
715 965
716 728
716 770
716 783
716 1019
717 796
717 802
717 825
718 847
718 893
718 990
718 1014
719 771
720 794
720 854
720 873
720 915
720 971
720 996
720 1006
721 890
721 945
722 725
722 728
722 841
722 954
722 1003
723 747
723 751
723 816
723 837
723 863
723 989
723 1002
724 758
724 884
724 955
725 726
725 772
725 796
725 895
726 735
726 882
726 960
727 858
727 883
727 920
727 923
727 932
727 961
727 977
728 794
728 813
728 881
728 956
729 747
729 775
729 863
729 887
729 1003
729 1010
730 858
730 882
730 929
730 936
730 966
730 992
730 993
730 994
731 792
731 892
731 965
731 979
731 1009
731 1012
732 735
732 764
732 815
732 934
733 747
733 825
733 838
733 854
733 887
733 1004
733 1006
734 778
734 798
734 877
734 881
734 894
734 1018
735 824
735 846
735 994
735 995
735 1012
736 849
736 907
736 947
736 1014
737 813
737 837
737 943
737 957
737 970
737 982
738 743
738 800
738 861
738 883
738 895
738 910
738 946
738 958
739 771
739 792
739 901
740 761
740 789
740 881
740 884
740 928
740 1008
741 786
741 788
741 863
741 917
741 920
741 967
741 1015
742 876
742 917
743 779
743 828
743 835
743 882
743 896
743 948
743 954
744 803
744 816
744 915
745 811
745 938
745 974
746 767
746 797
746 866
746 908
746 955
747 855
747 882
747 901
747 940
747 949
748 965
749 751
749 783
749 871
749 931
749 966
749 973
749 983
749 987
750 896
750 919
750 978
750 1003
751 877
751 878
752 987
753 890
753 933
753 957
754 798
754 845
754 954
755 795
755 986
756 911
756 974
757 806
757 825
757 849
757 874
757 1021
758 759
758 777
758 886
759 778
759 822
759 878
759 906
759 920
759 982
760 883
760 929
760 968
760 1017
761 780
761 804
761 869
761 889
761 1011
762 811
762 904
762 968
762 997
763 787
763 832
763 926
763 998
764 809
764 824
764 829
764 881
764 967
765 770
765 799
765 872
765 953
765 988
765 1016
765 1017
766 896
766 950
766 1008
767 775
767 778
767 828
767 964
768 815
768 854
768 856
768 906
768 909
768 923
768 950
768 967
768 988
768 1008
768 1011
769 811
769 867
769 871
769 891
770 819
770 835
770 894
770 974
771 839
771 889
771 957
771 973
772 834
772 916
772 930
772 938
773 779
773 787
773 792
773 832
774 836
774 900
774 901
774 984
775 783
775 929
776 814
776 916
776 934
776 956
777 784
777 794
777 853
777 878
777 904
778 858
778 870
778 915
779 845
779 873
779 905
779 929
780 816
780 882
780 944
781 883
781 918
781 923
781 998
782 789
782 807
783 881
784 800
784 815
784 824
784 923
784 1006
785 797
785 902
785 939
786 825
786 931
786 960
786 980
787 794
787 860
787 862
787 873
787 965
787 967
787 988
788 878
788 892
788 894
788 903
788 946
788 974
789 923
790 803
790 895
790 966
791 811
791 852
792 815
792 941
792 1001
793 989
793 999
794 831
794 948
794 954
794 1016
795 833
795 885
795 886
795 989
796 799
796 809
796 870
796 892
797 994
798 906
800 860
800 864
801 921
801 934
801 949
801 1002
802 900
802 906
802 996
803 942
803 954
803 979
804 981
804 1013
805 881
805 953
805 1014
806 807
806 930
806 951
806 1007
807 824
807 872
807 892
807 910
808 848
808 912
808 916
809 840
809 967
809 987
810 851
810 953
810 1008
811 820
811 872
811 910
811 1023
812 831
812 911
812 921
812 962
813 842
813 874
813 966
814 817
814 875
814 923
815 920
815 968
815 976
816 903
817 821
817 825
817 856
817 951
817 960
818 948
818 1005
819 842
819 848
819 878
819 925
819 1002
820 889
821 841
821 889
821 901
822 843
822 908
822 943
822 966
822 969
822 1006
823 876
823 903
823 928
823 987
824 939
824 1013
825 841
825 886
825 930
825 1019
826 842
826 854
826 866
827 958
828 900
828 1023
829 941
829 942
829 946
830 862
830 896
830 944
830 1021
831 930
831 956
831 967
831 990
832 967
832 1004
833 856
833 899
834 845
835 1018
836 856
837 912
837 918
838 899
838 922
838 972
838 1019
839 980
839 982
840 866
840 874
840 892
840 972
840 1011
841 866
841 889
841 969
841 984
842 912
842 1018
843 1014
844 900
844 920
844 928
844 985
844 1002
844 1012
845 896
845 912
846 886
846 928
846 934
846 965
847 867
847 871
847 944
848 962
849 857
849 878
849 902
849 938
850 906
850 907
851 905
851 911
851 947
851 1005
852 884
852 979
854 939
854 989
855 967
856 858
856 925
856 954
857 978
858 876
858 893
858 896
858 900
858 909
858 1015
859 899
859 970
859 979
861 966
861 1018
862 877
862 935
863 866
863 882
863 966
864 875
864 931
864 975
865 925
866 872
866 1016
867 940
867 955
868 930
868 993
869 870
869 887
869 904
869 1001
870 1022
871 891
871 1020
872 992
872 998
873 932
873 939
873 943
874 896
875 876
875 951
876 882
876 897
876 917
876 930
876 946
876 979
876 1014
878 972
879 929
879 971
880 899
880 1002
881 1009
881 1017
883 915
883 949
883 1022
884 899
884 1011
886 910
887 949
887 974
887 984
887 998
888 956
888 982
888 999
889 947
889 1003
890 964
891 934
892 912
892 928
892 973
894 947
895 1018
896 934
896 984
896 1021
897 936
897 1002
898 1010
899 928
899 932
899 936
900 929
900 940
900 950
901 957
901 964
901 1019
902 931
902 993
904 913
904 936
904 1013
905 985
906 917
906 953
907 986
908 1005
909 952
910 948
910 1012
911 921
911 995
911 998
912 972
912 1002
913 944
913 1005
913 1007
914 938
915 978
916 938
916 987
916 1006
916 1018
917 1004
918 942
918 1019
919 943
919 972
919 994
919 1013
919 1016
920 991
920 1010
920 1012
921 929
921 1020
922 932
922 1017
923 942
923 990
924 927
924 951
925 953
926 956
926 1012
927 967
928 977
929 968
929 1013
931 962
932 957
933 976
934 969
935 939
935 988
935 1003
935 1013
936 965
937 978
937 1008
938 954
939 950
941 984
942 944
943 952
943 974
944 986
944 1020
945 1011
946 960
946 999
947 988
947 998
947 1010
948 976
950 992
951 975
953 954
953 966
958 979
959 972
962 1002
964 1011
964 1014
965 1011
965 1018
966 967
966 982
966 993
969 1009
969 1020
970 980
972 974
973 1000
973 1002
973 1003
974 975
976 990
977 999
978 981
978 1016
979 1016
980 993
981 991
981 1002
981 1023
984 1008
985 1013
991 996
996 1001
1000 1005
1001 1019
1002 1005
1004 1018
1019 1020
