0 25
0 97
0 101
0 104
0 106
0 170
0 182
0 203
0 263
0 276
0 281
0 337
0 366
0 386
0 389
0 434
1 84
1 119
1 189
1 196
1 319
1 320
1 332
1 342
1 355
1 364
1 366
1 401
1 434
1 495
2 44
2 80
2 108
2 179
2 272
2 279
2 299
2 319
2 329
2 353
2 387
2 416
2 442
2 451
3 25
3 95
3 185
3 305
3 324
3 338
3 346
3 464
3 497
3 504
4 24
4 73
4 171
4 244
4 276
4 293
4 358
4 385
4 400
4 420
4 423
4 437
4 480
5 58
5 98
5 102
5 132
5 232
5 237
5 275
5 295
5 339
5 400
6 112
6 115
6 169
6 180
6 206
6 220
6 328
6 357
6 377
6 387
6 467
6 489
6 502
7 15
7 21
7 180
7 201
7 325
7 484
8 44
8 133
8 148
8 162
8 181
8 303
8 359
8 449
8 463
8 496
9 44
9 75
9 119
9 129
9 213
9 218
9 219
9 243
9 304
9 317
9 338
9 383
9 403
10 13
10 97
10 111
10 113
10 119
10 162
10 200
10 208
10 239
10 251
10 260
10 326
10 384
11 31
11 61
11 88
11 163
11 177
11 273
11 306
11 494
12 68
12 128
12 160
12 225
12 229
12 238
12 247
12 303
12 306
12 309
12 374
12 414
12 415
12 470
12 474
13 32
13 104
13 175
13 313
13 412
13 419
13 426
14 16
14 44
14 85
14 99
14 128
14 163
14 168
14 200
14 217
14 259
14 282
14 298
14 312
14 379
14 441
14 466
14 484
15 102
15 141
15 177
15 190
15 217
15 246
15 258
15 275
15 304
15 340
15 361
15 362
15 363
15 374
15 450
15 467
15 500
16 122
16 176
16 183
16 250
16 257
16 277
16 348
16 365
16 413
16 418
16 449
16 500
17 164
17 165
17 205
17 228
17 248
17 299
17 462
17 464
18 25
18 38
18 44
18 67
18 103
18 154
18 174
18 187
18 222
18 257
18 261
18 351
18 367
18 369
18 399
18 403
18 455
18 466
18 474
18 481
19 50
19 68
19 109
19 168
19 172
19 183
19 197
19 225
19 278
19 300
19 318
19 341
19 410
19 439
19 441
19 489
19 495
19 501
20 34
20 90
20 130
20 137
20 142
20 169
20 207
20 219
20 242
20 270
20 286
20 345
20 360
20 430
21 47
21 92
21 94
21 121
21 129
21 182
21 363
21 371
21 434
22 41
22 80
22 130
22 174
22 208
22 210
22 218
22 243
22 252
22 280
22 295
22 308
22 341
22 389
22 390
22 451
22 487
22 492
23 31
23 45
23 62
23 94
23 163
23 181
23 222
23 242
23 292
23 317
23 409
23 414
23 421
23 422
23 455
23 475
23 497
24 48
24 81
24 83
24 138
24 195
24 226
24 245
24 249
24 311
24 402
25 68
25 84
25 101
25 140
25 156
25 207
25 249
25 283
25 324
25 331
25 365
25 381
25 382
25 417
25 477
25 485
25 486
26 34
26 127
26 144
26 161
26 173
26 215
26 222
26 310
26 336
26 344
26 345
26 350
26 498
27 31
27 59
27 114
27 116
27 136
27 285
27 430
27 446
27 486
28 75
28 171
28 213
28 225
28 229
28 247
28 274
28 328
28 367
28 379
28 402
28 415
29 46
29 85
29 92
29 152
29 178
29 268
29 325
29 347
29 374
29 405
29 437
29 484
30 59
30 122
30 146
30 207
30 219
30 234
30 236
30 249
30 279
30 294
30 297
30 298
30 392
30 449
31 91
31 125
31 139
31 216
31 230
31 313
31 377
31 471
32 100
32 120
32 133
32 222
32 228
32 252
32 253
32 277
32 313
32 319
32 325
32 408
32 431
32 442
33 85
33 109
33 122
33 129
33 177
33 300
33 317
33 337
34 57
34 124
34 194
34 213
34 264
34 346
34 384
34 395
34 415
34 475
34 495
34 499
35 143
35 287
35 293
35 354
35 359
35 371
35 400
35 406
35 507
36 78
36 100
36 149
36 183
36 204
36 289
36 302
36 348
36 385
36 421
36 433
37 63
37 156
37 172
37 178
37 183
37 337
37 339
37 343
37 365
38 81
38 167
38 211
38 212
38 230
38 238
38 243
38 400
38 425
38 493
38 507
39 98
39 133
39 209
39 230
39 238
39 241
39 245
39 258
39 454
39 460
39 493
40 54
40 262
40 296
40 393
40 425
40 490
41 54
41 58
41 138
41 155
41 162
41 177
41 199
41 340
41 457
42 121
42 128
42 139
42 211
42 266
42 328
42 343
42 361
42 368
42 405
42 430
42 447
42 458
42 508
43 45
43 84
43 101
43 113
43 136
43 140
43 256
43 276
43 280
43 295
43 322
43 363
43 389
43 409
43 413
43 506
44 57
44 109
44 143
44 195
44 254
44 262
44 276
44 293
44 316
44 366
44 379
44 423
44 470
45 98
45 138
45 169
45 208
45 213
45 225
45 322
45 334
45 347
45 348
45 385
45 434
45 455
45 458
45 466
45 472
45 476
46 80
46 139
46 165
46 189
46 275
46 293
46 415
46 447
46 459
46 478
46 499
46 502
47 80
47 114
47 161
47 180
47 209
47 211
47 216
47 281
47 310
47 314
47 400
47 423
47 501
48 51
48 86
48 102
48 139
48 262
48 440
49 50
49 97
49 138
49 149
49 159
49 210
49 218
49 233
49 264
49 283
49 301
49 307
49 414
49 435
49 450
49 470
49 490
50 118
50 182
50 257
50 261
50 268
50 275
50 280
50 372
50 467
51 92
51 115
51 120
51 156
51 161
51 244
51 264
51 267
51 271
51 284
51 369
51 399
51 406
51 414
51 415
51 427
51 487
52 133
52 168
52 216
52 434
53 172
53 183
53 185
53 201
53 203
53 290
53 296
53 322
53 427
53 497
54 61
54 94
54 95
54 112
54 159
54 214
54 333
54 389
54 427
54 446
54 466
55 106
55 132
55 159
55 202
55 374
55 387
56 107
56 134
56 188
56 198
56 385
56 467
56 472
56 476
57 78
57 111
57 143
57 145
57 178
57 213
57 317
57 385
57 397
57 399
57 424
57 481
57 484
57 510
58 103
58 117
58 161
58 185
58 251
58 269
58 431
58 444
59 96
59 152
59 194
59 215
59 258
59 330
59 345
59 357
59 368
59 432
59 435
59 447
59 449
59 469
59 504
60 72
60 131
60 147
60 187
60 234
60 257
60 326
60 419
61 117
61 141
61 149
61 183
61 269
61 303
61 352
61 367
61 438
61 444
61 445
61 461
61 492
62 80
62 115
62 232
62 254
62 296
62 316
62 414
62 466
63 111
63 178
63 217
63 260
63 335
63 345
63 387
63 391
63 396
63 416
63 421
63 425
63 444
64 75
64 87
64 88
64 179
64 201
64 218
64 237
64 279
64 325
64 341
64 432
64 471
64 498
65 114
65 146
65 165
65 205
65 283
65 296
65 332
65 353
65 378
65 415
65 426
65 508
65 509
66 79
66 145
66 261
66 279
66 315
66 337
66 340
66 346
66 497
67 87
67 107
67 111
67 117
67 119
67 149
67 207
67 209
67 238
67 295
67 317
67 398
67 465
67 483
67 491
67 492
68 77
68 97
68 102
68 201
68 236
68 269
68 275
68 281
68 298
68 319
68 381
68 414
68 415
68 419
68 461
69 99
69 110
69 117
69 167
69 174
69 181
69 216
69 273
69 310
69 363
69 375
69 413
69 425
69 446
69 456
69 470
70 104
70 148
70 206
70 232
70 284
70 452
70 474
70 495
71 120
71 130
71 177
71 229
71 342
71 356
71 362
71 421
72 93
72 106
72 189
72 214
72 228
72 230
72 238
72 275
72 432
72 448
72 505
73 79
73 80
73 178
73 300
73 306
73 416
73 495
73 505
73 510
74 75
74 124
74 133
74 172
74 200
74 259
74 291
74 387
75 94
75 155
75 267
75 271
75 330
75 335
75 360
75 407
75 432
75 433
75 471
76 238
76 274
76 275
76 314
76 325
76 360
76 372
76 430
76 447
76 458
77 136
77 169
77 196
77 225
77 250
77 283
77 324
77 327
77 427
77 486
78 105
78 109
78 138
78 255
78 285
78 313
78 330
78 371
78 398
78 424
78 446
79 156
79 170
79 280
79 300
79 354
79 414
79 440
80 89
80 129
80 188
80 277
80 279
80 280
80 286
80 304
80 325
80 408
80 409
80 424
80 462
80 465
80 485
81 84
81 120
81 121
81 131
81 210
81 258
81 269
81 299
81 301
81 317
81 393
81 439
82 111
82 165
82 206
82 231
82 235
82 338
82 354
82 378
82 504
83 89
83 106
83 131
83 164
83 221
83 389
83 442
83 476
83 498
83 507
83 511
84 188
84 201
84 259
84 266
84 290
84 412
85 101
85 106
85 109
85 130
85 138
85 140
85 173
85 177
85 185
85 253
85 256
85 293
85 303
85 334
85 364
85 455
85 456
86 92
86 161
86 224
86 297
86 327
86 416
86 423
86 498
87 107
87 152
87 177
87 182
87 226
87 334
87 348
87 377
87 384
87 461
87 468
87 475
87 489
88 99
88 110
88 194
88 218
88 248
88 272
88 330
88 421
88 432
88 446
88 466
88 470
88 499
88 509
89 125
89 182
89 316
89 317
89 488
90 143
90 197
90 308
90 361
90 397
90 398
90 401
90 442
90 461
91 204
91 206
91 231
91 272
91 332
91 339
91 432
91 454
91 479
92 121
92 129
92 172
92 189
92 302
92 332
92 361
92 398
92 428
92 449
93 140
93 170
93 217
93 229
93 379
93 389
93 420
93 447
93 455
93 467
93 485
93 495
94 95
94 99
94 106
94 225
94 285
94 302
94 317
94 326
94 363
94 386
94 424
94 442
94 448
94 488
94 493
95 115
95 169
95 247
95 276
95 281
95 329
95 353
95 380
95 423
95 485
96 121
96 170
96 173
96 205
96 258
96 271
96 274
96 294
96 444
96 464
96 467
97 133
97 140
97 180
97 187
97 191
97 192
97 209
97 222
97 323
97 346
97 374
97 383
97 432
97 446
97 460
97 503
98 148
98 152
98 188
98 337
98 375
98 423
98 437
98 508
99 128
99 211
99 231
99 239
99 268
99 309
99 319
99 327
99 416
99 445
99 488
100 147
100 201
100 214
100 220
100 221
100 284
100 313
100 316
100 318
100 321
100 344
100 433
100 462
100 475
101 164
101 184
101 241
101 259
101 261
101 302
101 321
101 349
101 432
101 456
101 478
102 256
102 305
102 427
103 114
103 168
103 211
103 266
103 338
103 369
103 384
103 452
103 489
103 491
103 499
104 107
104 168
104 276
104 285
104 286
104 339
104 340
104 384
104 430
104 499
104 502
105 108
105 122
105 164
105 165
105 279
105 302
105 335
105 352
105 367
105 415
105 466
105 500
106 173
106 234
106 242
106 247
106 286
106 325
106 346
106 393
106 399
106 401
106 410
106 422
106 439
106 448
106 473
106 485
106 493
106 500
107 186
107 197
107 329
107 335
107 386
107 400
107 492
107 506
107 507
108 110
108 139
108 298
108 320
108 354
108 437
109 232
109 241
109 263
109 317
109 392
109 401
109 470
109 477
110 117
110 151
110 164
110 169
110 175
110 211
110 249
110 305
110 379
110 428
110 467
110 477
111 121
111 151
111 196
111 208
111 213
111 237
111 274
111 277
111 290
111 298
111 334
111 335
111 383
111 496
112 179
112 187
112 193
112 230
112 351
112 391
112 443
112 463
112 487
113 125
113 160
113 208
113 217
113 251
113 341
113 351
113 385
113 399
113 406
113 416
113 466
114 144
114 151
114 168
114 206
114 212
114 282
114 308
114 347
114 348
114 452
115 211
115 266
115 283
115 288
115 308
115 378
115 435
115 440
115 443
115 464
115 481
115 499
116 148
116 152
116 154
116 195
116 207
116 224
116 237
116 270
116 327
116 332
116 344
116 362
116 367
116 374
116 378
116 382
116 402
116 455
116 489
117 371
117 410
117 441
117 473
117 475
117 481
117 510
118 162
118 170
118 206
118 227
118 256
118 262
118 268
118 279
118 309
118 340
118 359
118 375
118 394
118 443
118 482
119 166
119 470
119 472
120 140
120 150
120 177
120 185
120 206
120 291
120 309
120 356
120 409
120 459
121 133
121 154
121 221
121 250
121 270
121 295
121 406
121 422
121 429
121 482
122 182
122 260
122 305
122 308
122 368
122 376
122 410
122 438
122 459
123 160
123 270
123 293
123 351
123 356
123 483
124 136
124 176
124 178
124 194
124 312
124 347
124 372
124 373
124 378
124 428
124 463
124 475
125 152
125 163
125 219
125 220
125 229
125 295
125 325
125 343
125 449
125 450
125 484
125 502
126 181
126 216
126 219
126 246
126 258
126 282
126 284
126 297
126 318
126 423
126 428
126 468
126 490
127 202
127 224
127 296
127 298
127 315
127 357
127 364
127 412
127 429
127 442
127 504
127 510
128 147
128 178
128 282
128 316
128 415
128 467
128 509
129 173
129 210
129 216
129 259
129 432
129 444
130 131
130 332
130 348
130 374
130 422
130 504
131 167
131 191
131 204
131 236
131 256
131 270
131 313
131 343
131 438
131 480
132 169
132 187
132 237
132 288
132 342
132 472
132 497
133 167
133 180
133 232
133 235
133 253
133 274
133 292
133 300
133 367
133 379
133 414
133 440
133 466
133 471
133 486
134 193
134 206
134 217
134 228
134 281
134 289
134 350
135 165
135 210
135 277
135 339
135 374
135 385
135 387
135 409
135 414
135 447
135 480
136 261
136 289
136 415
136 448
136 457
136 472
137 146
137 149
137 170
137 186
137 192
137 233
137 279
137 294
137 381
137 405
137 439
137 454
138 322
138 323
138 332
138 343
138 428
138 473
139 174
139 191
139 193
139 207
139 253
139 296
139 304
139 401
139 413
139 434
140 157
140 165
140 188
140 335
140 420
140 443
140 501
141 237
141 278
141 286
141 324
141 375
141 388
141 406
141 470
141 500
142 154
142 156
142 184
142 193
142 302
142 321
142 389
142 414
142 415
142 417
142 421
142 434
142 445
142 473
143 234
143 249
143 339
143 371
143 409
143 416
143 453
143 469
144 232
144 473
145 164
145 229
145 264
145 304
145 348
145 446
145 459
145 477
146 158
146 193
146 239
146 345
146 373
146 375
146 417
146 424
146 456
147 154
147 158
147 218
147 270
147 392
147 398
147 410
147 441
147 477
148 300
148 320
148 323
148 345
148 404
148 508
149 194
149 199
149 230
149 350
149 408
150 151
150 214
150 223
150 225
150 249
150 384
150 458
150 477
150 480
151 159
151 161
151 267
151 377
151 403
151 427
151 447
151 504
152 263
152 271
152 503
153 180
153 192
153 203
153 208
153 229
153 391
153 406
153 437
153 439
153 452
154 173
154 195
154 240
154 283
154 334
154 384
154 391
154 441
154 480
154 490
155 209
155 233
155 270
155 336
155 346
155 426
155 429
155 432
155 441
155 444
155 453
155 472
155 502
155 505
156 186
156 219
156 275
156 290
156 298
156 325
156 332
156 359
156 383
156 438
156 449
156 460
157 229
157 323
157 396
157 450
157 466
157 473
157 486
158 161
158 169
158 195
158 198
158 199
158 284
158 404
159 208
159 209
159 220
159 248
159 268
159 300
159 323
159 339
159 369
159 436
159 476
160 193
160 286
160 337
160 378
160 398
160 405
160 472
161 196
161 224
161 239
161 257
161 268
161 285
161 391
161 415
161 511
162 205
162 214
162 217
162 221
162 240
162 246
162 295
162 303
162 438
162 499
163 167
163 204
163 253
163 289
163 302
163 319
163 414
164 191
164 201
164 205
164 280
164 305
164 354
165 202
165 203
165 251
165 262
165 265
165 308
165 323
165 377
165 387
165 392
165 394
166 214
166 306
166 366
166 370
166 393
166 420
166 443
166 456
166 483
167 169
167 237
167 260
167 298
167 312
167 325
167 427
168 226
168 266
168 331
168 345
168 379
168 411
168 431
168 442
168 493
169 191
169 280
169 297
169 334
169 351
169 383
169 399
169 404
169 461
169 470
169 501
170 179
170 286
170 301
170 302
170 328
170 396
170 434
170 457
170 471
170 504
170 511
171 177
171 199
171 216
171 217
171 336
171 424
171 471
171 507
172 175
172 234
172 286
172 344
172 393
172 397
172 402
172 449
172 500
173 178
173 233
173 251
173 281
173 332
173 335
173 379
173 399
173 459
173 470
174 183
174 234
174 277
174 337
174 357
174 425
174 443
175 183
175 191
175 391
175 430
175 437
175 448
175 482
175 494
176 183
176 253
176 262
176 279
176 283
176 324
176 400
176 468
176 493
176 503
177 200
177 257
177 263
177 265
177 266
177 290
177 293
177 371
177 431
177 459
178 195
178 205
178 274
178 285
178 293
178 377
178 455
178 498
178 501
179 192
179 254
179 280
179 296
179 359
179 368
179 379
179 387
179 461
179 463
180 281
180 342
180 374
180 401
180 485
180 508
181 236
181 330
181 395
181 463
182 189
182 211
182 249
182 285
182 326
182 335
182 374
182 375
182 380
182 401
182 435
182 457
182 484
182 486
182 505
183 200
183 204
183 268
183 349
183 355
183 367
183 378
183 444
183 445
184 185
184 473
184 487
185 208
185 256
185 272
185 277
185 333
185 340
185 369
185 375
185 464
185 473
186 233
186 238
186 289
186 347
186 361
187 223
187 255
187 263
187 326
187 329
187 357
187 388
187 392
187 411
187 446
187 469
188 214
188 225
188 253
188 314
188 327
188 337
188 347
188 406
188 496
189 217
189 219
189 440
189 484
189 502
189 508
190 220
190 225
190 265
190 320
190 383
190 384
190 464
191 212
191 246
191 249
191 262
191 295
191 301
191 353
191 389
191 463
191 479
191 509
192 236
192 250
192 266
192 330
192 385
192 390
192 393
192 440
192 465
192 476
192 498
193 267
193 321
193 322
193 329
193 338
193 339
193 411
193 465
193 469
193 480
193 498
194 210
194 259
194 260
194 345
194 355
194 379
194 449
194 478
195 246
195 290
195 352
195 361
195 374
195 386
195 392
196 198
196 234
196 282
196 312
196 315
196 323
197 268
197 354
197 385
197 405
197 446
197 477
197 478
198 225
198 256
198 339
198 359
198 401
198 456
198 479
198 495
198 504
199 280
199 288
199 295
199 305
199 309
199 365
199 383
199 491
200 256
200 267
200 279
200 360
201 204
201 295
201 369
201 385
201 393
201 472
201 494
202 359
202 412
202 450
202 452
202 458
203 294
203 307
203 319
203 327
203 430
203 441
203 459
203 481
203 489
204 218
204 270
204 304
204 311
204 331
204 352
204 375
204 465
205 258
205 269
205 396
205 437
205 480
205 487
206 223
206 226
206 268
206 304
206 338
206 391
207 212
207 272
207 273
207 330
207 351
207 445
207 481
208 215
208 234
208 287
208 314
208 382
208 393
208 436
208 442
208 460
209 225
209 226
209 229
209 253
209 341
209 352
209 410
209 480
209 487
209 510
210 239
210 258
210 261
210 326
210 361
210 377
210 394
210 407
210 489
211 299
211 302
211 379
211 430
211 439
211 457
211 478
212 377
212 379
212 405
212 418
212 443
212 451
212 477
212 478
212 488
213 245
213 274
213 291
213 298
213 339
213 468
214 352
214 379
214 436
214 438
214 463
214 483
214 509
215 257
215 264
215 299
215 320
215 326
215 489
216 302
216 305
216 369
216 400
216 417
217 227
217 318
217 353
217 367
217 389
217 406
217 501
218 245
218 262
218 296
218 407
219 241
219 252
219 341
219 439
219 441
219 502
220 253
220 272
220 426
220 439
220 444
220 495
220 496
221 256
221 378
221 391
221 419
221 437
221 457
221 491
222 233
222 353
222 366
222 401
222 458
222 473
222 509
223 239
223 268
223 339
223 366
223 401
223 405
223 428
223 454
223 468
223 498
224 228
224 229
224 351
224 499
225 325
225 332
225 355
225 425
225 463
225 499
226 233
226 296
226 364
226 369
226 370
226 451
226 510
227 234
227 257
227 331
227 344
227 362
227 437
228 284
228 360
228 379
228 400
228 407
228 441
228 488
228 491
228 495
229 275
229 312
229 358
229 444
230 265
230 271
230 359
230 385
230 472
230 504
230 509
231 234
231 282
231 289
231 354
231 360
231 379
231 383
231 418
232 255
232 266
232 284
232 285
232 298
232 341
232 399
232 424
232 467
232 478
233 264
233 310
233 324
233 340
233 446
234 263
234 268
234 312
234 338
234 361
234 395
234 416
234 418
234 431
234 442
234 449
234 471
235 242
235 272
235 344
235 380
235 412
235 420
235 490
235 504
235 510
236 273
236 276
236 323
236 404
236 421
236 483
237 260
237 264
237 414
237 433
237 463
238 265
238 273
238 321
238 455
238 497
239 263
239 316
239 395
239 404
239 455
239 505
240 282
240 283
240 356
240 426
240 504
240 507
241 308
241 378
241 393
241 437
241 465
241 469
241 478
242 253
242 329
242 350
242 452
242 465
243 252
243 253
243 320
243 324
243 362
243 368
243 395
243 405
243 411
243 477
243 503
244 273
244 325
244 375
244 389
244 393
244 436
244 483
245 294
245 312
245 354
245 389
245 396
245 459
245 461
245 491
245 504
245 511
246 266
246 277
246 297
246 302
246 380
246 405
246 433
246 474
246 476
246 508
247 308
247 338
247 357
247 365
247 388
247 435
247 490
247 509
248 266
248 278
248 289
248 299
248 303
248 372
248 389
248 451
248 465
248 498
249 286
249 307
249 379
249 382
249 399
250 258
250 318
250 371
250 417
250 486
250 497
250 503
251 329
251 331
251 367
251 382
251 387
251 393
251 395
251 443
252 254
252 306
252 335
252 396
252 434
252 448
252 475
253 341
253 402
253 470
253 481
253 493
254 339
254 443
255 260
255 271
255 273
255 304
255 316
255 322
255 378
255 412
255 423
255 440
255 450
255 504
256 286
256 300
256 416
256 431
256 446
256 485
257 292
257 304
257 309
257 314
257 348
257 446
257 506
258 286
258 359
258 498
259 298
259 302
259 373
259 450
260 321
260 407
260 422
260 438
260 442
260 487
260 511
261 262
261 314
261 364
261 446
262 271
262 294
262 375
262 435
262 454
262 457
262 482
262 492
262 494
263 319
263 351
263 448
263 495
264 282
264 302
264 357
264 367
264 412
264 451
264 475
264 478
264 488
265 305
265 342
265 349
265 403
265 416
266 297
266 354
266 378
266 421
266 433
266 505
267 309
267 315
267 334
267 338
267 357
267 384
267 386
267 449
267 457
268 294
268 311
268 392
268 499
268 505
269 289
269 291
269 313
269 324
269 335
269 353
269 384
269 398
269 415
269 429
269 453
269 465
269 466
269 468
269 486
269 493
269 496
269 508
270 276
270 323
270 344
270 470
270 503
271 311
272 318
272 337
272 415
272 434
272 454
272 506
273 346
273 357
273 363
273 419
273 449
273 469
274 300
274 428
274 448
274 469
274 482
274 486
274 496
275 276
275 318
275 335
275 361
275 409
275 428
275 456
275 472
275 474
276 342
276 405
276 415
276 454
277 326
277 377
277 389
277 435
277 461
278 286
278 387
278 463
278 511
279 305
279 341
279 407
279 488
280 291
280 300
280 381
280 396
280 400
280 427
280 486
281 308
281 319
281 328
281 335
281 350
281 474
281 488
281 498
282 300
282 326
282 329
282 392
282 437
282 481
283 318
283 357
283 411
284 346
284 385
284 393
284 437
284 441
284 460
284 493
284 500
284 505
285 292
286 309
286 349
286 439
286 450
287 458
288 319
288 356
288 364
288 394
288 406
288 442
288 490
289 330
289 343
289 354
289 366
289 406
290 301
290 404
290 475
291 315
291 318
291 340
291 434
291 505
292 379
292 419
292 430
292 484
293 296
293 441
293 442
293 450
294 394
294 399
294 441
295 335
295 385
295 420
295 431
296 300
296 305
296 332
296 483
297 316
297 322
297 335
297 351
297 360
297 382
297 412
297 426
297 501
298 321
298 343
298 344
298 375
298 414
299 395
299 445
300 304
300 320
300 332
300 337
300 388
300 414
300 434
300 460
300 500
301 303
301 317
301 385
302 338
302 393
302 437
302 483
303 332
303 425
303 471
303 502
304 334
304 403
304 438
304 484
304 493
305 329
305 403
305 443
305 451
305 474
306 330
306 341
306 368
306 389
306 397
306 456
307 365
307 369
307 372
307 392
307 465
308 317
308 323
308 369
308 394
308 397
308 400
308 457
309 420
309 443
309 488
309 497
309 500
310 317
310 386
310 389
310 400
310 508
311 409
311 445
312 319
312 365
312 396
312 420
312 437
312 470
312 486
313 329
313 415
313 502
315 317
315 332
315 348
315 373
315 440
315 448
315 481
315 502
315 507
316 373
316 460
317 345
317 496
317 500
317 505
318 345
318 365
318 430
318 435
319 326
319 398
319 411
319 449
319 457
319 462
320 326
320 366
320 375
320 403
320 404
320 437
320 445
320 454
320 511
321 323
321 334
321 376
321 511
322 374
323 385
323 391
323 421
323 443
324 334
324 488
324 493
325 333
325 335
325 352
325 387
325 452
325 480
326 356
326 397
326 434
326 443
326 457
326 458
326 459
326 465
327 328
327 345
327 366
327 391
327 422
327 424
327 431
327 440
328 343
328 356
328 404
328 433
328 435
328 436
328 450
328 463
328 488
329 331
329 341
329 373
329 383
329 421
329 448
329 499
330 485
330 499
330 508
331 336
331 402
331 474
331 486
331 489
331 493
332 396
332 473
333 344
333 375
333 389
333 473
334 380
334 386
334 448
334 496
334 499
335 367
335 409
335 419
335 431
335 461
335 488
335 495
336 509
337 355
337 400
337 403
337 411
337 455
337 487
337 490
337 505
338 403
339 396
339 426
339 429
339 477
339 504
340 374
340 436
340 446
340 471
340 489
340 501
341 347
341 381
341 408
341 416
341 430
341 444
341 507
342 344
342 347
342 375
342 394
342 396
342 429
342 437
342 481
343 430
343 480
343 497
343 507
344 370
344 392
344 436
344 446
344 462
344 508
345 422
345 426
345 448
345 449
346 356
346 363
346 395
346 468
347 413
347 436
347 484
347 496
348 365
348 388
349 394
349 509
350 368
350 410
350 415
350 491
350 497
351 353
351 380
351 399
351 404
351 446
351 505
351 508
351 510
352 354
352 384
352 442
352 476
352 493
352 496
353 396
353 399
353 449
353 455
353 496
353 499
354 406
354 427
354 482
354 490
355 383
355 422
355 451
355 511
356 421
356 494
357 364
357 414
357 417
357 427
357 475
358 439
359 366
359 408
359 448
359 494
360 393
360 429
360 471
360 486
361 502
362 381
362 413
362 438
362 454
362 492
362 507
363 390
363 409
363 419
363 440
363 445
363 464
363 483
364 425
364 441
364 473
364 486
365 382
365 508
365 509
366 386
366 390
366 391
366 455
366 467
366 488
366 492
367 432
367 436
367 454
367 480
368 385
368 395
368 408
368 423
368 458
368 469
368 479
369 373
369 413
369 422
369 506
370 424
370 474
371 430
371 435
371 462
372 471
373 421
373 422
373 430
373 455
373 489
373 497
374 409
374 422
374 437
374 506
375 424
375 470
375 490
376 393
376 464
376 472
377 395
377 404
377 414
377 463
378 381
378 451
378 490
378 503
379 382
379 394
379 405
379 427
379 443
379 507
379 508
380 405
381 383
381 399
381 412
381 414
381 496
382 504
383 397
383 402
383 416
383 419
383 437
383 454
383 489
384 484
384 501
385 405
385 438
385 450
385 507
386 414
386 468
387 405
387 455
387 499
388 391
388 443
388 462
389 409
389 432
389 509
391 428
391 433
391 473
393 446
393 487
393 501
393 506
394 490
396 402
396 429
396 444
397 463
397 511
398 463
399 414
399 423
399 443
399 489
399 508
400 424
400 499
400 504
401 470
401 504
402 421
402 447
402 457
402 482
402 511
403 429
403 460
404 420
405 407
405 437
405 443
406 416
406 420
406 438
406 455
406 497
406 509
407 491
408 410
409 418
410 451
410 499
411 465
411 468
411 484
411 486
412 420
412 425
413 452
413 469
413 470
413 492
414 494
415 426
415 469
415 503
416 452
416 459
417 421
417 428
417 456
417 461
418 473
419 452
419 459
419 477
419 488
420 438
420 455
420 463
421 454
421 489
421 497
421 501
422 478
422 500
423 473
423 477
423 490
423 501
424 486
425 454
425 486
425 499
426 463
426 469
426 491
426 505
427 509
428 449
428 465
429 476
430 452
430 502
431 432
432 490
432 509
433 458
433 464
434 445
434 448
435 463
435 476
435 492
435 509
436 474
436 510
437 476
437 482
439 493
440 488
440 495
441 463
441 511
442 488
443 497
444 452
445 453
445 458
445 483
446 451
447 496
447 502
448 449
448 483
449 492
449 507
450 480
451 479
452 462
452 464
453 472
453 485
453 496
456 498
457 471
460 470
460 488
460 503
462 506
463 465
464 497
465 491
466 483
467 481
468 483
468 490
468 500
471 495
471 510
472 475
472 491
475 485
475 504
478 481
483 505
484 510
486 502
490 501
490 503
493 494
493 511
496 501
505 506
