0 10
0 11
0 12
0 13
0 14
0 15
0 16
0 17
0 18
0 19
0 20
0 21
0 23
0 24
0 25
0 27
0 31
0 39
0 40
0 43
0 47
0 49
0 52
0 60
0 64
0 66
0 79
0 89
0 93
0 98
0 102
0 108
0 113
0 128
0 133
0 158
0 163
0 184
0 187
0 188
0 194
0 195
0 200
0 212
0 216
0 219
0 220
0 221
0 246
0 256
0 286
0 287
0 288
0 292
0 294
0 308
0 313
0 315
0 316
0 333
0 350
0 353
0 372
0 383
0 393
0 398
0 402
0 414
0 422
0 428
0 464
0 473
0 521
0 539
0 562
0 597
0 628
0 639
0 642
0 662
0 666
0 674
0 679
0 687
0 704
0 705
0 736
0 737
0 741
0 746
0 763
0 766
0 769
0 780
0 781
0 787
0 799
0 808
0 818
0 832
0 838
0 867
0 884
0 986
0 1009
1 10
1 11
1 12
1 13
1 16
1 18
1 20
1 21
1 29
1 30
1 31
1 34
1 35
1 36
1 43
1 44
1 50
1 51
1 52
1 54
1 56
1 60
1 75
1 82
1 90
1 100
1 103
1 106
1 109
1 125
1 128
1 157
1 158
1 160
1 166
1 168
1 173
1 199
1 201
1 204
1 219
1 224
1 242
1 243
1 273
1 276
1 290
1 304
1 306
1 320
1 322
1 358
1 362
1 379
1 393
1 395
1 400
1 411
1 421
1 444
1 462
1 464
1 474
1 486
1 511
1 527
1 558
1 559
1 563
1 585
1 586
1 594
1 599
1 605
1 616
1 631
1 640
1 650
1 653
1 678
1 695
1 741
1 799
1 817
1 838
1 840
1 852
1 880
1 886
1 897
1 916
1 919
1 920
1 930
1 940
1 968
1 976
2 10
2 11
2 12
2 14
2 15
2 17
2 19
2 23
2 24
2 27
2 28
2 30
2 31
2 36
2 38
2 47
2 75
2 83
2 88
2 133
2 140
2 154
2 179
2 194
2 213
2 215
2 223
2 224
2 225
2 235
2 263
2 271
2 308
2 330
2 365
2 372
2 379
2 440
2 442
2 512
2 563
2 616
2 663
2 674
2 682
2 770
2 905
2 920
2 961
2 999
3 10
3 11
3 12
3 13
3 14
3 15
3 20
3 21
3 24
3 26
3 28
3 32
3 33
3 34
3 37
3 45
3 50
3 87
3 88
3 97
3 98
3 113
3 115
3 117
3 164
3 168
3 184
3 209
3 213
3 218
3 222
3 246
3 260
3 273
3 290
3 302
3 305
3 328
3 374
3 378
3 406
3 443
3 445
3 500
3 542
3 543
3 553
3 568
3 569
3 570
3 606
3 636
3 667
3 719
3 755
3 822
3 838
3 843
3 946
3 953
3 957
3 985
3 1004
3 1021
4 10
4 11
4 12
4 14
4 24
4 37
4 47
4 90
4 115
4 136
4 159
4 160
4 210
4 239
4 249
4 269
4 290
4 377
4 384
4 386
4 409
4 525
4 541
4 545
4 564
4 667
4 680
4 724
4 780
4 783
4 786
4 797
4 820
4 930
4 950
4 1001
4 1004
4 1009
5 10
5 11
5 12
5 15
5 16
5 17
5 20
5 26
5 27
5 33
5 35
5 36
5 43
5 49
5 51
5 56
5 63
5 69
5 72
5 73
5 79
5 84
5 133
5 135
5 146
5 170
5 179
5 190
5 198
5 199
5 203
5 208
5 218
5 232
5 240
5 248
5 260
5 292
5 298
5 318
5 319
5 341
5 346
5 347
5 353
5 375
5 377
5 384
5 387
5 395
5 411
5 416
5 449
5 470
5 474
5 495
5 552
5 581
5 637
5 644
5 651
5 657
5 663
5 689
5 695
5 722
5 741
5 783
5 834
5 836
5 856
5 858
5 861
5 865
5 870
5 891
5 894
5 895
5 896
5 902
5 911
5 930
5 951
5 973
5 978
5 991
5 1010
6 10
6 11
6 13
6 16
6 17
6 19
6 23
6 25
6 28
6 29
6 33
6 38
6 46
6 53
6 54
6 55
6 56
6 62
6 63
6 85
6 116
6 118
6 129
6 173
6 176
6 180
6 181
6 190
6 228
6 238
6 239
6 244
6 249
6 298
6 318
6 336
6 345
6 356
6 369
6 404
6 434
6 461
6 506
6 547
6 569
6 576
6 589
6 621
6 644
6 670
6 755
6 765
6 767
6 798
6 803
6 821
6 876
6 908
6 955
6 1009
7 10
7 11
7 12
7 13
7 14
7 16
7 17
7 18
7 19
7 21
7 22
7 25
7 27
7 30
7 31
7 36
7 42
7 53
7 60
7 62
7 65
7 66
7 75
7 80
7 81
7 91
7 121
7 129
7 130
7 160
7 161
7 176
7 204
7 217
7 219
7 238
7 248
7 268
7 271
7 278
7 301
7 316
7 354
7 363
7 373
7 376
7 382
7 391
7 459
7 481
7 491
7 497
7 510
7 529
7 533
7 547
7 556
7 573
7 604
7 624
7 635
7 656
7 668
7 673
7 699
7 723
7 777
7 778
7 791
7 837
7 851
7 877
7 949
7 977
7 985
8 10
8 11
8 12
8 13
8 14
8 15
8 18
8 20
8 23
8 24
8 29
8 32
8 39
8 42
8 50
8 59
8 78
8 81
8 88
8 107
8 127
8 144
8 157
8 167
8 172
8 189
8 190
8 197
8 216
8 236
8 240
8 250
8 253
8 257
8 261
8 265
8 268
8 283
8 339
8 350
8 396
8 405
8 411
8 432
8 448
8 469
8 483
8 524
8 526
8 575
8 577
8 581
8 585
8 604
8 608
8 622
8 627
8 630
8 676
8 683
8 730
8 750
8 769
8 791
8 828
8 882
8 945
8 958
8 960
8 975
8 996
8 998
8 1002
8 1006
9 10
9 13
9 142
10 11
10 12
10 13
10 14
10 15
10 17
10 18
10 19
10 20
10 21
10 22
10 23
10 24
10 25
10 26
10 27
10 29
10 31
10 33
10 37
10 40
10 41
10 45
10 47
10 53
10 54
10 55
10 60
10 69
10 76
10 77
10 78
10 79
10 81
10 84
10 85
10 88
10 89
10 91
10 92
10 97
10 99
10 101
10 106
10 108
10 110
10 114
10 120
10 122
10 123
10 124
10 126
10 131
10 146
10 147
10 149
10 154
10 155
10 156
10 159
10 162
10 169
10 171
10 182
10 187
10 197
10 204
10 205
10 206
10 208
10 213
10 236
10 239
10 243
10 245
10 247
10 250
10 254
10 259
10 271
10 273
10 279
10 291
10 305
10 308
10 322
10 324
10 326
10 327
10 328
10 337
10 341
10 342
10 343
10 361
10 366
10 384
10 399
10 405
10 408
10 418
10 424
10 426
10 429
10 455
10 476
10 487
10 493
10 503
10 504
10 516
10 520
10 522
10 523
10 524
10 536
10 550
10 567
10 569
10 571
10 573
10 574
10 582
10 601
10 606
10 607
10 609
10 632
10 670
10 712
10 714
10 751
10 763
10 786
10 787
10 788
10 806
10 843
10 846
10 850
10 852
10 857
10 869
10 904
10 912
10 917
10 933
10 935
10 942
10 986
10 1011
11 12
11 13
11 14
11 15
11 16
11 17
11 18
11 19
11 21
11 22
11 23
11 27
11 28
11 30
11 31
11 33
11 34
11 36
11 42
11 47
11 48
11 51
11 53
11 54
11 55
11 56
11 59
11 61
11 72
11 77
11 78
11 83
11 85
11 97
11 98
11 99
11 101
11 103
11 105
11 109
11 118
11 119
11 120
11 121
11 122
11 123
11 126
11 129
11 134
11 135
11 137
11 138
11 144
11 145
11 148
11 150
11 156
11 160
11 162
11 165
11 175
11 182
11 185
11 198
11 208
11 215
11 221
11 227
11 239
11 244
11 248
11 252
11 256
11 260
11 261
11 277
11 289
11 303
11 306
11 310
11 320
11 323
11 337
11 339
11 344
11 346
11 348
11 349
11 361
11 367
11 368
11 375
11 381
11 382
11 387
11 393
11 401
11 420
11 421
11 437
11 446
11 452
11 456
11 462
11 473
11 479
11 482
11 490
11 500
11 507
11 508
11 511
11 512
11 528
11 530
11 548
11 557
11 564
11 572
11 577
11 585
11 612
11 626
11 630
11 638
11 657
11 729
11 730
11 734
11 765
11 853
11 871
11 879
11 902
11 908
11 918
11 922
11 943
11 954
11 964
11 1003
11 1019
11 1022
12 13
12 14
12 15
12 16
12 17
12 18
12 19
12 20
12 21
12 22
12 24
12 26
12 28
12 29
12 30
12 31
12 32
12 34
12 35
12 37
12 38
12 45
12 55
12 57
12 59
12 61
12 62
12 67
12 70
12 75
12 77
12 78
12 81
12 83
12 87
12 93
12 95
12 100
12 115
12 119
12 120
12 125
12 138
12 142
12 147
12 148
12 156
12 158
12 180
12 188
12 191
12 192
12 201
12 206
12 207
12 234
12 238
12 252
12 259
12 267
12 271
12 287
12 310
12 316
12 320
12 324
12 368
12 380
12 388
12 389
12 396
12 399
12 404
12 424
12 428
12 440
12 450
12 474
12 476
12 498
12 521
12 547
12 559
12 580
12 613
12 629
12 634
12 637
12 640
12 647
12 664
12 670
12 675
12 677
12 684
12 726
12 734
12 747
12 759
12 777
12 779
12 783
12 815
12 820
12 830
12 833
12 836
12 854
12 860
12 865
12 886
12 904
12 924
12 932
12 941
12 942
12 960
12 972
12 975
12 1012
12 1014
12 1021
13 14
13 15
13 16
13 17
13 18
13 19
13 20
13 21
13 22
13 23
13 28
13 29
13 32
13 33
13 38
13 42
13 44
13 46
13 55
13 56
13 71
13 75
13 78
13 92
13 102
13 103
13 108
13 136
13 140
13 141
13 143
13 144
13 149
13 153
13 166
13 175
13 189
13 207
13 211
13 219
13 220
13 223
13 271
13 274
13 275
13 283
13 286
13 312
13 325
13 349
13 377
13 398
13 405
13 408
13 411
13 418
13 424
13 429
13 455
13 460
13 484
13 489
13 494
13 495
13 497
13 499
13 502
13 510
13 515
13 522
13 525
13 528
13 538
13 543
13 549
13 550
13 552
13 565
13 566
13 567
13 575
13 577
13 582
13 588
13 613
13 633
13 637
13 642
13 646
13 673
13 690
13 732
13 740
13 749
13 766
13 773
13 775
13 782
13 789
13 803
13 815
13 839
13 878
13 882
13 913
13 925
13 928
13 937
13 948
13 989
13 1013
14 15
14 16
14 18
14 19
14 21
14 22
14 23
14 24
14 25
14 27
14 28
14 31
14 35
14 36
14 38
14 40
14 47
14 48
14 54
14 58
14 65
14 66
14 72
14 91
14 92
14 100
14 111
14 112
14 121
14 132
14 135
14 146
14 166
14 168
14 170
14 177
14 185
14 187
14 198
14 199
14 203
14 214
14 229
14 256
14 261
14 273
14 274
14 275
14 295
14 299
14 305
14 329
14 332
14 341
14 345
14 349
14 365
14 383
14 387
14 394
14 399
14 407
14 409
14 418
14 425
14 429
14 430
14 435
14 441
14 454
14 458
14 460
14 464
14 500
14 509
14 525
14 527
14 530
14 566
14 579
14 581
14 582
14 622
14 631
14 644
14 658
14 670
14 682
14 683
14 697
14 727
14 731
14 758
14 770
14 779
14 793
14 818
14 819
14 821
14 822
14 828
14 830
14 860
14 876
14 887
14 922
14 935
14 938
14 947
14 948
14 969
14 981
14 983
14 994
14 1004
15 16
15 27
15 29
15 33
15 40
15 41
15 48
15 51
15 61
15 65
15 84
15 86
15 89
15 96
15 102
15 106
15 110
15 115
15 124
15 126
15 127
15 130
15 132
15 134
15 138
15 139
15 145
15 148
15 151
15 160
15 164
15 173
15 198
15 210
15 219
15 223
15 247
15 265
15 267
15 295
15 297
15 310
15 318
15 328
15 338
15 342
15 354
15 363
15 374
15 386
15 391
15 409
15 430
15 493
15 527
15 533
15 546
15 552
15 601
15 603
15 612
15 640
15 647
15 728
15 740
15 770
15 799
15 807
15 819
15 834
15 854
15 863
15 868
15 874
15 898
15 960
15 992
15 1002
15 1005
16 17
16 18
16 20
16 23
16 24
16 37
16 43
16 44
16 45
16 46
16 52
16 53
16 59
16 60
16 75
16 76
16 86
16 89
16 90
16 93
16 96
16 98
16 99
16 112
16 113
16 118
16 129
16 131
16 142
16 152
16 155
16 161
16 165
16 166
16 174
16 189
16 205
16 209
16 228
16 250
16 256
16 275
16 276
16 277
16 283
16 290
16 297
16 307
16 330
16 342
16 354
16 360
16 377
16 402
16 450
16 477
16 488
16 514
16 528
16 529
16 608
16 625
16 660
16 668
16 682
16 694
16 698
16 708
16 713
16 721
16 740
16 759
16 772
16 781
16 785
16 795
16 804
16 805
16 810
16 819
16 823
16 857
16 858
16 871
16 932
16 941
16 943
16 971
16 1016
17 19
17 26
17 28
17 29
17 35
17 40
17 41
17 43
17 46
17 50
17 54
17 58
17 62
17 64
17 65
17 66
17 70
17 71
17 84
17 86
17 88
17 103
17 104
17 111
17 112
17 113
17 115
17 116
17 122
17 130
17 141
17 147
17 165
17 170
17 172
17 179
17 180
17 183
17 185
17 192
17 209
17 214
17 223
17 234
17 235
17 237
17 248
17 259
17 276
17 287
17 289
17 316
17 336
17 348
17 353
17 359
17 361
17 375
17 382
17 394
17 404
17 407
17 420
17 429
17 433
17 446
17 451
17 456
17 469
17 474
17 478
17 489
17 492
17 516
17 527
17 575
17 578
17 587
17 590
17 600
17 621
17 622
17 655
17 662
17 708
17 724
17 741
17 747
17 756
17 767
17 773
17 779
17 786
17 790
17 795
17 824
17 827
17 829
17 836
17 844
17 857
17 858
17 866
17 914
17 920
17 936
17 953
17 956
17 993
18 21
18 22
18 26
18 34
18 44
18 47
18 57
18 62
18 63
18 67
18 68
18 70
18 73
18 74
18 76
18 77
18 84
18 87
18 91
18 93
18 95
18 100
18 102
18 105
18 107
18 109
18 117
18 119
18 131
18 141
18 148
18 158
18 159
18 165
18 173
18 179
18 183
18 189
18 196
18 198
18 206
18 215
18 221
18 222
18 226
18 231
18 237
18 263
18 264
18 280
18 288
18 298
18 307
18 308
18 319
18 323
18 328
18 329
18 332
18 334
18 338
18 340
18 341
18 351
18 352
18 374
18 400
18 406
18 421
18 460
18 465
18 471
18 495
18 520
18 549
18 578
18 598
18 618
18 632
18 656
18 666
18 698
18 741
18 745
18 755
18 766
18 775
18 808
18 823
18 846
18 851
18 859
18 866
18 938
18 955
18 956
18 958
18 959
18 966
18 997
19 20
19 22
19 25
19 26
19 28
19 32
19 34
19 37
19 39
19 43
19 48
19 50
19 52
19 78
19 82
19 83
19 84
19 88
19 90
19 98
19 100
19 115
19 116
19 117
19 122
19 138
19 142
19 143
19 151
19 183
19 197
19 217
19 236
19 247
19 292
19 357
19 360
19 388
19 410
19 439
19 449
19 454
19 468
19 498
19 510
19 511
19 541
19 616
19 619
19 629
19 632
19 674
19 695
19 696
19 753
19 765
19 768
19 792
19 794
19 799
19 827
19 874
19 875
19 897
19 907
19 929
19 995
19 1001
20 22
20 25
20 32
20 39
20 40
20 41
20 42
20 44
20 45
20 49
20 52
20 56
20 61
20 66
20 74
20 76
20 87
20 89
20 94
20 97
20 125
20 128
20 136
20 138
20 152
20 153
20 166
20 175
20 192
20 195
20 206
20 207
20 215
20 229
20 235
20 236
20 237
20 254
20 256
20 282
20 283
20 285
20 288
20 331
20 364
20 405
20 415
20 420
20 434
20 446
20 447
20 448
20 461
20 466
20 467
20 507
20 531
20 536
20 537
20 591
20 594
20 615
20 638
20 667
20 672
20 674
20 689
20 693
20 751
20 776
20 785
20 820
20 846
20 948
20 1014
21 22
21 25
21 26
21 27
21 34
21 35
21 37
21 40
21 48
21 49
21 52
21 53
21 56
21 59
21 62
21 65
21 68
21 69
21 71
21 74
21 80
21 82
21 85
21 86
21 94
21 100
21 101
21 102
21 105
21 106
21 108
21 112
21 129
21 130
21 133
21 137
21 138
21 158
21 164
21 172
21 176
21 183
21 190
21 193
21 202
21 208
21 213
21 226
21 233
21 235
21 238
21 240
21 250
21 272
21 280
21 282
21 292
21 300
21 302
21 311
21 327
21 336
21 348
21 353
21 367
21 373
21 376
21 387
21 398
21 409
21 508
21 509
21 514
21 531
21 538
21 548
21 577
21 579
21 589
21 591
21 626
21 638
21 646
21 660
21 699
21 706
21 720
21 722
21 732
21 737
21 755
21 767
21 781
21 800
21 818
21 823
21 831
21 841
21 849
21 873
21 881
21 899
21 909
21 926
21 939
21 942
21 960
21 983
21 987
21 1007
22 23
22 25
22 27
22 33
22 35
22 38
22 41
22 42
22 44
22 47
22 48
22 55
22 59
22 70
22 73
22 78
22 91
22 96
22 103
22 105
22 109
22 131
22 161
22 164
22 167
22 170
22 175
22 195
22 199
22 203
22 210
22 211
22 217
22 235
22 243
22 255
22 258
22 265
22 266
22 274
22 278
22 294
22 300
22 307
22 351
22 353
22 355
22 368
22 377
22 386
22 412
22 414
22 438
22 445
22 449
22 458
22 467
22 479
22 496
22 497
22 549
22 582
22 596
22 602
22 606
22 679
22 684
22 695
22 731
22 734
22 745
22 774
22 781
22 816
22 855
22 873
22 936
22 983
22 992
23 24
23 25
23 28
23 30
23 31
23 32
23 37
23 39
23 42
23 47
23 51
23 54
23 56
23 69
23 76
23 91
23 104
23 123
23 127
23 136
23 153
23 156
23 163
23 165
23 169
23 177
23 184
23 194
23 203
23 209
23 219
23 234
23 245
23 262
23 284
23 303
23 305
23 318
23 337
23 339
23 357
23 358
23 373
23 383
23 395
23 416
23 443
23 444
23 476
23 485
23 494
23 579
23 584
23 598
23 604
23 655
23 715
23 760
23 780
23 804
23 809
23 812
23 829
23 836
23 856
23 877
23 883
23 900
23 937
23 954
24 26
24 29
24 30
24 32
24 34
24 42
24 46
24 68
24 74
24 104
24 117
24 139
24 174
24 191
24 201
24 230
24 233
24 257
24 281
24 285
24 308
24 369
24 418
24 421
24 425
24 430
24 461
24 478
24 564
24 589
24 612
24 632
24 646
24 651
24 718
24 780
24 784
24 791
24 820
24 829
24 836
24 902
24 981
24 1004
25 26
25 35
25 36
25 38
25 44
25 49
25 50
25 57
25 58
25 61
25 67
25 70
25 73
25 74
25 78
25 87
25 93
25 94
25 101
25 103
25 106
25 118
25 122
25 163
25 172
25 181
25 203
25 229
25 239
25 253
25 258
25 275
25 278
25 280
25 303
25 314
25 328
25 348
25 362
25 387
25 406
25 423
25 425
25 479
25 516
25 519
25 529
25 565
25 582
25 641
25 658
25 669
25 691
25 734
25 738
25 823
25 832
25 854
25 866
25 882
25 893
25 906
25 908
25 977
25 987
26 29
26 30
26 46
26 48
26 69
26 70
26 85
26 109
26 128
26 135
26 192
26 193
26 229
26 242
26 256
26 262
26 269
26 309
26 313
26 319
26 336
26 338
26 393
26 461
26 464
26 515
26 520
26 528
26 570
26 698
26 735
26 797
26 859
26 871
26 924
26 932
27 30
27 31
27 34
27 35
27 37
27 42
27 44
27 45
27 48
27 49
27 58
27 68
27 70
27 73
27 76
27 77
27 80
27 96
27 104
27 106
27 112
27 138
27 146
27 170
27 178
27 186
27 188
27 189
27 203
27 205
27 206
27 217
27 222
27 232
27 241
27 252
27 262
27 263
27 270
27 286
27 293
27 294
27 304
27 310
27 321
27 332
27 334
27 343
27 350
27 351
27 362
27 364
27 365
27 383
27 391
27 395
27 435
27 444
27 465
27 498
27 530
27 535
27 537
27 546
27 585
27 601
27 610
27 620
27 643
27 659
27 662
27 681
27 686
27 710
27 718
27 725
27 738
27 742
27 765
27 772
27 773
27 778
27 780
27 793
27 836
27 880
27 886
27 896
27 899
27 906
27 920
27 940
27 944
27 945
27 958
27 981
27 990
27 1003
27 1008
27 1009
27 1010
28 30
28 32
28 36
28 41
28 51
28 53
28 55
28 56
28 61
28 66
28 69
28 74
28 76
28 91
28 93
28 95
28 96
28 108
28 117
28 119
28 141
28 148
28 154
28 161
28 167
28 171
28 198
28 201
28 209
28 214
28 222
28 240
28 276
28 277
28 285
28 294
28 295
28 305
28 306
28 312
28 317
28 319
28 328
28 354
28 394
28 422
28 434
28 437
28 445
28 447
28 454
28 481
28 498
28 499
28 509
28 520
28 522
28 528
28 574
28 575
28 581
28 625
28 640
28 650
28 655
28 668
28 680
28 688
28 701
28 702
28 715
28 732
28 734
28 737
28 738
28 747
28 795
28 808
28 817
28 847
28 859
28 876
28 885
28 887
28 940
28 957
28 962
28 965
28 993
28 1008
29 32
29 36
29 37
29 38
29 39
29 41
29 45
29 47
29 58
29 60
29 62
29 72
29 73
29 103
29 110
29 116
29 124
29 129
29 134
29 202
29 226
29 231
29 251
29 255
29 277
29 318
29 326
29 336
29 362
29 368
29 371
29 422
29 431
29 435
29 474
29 514
29 563
29 587
29 593
29 606
29 616
29 644
29 648
29 693
29 710
29 745
29 774
29 865
29 881
29 891
29 927
29 971
29 981
29 990
29 1013
29 1016
30 33
30 44
30 57
30 63
30 65
30 91
30 97
30 134
30 139
30 163
30 173
30 180
30 242
30 252
30 279
30 281
30 311
30 335
30 338
30 349
30 362
30 405
30 445
30 451
30 466
30 493
30 556
30 592
30 660
30 713
30 841
30 875
30 877
30 881
30 953
30 976
31 33
31 35
31 36
31 39
31 45
31 46
31 48
31 53
31 55
31 57
31 62
31 63
31 65
31 72
31 100
31 104
31 106
31 109
31 111
31 116
31 130
31 131
31 147
31 150
31 154
31 157
31 158
31 163
31 175
31 182
31 186
31 192
31 193
31 203
31 212
31 213
31 220
31 264
31 267
31 281
31 285
31 298
31 299
31 309
31 334
31 340
31 359
31 363
31 385
31 400
31 401
31 402
31 412
31 419
31 436
31 458
31 477
31 500
31 510
31 513
31 534
31 558
31 565
31 581
31 596
31 623
31 630
31 640
31 641
31 654
31 666
31 712
31 728
31 754
31 759
31 767
31 786
31 821
31 824
31 910
31 964
31 995
31 1005
31 1022
32 39
32 40
32 41
32 49
32 51
32 52
32 53
32 57
32 58
32 60
32 69
32 70
32 72
32 74
32 80
32 90
32 98
32 104
32 113
32 132
32 140
32 141
32 142
32 149
32 152
32 186
32 222
32 223
32 225
32 251
32 254
32 257
32 279
32 289
32 317
32 359
32 379
32 383
32 424
32 430
32 451
32 457
32 471
32 484
32 496
32 505
32 518
32 545
32 561
32 633
32 647
32 690
32 745
32 764
32 793
32 808
32 845
32 865
32 882
32 908
32 938
32 945
32 947
32 976
32 1010
33 34
33 38
33 39
33 40
33 43
33 49
33 51
33 57
33 64
33 68
33 71
33 74
33 75
33 81
33 82
33 93
33 95
33 99
33 106
33 112
33 133
33 138
33 148
33 174
33 195
33 216
33 224
33 258
33 263
33 264
33 299
33 304
33 327
33 330
33 342
33 352
33 422
33 451
33 465
33 482
33 498
33 517
33 522
33 536
33 614
33 659
33 678
33 685
33 701
33 730
33 753
33 774
33 775
33 795
33 810
33 846
33 896
33 921
33 944
33 970
33 975
33 982
34 42
34 44
34 45
34 55
34 70
34 78
34 82
34 90
34 102
34 120
34 124
34 125
34 135
34 139
34 140
34 149
34 220
34 223
34 245
34 259
34 265
34 275
34 299
34 303
34 320
34 375
34 379
34 392
34 393
34 407
34 412
34 463
34 468
34 549
34 612
34 620
34 652
34 678
34 684
34 696
34 735
34 761
34 826
34 859
34 879
34 935
34 952
34 970
34 982
35 46
35 50
35 58
35 79
35 94
35 108
35 109
35 110
35 132
35 133
35 155
35 172
35 174
35 176
35 180
35 197
35 200
35 239
35 258
35 274
35 301
35 342
35 360
35 364
35 380
35 401
35 404
35 409
35 411
35 432
35 444
35 457
35 503
35 504
35 507
35 508
35 512
35 568
35 594
35 597
35 613
35 643
35 653
35 671
35 684
35 823
35 826
35 864
35 869
35 889
35 912
35 985
36 43
36 46
36 49
36 63
36 67
36 68
36 69
36 79
36 80
36 85
36 86
36 97
36 99
36 111
36 114
36 125
36 137
36 149
36 163
36 176
36 183
36 204
36 232
36 239
36 251
36 255
36 270
36 272
36 277
36 284
36 289
36 304
36 307
36 317
36 319
36 351
36 357
36 381
36 386
36 410
36 411
36 414
36 465
36 515
36 533
36 575
36 597
36 610
36 614
36 616
36 668
36 746
36 747
36 750
36 795
36 821
36 827
36 829
36 884
36 976
37 38
37 48
37 65
37 73
37 82
37 84
37 90
37 93
37 96
37 120
37 139
37 146
37 153
37 181
37 188
37 208
37 209
37 242
37 257
37 269
37 271
37 323
37 340
37 353
37 368
37 384
37 404
37 407
37 445
37 454
37 456
37 467
37 519
37 520
37 524
37 540
37 579
37 619
37 674
37 678
37 685
37 749
37 753
37 817
37 847
37 848
37 850
37 852
37 854
37 894
37 972
37 987
37 1009
38 39
38 40
38 43
38 46
38 57
38 58
38 68
38 74
38 77
38 94
38 111
38 119
38 139
38 151
38 164
38 167
38 172
38 184
38 202
38 211
38 255
38 289
38 291
38 294
38 335
38 389
38 405
38 438
38 441
38 483
38 511
38 519
38 523
38 530
38 572
38 584
38 587
38 621
38 829
38 831
38 860
38 900
38 913
38 929
38 976
38 1012
38 1013
39 41
39 45
39 50
39 52
39 75
39 86
39 87
39 88
39 95
39 102
39 125
39 134
39 144
39 153
39 165
39 185
39 229
39 255
39 264
39 300
39 324
39 360
39 364
39 370
39 394
39 401
39 460
39 474
39 479
39 487
39 499
39 528
39 594
39 621
39 638
39 649
39 712
39 717
39 780
39 823
39 858
39 872
39 902
39 1003
40 41
40 55
40 60
40 66
40 67
40 68
40 77
40 85
40 93
40 94
40 96
40 97
40 100
40 113
40 115
40 116
40 121
40 124
40 126
40 134
40 154
40 157
40 162
40 170
40 181
40 184
40 192
40 196
40 201
40 202
40 207
40 212
40 214
40 220
40 221
40 232
40 236
40 264
40 308
40 309
40 311
40 350
40 351
40 355
40 368
40 374
40 410
40 414
40 417
40 425
40 452
40 506
40 513
40 520
40 550
40 576
40 610
40 623
40 633
40 648
40 681
40 694
40 700
40 743
40 764
40 788
40 799
40 842
40 847
40 865
40 874
40 912
40 960
40 1001
41 43
41 50
41 58
41 63
41 64
41 67
41 70
41 79
41 82
41 99
41 104
41 114
41 133
41 135
41 147
41 180
41 181
41 195
41 204
41 219
41 234
41 265
41 282
41 286
41 287
41 313
41 321
41 322
41 329
41 336
41 374
41 445
41 490
41 497
41 534
41 560
41 579
41 591
41 610
41 631
41 654
41 685
41 738
41 746
41 821
41 843
41 861
41 870
41 954
41 1002
41 1019
42 49
42 52
42 77
42 110
42 119
42 122
42 150
42 152
42 165
42 166
42 169
42 176
42 224
42 235
42 242
42 277
42 286
42 287
42 302
42 416
42 496
42 518
42 591
42 604
42 635
42 649
42 798
42 815
42 816
42 936
42 947
42 955
43 61
43 65
43 76
43 77
43 79
43 86
43 101
43 108
43 116
43 139
43 146
43 161
43 165
43 169
43 178
43 186
43 193
43 195
43 199
43 213
43 218
43 219
43 250
43 253
43 256
43 257
43 264
43 270
43 279
43 293
43 306
43 319
43 442
43 455
43 475
43 480
43 492
43 494
43 504
43 543
43 578
43 583
43 590
43 637
43 687
43 697
43 712
43 714
43 731
43 747
43 764
43 816
43 822
43 838
43 843
43 851
43 872
43 889
43 893
43 914
43 923
43 944
43 957
43 973
43 983
43 991
44 51
44 54
44 57
44 60
44 63
44 65
44 67
44 69
44 85
44 88
44 107
44 113
44 125
44 136
44 152
44 163
44 167
44 177
44 178
44 183
44 195
44 202
44 244
44 254
44 258
44 268
44 279
44 329
44 339
44 346
44 390
44 402
44 413
44 415
44 469
44 479
44 501
44 508
44 512
44 552
44 555
44 560
44 596
44 615
44 640
44 712
44 716
44 718
44 739
44 745
44 756
44 758
44 761
44 767
44 772
44 774
44 880
44 893
44 903
44 905
44 934
44 941
44 968
44 971
45 54
45 59
45 62
45 72
45 81
45 83
45 91
45 145
45 146
45 200
45 210
45 226
45 230
45 232
45 236
45 291
45 357
45 371
45 444
45 468
45 481
45 485
45 502
45 547
45 650
45 770
45 793
45 836
45 844
45 853
45 863
45 888
45 889
45 898
45 1001
46 64
46 105
46 111
46 123
46 152
46 248
46 268
46 272
46 347
46 383
46 405
46 451
46 472
46 506
46 541
46 609
46 613
46 707
46 720
46 721
46 747
46 761
46 786
46 801
46 834
46 884
46 1015
47 57
47 58
47 61
47 94
47 97
47 133
47 136
47 143
47 151
47 166
47 168
47 177
47 216
47 226
47 236
47 252
47 316
47 375
47 380
47 403
47 477
47 481
47 523
47 531
47 557
47 584
47 600
47 608
47 733
47 789
47 851
47 921
47 937
47 982
47 1007
48 51
48 80
48 92
48 128
48 129
48 140
48 145
48 149
48 158
48 159
48 166
48 173
48 182
48 184
48 198
48 202
48 215
48 239
48 249
48 264
48 272
48 288
48 333
48 339
48 342
48 357
48 368
48 380
48 398
48 473
48 495
48 498
48 512
48 514
48 521
48 524
48 526
48 529
48 530
48 559
48 574
48 634
48 656
48 693
48 706
48 710
48 715
48 736
48 743
48 752
48 759
48 790
48 797
48 804
48 807
48 809
48 825
48 859
48 865
48 868
48 877
48 946
48 971
48 1020
49 50
49 52
49 53
49 64
49 96
49 101
49 114
49 118
49 128
49 154
49 162
49 180
49 193
49 218
49 224
49 235
49 238
49 242
49 246
49 262
49 293
49 299
49 302
49 347
49 420
49 448
49 462
49 485
49 493
49 503
49 514
49 522
49 568
49 584
49 594
49 601
49 669
49 702
49 787
49 849
49 887
49 970
49 978
49 988
49 996
50 66
50 67
50 121
50 134
50 136
50 143
50 164
50 166
50 188
50 209
50 246
50 248
50 249
50 261
50 274
50 307
50 315
50 323
50 325
50 330
50 331
50 361
50 376
50 392
50 412
50 414
50 459
50 463
50 472
50 475
50 509
50 526
50 529
50 543
50 550
50 564
50 590
50 595
50 609
50 658
50 682
50 702
50 704
50 725
50 736
50 813
50 852
50 859
50 875
50 930
50 1023
51 64
51 67
51 88
51 98
51 105
51 127
51 230
51 234
51 258
51 266
51 299
51 329
51 338
51 487
51 712
51 715
51 730
51 743
51 812
51 911
52 60
52 71
52 89
52 97
52 101
52 109
52 123
52 144
52 155
52 161
52 176
52 186
52 190
52 201
52 220
52 221
52 226
52 259
52 292
52 309
52 398
52 432
52 470
52 491
52 523
52 531
52 532
52 542
52 562
52 586
52 621
52 696
52 704
52 732
52 777
52 796
52 862
53 54
53 59
53 68
53 72
53 77
53 80
53 81
53 86
53 89
53 90
53 98
53 132
53 134
53 142
53 149
53 150
53 151
53 164
53 171
53 183
53 184
53 190
53 199
53 204
53 233
53 237
53 247
53 262
53 269
53 272
53 302
53 317
53 359
53 396
53 397
53 438
53 449
53 470
53 490
53 528
53 559
53 578
53 580
53 629
53 664
53 706
53 760
53 766
53 798
53 824
53 831
53 847
53 861
53 949
53 1011
54 56
54 59
54 63
54 72
54 83
54 116
54 129
54 131
54 132
54 142
54 148
54 150
54 165
54 174
54 190
54 207
54 226
54 230
54 245
54 299
54 306
54 315
54 334
54 336
54 345
54 481
54 484
54 495
54 500
54 503
54 506
54 572
54 612
54 635
54 650
54 652
54 684
54 710
54 755
54 766
54 787
54 808
54 813
54 821
54 837
54 864
54 866
54 985
55 67
55 68
55 71
55 76
55 83
55 101
55 120
55 152
55 231
55 241
55 251
55 264
55 308
55 384
55 415
55 460
55 474
55 592
55 652
55 679
55 804
55 844
55 850
55 874
55 901
55 927
55 1022
56 59
56 72
56 108
56 141
56 147
56 156
56 229
56 252
56 271
56 282
56 322
56 337
56 389
56 419
56 467
56 481
56 521
56 529
56 557
56 586
56 608
56 623
56 637
56 710
56 787
56 792
56 799
56 864
56 865
56 983
57 62
57 63
57 66
57 71
57 102
57 105
57 117
57 122
57 139
57 165
57 180
57 181
57 182
57 190
57 192
57 196
57 213
57 222
57 244
57 311
57 314
57 328
57 330
57 333
57 352
57 356
57 367
57 388
57 394
57 399
57 409
57 436
57 445
57 545
57 547
57 552
57 611
57 624
57 659
57 676
57 730
57 810
57 907
57 910
57 923
57 967
57 979
58 66
58 71
58 73
58 81
58 84
58 105
58 115
58 117
58 121
58 123
58 136
58 162
58 163
58 176
58 181
58 205
58 244
58 254
58 258
58 260
58 270
58 274
58 281
58 290
58 309
58 310
58 358
58 367
58 396
58 400
58 436
58 482
58 517
58 563
58 564
58 566
58 600
58 647
58 718
58 730
58 775
58 783
58 797
58 815
58 838
58 855
58 864
58 930
58 933
58 945
58 949
58 984
58 993
58 1020
59 61
59 64
59 75
59 79
59 83
59 85
59 87
59 107
59 125
59 154
59 160
59 167
59 187
59 257
59 270
59 288
59 297
59 333
59 353
59 406
59 435
59 453
59 490
59 508
59 531
59 533
59 552
59 567
59 597
59 647
59 716
59 776
59 800
59 812
59 817
59 874
59 928
59 944
60 61
60 64
60 80
60 90
60 103
60 110
60 114
60 161
60 194
60 207
60 212
60 228
60 246
60 249
60 269
60 292
60 373
60 381
60 402
60 403
60 415
60 455
60 461
60 485
60 553
60 565
60 573
60 611
60 648
60 688
60 695
60 701
60 795
60 798
60 815
60 838
60 869
60 877
60 892
60 973
60 992
60 1021
61 69
61 86
61 87
61 106
61 117
61 119
61 158
61 174
61 209
61 225
61 226
61 228
61 229
61 235
61 272
61 288
61 334
61 375
61 382
61 421
61 438
61 447
61 448
61 472
61 505
61 524
61 526
61 543
61 560
61 573
61 579
61 613
61 654
61 673
61 754
61 867
61 880
61 893
61 912
61 972
62 64
62 71
62 79
62 80
62 92
62 123
62 139
62 155
62 163
62 238
62 261
62 270
62 286
62 293
62 407
62 463
62 499
62 510
62 560
62 606
62 614
62 664
62 749
62 757
62 776
62 808
62 822
62 853
62 910
62 972
62 997
63 74
63 82
63 89
63 132
63 139
63 142
63 171
63 196
63 207
63 243
63 284
63 311
63 325
63 338
63 354
63 363
63 367
63 409
63 416
63 421
63 434
63 439
63 477
63 492
63 533
63 563
63 613
63 657
63 680
63 701
63 734
63 748
63 780
63 824
63 864
63 870
63 919
63 966
64 94
64 95
64 96
64 100
64 107
64 112
64 118
64 127
64 129
64 155
64 171
64 177
64 185
64 200
64 202
64 237
64 243
64 245
64 253
64 327
64 338
64 375
64 385
64 432
64 437
64 452
64 471
64 497
64 521
64 525
64 543
64 651
64 699
64 719
64 720
64 751
64 779
64 837
64 895
64 945
64 998
65 99
65 114
65 121
65 127
65 140
65 141
65 144
65 172
65 174
65 185
65 201
65 244
65 249
65 257
65 335
65 340
65 427
65 450
65 476
65 492
65 523
65 538
65 572
65 592
65 614
65 625
65 642
65 683
65 687
65 690
65 934
65 967
66 73
66 84
66 91
66 102
66 110
66 124
66 127
66 130
66 143
66 149
66 156
66 179
66 191
66 193
66 207
66 262
66 264
66 272
66 290
66 341
66 385
66 404
66 413
66 421
66 439
66 587
66 595
66 598
66 644
66 672
66 678
66 685
66 693
66 776
66 779
66 805
66 855
66 893
66 920
66 978
66 986
66 995
66 1007
67 78
67 98
67 126
67 143
67 185
67 186
67 194
67 204
67 214
67 218
67 225
67 231
67 243
67 295
67 296
67 298
67 300
67 358
67 564
67 629
67 633
67 752
67 777
67 833
67 894
67 995
67 1008
68 76
68 83
68 104
68 112
68 120
68 131
68 201
68 202
68 223
68 228
68 241
68 281
68 307
68 313
68 326
68 328
68 341
68 395
68 419
68 424
68 561
68 656
68 683
68 791
68 796
68 814
68 837
68 857
68 873
68 877
68 897
68 900
68 967
68 1007
68 1008
69 71
69 73
69 94
69 115
69 130
69 146
69 149
69 156
69 168
69 175
69 188
69 216
69 224
69 230
69 243
69 262
69 281
69 296
69 304
69 305
69 322
69 337
69 349
69 393
69 399
69 423
69 426
69 428
69 501
69 508
69 519
69 537
69 582
69 643
69 683
69 691
69 711
69 725
69 734
69 735
69 736
69 811
69 829
69 834
69 854
69 858
69 860
69 933
70 82
70 111
70 120
70 131
70 140
70 150
70 174
70 196
70 200
70 208
70 218
70 230
70 231
70 250
70 255
70 261
70 273
70 399
70 414
70 472
70 503
70 512
70 589
70 616
70 659
70 661
70 665
70 670
70 717
70 760
70 766
70 860
70 899
70 977
70 983
70 1023
71 80
71 84
71 108
71 164
71 176
71 196
71 205
71 232
71 312
71 392
71 419
71 453
71 473
71 491
71 492
71 525
71 550
71 593
71 625
71 645
71 723
71 803
71 886
71 890
71 894
71 904
71 913
71 915
71 950
72 85
72 86
72 87
72 99
72 155
72 156
72 159
72 168
72 173
72 204
72 212
72 214
72 239
72 253
72 314
72 317
72 318
72 345
72 506
72 624
72 637
72 738
72 771
72 819
72 898
72 935
72 968
73 75
73 81
73 92
73 100
73 107
73 114
73 124
73 160
73 163
73 187
73 220
73 241
73 263
73 297
73 348
73 352
73 385
73 388
73 400
73 413
73 459
73 497
73 630
73 672
73 675
73 714
73 770
73 791
73 805
73 885
73 941
73 952
73 962
73 996
73 1023
74 94
74 97
74 122
74 136
74 143
74 223
74 284
74 300
74 319
74 395
74 446
74 501
74 521
74 523
74 568
74 578
74 579
74 580
74 581
74 588
74 671
74 685
74 691
74 802
74 837
74 985
74 1005
75 105
75 119
75 137
75 145
75 158
75 164
75 174
75 177
75 186
75 188
75 194
75 217
75 223
75 263
75 290
75 315
75 337
75 344
75 362
75 378
75 456
75 471
75 525
75 549
75 566
75 579
75 604
75 692
75 758
75 772
75 824
75 855
75 882
75 885
76 79
76 90
76 95
76 126
76 135
76 151
76 155
76 240
76 287
76 390
76 417
76 450
76 476
76 486
76 586
76 598
76 650
76 692
76 716
76 735
76 777
76 878
76 886
76 890
76 929
76 950
76 956
77 81
77 110
77 120
77 144
77 150
77 169
77 171
77 188
77 195
77 196
77 286
77 293
77 295
77 296
77 315
77 337
77 370
77 396
77 463
77 465
77 505
77 507
77 575
77 589
77 594
77 617
77 620
77 663
77 702
77 708
77 757
77 870
77 883
77 918
77 931
77 961
77 1000
78 82
78 83
78 89
78 95
78 106
78 113
78 123
78 141
78 146
78 160
78 178
78 197
78 237
78 240
78 242
78 257
78 309
78 331
78 358
78 389
78 398
78 457
78 594
78 662
78 744
78 746
78 771
78 785
78 787
78 870
79 95
79 135
79 149
79 174
79 184
79 197
79 281
79 321
79 349
79 457
79 483
79 488
79 510
79 514
79 540
79 663
79 724
79 731
79 742
79 825
79 907
79 954
79 961
79 1008
80 89
80 104
80 119
80 126
80 134
80 168
80 185
80 221
80 232
80 250
80 285
80 379
80 390
80 442
80 454
80 480
80 504
80 547
80 723
80 740
80 841
80 913
80 923
80 925
80 936
80 942
80 1000
81 88
81 93
81 95
81 111
81 120
81 123
81 127
81 145
81 179
81 189
81 222
81 236
81 254
81 262
81 293
81 321
81 323
81 344
81 359
81 392
81 409
81 411
81 441
81 498
81 499
81 523
81 629
81 653
81 660
81 672
81 676
81 677
81 808
81 852
81 875
81 881
81 922
81 926
81 942
81 1015
82 101
82 146
82 150
82 159
82 187
82 198
82 224
82 239
82 253
82 291
82 298
82 305
82 310
82 353
82 530
82 612
82 682
82 702
82 774
82 796
82 797
82 856
82 885
83 102
83 113
83 119
83 148
83 191
83 244
83 251
83 275
83 284
83 304
83 315
83 327
83 347
83 369
83 405
83 452
83 458
83 532
83 554
83 594
83 627
83 636
83 713
83 727
83 747
83 748
83 763
83 771
83 774
83 914
84 87
84 98
84 105
84 169
84 170
84 181
84 225
84 280
84 337
84 366
84 378
84 379
84 417
84 476
84 561
84 663
84 975
85 92
85 96
85 123
85 177
85 196
85 212
85 216
85 221
85 303
85 316
85 359
85 382
85 417
85 478
85 485
85 496
85 501
85 519
85 542
85 624
85 632
85 647
85 669
85 724
85 761
85 826
85 902
85 970
86 92
86 104
86 117
86 154
86 179
86 186
86 191
86 199
86 234
86 238
86 265
86 266
86 282
86 339
86 348
86 361
86 371
86 418
86 423
86 447
86 490
86 515
86 568
86 608
86 771
86 790
86 809
86 917
87 92
87 116
87 137
87 157
87 175
87 194
87 296
87 300
87 401
87 436
87 508
87 527
87 617
87 742
87 844
87 887
87 942
88 99
88 107
88 124
88 128
88 162
88 168
88 182
88 192
88 241
88 253
88 271
88 307
88 327
88 371
88 396
88 496
88 528
88 541
88 545
88 659
88 696
88 699
88 708
88 742
88 757
88 769
88 870
88 887
88 974
89 107
89 109
89 112
89 145
89 181
89 183
89 191
89 199
89 238
89 246
89 247
89 261
89 275
89 411
89 433
89 517
89 544
89 578
89 602
89 660
89 672
89 728
89 742
89 744
89 794
89 802
89 868
89 896
89 904
89 949
89 990
89 994
90 231
90 232
90 244
90 262
90 297
90 303
90 330
90 342
90 395
90 410
90 491
90 617
90 722
90 729
90 760
90 774
90 782
90 872
90 884
90 953
91 92
91 110
91 124
91 128
91 157
91 171
91 175
91 189
91 204
91 249
91 257
91 323
91 340
91 364
91 365
91 420
91 451
91 627
91 711
91 853
91 954
91 999
92 101
92 103
92 129
92 159
92 237
92 274
92 277
92 291
92 302
92 369
92 372
92 377
92 418
92 429
92 442
92 450
92 459
92 469
92 488
92 493
92 536
92 542
92 557
92 566
92 586
92 600
92 625
92 628
92 641
92 772
92 828
92 841
92 856
92 862
92 898
92 909
92 912
92 959
93 103
93 121
93 131
93 148
93 226
93 245
93 291
93 326
93 332
93 364
93 400
93 412
93 422
93 441
93 449
93 499
93 505
93 569
93 577
93 590
93 605
93 616
93 630
93 664
93 675
93 705
93 726
93 736
93 750
93 752
93 821
93 874
93 906
93 925
93 928
93 934
93 949
93 963
93 967
93 978
93 997
93 1008
93 1014
93 1018
94 127
94 142
94 188
94 196
94 317
94 345
94 397
94 452
94 464
94 486
94 515
94 567
94 663
94 720
94 722
94 806
94 835
94 866
94 1015
95 114
95 117
95 122
95 213
95 276
95 293
95 351
95 363
95 372
95 373
95 380
95 382
95 420
95 454
95 593
95 602
95 642
95 668
95 707
95 715
95 777
95 834
95 837
95 857
96 107
96 108
96 118
96 125
96 130
96 132
96 169
96 170
96 171
96 187
96 201
96 224
96 251
96 301
96 312
96 320
96 327
96 339
96 353
96 372
96 378
96 483
96 541
96 571
96 572
96 606
96 654
96 708
96 709
96 776
96 804
96 916
96 940
96 962
97 111
97 113
97 151
97 153
97 166
97 186
97 208
97 339
97 360
97 505
97 629
98 99
98 107
98 153
98 245
98 331
98 333
98 351
98 370
98 416
98 459
98 479
98 494
98 502
98 591
98 690
98 740
98 744
98 792
98 838
98 870
98 960
99 114
99 162
99 206
99 256
99 331
99 410
99 516
99 596
99 636
99 672
99 739
99 794
99 922
99 1002
100 112
100 128
100 138
100 147
100 180
100 187
100 190
100 234
100 289
100 290
100 430
100 713
100 820
100 864
101 111
101 118
101 152
101 217
101 264
101 269
101 403
101 431
101 432
101 488
101 611
101 692
101 707
101 732
101 748
102 114
102 115
102 157
102 324
102 396
102 410
102 412
102 431
102 476
102 478
102 497
102 541
102 649
102 669
102 706
102 745
102 776
102 830
102 916
102 929
103 198
103 259
103 373
103 394
103 421
103 440
103 467
103 475
103 551
103 576
103 583
103 617
103 627
103 656
103 674
103 764
103 979
104 150
104 151
104 171
104 205
104 336
104 363
104 370
104 406
104 593
104 660
104 723
104 969
104 1002
104 1011
105 128
105 130
105 145
105 176
105 183
105 184
105 248
105 260
105 261
105 271
105 278
105 284
105 331
105 392
105 395
105 399
105 402
105 413
105 417
105 428
105 440
105 442
105 475
105 496
105 517
105 555
105 604
105 617
105 636
105 716
105 737
105 751
105 768
105 774
105 784
105 894
105 902
105 915
105 931
105 1004
105 1014
105 1018
106 127
106 147
106 233
106 254
106 303
106 309
106 326
106 423
106 451
106 467
106 476
106 532
106 587
106 653
106 668
106 708
106 721
106 858
106 878
106 883
106 904
106 942
106 973
107 109
107 121
107 126
107 135
107 154
107 206
107 272
107 313
107 314
107 335
107 372
107 429
107 433
107 465
107 501
107 520
107 537
107 595
107 596
107 615
107 633
107 708
107 775
107 828
108 126
108 131
108 136
108 137
108 168
108 193
108 207
108 212
108 252
108 289
108 291
108 323
108 404
108 519
108 656
108 706
108 872
108 992
109 110
109 118
109 122
109 133
109 140
109 143
109 152
109 160
109 169
109 221
109 246
109 266
109 313
109 340
109 355
109 392
109 402
109 413
109 455
109 466
109 480
109 513
109 655
109 676
109 679
109 771
109 781
109 900
109 927
109 961
110 125
110 200
110 221
110 233
110 238
110 251
110 260
110 287
110 301
110 312
110 340
110 389
110 407
110 433
110 483
110 588
110 608
110 793
110 794
110 813
110 892
110 927
110 998
110 1018
111 116
111 118
111 222
111 258
111 339
111 358
111 374
111 428
111 429
111 533
111 544
111 548
111 562
111 576
111 723
111 725
111 805
111 811
111 1007
112 158
112 179
112 200
112 296
112 306
112 334
112 352
112 390
112 463
112 492
112 502
112 505
112 555
112 703
112 778
112 923
112 927
112 1015
113 121
113 142
113 145
113 159
113 228
113 299
113 332
113 345
113 577
113 664
113 683
113 764
113 801
113 814
113 826
113 866
113 906
113 967
113 990
114 162
114 177
114 178
114 181
114 214
114 247
114 259
114 277
114 301
114 369
114 466
114 551
114 639
114 664
114 776
114 792
114 835
114 936
114 998
115 133
115 141
115 157
115 225
115 316
115 389
115 417
115 479
115 631
115 659
115 667
115 710
115 729
116 162
116 177
116 182
116 205
116 240
116 248
116 256
116 341
116 381
116 427
116 438
116 500
116 530
116 618
117 126
117 137
117 147
117 156
117 211
117 215
117 240
117 281
117 437
117 482
117 484
117 496
117 513
117 567
117 905
117 1012
118 130
118 155
118 363
118 571
118 635
118 662
118 806
118 988
118 1016
119 124
119 171
119 186
119 280
119 313
119 372
119 374
119 506
119 548
119 589
119 646
119 718
119 739
119 813
119 840
119 928
119 975
119 1015
119 1018
120 159
120 160
120 217
120 294
120 303
120 332
120 429
120 443
120 454
120 493
120 922
120 1019
121 172
121 195
121 205
121 212
121 223
121 266
121 283
121 343
121 361
121 375
121 378
121 383
121 436
121 487
121 551
121 554
121 558
121 694
121 783
121 790
122 132
122 144
122 210
122 246
122 260
122 284
122 327
122 359
122 397
122 402
122 473
122 487
122 615
122 707
122 768
122 796
122 814
122 845
122 849
122 979
123 137
123 151
123 153
123 164
123 219
123 227
123 247
123 339
123 340
123 360
123 411
123 418
123 462
123 492
123 504
123 505
123 556
123 624
123 641
123 780
123 788
123 911
123 968
123 1019
124 135
124 140
124 144
124 145
124 147
124 182
124 208
124 240
124 291
124 312
124 315
124 318
124 345
124 376
124 444
124 665
124 748
124 812
124 869
124 890
124 1018
125 140
125 143
125 167
125 197
125 240
125 267
125 350
125 456
125 487
125 509
125 524
125 547
125 554
125 564
125 571
125 599
125 609
125 648
125 707
125 731
125 788
125 850
125 883
125 997
125 1020
126 167
126 169
126 183
126 200
126 220
126 241
126 243
126 268
126 280
126 305
126 312
126 324
126 351
126 451
126 534
126 596
126 657
126 693
126 695
126 713
126 760
126 790
126 836
126 899
126 933
126 940
126 987
127 137
127 153
127 172
127 194
127 210
127 227
127 236
127 259
127 274
127 302
127 346
127 366
127 392
127 403
127 460
127 473
127 475
127 478
127 491
127 509
127 540
127 568
127 570
127 589
127 634
127 641
127 664
127 692
127 759
127 835
127 842
127 939
127 947
127 957
128 138
128 143
128 203
128 216
128 221
128 229
128 231
128 247
128 280
128 342
128 349
128 356
128 379
128 400
128 422
128 569
128 812
128 814
128 824
128 879
128 909
128 949
128 977
129 152
129 173
129 194
129 202
129 343
129 369
129 379
129 408
129 457
129 533
129 628
129 669
129 729
129 733
129 830
129 897
129 986
130 173
130 191
130 193
130 216
130 250
130 343
130 396
130 819
131 132
131 137
131 156
131 185
131 200
131 215
131 228
131 252
131 258
131 321
131 366
131 379
131 389
131 487
131 524
131 538
131 549
131 551
131 574
131 580
131 639
131 680
131 701
131 711
131 748
131 785
131 833
132 134
132 161
132 259
132 273
132 288
132 295
132 522
132 570
132 632
132 679
132 693
132 909
133 191
133 248
133 268
133 278
133 350
133 398
133 406
133 415
133 432
133 443
133 617
133 704
133 743
133 944
134 189
134 241
134 246
134 277
134 328
134 366
134 398
134 483
134 543
134 558
134 779
134 812
135 155
135 159
135 179
135 258
135 262
135 278
135 295
135 314
135 509
135 557
135 635
135 891
135 893
135 908
135 917
136 141
136 178
136 185
136 285
136 330
136 365
136 397
136 417
136 744
136 775
136 906
136 926
136 933
136 965
137 153
137 182
137 251
137 343
137 361
137 397
137 414
137 432
137 459
137 510
137 532
137 605
137 635
137 642
137 724
137 749
137 897
137 932
137 996
138 162
138 168
138 245
138 263
138 267
138 278
138 281
138 294
138 295
138 344
138 389
138 438
138 480
138 694
138 785
138 805
138 857
138 888
138 940
138 1017
138 1023
139 144
139 151
139 209
139 215
139 242
139 252
139 289
139 324
139 340
139 374
139 401
139 417
139 486
139 491
139 501
139 504
139 511
139 591
139 664
139 709
139 761
139 792
139 857
139 998
140 150
140 184
140 199
140 211
140 282
140 290
140 325
140 388
140 393
140 414
140 463
140 475
140 481
140 489
140 494
140 497
140 595
140 597
140 634
140 645
140 649
140 698
140 701
140 711
140 754
140 805
141 148
141 203
141 204
141 215
141 227
141 241
141 279
141 297
141 486
141 490
141 525
141 571
141 621
141 737
141 852
141 866
141 917
141 980
142 154
142 170
142 225
142 250
142 266
142 269
142 280
142 293
142 316
142 323
142 338
142 397
142 448
142 453
142 468
142 524
142 651
142 882
142 949
142 988
143 167
143 390
143 535
143 624
144 157
144 214
144 241
144 265
144 267
144 350
144 368
144 390
144 557
144 666
144 690
144 708
144 914
145 178
145 216
145 226
145 242
145 259
145 622
145 721
145 729
145 782
145 998
146 167
146 191
146 205
146 206
146 227
146 279
146 346
146 408
146 453
146 584
146 599
146 607
146 633
146 641
146 662
146 670
146 726
146 882
147 172
147 175
147 218
147 225
147 302
147 307
147 327
147 335
147 341
147 376
147 401
147 404
147 423
147 437
147 438
147 486
147 494
147 570
147 602
147 623
147 671
147 685
147 702
147 759
147 763
147 799
147 801
147 802
147 807
147 879
147 1023
148 191
148 199
148 212
148 309
148 331
148 349
148 374
148 380
148 389
148 429
148 459
148 564
148 607
148 615
148 648
148 792
148 808
148 875
148 909
148 951
148 962
149 157
149 216
149 220
149 244
149 318
149 336
149 403
149 415
149 489
149 508
149 563
149 602
149 620
149 810
149 854
149 1003
150 173
150 198
150 291
150 354
150 364
150 367
150 382
150 437
150 464
150 472
150 476
150 541
150 604
150 610
150 705
150 795
150 805
150 835
150 968
150 984
151 203
151 227
151 241
151 315
151 322
151 335
151 355
151 379
151 409
151 415
151 622
151 723
151 727
151 794
151 844
151 870
151 957
152 169
152 227
152 235
152 236
152 254
152 268
152 304
152 326
152 363
152 364
152 403
152 443
152 478
152 519
152 570
152 601
152 684
152 707
152 720
152 755
152 835
152 852
152 895
152 942
152 945
152 947
153 175
153 197
153 231
153 243
153 319
153 325
153 331
153 410
153 413
153 491
153 555
153 926
154 170
154 228
154 233
154 354
154 498
154 582
154 623
154 664
154 724
154 923
155 266
155 282
155 307
155 313
155 355
155 357
155 370
155 415
155 434
155 539
155 588
155 614
155 618
155 787
155 869
155 906
155 951
156 161
156 178
156 197
156 201
156 211
156 263
156 275
156 304
156 436
156 494
156 526
156 568
156 578
156 618
156 668
156 737
156 761
156 801
156 867
156 904
156 907
157 161
157 178
157 179
157 227
157 289
157 292
157 303
157 327
157 392
157 402
157 405
157 418
157 434
157 452
157 693
157 720
157 739
157 745
157 767
157 815
157 924
157 981
157 1000
157 1008
158 255
158 256
158 279
158 348
158 383
158 424
158 452
158 552
158 577
158 788
158 790
158 807
158 811
158 940
158 985
158 1011
159 189
159 210
159 218
159 230
159 286
159 287
159 333
159 563
159 716
159 735
159 801
160 333
160 338
160 436
160 465
160 557
160 681
160 805
160 916
160 1021
161 192
161 272
161 320
161 362
161 457
161 473
161 527
161 553
161 567
161 666
161 674
161 753
161 920
161 1012
162 178
162 192
162 211
162 297
162 329
162 376
162 401
162 517
162 558
162 561
162 616
162 857
162 866
162 1000
162 1011
163 188
163 257
163 267
163 526
163 553
163 566
163 612
163 718
163 793
164 222
164 250
164 525
164 845
164 887
164 1005
165 298
165 310
165 325
165 326
165 351
165 435
165 574
165 604
165 695
165 752
165 761
165 778
165 862
166 206
166 227
166 228
166 296
166 324
166 341
166 397
166 418
166 520
166 532
166 540
166 580
166 605
166 663
166 735
166 862
166 880
166 964
167 187
167 270
167 276
167 294
167 301
167 330
167 369
167 376
167 450
167 561
167 593
167 600
167 764
167 856
167 874
168 244
168 329
168 337
168 356
168 594
168 754
168 900
168 935
168 943
168 952
169 210
169 214
169 233
169 335
169 355
169 462
169 470
169 630
169 636
169 726
169 747
169 891
170 233
170 235
170 325
170 326
170 335
170 357
170 373
170 410
170 453
170 468
170 472
170 505
170 565
170 624
170 668
170 701
170 792
170 800
170 880
170 1010
171 195
171 283
171 308
171 382
171 495
171 506
171 595
171 625
171 822
171 1005
172 190
172 214
172 267
172 276
172 310
172 313
172 336
172 357
172 365
172 377
172 423
172 521
172 535
172 555
172 680
172 705
172 754
172 823
172 833
172 938
172 990
173 180
173 193
173 197
173 272
173 302
173 329
173 350
173 380
173 497
173 499
173 532
173 559
173 606
173 610
173 650
173 710
173 832
173 974
174 209
174 344
174 433
174 440
174 446
174 507
174 557
174 661
174 797
174 802
175 207
175 213
175 228
175 230
175 318
175 360
175 419
175 461
175 522
175 754
175 769
175 844
176 177
176 212
176 252
176 253
176 260
176 285
176 343
176 352
176 354
176 366
176 369
176 378
176 386
176 388
176 397
176 536
176 588
176 650
176 726
176 730
176 762
176 792
176 872
176 886
176 899
176 923
176 997
177 200
177 224
177 229
177 255
177 290
177 346
177 355
177 373
177 413
177 426
177 450
177 498
177 516
177 673
177 722
177 813
177 884
177 933
177 968
178 182
178 187
178 266
178 285
178 302
178 310
178 328
178 346
178 371
178 563
178 620
178 628
179 208
179 237
179 261
179 273
179 278
179 308
179 378
179 403
179 433
179 456
179 477
179 499
179 534
179 635
179 656
179 818
179 974
179 1001
180 194
180 255
180 285
180 317
180 372
180 467
180 577
180 586
180 588
180 634
180 648
180 716
180 733
180 888
180 939
180 971
181 306
181 315
181 320
181 332
181 354
181 378
181 440
181 449
181 500
181 510
181 580
181 603
181 652
181 680
181 684
181 709
181 723
181 729
181 789
181 849
181 909
181 939
181 951
181 952
181 959
182 276
182 366
182 408
182 450
182 518
182 667
182 724
182 794
183 477
183 490
183 535
183 716
183 722
183 759
183 850
183 868
184 249
184 266
184 268
184 288
184 292
184 361
184 584
184 620
184 645
184 676
184 748
184 810
184 893
184 946
185 206
185 208
185 217
185 220
185 229
185 263
185 276
185 312
185 346
185 347
185 366
185 367
185 370
185 398
185 692
185 903
185 995
186 218
186 282
186 317
186 320
186 356
186 540
186 671
186 711
186 804
186 814
186 827
186 883
187 189
187 193
187 225
187 233
187 242
187 245
187 283
187 398
187 511
187 689
187 739
187 749
187 816
187 817
187 947
188 196
188 202
188 269
188 271
188 301
188 540
188 555
188 761
188 810
188 924
188 938
189 222
189 296
189 300
189 312
189 423
189 482
189 490
189 495
189 743
189 758
189 860
189 879
189 904
190 217
190 224
190 267
190 287
190 293
190 344
190 366
190 408
190 571
190 572
190 634
190 719
190 725
190 762
190 792
190 987
191 230
191 249
191 270
191 297
191 431
191 521
191 726
191 948
192 219
192 391
192 393
192 450
192 465
192 471
192 542
192 549
192 943
192 973
193 213
193 265
193 278
193 296
193 420
193 518
193 536
193 549
193 657
193 706
193 713
193 760
193 848
193 909
193 924
193 1023
194 254
194 292
194 299
194 360
194 401
194 520
194 583
194 672
194 692
194 822
194 939
194 959
195 232
195 273
195 285
195 299
195 321
195 343
195 376
195 470
195 472
195 587
195 666
195 754
195 789
195 832
195 915
195 1022
196 210
196 247
196 368
196 414
196 420
196 631
196 861
196 866
196 987
197 211
197 218
197 391
197 454
197 627
197 645
197 657
197 719
197 878
197 880
197 896
197 969
197 1000
198 342
198 443
198 483
198 488
198 502
198 532
198 859
199 215
199 277
199 318
199 347
199 432
199 452
199 488
199 505
199 540
199 643
199 758
199 976
199 1021
200 344
200 427
200 433
200 443
200 538
200 550
200 581
200 620
200 891
200 980
200 1003
201 237
201 385
201 416
201 421
201 513
201 698
201 797
201 811
201 841
201 942
201 979
202 210
202 234
202 268
202 305
202 349
202 419
202 533
202 590
202 696
202 888
202 919
202 962
203 205
203 232
203 243
203 253
203 266
203 300
203 352
203 425
203 454
203 458
203 493
203 526
203 545
203 550
203 591
203 727
203 735
203 912
204 211
204 251
204 311
204 365
204 392
204 456
204 466
204 628
204 758
204 1020
205 234
205 247
205 303
205 347
205 434
205 588
205 631
205 644
205 676
205 688
205 740
205 892
205 1018
206 282
206 435
206 495
206 663
206 666
207 225
207 314
207 619
208 211
208 231
208 288
208 300
208 321
208 324
208 407
208 435
208 449
208 539
208 597
208 649
208 745
208 809
208 868
208 934
208 997
209 353
209 536
209 567
209 571
209 585
209 782
209 784
209 825
209 849
210 309
210 322
210 455
210 701
210 858
210 863
210 903
210 981
211 234
211 293
211 322
211 372
211 389
211 392
211 447
211 514
211 574
211 579
211 677
211 696
211 733
211 750
211 788
211 820
211 845
211 890
212 431
212 518
212 552
212 583
212 585
212 652
212 657
212 744
212 758
212 876
212 916
212 1006
213 263
213 321
213 600
213 619
213 801
213 835
213 931
214 238
214 268
214 314
214 396
214 426
214 486
214 547
214 607
214 610
214 616
214 639
214 643
214 672
214 723
214 769
214 907
214 946
214 1014
215 217
215 306
215 400
215 424
215 450
215 511
215 604
215 843
215 938
215 1021
216 227
216 245
216 422
216 464
216 465
216 549
216 559
216 584
216 730
216 737
216 754
216 869
216 890
216 986
217 310
217 315
217 357
217 365
217 444
217 594
217 726
217 735
217 743
217 746
217 787
217 791
217 807
217 808
217 915
218 287
218 311
218 322
218 343
218 386
218 449
218 491
218 518
218 527
218 573
218 605
218 622
218 635
218 716
218 799
218 851
218 901
218 911
218 959
218 978
219 233
219 345
219 358
219 399
219 435
219 457
219 480
219 522
219 619
219 704
219 773
219 789
219 806
219 890
220 269
220 306
220 321
220 326
220 405
220 440
220 451
220 460
220 713
220 762
220 782
220 785
220 931
220 957
221 419
221 439
221 455
221 580
221 686
221 803
221 807
221 812
221 824
221 856
221 957
222 237
222 347
222 358
222 370
222 403
222 518
222 586
222 893
223 265
223 331
223 387
223 535
223 573
223 580
223 983
224 230
224 265
224 416
224 596
224 598
224 607
224 661
224 851
224 877
224 896
224 974
224 982
224 1016
224 1017
225 281
225 298
225 306
225 314
225 320
225 347
225 367
225 433
225 546
225 592
225 653
225 762
225 813
226 231
226 269
226 344
226 355
226 385
226 431
226 542
226 585
226 593
226 603
226 618
226 703
226 757
226 863
226 903
226 918
226 988
227 373
227 424
227 475
227 645
227 676
228 466
228 496
228 516
228 651
228 667
228 675
228 873
229 261
229 275
229 294
229 334
229 388
229 427
229 507
229 534
229 669
229 678
229 683
229 694
229 731
229 806
229 848
229 892
229 938
229 941
229 1000
229 1012
230 254
230 270
230 304
230 356
230 502
230 518
230 561
230 651
230 818
231 517
231 627
231 867
231 888
232 305
232 316
232 385
232 414
232 458
232 460
232 478
232 525
232 548
232 569
232 574
232 615
232 660
232 694
232 719
232 796
232 831
232 934
232 935
232 980
233 249
233 284
233 295
233 427
233 482
233 980
233 996
233 1011
234 317
234 369
234 380
234 387
234 442
234 460
234 484
234 556
234 638
234 650
234 696
234 786
234 901
234 962
234 1003
235 412
235 439
235 989
236 246
236 248
236 416
236 516
236 531
236 537
236 565
236 604
236 615
236 951
236 990
237 298
237 371
237 439
237 484
237 560
237 599
237 625
237 649
237 839
237 1004
237 1023
238 314
238 335
238 346
238 371
238 407
238 423
238 426
238 513
238 539
238 587
238 644
238 830
239 380
239 391
239 428
239 482
239 507
239 755
239 769
239 772
239 832
239 926
239 949
240 253
240 333
240 344
240 371
240 419
240 439
240 650
240 658
240 700
240 733
240 750
240 765
240 793
241 301
241 462
241 493
241 638
241 673
241 685
241 727
241 824
241 843
241 845
241 904
241 976
241 995
241 1009
242 301
242 400
242 439
242 529
242 653
242 697
242 741
242 842
242 881
242 914
242 948
243 255
243 276
243 345
243 443
243 550
243 552
243 716
243 774
243 777
243 825
243 879
243 935
244 291
244 344
244 381
244 386
244 412
244 426
244 441
244 446
244 453
244 459
244 492
244 499
244 687
244 746
244 771
244 781
245 311
245 334
245 355
245 437
245 493
245 565
245 567
245 756
245 831
245 890
245 895
246 273
246 378
246 385
246 417
246 540
246 569
246 603
246 751
246 930
247 260
247 297
247 300
247 332
247 393
247 765
247 779
247 791
248 275
248 283
248 320
248 430
248 464
248 523
248 561
248 685
248 698
248 748
248 825
248 854
249 251
249 325
249 363
249 484
249 501
249 617
249 1009
250 440
250 899
250 1006
251 321
251 358
251 470
251 630
251 704
251 980
252 280
252 309
252 370
252 431
252 440
252 488
252 546
252 711
252 716
252 782
252 885
252 887
252 952
252 984
253 274
253 296
253 352
253 365
253 391
253 408
253 428
253 671
253 676
253 761
253 794
253 815
253 816
253 917
254 334
254 348
254 462
254 466
254 576
254 642
254 644
254 698
254 846
254 936
254 1019
255 394
255 425
255 446
255 630
256 311
256 312
256 313
256 333
256 338
256 447
256 454
256 501
256 511
256 546
256 565
256 619
256 717
256 733
256 849
256 937
257 273
257 278
257 283
257 286
257 335
257 347
257 391
257 425
257 485
257 561
257 567
257 573
257 582
257 588
257 622
257 679
257 751
257 878
257 969
257 971
257 1017
258 260
258 270
258 289
258 292
258 352
258 355
258 360
258 512
258 514
258 578
258 622
258 623
258 681
258 715
258 758
258 788
258 805
258 810
258 820
258 835
258 897
258 901
258 920
258 930
259 377
259 437
259 442
259 569
259 639
259 717
259 822
259 968
260 267
260 468
260 473
260 554
260 611
260 625
260 1006
260 1007
261 279
261 375
261 457
262 296
262 370
262 459
262 531
262 602
262 767
262 812
262 931
263 359
263 387
263 615
263 932
263 980
264 274
264 371
264 420
264 440
264 448
264 449
264 465
264 477
264 570
264 648
264 691
264 756
264 798
265 387
265 427
265 447
265 542
265 543
265 598
265 600
265 611
265 659
265 713
265 721
265 880
265 896
265 951
265 994
266 283
266 295
266 319
266 372
266 423
266 502
266 506
266 556
266 622
266 661
266 686
266 746
266 782
266 867
266 932
266 945
266 946
266 1006
266 1020
267 286
267 394
267 415
267 422
267 466
267 489
267 680
267 721
267 727
267 732
267 977
267 1006
268 298
268 324
268 358
268 361
268 365
268 529
268 533
268 548
268 581
268 658
268 703
268 728
268 758
268 1012
269 280
269 282
269 284
269 324
269 383
269 410
269 424
269 456
269 487
269 517
269 521
269 636
269 639
269 776
269 871
269 910
269 921
269 991
270 334
270 406
270 560
270 621
270 668
270 943
271 284
271 322
271 388
271 399
271 404
271 428
271 471
271 545
271 558
271 638
271 717
271 724
271 771
271 846
271 847
272 390
272 556
272 651
272 675
272 934
273 279
273 340
273 443
273 481
273 588
273 630
273 733
273 971
273 995
274 332
274 341
274 439
274 463
274 469
274 483
274 529
274 533
274 535
274 599
274 674
274 680
274 715
274 734
274 755
274 842
274 860
274 1013
275 307
275 377
275 441
276 304
276 348
276 562
276 587
276 590
276 687
276 697
276 743
276 834
276 840
276 950
276 1010
277 378
277 449
277 468
277 619
277 775
277 846
277 873
278 326
278 408
278 439
278 478
278 544
278 585
278 715
278 751
278 784
278 841
278 963
278 991
279 553
279 606
279 628
279 850
279 927
280 360
280 384
280 457
280 503
280 576
280 613
280 642
280 688
280 827
280 938
280 955
281 370
281 373
281 376
281 386
281 395
281 406
281 417
281 425
281 433
281 452
281 460
281 467
281 517
281 554
281 596
281 636
281 650
281 668
281 692
281 817
281 946
282 297
282 323
282 349
282 430
282 469
282 471
282 507
282 536
282 538
282 560
282 601
282 686
282 840
282 852
282 929
282 963
282 1002
283 337
283 455
283 679
283 720
283 725
283 740
283 842
283 878
283 996
284 301
284 513
284 516
284 525
284 659
284 744
284 791
284 818
284 992
285 288
285 308
285 431
285 558
285 595
285 643
285 646
285 672
285 748
285 760
286 314
286 351
286 384
286 571
286 815
286 1009
286 1020
287 367
287 621
287 653
287 822
287 1018
288 410
288 469
288 582
288 923
289 311
289 413
289 462
289 560
289 620
289 671
289 815
289 899
290 509
290 566
290 583
290 875
291 294
291 505
291 670
291 740
291 790
291 925
292 329
292 403
292 412
292 453
292 475
292 586
292 653
292 677
292 726
292 760
292 876
292 980
293 369
293 401
293 421
293 508
293 583
293 605
293 628
293 700
293 918
294 346
294 538
294 637
294 645
294 681
294 763
294 967
294 1003
295 391
295 481
295 515
295 723
295 772
295 883
295 978
296 350
296 397
296 425
296 459
296 464
296 504
296 514
296 553
296 595
296 677
296 712
296 750
296 800
296 809
296 850
296 915
296 925
296 931
296 977
296 1013
297 368
297 371
297 416
297 453
297 515
297 528
297 692
297 826
297 962
297 966
298 325
298 362
298 438
298 467
298 620
298 686
298 817
298 876
299 323
299 419
299 491
299 624
299 663
299 826
300 342
300 348
300 354
300 455
300 477
300 503
300 706
301 330
301 499
301 523
301 540
301 678
301 689
301 878
301 917
302 382
302 436
302 474
302 739
302 904
302 1003
303 319
303 333
303 383
303 1001
304 316
304 397
304 435
304 590
304 711
304 731
304 801
304 913
304 1013
305 352
305 367
305 652
305 784
305 961
305 983
306 345
306 361
306 682
306 776
306 999
306 1021
307 434
307 445
307 556
307 830
307 958
307 1005
308 375
308 461
308 466
308 470
308 480
308 485
308 552
308 611
308 615
308 713
308 747
308 853
308 948
309 317
309 330
309 384
309 406
309 424
309 463
309 519
309 596
309 607
310 431
310 610
310 739
310 822
310 828
310 831
310 905
311 721
311 810
312 607
312 827
312 897
312 985
313 362
313 820
313 853
313 855
314 479
314 482
314 670
314 684
314 740
314 986
315 331
315 386
315 428
315 458
315 489
315 621
315 644
315 686
315 738
315 746
315 784
315 790
315 874
316 359
316 366
316 381
316 422
316 500
316 546
316 623
316 898
317 325
317 501
317 1000
318 332
318 382
318 652
318 773
318 878
318 887
318 934
318 1020
319 472
319 528
319 607
319 656
319 771
319 825
319 906
320 629
320 992
320 1017
321 513
321 518
321 651
321 839
321 965
322 431
322 638
322 691
322 766
322 898
322 927
323 329
323 390
323 458
323 494
323 504
323 539
323 794
323 824
323 900
323 1017
324 447
324 575
324 671
324 687
324 738
324 758
324 852
324 959
324 964
325 432
325 545
325 780
325 819
325 946
325 1009
326 359
326 536
326 545
326 551
326 568
326 609
326 687
326 885
327 343
327 362
327 989
328 536
328 647
328 699
328 725
328 817
328 844
328 855
328 945
329 479
329 541
329 551
329 599
329 657
329 921
330 426
330 428
330 714
330 725
331 530
331 550
331 607
331 778
331 921
331 934
332 356
332 437
332 532
332 547
332 742
332 757
332 795
332 864
332 968
332 988
333 356
333 388
333 468
333 642
333 662
334 374
334 963
335 385
335 403
335 665
335 675
335 767
335 802
335 980
336 407
336 438
336 689
336 850
336 902
337 425
337 448
337 640
337 861
337 991
337 1020
338 429
338 509
338 857
338 950
338 1007
339 456
339 576
339 641
339 660
339 775
339 875
339 886
339 891
339 907
339 970
339 1013
340 350
340 480
340 496
340 531
340 548
340 603
340 749
340 789
340 830
340 921
340 1008
340 1010
341 384
341 413
341 432
341 442
341 446
341 453
341 515
341 522
341 544
341 571
341 613
341 655
341 811
341 948
342 404
342 657
342 697
342 786
342 789
342 800
343 356
343 427
343 547
343 634
343 720
344 427
344 442
344 562
344 603
344 638
344 654
344 718
344 735
344 743
344 790
345 434
345 446
345 461
345 639
345 807
345 871
346 363
346 535
346 575
346 682
346 784
346 862
347 446
347 610
347 691
347 722
347 984
348 356
348 381
348 394
348 606
348 649
348 652
348 862
348 895
349 357
349 364
349 448
349 543
349 570
349 792
349 826
349 880
349 937
349 1015
350 531
350 550
350 590
350 685
350 772
350 773
350 1018
351 426
351 522
351 531
351 559
351 609
351 727
351 826
351 896
351 954
351 992
351 1012
351 1022
352 380
352 507
352 592
352 593
352 609
352 640
352 744
352 969
353 381
353 841
353 867
353 936
354 376
354 480
354 570
354 573
354 576
354 577
354 865
354 903
355 393
355 406
355 443
355 495
355 706
356 412
356 512
356 629
356 665
356 726
356 736
356 782
356 884
357 677
357 709
357 884
358 456
358 553
358 830
358 834
358 863
358 869
358 883
359 433
359 476
359 503
359 512
359 574
359 586
359 660
359 712
359 769
359 789
359 830
359 843
359 974
360 675
360 863
360 902
360 1022
361 364
361 408
361 436
361 517
361 737
361 996
362 381
362 416
362 444
362 473
362 485
362 595
362 600
362 631
362 697
362 703
362 844
362 867
362 884
362 903
363 492
363 609
363 642
363 683
363 707
363 723
363 736
363 742
363 861
363 922
363 977
363 1020
364 464
364 487
364 537
364 567
364 589
364 607
364 620
364 651
364 669
364 691
364 700
364 820
364 837
364 850
364 862
364 863
364 873
364 888
364 933
364 950
365 626
365 876
365 881
365 897
366 381
366 489
366 571
366 608
366 609
366 750
366 885
367 399
367 420
367 474
367 502
367 515
367 559
367 593
367 601
367 626
367 845
367 872
368 709
368 715
368 790
369 394
369 408
369 442
369 554
369 637
369 693
369 699
369 795
369 804
369 816
369 887
369 914
370 494
370 655
370 842
370 855
370 969
370 1014
371 426
371 469
371 491
371 578
371 584
371 605
371 746
371 757
371 807
371 939
372 386
372 441
372 524
372 565
372 625
372 704
372 840
372 952
372 963
372 989
372 1016
373 384
373 494
373 614
373 661
373 675
373 744
373 778
373 892
374 438
374 463
374 483
374 590
374 649
374 697
374 819
374 885
375 377
375 589
375 598
375 626
375 637
375 796
375 819
375 956
376 437
376 529
376 569
376 868
376 950
377 385
377 396
377 461
377 631
377 894
377 918
378 395
378 419
378 453
378 665
378 916
379 430
379 490
379 504
379 514
379 583
379 737
379 768
379 821
379 915
379 916
380 388
380 444
380 468
380 548
380 562
380 599
380 768
380 785
380 791
380 818
380 989
380 998
381 391
381 402
381 447
381 618
381 667
381 694
381 748
381 785
381 912
381 972
381 977
382 423
382 543
382 608
382 665
382 722
382 798
382 849
382 960
382 982
383 466
383 899
383 976
384 448
384 791
385 717
385 811
385 918
385 1001
386 387
386 537
386 598
386 627
386 910
386 931
387 390
387 422
387 478
387 516
387 742
387 784
387 878
387 883
387 918
387 971
388 390
388 441
388 472
388 488
388 576
388 641
388 666
388 700
388 717
388 890
388 1007
389 539
389 554
389 592
389 629
389 647
389 661
389 695
389 788
389 851
389 867
389 1022
390 599
390 610
390 628
390 810
391 426
391 489
391 515
391 532
391 564
391 762
391 1005
391 1009
392 427
392 616
392 711
392 783
392 806
392 845
392 1000
393 519
393 534
393 553
393 691
393 868
393 956
394 415
394 480
394 507
394 703
394 903
395 447
395 563
395 796
395 848
396 430
396 462
396 471
396 527
396 539
396 690
396 705
396 928
397 436
397 725
397 764
397 765
397 832
397 842
397 865
397 880
397 896
398 471
398 770
398 952
398 1003
399 400
399 407
399 482
399 558
399 899
400 556
400 840
400 916
400 941
401 475
401 477
401 530
401 535
401 585
401 592
401 702
401 707
401 937
401 961
401 974
402 532
402 602
402 870
402 881
403 427
403 445
403 452
403 555
403 583
403 608
403 614
403 736
403 951
404 434
404 915
404 959
404 964
404 993
405 481
405 638
405 677
405 720
406 413
406 455
406 534
406 601
406 694
406 731
407 409
407 601
407 913
407 958
407 990
407 995
408 411
408 445
408 504
408 519
408 608
408 707
408 736
408 834
408 837
408 846
409 418
409 475
409 1002
410 430
410 441
410 444
410 489
410 545
410 553
410 673
410 721
410 965
410 1001
411 544
411 879
411 896
411 911
411 925
412 484
412 523
412 728
412 788
412 798
412 853
412 964
413 435
413 564
413 635
413 697
413 727
413 748
414 470
414 603
414 641
414 648
414 784
414 967
415 546
415 673
415 686
415 746
415 976
416 457
416 537
416 553
416 602
416 613
416 654
416 681
416 737
416 745
416 781
416 857
417 490
417 643
417 919
417 978
417 994
417 1016
419 497
419 521
419 569
419 752
419 889
420 467
420 468
420 472
420 626
420 772
421 546
421 560
421 575
421 833
423 471
423 576
423 583
423 682
423 704
423 851
424 513
424 538
424 549
424 555
424 617
424 634
424 771
424 842
424 975
424 1021
425 486
425 759
425 837
426 484
426 542
426 566
426 626
426 750
426 823
426 893
426 905
426 940
426 1008
427 480
427 486
427 487
427 534
427 542
427 577
427 738
427 802
428 526
428 631
428 886
429 441
429 612
429 624
429 891
430 1017
431 512
431 587
431 687
431 782
431 905
431 989
431 1014
431 1018
432 645
432 756
433 500
433 509
434 486
434 510
434 554
434 710
434 971
435 556
435 660
435 847
436 488
436 539
436 675
436 756
436 762
436 869
436 957
436 961
436 1010
437 463
437 495
438 451
438 520
438 572
438 806
438 843
439 623
439 643
439 757
439 932
440 473
440 482
440 561
440 603
440 689
440 763
440 832
440 879
440 889
440 903
440 915
440 965
440 1012
441 485
441 527
441 611
441 624
441 640
441 901
442 676
442 688
442 701
442 704
442 707
442 800
442 860
442 928
442 937
442 949
443 558
443 597
443 632
443 687
443 728
443 796
444 474
444 537
444 541
444 646
444 702
444 894
444 1002
445 462
445 603
445 680
445 714
445 721
445 802
446 448
446 633
446 653
446 667
446 690
446 697
446 986
447 662
447 745
447 778
447 879
447 975
447 990
447 1011
448 479
448 500
448 695
448 913
449 470
449 492
449 503
449 511
449 662
449 771
449 774
449 914
449 999
450 544
450 555
450 584
450 744
450 754
450 782
450 803
450 812
450 870
450 875
450 876
451 458
451 530
451 757
451 800
451 805
451 853
451 859
451 969
452 461
452 469
452 503
452 517
452 573
452 797
453 659
454 501
454 562
454 626
454 847
454 892
454 956
455 470
455 593
455 612
455 666
455 711
455 833
455 868
455 903
455 929
455 1010
456 535
456 572
457 458
457 469
457 527
457 574
457 741
457 750
457 827
458 510
458 544
458 762
458 801
458 952
459 485
459 551
459 601
459 724
459 800
459 803
459 956
459 973
460 540
460 603
460 823
460 1014
461 484
461 673
461 839
462 496
462 621
462 779
462 860
462 926
463 508
463 544
463 568
463 666
463 729
463 752
465 546
465 709
465 719
465 794
465 809
465 858
466 636
466 841
466 885
466 999
468 477
468 637
468 892
468 972
469 478
469 556
469 561
469 694
469 753
469 928
469 976
470 489
470 641
470 800
470 933
470 937
470 964
471 488
471 674
471 785
471 834
471 855
471 861
471 868
471 925
471 928
471 986
472 589
472 690
472 753
472 955
473 809
473 955
474 538
474 648
474 673
474 717
474 924
474 1018
475 502
475 526
475 563
475 573
475 606
475 674
475 749
475 794
475 921
475 1016
476 572
476 905
477 611
477 770
477 893
478 483
478 750
478 775
478 985
478 1017
479 545
479 633
479 639
479 714
479 735
479 781
479 813
479 924
480 591
480 751
480 756
480 872
480 924
481 683
481 684
481 689
481 1016
482 627
482 828
482 860
482 905
482 989
483 542
483 578
483 623
483 945
483 969
483 1005
484 560
484 586
484 602
484 675
484 697
484 733
484 926
484 1013
485 493
485 502
485 565
485 592
485 617
485 803
485 835
485 936
485 968
485 993
486 506
486 511
486 618
486 658
486 822
486 847
486 975
486 1013
487 848
487 892
487 911
487 925
487 927
487 955
488 506
488 548
488 600
488 658
488 900
489 559
489 686
489 689
489 839
490 580
490 654
490 760
490 763
490 764
490 994
491 592
491 617
491 632
491 705
491 714
491 999
492 570
493 682
493 981
494 498
494 548
494 588
494 623
494 643
494 714
494 722
494 738
494 797
494 825
494 946
495 566
495 568
495 718
496 557
496 597
496 943
497 538
497 613
497 692
498 537
498 583
498 656
498 669
498 677
498 681
498 710
499 585
499 705
499 708
500 544
500 599
500 655
500 829
500 932
500 970
501 562
501 600
501 667
501 679
501 757
501 966
501 984
502 541
502 575
502 625
502 760
502 823
502 854
503 518
503 864
503 953
503 1004
504 611
504 658
504 684
504 688
504 839
504 994
505 513
505 609
505 770
505 840
505 891
505 962
507 696
507 763
507 776
507 844
508 544
508 652
508 703
508 813
509 917
510 704
511 516
511 877
511 951
512 766
512 769
512 912
512 921
513 572
514 783
514 901
514 972
515 534
515 678
515 757
516 535
516 749
516 918
516 952
516 966
516 998
516 1004
518 591
518 661
518 699
518 703
518 831
518 898
518 941
518 979
518 997
519 755
519 786
519 795
519 828
519 842
519 1007
519 1010
520 559
520 693
520 831
520 849
520 864
520 866
521 557
521 851
521 994
522 524
522 526
522 635
522 909
523 700
524 555
524 747
524 752
524 756
524 779
524 785
524 814
524 864
524 873
524 1020
525 551
525 804
526 700
526 766
526 814
526 815
526 989
527 579
528 558
528 698
528 712
528 786
528 828
528 865
528 882
528 982
528 983
529 646
530 554
530 655
531 534
531 627
531 636
531 639
531 838
531 897
531 993
532 539
532 554
532 566
532 596
532 597
532 682
532 778
532 789
532 989
533 633
533 651
533 842
534 681
534 717
534 742
534 768
534 848
534 872
534 1002
535 631
535 869
535 1002
536 546
536 622
536 655
536 751
536 953
537 705
538 539
538 614
538 671
538 720
538 763
538 863
538 898
539 562
539 580
539 592
539 702
539 739
539 768
539 882
539 909
539 929
539 978
540 574
540 644
540 648
541 551
541 602
541 640
541 708
541 726
541 897
541 944
542 605
542 630
542 711
542 715
543 690
543 695
544 551
544 562
544 597
544 605
544 611
544 632
544 734
544 910
544 932
544 933
545 639
545 699
545 753
545 906
545 1019
546 816
547 581
547 678
547 680
547 724
547 834
547 858
547 905
547 906
547 959
547 960
548 626
548 686
548 696
548 788
548 804
548 924
548 944
549 671
549 709
549 739
549 764
550 719
550 855
550 861
551 661
551 664
551 678
551 691
551 714
551 777
551 829
551 832
551 845
551 902
551 922
551 995
552 669
552 677
552 744
552 762
552 783
552 799
552 868
552 895
552 978
553 590
554 634
554 742
554 767
554 809
554 832
554 846
554 1011
555 598
555 646
555 681
555 874
555 934
556 595
556 840
556 845
556 964
557 653
557 654
557 658
557 764
557 873
558 587
558 593
558 751
558 839
558 982
558 1004
559 619
559 634
559 759
559 762
560 642
560 767
560 854
561 618
562 599
562 727
562 802
562 813
562 881
562 958
562 978
562 998
563 935
564 598
564 749
564 778
564 910
564 941
565 706
565 718
565 807
566 582
566 646
566 816
566 871
567 618
567 619
567 649
567 803
567 878
569 618
569 787
569 811
569 824
571 632
571 654
571 661
571 833
571 910
571 939
571 996
572 717
573 730
573 732
573 931
574 584
574 619
574 665
574 889
575 627
575 756
575 816
575 831
575 900
575 919
575 945
575 1000
576 591
576 645
576 654
576 845
576 1012
577 836
577 871
578 688
578 705
578 773
579 581
579 649
579 754
580 777
580 979
581 633
581 672
581 712
581 811
581 935
582 605
582 615
582 657
582 663
582 894
582 940
583 669
583 964
584 725
584 963
584 1013
585 626
585 729
585 919
586 690
586 731
586 736
586 768
586 856
586 954
587 689
587 852
587 876
587 951
588 814
588 882
588 999
589 595
589 688
589 885
589 967
590 679
590 928
591 719
591 833
591 963
591 966
592 702
592 914
593 612
593 700
593 728
594 628
594 787
594 843
595 670
595 895
596 645
596 665
596 879
597 671
597 853
598 798
600 803
600 993
601 647
601 685
601 768
601 863
601 987
602 722
603 1019
604 628
604 911
605 718
605 890
605 1015
606 655
606 817
606 821
606 973
607 636
607 681
607 775
607 846
607 888
607 959
608 686
609 732
609 833
609 871
610 614
610 703
610 825
610 900
610 903
610 967
611 709
611 762
612 614
612 919
613 894
614 665
614 891
614 965
615 818
615 874
615 990
616 643
616 731
616 765
617 646
617 955
617 984
618 652
618 733
618 926
619 803
620 679
620 739
620 838
621 665
622 703
622 839
623 687
624 645
624 661
624 676
624 710
624 853
624 856
624 859
624 901
624 943
624 962
624 997
625 647
625 741
626 629
626 673
626 780
627 753
627 907
630 667
630 848
631 709
631 839
631 843
631 922
633 656
633 953
635 872
635 972
636 698
636 898
636 987
637 699
637 770
637 901
638 875
639 658
639 670
639 683
639 946
639 990
639 1014
640 971
641 662
641 765
641 833
641 861
641 883
641 902
641 921
641 988
641 997
642 913
642 937
642 963
643 700
643 709
643 733
644 912
644 1000
644 1014
645 729
645 730
645 950
645 986
645 993
646 728
646 802
647 696
647 699
647 714
647 719
648 900
649 801
649 1017
650 694
650 911
650 959
650 966
650 988
651 867
651 890
652 793
652 956
653 659
653 743
653 826
653 919
653 957
654 886
655 740
657 677
657 841
658 732
658 768
659 691
659 811
659 862
659 938
660 814
660 849
660 1006
661 734
661 944
661 947
661 967
661 998
661 1003
662 828
663 692
663 810
663 816
663 960
664 947
664 982
665 713
665 801
665 943
666 688
666 919
667 703
667 807
667 921
667 969
668 915
668 941
668 957
669 743
670 950
671 840
671 939
672 819
672 848
672 849
673 701
673 913
673 950
673 964
674 700
674 988
675 705
675 783
675 894
676 917
677 773
678 954
679 765
679 974
680 721
680 781
680 850
680 1015
681 732
681 797
681 958
682 886
683 825
683 836
683 891
684 871
685 688
685 873
686 693
686 698
686 706
686 753
686 763
686 793
687 727
687 772
687 839
687 884
688 689
688 841
689 942
689 984
690 752
690 963
690 992
691 908
692 728
693 778
693 980
694 777
694 955
695 994
696 904
696 905
697 856
697 898
697 948
698 755
698 799
698 804
698 826
698 994
699 932
700 835
701 837
701 926
702 798
703 769
704 856
705 970
706 907
706 929
707 728
707 738
707 820
707 972
708 863
708 929
709 872
709 930
710 719
710 819
710 968
710 979
711 829
711 848
712 773
712 796
712 981
713 759
715 752
715 892
717 741
717 812
718 871
718 986
719 784
719 946
720 729
720 761
720 808
720 876
720 972
721 809
721 910
721 948
722 756
723 752
723 825
723 908
724 901
724 920
725 999
728 773
728 793
728 1010
728 1023
729 854
730 939
730 941
731 927
732 741
732 977
733 939
734 827
736 909
737 831
738 832
738 881
738 948
738 993
739 770
739 827
740 969
741 753
741 912
741 982
742 749
742 877
742 884
742 970
745 786
746 827
749 769
749 802
749 1015
750 818
751 779
751 838
751 901
753 847
754 991
755 895
757 888
757 930
757 984
757 992
759 944
760 781
760 798
760 828
761 766
761 830
762 783
762 923
762 1012
763 875
763 919
763 940
763 961
763 966
765 806
766 813
766 954
766 962
767 1011
768 800
768 848
768 851
768 966
768 1006
769 936
770 818
770 847
771 929
771 937
773 811
773 814
773 960
774 821
774 954
775 911
775 931
776 947
777 914
779 889
779 926
779 956
780 840
780 979
782 806
782 914
783 907
783 1019
784 809
784 951
784 974
784 985
786 796
787 869
787 988
788 789
788 806
790 883
790 913
790 982
790 987
792 877
792 910
792 934
792 953
793 917
793 979
794 975
797 817
797 888
800 895
800 923
803 844
803 867
803 973
804 829
804 911
805 935
806 889
806 973
806 1016
807 888
807 899
807 923
807 1017
808 859
809 862
809 963
810 916
811 862
811 1001
812 1006
814 1011
815 892
815 908
815 965
816 907
816 920
821 908
821 988
822 881
825 965
831 970
834 835
838 996
840 974
841 931
841 991
841 1015
841 1021
844 855
846 1001
847 873
848 922
851 861
851 965
851 981
852 889
854 992
855 956
855 979
856 858
856 943
857 925
857 930
858 889
858 1006
859 984
859 991
860 895
862 915
862 994
867 953
868 906
869 1016
870 917
871 943
872 928
872 961
873 966
874 984
876 958
876 1017
878 918
880 916
881 908
881 936
883 958
883 1023
884 887
885 922
887 981
888 1008
889 955
889 961
889 980
890 965
891 918
904 952
904 970
906 944
907 953
907 958
909 989
910 933
911 927
913 973
913 1004
915 938
916 920
918 925
921 924
921 991
924 977
925 1005
929 949
933 997
938 947
939 996
940 1022
945 995
947 1022
948 1021
952 1019
953 974
966 993
967 987
971 975
971 991
976 983
977 1007
981 985
981 1019
984 1005
991 999
991 1022
995 999
999 1023
