0 13
0 21
0 35
0 50
0 65
0 67
0 90
0 238
0 254
0 258
0 275
0 287
0 311
0 336
0 395
0 397
0 442
0 463
0 506
1 14
1 23
1 29
1 91
1 205
1 218
1 244
1 259
1 329
1 336
1 410
1 453
2 47
2 55
2 94
2 133
2 312
2 364
2 395
2 400
2 432
2 445
2 451
2 459
3 8
3 54
3 61
3 92
3 140
3 218
3 335
3 364
3 367
3 416
3 451
3 489
3 498
3 506
4 18
4 51
4 130
4 164
4 169
4 236
4 261
4 274
4 277
4 320
4 329
4 384
4 457
4 497
5 15
5 29
5 53
5 119
5 122
5 164
5 174
5 213
5 296
5 326
5 334
5 352
5 363
5 484
5 496
6 15
6 16
6 91
6 286
6 378
6 446
6 455
6 461
6 464
7 9
7 12
7 49
7 89
7 138
7 184
7 219
7 256
7 267
7 364
7 421
7 462
8 40
8 85
8 87
8 103
8 120
8 160
8 245
8 360
8 418
8 429
8 439
8 463
9 17
9 48
9 52
9 76
9 92
9 115
9 126
9 137
9 156
9 157
9 224
9 241
9 242
9 269
9 288
9 303
9 316
9 367
9 399
9 417
9 467
9 484
9 506
10 16
10 157
10 159
10 242
10 265
10 273
10 278
10 286
10 373
10 418
10 431
10 455
10 466
11 37
11 47
11 59
11 85
11 125
11 127
11 200
11 238
11 262
11 337
11 415
11 419
11 483
11 484
11 485
12 44
12 77
12 81
12 162
12 167
12 170
12 203
12 205
12 218
12 251
12 294
12 301
12 365
12 380
12 402
12 403
12 428
13 27
13 65
13 148
13 151
13 199
13 311
13 313
13 322
13 333
13 348
13 360
13 392
13 470
13 471
13 508
14 24
14 26
14 73
14 92
14 104
14 106
14 111
14 215
14 260
14 274
14 276
14 336
14 348
14 365
14 437
14 441
14 478
14 485
14 490
15 30
15 101
15 185
15 192
15 197
15 216
15 291
15 338
15 378
15 410
15 440
15 442
15 493
16 127
16 141
16 199
16 232
16 254
16 276
16 290
16 325
16 426
16 451
16 492
17 40
17 86
17 107
17 125
17 131
17 245
17 248
17 260
17 279
17 333
17 367
17 393
17 463
17 477
17 503
17 508
18 110
18 153
18 178
18 246
18 284
18 313
18 370
18 377
18 401
18 451
18 458
18 472
18 492
19 49
19 79
19 104
19 161
19 173
19 308
19 324
19 351
19 383
19 399
19 434
19 442
19 487
19 495
19 508
20 30
20 40
20 74
20 116
20 207
20 232
20 269
20 300
20 402
20 470
21 22
21 41
21 122
21 205
21 258
21 259
21 355
21 373
22 50
22 71
22 100
22 191
22 226
22 240
22 342
22 349
22 393
22 399
22 478
22 491
22 511
23 34
23 35
23 66
23 164
23 203
23 233
23 312
23 328
23 333
23 388
23 428
23 457
23 465
24 147
24 242
24 250
24 268
24 296
24 322
24 344
24 425
24 434
24 509
25 30
25 172
25 181
25 194
25 243
25 259
25 270
25 295
25 360
25 390
25 393
25 394
25 411
25 440
25 451
25 465
26 50
26 56
26 104
26 126
26 151
26 233
26 247
26 296
26 382
26 388
26 445
26 498
26 502
27 88
27 89
27 103
27 104
27 159
27 165
27 167
27 180
27 217
27 234
27 241
27 255
27 260
27 276
27 300
27 348
27 356
27 399
27 448
27 463
27 466
27 468
27 503
28 37
28 44
28 81
28 120
28 128
28 148
28 151
28 162
28 188
28 197
28 263
28 276
28 320
28 338
28 416
28 439
28 485
29 100
29 137
29 153
29 266
29 330
29 350
29 386
29 420
29 455
30 38
30 66
30 79
30 85
30 103
30 118
30 203
30 209
30 222
30 231
30 264
30 278
30 283
30 354
30 371
30 372
30 392
30 425
30 439
30 485
30 497
31 39
31 53
31 85
31 167
31 183
31 186
31 217
31 331
31 421
31 431
31 473
31 505
32 109
32 115
32 122
32 125
32 194
32 258
32 276
32 306
32 385
32 386
32 388
32 393
33 36
33 47
33 52
33 69
33 86
33 140
33 288
33 290
33 293
33 306
33 337
33 387
33 419
33 497
34 63
34 66
34 101
34 272
34 292
34 305
34 386
34 388
34 403
34 471
35 69
35 74
35 100
35 108
35 119
35 171
35 191
35 275
35 329
35 354
35 356
35 387
36 54
36 94
36 96
36 103
36 167
36 236
36 239
36 241
36 285
36 295
36 340
36 370
36 376
36 416
36 437
36 461
36 480
37 78
37 86
37 179
37 288
37 289
37 353
37 367
37 389
37 413
37 430
37 451
37 466
37 472
38 202
38 221
38 274
38 288
38 416
38 500
39 71
39 95
39 106
39 163
39 227
39 239
39 253
39 342
39 373
39 392
40 41
40 54
40 75
40 89
40 96
40 100
40 114
40 132
40 205
40 272
40 277
40 360
40 383
40 460
41 111
41 115
41 145
41 174
41 193
41 413
41 427
42 77
42 164
42 216
42 251
42 265
42 348
42 351
42 387
42 410
42 415
42 417
42 437
42 454
42 471
43 87
43 108
43 111
43 143
43 171
43 173
43 177
43 181
43 209
43 214
43 217
43 244
43 288
43 294
43 298
43 335
43 366
43 377
43 499
43 505
44 97
44 125
44 139
44 140
44 176
44 255
44 423
44 455
44 457
44 483
45 58
45 96
45 185
45 188
45 192
45 280
45 338
45 448
45 453
46 50
46 63
46 103
46 106
46 117
46 232
46 255
46 256
46 275
46 460
46 465
47 66
47 87
47 153
47 201
47 249
47 324
47 365
47 412
47 439
48 49
48 61
48 71
48 181
48 208
48 240
48 284
48 300
48 361
48 407
48 482
48 498
49 50
49 185
49 187
49 212
49 281
49 352
49 374
49 398
49 417
49 443
49 460
49 470
49 500
50 103
50 128
50 169
50 185
50 216
50 248
50 251
50 259
50 298
50 310
50 332
50 339
50 389
50 392
50 409
50 436
50 495
51 68
51 82
51 87
51 134
51 166
51 188
51 229
51 265
51 280
51 282
51 301
51 321
51 382
51 403
51 408
51 419
51 440
51 445
51 446
51 453
52 61
52 166
52 214
52 249
52 260
52 289
52 299
52 318
52 339
52 356
52 360
52 368
52 389
52 417
52 506
53 83
53 137
53 260
53 304
53 314
53 319
53 338
53 347
53 360
53 407
53 410
53 418
53 423
53 490
53 499
54 139
54 176
54 239
54 272
54 282
54 398
54 408
54 442
54 445
55 85
55 111
55 151
55 188
55 200
55 222
55 258
55 286
55 316
55 328
55 344
55 357
55 398
55 433
55 442
55 447
55 461
55 483
55 499
56 75
56 87
56 173
56 185
56 198
56 230
56 289
56 438
56 446
56 455
56 462
56 478
56 482
57 68
57 69
57 110
57 113
57 139
57 173
57 187
57 192
57 202
57 282
57 297
57 308
57 310
57 342
57 387
57 398
57 402
57 441
57 444
57 448
57 454
57 459
58 62
58 70
58 85
58 107
58 137
58 145
58 154
58 158
58 199
58 340
58 342
58 360
58 422
58 423
58 447
58 464
58 502
59 119
59 128
59 204
59 247
59 262
59 301
59 312
59 417
59 440
60 97
60 138
60 217
60 335
60 377
60 430
61 84
61 103
61 146
61 167
61 198
61 202
61 235
61 262
61 336
61 361
61 376
61 434
61 502
62 97
62 181
62 302
62 327
62 332
62 342
62 360
62 446
62 464
62 479
63 74
63 97
63 139
63 151
63 179
63 238
63 244
63 249
63 270
63 302
63 356
63 371
63 402
63 444
64 189
64 215
64 224
64 276
64 299
64 302
64 322
64 362
64 384
64 399
64 500
65 156
65 176
65 210
65 311
65 341
66 108
66 312
66 348
66 357
66 366
66 403
66 504
66 508
67 93
67 104
67 191
67 198
67 203
67 250
67 257
67 270
67 278
67 354
67 371
67 383
67 390
67 417
67 419
67 463
67 478
67 496
68 101
68 130
68 157
68 183
68 220
68 243
68 244
68 309
68 438
68 441
68 469
68 476
69 102
69 144
69 148
69 167
69 185
69 245
69 252
69 331
69 343
69 384
69 422
69 440
69 453
69 510
70 78
70 80
70 81
70 97
70 118
70 151
70 161
70 171
70 183
70 228
70 379
70 383
70 424
70 433
70 440
70 483
70 485
70 490
70 504
71 100
71 102
71 119
71 120
71 260
71 289
71 305
71 310
71 311
71 331
71 357
71 370
71 410
71 468
71 504
72 81
72 90
72 91
72 98
72 125
72 134
72 257
72 261
72 403
72 405
72 474
73 160
73 169
73 211
73 212
73 254
73 337
73 390
73 468
73 506
74 158
74 159
74 160
74 185
74 231
74 260
74 264
74 282
74 370
74 381
74 445
75 78
75 134
75 135
75 136
75 169
75 178
75 262
75 273
75 294
75 319
75 325
75 423
75 433
76 81
76 255
76 361
76 413
76 416
76 436
76 454
76 481
77 157
77 161
77 204
77 229
77 273
77 276
77 315
77 323
77 342
77 380
77 383
77 389
77 442
77 446
77 453
78 87
78 95
78 117
78 133
78 179
78 216
78 247
78 266
78 321
78 352
78 370
78 412
78 438
78 448
78 457
78 475
78 497
78 503
79 87
79 125
79 266
79 290
79 333
79 341
79 372
79 390
79 414
79 442
80 95
80 114
80 130
80 173
80 180
80 186
80 224
80 245
80 247
80 296
80 298
80 323
80 330
80 384
80 408
80 433
80 449
81 88
81 102
81 184
81 190
81 203
81 360
81 379
81 413
81 430
81 441
81 447
81 487
82 85
82 138
82 141
82 151
82 162
82 217
82 239
82 295
82 304
82 320
82 322
82 327
82 370
82 378
82 422
83 131
83 149
83 164
83 171
83 172
83 182
83 193
83 286
83 303
83 369
83 403
84 182
84 196
84 263
84 274
84 281
84 298
84 310
84 380
84 416
84 418
84 421
84 436
84 463
85 110
85 177
85 201
85 250
85 254
85 259
85 263
85 298
85 306
85 337
85 341
85 399
85 427
86 131
86 157
86 184
86 236
86 260
86 402
86 424
86 443
86 495
87 232
87 239
87 272
87 285
87 303
87 338
87 439
87 465
87 470
87 511
88 145
88 200
88 245
88 349
88 389
88 397
88 404
88 407
88 423
88 477
88 493
89 91
89 117
89 159
89 173
89 204
89 266
89 318
89 368
89 400
89 460
89 483
89 485
89 494
90 91
90 105
90 172
90 184
90 325
90 326
90 353
90 390
90 440
90 454
90 508
91 185
91 202
91 297
91 302
91 327
91 333
91 338
91 354
91 356
91 374
91 388
91 425
91 430
91 476
91 489
92 176
92 216
92 244
92 256
92 268
92 404
92 411
92 428
92 469
92 494
92 502
93 99
93 114
93 117
93 169
93 172
93 182
93 280
93 335
93 384
93 397
93 410
93 418
93 444
93 468
93 478
93 505
94 141
94 220
94 253
94 300
94 303
94 330
94 353
94 387
94 437
94 445
94 456
94 457
94 487
95 202
95 234
95 266
95 273
95 310
95 326
95 333
95 358
95 438
95 499
96 98
96 115
96 209
96 241
96 245
96 250
96 302
96 303
96 372
96 398
96 507
97 201
97 221
97 234
97 274
97 301
97 321
97 323
97 365
97 450
97 470
98 123
98 128
98 169
98 193
98 240
98 251
98 260
98 265
98 266
98 304
98 315
98 322
98 415
98 465
98 504
99 119
99 132
99 148
99 161
99 197
99 232
99 241
99 244
99 303
99 355
99 373
99 391
99 400
100 134
100 235
100 333
100 334
100 362
100 489
100 491
100 492
100 495
101 104
101 167
101 277
101 402
101 422
101 435
101 493
102 156
102 171
102 222
102 224
102 238
102 247
102 259
102 265
102 329
102 333
102 378
102 380
102 393
102 399
102 478
102 491
102 500
103 104
103 114
103 118
103 135
103 176
103 256
103 315
103 335
103 387
103 504
104 114
104 147
104 154
104 203
104 228
104 252
104 344
104 349
104 423
104 454
104 462
105 106
105 123
105 193
105 196
105 202
105 259
105 265
105 305
105 339
105 393
105 413
105 439
105 498
106 120
106 143
106 152
106 155
106 215
106 218
106 253
106 297
106 350
106 397
106 458
106 485
106 502
106 511
107 161
107 175
107 213
107 251
107 275
107 325
107 328
107 347
107 349
107 354
107 358
107 395
107 427
107 490
107 507
108 109
108 149
108 169
108 233
108 389
108 420
108 439
108 450
108 471
108 492
108 504
109 135
109 203
109 231
109 311
109 338
109 344
109 348
109 400
109 484
109 494
110 122
110 152
110 173
110 191
110 195
110 196
110 255
110 274
110 286
110 290
110 304
110 349
110 374
110 384
110 438
110 449
111 215
111 239
111 241
111 253
111 271
111 315
111 327
111 377
111 426
111 461
111 469
111 483
111 494
111 495
111 506
112 118
112 122
112 129
112 209
112 217
112 218
112 241
112 281
112 369
112 389
112 393
112 406
112 424
112 436
112 498
113 165
113 169
113 190
113 192
113 195
113 258
113 271
113 286
113 295
113 327
113 401
113 496
114 148
114 204
114 250
114 252
114 340
114 355
114 371
114 386
114 397
114 409
114 416
114 427
114 506
115 145
115 188
115 247
115 305
115 329
115 446
115 452
115 460
115 462
115 480
116 129
116 174
116 188
116 196
116 223
116 242
116 338
116 352
116 380
116 416
116 454
117 143
117 222
117 265
117 273
117 311
117 356
117 428
117 438
117 459
117 468
117 475
117 479
118 125
118 181
118 252
118 268
118 282
118 365
118 416
118 448
118 483
119 192
119 211
119 233
119 276
119 291
119 315
119 316
119 379
119 408
119 412
119 418
119 444
119 445
119 460
119 482
120 154
120 160
120 211
120 275
120 294
120 363
120 371
120 402
120 454
120 470
120 472
121 125
121 241
121 336
121 374
121 378
121 392
121 453
121 460
122 145
122 154
122 180
122 199
122 208
122 258
122 286
122 322
122 359
122 417
122 467
122 488
123 131
123 163
123 204
123 270
123 338
123 383
123 417
123 447
123 461
123 490
123 504
124 175
124 178
124 235
124 260
124 290
124 294
124 296
124 318
124 335
124 389
124 393
124 418
124 492
125 181
125 295
125 349
125 367
126 201
126 272
126 307
126 322
126 329
126 356
126 360
126 411
126 438
126 439
126 481
126 495
127 155
127 246
127 316
127 351
127 405
127 497
128 152
128 156
128 167
128 169
128 180
128 209
128 211
128 312
128 363
128 449
128 464
128 496
129 153
129 163
129 184
129 189
129 250
129 279
129 367
129 387
129 429
129 492
130 223
130 225
130 242
130 291
130 355
130 375
130 376
130 418
130 477
130 485
131 143
131 193
131 247
131 314
131 328
131 419
131 465
131 488
131 508
132 165
132 193
132 232
132 241
132 253
132 334
132 375
132 413
132 451
132 478
132 481
132 492
133 189
133 211
133 280
133 315
133 448
133 458
133 463
133 493
134 255
134 276
134 308
134 406
134 463
134 471
134 491
135 195
135 206
135 220
135 230
135 246
135 272
135 281
135 307
135 342
135 362
135 371
135 403
135 407
135 465
135 508
136 176
136 260
136 267
136 270
136 278
136 292
136 307
136 313
136 447
136 476
136 487
137 233
137 255
137 348
137 431
137 478
138 153
138 204
138 223
138 235
138 262
138 264
138 314
138 376
138 447
138 461
138 467
139 149
139 155
139 220
139 227
139 247
139 270
139 299
139 320
139 343
139 366
139 378
139 456
139 485
140 161
140 189
140 278
140 318
140 389
140 431
140 455
140 463
141 378
141 435
141 482
141 501
141 507
142 180
142 240
142 274
142 281
142 308
142 334
142 338
142 365
142 444
142 474
142 497
143 247
143 274
143 319
143 362
143 421
143 429
143 446
143 490
144 148
144 169
144 186
144 317
144 331
144 348
144 364
144 377
144 414
145 174
145 186
145 273
145 301
145 329
145 332
145 353
145 368
145 385
145 389
145 447
145 450
145 467
146 178
146 482
147 164
147 171
147 218
147 235
147 240
147 245
147 256
147 294
147 304
147 346
147 360
147 409
147 427
147 511
148 196
148 198
148 229
148 288
148 318
148 338
148 365
148 386
148 504
149 150
149 155
149 196
149 224
149 244
149 338
149 370
149 382
149 400
149 414
150 158
150 161
150 206
150 244
150 270
150 282
150 298
150 346
150 359
150 360
150 376
150 400
150 466
150 474
150 494
151 152
151 199
151 281
151 340
151 341
151 352
151 413
151 417
151 421
151 499
151 505
152 200
152 247
152 254
152 304
152 322
152 327
152 329
152 354
152 364
152 378
152 388
152 462
152 486
152 492
153 178
153 191
153 194
153 202
153 214
153 242
153 327
153 375
153 447
153 456
153 462
154 178
154 253
154 282
154 314
154 338
154 360
154 427
154 441
155 265
155 269
155 290
155 292
155 338
155 367
155 378
155 493
156 179
156 208
156 216
156 234
156 251
156 252
156 270
156 273
156 319
156 359
156 360
156 423
156 430
156 469
156 504
157 164
157 217
157 289
157 373
157 406
157 410
157 454
157 482
158 197
158 204
158 244
158 277
158 351
158 359
158 364
158 402
158 404
158 483
158 496
159 198
159 214
159 219
159 283
159 301
159 321
159 330
159 416
159 473
159 502
160 208
160 285
160 354
160 361
160 370
160 371
161 194
161 321
161 356
161 405
161 418
161 465
161 480
161 486
161 497
162 181
162 227
162 326
162 329
162 396
162 460
162 468
162 489
162 496
163 174
163 214
163 247
163 249
163 300
163 336
163 410
163 466
163 478
163 500
164 225
164 267
164 286
164 301
164 310
164 323
164 346
164 391
164 434
164 448
164 463
165 222
165 298
165 355
165 357
165 371
165 372
165 390
165 403
165 411
166 185
166 302
166 418
166 451
166 472
166 479
167 191
167 215
167 247
167 277
167 306
167 500
167 503
168 238
168 282
168 293
168 375
168 462
168 465
168 466
168 489
169 178
169 183
169 192
169 209
169 289
169 340
169 346
169 353
169 363
169 381
169 411
170 198
170 234
170 235
170 277
170 318
170 319
170 321
170 357
170 369
170 377
170 402
170 440
171 196
171 211
171 261
171 279
171 306
171 400
171 406
171 460
171 461
171 472
172 190
172 221
172 275
172 370
172 505
172 511
173 212
173 222
173 229
173 236
173 237
173 248
173 257
173 281
173 370
173 388
173 412
173 501
174 186
174 221
174 239
174 251
174 253
174 360
174 375
174 400
174 438
174 473
175 176
175 181
175 251
175 267
175 490
175 505
176 182
176 194
176 249
176 259
176 269
176 271
176 372
176 479
177 212
177 255
177 257
177 281
177 291
177 304
177 414
177 422
177 476
177 499
178 188
178 228
178 247
178 266
178 310
178 391
178 461
178 466
178 481
178 482
179 197
179 226
179 287
179 297
179 314
179 334
179 338
179 372
179 374
179 381
180 181
180 211
180 238
180 264
180 302
180 337
180 356
180 369
180 402
180 419
180 463
180 481
181 208
181 239
181 268
181 286
181 306
181 336
181 361
181 427
181 478
182 186
182 239
182 253
182 271
182 296
182 345
182 386
182 436
182 489
182 510
183 371
183 457
183 508
184 196
184 299
184 328
184 331
184 365
184 476
184 502
184 511
185 212
185 216
185 361
185 386
185 393
185 413
185 423
185 426
185 467
185 481
185 487
185 499
186 209
186 211
186 213
186 218
186 223
186 260
186 323
186 356
186 423
186 442
186 497
186 506
187 191
187 198
187 236
187 242
187 276
187 378
187 386
187 454
187 479
188 201
188 218
188 231
188 257
188 263
188 344
188 353
188 366
188 380
188 390
188 414
188 431
188 433
188 438
189 207
189 238
189 302
189 371
189 446
190 303
190 418
190 419
190 431
190 469
191 305
191 324
191 325
191 328
191 332
191 363
191 447
191 460
192 206
192 209
192 217
192 295
192 299
192 326
192 330
192 333
192 373
192 384
192 389
192 420
192 423
193 203
193 246
193 260
193 265
193 273
193 313
193 328
193 329
193 375
193 394
193 438
193 473
194 258
194 266
194 291
194 299
194 363
194 407
194 506
195 208
195 212
195 232
195 248
195 250
195 252
195 276
195 335
195 407
195 414
195 467
195 471
195 483
195 496
196 213
196 225
196 262
196 282
196 283
196 332
196 356
196 460
197 209
197 261
197 316
197 428
198 247
198 287
198 339
198 355
198 453
198 458
198 466
198 488
198 494
199 210
199 214
199 278
199 345
199 421
199 477
199 491
200 241
200 255
200 307
200 355
200 377
200 437
200 466
200 473
201 217
201 229
201 267
201 278
201 293
201 305
201 367
201 414
201 488
202 250
202 321
202 356
202 362
202 366
202 367
202 398
202 423
202 464
202 490
203 210
203 224
203 246
203 276
203 319
203 326
203 385
203 394
203 399
203 440
203 461
203 489
203 490
203 497
204 272
204 285
204 393
204 486
205 219
205 280
205 325
205 408
205 438
205 444
205 446
205 478
205 501
206 235
206 324
206 329
206 353
206 354
206 376
206 406
206 409
206 449
206 478
206 479
206 482
206 483
207 210
207 211
207 246
207 253
207 318
207 393
207 407
207 468
207 486
208 265
208 267
208 270
208 302
208 339
208 410
209 225
209 253
209 271
209 276
209 292
209 339
209 357
209 382
209 385
209 449
209 489
210 235
210 236
210 265
210 269
210 326
210 348
210 360
210 403
210 417
210 423
210 435
211 287
211 311
211 349
211 374
211 381
211 395
211 396
211 401
211 411
211 436
211 438
212 227
212 229
212 272
212 273
212 394
212 414
212 427
212 456
212 472
212 499
213 234
213 275
213 345
213 364
213 399
213 406
213 419
213 430
214 302
214 384
214 422
214 424
214 453
214 475
215 218
215 228
215 268
215 276
215 297
215 311
215 353
215 368
215 379
215 483
215 498
216 231
216 243
216 379
216 396
216 400
216 430
216 465
216 485
216 493
217 256
217 262
217 270
217 335
217 357
217 373
217 389
217 447
218 275
218 329
218 395
218 400
218 418
218 446
218 452
218 466
218 473
218 492
218 509
219 221
219 275
219 356
219 365
219 385
219 443
219 477
219 481
219 507
220 222
220 267
220 292
220 307
220 317
220 367
220 376
220 381
221 230
221 246
221 254
221 317
221 346
221 353
221 400
221 404
221 410
222 231
222 242
222 297
222 346
222 358
222 384
222 394
222 415
222 446
222 448
222 490
223 267
223 397
223 434
223 481
223 509
224 227
224 267
224 272
224 279
224 325
224 326
224 506
225 240
225 311
225 323
225 325
225 373
225 386
225 403
225 412
225 443
225 502
226 242
226 273
226 285
226 307
226 333
226 364
226 383
226 429
226 430
226 496
226 500
227 246
227 254
227 267
227 279
227 285
227 301
227 339
227 389
227 390
227 395
227 429
227 457
227 507
228 247
228 249
228 252
228 301
228 373
228 471
229 240
229 241
229 244
229 297
229 299
229 321
229 396
229 465
229 490
230 254
230 264
230 299
230 311
230 318
230 343
230 386
230 448
230 456
230 458
230 491
231 250
231 287
231 316
231 508
232 341
232 345
232 379
232 425
233 250
233 254
233 286
233 301
233 339
233 343
233 391
233 485
234 250
234 277
234 280
234 311
234 323
234 336
234 449
235 319
235 368
235 374
235 387
235 388
235 398
235 404
235 432
235 455
236 294
236 356
236 447
236 451
237 245
237 261
237 282
237 442
237 457
237 464
238 282
238 289
238 311
238 318
238 357
238 387
238 399
238 458
238 468
238 507
239 245
239 262
239 297
239 301
239 316
239 335
239 336
239 347
239 429
239 477
239 486
240 248
240 267
240 279
240 326
240 375
240 381
240 410
240 436
240 459
241 251
241 255
241 266
241 313
241 354
241 362
242 249
242 253
242 273
242 300
242 329
242 388
242 390
242 429
242 456
242 494
242 507
243 244
243 299
243 315
243 325
243 350
243 370
243 378
243 393
243 402
243 403
243 413
243 458
243 502
244 246
244 248
244 255
244 317
244 392
244 439
244 493
244 506
244 508
245 263
245 282
245 334
245 335
245 340
245 348
245 505
246 289
246 423
246 488
246 493
246 500
247 252
247 268
247 274
247 330
247 340
247 372
247 424
247 443
247 480
247 481
247 509
248 353
249 271
249 288
249 292
249 325
249 377
250 291
250 315
250 392
250 439
251 256
251 258
251 271
251 314
251 329
251 349
251 354
251 365
251 474
252 281
252 452
252 466
252 508
253 306
253 316
253 332
253 337
253 365
253 396
253 399
253 405
253 447
253 493
254 263
254 356
254 362
254 403
254 464
254 484
254 493
254 502
254 510
255 263
255 283
255 322
255 345
255 449
255 463
255 468
255 476
255 482
256 300
256 433
256 463
256 506
257 353
257 374
257 403
257 409
257 432
257 468
257 477
258 261
258 265
258 303
258 316
258 327
258 360
258 369
258 371
258 456
259 304
259 307
259 312
259 391
259 408
259 431
259 451
259 454
260 297
260 412
260 460
260 491
260 509
261 379
261 390
261 391
261 404
261 407
261 429
261 443
262 269
262 289
262 331
262 407
262 438
262 475
262 496
263 291
263 361
263 379
263 385
263 399
263 419
263 502
264 415
264 472
264 496
265 307
265 333
265 380
265 471
266 316
266 324
266 384
266 425
266 434
266 499
266 505
266 511
267 305
267 389
267 406
267 470
267 485
267 498
268 370
268 372
268 389
268 407
269 307
269 326
269 337
269 343
269 354
269 363
269 419
269 427
269 470
269 505
270 285
270 288
270 449
270 473
271 275
271 276
271 308
271 421
271 433
271 472
271 491
271 509
272 288
272 310
272 319
272 349
272 396
272 420
272 448
273 288
273 310
273 378
273 399
273 419
273 468
273 475
273 505
274 286
274 305
274 335
274 342
274 495
275 280
275 302
275 314
275 329
275 334
275 341
275 402
275 415
275 427
275 435
275 460
275 466
276 299
276 319
276 350
276 378
276 380
276 405
276 482
277 279
277 304
277 316
277 401
277 409
277 430
277 431
277 484
277 487
277 501
277 502
278 311
278 326
278 367
278 385
278 411
278 453
278 466
278 481
279 405
279 487
280 285
280 288
280 300
280 407
280 418
280 460
280 469
280 492
280 498
281 292
281 310
281 331
281 427
281 475
281 494
282 341
282 342
282 361
282 371
282 374
282 421
282 436
282 481
282 482
283 298
283 339
283 371
283 414
283 428
284 322
284 326
284 327
284 373
284 424
284 448
284 452
284 478
285 358
285 401
285 428
285 434
285 452
285 504
286 321
286 380
286 414
286 439
286 443
286 446
286 456
287 328
287 341
287 355
287 356
287 364
287 443
287 448
287 453
287 484
287 496
288 344
288 354
288 356
288 376
288 394
288 479
288 486
289 351
289 358
289 375
289 404
289 471
290 306
290 319
290 400
290 424
290 471
290 477
290 507
291 328
291 332
291 338
291 357
291 409
291 411
291 435
291 458
291 507
292 316
292 318
292 321
292 351
292 391
292 425
293 308
293 324
293 325
293 326
293 346
293 355
293 448
293 477
294 309
294 310
294 362
294 389
294 416
294 439
294 467
294 470
294 476
294 492
295 338
295 346
295 386
295 411
295 417
295 433
295 492
296 351
296 357
296 381
296 383
296 427
296 475
296 508
297 330
297 372
297 394
297 441
297 457
297 509
298 301
298 306
298 311
298 326
298 333
298 395
298 463
299 302
299 303
299 310
299 317
299 360
299 391
299 418
299 442
299 457
300 310
300 351
300 356
300 420
300 434
300 458
301 306
301 384
301 447
301 468
301 481
302 305
302 308
302 309
302 357
302 416
302 470
303 350
303 367
303 402
304 349
304 390
304 403
304 408
304 425
304 435
304 470
304 485
304 494
305 450
305 458
305 466
305 492
306 313
306 333
306 349
306 352
306 378
306 423
306 449
307 309
307 369
307 371
307 377
308 326
308 354
308 367
308 379
308 380
308 421
308 426
308 460
308 477
308 482
308 501
309 319
309 326
309 395
309 397
309 417
309 479
309 482
309 487
310 383
310 388
310 391
310 470
310 504
311 353
311 373
311 396
311 404
311 432
311 437
311 439
311 468
311 498
312 389
312 414
312 457
313 340
313 349
313 363
313 398
313 399
313 401
313 426
313 450
313 460
313 467
313 504
314 318
314 320
314 394
314 418
314 452
315 332
315 365
315 400
315 401
315 408
315 439
315 461
316 377
316 397
316 439
316 494
316 507
316 509
317 328
317 359
317 362
317 379
317 385
317 398
318 391
318 479
318 490
318 506
319 350
319 354
319 379
319 416
319 487
319 488
319 492
320 388
321 323
321 332
321 443
321 502
321 509
322 351
322 370
322 374
322 428
322 450
322 480
323 344
323 387
323 495
324 335
324 344
324 380
324 428
324 482
325 337
325 340
326 332
326 371
326 393
326 423
326 450
326 487
327 335
327 390
327 419
327 444
327 473
327 492
327 500
328 495
328 501
329 342
329 343
329 492
330 361
330 367
330 385
330 444
331 355
331 375
331 440
331 489
332 334
332 352
332 447
332 471
332 483
332 486
333 350
333 365
333 385
333 418
333 427
333 457
334 365
334 459
334 497
335 392
335 437
335 466
335 510
336 418
336 419
336 428
336 437
336 486
337 411
337 501
337 504
338 374
338 429
338 477
338 478
338 485
338 496
339 362
339 376
339 391
339 402
339 420
339 430
339 433
339 436
339 443
339 450
339 500
340 409
340 441
340 459
340 470
340 482
341 346
341 405
341 438
341 444
341 464
341 469
342 376
342 459
343 357
343 364
343 445
343 458
344 412
344 433
344 477
344 485
344 494
345 423
345 454
345 502
346 398
346 453
346 462
346 481
347 383
347 418
347 422
347 459
347 509
348 354
348 364
348 369
348 411
348 506
349 364
349 376
349 394
349 403
349 411
349 420
349 459
350 367
350 398
350 411
350 424
350 455
350 493
350 506
351 413
351 447
351 459
351 462
351 511
352 363
352 372
352 376
352 396
352 414
352 425
352 427
352 489
353 375
353 385
353 388
353 393
353 400
353 401
353 421
353 445
353 470
353 476
353 477
353 498
353 510
354 436
354 462
354 472
355 374
355 392
355 423
355 434
355 501
356 391
356 414
356 424
357 380
357 381
357 387
357 454
357 473
357 493
358 377
358 378
358 399
358 400
359 404
359 417
359 425
359 429
360 364
360 366
360 450
360 470
360 486
360 502
361 445
361 462
362 448
363 381
363 394
363 423
363 428
363 430
364 462
364 473
364 503
365 397
365 431
365 473
365 506
367 383
367 435
367 471
367 505
368 372
368 433
368 483
368 484
368 493
368 511
369 446
369 479
370 389
370 438
370 507
371 373
371 403
371 405
371 433
371 509
372 397
372 415
372 468
372 477
373 475
373 510
374 388
374 413
374 425
374 437
375 389
376 388
376 417
376 422
376 432
377 391
377 393
377 417
378 387
378 472
378 494
379 395
379 411
380 433
380 447
380 488
380 489
381 391
381 398
381 444
381 467
382 396
382 443
383 444
383 477
384 417
384 503
384 504
385 389
385 392
385 398
385 414
385 415
385 442
386 481
386 490
386 505
386 507
387 404
387 440
387 448
387 473
387 481
387 483
387 495
387 502
388 414
388 473
388 490
390 438
390 444
390 459
390 475
390 492
391 458
391 465
391 509
392 396
392 472
392 492
394 426
394 454
394 466
394 470
395 429
395 470
396 402
396 446
397 476
398 483
398 490
398 503
399 406
399 408
399 440
399 442
399 473
399 481
399 504
401 423
401 429
401 430
401 489
402 495
404 411
404 452
405 427
405 430
405 432
405 466
405 505
406 417
406 449
406 453
406 470
406 473
406 484
406 496
406 506
407 416
407 436
407 443
407 446
407 455
407 458
407 460
407 489
407 508
408 505
409 491
409 495
410 446
410 458
410 478
410 480
410 483
410 506
411 431
411 460
412 426
412 429
412 444
412 452
413 423
413 449
413 471
414 473
414 496
415 431
416 486
416 488
416 495
417 452
417 455
417 458
417 485
418 444
418 456
418 477
419 452
419 504
420 435
420 497
421 429
421 489
421 502
422 424
422 469
422 475
423 460
424 432
425 466
425 484
426 450
426 472
426 503
428 432
428 446
428 462
430 471
430 496
431 436
431 440
432 498
433 438
433 448
434 441
434 467
435 493
436 440
436 472
436 474
437 448
437 498
438 480
438 482
440 442
440 488
441 461
441 474
442 443
442 469
442 484
443 491
443 509
444 446
444 455
444 477
444 493
445 465
445 467
445 474
445 504
445 510
446 490
447 452
447 477
447 504
448 474
448 476
448 479
451 487
451 498
452 460
452 470
452 484
452 497
453 462
453 487
453 493
454 458
455 456
457 498
458 487
460 465
460 497
461 466
461 468
462 467
462 495
462 501
463 510
464 474
464 491
464 498
465 475
466 509
467 487
468 487
468 496
469 472
471 504
471 505
472 483
476 492
476 510
477 486
479 504
481 488
481 496
481 509
484 492
484 501
486 505
489 506
490 510
495 500
495 501
496 507
498 508
