0 10
0 13
0 15
0 16
0 19
0 25
0 27
0 51
0 52
0 58
0 67
0 108
0 123
0 148
0 156
0 157
0 162
0 190
0 192
0 195
0 204
0 205
0 223
0 227
0 230
0 257
0 283
0 306
0 314
0 332
0 348
0 354
0 363
0 412
0 428
0 439
0 452
0 487
0 510
0 511
0 512
0 563
0 648
0 668
0 675
0 683
0 685
0 686
0 721
0 774
0 792
0 829
0 839
0 849
0 883
0 957
0 986
0 997
0 999
1 10
1 11
1 12
1 14
1 15
1 17
1 20
1 24
1 25
1 28
1 29
1 32
1 34
1 39
1 43
1 58
1 63
1 68
1 82
1 88
1 90
1 93
1 99
1 100
1 106
1 109
1 111
1 113
1 129
1 133
1 137
1 145
1 159
1 161
1 172
1 186
1 201
1 233
1 242
1 260
1 293
1 295
1 298
1 318
1 326
1 332
1 359
1 366
1 387
1 391
1 401
1 404
1 417
1 418
1 450
1 488
1 490
1 498
1 501
1 521
1 538
1 590
1 599
1 631
1 664
1 671
1 682
1 686
1 709
1 711
1 723
1 763
1 802
1 805
1 868
1 923
1 925
1 927
1 929
1 953
2 10
2 11
2 12
2 13
2 14
2 16
2 17
2 23
2 25
2 27
2 28
2 33
2 34
2 46
2 60
2 62
2 74
2 79
2 88
2 100
2 106
2 107
2 117
2 122
2 125
2 131
2 132
2 138
2 141
2 148
2 152
2 175
2 184
2 185
2 223
2 244
2 248
2 276
2 287
2 288
2 300
2 318
2 329
2 341
2 346
2 352
2 356
2 372
2 382
2 385
2 395
2 413
2 430
2 433
2 440
2 445
2 449
2 452
2 458
2 502
2 524
2 542
2 545
2 549
2 565
2 593
2 604
2 615
2 627
2 693
2 696
2 715
2 719
2 728
2 729
2 732
2 739
2 744
2 748
2 786
2 832
2 868
2 903
2 905
2 910
2 915
2 925
2 958
2 981
3 10
3 11
3 12
3 13
3 14
3 18
3 19
3 37
3 42
3 50
3 54
3 60
3 70
3 71
3 87
3 97
3 101
3 112
3 125
3 126
3 139
3 167
3 171
3 173
3 178
3 181
3 185
3 192
3 208
3 216
3 219
3 225
3 241
3 248
3 264
3 282
3 289
3 297
3 311
3 325
3 345
3 430
3 486
3 542
3 544
3 551
3 586
3 617
3 762
3 846
3 847
3 868
3 892
3 919
3 941
3 949
3 952
3 973
4 10
4 11
4 12
4 13
4 15
4 16
4 17
4 18
4 20
4 21
4 22
4 29
4 34
4 37
4 43
4 44
4 45
4 48
4 50
4 53
4 57
4 62
4 69
4 76
4 81
4 82
4 85
4 88
4 93
4 95
4 99
4 112
4 115
4 119
4 121
4 126
4 130
4 140
4 150
4 172
4 175
4 188
4 193
4 198
4 207
4 215
4 219
4 227
4 228
4 229
4 235
4 242
4 260
4 262
4 307
4 315
4 317
4 327
4 335
4 343
4 380
4 391
4 411
4 417
4 425
4 431
4 436
4 437
4 446
4 458
4 459
4 478
4 492
4 494
4 514
4 554
4 555
4 556
4 587
4 626
4 630
4 643
4 672
4 694
4 715
4 719
4 789
4 811
4 815
4 819
4 844
4 847
4 857
4 880
4 884
4 912
4 960
4 964
5 10
5 11
5 17
5 21
5 27
5 35
5 42
5 45
5 56
5 71
5 74
5 75
5 84
5 86
5 94
5 101
5 104
5 114
5 124
5 132
5 152
5 163
5 170
5 186
5 205
5 220
5 230
5 236
5 249
5 295
5 310
5 324
5 380
5 396
5 404
5 410
5 415
5 426
5 432
5 443
5 448
5 492
5 547
5 559
5 577
5 587
5 618
5 669
5 684
5 756
5 760
5 771
5 798
5 832
5 864
5 870
5 926
5 955
5 1002
5 1022
6 10
6 11
6 12
6 13
6 15
6 16
6 17
6 18
6 20
6 23
6 24
6 25
6 26
6 30
6 45
6 48
6 49
6 50
6 61
6 63
6 64
6 71
6 74
6 76
6 87
6 100
6 103
6 113
6 117
6 120
6 132
6 139
6 155
6 159
6 167
6 179
6 241
6 248
6 250
6 253
6 254
6 261
6 276
6 279
6 281
6 292
6 299
6 304
6 310
6 311
6 320
6 389
6 390
6 397
6 423
6 441
6 443
6 455
6 464
6 484
6 493
6 495
6 505
6 519
6 521
6 552
6 553
6 586
6 593
6 611
6 621
6 700
6 730
6 748
6 771
6 790
6 807
6 914
6 919
6 922
6 938
6 950
6 976
6 1002
7 11
7 12
7 73
7 171
7 216
7 851
8 11
8 12
8 13
8 14
8 18
8 21
8 35
8 39
8 41
8 47
8 72
8 80
8 83
8 90
8 92
8 94
8 95
8 102
8 119
8 138
8 139
8 201
8 221
8 224
8 248
8 250
8 279
8 299
8 303
8 306
8 309
8 314
8 321
8 330
8 331
8 337
8 350
8 353
8 361
8 372
8 394
8 425
8 440
8 446
8 449
8 454
8 490
8 504
8 508
8 545
8 583
8 590
8 608
8 640
8 685
8 688
8 716
8 738
8 777
8 799
8 823
8 835
8 840
8 906
8 916
8 930
8 956
8 965
8 967
9 10
9 11
9 12
9 15
9 20
9 26
9 27
9 29
9 31
9 33
9 37
9 38
9 39
9 41
9 44
9 47
9 51
9 68
9 73
9 77
9 106
9 114
9 123
9 130
9 145
9 148
9 150
9 170
9 171
9 194
9 207
9 231
9 246
9 251
9 252
9 260
9 274
9 282
9 285
9 311
9 345
9 350
9 358
9 397
9 400
9 414
9 415
9 429
9 456
9 457
9 490
9 491
9 495
9 496
9 516
9 517
9 530
9 533
9 614
9 645
9 660
9 663
9 761
9 775
9 780
9 824
9 829
9 855
9 903
9 934
9 937
9 940
10 11
10 12
10 13
10 14
10 15
10 16
10 18
10 19
10 20
10 21
10 22
10 23
10 24
10 25
10 27
10 28
10 29
10 30
10 31
10 32
10 34
10 36
10 37
10 38
10 40
10 42
10 45
10 46
10 55
10 56
10 65
10 67
10 70
10 76
10 78
10 83
10 84
10 86
10 93
10 94
10 97
10 109
10 119
10 138
10 139
10 142
10 144
10 160
10 167
10 168
10 178
10 181
10 188
10 202
10 209
10 210
10 214
10 224
10 228
10 229
10 230
10 236
10 247
10 251
10 266
10 268
10 274
10 305
10 324
10 337
10 338
10 339
10 341
10 402
10 404
10 412
10 466
10 487
10 489
10 493
10 499
10 509
10 522
10 537
10 548
10 580
10 600
10 609
10 618
10 628
10 658
10 670
10 683
10 690
10 693
10 713
10 725
10 734
10 742
10 768
10 793
10 798
10 804
10 820
10 822
10 834
10 838
10 844
10 856
10 865
10 868
10 901
10 902
10 903
10 951
10 963
10 972
11 12
11 13
11 14
11 16
11 18
11 19
11 21
11 24
11 26
11 28
11 29
11 30
11 33
11 36
11 37
11 41
11 44
11 53
11 54
11 70
11 72
11 74
11 79
11 88
11 89
11 92
11 103
11 107
11 118
11 125
11 134
11 149
11 152
11 154
11 157
11 161
11 164
11 170
11 194
11 201
11 203
11 218
11 221
11 232
11 237
11 239
11 242
11 248
11 249
11 250
11 263
11 270
11 272
11 275
11 281
11 291
11 297
11 307
11 313
11 317
11 321
11 324
11 330
11 333
11 334
11 336
11 346
11 347
11 364
11 370
11 376
11 379
11 386
11 402
11 403
11 411
11 445
11 447
11 459
11 469
11 473
11 481
11 484
11 491
11 497
11 499
11 513
11 515
11 521
11 526
11 560
11 564
11 567
11 577
11 602
11 605
11 606
11 615
11 626
11 642
11 676
11 708
11 717
11 752
11 756
11 775
11 784
11 790
11 812
11 831
11 857
11 887
11 901
11 902
11 908
11 953
11 954
11 967
11 969
11 985
11 990
11 994
11 1007
11 1009
11 1010
11 1012
11 1013
11 1015
11 1023
12 14
12 15
12 16
12 17
12 19
12 20
12 22
12 25
12 26
12 28
12 34
12 37
12 38
12 41
12 44
12 46
12 48
12 50
12 51
12 59
12 61
12 63
12 66
12 72
12 77
12 79
12 82
12 85
12 92
12 93
12 94
12 103
12 108
12 111
12 113
12 119
12 120
12 123
12 124
12 127
12 128
12 130
12 132
12 137
12 138
12 147
12 149
12 151
12 154
12 155
12 156
12 172
12 180
12 198
12 208
12 214
12 217
12 219
12 224
12 227
12 239
12 250
12 254
12 273
12 279
12 293
12 320
12 323
12 325
12 334
12 337
12 338
12 347
12 375
12 395
12 414
12 422
12 438
12 439
12 471
12 472
12 478
12 488
12 501
12 507
12 511
12 516
12 540
12 555
12 567
12 576
12 578
12 592
12 606
12 623
12 627
12 650
12 707
12 708
12 732
12 753
12 763
12 764
12 779
12 784
12 800
12 818
12 826
12 843
12 880
12 888
12 898
12 912
12 914
12 917
12 935
12 963
12 968
12 997
12 1005
13 14
13 17
13 18
13 19
13 20
13 21
13 22
13 24
13 27
13 28
13 32
13 35
13 36
13 39
13 41
13 44
13 46
13 47
13 54
13 66
13 71
13 76
13 77
13 90
13 98
13 118
13 121
13 126
13 131
13 153
13 177
13 194
13 196
13 215
13 218
13 222
13 228
13 230
13 231
13 239
13 241
13 246
13 259
13 264
13 269
13 274
13 278
13 283
13 309
13 329
13 347
13 363
13 387
13 401
13 458
13 477
13 493
13 503
13 519
13 525
13 531
13 534
13 574
13 580
13 582
13 622
13 641
13 658
13 679
13 699
13 715
13 740
13 751
13 793
13 810
13 831
13 870
13 906
13 924
13 940
13 944
13 952
13 957
13 975
14 16
14 17
14 19
14 20
14 21
14 22
14 24
14 26
14 27
14 28
14 31
14 32
14 37
14 41
14 45
14 52
14 59
14 62
14 64
14 65
14 71
14 72
14 75
14 78
14 83
14 87
14 92
14 98
14 108
14 116
14 123
14 127
14 134
14 135
14 137
14 140
14 142
14 148
14 150
14 156
14 169
14 177
14 179
14 183
14 187
14 188
14 189
14 196
14 207
14 208
14 218
14 229
14 231
14 234
14 246
14 249
14 276
14 292
14 333
14 336
14 339
14 340
14 352
14 360
14 386
14 394
14 398
14 403
14 419
14 425
14 439
14 449
14 450
14 455
14 474
14 476
14 481
14 506
14 528
14 576
14 585
14 588
14 594
14 644
14 646
14 649
14 711
14 712
14 713
14 726
14 741
14 743
14 748
14 752
14 767
14 796
14 798
14 804
14 820
14 857
14 883
14 912
14 913
14 931
14 933
14 940
14 941
14 951
14 958
14 988
14 1020
15 16
15 18
15 22
15 25
15 27
15 29
15 30
15 32
15 36
15 38
15 40
15 43
15 45
15 46
15 48
15 51
15 53
15 54
15 55
15 56
15 57
15 58
15 61
15 63
15 64
15 69
15 71
15 80
15 89
15 91
15 95
15 96
15 97
15 100
15 106
15 111
15 114
15 117
15 122
15 130
15 131
15 132
15 148
15 153
15 166
15 172
15 173
15 185
15 191
15 196
15 224
15 237
15 246
15 249
15 256
15 265
15 282
15 287
15 298
15 300
15 302
15 324
15 328
15 331
15 344
15 345
15 346
15 359
15 364
15 368
15 377
15 397
15 417
15 440
15 443
15 457
15 470
15 472
15 486
15 497
15 503
15 506
15 518
15 530
15 532
15 535
15 542
15 554
15 555
15 578
15 597
15 602
15 610
15 649
15 651
15 661
15 703
15 712
15 717
15 718
15 735
15 744
15 747
15 777
15 787
15 800
15 803
15 804
15 850
15 870
15 886
15 891
15 900
15 909
15 912
15 918
15 928
15 934
15 947
15 949
15 971
15 979
15 984
15 999
16 17
16 18
16 19
16 21
16 23
16 25
16 26
16 30
16 39
16 40
16 47
16 50
16 52
16 58
16 65
16 66
16 82
16 84
16 89
16 90
16 91
16 98
16 114
16 134
16 137
16 140
16 145
16 148
16 149
16 157
16 158
16 189
16 195
16 204
16 212
16 261
16 265
16 270
16 289
16 298
16 299
16 318
16 319
16 361
16 371
16 376
16 379
16 389
16 391
16 419
16 432
16 451
16 457
16 458
16 472
16 480
16 481
16 497
16 515
16 518
16 522
16 540
16 544
16 552
16 564
16 583
16 589
16 598
16 626
16 633
16 671
16 681
16 684
16 704
16 734
16 735
16 748
16 751
16 770
16 773
16 793
16 815
16 824
16 834
16 843
16 849
16 858
16 873
16 880
16 881
16 889
16 919
16 945
16 948
16 988
16 1020
16 1021
17 19
17 20
17 21
17 23
17 24
17 25
17 26
17 28
17 33
17 40
17 43
17 48
17 58
17 60
17 67
17 72
17 74
17 75
17 76
17 81
17 82
17 85
17 89
17 105
17 109
17 127
17 189
17 193
17 205
17 217
17 227
17 239
17 252
17 257
17 264
17 272
17 285
17 292
17 298
17 306
17 315
17 324
17 333
17 360
17 364
17 376
17 391
17 417
17 443
17 467
17 520
17 561
17 563
17 566
17 634
17 649
17 686
17 749
17 752
17 753
17 783
17 788
17 808
17 845
17 848
17 993
17 1005
17 1016
17 1019
17 1022
18 19
18 21
18 22
18 23
18 27
18 30
18 31
18 32
18 33
18 34
18 35
18 36
18 37
18 38
18 42
18 51
18 55
18 56
18 60
18 63
18 64
18 66
18 73
18 75
18 77
18 80
18 83
18 84
18 89
18 93
18 96
18 98
18 108
18 109
18 113
18 120
18 123
18 139
18 140
18 142
18 147
18 151
18 166
18 175
18 176
18 179
18 181
18 184
18 187
18 190
18 203
18 232
18 235
18 242
18 263
18 265
18 271
18 281
18 302
18 307
18 326
18 332
18 343
18 347
18 351
18 364
18 380
18 404
18 407
18 414
18 460
18 467
18 485
18 493
18 524
18 530
18 532
18 550
18 557
18 578
18 591
18 594
18 624
18 645
18 692
18 696
18 715
18 745
18 759
18 779
18 805
18 811
18 820
18 837
18 841
18 864
18 867
18 870
18 889
18 891
18 911
18 920
18 925
18 939
18 945
18 949
18 952
18 987
19 22
19 23
19 24
19 26
19 28
19 29
19 30
19 31
19 33
19 35
19 38
19 40
19 42
19 44
19 46
19 47
19 57
19 60
19 69
19 77
19 86
19 90
19 91
19 97
19 98
19 101
19 115
19 118
19 120
19 133
19 137
19 141
19 151
19 155
19 159
19 163
19 172
19 178
19 188
19 195
19 197
19 199
19 200
19 212
19 219
19 223
19 231
19 239
19 242
19 273
19 299
19 300
19 305
19 333
19 334
19 350
19 353
19 365
19 384
19 391
19 399
19 402
19 407
19 412
19 425
19 442
19 455
19 467
19 468
19 469
19 474
19 482
19 491
19 496
19 498
19 508
19 518
19 536
19 570
19 583
19 595
19 599
19 601
19 604
19 626
19 632
19 663
19 687
19 714
19 787
19 794
19 798
19 820
19 864
19 873
19 909
19 930
19 944
19 958
19 978
19 981
19 982
19 985
19 993
19 995
19 1004
20 23
20 26
20 31
20 36
20 42
20 53
20 54
20 55
20 60
20 61
20 63
20 64
20 69
20 73
20 75
20 77
20 87
20 96
20 97
20 102
20 108
20 139
20 154
20 164
20 166
20 185
20 193
20 206
20 209
20 260
20 261
20 294
20 319
20 329
20 337
20 342
20 345
20 350
20 413
20 448
20 470
20 484
20 527
20 555
20 563
20 581
20 604
20 638
20 645
20 648
20 652
20 666
20 686
20 744
20 752
21 24
21 26
21 27
21 31
21 34
21 38
21 39
21 40
21 41
21 54
21 60
21 62
21 63
21 64
21 65
21 68
21 73
21 78
21 84
21 94
21 97
21 99
21 104
21 126
21 159
21 162
21 167
21 178
21 188
21 200
21 212
21 227
21 228
21 229
21 254
21 256
21 257
21 276
21 295
21 305
21 325
21 332
21 336
21 340
21 348
21 360
21 366
21 367
21 379
21 392
21 394
21 409
21 423
21 446
21 452
21 457
21 461
21 522
21 536
21 596
21 621
21 667
21 682
21 706
21 710
21 770
21 780
21 826
21 861
21 862
21 871
21 875
21 884
21 902
21 916
21 927
21 933
21 999
21 1006
21 1007
21 1014
21 1022
22 23
22 24
22 31
22 33
22 34
22 57
22 61
22 72
22 78
22 85
22 93
22 102
22 104
22 105
22 111
22 122
22 123
22 134
22 143
22 158
22 160
22 162
22 164
22 186
22 200
22 203
22 213
22 219
22 234
22 235
22 237
22 261
22 274
22 284
22 296
22 297
22 305
22 311
22 319
22 355
22 382
22 389
22 410
22 415
22 427
22 451
22 480
22 500
22 508
22 547
22 548
22 549
22 564
22 579
22 624
22 643
22 665
22 690
22 726
22 731
22 739
22 771
22 786
22 787
22 795
22 806
22 839
22 853
22 854
22 871
22 879
22 888
22 892
22 895
22 909
22 942
22 949
22 979
22 985
22 999
22 1004
23 25
23 29
23 32
23 38
23 45
23 52
23 56
23 64
23 74
23 75
23 82
23 90
23 103
23 116
23 121
23 124
23 125
23 126
23 128
23 136
23 141
23 143
23 158
23 166
23 175
23 178
23 184
23 185
23 210
23 212
23 220
23 222
23 235
23 251
23 259
23 296
23 297
23 308
23 318
23 323
23 356
23 362
23 375
23 429
23 438
23 472
23 505
23 507
23 511
23 556
23 618
23 681
23 733
23 751
23 769
23 847
23 863
23 871
23 904
23 934
23 968
23 995
24 32
24 33
24 35
24 36
24 37
24 38
24 39
24 47
24 49
24 55
24 71
24 81
24 95
24 101
24 102
24 107
24 123
24 147
24 157
24 166
24 176
24 204
24 209
24 234
24 274
24 285
24 336
24 344
24 377
24 385
24 387
24 388
24 397
24 409
24 450
24 477
24 501
24 516
24 520
24 557
24 581
24 619
24 630
24 646
24 652
24 653
24 664
24 665
24 753
24 759
24 785
24 790
24 829
24 831
24 860
24 919
24 978
24 1014
25 28
25 29
25 34
25 47
25 50
25 62
25 63
25 65
25 67
25 69
25 82
25 88
25 112
25 113
25 114
25 136
25 154
25 191
25 192
25 204
25 220
25 222
25 224
25 234
25 249
25 271
25 273
25 277
25 281
25 282
25 289
25 318
25 406
25 420
25 456
25 458
25 462
25 477
25 518
25 563
25 589
25 641
25 660
25 668
25 669
25 671
25 717
25 736
25 763
25 774
25 783
25 827
25 829
25 832
25 854
25 872
25 880
26 30
26 31
26 33
26 39
26 40
26 43
26 46
26 50
26 53
26 56
26 58
26 68
26 69
26 75
26 88
26 98
26 113
26 117
26 126
26 133
26 138
26 159
26 165
26 166
26 178
26 189
26 213
26 214
26 221
26 274
26 275
26 288
26 303
26 311
26 316
26 317
26 334
26 336
26 344
26 345
26 372
26 379
26 385
26 388
26 408
26 423
26 441
26 494
26 498
26 503
26 510
26 525
26 546
26 565
26 589
26 610
26 611
26 614
26 642
26 656
26 657
26 688
26 730
26 734
26 742
26 751
26 754
26 755
26 757
26 768
26 799
26 805
26 831
26 841
26 846
26 868
26 1000
26 1013
27 42
27 54
27 68
27 72
27 91
27 102
27 104
27 110
27 111
27 150
27 187
27 195
27 222
27 333
27 344
27 395
27 400
27 441
27 466
27 503
27 511
27 524
27 543
27 550
27 567
27 575
27 596
27 691
27 781
27 809
27 837
27 875
27 877
27 895
27 924
27 987
27 990
27 1016
28 31
28 35
28 36
28 54
28 56
28 60
28 77
28 81
28 103
28 120
28 130
28 132
28 134
28 150
28 183
28 202
28 203
28 206
28 210
28 228
28 232
28 248
28 275
28 281
28 301
28 325
28 326
28 332
28 335
28 370
28 379
28 400
28 415
28 418
28 424
28 462
28 515
28 523
28 578
28 589
28 614
28 619
28 622
28 625
28 641
28 647
28 654
28 694
28 719
28 720
28 724
28 747
28 795
28 810
28 818
28 855
28 890
28 920
28 935
28 962
28 1006
29 30
29 34
29 36
29 44
29 48
29 61
29 65
29 74
29 80
29 81
29 83
29 92
29 98
29 105
29 115
29 118
29 136
29 140
29 143
29 146
29 155
29 190
29 196
29 229
29 245
29 268
29 275
29 284
29 287
29 297
29 388
29 453
29 454
29 457
29 460
29 489
29 522
29 525
29 556
29 557
29 571
29 574
29 604
29 633
29 673
29 747
29 759
29 773
29 777
29 816
29 827
29 839
29 878
29 906
29 911
29 938
29 986
29 998
30 37
30 42
30 43
30 47
30 48
30 57
30 64
30 71
30 92
30 100
30 111
30 120
30 143
30 144
30 169
30 194
30 197
30 213
30 226
30 280
30 290
30 322
30 330
30 354
30 355
30 392
30 395
30 406
30 579
30 633
30 699
30 813
30 859
30 963
30 976
30 1022
31 35
31 40
31 42
31 50
31 51
31 52
31 59
31 60
31 62
31 75
31 104
31 118
31 149
31 158
31 171
31 178
31 206
31 213
31 217
31 238
31 262
31 264
31 283
31 357
31 362
31 377
31 380
31 390
31 477
31 516
31 558
31 591
31 602
31 621
31 649
31 668
31 682
31 701
31 706
31 709
31 738
31 779
31 831
31 849
31 922
31 992
31 1022
32 35
32 39
32 43
32 45
32 48
32 49
32 53
32 64
32 67
32 68
32 70
32 92
32 93
32 99
32 100
32 106
32 121
32 128
32 129
32 131
32 146
32 149
32 152
32 170
32 183
32 187
32 196
32 201
32 202
32 211
32 219
32 235
32 252
32 257
32 274
32 290
32 291
32 298
32 316
32 332
32 353
32 356
32 357
32 369
32 377
32 379
32 415
32 431
32 467
32 494
32 517
32 528
32 545
32 624
32 629
32 631
32 648
32 666
32 716
32 730
32 795
32 837
32 859
32 887
32 910
32 946
32 957
32 962
32 1006
33 39
33 47
33 49
33 52
33 54
33 55
33 56
33 58
33 61
33 69
33 76
33 79
33 91
33 96
33 99
33 110
33 116
33 117
33 125
33 130
33 137
33 143
33 147
33 150
33 151
33 160
33 214
33 225
33 232
33 245
33 249
33 269
33 298
33 325
33 348
33 406
33 496
33 500
33 506
33 559
33 584
33 611
33 618
33 626
33 632
33 661
33 685
33 717
33 760
33 821
33 898
33 951
33 956
33 986
33 1008
34 35
34 85
34 104
34 127
34 209
34 223
34 247
34 278
34 295
34 341
34 342
34 382
34 399
34 419
34 427
34 435
34 437
34 461
34 464
34 465
34 476
34 479
34 488
34 521
34 545
34 552
34 569
34 585
34 629
34 630
34 659
34 685
34 696
34 726
34 736
34 772
34 778
34 912
34 924
34 925
34 968
34 1004
35 41
35 44
35 45
35 46
35 48
35 52
35 59
35 65
35 66
35 67
35 73
35 77
35 109
35 126
35 127
35 154
35 163
35 188
35 194
35 198
35 207
35 211
35 219
35 236
35 249
35 264
35 271
35 329
35 341
35 349
35 350
35 352
35 379
35 417
35 447
35 455
35 461
35 466
35 507
35 534
35 546
35 597
35 613
35 620
35 628
35 681
35 689
35 696
35 701
35 709
35 714
35 765
35 772
35 783
35 788
35 792
35 811
35 817
35 823
35 824
35 830
35 937
35 975
35 976
35 991
35 1005
36 44
36 53
36 54
36 55
36 65
36 99
36 103
36 114
36 119
36 142
36 164
36 170
36 193
36 198
36 212
36 226
36 253
36 266
36 268
36 303
36 305
36 324
36 371
36 412
36 431
36 465
36 477
36 493
36 495
36 497
36 506
36 521
36 535
36 595
36 654
36 718
36 754
36 756
36 867
36 932
36 989
36 1003
36 1006
37 41
37 61
37 62
37 78
37 88
37 97
37 107
37 122
37 135
37 138
37 156
37 161
37 184
37 189
37 190
37 203
37 204
37 213
37 214
37 240
37 242
37 259
37 270
37 280
37 284
37 287
37 302
37 319
37 329
37 341
37 344
37 369
37 385
37 390
37 424
37 430
37 438
37 460
37 473
37 475
37 480
37 499
37 517
37 519
37 552
37 554
37 585
37 601
37 610
37 649
37 707
37 711
37 760
37 765
37 815
37 827
37 853
37 910
37 919
37 944
37 947
37 989
37 1005
37 1008
38 51
38 55
38 69
38 91
38 94
38 104
38 140
38 160
38 165
38 199
38 205
38 232
38 256
38 265
38 278
38 286
38 367
38 382
38 409
38 432
38 581
38 671
38 712
38 714
38 888
38 927
38 988
38 1009
39 47
39 51
39 57
39 62
39 75
39 79
39 91
39 116
39 140
39 168
39 219
39 241
39 259
39 283
39 408
39 462
39 554
39 563
39 592
39 602
39 698
39 709
39 777
39 834
39 983
40 43
40 50
40 52
40 77
40 78
40 129
40 255
40 275
40 333
40 360
40 541
40 584
40 672
40 805
40 977
40 988
40 1016
41 51
41 52
41 58
41 63
41 75
41 88
41 95
41 116
41 118
41 127
41 133
41 137
41 140
41 157
41 174
41 177
41 207
41 227
41 239
41 246
41 255
41 291
41 293
41 300
41 323
41 346
41 367
41 387
41 389
41 420
41 435
41 440
41 443
41 447
41 495
41 499
41 536
41 556
41 560
41 568
41 586
41 589
41 592
41 617
41 653
41 662
41 665
41 722
41 739
41 778
41 840
41 865
41 882
41 927
41 961
41 972
42 46
42 49
42 81
42 135
42 160
42 174
42 176
42 177
42 180
42 204
42 208
42 224
42 227
42 287
42 293
42 297
42 298
42 309
42 310
42 328
42 343
42 375
42 428
42 461
42 473
42 492
42 524
42 558
42 559
42 638
42 698
42 755
42 883
42 907
42 1001
43 46
43 49
43 58
43 59
43 68
43 69
43 70
43 74
43 86
43 95
43 96
43 99
43 110
43 115
43 129
43 141
43 145
43 146
43 164
43 165
43 187
43 204
43 206
43 212
43 231
43 253
43 256
43 266
43 267
43 321
43 326
43 340
43 363
43 405
43 423
43 428
43 447
43 478
43 502
43 518
43 550
43 559
43 590
43 605
43 676
43 728
43 741
43 762
43 882
43 912
43 948
43 982
43 1017
44 48
44 57
44 66
44 74
44 80
44 92
44 131
44 153
44 192
44 223
44 229
44 236
44 273
44 275
44 290
44 330
44 372
44 420
44 435
44 441
44 527
44 531
44 555
44 577
44 578
44 589
44 625
44 629
44 650
44 691
44 737
44 744
44 751
44 835
44 928
44 957
45 65
45 71
45 78
45 90
45 155
45 177
45 203
45 243
45 263
45 292
45 321
45 357
45 394
45 470
45 475
45 492
45 563
45 600
45 603
45 647
45 705
45 712
45 746
45 761
45 800
46 49
46 59
46 63
46 76
46 77
46 86
46 87
46 95
46 96
46 101
46 172
46 202
46 236
46 238
46 244
46 273
46 275
46 277
46 284
46 348
46 350
46 381
46 392
46 409
46 522
46 534
46 544
46 604
46 611
46 707
46 746
46 774
46 790
46 815
46 907
46 937
46 970
47 57
47 91
47 101
47 107
47 148
47 163
47 165
47 168
47 171
47 197
47 200
47 216
47 243
47 265
47 334
47 373
47 374
47 471
47 531
47 589
47 607
47 639
47 682
47 699
47 704
47 728
47 746
47 791
47 826
47 854
47 915
47 1008
48 50
48 66
48 67
48 70
48 76
48 84
48 88
48 99
48 100
48 105
48 170
48 174
48 189
48 206
48 220
48 248
48 253
48 256
48 304
48 318
48 369
48 373
48 396
48 418
48 422
48 425
48 436
48 442
48 451
48 491
48 494
48 579
48 616
48 685
48 693
48 716
48 781
48 813
48 866
48 872
48 879
48 883
48 896
48 905
48 967
48 985
48 1013
49 51
49 53
49 58
49 62
49 84
49 92
49 107
49 119
49 156
49 165
49 182
49 225
49 252
49 253
49 261
49 262
49 329
49 330
49 419
49 561
49 567
49 572
49 663
49 722
49 723
49 742
49 771
49 785
49 787
49 798
49 816
49 873
49 951
49 994
50 53
50 59
50 62
50 70
50 112
50 135
50 136
50 176
50 219
50 229
50 251
50 264
50 273
50 325
50 403
50 412
50 414
50 416
50 443
50 455
50 498
50 505
50 664
50 705
50 752
50 762
50 855
50 962
51 56
51 72
51 76
51 84
51 92
51 96
51 97
51 128
51 169
51 174
51 175
51 179
51 190
51 192
51 221
51 309
51 315
51 327
51 342
51 351
51 393
51 405
51 430
51 562
51 566
51 601
51 620
51 624
51 674
51 676
51 723
51 752
51 822
51 886
51 925
51 926
51 932
51 989
51 997
52 69
52 86
52 87
52 129
52 172
52 198
52 256
52 267
52 315
52 323
52 420
52 653
52 656
52 698
52 704
52 729
52 864
52 895
52 897
53 55
53 76
53 80
53 135
53 268
53 273
53 295
53 370
53 375
53 447
53 466
53 506
53 532
53 785
53 930
54 57
54 81
54 151
54 168
54 180
54 187
54 249
54 342
54 375
54 377
54 408
54 431
54 514
54 561
54 585
54 615
54 680
54 689
54 737
54 751
54 766
54 771
55 64
55 70
55 73
55 78
55 98
55 101
55 124
55 173
55 196
55 212
55 229
55 254
55 296
55 352
55 368
55 425
55 442
55 453
55 471
55 485
55 522
55 528
55 553
55 578
55 580
55 647
55 718
55 775
55 842
56 82
56 110
56 180
56 192
56 193
56 228
56 304
56 352
56 355
56 365
56 500
56 586
56 593
56 632
56 713
56 819
56 869
56 889
57 66
57 67
57 80
57 85
57 86
57 89
57 96
57 118
57 120
57 128
57 169
57 186
57 196
57 214
57 216
57 237
57 306
57 358
57 390
57 391
57 421
57 431
57 446
57 456
57 486
57 487
57 500
57 539
57 566
57 613
57 735
57 761
57 803
57 902
57 947
57 974
57 981
57 995
58 59
58 68
58 71
58 96
58 102
58 116
58 123
58 148
58 175
58 182
58 189
58 195
58 205
58 216
58 224
58 235
58 236
58 258
58 319
58 342
58 357
58 392
58 436
58 438
58 488
58 533
58 546
58 581
58 582
58 588
58 653
58 758
58 812
58 827
58 828
58 846
58 865
58 883
58 939
58 969
58 1014
59 61
59 67
59 73
59 78
59 89
59 101
59 102
59 151
59 164
59 196
59 197
59 206
59 263
59 309
59 310
59 333
59 377
59 388
59 428
59 672
59 686
59 792
59 883
59 955
59 991
59 995
59 1013
60 66
60 80
60 121
60 151
60 157
60 191
60 224
60 243
60 355
60 385
60 405
60 411
60 506
60 529
60 620
60 652
60 734
60 792
60 801
60 836
60 952
60 975
61 72
61 93
61 105
61 115
61 176
61 210
61 237
61 331
61 383
61 449
61 482
61 599
61 624
61 639
61 666
61 779
61 786
61 846
61 957
61 987
62 72
62 87
62 93
62 94
62 117
62 121
62 139
62 145
62 158
62 161
62 173
62 193
62 197
62 243
62 247
62 262
62 296
62 310
62 360
62 371
62 374
62 383
62 384
62 400
62 403
62 432
62 535
62 562
62 588
62 607
62 621
62 775
62 918
62 919
62 927
62 928
62 960
62 984
62 1013
62 1018
63 86
63 91
63 125
63 140
63 149
63 184
63 201
63 251
63 268
63 312
63 317
63 334
63 361
63 426
63 437
63 462
63 463
63 562
63 645
63 669
63 725
63 783
63 832
63 853
63 955
64 66
64 67
64 70
64 99
64 118
64 266
64 321
64 366
64 392
64 475
64 492
64 572
64 769
64 817
64 870
65 94
65 102
65 114
65 141
65 142
65 171
65 194
65 250
65 273
65 341
65 346
65 470
65 479
65 486
65 508
65 529
65 554
65 619
65 667
65 740
65 788
65 887
65 899
65 917
65 960
66 79
66 106
66 122
66 151
66 156
66 160
66 162
66 170
66 183
66 198
66 201
66 215
66 230
66 242
66 243
66 257
66 286
66 292
66 306
66 308
66 314
66 318
66 327
66 344
66 360
66 400
66 481
66 532
66 636
66 675
66 726
66 841
66 849
67 94
67 97
67 103
67 108
67 143
67 145
67 158
67 193
67 211
67 251
67 297
67 307
67 320
67 357
67 422
67 445
67 466
67 501
67 513
67 553
67 613
67 619
67 703
67 763
67 855
67 876
67 921
68 95
68 131
68 181
68 274
68 283
68 302
68 348
68 349
68 368
68 399
68 410
68 483
68 561
68 770
68 869
68 955
68 1020
69 87
69 89
69 144
69 153
69 162
69 176
69 233
69 296
69 354
69 405
69 470
69 534
69 640
69 655
69 694
69 724
69 736
69 830
69 831
69 833
69 842
69 921
69 1021
70 90
70 326
70 344
70 349
70 358
70 438
70 551
70 577
70 716
70 799
70 1005
71 82
71 98
71 102
71 103
71 106
71 160
71 174
71 179
71 218
71 225
71 267
71 331
71 369
71 376
71 378
71 392
71 398
71 463
71 467
71 534
71 553
71 601
71 618
71 683
71 696
71 713
71 757
71 869
71 917
71 934
71 950
71 974
71 986
72 85
72 133
72 162
72 165
72 243
72 244
72 272
72 294
72 312
72 327
72 484
72 557
72 596
72 630
72 802
72 870
72 901
72 924
72 950
73 110
73 122
73 141
73 150
73 175
73 197
73 198
73 247
73 283
73 291
73 351
73 375
73 379
73 442
73 454
73 491
73 534
73 606
73 657
73 718
73 772
73 789
73 792
73 801
73 979
74 79
74 107
74 116
74 143
74 207
74 241
74 350
74 489
74 495
74 529
74 565
74 701
75 81
75 82
75 83
75 85
75 90
75 99
75 106
75 119
75 130
75 148
75 158
75 163
75 191
75 207
75 220
75 270
75 305
75 306
75 403
75 404
75 436
75 448
75 468
75 509
75 517
75 528
75 535
75 543
75 546
75 553
75 565
75 635
75 658
75 684
75 736
75 804
75 956
75 959
76 83
76 85
76 87
76 102
76 109
76 110
76 158
76 200
76 214
76 215
76 311
76 332
76 360
76 386
76 406
76 455
76 499
76 537
76 567
76 573
76 574
76 595
76 720
76 739
76 807
76 952
76 999
77 83
77 87
77 105
77 118
77 133
77 145
77 146
77 152
77 175
77 182
77 192
77 199
77 211
77 251
77 253
77 274
77 286
77 293
77 312
77 343
77 355
77 411
77 418
77 437
77 444
77 460
77 588
77 595
77 610
77 624
77 671
77 676
77 701
77 721
77 732
77 758
77 878
77 919
77 921
77 995
77 1000
78 93
78 111
78 114
78 127
78 147
78 152
78 184
78 217
78 254
78 280
78 294
78 303
78 351
78 407
78 472
78 544
78 575
78 636
78 638
78 662
78 885
78 890
78 904
78 936
78 943
78 992
78 993
79 84
79 100
79 103
79 111
79 115
79 133
79 135
79 137
79 153
79 195
79 199
79 263
79 287
79 300
79 317
79 336
79 351
79 374
79 401
79 430
79 469
79 475
79 521
79 523
79 526
79 528
79 544
79 567
79 573
79 624
79 634
79 635
79 679
79 697
79 700
79 707
79 794
79 834
79 906
79 976
79 981
79 1001
79 1016
80 107
80 108
80 109
80 115
80 123
80 155
80 159
80 195
80 234
80 235
80 254
80 264
80 306
80 412
80 452
80 561
80 572
80 595
80 603
80 605
80 612
80 637
80 638
80 639
80 691
80 698
80 785
80 825
80 860
80 951
81 98
81 101
81 112
81 130
81 137
81 150
81 202
81 208
81 230
81 289
81 295
81 300
81 318
81 322
81 338
81 381
81 384
81 429
81 455
81 490
81 504
81 508
81 510
81 528
81 576
81 599
81 675
81 711
81 741
81 747
81 756
81 786
81 802
81 809
81 847
81 897
81 938
81 943
81 968
81 998
81 1002
82 85
82 113
82 125
82 161
82 166
82 169
82 174
82 186
82 202
82 203
82 217
82 221
82 262
82 272
82 284
82 302
82 313
82 322
82 331
82 343
82 346
82 367
82 385
82 415
82 440
82 473
82 482
82 547
82 564
82 607
82 612
82 678
82 753
82 847
82 867
82 969
82 991
83 109
83 112
83 135
83 166
83 258
83 260
83 261
83 267
83 365
83 464
83 471
83 583
83 808
83 833
83 920
83 967
84 95
84 96
84 112
84 135
84 227
84 288
84 304
84 316
84 470
84 476
84 537
84 539
84 551
84 568
84 625
84 813
84 823
84 853
84 857
84 864
84 894
84 927
84 1023
85 89
85 91
85 136
85 141
85 164
85 173
85 181
85 226
85 289
85 357
85 363
85 377
85 384
85 523
85 550
85 675
85 758
86 108
86 194
86 227
86 272
86 316
86 328
86 342
86 352
86 364
86 371
86 375
86 382
86 414
86 481
86 545
86 582
86 806
86 824
86 905
86 927
86 997
87 95
87 113
87 130
87 145
87 215
87 238
87 240
87 245
87 294
87 305
87 310
87 324
87 330
87 362
87 390
87 418
87 421
87 518
87 544
87 585
87 609
87 694
87 763
87 814
87 816
87 828
87 830
87 936
87 973
87 998
88 109
88 117
88 124
88 129
88 153
88 200
88 251
88 270
88 324
88 338
88 347
88 378
88 395
88 404
88 416
88 422
88 453
88 532
88 542
88 575
88 592
88 597
88 640
88 644
88 666
88 671
88 746
88 794
88 805
88 866
88 886
88 914
88 936
88 972
89 125
89 161
89 197
89 356
89 423
89 458
89 464
89 633
89 743
89 759
89 828
89 856
90 100
90 104
90 124
90 167
90 174
90 180
90 192
90 211
90 223
90 231
90 232
90 242
90 260
90 266
90 271
90 311
90 316
90 322
90 343
90 369
90 372
90 401
90 467
90 468
90 474
90 533
90 592
90 637
90 691
90 695
90 704
90 716
90 738
90 743
90 821
90 948
90 1003
90 1015
91 112
91 121
91 179
91 183
91 189
91 206
91 261
91 336
91 394
91 435
91 531
91 538
91 572
91 581
91 724
91 739
91 822
91 840
91 894
91 956
91 994
92 144
92 147
92 148
92 203
92 204
92 216
92 245
92 272
92 287
92 313
92 348
92 366
92 422
92 452
92 487
92 563
92 569
92 626
92 784
92 873
92 910
92 911
92 944
93 115
93 124
93 128
93 134
93 142
93 158
93 297
93 304
93 337
93 376
93 444
93 488
93 511
93 516
93 522
93 569
93 585
93 590
93 592
93 635
93 688
93 714
93 730
93 923
93 939
93 945
93 961
93 978
93 995
94 116
94 117
94 127
94 129
94 132
94 136
94 142
94 155
94 157
94 193
94 210
94 339
94 364
94 370
94 391
94 395
94 441
94 448
94 507
94 517
94 539
94 541
94 561
94 569
94 606
94 628
94 646
94 653
94 682
94 732
94 745
94 806
94 848
94 859
94 884
94 898
94 977
94 998
94 1016
95 116
95 133
95 152
95 168
95 194
95 225
95 226
95 230
95 307
95 346
95 388
95 399
95 421
95 422
95 463
95 485
95 550
95 552
95 665
95 689
95 811
95 817
95 893
95 974
95 982
95 997
95 1010
96 117
96 129
96 184
96 188
96 197
96 217
96 222
96 223
96 238
96 239
96 241
96 246
96 317
96 329
96 331
96 389
96 468
96 476
96 513
96 516
96 551
96 560
96 715
96 960
97 144
97 147
97 151
97 156
97 233
97 249
97 280
97 300
97 301
97 326
97 339
97 357
97 362
97 370
97 378
97 389
97 396
97 426
97 442
97 447
97 515
97 544
97 546
97 628
97 683
97 757
97 782
97 907
97 908
97 967
98 107
98 138
98 159
98 292
98 311
98 315
98 332
98 335
98 346
98 352
98 428
98 441
98 478
98 561
98 623
98 660
98 699
98 701
98 727
98 734
98 737
98 865
98 971
99 103
99 115
99 120
99 131
99 157
99 194
99 204
99 206
99 225
99 285
99 319
99 341
99 344
99 367
99 385
99 386
99 429
99 436
99 444
99 469
99 481
99 504
99 558
99 576
99 597
99 639
99 651
99 657
99 662
99 665
99 674
99 829
99 935
99 940
100 105
100 106
100 112
100 152
100 193
100 198
100 210
100 218
100 247
100 255
100 299
100 311
100 317
100 373
100 398
100 463
100 489
100 540
100 601
100 609
100 615
100 668
100 704
100 714
100 721
100 774
100 832
100 869
100 877
100 903
100 908
100 1004
100 1008
101 161
101 173
101 281
101 282
101 284
101 301
101 438
101 440
101 451
101 604
101 612
101 663
101 768
101 797
101 875
101 895
101 979
101 998
102 105
102 124
102 138
102 162
102 181
102 206
102 208
102 240
102 253
102 269
102 287
102 288
102 408
102 416
102 420
102 539
102 554
102 568
102 602
102 659
102 700
102 709
102 710
102 713
102 715
102 736
102 821
102 833
102 844
102 869
102 890
102 897
102 970
102 995
103 109
103 127
103 128
103 134
103 145
103 152
103 154
103 162
103 182
103 199
103 221
103 301
103 402
103 403
103 438
103 473
103 510
103 512
103 548
103 615
103 670
103 935
104 132
104 211
104 299
104 434
104 799
104 996
105 114
105 126
105 147
105 153
105 193
105 223
105 236
105 244
105 282
105 296
105 308
105 405
105 437
105 446
105 471
105 497
105 507
105 574
105 674
105 747
105 754
105 1007
106 144
106 215
106 228
106 242
106 245
106 254
106 278
106 288
106 309
106 349
106 437
106 469
106 483
106 532
106 547
106 594
106 609
106 620
106 630
106 697
106 737
106 824
106 984
107 108
107 149
107 165
107 485
107 529
107 530
107 532
107 610
107 635
107 677
107 688
107 777
107 915
108 119
108 126
108 168
108 197
108 207
108 269
108 271
108 302
108 358
108 384
108 436
108 473
108 479
108 484
108 500
108 540
108 550
108 569
108 573
108 643
108 645
108 720
108 827
108 845
108 862
108 874
108 900
108 952
108 954
108 964
108 973
108 976
108 1001
109 111
109 119
109 129
109 139
109 142
109 176
109 191
109 199
109 276
109 282
109 287
109 308
109 314
109 316
109 363
109 415
109 418
109 445
109 479
109 567
109 592
109 593
109 626
109 645
109 680
109 765
109 767
109 786
109 820
109 965
110 121
110 157
110 183
110 200
110 207
110 224
110 258
110 281
110 336
110 375
110 482
110 532
110 549
110 583
110 616
110 788
110 869
110 911
110 915
111 125
111 138
111 147
111 149
111 161
111 202
111 221
111 235
111 279
111 285
111 389
111 434
111 461
111 476
111 487
111 495
111 591
111 842
111 878
111 944
111 963
111 1009
111 1020
112 141
112 269
112 343
112 361
112 490
112 541
112 565
112 727
112 774
112 789
113 121
113 123
113 126
113 142
113 157
113 169
113 171
113 188
113 196
113 208
113 212
113 215
113 240
113 247
113 267
113 272
113 280
113 291
113 322
113 349
113 367
113 402
113 421
113 425
113 439
113 487
113 527
113 530
113 533
113 536
113 557
113 605
113 609
113 613
113 640
113 666
113 706
113 778
113 822
113 823
113 909
113 916
113 965
113 1012
114 134
114 179
114 186
114 199
114 215
114 234
114 237
114 301
114 307
114 359
114 374
114 524
114 531
114 618
114 663
114 679
114 703
114 705
114 708
114 807
114 819
114 853
114 860
114 977
114 1016
115 133
115 295
115 423
115 539
115 564
115 634
115 942
116 136
116 214
116 345
116 378
116 380
116 471
116 496
116 568
116 591
116 822
116 918
117 131
117 162
117 163
117 218
117 237
117 284
117 292
117 402
117 442
117 549
117 646
117 763
117 795
118 143
118 155
118 241
118 246
118 315
118 365
118 378
118 398
118 408
118 454
118 463
118 546
118 598
118 636
118 722
118 731
118 768
118 866
118 971
118 995
119 128
119 129
119 135
119 143
119 146
119 159
119 200
119 223
119 226
119 252
119 276
119 303
119 320
119 332
119 362
119 370
119 418
119 467
119 495
119 516
119 526
119 534
119 538
119 573
119 598
119 669
119 677
119 678
119 761
119 762
119 887
119 963
119 994
120 134
120 165
120 188
120 191
120 235
120 243
120 321
120 335
120 354
120 387
120 392
120 397
120 405
120 429
120 432
120 461
120 639
120 687
120 707
120 768
120 780
120 856
120 975
120 986
121 159
121 160
121 180
121 195
121 196
121 210
121 244
121 247
121 290
121 291
121 327
121 330
121 481
121 568
121 616
121 650
121 678
121 694
121 711
121 740
121 752
121 821
121 901
121 918
121 932
121 958
121 987
122 217
122 310
122 381
122 408
122 671
122 761
122 873
122 893
122 1007
123 142
123 206
123 215
123 268
123 477
123 481
123 716
123 873
123 988
123 990
124 132
124 158
124 209
124 221
124 233
124 260
124 312
124 344
124 400
124 426
124 492
124 511
124 583
124 668
124 712
124 721
124 722
124 779
124 826
124 850
124 955
124 964
124 983
124 1008
125 154
125 173
125 185
125 231
125 259
125 276
125 313
125 328
125 337
125 362
125 370
125 416
125 553
125 575
125 636
125 782
125 796
125 811
125 881
125 925
125 990
125 1008
125 1017
126 127
126 146
126 152
126 160
126 161
126 191
126 192
126 208
126 233
126 250
126 286
126 334
126 361
126 376
126 398
126 400
126 433
126 466
126 483
126 538
126 677
126 716
126 807
126 922
126 940
127 259
127 282
127 348
127 395
127 548
127 549
127 577
127 648
127 656
127 764
127 805
128 149
128 174
128 277
128 294
128 345
128 375
128 385
128 418
128 621
128 697
128 754
128 792
128 823
128 882
129 144
129 150
129 166
129 282
129 502
129 572
129 630
129 689
129 698
129 770
129 791
129 876
129 971
130 156
130 180
130 183
130 184
130 222
130 237
130 280
130 319
130 398
130 472
130 489
130 531
130 741
130 776
130 825
130 846
130 850
130 861
130 874
130 882
130 990
131 428
131 607
131 755
131 785
131 832
131 845
132 184
132 211
132 254
132 325
132 338
132 362
132 405
132 419
132 647
132 833
132 885
132 959
133 163
133 177
133 243
133 318
133 323
133 337
133 359
133 386
133 402
133 498
133 514
133 520
133 734
133 768
133 800
133 833
133 841
133 861
133 938
133 1008
134 187
134 200
134 217
134 270
134 308
134 312
134 327
134 340
134 364
134 374
134 384
134 417
134 446
134 465
134 500
134 520
134 579
134 631
134 638
134 655
134 686
134 712
134 723
134 822
134 856
134 900
134 904
134 972
134 982
135 138
135 144
135 146
135 169
135 225
135 238
135 264
135 350
135 354
135 399
135 403
135 451
135 464
135 469
135 470
135 489
135 505
135 562
135 600
135 611
135 710
135 752
135 879
135 921
135 922
135 972
136 154
136 169
136 232
136 246
136 251
136 270
136 277
136 296
136 362
136 366
136 458
136 471
136 543
136 570
136 572
136 686
136 697
136 735
136 837
136 933
136 941
137 199
137 204
137 228
137 462
137 605
137 818
137 964
138 154
138 165
138 171
138 172
138 209
138 251
138 260
138 339
138 343
138 353
138 381
138 595
138 605
138 614
138 646
138 910
139 261
139 302
139 343
139 351
139 474
139 523
139 559
139 562
139 658
139 681
139 709
139 728
140 168
140 178
140 205
140 258
140 315
140 339
140 411
140 423
140 464
140 476
140 489
140 508
140 560
140 561
140 608
140 701
140 758
140 852
140 857
140 943
140 1004
141 173
141 203
141 281
141 338
141 353
141 365
141 415
141 426
141 445
141 505
141 514
141 562
141 617
141 687
141 735
141 767
141 874
142 144
142 167
142 245
142 356
142 454
142 458
142 485
142 599
142 659
142 729
143 146
143 220
143 347
143 381
143 435
143 559
143 699
143 731
143 781
143 908
144 166
144 173
144 176
144 184
144 226
144 278
144 391
144 405
144 473
144 474
144 486
144 573
144 580
144 583
144 585
144 623
144 642
144 664
144 729
144 731
144 799
144 842
144 911
144 931
144 986
145 150
145 163
145 176
145 185
145 190
145 259
145 293
145 323
145 365
145 423
145 465
145 540
145 677
145 706
145 768
145 996
146 153
146 173
146 211
146 259
146 337
146 339
146 449
146 541
146 651
146 663
146 698
146 826
146 828
146 857
146 884
146 898
146 988
146 1003
147 186
147 202
147 284
147 287
147 433
147 435
147 479
147 533
147 558
147 590
147 641
147 698
147 872
147 889
148 149
148 217
148 252
148 295
148 313
148 368
148 388
148 499
148 507
149 167
149 224
149 380
149 555
149 804
149 843
149 872
149 959
150 192
150 230
150 245
150 283
150 290
150 307
150 320
150 339
150 408
150 479
150 503
150 512
150 559
150 609
150 647
150 700
150 732
150 799
150 813
151 171
151 238
151 303
151 314
151 357
151 365
151 448
151 600
151 681
151 808
151 922
151 935
151 950
151 973
151 980
152 167
152 175
152 305
152 324
152 327
152 423
152 434
152 473
152 478
152 520
152 521
152 587
152 704
152 724
152 782
152 812
152 993
153 177
153 245
153 305
153 361
153 481
153 615
153 631
153 660
153 692
153 722
153 947
153 1009
154 234
154 561
154 602
154 703
154 811
154 842
155 159
155 178
155 179
155 226
155 284
155 303
155 373
155 390
155 412
155 445
155 482
155 560
155 580
155 606
155 659
155 670
155 692
155 693
155 724
155 737
155 790
155 849
155 928
155 943
155 1012
156 183
156 271
156 289
156 431
156 450
156 476
156 503
156 504
156 514
156 604
156 613
156 648
156 650
156 652
156 702
156 775
156 948
156 956
156 969
156 1018
156 1019
157 253
157 256
157 298
157 419
157 448
157 453
157 459
157 549
157 694
157 721
157 782
157 805
157 873
158 181
158 201
158 209
158 217
158 252
158 272
158 281
158 300
158 497
158 625
158 679
158 748
158 779
158 834
158 837
159 163
159 170
159 179
159 230
159 232
159 242
159 277
159 288
159 413
159 429
159 457
159 483
159 514
159 571
159 578
159 598
159 633
159 655
159 667
159 839
159 848
159 924
159 953
159 998
160 164
160 285
160 297
160 367
160 388
160 417
160 510
160 534
160 608
160 625
160 727
160 909
161 176
161 234
161 265
161 299
161 406
161 608
161 618
161 793
161 854
161 942
161 950
162 168
162 218
162 238
162 290
162 309
162 310
162 316
162 371
162 409
162 431
162 433
162 517
162 606
162 629
162 666
162 675
162 773
162 905
162 964
162 965
162 992
163 170
163 183
163 332
163 403
163 549
163 613
163 642
163 655
163 673
163 720
163 930
163 982
163 989
164 294
164 368
164 603
164 635
164 651
164 658
164 741
164 775
164 781
164 807
164 809
164 835
165 169
165 208
165 238
165 240
165 265
165 421
165 547
165 569
165 642
166 190
166 260
166 270
166 525
166 536
166 633
166 645
166 786
166 913
167 179
167 182
167 256
167 276
167 484
167 500
167 504
167 509
167 538
167 539
167 557
167 650
167 702
167 705
167 747
167 801
167 818
167 854
167 894
167 940
167 983
167 1004
168 180
168 205
168 360
168 366
168 378
168 438
168 644
168 756
168 839
168 872
168 896
168 981
169 191
169 210
169 421
169 444
169 539
169 584
169 672
169 774
169 829
170 190
170 205
170 223
170 231
170 328
170 363
170 381
170 406
170 411
170 733
171 205
171 212
171 239
171 308
171 392
171 617
171 812
172 177
172 611
172 775
172 960
173 199
173 200
173 320
173 512
173 757
173 891
173 928
173 966
173 990
174 194
174 216
174 237
174 271
174 340
174 373
174 407
174 439
174 540
174 566
174 597
174 657
174 659
174 695
174 733
174 761
174 787
174 795
174 816
174 862
174 884
174 894
174 960
175 187
175 350
175 452
175 907
175 953
176 233
176 239
176 250
176 255
176 285
176 577
176 611
176 642
176 725
176 786
176 791
176 871
176 938
177 182
177 186
177 191
177 220
177 240
177 248
177 275
177 366
177 466
177 576
177 664
177 699
177 731
177 744
178 182
178 183
178 187
178 189
178 215
178 248
178 289
178 291
178 307
178 386
178 437
178 448
178 594
178 635
178 880
178 947
179 255
179 427
179 446
179 474
179 566
179 657
179 674
179 710
179 789
179 957
180 363
180 381
180 552
180 591
180 684
180 1021
181 211
181 214
181 288
181 451
181 502
181 528
181 614
181 668
181 681
181 755
181 772
181 802
181 1022
182 581
182 656
182 661
182 688
182 809
182 982
183 252
183 262
183 277
183 279
183 288
183 336
183 415
183 475
183 506
183 525
183 695
183 893
184 226
184 290
184 295
184 331
184 382
184 390
184 402
184 450
184 635
184 686
184 754
184 774
184 862
184 889
185 456
185 584
185 642
185 739
185 755
185 781
185 789
185 797
185 938
186 212
186 244
186 275
186 293
186 370
186 372
186 379
186 381
186 406
186 434
186 490
186 499
186 526
186 553
186 614
186 627
186 628
186 643
186 644
186 645
186 754
186 764
186 810
186 854
186 860
187 222
187 227
187 384
187 436
187 460
187 503
187 539
187 612
187 819
187 865
187 899
187 908
187 923
187 984
187 991
187 1017
188 268
188 378
188 394
188 416
188 539
188 556
188 707
188 835
188 863
188 928
188 962
189 309
189 339
189 397
189 401
189 462
189 487
189 562
189 564
189 629
189 680
190 238
190 326
190 335
190 434
190 460
190 496
190 815
190 818
190 985
190 1019
191 231
191 245
191 253
191 271
191 299
191 347
191 359
191 396
191 409
191 497
191 504
191 608
191 613
191 696
191 710
191 754
191 760
191 930
191 948
191 994
192 199
192 222
192 265
192 292
192 319
192 321
192 476
192 478
192 503
192 526
192 529
192 533
192 538
192 546
192 574
192 618
192 639
192 657
192 789
192 820
192 872
192 876
192 916
192 947
192 977
192 1015
193 198
193 213
193 306
193 348
193 472
193 475
193 544
193 732
193 858
193 963
193 964
193 967
194 271
194 537
194 674
194 841
194 950
194 996
195 213
195 271
195 280
195 289
195 359
195 549
195 654
195 682
196 211
196 258
196 360
196 424
196 484
196 608
196 907
197 201
197 225
197 275
197 333
197 475
197 520
197 563
197 687
197 712
197 980
198 202
198 203
198 207
198 285
198 323
198 393
198 397
198 428
198 501
198 771
198 814
198 884
198 924
198 926
198 965
199 226
199 257
199 267
199 277
199 279
199 288
199 349
199 487
199 521
199 523
199 542
199 598
199 609
199 610
199 638
199 679
199 778
200 209
200 313
200 589
200 661
200 685
201 451
201 914
201 1011
202 286
202 352
202 388
202 413
202 574
202 593
202 651
202 753
202 795
202 882
203 240
203 314
203 391
203 488
203 513
203 515
203 532
203 739
203 868
203 1001
204 233
204 254
204 267
204 299
204 304
204 316
204 393
204 453
204 468
204 496
204 504
204 512
204 555
204 648
204 662
204 725
204 814
204 856
205 220
205 247
205 329
205 382
205 384
205 461
205 639
205 738
205 740
205 797
205 971
206 225
206 258
206 269
206 278
206 353
206 441
206 450
206 514
206 581
206 644
206 663
206 787
207 270
207 331
207 440
207 520
207 538
207 556
207 646
207 692
207 877
208 228
208 240
208 258
208 286
208 291
208 301
208 323
208 414
208 485
208 532
208 557
208 573
208 702
208 725
208 749
208 753
208 777
208 781
208 852
208 884
208 933
208 941
209 294
209 339
209 396
209 399
209 445
209 606
209 644
209 924
209 995
210 282
210 1017
211 225
211 257
211 278
211 284
211 316
211 542
211 620
211 659
211 682
211 850
212 263
212 491
212 519
212 543
212 574
212 648
212 803
212 815
213 269
213 334
213 363
213 395
213 409
213 419
213 838
213 981
214 218
214 230
214 263
214 398
214 411
214 483
214 506
214 507
214 610
214 616
214 732
214 880
214 937
215 368
215 446
215 447
215 643
215 919
215 977
216 266
216 285
216 420
216 508
216 720
217 244
217 255
217 261
217 407
217 448
217 449
217 622
217 760
217 780
217 849
217 1021
218 219
218 222
218 228
218 263
218 268
218 341
218 434
218 480
218 493
218 577
218 609
218 745
218 827
218 869
218 1017
219 243
219 289
219 330
219 338
219 454
219 512
219 732
219 762
219 769
219 826
219 866
219 890
220 241
220 512
220 587
220 608
220 677
220 690
220 694
220 997
220 998
221 311
221 328
221 348
221 368
221 430
221 502
221 621
221 637
221 658
221 691
221 727
221 778
221 890
221 1001
222 594
222 679
222 690
222 970
223 239
223 312
223 371
223 401
223 509
223 529
223 562
223 566
224 232
224 236
224 247
224 263
224 281
224 293
224 304
224 345
224 393
224 400
224 432
224 443
224 466
224 554
224 564
224 571
224 587
224 604
224 617
224 669
224 678
224 818
224 845
224 961
224 994
224 1012
225 233
225 241
225 383
225 407
225 434
225 524
225 607
225 677
225 681
225 682
225 689
225 701
225 869
226 248
226 373
226 690
226 748
226 780
226 860
226 898
227 258
227 365
227 571
227 591
227 757
227 798
227 805
228 318
228 463
228 486
228 586
228 837
228 931
228 948
229 279
229 296
229 334
229 387
229 401
229 494
229 622
229 807
229 926
229 1000
230 266
230 283
230 351
230 512
230 599
230 667
230 742
231 279
231 347
231 482
231 614
231 817
231 993
231 1014
232 233
232 266
232 276
232 321
232 340
232 513
232 584
232 632
232 655
232 674
232 794
232 846
232 863
232 877
232 880
232 882
233 295
233 547
234 340
234 356
234 371
234 427
234 428
234 573
234 651
234 656
234 716
234 763
234 836
234 851
234 855
234 956
234 975
235 459
235 467
235 654
235 737
235 803
235 888
235 933
235 962
235 973
235 1013
236 250
236 314
236 342
236 361
236 376
236 450
236 605
236 649
236 654
236 766
236 830
236 859
237 519
237 666
237 812
237 888
237 984
238 256
238 267
238 277
238 299
238 433
238 445
238 459
238 509
238 688
238 742
238 832
238 897
238 1018
239 246
239 262
239 268
239 300
239 351
239 362
239 411
239 445
239 498
239 509
239 516
239 527
239 738
239 959
240 245
240 276
240 298
240 317
240 325
240 477
240 478
240 526
240 603
240 641
240 680
240 693
240 751
240 784
240 848
240 877
240 885
240 929
240 974
240 982
240 1003
241 272
241 308
241 424
241 474
241 593
241 741
241 760
241 877
242 250
242 296
242 307
242 309
242 313
242 387
242 413
242 465
242 505
242 558
242 720
242 766
242 816
242 901
242 918
242 951
243 380
243 393
243 462
243 852
243 883
244 279
244 442
244 569
244 742
244 916
245 313
245 582
245 770
245 796
245 801
246 262
246 371
246 381
246 435
246 520
246 552
246 601
246 615
246 623
246 642
246 676
246 733
246 787
246 952
246 1011
247 258
247 266
247 279
247 310
247 406
247 431
247 477
247 482
247 510
247 553
247 611
247 634
247 656
247 670
247 673
247 702
247 781
247 782
247 784
247 821
247 822
247 878
247 929
247 943
247 949
247 1007
248 258
248 264
248 367
248 370
248 397
248 436
248 455
248 523
248 801
248 861
248 897
248 910
248 993
249 257
249 312
249 390
249 417
249 460
249 559
249 659
249 740
249 749
250 368
250 535
250 828
250 901
250 961
251 255
251 259
251 349
251 536
251 652
251 653
251 679
251 723
251 743
251 776
251 842
251 961
251 962
252 255
252 267
252 278
252 431
252 536
252 538
252 551
252 662
252 711
252 769
252 902
253 404
253 427
253 436
253 471
253 541
253 600
253 766
253 838
253 882
253 931
253 946
254 274
254 302
254 393
254 465
254 493
254 527
254 757
254 791
254 807
254 809
254 890
254 891
254 917
254 966
255 277
255 301
255 369
255 480
255 568
255 595
255 643
256 372
256 398
256 487
256 563
256 665
256 759
256 833
256 1000
257 307
257 435
257 566
257 632
257 638
257 708
257 721
257 733
257 736
257 966
258 313
258 315
258 342
258 492
258 517
258 527
258 591
258 654
258 745
258 806
258 889
258 906
258 953
258 969
259 316
259 823
259 871
259 903
260 265
260 329
260 358
260 361
260 502
260 515
260 565
260 830
260 934
260 1013
261 317
261 354
261 400
261 407
261 429
261 480
261 486
261 586
261 892
262 272
262 380
262 447
262 452
262 463
262 495
262 629
263 410
263 444
263 463
263 490
263 551
263 566
263 644
263 654
263 729
263 742
263 819
263 878
264 290
264 425
264 444
264 610
264 670
264 693
264 750
264 777
264 814
264 825
264 859
264 974
264 979
265 293
265 442
265 511
265 518
265 567
265 590
265 684
265 757
265 862
265 1009
266 269
266 301
266 322
266 329
266 371
266 451
266 485
266 550
266 599
266 603
266 635
266 652
266 685
266 693
266 945
267 338
267 357
267 383
267 459
267 509
267 750
267 765
267 796
267 835
268 312
268 327
268 345
268 359
268 369
268 383
268 437
268 555
268 624
268 796
268 836
268 849
268 857
268 874
268 875
268 929
268 967
268 977
269 291
269 305
269 354
269 358
269 382
269 424
269 432
269 719
269 797
269 811
269 953
270 308
270 440
270 809
270 878
271 450
271 522
272 325
272 470
272 512
272 523
272 556
272 620
272 696
272 923
273 314
273 374
273 420
273 457
273 522
273 529
273 852
273 923
273 944
273 986
274 308
274 320
274 370
274 388
274 416
274 439
274 648
274 765
274 816
274 876
274 895
274 1015
275 297
275 393
275 448
275 472
275 550
275 582
275 655
275 964
276 298
276 323
276 361
276 374
276 395
276 439
276 544
276 655
276 668
276 674
276 781
277 338
277 432
277 962
278 328
278 341
278 349
278 396
278 482
278 519
278 545
278 559
278 677
278 772
278 796
279 291
279 340
279 381
279 483
279 546
279 578
279 661
279 675
279 817
279 827
280 392
280 404
280 414
280 418
280 472
280 548
280 623
280 850
280 856
281 308
281 435
281 688
281 727
281 740
281 818
282 335
282 356
282 391
282 454
282 602
282 680
282 695
282 735
282 736
283 450
283 575
283 619
284 598
284 600
284 809
284 841
285 294
285 320
285 365
285 422
285 479
285 499
285 528
285 537
285 554
285 582
285 597
285 629
285 659
285 755
285 765
285 806
285 814
285 975
286 327
286 373
286 622
286 708
286 778
286 810
286 835
287 373
287 548
287 551
287 570
287 890
287 963
288 352
288 596
288 633
288 930
288 1021
289 331
289 407
289 627
290 355
290 380
290 387
290 408
290 505
290 537
290 571
290 750
290 991
291 359
291 362
291 365
291 378
291 394
291 480
291 527
291 538
291 553
291 647
291 662
292 324
292 325
292 349
292 364
292 383
292 464
292 497
292 640
292 748
292 806
292 816
292 852
292 911
292 926
292 966
292 1000
292 1009
293 326
293 366
293 631
293 981
293 1014
294 314
294 426
294 449
294 509
294 655
294 672
294 697
294 947
294 979
294 996
295 355
295 376
295 477
295 515
295 777
295 823
295 826
295 929
295 992
296 333
296 366
296 681
296 775
296 798
296 898
296 946
297 328
297 372
297 427
297 526
297 756
298 330
298 335
298 345
298 625
298 632
298 690
298 700
298 862
298 899
298 902
298 915
298 930
299 322
299 375
299 637
299 708
299 731
299 893
300 302
300 386
300 413
300 443
300 612
300 737
300 744
300 803
300 866
300 987
300 1013
301 328
301 347
301 443
301 465
301 526
301 565
301 625
301 722
301 738
301 754
301 755
301 780
301 813
301 824
301 1004
302 525
302 673
302 914
302 991
303 333
303 384
303 394
303 454
303 462
303 471
303 508
303 579
303 671
303 683
303 687
303 740
303 978
304 408
304 416
304 425
304 486
304 517
304 619
304 622
304 630
304 703
304 709
304 812
304 1012
305 587
305 847
305 895
305 1010
305 1021
306 320
306 368
306 410
306 705
306 709
306 756
306 838
306 867
306 938
306 1018
307 313
307 654
307 722
307 751
307 787
307 812
307 843
308 342
308 376
308 573
308 667
308 846
308 891
309 336
309 407
309 512
309 809
310 320
310 410
310 435
310 486
310 584
310 837
310 935
311 377
311 429
311 437
311 526
311 534
311 693
311 830
311 989
312 522
312 621
312 677
312 696
312 784
312 792
313 351
313 529
313 552
313 571
313 579
313 584
313 712
313 730
314 352
314 359
314 427
314 458
314 526
314 656
314 677
314 724
314 870
314 919
315 341
315 397
315 428
315 488
315 535
315 549
315 588
315 620
315 705
315 739
315 764
315 789
315 850
315 886
315 987
316 416
316 702
316 771
316 954
317 460
317 620
317 856
317 922
318 390
318 421
318 460
318 585
318 644
319 372
319 399
319 433
319 475
319 513
319 515
319 523
319 543
319 548
319 560
319 630
319 668
319 724
319 862
319 884
319 954
320 366
320 592
320 738
320 768
321 358
321 433
321 633
321 791
321 972
321 1023
322 419
322 455
322 607
322 785
322 860
322 908
322 999
323 351
323 495
323 564
323 597
323 678
323 809
323 918
323 943
324 392
324 546
324 575
324 650
324 680
324 731
324 743
324 758
324 804
324 875
324 927
324 1022
325 533
325 575
325 724
325 759
325 778
325 865
325 979
325 986
326 461
326 499
326 516
326 542
326 545
326 660
326 709
326 772
326 793
326 865
326 912
326 921
327 419
327 444
327 476
327 568
327 576
327 589
327 627
327 776
327 831
327 878
327 933
327 934
327 936
328 427
328 645
328 741
328 782
328 992
329 670
329 684
329 848
329 916
329 985
329 1012
330 437
330 571
331 340
331 411
331 479
331 530
331 536
331 578
331 670
331 700
331 769
331 860
331 928
332 486
332 537
332 543
332 711
332 725
332 760
332 948
332 950
332 1007
333 354
333 617
333 767
333 802
334 335
334 429
334 438
334 527
334 898
334 946
334 984
335 458
335 511
335 580
335 662
335 776
335 842
335 969
336 560
336 629
336 650
336 875
336 1007
336 1020
337 405
337 666
337 785
338 468
338 524
338 542
338 653
338 660
338 956
338 1023
339 354
339 356
339 377
339 540
339 596
339 624
339 675
339 758
339 811
339 820
339 834
339 902
340 353
340 386
340 426
340 465
340 745
340 767
340 875
340 949
340 1008
341 371
341 382
341 474
341 854
341 980
342 594
342 770
342 868
343 367
343 413
343 417
343 430
343 450
343 636
343 697
343 707
343 725
343 802
343 887
343 934
343 959
343 999
344 874
345 414
345 461
345 649
345 692
345 755
345 791
345 876
345 896
346 361
346 411
346 462
346 582
346 640
346 783
346 886
346 897
347 462
347 465
347 630
347 649
347 672
347 870
347 902
347 920
347 951
347 966
348 355
348 540
348 607
348 713
348 730
348 819
348 886
348 905
348 931
348 968
348 973
348 1003
349 513
349 535
349 587
349 628
349 641
349 710
349 780
349 855
349 891
350 406
350 449
350 510
350 523
350 680
350 757
350 780
350 800
350 893
350 1012
351 502
352 354
352 416
352 417
352 478
352 593
352 784
352 836
352 839
352 900
353 463
353 505
353 611
353 643
353 678
353 879
354 426
354 441
354 485
354 490
354 515
354 616
354 659
355 507
355 525
355 634
355 664
355 676
355 839
355 921
355 969
356 374
356 379
356 390
356 445
356 501
356 537
356 620
356 673
356 772
356 786
356 923
357 576
357 660
357 731
357 777
357 840
357 888
358 494
358 717
358 718
358 747
359 753
360 410
360 479
360 543
360 555
360 592
360 704
360 813
360 870
361 404
361 469
361 776
361 782
361 828
362 657
362 863
363 367
363 374
363 725
363 810
364 646
364 672
364 998
365 409
365 783
366 389
366 396
366 420
366 425
366 480
366 530
366 793
366 1009
367 525
367 560
368 421
368 427
368 444
368 489
368 568
368 626
368 698
368 712
368 720
368 847
368 916
368 947
368 989
368 1011
369 400
369 432
369 530
369 603
369 649
369 717
369 724
369 750
369 770
369 842
369 916
369 933
370 396
370 421
370 527
370 587
370 708
371 632
371 644
371 912
372 492
372 666
372 800
372 863
372 985
373 496
373 617
373 721
373 835
374 654
374 665
374 705
374 834
374 894
375 542
375 548
375 769
375 836
375 895
376 403
376 506
376 945
376 950
376 955
377 410
377 438
377 446
377 454
377 950
377 965
378 558
378 586
378 746
379 404
379 664
379 827
379 990
380 492
380 808
381 689
381 858
381 970
382 396
382 412
382 514
382 562
382 608
382 691
382 772
382 797
382 853
382 908
382 1000
383 406
383 410
383 442
383 518
383 613
383 827
384 412
384 505
384 851
384 861
384 1002
385 456
385 959
386 454
386 510
386 543
386 582
386 623
386 665
386 790
386 803
386 904
387 389
387 464
387 479
387 530
387 579
387 796
388 413
388 557
388 643
388 656
388 791
388 841
388 855
388 889
388 913
388 993
389 457
389 498
389 567
389 746
389 790
389 876
390 415
390 432
390 609
390 655
390 678
390 959
391 502
391 797
391 914
392 439
392 474
392 631
392 695
392 803
392 1015
393 568
393 633
393 650
393 749
393 776
394 416
394 469
394 576
394 695
394 757
394 776
395 399
395 545
395 572
395 585
395 700
396 457
396 478
396 543
396 554
396 558
396 572
396 633
396 676
396 806
396 1005
397 608
397 708
397 945
398 408
398 453
398 484
398 576
398 813
398 916
398 971
399 433
399 465
399 480
399 814
400 746
401 710
401 774
401 900
402 498
402 525
402 806
402 932
402 969
403 514
403 611
403 826
403 996
404 451
404 617
404 639
404 647
404 717
404 761
404 907
404 917
404 1012
405 504
405 677
405 848
406 621
406 660
406 676
406 722
406 858
406 887
406 910
406 925
406 989
407 434
407 595
407 955
408 426
408 468
408 496
408 691
408 854
408 923
408 952
408 960
409 439
409 714
409 820
410 442
410 518
410 607
410 728
410 743
410 770
410 822
410 844
410 904
410 916
410 936
410 1014
410 1021
411 588
411 752
412 475
412 557
412 602
412 605
412 667
412 750
412 835
412 923
413 720
413 726
413 835
414 509
414 603
414 656
414 765
414 779
414 889
414 1000
415 481
415 500
415 690
415 696
415 807
415 851
415 853
415 898
415 918
416 484
416 733
416 937
417 419
417 459
417 467
417 511
417 563
417 726
418 424
418 434
418 519
418 578
418 595
418 612
418 627
418 771
419 573
419 691
419 776
419 959
420 424
420 501
420 550
420 594
420 600
420 702
420 739
420 858
420 958
420 975
421 427
421 464
421 520
421 607
421 665
421 714
421 773
421 988
422 617
422 919
423 456
423 550
423 619
424 429
424 631
424 852
424 939
425 508
425 819
425 851
426 529
426 590
426 697
426 831
426 991
428 567
428 607
428 619
428 729
428 747
429 469
429 921
430 640
430 1013
431 456
431 815
431 818
431 855
432 622
432 853
432 927
433 687
434 517
435 483
435 573
435 661
435 902
436 528
436 734
436 774
436 886
436 915
436 993
436 1011
437 453
437 482
437 507
437 548
437 625
437 711
437 763
437 877
437 894
437 929
437 939
437 1002
438 459
438 535
438 619
438 622
438 674
438 714
438 735
438 749
438 753
439 440
439 456
439 525
439 584
439 679
439 727
439 933
439 1009
440 444
440 798
440 864
441 521
441 539
441 574
441 598
442 460
442 585
442 588
442 605
442 787
442 991
443 503
443 726
443 867
443 987
444 800
445 960
445 1010
446 488
446 671
446 790
447 571
447 591
447 781
447 946
448 524
448 637
448 723
448 825
449 593
449 596
449 609
449 648
449 701
449 818
449 1010
449 1018
450 469
450 488
450 574
450 598
450 640
450 783
450 881
450 949
451 485
451 490
451 638
451 746
451 758
451 804
451 838
451 910
451 1004
452 551
452 579
452 708
452 750
452 848
452 855
452 860
453 606
454 484
454 606
454 779
454 819
454 879
454 991
455 497
455 634
455 719
455 838
455 923
456 545
457 574
457 642
457 770
457 888
457 917
458 516
458 960
459 494
459 531
459 581
459 594
459 657
459 692
459 693
459 727
459 959
460 472
460 493
460 617
460 702
460 711
460 841
461 540
461 553
461 670
461 865
461 924
462 494
462 530
462 948
463 491
463 565
464 504
464 791
464 794
464 796
464 800
464 878
464 898
465 475
465 614
466 615
466 739
466 970
467 499
467 763
468 825
468 829
469 470
469 513
469 529
469 591
469 652
469 846
469 883
469 932
470 511
470 667
470 702
470 782
471 590
471 610
471 674
471 839
471 935
472 473
472 483
472 903
472 1016
473 554
473 583
473 844
473 975
474 651
474 782
474 899
474 906
474 957
474 990
475 741
475 809
475 915
476 538
476 661
476 836
476 850
476 885
476 1004
477 517
477 664
477 741
477 754
477 812
478 501
478 691
478 701
478 927
479 597
479 610
479 866
479 879
480 646
480 935
480 994
481 560
481 756
481 841
481 888
481 930
482 887
483 580
483 719
483 814
484 564
484 651
485 692
485 730
485 828
485 867
485 877
486 566
486 621
486 742
486 750
486 817
486 906
486 939
486 952
487 546
487 752
488 521
488 565
488 570
488 684
488 976
489 580
489 813
490 733
490 776
490 891
490 928
491 704
491 953
492 505
492 689
492 892
492 922
492 1001
493 570
493 622
493 669
493 680
494 600
494 699
494 895
495 620
495 658
495 790
495 900
495 932
495 1001
496 560
496 695
496 748
496 976
496 1010
497 570
497 571
497 723
497 788
497 851
497 873
497 929
497 961
497 981
497 1003
498 519
498 992
499 527
499 788
499 811
499 899
499 941
500 688
500 780
500 797
500 936
500 939
501 581
501 658
501 669
501 866
501 991
502 533
502 602
502 692
502 835
503 748
503 830
503 956
503 976
503 989
504 711
504 717
504 745
504 840
504 862
505 547
505 637
505 672
505 920
506 608
506 628
506 745
507 545
507 801
508 679
508 817
508 851
508 954
509 703
509 949
509 980
509 994
510 579
510 615
510 678
510 686
510 698
510 769
510 789
510 825
510 979
511 513
511 748
511 1001
511 1002
512 586
512 1016
513 594
513 694
514 640
514 746
514 794
515 584
515 638
515 676
515 694
515 883
516 557
516 972
517 590
517 635
517 644
517 697
518 587
518 863
518 865
519 536
519 655
519 906
519 908
520 548
520 556
520 721
520 794
521 569
521 575
521 918
522 637
522 1000
523 810
524 605
524 678
524 738
524 756
524 845
524 869
524 992
525 670
525 692
525 699
525 741
525 801
525 981
526 537
526 637
526 760
526 800
526 856
526 1019
527 552
527 596
528 551
528 744
528 881
529 726
529 979
529 1019
530 762
531 631
531 935
531 966
531 1000
531 1010
532 747
532 936
533 616
533 627
533 856
533 872
533 899
533 903
533 965
534 764
534 965
534 985
535 896
536 598
536 649
536 659
536 847
537 628
537 683
537 1011
538 565
538 582
538 657
538 799
539 954
540 558
540 784
540 816
540 867
541 556
541 570
541 588
541 663
541 667
541 860
541 1019
542 599
542 647
542 1017
543 575
543 814
544 636
544 736
544 774
545 547
545 572
545 687
545 941
546 635
546 641
546 802
546 904
546 1011
547 616
547 634
547 662
547 955
547 1023
548 612
548 936
549 678
549 697
549 901
550 769
550 879
551 571
551 592
551 792
551 992
552 558
552 615
552 684
552 733
552 751
552 783
552 894
553 983
553 1005
554 604
554 855
554 942
555 783
555 885
555 892
555 945
555 980
556 912
556 965
556 1021
557 700
557 721
558 856
559 593
559 674
559 966
559 1006
560 596
560 634
560 713
560 876
561 648
561 664
561 732
561 744
561 836
561 913
561 945
561 1023
562 599
562 761
563 595
564 582
564 632
564 749
564 882
564 963
564 999
565 669
566 833
567 604
567 673
567 791
567 1003
568 575
568 686
568 723
568 853
568 966
568 1016
569 583
570 704
570 864
570 897
571 703
571 706
571 880
572 710
572 728
572 729
572 730
572 754
572 851
572 912
572 926
573 660
573 685
573 971
573 1017
574 767
574 793
574 921
575 858
575 939
576 629
576 733
576 843
576 893
576 917
576 1020
577 693
577 732
577 903
577 983
578 891
579 630
579 647
579 795
580 613
580 728
580 808
580 873
580 874
580 917
580 968
581 601
581 614
581 632
581 653
581 668
581 683
581 707
581 801
581 810
581 826
581 862
582 722
582 825
582 922
583 669
583 718
583 743
583 852
583 929
583 932
584 636
584 680
584 844
584 904
584 971
585 591
585 673
585 734
585 928
586 1022
587 884
588 765
588 828
588 980
589 627
590 612
590 950
590 989
591 654
591 661
591 749
591 763
592 640
593 743
593 893
594 798
595 874
597 681
597 784
597 843
597 943
597 988
597 989
598 838
598 844
599 725
599 817
600 614
600 905
600 920
601 937
601 977
603 612
603 742
603 807
603 893
604 663
604 673
604 760
604 762
605 718
605 910
606 706
606 720
606 740
606 767
606 977
607 743
607 821
607 858
607 867
607 910
607 998
608 799
608 858
608 1000
609 900
609 917
609 943
610 627
610 715
610 749
610 861
610 872
610 914
611 683
611 899
611 940
612 710
613 804
613 972
614 845
615 616
615 652
615 857
615 876
615 896
615 911
616 621
616 660
616 876
617 636
617 742
617 892
618 745
620 622
620 781
620 785
620 851
621 718
621 971
622 831
622 905
622 911
624 723
624 725
624 840
624 862
625 766
625 844
625 868
626 627
626 685
626 833
627 1017
628 874
628 886
628 889
628 946
629 700
629 755
631 652
631 719
631 808
632 1005
633 707
633 996
634 688
635 726
635 803
635 866
636 852
637 736
637 874
637 970
637 980
638 759
638 788
638 866
638 879
638 946
638 997
639 730
641 672
641 695
641 795
642 728
642 946
643 714
643 881
645 967
645 1007
647 798
647 861
647 908
648 764
648 843
648 1009
649 715
649 767
649 888
649 899
651 922
651 984
651 1017
652 881
652 911
652 968
653 699
653 1007
655 695
655 810
655 871
655 1003
657 958
658 818
658 875
658 942
659 667
659 720
659 906
659 1001
660 661
660 806
660 824
660 879
660 963
661 779
662 765
663 706
663 738
664 704
664 745
664 837
664 958
664 1014
665 690
665 717
665 746
665 760
665 880
666 764
666 850
666 974
666 1002
667 695
667 783
668 721
668 751
668 753
668 824
668 890
669 758
670 717
670 759
670 918
670 961
671 841
673 914
675 982
676 770
676 923
677 834
677 872
679 974
680 978
681 714
682 794
682 878
683 706
686 709
686 920
687 788
688 766
688 788
688 1008
689 898
690 986
691 936
691 949
693 706
693 941
695 790
695 847
695 966
696 848
696 869
697 702
698 713
699 957
700 728
700 828
700 946
701 924
702 836
703 733
703 815
703 1023
704 891
704 1012
704 1018
706 797
706 808
707 842
707 937
707 944
708 715
708 722
709 731
709 762
709 768
710 749
712 767
712 811
712 897
712 904
713 724
713 859
713 890
714 795
714 844
714 849
715 758
715 1010
716 802
716 843
716 871
716 1006
718 884
719 881
719 885
719 940
720 973
721 731
721 994
722 773
722 845
723 961
723 964
724 928
726 839
726 926
726 1003
730 801
731 800
731 815
732 921
732 974
733 819
733 825
733 845
733 864
733 946
733 958
733 1016
734 816
734 843
735 887
736 744
736 771
736 838
736 917
736 1015
737 738
738 806
738 996
739 764
739 939
740 766
740 858
740 859
740 911
740 937
740 978
741 867
742 759
742 832
742 892
744 789
744 942
744 977
745 857
746 778
746 828
746 907
746 983
747 1023
749 785
749 821
750 848
751 860
751 987
752 866
752 875
752 907
753 755
755 792
755 795
756 826
756 885
757 758
757 850
757 951
757 958
759 805
759 913
759 980
760 945
761 821
761 887
762 857
762 978
763 830
763 925
763 970
763 983
763 997
763 1002
763 1011
764 766
764 769
764 803
764 840
765 840
765 933
766 767
766 813
766 833
766 850
766 852
767 942
770 978
771 1005
772 785
775 802
776 799
776 832
776 944
777 819
779 824
779 867
779 900
779 920
779 926
779 1004
779 1015
780 891
781 932
781 1014
782 804
783 902
784 810
784 930
784 941
784 993
785 921
785 942
785 1006
787 934
787 948
788 868
788 886
788 982
788 983
788 1020
791 830
791 858
794 859
794 944
795 808
795 938
797 915
797 970
798 953
801 813
801 831
801 906
802 840
804 990
808 909
808 935
808 969
810 837
811 829
811 949
812 871
815 926
816 953
817 905
819 931
822 824
822 827
823 984
825 840
825 881
825 955
828 887
829 896
830 863
832 907
835 877
835 957
836 895
836 1014
837 929
838 996
841 932
845 913
846 925
847 942
847 977
851 872
851 968
852 940
856 964
857 997
859 861
859 942
860 861
863 956
865 970
866 909
870 932
870 938
873 939
875 944
876 958
878 988
879 996
881 1019
883 947
883 971
883 1002
886 981
887 894
887 896
887 999
888 892
888 903
894 925
895 954
897 901
898 905
900 914
901 904
901 1015
902 1023
904 974
906 930
907 941
909 1020
910 972
910 987
912 1001
915 974
915 984
916 947
917 985
917 1015
921 954
922 973
922 976
925 953
927 1006
931 993
933 960
935 980
935 1010
938 988
942 948
943 1009
944 954
945 1019
947 954
947 978
954 962
954 1019
955 968
962 1021
970 979
972 1018
974 1017
981 986
989 998
995 1022
996 1007
999 1011
1000 1018
1002 1021
1007 1018
