0 21
0 74
0 78
0 88
0 111
0 120
0 129
0 202
0 228
0 314
0 423
0 427
0 489
0 495
1 100
1 155
1 171
1 236
1 316
1 374
1 383
1 385
1 454
1 462
2 12
2 36
2 38
2 48
2 70
2 117
2 120
2 122
2 127
2 140
2 234
2 238
2 255
2 261
2 269
2 290
2 295
2 394
2 398
2 399
2 432
2 503
3 108
3 125
3 187
3 218
3 255
3 260
3 284
3 336
3 354
3 362
3 389
3 496
4 11
4 131
4 160
4 167
4 214
4 233
4 247
4 271
4 281
4 283
4 285
4 295
4 314
4 322
4 324
4 338
4 427
4 496
4 497
5 22
5 76
5 99
5 148
5 187
5 225
5 254
5 258
5 263
5 270
5 275
5 344
5 355
5 393
5 398
5 410
5 419
5 436
5 437
5 443
5 494
5 509
6 19
6 39
6 47
6 65
6 128
6 129
6 135
6 142
6 175
6 204
6 210
6 225
6 239
6 254
6 496
7 21
7 26
7 35
7 42
7 93
7 104
7 127
7 181
7 204
7 231
7 311
7 374
7 410
7 458
7 465
7 489
7 502
8 70
8 90
8 91
8 126
8 132
8 232
8 367
8 379
8 422
8 476
8 499
8 509
9 23
9 121
9 205
9 238
9 262
9 337
9 359
9 389
9 397
10 42
10 52
10 69
10 81
10 95
10 108
10 122
10 149
10 171
10 175
10 213
10 293
10 349
10 440
10 465
10 468
11 129
11 161
11 168
11 192
11 258
11 260
11 343
11 377
11 405
12 32
12 85
12 87
12 124
12 150
12 176
12 224
12 281
12 330
12 363
12 374
13 52
13 53
13 120
13 127
13 138
13 146
13 153
13 209
13 230
13 271
13 295
13 331
13 492
14 18
14 22
14 29
14 59
14 115
14 133
14 135
14 141
14 178
14 204
14 225
14 239
14 366
14 478
14 483
15 22
15 31
15 107
15 191
15 241
15 247
15 252
15 355
15 369
16 27
16 115
16 121
16 178
16 192
16 199
16 268
16 346
16 382
16 475
16 485
16 492
17 27
17 38
17 60
17 113
17 114
17 128
17 185
17 213
17 225
17 251
17 259
17 266
17 267
17 279
17 309
17 313
17 344
17 369
17 370
17 383
17 429
17 462
18 23
18 34
18 82
18 161
18 205
18 222
18 264
18 267
18 279
18 360
18 362
18 410
18 483
19 25
19 47
19 53
19 118
19 162
19 302
19 310
19 311
19 347
19 358
19 360
19 364
19 461
19 472
19 477
19 511
20 51
20 142
20 204
20 324
20 376
20 415
20 453
21 43
21 76
21 101
21 108
21 135
21 153
21 337
21 389
21 446
21 469
22 243
22 273
22 288
22 367
22 420
22 430
23 24
23 68
23 90
23 91
23 99
23 107
23 112
23 192
23 226
23 274
23 290
23 316
23 347
23 351
23 377
24 36
24 54
24 93
24 136
24 148
24 206
24 294
24 299
24 333
24 340
24 342
24 353
25 58
25 181
25 188
25 238
25 281
25 332
25 349
25 377
25 475
25 485
25 496
25 499
25 500
26 59
26 83
26 116
26 123
26 130
26 167
26 194
26 198
26 274
26 283
26 398
26 414
26 453
26 478
27 54
27 68
27 99
27 170
27 183
27 187
27 214
27 233
27 235
27 241
27 268
27 331
27 374
27 455
27 488
28 43
28 74
28 104
28 238
28 291
28 294
28 304
28 308
28 323
28 329
28 341
28 377
28 439
28 479
29 36
29 48
29 109
29 125
29 149
29 178
29 181
29 200
29 219
29 234
29 320
29 357
29 393
29 491
30 42
30 56
30 121
30 168
30 195
30 212
30 224
30 225
30 291
30 306
30 337
30 358
30 395
30 406
30 417
30 450
30 454
30 461
30 480
31 62
31 63
31 66
31 97
31 161
31 193
31 270
31 332
31 374
31 394
31 479
32 66
32 101
32 135
32 185
32 207
32 275
32 301
32 338
32 365
32 410
32 480
32 483
33 39
33 58
33 126
33 169
33 241
33 264
33 321
33 362
33 367
33 379
33 424
34 134
34 146
34 159
34 233
34 234
34 248
34 251
34 317
34 323
34 324
34 351
34 434
34 474
34 484
35 41
35 72
35 89
35 137
35 150
35 192
35 216
35 284
35 373
35 397
35 402
35 431
36 73
36 115
36 121
36 147
36 258
36 315
36 317
36 329
36 357
36 463
36 482
36 483
36 492
36 508
36 511
37 43
37 63
37 110
37 126
37 152
37 205
37 254
37 354
37 413
37 427
37 445
37 482
37 506
38 43
38 64
38 69
38 96
38 103
38 113
38 121
38 197
38 238
38 253
38 262
38 290
38 328
38 380
38 406
38 451
39 86
39 106
39 247
39 262
39 272
39 357
39 377
39 389
39 396
40 61
40 92
40 124
40 162
40 227
40 251
40 272
40 303
40 343
40 421
40 427
40 434
40 437
40 449
40 455
41 82
41 152
41 180
41 190
41 248
41 256
41 296
41 303
41 387
41 428
41 435
41 438
41 487
41 500
42 49
42 64
42 92
42 109
42 117
42 146
42 173
42 197
42 219
42 272
42 275
42 309
42 344
42 351
42 369
42 434
42 445
43 57
43 81
43 113
43 169
43 245
43 287
43 365
43 388
43 395
43 455
43 473
43 489
43 506
44 48
44 49
44 74
44 84
44 87
44 92
44 128
44 221
44 226
44 232
44 266
44 287
44 327
44 355
44 379
44 389
44 429
44 452
45 53
45 59
45 66
45 181
45 183
45 197
45 281
45 310
45 316
45 382
45 400
45 414
45 449
46 50
46 141
46 153
46 163
46 178
46 236
46 336
46 364
46 397
46 409
46 472
47 94
47 217
47 219
47 259
47 283
47 505
48 88
48 134
48 187
48 229
48 276
48 327
48 340
48 351
48 373
48 407
48 415
48 419
48 472
48 474
49 144
49 151
49 179
49 202
49 205
49 247
49 296
49 334
49 385
49 396
49 437
49 445
49 452
49 482
49 510
50 74
50 132
50 173
50 191
50 211
50 239
50 253
50 267
50 268
50 404
50 413
50 456
50 487
51 60
51 94
51 113
51 140
51 179
51 192
51 245
51 261
51 270
51 363
51 429
51 437
51 461
51 486
52 148
52 219
52 227
52 228
52 258
52 360
52 372
52 382
52 398
52 492
53 129
53 143
53 173
53 215
53 301
53 314
53 328
53 344
53 346
53 395
53 420
53 423
53 426
53 436
54 192
54 206
54 230
54 239
54 250
54 281
54 318
54 367
54 387
54 462
54 489
54 511
55 57
55 67
55 74
55 128
55 160
55 248
55 254
55 328
55 333
55 439
55 449
55 493
55 499
56 121
56 162
56 187
56 212
56 233
56 239
56 258
56 283
56 349
56 499
57 66
57 113
57 164
57 169
57 195
57 212
57 342
57 354
57 414
57 429
57 443
57 463
57 506
58 77
58 191
58 203
58 344
58 405
58 424
58 428
58 455
58 463
58 510
59 75
59 82
59 88
59 89
59 191
59 367
59 406
59 446
59 478
59 501
59 507
60 115
60 179
60 218
60 254
60 261
60 265
60 295
60 318
60 326
60 376
60 378
60 442
60 453
60 475
60 495
61 71
61 76
61 136
61 289
61 291
61 331
61 356
61 364
61 386
61 394
61 412
61 436
61 483
62 122
62 123
62 206
62 233
62 301
62 323
62 418
62 452
62 460
62 486
63 98
63 114
63 179
63 212
63 259
63 279
63 302
63 309
63 322
63 365
64 215
64 311
64 424
64 432
65 80
65 81
65 135
65 149
65 161
65 198
65 215
65 219
65 260
65 271
65 345
65 377
65 379
65 498
66 97
66 168
66 227
66 255
66 316
66 345
66 348
66 418
66 428
66 429
66 441
66 444
66 474
66 509
67 73
67 123
67 129
67 256
67 270
67 293
67 338
67 360
67 370
67 379
67 387
67 389
67 392
67 396
68 122
68 175
68 189
68 259
68 305
68 323
68 362
68 417
68 444
68 447
68 503
69 240
69 258
69 266
69 329
69 331
69 341
69 353
69 398
69 406
69 420
69 425
70 76
70 87
70 145
70 183
70 231
70 250
70 254
70 309
70 316
70 333
70 353
70 398
70 442
70 443
70 476
71 75
71 77
71 145
71 229
71 269
71 327
71 396
72 77
72 90
72 99
72 114
72 126
72 165
72 307
72 321
72 374
72 400
72 446
73 227
73 262
73 342
73 345
73 480
73 494
74 171
74 189
74 204
74 206
74 288
74 311
74 320
74 360
74 438
74 485
74 496
74 504
75 76
75 198
75 199
75 205
75 208
75 231
75 317
75 326
75 347
75 363
75 376
75 410
75 432
75 438
76 80
76 82
76 84
76 115
76 234
76 252
76 299
76 300
76 311
76 362
76 363
76 375
76 419
76 469
76 483
76 509
77 93
77 168
77 185
77 191
77 208
77 221
77 282
77 300
77 302
77 340
77 348
77 367
77 390
77 452
77 476
78 119
78 122
78 131
78 151
78 162
78 194
78 248
78 303
78 436
78 453
78 486
79 98
79 118
79 139
79 188
79 191
79 235
79 252
79 257
79 275
79 276
79 306
79 313
79 328
79 336
79 368
79 394
79 408
79 410
79 424
79 444
79 475
79 481
79 497
80 86
80 111
80 118
80 132
80 168
80 187
80 265
80 317
80 361
80 366
80 452
80 490
80 499
81 144
81 168
81 176
81 211
81 222
81 270
81 294
81 303
81 344
81 385
81 387
81 410
81 419
81 424
81 442
81 464
82 92
82 115
82 171
82 176
82 188
82 205
82 212
82 214
82 217
82 233
82 249
82 252
82 261
82 286
82 308
82 353
82 367
82 373
82 437
82 438
82 479
82 489
83 89
83 97
83 141
83 173
83 182
83 201
83 219
83 224
83 236
83 239
83 295
83 322
83 335
83 363
83 376
83 404
83 405
83 494
83 511
84 96
84 121
84 185
84 207
84 302
84 304
84 330
84 420
84 446
84 486
84 497
85 119
85 175
85 213
85 293
85 310
85 327
85 340
85 341
85 365
85 425
86 89
86 117
86 139
86 144
86 150
86 164
86 178
86 191
86 224
86 229
86 232
86 241
86 252
86 273
86 302
86 360
86 402
86 452
86 499
87 144
87 146
87 180
87 348
87 383
87 396
87 399
87 407
87 451
87 464
88 175
88 234
88 243
88 269
88 328
88 379
88 384
88 385
88 405
88 419
88 450
88 455
88 505
89 111
89 121
89 142
89 162
89 193
89 274
89 318
89 331
89 348
89 376
89 378
89 392
89 434
89 471
90 94
90 158
90 238
90 296
90 311
90 362
90 478
90 494
90 499
91 158
91 181
91 211
91 244
91 282
91 317
91 357
91 403
91 424
91 434
92 98
92 122
92 230
92 252
92 308
92 312
92 383
92 434
92 459
92 462
92 474
92 482
93 107
93 126
93 142
93 178
93 190
93 202
93 226
93 227
93 272
93 282
93 290
93 315
93 336
93 344
93 427
93 445
93 472
94 117
94 151
94 164
94 171
94 248
94 262
94 311
94 406
94 480
94 483
94 493
95 124
95 125
95 216
95 223
95 265
95 349
95 356
95 380
95 482
96 168
96 209
96 215
96 229
96 240
96 243
96 248
96 320
96 347
96 355
96 372
96 420
96 457
96 495
97 149
97 214
97 237
97 293
97 306
97 315
97 340
97 388
97 432
97 460
97 461
97 464
97 479
97 484
97 496
98 163
98 175
98 205
98 287
98 388
98 414
98 424
98 448
98 464
98 506
99 101
99 140
99 250
99 269
99 318
99 324
99 357
99 364
99 391
99 420
99 430
99 453
99 489
100 135
100 140
100 295
100 338
100 360
100 380
100 409
100 436
100 447
100 457
100 469
101 146
101 149
101 209
101 263
101 285
101 352
101 371
101 411
101 412
101 439
102 135
102 140
102 225
102 229
102 305
102 314
102 322
102 325
102 331
102 379
102 398
102 426
102 452
102 479
102 507
102 508
103 130
103 138
103 191
103 220
103 227
103 233
103 308
103 317
103 351
103 383
104 112
104 143
104 177
104 203
104 285
104 348
104 400
104 421
104 435
105 169
105 175
105 266
105 276
105 277
105 287
105 297
105 331
105 359
105 435
105 452
105 471
105 494
106 216
106 235
106 261
106 299
106 337
106 340
106 342
106 369
106 373
106 416
106 505
107 118
107 130
107 187
107 192
107 204
107 319
107 379
107 403
107 496
108 114
108 139
108 147
108 163
108 194
108 198
108 223
108 226
108 235
108 257
108 289
108 316
108 372
108 392
108 398
108 404
109 162
109 163
109 190
109 293
109 412
109 451
109 494
110 113
110 142
110 242
110 425
110 474
111 289
111 348
111 365
111 413
111 429
111 448
111 469
111 482
112 149
112 187
112 223
112 230
112 243
112 290
112 318
112 380
112 425
112 429
112 467
113 187
113 198
113 199
113 219
113 265
113 316
113 321
113 329
113 408
113 434
113 438
113 448
113 487
113 509
114 119
114 160
114 256
114 319
114 327
114 351
114 352
114 356
114 423
114 425
115 126
115 131
115 158
115 173
115 192
115 203
115 238
115 333
115 402
115 442
116 148
116 167
116 190
116 251
116 305
116 331
116 334
116 339
116 359
116 441
116 443
116 484
117 162
117 212
117 217
117 232
117 277
117 294
117 320
117 326
117 339
117 365
117 374
117 416
117 419
117 464
117 471
118 149
118 158
118 232
118 318
118 340
118 359
118 392
118 402
118 408
118 488
118 493
119 167
119 212
119 245
119 262
119 265
119 278
119 308
119 321
119 406
119 461
119 483
119 495
119 505
119 507
120 125
120 148
120 155
120 202
120 207
120 229
120 230
120 238
120 261
120 277
120 288
120 340
120 353
120 380
120 450
120 477
120 479
120 501
121 164
121 172
121 287
121 298
121 310
121 330
121 347
121 367
121 400
121 472
121 495
122 288
122 310
122 345
122 474
123 140
123 199
123 227
123 273
123 279
123 421
123 460
123 477
124 190
124 252
124 326
124 384
124 426
124 438
124 480
124 485
124 494
124 495
124 506
125 206
125 230
125 259
125 294
125 495
126 208
126 232
126 271
126 281
126 327
126 345
126 363
126 378
126 381
126 383
126 384
126 385
126 445
126 456
126 496
126 507
127 146
127 196
127 198
127 206
127 211
127 382
127 410
127 435
127 440
127 446
127 504
128 214
128 229
128 298
128 317
128 318
128 382
128 396
128 401
128 442
128 444
128 510
129 213
129 333
129 396
129 399
129 434
129 444
129 454
130 133
130 209
130 234
130 250
130 262
130 288
130 307
130 308
130 382
130 475
130 498
131 149
131 155
131 185
131 208
131 209
131 233
131 246
131 286
131 322
131 362
131 366
131 378
131 383
131 409
131 510
132 146
132 156
132 180
132 223
132 224
132 240
132 278
132 308
132 363
132 366
132 370
132 431
132 439
132 443
132 456
132 482
132 497
133 235
133 249
133 288
133 302
133 305
133 320
133 346
133 449
133 469
134 161
134 200
134 220
134 263
134 298
134 348
134 352
134 393
134 433
134 449
134 466
135 219
135 278
135 310
135 347
135 354
135 445
135 474
136 156
136 188
136 232
136 319
136 333
136 352
136 359
136 372
136 403
136 414
136 433
136 476
136 507
137 160
137 232
137 242
137 244
137 248
137 250
137 256
137 269
137 283
137 289
137 293
137 294
137 308
137 315
137 349
137 359
137 387
137 427
137 504
137 508
138 178
138 196
138 270
138 277
138 301
138 346
138 360
138 389
138 408
138 463
138 499
139 194
139 228
139 251
139 281
139 310
139 327
139 349
139 422
139 443
139 453
139 471
139 496
140 181
140 220
140 256
140 278
140 279
140 283
140 338
140 342
140 360
140 366
140 427
140 480
140 502
141 148
141 181
141 210
141 234
141 252
141 259
141 286
141 387
141 458
141 477
141 507
142 181
142 191
142 206
142 218
142 269
142 287
142 302
142 303
142 328
142 348
142 349
142 379
142 404
142 410
142 418
142 473
143 212
143 254
143 272
143 308
143 343
143 418
143 431
143 484
144 164
144 257
144 272
144 288
144 332
144 336
144 357
144 379
144 414
144 418
144 422
144 453
144 461
144 470
145 160
145 239
145 417
145 427
145 428
145 441
145 466
146 154
146 156
146 165
146 166
146 169
146 181
146 311
146 355
146 377
146 415
147 200
147 236
147 251
147 303
147 310
147 356
147 358
147 368
147 397
147 415
147 435
147 449
147 461
147 483
148 189
148 374
148 509
149 166
149 215
149 248
149 271
149 337
149 383
149 389
149 428
149 466
149 496
150 199
150 206
150 211
150 347
150 444
150 449
150 476
150 482
151 153
151 157
151 213
151 218
151 273
151 417
151 424
151 442
151 449
151 489
152 178
152 184
152 336
152 359
152 388
152 408
152 419
152 425
152 436
152 480
153 192
153 268
153 292
153 307
153 397
153 447
153 498
153 509
154 168
154 182
154 188
154 205
154 274
154 315
154 353
154 363
154 411
154 422
154 433
154 438
154 466
154 509
155 183
155 255
155 260
155 309
155 341
155 349
155 353
155 428
155 456
155 492
156 176
156 218
156 219
156 226
156 318
156 413
156 416
156 485
156 489
156 491
157 185
157 190
157 197
157 200
157 225
157 291
157 325
157 369
157 389
157 419
157 459
157 485
157 507
158 163
158 188
158 236
158 309
158 320
158 336
158 376
158 404
158 411
158 465
158 469
158 488
159 188
159 252
159 259
159 275
159 387
159 434
160 168
160 178
160 225
160 235
160 237
160 247
160 369
160 417
160 474
160 476
160 485
161 209
161 319
161 337
161 417
161 440
161 466
161 479
162 173
162 235
162 244
162 334
162 360
162 445
162 457
162 475
162 479
162 483
162 506
163 248
163 272
163 273
163 321
163 343
163 348
163 494
164 174
164 246
164 252
164 265
164 366
164 410
164 423
164 448
164 508
165 172
165 176
165 200
165 388
165 402
165 461
165 503
165 510
165 511
166 174
166 320
166 386
166 389
166 392
166 415
166 416
166 433
167 213
167 214
167 270
167 277
167 280
167 371
167 389
167 403
167 494
168 174
168 271
168 341
168 372
168 398
168 410
169 187
169 285
169 299
169 306
169 498
169 500
170 253
170 273
170 292
170 353
170 358
170 436
170 440
170 455
171 210
171 234
171 253
171 258
171 273
171 315
171 330
171 363
171 428
171 477
171 480
171 506
172 181
172 187
172 206
172 213
172 292
172 314
172 329
172 349
172 442
172 455
172 467
172 500
172 504
173 243
173 261
173 479
174 177
174 199
174 201
174 221
174 245
174 267
174 338
174 364
174 385
174 412
174 470
175 214
175 270
175 291
175 364
175 403
176 186
176 267
176 324
176 336
176 359
176 360
176 376
176 385
176 399
176 406
176 409
176 440
176 488
177 207
177 214
177 241
177 265
177 300
177 313
177 335
177 394
177 410
177 445
177 465
177 491
177 493
178 214
178 230
178 259
178 272
178 293
178 326
178 349
178 359
178 372
178 437
178 510
179 190
179 217
179 303
179 406
179 469
179 477
179 499
179 510
180 204
180 243
180 250
180 316
180 408
180 437
181 182
181 205
181 208
181 229
181 233
181 274
181 308
181 421
181 454
182 217
182 243
182 294
182 337
182 417
182 484
182 494
183 307
183 344
183 351
183 359
183 380
183 391
183 437
183 469
184 198
184 202
184 203
184 329
184 345
184 372
184 410
184 436
184 470
184 483
184 506
184 509
185 201
185 226
185 293
185 367
185 475
185 479
186 191
186 248
186 304
186 386
186 395
186 403
186 468
186 476
186 499
187 316
187 373
187 411
187 438
187 473
187 479
187 494
188 198
188 216
188 219
188 223
188 226
188 248
188 250
188 313
188 345
188 364
188 376
188 423
188 428
188 460
188 463
189 238
189 273
189 274
189 275
189 286
189 336
189 373
189 444
189 502
189 508
190 195
190 225
190 273
190 282
190 290
190 372
190 411
190 424
190 479
190 498
190 510
191 208
191 267
191 270
191 281
191 302
191 308
191 358
191 360
191 367
191 454
191 462
191 474
191 483
192 212
192 249
192 271
192 282
192 299
192 319
192 353
192 374
192 414
192 437
192 460
192 474
192 511
193 296
193 342
193 355
193 422
193 427
193 482
193 485
193 504
193 511
194 196
194 248
194 332
194 338
194 408
194 427
194 454
194 480
195 228
195 231
195 259
195 266
195 412
195 471
195 479
195 484
196 235
196 284
196 382
196 383
196 498
196 500
197 203
197 213
197 215
197 233
197 240
197 255
197 256
197 371
197 390
197 421
198 393
198 468
198 495
198 510
199 211
199 333
199 369
199 446
199 458
199 499
199 511
200 220
200 256
200 300
200 306
200 364
200 370
200 443
201 217
201 252
201 260
201 275
201 285
201 293
201 297
201 301
201 310
201 342
201 449
201 460
201 485
201 502
202 281
202 301
202 483
202 504
203 219
203 242
203 281
203 306
203 338
203 363
203 444
203 476
204 212
204 224
204 247
204 343
204 346
204 352
204 353
204 358
204 360
204 382
204 399
204 412
204 448
204 463
205 235
205 260
205 288
205 328
205 333
205 358
205 492
206 241
206 280
206 326
206 330
206 375
206 380
206 402
206 476
206 504
206 508
207 218
207 276
207 342
207 345
207 356
207 385
207 392
207 399
207 405
207 470
207 479
207 494
208 212
208 241
208 268
208 327
208 341
208 346
208 348
208 350
208 408
208 409
208 439
208 468
208 508
209 222
209 302
209 316
209 325
209 359
209 379
209 420
209 438
209 482
210 219
210 245
210 257
210 263
210 265
210 335
210 420
210 484
210 493
211 224
211 227
211 232
211 239
211 291
211 304
211 357
211 372
211 388
211 429
211 433
211 449
211 458
211 479
212 285
212 320
212 341
212 443
212 457
213 257
213 258
213 263
213 294
213 324
213 389
213 506
214 314
214 396
214 421
214 494
214 510
215 218
215 294
215 320
215 325
215 344
215 382
215 421
215 459
215 495
215 509
216 234
216 243
216 458
216 460
216 480
216 481
216 500
216 503
216 510
217 244
217 283
217 319
217 324
217 332
217 372
217 373
217 374
217 377
217 398
217 477
217 484
217 507
218 225
218 228
218 233
218 403
218 408
218 417
218 435
218 446
219 249
219 312
219 384
219 395
219 449
219 460
219 470
220 223
220 246
220 356
220 369
220 407
220 446
220 507
221 240
221 266
221 330
221 411
221 430
221 471
221 479
221 507
222 253
222 257
222 328
222 378
222 403
222 405
222 486
223 263
223 321
223 327
223 331
223 381
223 396
223 426
223 444
223 475
223 503
224 236
224 364
224 405
224 427
224 435
224 488
225 227
225 249
225 302
225 319
225 349
225 396
225 501
226 337
226 343
226 378
226 408
226 409
226 458
226 506
227 249
227 259
227 350
227 373
227 407
227 456
227 462
227 465
227 483
228 234
228 256
228 313
228 317
228 392
228 394
228 478
228 482
228 490
229 241
229 349
229 363
229 375
229 385
229 447
229 470
229 500
229 508
230 236
230 258
230 264
230 267
230 283
230 286
230 296
230 310
230 377
230 446
230 461
230 483
231 308
231 331
231 346
231 389
231 401
231 470
231 474
231 493
231 494
232 308
232 309
232 403
232 434
232 464
232 475
232 490
232 494
232 496
233 292
233 301
233 325
233 332
233 437
233 452
233 465
233 511
234 276
234 301
234 313
234 404
234 411
234 423
234 434
234 447
234 459
235 272
235 321
235 346
235 393
235 406
235 458
235 485
235 503
236 263
236 451
236 501
237 251
237 289
237 309
237 329
237 339
237 365
237 450
237 508
237 510
238 260
238 282
238 292
238 295
238 309
238 322
238 343
238 361
238 372
238 446
238 450
238 493
239 302
239 304
239 391
239 397
239 445
239 482
240 313
240 327
240 354
240 373
240 382
240 393
240 411
240 434
241 250
241 272
241 306
241 324
241 394
241 400
241 431
241 456
241 457
241 461
241 482
242 269
242 353
242 370
242 433
243 278
243 284
243 345
243 420
243 459
243 469
243 505
244 262
244 318
244 341
244 384
244 437
244 445
244 449
244 498
245 407
245 446
245 472
245 477
245 492
246 247
246 261
246 317
246 331
246 358
246 366
246 378
246 479
247 326
247 362
247 401
247 428
247 439
247 458
247 484
248 250
248 268
248 279
248 333
248 335
248 354
248 377
248 477
249 256
249 289
249 306
249 310
249 324
249 373
249 456
249 466
250 262
250 291
250 310
250 373
250 393
250 411
250 423
250 431
250 460
250 476
250 491
250 510
251 271
251 303
251 313
251 323
251 329
251 345
251 385
251 418
252 257
252 361
252 363
252 364
252 384
252 476
253 282
253 294
253 316
253 397
253 432
253 446
253 495
254 257
254 261
254 266
254 275
254 314
254 332
254 333
254 336
254 353
254 357
254 408
254 419
254 425
254 435
254 445
255 325
255 349
255 404
255 416
255 461
256 346
256 350
256 355
256 366
256 371
256 440
256 441
256 466
257 379
257 436
257 451
257 476
257 481
257 497
258 300
258 308
258 325
258 327
258 341
258 430
258 469
259 273
259 298
259 326
259 475
259 500
260 290
260 294
260 339
260 345
260 371
260 401
260 471
260 492
261 341
261 342
261 344
261 349
261 391
261 413
261 439
262 273
262 285
262 302
262 312
262 313
262 389
262 394
262 414
262 429
262 430
262 445
262 497
263 352
263 375
263 415
263 417
263 433
263 445
263 448
263 455
263 458
264 281
264 306
264 311
264 339
264 419
264 422
264 425
264 477
264 483
264 485
264 487
264 500
264 501
265 312
265 368
265 385
265 393
265 494
265 495
266 303
266 312
266 402
266 438
266 447
266 463
266 469
266 486
267 281
267 362
267 426
267 478
268 276
268 284
268 316
268 348
268 369
268 372
268 451
268 483
269 272
269 275
269 282
269 323
269 385
269 417
269 454
269 475
269 494
269 508
270 326
270 385
270 428
270 453
270 467
271 272
271 292
271 323
271 345
272 342
272 398
272 411
273 358
273 371
273 381
273 390
273 493
273 507
274 291
274 351
274 381
274 389
274 451
274 476
274 480
274 505
275 286
275 327
275 339
275 344
275 353
275 358
275 388
275 396
275 400
275 416
275 495
275 497
276 281
276 317
276 362
276 373
276 423
276 484
276 497
277 307
277 418
277 425
277 447
278 283
278 292
278 322
278 389
278 401
278 466
278 477
278 484
279 283
279 305
279 330
279 397
279 424
280 306
280 320
280 342
280 386
280 438
280 457
281 333
281 372
281 394
281 397
281 411
281 448
281 478
282 306
282 372
282 432
282 441
282 460
283 314
283 349
283 375
283 425
283 427
283 481
283 483
284 320
284 330
284 338
284 408
284 431
284 454
284 476
284 488
284 490
284 508
285 305
285 353
285 370
285 427
285 486
285 503
285 509
286 304
286 334
286 407
286 489
287 317
287 337
288 334
288 394
288 427
288 484
289 313
289 324
289 336
289 376
289 393
289 425
289 444
290 309
290 324
290 339
290 365
291 294
291 427
291 437
291 450
291 511
292 300
292 348
292 380
292 404
292 452
292 456
292 457
292 503
293 374
293 382
293 421
293 495
294 324
294 329
294 448
294 469
294 484
294 504
295 328
295 346
295 419
295 445
295 451
295 474
296 301
296 302
296 308
296 329
296 353
296 369
296 374
296 453
296 460
297 307
297 393
297 415
298 335
298 340
298 416
298 449
299 315
299 340
299 431
300 301
300 339
300 367
300 400
300 486
301 311
301 325
301 337
301 451
301 481
302 306
302 309
302 362
302 367
302 383
302 399
302 400
303 306
303 440
303 473
304 321
304 358
304 382
304 385
304 392
304 398
304 448
304 491
305 342
305 361
305 380
305 392
305 406
305 412
305 432
305 491
305 498
305 508
306 316
306 322
306 357
306 449
306 462
307 328
307 369
307 374
307 395
307 476
307 487
307 511
308 330
308 446
308 454
309 381
309 408
309 487
309 490
310 356
310 398
310 405
310 435
310 496
311 429
311 433
311 436
311 462
311 508
312 346
312 354
312 369
313 403
313 410
313 413
313 418
313 434
313 441
313 449
313 459
313 490
313 491
314 351
314 354
314 418
314 420
314 483
314 492
315 332
315 355
315 360
315 373
315 503
316 339
316 341
316 389
316 465
316 466
317 324
317 377
317 431
317 444
317 469
318 332
318 354
318 380
318 402
318 440
318 441
318 489
319 332
319 393
319 418
319 445
319 507
320 423
321 376
321 405
322 371
322 418
322 490
323 414
323 442
324 346
324 366
324 401
324 431
324 480
324 502
325 335
325 342
325 348
325 396
325 398
325 475
325 483
325 497
326 365
326 418
326 421
326 467
326 486
327 434
327 437
327 472
327 477
328 358
328 473
329 405
329 423
329 447
329 483
330 338
330 348
330 364
330 410
330 484
331 357
331 371
331 378
331 393
331 419
331 429
331 455
331 505
331 509
332 360
332 407
332 415
332 419
332 442
332 447
332 452
332 482
332 504
333 349
333 406
333 408
333 433
333 437
333 448
333 495
334 363
334 389
334 469
334 475
334 491
335 398
335 404
335 429
335 490
335 493
335 494
336 398
336 399
336 423
337 338
337 370
337 430
337 470
337 475
338 363
338 416
338 434
339 352
339 406
339 435
340 434
340 435
340 464
340 488
341 390
341 397
341 421
341 453
342 346
343 360
343 383
343 418
343 440
343 500
343 505
344 459
344 462
345 423
345 475
345 479
345 489
345 490
345 511
346 380
346 438
346 469
347 350
347 360
347 412
347 483
348 403
348 411
348 458
349 468
349 481
349 496
350 359
350 366
350 396
350 405
350 417
350 483
350 507
351 397
351 411
351 457
351 463
351 476
351 486
351 509
352 388
352 412
352 437
352 445
352 446
352 461
353 388
354 376
354 466
354 477
354 498
355 371
355 390
355 406
355 414
355 429
355 465
356 383
356 387
356 405
356 431
357 381
357 478
357 496
358 379
359 360
359 409
359 426
359 427
359 498
360 386
360 388
360 398
360 480
360 498
361 423
361 429
361 460
361 472
361 484
361 487
362 378
362 389
362 464
363 409
363 420
364 370
364 398
364 423
364 434
364 449
364 488
365 378
365 381
365 388
365 413
365 438
365 441
365 446
365 457
365 463
365 465
365 494
366 404
366 421
367 387
367 474
368 396
368 398
368 403
368 437
368 451
369 406
369 437
369 490
370 385
370 386
370 438
370 480
371 393
371 397
371 450
371 494
371 500
371 501
372 437
372 452
372 473
372 506
373 378
373 430
373 464
374 375
374 377
374 425
374 435
374 474
374 482
374 498
375 416
375 470
375 480
376 399
377 379
377 381
377 391
377 413
377 489
378 443
379 388
379 451
379 459
379 474
379 492
380 381
380 482
380 493
381 441
381 443
381 447
381 479
382 386
382 407
382 440
382 476
382 501
383 432
383 474
384 418
384 435
385 429
385 495
385 498
386 400
386 401
386 468
386 507
387 444
387 504
388 432
388 475
388 482
388 493
389 401
389 413
390 420
390 441
391 401
391 471
391 481
391 499
392 402
392 478
393 476
393 481
394 405
394 447
394 493
395 429
395 430
395 433
395 436
395 459
395 488
396 422
396 448
396 462
397 474
398 400
398 432
398 462
398 494
399 437
399 477
399 505
399 506
399 507
400 410
400 453
400 459
400 471
401 430
402 447
402 455
402 494
403 418
403 420
403 461
403 508
404 438
404 459
404 502
404 507
405 459
407 450
407 480
407 490
407 493
407 504
408 437
408 447
410 413
410 497
411 416
411 419
411 428
411 434
411 439
411 448
411 455
411 473
411 489
412 473
413 453
413 456
413 461
413 494
413 501
414 421
414 437
414 506
415 417
415 425
415 468
415 477
415 496
416 428
416 429
416 456
416 502
417 419
417 477
417 497
418 424
418 425
418 432
418 437
418 445
418 467
418 480
418 482
418 489
418 498
419 422
419 445
419 493
421 426
421 436
421 499
422 440
423 428
423 465
424 433
424 448
424 449
424 487
424 496
424 501
425 478
425 508
425 510
426 448
426 479
427 440
427 453
427 468
428 450
429 432
429 470
429 486
429 492
430 473
430 509
430 511
431 473
432 448
433 434
433 447
433 483
433 492
434 441
434 494
435 470
436 465
436 470
436 491
436 500
437 458
437 477
437 479
439 454
439 459
440 450
441 495
441 501
442 476
442 487
443 488
443 500
444 445
444 458
444 474
444 510
445 448
445 494
446 464
446 494
447 457
447 478
447 500
449 481
449 509
450 457
451 477
451 494
452 474
453 460
453 499
455 498
455 499
457 480
457 481
457 491
459 462
459 468
459 476
459 484
459 493
460 484
461 485
461 500
462 475
462 503
463 480
463 502
464 488
464 510
466 511
467 468
467 496
470 482
471 477
472 473
472 474
474 475
475 482
476 483
477 483
477 485
479 503
480 483
481 510
484 485
486 500
489 499
489 511
490 494
492 511
493 501
497 500
501 504
505 509
