0 10
0 11
0 12
0 16
0 18
0 20
0 26
0 29
0 31
0 35
0 40
0 41
0 42
0 59
0 64
0 71
0 74
0 78
0 79
0 80
0 123
0 153
0 156
0 178
0 203
0 256
0 260
0 291
0 313
0 327
0 329
0 337
0 352
0 353
0 372
0 382
0 389
0 402
0 409
0 423
0 427
0 431
0 443
0 455
0 459
0 478
0 502
0 506
0 546
0 569
0 610
0 615
0 638
0 656
0 657
0 734
0 739
0 749
0 771
0 786
0 803
0 822
0 825
0 836
0 842
0 856
0 890
0 904
0 952
0 979
0 988
1 10
1 11
1 12
1 13
1 14
1 15
1 16
1 18
1 19
1 20
1 21
1 22
1 24
1 28
1 31
1 32
1 34
1 51
1 53
1 56
1 61
1 62
1 68
1 87
1 98
1 111
1 115
1 124
1 153
1 172
1 192
1 207
1 214
1 222
1 225
1 233
1 237
1 250
1 251
1 263
1 274
1 283
1 284
1 311
1 347
1 369
1 376
1 388
1 406
1 432
1 439
1 465
1 483
1 486
1 488
1 518
1 520
1 522
1 569
1 619
1 649
1 653
1 688
1 689
1 728
1 745
1 759
1 761
1 763
1 800
1 845
1 909
1 932
1 934
1 942
1 965
1 971
1 1014
2 10
2 11
2 12
2 13
2 14
2 15
2 16
2 17
2 18
2 20
2 22
2 24
2 25
2 26
2 31
2 40
2 43
2 49
2 66
2 67
2 81
2 82
2 85
2 91
2 95
2 100
2 104
2 112
2 116
2 119
2 121
2 130
2 131
2 152
2 155
2 193
2 224
2 229
2 240
2 261
2 265
2 283
2 297
2 332
2 333
2 432
2 451
2 456
2 493
2 515
2 516
2 525
2 533
2 534
2 552
2 592
2 651
2 708
2 713
2 766
2 773
2 781
2 785
2 797
2 809
2 819
2 830
2 833
2 853
2 860
2 880
2 891
2 910
2 988
3 10
3 12
3 15
3 45
3 48
3 92
3 148
3 175
3 235
3 286
3 353
3 379
3 468
3 546
3 710
3 828
4 10
4 11
4 12
4 13
4 14
4 15
4 16
4 18
4 19
4 21
4 24
4 27
4 28
4 34
4 35
4 36
4 40
4 43
4 53
4 60
4 87
4 94
4 105
4 120
4 142
4 166
4 191
4 200
4 220
4 223
4 249
4 250
4 258
4 263
4 267
4 280
4 301
4 307
4 330
4 334
4 335
4 337
4 349
4 350
4 362
4 365
4 377
4 402
4 411
4 412
4 424
4 438
4 454
4 455
4 474
4 476
4 492
4 599
4 608
4 616
4 696
4 717
4 746
4 765
4 800
4 846
4 850
4 929
4 938
4 941
4 948
4 969
4 994
4 1003
4 1021
5 10
5 11
5 13
5 17
5 19
5 21
5 23
5 43
5 45
5 50
5 51
5 54
5 76
5 114
5 119
5 136
5 142
5 146
5 161
5 181
5 233
5 258
5 265
5 284
5 289
5 303
5 359
5 361
5 369
5 393
5 516
5 558
5 621
5 634
5 713
5 763
5 781
5 831
5 833
5 838
5 858
5 874
5 877
6 10
6 11
6 12
6 13
6 14
6 16
6 17
6 18
6 23
6 25
6 33
6 35
6 36
6 41
6 53
6 59
6 60
6 64
6 70
6 75
6 80
6 82
6 83
6 94
6 95
6 102
6 109
6 110
6 112
6 118
6 138
6 146
6 154
6 160
6 177
6 183
6 187
6 193
6 218
6 299
6 309
6 319
6 321
6 325
6 328
6 339
6 355
6 376
6 377
6 403
6 439
6 481
6 483
6 519
6 570
6 574
6 575
6 595
6 634
6 671
6 675
6 680
6 685
6 713
6 725
6 746
6 791
6 800
6 802
6 834
6 898
6 959
6 992
7 10
7 11
7 12
7 14
7 17
7 22
7 26
7 27
7 33
7 35
7 36
7 42
7 44
7 57
7 87
7 89
7 96
7 104
7 125
7 137
7 149
7 182
7 194
7 225
7 242
7 248
7 289
7 292
7 323
7 334
7 343
7 353
7 361
7 374
7 390
7 410
7 439
7 443
7 561
7 565
7 600
7 610
7 616
7 642
7 668
7 744
7 824
7 934
7 936
7 949
7 964
7 971
8 10
8 11
8 13
8 19
8 43
8 47
8 55
8 59
8 61
8 70
8 73
8 82
8 103
8 109
8 144
8 151
8 154
8 159
8 160
8 204
8 222
8 229
8 237
8 240
8 285
8 294
8 295
8 296
8 303
8 371
8 416
8 434
8 453
8 458
8 481
8 494
8 505
8 524
8 557
8 571
8 604
8 617
8 690
8 698
8 715
8 750
8 787
8 855
8 868
8 870
8 890
8 935
8 964
9 10
9 11
9 12
9 13
9 14
9 15
9 17
9 19
9 20
9 21
9 22
9 23
9 25
9 27
9 28
9 30
9 31
9 33
9 34
9 36
9 38
9 39
9 40
9 42
9 44
9 49
9 54
9 57
9 58
9 59
9 60
9 63
9 68
9 71
9 80
9 81
9 89
9 94
9 97
9 99
9 104
9 106
9 107
9 115
9 116
9 118
9 128
9 136
9 150
9 164
9 168
9 173
9 179
9 183
9 186
9 233
9 238
9 246
9 251
9 252
9 253
9 273
9 278
9 298
9 308
9 315
9 321
9 344
9 346
9 362
9 371
9 374
9 380
9 383
9 390
9 395
9 409
9 422
9 423
9 428
9 433
9 453
9 472
9 476
9 479
9 483
9 509
9 511
9 514
9 540
9 609
9 634
9 666
9 677
9 734
9 741
9 769
9 773
9 786
9 808
9 827
9 837
9 863
9 875
9 879
9 881
9 901
9 956
9 962
9 990
9 999
9 1001
10 11
10 12
10 13
10 14
10 15
10 16
10 17
10 18
10 19
10 20
10 21
10 23
10 25
10 27
10 34
10 36
10 42
10 44
10 47
10 60
10 62
10 63
10 65
10 68
10 69
10 72
10 73
10 74
10 78
10 83
10 90
10 91
10 92
10 101
10 102
10 106
10 107
10 117
10 121
10 124
10 128
10 130
10 138
10 145
10 155
10 159
10 160
10 166
10 178
10 180
10 182
10 185
10 190
10 194
10 217
10 235
10 239
10 241
10 246
10 255
10 256
10 260
10 264
10 273
10 292
10 301
10 310
10 314
10 318
10 320
10 324
10 344
10 345
10 350
10 355
10 357
10 376
10 438
10 459
10 465
10 467
10 474
10 488
10 493
10 498
10 504
10 515
10 518
10 560
10 568
10 577
10 578
10 582
10 623
10 637
10 651
10 658
10 662
10 681
10 689
10 702
10 736
10 750
10 762
10 769
10 771
10 778
10 798
10 799
10 804
10 844
10 853
10 872
10 927
10 928
10 956
10 980
10 981
10 1006
10 1021
11 12
11 13
11 14
11 15
11 16
11 17
11 18
11 19
11 20
11 21
11 22
11 26
11 27
11 29
11 30
11 34
11 37
11 39
11 40
11 45
11 46
11 47
11 50
11 53
11 57
11 58
11 59
11 62
11 63
11 64
11 67
11 68
11 74
11 83
11 84
11 85
11 86
11 87
11 89
11 95
11 101
11 106
11 107
11 113
11 117
11 118
11 124
11 132
11 133
11 134
11 137
11 142
11 144
11 149
11 154
11 161
11 173
11 174
11 180
11 191
11 202
11 206
11 212
11 216
11 219
11 222
11 223
11 228
11 232
11 234
11 236
11 247
11 257
11 267
11 272
11 279
11 280
11 281
11 293
11 295
11 296
11 297
11 301
11 305
11 310
11 318
11 320
11 321
11 325
11 326
11 335
11 348
11 366
11 376
11 382
11 386
11 388
11 394
11 400
11 416
11 417
11 422
11 433
11 449
11 457
11 464
11 466
11 469
11 470
11 475
11 479
11 484
11 500
11 507
11 513
11 515
11 566
11 587
11 599
11 644
11 659
11 691
11 705
11 729
11 736
11 740
11 744
11 747
11 790
11 793
11 801
11 804
11 815
11 839
11 846
11 850
11 861
11 872
11 874
11 882
11 893
11 896
11 910
11 913
11 916
11 926
11 957
11 972
11 982
12 13
12 14
12 15
12 16
12 17
12 18
12 20
12 21
12 22
12 23
12 24
12 26
12 27
12 28
12 30
12 31
12 32
12 38
12 44
12 47
12 49
12 52
12 58
12 59
12 61
12 63
12 65
12 72
12 83
12 84
12 88
12 92
12 94
12 101
12 102
12 106
12 108
12 111
12 112
12 113
12 117
12 129
12 134
12 140
12 157
12 159
12 163
12 164
12 173
12 181
12 183
12 188
12 189
12 198
12 199
12 201
12 207
12 208
12 212
12 213
12 218
12 219
12 232
12 237
12 241
12 250
12 252
12 257
12 264
12 269
12 285
12 286
12 299
12 302
12 310
12 313
12 322
12 364
12 372
12 378
12 413
12 423
12 430
12 438
12 440
12 458
12 459
12 493
12 499
12 501
12 506
12 508
12 521
12 523
12 529
12 536
12 549
12 598
12 606
12 611
12 617
12 623
12 636
12 659
12 660
12 666
12 668
12 685
12 686
12 732
12 738
12 749
12 757
12 781
12 787
12 794
12 805
12 809
12 816
12 818
12 837
12 845
12 850
12 856
12 907
12 932
12 937
12 940
12 951
12 958
12 994
12 1001
12 1002
13 14
13 15
13 16
13 17
13 18
13 21
13 23
13 27
13 29
13 31
13 32
13 38
13 41
13 42
13 46
13 48
13 49
13 55
13 57
13 63
13 68
13 71
13 72
13 77
13 84
13 92
13 96
13 98
13 102
13 108
13 110
13 115
13 120
13 136
13 159
13 162
13 164
13 168
13 169
13 174
13 178
13 185
13 193
13 201
13 205
13 208
13 216
13 217
13 218
13 227
13 228
13 229
13 234
13 238
13 246
13 257
13 273
13 274
13 298
13 299
13 311
13 321
13 328
13 345
13 350
13 360
13 364
13 367
13 371
13 379
13 381
13 388
13 399
13 405
13 416
13 423
13 429
13 440
13 441
13 448
13 460
13 469
13 471
13 478
13 479
13 486
13 491
13 501
13 519
13 541
13 572
13 575
13 577
13 584
13 611
13 623
13 636
13 644
13 661
13 663
13 666
13 671
13 681
13 683
13 713
13 714
13 739
13 744
13 769
13 797
13 831
13 833
13 859
13 861
13 871
13 876
13 877
13 886
13 895
13 898
13 904
13 937
13 994
13 1010
13 1017
13 1020
14 15
14 16
14 17
14 18
14 20
14 21
14 22
14 23
14 24
14 25
14 26
14 31
14 33
14 37
14 38
14 43
14 46
14 49
14 52
14 56
14 57
14 61
14 70
14 76
14 77
14 78
14 84
14 87
14 89
14 98
14 107
14 108
14 109
14 116
14 120
14 124
14 131
14 133
14 140
14 149
14 150
14 153
14 156
14 162
14 168
14 171
14 176
14 187
14 203
14 206
14 211
14 215
14 225
14 226
14 227
14 260
14 264
14 267
14 270
14 272
14 282
14 293
14 300
14 306
14 323
14 328
14 349
14 358
14 369
14 374
14 375
14 383
14 386
14 402
14 442
14 475
14 476
14 496
14 504
14 511
14 537
14 540
14 550
14 559
14 564
14 575
14 594
14 596
14 598
14 610
14 615
14 619
14 620
14 624
14 635
14 644
14 655
14 670
14 679
14 680
14 682
14 738
14 749
14 754
14 794
14 800
14 804
14 840
14 884
14 888
14 897
14 904
14 972
14 980
15 19
15 20
15 24
15 25
15 26
15 30
15 32
15 33
15 35
15 38
15 39
15 41
15 44
15 45
15 52
15 53
15 54
15 64
15 69
15 72
15 75
15 76
15 86
15 90
15 95
15 100
15 104
15 109
15 117
15 123
15 127
15 128
15 140
15 143
15 156
15 160
15 163
15 168
15 175
15 180
15 181
15 184
15 201
15 204
15 228
15 233
15 239
15 250
15 253
15 255
15 273
15 284
15 299
15 302
15 322
15 330
15 341
15 342
15 348
15 349
15 363
15 366
15 374
15 379
15 383
15 386
15 388
15 402
15 417
15 438
15 452
15 466
15 469
15 493
15 495
15 504
15 507
15 515
15 523
15 528
15 549
15 552
15 556
15 573
15 602
15 609
15 631
15 643
15 646
15 649
15 668
15 696
15 723
15 761
15 762
15 767
15 776
15 778
15 801
15 804
15 842
15 851
15 852
15 870
15 874
15 877
15 879
15 888
15 926
15 955
15 984
15 990
15 1007
16 19
16 22
16 24
16 25
16 29
16 35
16 36
16 42
16 47
16 48
16 50
16 52
16 55
16 56
16 58
16 62
16 64
16 73
16 81
16 90
16 93
16 97
16 111
16 139
16 140
16 146
16 148
16 155
16 165
16 179
16 182
16 187
16 216
16 222
16 233
16 241
16 244
16 254
16 291
16 314
16 317
16 341
16 350
16 358
16 366
16 369
16 373
16 395
16 401
16 417
16 435
16 446
16 449
16 459
16 482
16 555
16 588
16 627
16 676
16 689
16 692
16 702
16 707
16 755
16 808
16 819
16 823
16 864
16 867
16 894
16 982
16 1021
17 19
17 21
17 23
17 24
17 25
17 26
17 27
17 30
17 32
17 37
17 43
17 45
17 47
17 48
17 49
17 51
17 58
17 67
17 72
17 78
17 81
17 85
17 86
17 89
17 90
17 91
17 99
17 101
17 102
17 103
17 105
17 108
17 109
17 110
17 119
17 134
17 145
17 148
17 151
17 152
17 155
17 170
17 172
17 175
17 179
17 183
17 189
17 193
17 206
17 210
17 219
17 224
17 226
17 236
17 239
17 241
17 245
17 246
17 257
17 258
17 260
17 261
17 263
17 266
17 267
17 281
17 285
17 289
17 295
17 308
17 309
17 314
17 319
17 344
17 361
17 423
17 429
17 449
17 451
17 455
17 461
17 465
17 472
17 473
17 474
17 493
17 503
17 506
17 507
17 510
17 523
17 534
17 549
17 558
17 559
17 565
17 567
17 572
17 575
17 576
17 591
17 616
17 627
17 646
17 719
17 723
17 747
17 780
17 784
17 794
17 813
17 823
17 843
17 848
17 854
17 855
17 870
17 885
17 894
17 908
17 913
17 925
17 934
17 938
17 945
17 952
17 970
17 973
17 983
17 993
17 994
17 1013
18 20
18 23
18 25
18 26
18 28
18 33
18 34
18 35
18 39
18 42
18 51
18 52
18 62
18 66
18 67
18 72
18 75
18 76
18 79
18 89
18 90
18 104
18 114
18 116
18 123
18 127
18 145
18 148
18 153
18 160
18 186
18 189
18 190
18 191
18 192
18 196
18 213
18 215
18 224
18 263
18 270
18 294
18 324
18 335
18 345
18 361
18 366
18 392
18 399
18 420
18 452
18 498
18 499
18 514
18 574
18 579
18 584
18 586
18 591
18 628
18 644
18 647
18 669
18 676
18 692
18 694
18 701
18 716
18 732
18 763
18 780
18 826
18 858
18 876
18 913
18 918
18 974
18 984
18 987
18 1019
19 22
19 23
19 29
19 30
19 33
19 38
19 39
19 42
19 50
19 56
19 62
19 63
19 68
19 69
19 71
19 73
19 77
19 79
19 80
19 82
19 92
19 93
19 97
19 105
19 106
19 111
19 122
19 125
19 127
19 132
19 140
19 146
19 149
19 156
19 164
19 168
19 169
19 176
19 179
19 185
19 193
19 201
19 203
19 209
19 215
19 236
19 239
19 249
19 250
19 254
19 286
19 304
19 323
19 324
19 329
19 331
19 335
19 336
19 337
19 340
19 354
19 381
19 389
19 397
19 399
19 404
19 419
19 427
19 447
19 448
19 457
19 480
19 482
19 490
19 513
19 541
19 558
19 606
19 620
19 622
19 627
19 702
19 713
19 729
19 730
19 742
19 748
19 792
19 824
19 831
19 837
19 845
19 856
19 880
19 883
19 886
19 892
19 894
19 909
19 911
19 912
19 916
19 921
19 935
19 947
19 953
19 960
19 988
19 993
19 996
19 1023
20 28
20 29
20 30
20 36
20 38
20 41
20 45
20 46
20 68
20 74
20 75
20 78
20 88
20 95
20 96
20 109
20 116
20 126
20 143
20 149
20 150
20 154
20 168
20 189
20 197
20 206
20 211
20 215
20 231
20 241
20 246
20 263
20 271
20 274
20 283
20 295
20 301
20 316
20 326
20 337
20 350
20 351
20 354
20 384
20 398
20 400
20 416
20 417
20 441
20 462
20 474
20 493
20 496
20 500
20 503
20 516
20 541
20 544
20 558
20 616
20 619
20 701
20 702
20 711
20 727
20 753
20 801
20 831
20 944
20 961
20 980
20 1011
20 1014
20 1022
21 22
21 27
21 28
21 29
21 33
21 36
21 50
21 65
21 78
21 82
21 83
21 86
21 92
21 95
21 96
21 99
21 100
21 102
21 112
21 126
21 129
21 137
21 159
21 160
21 161
21 189
21 193
21 196
21 202
21 237
21 243
21 278
21 309
21 316
21 345
21 352
21 355
21 356
21 383
21 406
21 410
21 430
21 465
21 480
21 518
21 523
21 524
21 537
21 553
21 572
21 590
21 641
21 709
21 719
21 729
21 771
21 781
21 790
21 802
21 878
21 885
21 887
21 901
21 924
21 966
21 968
21 976
21 1008
21 1016
22 24
22 28
22 32
22 34
22 37
22 39
22 44
22 47
22 58
22 61
22 68
22 69
22 72
22 73
22 77
22 81
22 83
22 86
22 91
22 93
22 101
22 113
22 116
22 121
22 129
22 149
22 156
22 160
22 190
22 192
22 197
22 198
22 209
22 214
22 232
22 236
22 238
22 251
22 256
22 257
22 258
22 269
22 324
22 333
22 338
22 354
22 360
22 364
22 374
22 379
22 380
22 388
22 405
22 414
22 437
22 476
22 478
22 480
22 484
22 486
22 495
22 513
22 557
22 580
22 591
22 592
22 599
22 646
22 660
22 669
22 691
22 693
22 697
22 698
22 704
22 707
22 730
22 788
22 796
22 827
22 875
22 883
22 890
22 920
22 959
22 975
22 982
22 992
23 24
23 33
23 34
23 37
23 38
23 41
23 50
23 51
23 57
23 60
23 70
23 73
23 76
23 81
23 96
23 114
23 117
23 119
23 122
23 124
23 138
23 152
23 191
23 207
23 208
23 238
23 241
23 249
23 250
23 254
23 263
23 269
23 276
23 286
23 289
23 290
23 306
23 333
23 344
23 365
23 371
23 424
23 444
23 451
23 472
23 477
23 492
23 531
23 564
23 589
23 602
23 628
23 637
23 644
23 655
23 656
23 661
23 752
23 806
23 854
23 866
23 868
23 880
23 902
23 925
23 934
23 954
23 978
24 25
24 26
24 28
24 30
24 31
24 33
24 34
24 35
24 38
24 40
24 43
24 46
24 50
24 51
24 57
24 66
24 70
24 78
24 99
24 101
24 103
24 108
24 109
24 130
24 133
24 141
24 144
24 150
24 153
24 155
24 163
24 165
24 173
24 188
24 199
24 208
24 217
24 218
24 223
24 227
24 244
24 259
24 264
24 281
24 289
24 297
24 313
24 319
24 321
24 362
24 367
24 375
24 394
24 396
24 405
24 426
24 447
24 450
24 458
24 506
24 577
24 659
24 675
24 680
24 691
24 695
24 702
24 714
24 731
24 741
24 755
24 810
24 823
24 825
24 827
24 846
24 852
24 857
24 865
24 867
24 883
24 904
24 925
24 948
24 953
24 1001
24 1015
24 1017
25 27
25 28
25 32
25 36
25 43
25 47
25 52
25 55
25 62
25 63
25 65
25 66
25 77
25 79
25 80
25 82
25 96
25 98
25 102
25 121
25 123
25 128
25 130
25 139
25 151
25 174
25 180
25 183
25 188
25 201
25 212
25 284
25 285
25 292
25 307
25 309
25 310
25 321
25 331
25 372
25 388
25 392
25 406
25 410
25 422
25 425
25 427
25 429
25 446
25 473
25 497
25 536
25 540
25 547
25 569
25 575
25 616
25 618
25 642
25 646
25 649
25 662
25 684
25 697
25 730
25 739
25 750
25 780
25 801
25 808
25 820
25 821
25 822
25 829
25 857
25 881
25 930
25 932
25 969
25 985
25 986
26 29
26 32
26 36
26 37
26 39
26 40
26 43
26 45
26 53
26 56
26 63
26 65
26 73
26 83
26 86
26 88
26 93
26 119
26 121
26 123
26 125
26 126
26 127
26 129
26 134
26 146
26 148
26 150
26 155
26 157
26 168
26 169
26 176
26 179
26 195
26 230
26 232
26 270
26 277
26 279
26 301
26 308
26 317
26 336
26 348
26 359
26 361
26 410
26 428
26 453
26 460
26 462
26 466
26 467
26 476
26 528
26 532
26 537
26 543
26 544
26 596
26 598
26 607
26 650
26 652
26 687
26 690
26 691
26 736
26 796
26 813
26 831
26 847
26 880
26 883
26 943
26 964
26 969
26 988
26 1006
26 1020
27 29
27 30
27 31
27 32
27 35
27 37
27 41
27 44
27 47
27 50
27 54
27 55
27 57
27 58
27 62
27 67
27 69
27 77
27 86
27 88
27 92
27 100
27 123
27 125
27 132
27 134
27 144
27 147
27 154
27 157
27 161
27 167
27 176
27 190
27 221
27 222
27 227
27 242
27 249
27 252
27 255
27 258
27 309
27 322
27 332
27 342
27 350
27 361
27 373
27 406
27 431
27 433
27 447
27 461
27 469
27 491
27 494
27 514
27 518
27 527
27 529
27 543
27 555
27 568
27 602
27 619
27 629
27 672
27 689
27 714
27 728
27 735
27 736
27 790
27 827
27 833
27 853
27 855
27 889
27 921
27 958
27 973
27 991
27 1002
27 1006
27 1023
28 29
28 30
28 31
28 35
28 40
28 50
28 51
28 53
28 56
28 61
28 74
28 75
28 80
28 96
28 105
28 106
28 114
28 133
28 137
28 158
28 192
28 201
28 213
28 224
28 226
28 233
28 235
28 264
28 277
28 282
28 290
28 291
28 332
28 335
28 336
28 337
28 369
28 375
28 391
28 395
28 426
28 429
28 445
28 505
28 508
28 509
28 519
28 528
28 534
28 552
28 563
28 567
28 575
28 593
28 635
28 645
28 654
28 660
28 668
28 709
28 720
28 752
28 766
28 767
28 801
28 843
28 912
28 1019
29 34
29 39
29 41
29 44
29 54
29 60
29 62
29 63
29 71
29 82
29 86
29 88
29 97
29 99
29 102
29 105
29 106
29 108
29 113
29 122
29 124
29 129
29 138
29 160
29 168
29 176
29 182
29 187
29 190
29 203
29 221
29 223
29 274
29 276
29 281
29 301
29 309
29 315
29 333
29 365
29 398
29 403
29 416
29 422
29 438
29 501
29 507
29 560
29 562
29 592
29 596
29 599
29 603
29 619
29 627
29 659
29 663
29 665
29 688
29 716
29 772
29 815
29 830
29 856
29 858
29 862
29 886
29 890
29 893
29 905
29 906
29 968
29 1005
30 32
30 37
30 54
30 61
30 67
30 69
30 74
30 76
30 79
30 82
30 89
30 91
30 119
30 121
30 131
30 134
30 153
30 158
30 162
30 176
30 184
30 243
30 247
30 248
30 259
30 265
30 276
30 300
30 306
30 325
30 327
30 328
30 343
30 369
30 403
30 413
30 415
30 424
30 432
30 448
30 454
30 455
30 458
30 459
30 468
30 481
30 509
30 510
30 515
30 545
30 579
30 585
30 648
30 652
30 661
30 670
30 680
30 681
30 708
30 712
30 733
30 797
30 802
30 808
30 829
30 847
30 884
30 906
30 974
30 998
30 1002
31 37
31 39
31 40
31 51
31 59
31 61
31 62
31 66
31 71
31 98
31 114
31 115
31 123
31 125
31 166
31 173
31 182
31 237
31 246
31 266
31 300
31 327
31 334
31 380
31 391
31 417
31 465
31 467
31 517
31 530
31 585
31 696
31 734
31 735
31 760
31 821
31 835
31 877
31 899
31 987
31 991
31 1014
32 44
32 46
32 48
32 52
32 53
32 73
32 81
32 93
32 109
32 115
32 119
32 133
32 135
32 145
32 147
32 151
32 152
32 163
32 176
32 198
32 229
32 240
32 253
32 266
32 290
32 304
32 350
32 363
32 374
32 393
32 456
32 482
32 505
32 508
32 542
32 548
32 555
32 561
32 583
32 777
32 800
32 831
32 836
32 874
32 882
32 976
32 1007
33 39
33 41
33 45
33 51
33 58
33 61
33 64
33 79
33 88
33 90
33 99
33 105
33 111
33 119
33 120
33 131
33 166
33 175
33 198
33 245
33 247
33 266
33 273
33 278
33 285
33 322
33 336
33 339
33 353
33 368
33 384
33 426
33 450
33 456
33 475
33 487
33 539
33 547
33 590
33 600
33 603
33 608
33 616
33 640
33 726
33 770
33 806
33 865
33 878
33 907
33 916
33 930
33 939
33 1010
34 38
34 41
34 46
34 67
34 75
34 85
34 91
34 100
34 114
34 116
34 136
34 146
34 147
34 158
34 175
34 177
34 209
34 214
34 280
34 281
34 344
34 364
34 384
34 385
34 414
34 439
34 479
34 527
34 545
34 565
34 595
34 634
34 678
34 696
34 700
34 741
34 805
34 806
34 816
34 846
34 871
34 874
34 907
34 945
34 949
34 950
34 955
35 37
35 42
35 46
35 53
35 60
35 68
35 70
35 83
35 84
35 91
35 134
35 172
35 186
35 228
35 253
35 256
35 296
35 318
35 353
35 414
35 446
35 485
35 542
35 561
35 581
35 585
35 707
35 721
35 792
35 915
35 968
35 1000
35 1008
35 1016
36 42
36 44
36 48
36 49
36 55
36 56
36 70
36 86
36 95
36 99
36 103
36 107
36 118
36 142
36 144
36 147
36 152
36 154
36 162
36 181
36 196
36 213
36 251
36 263
36 268
36 274
36 288
36 294
36 321
36 334
36 359
36 379
36 416
36 419
36 438
36 463
36 477
36 499
36 510
36 521
36 525
36 529
36 535
36 543
36 546
36 583
36 593
36 615
36 626
36 639
36 654
36 674
36 686
36 716
36 717
36 755
36 814
36 865
36 948
36 952
36 962
36 983
36 1003
36 1022
37 40
37 49
37 57
37 71
37 80
37 83
37 84
37 85
37 87
37 98
37 112
37 114
37 121
37 126
37 133
37 156
37 219
37 250
37 260
37 271
37 273
37 276
37 305
37 311
37 314
37 352
37 359
37 395
37 408
37 430
37 450
37 451
37 479
37 483
37 512
37 541
37 545
37 595
37 597
37 599
37 635
37 683
37 705
37 714
37 726
37 760
37 771
37 844
37 873
37 889
37 891
37 927
37 951
38 54
38 64
38 66
38 67
38 70
38 84
38 94
38 97
38 99
38 101
38 118
38 126
38 129
38 140
38 146
38 154
38 171
38 174
38 186
38 189
38 196
38 212
38 220
38 226
38 266
38 307
38 311
38 312
38 314
38 318
38 326
38 339
38 370
38 372
38 374
38 377
38 434
38 435
38 438
38 441
38 444
38 511
38 523
38 530
38 543
38 559
38 569
38 602
38 617
38 620
38 648
38 649
38 661
38 672
38 684
38 697
38 708
38 720
38 736
38 744
38 746
38 817
38 836
38 871
38 875
38 879
38 942
39 45
39 48
39 55
39 58
39 67
39 69
39 73
39 75
39 89
39 94
39 101
39 121
39 126
39 145
39 149
39 159
39 163
39 188
39 221
39 232
39 238
39 242
39 244
39 248
39 310
39 354
39 407
39 436
39 507
39 519
39 526
39 528
39 529
39 545
39 558
39 575
39 579
39 591
39 658
39 723
39 725
39 847
39 860
39 868
39 889
39 891
39 907
39 960
39 1008
40 66
40 96
40 103
40 111
40 112
40 117
40 120
40 137
40 138
40 143
40 149
40 183
40 192
40 207
40 234
40 266
40 277
40 300
40 316
40 329
40 339
40 340
40 349
40 352
40 379
40 413
40 418
40 421
40 428
40 448
40 456
40 468
40 494
40 504
40 519
40 540
40 563
40 619
40 646
40 656
40 667
40 678
40 698
40 754
40 756
40 758
40 803
40 811
40 813
40 825
40 861
40 895
40 1021
41 48
41 52
41 53
41 57
41 65
41 74
41 79
41 100
41 103
41 114
41 118
41 122
41 127
41 135
41 139
41 140
41 141
41 147
41 180
41 193
41 194
41 215
41 216
41 219
41 221
41 262
41 269
41 282
41 316
41 327
41 351
41 356
41 373
41 381
41 384
41 419
41 439
41 449
41 450
41 461
41 463
41 481
41 505
41 507
41 510
41 512
41 516
41 556
41 563
41 578
41 649
41 652
41 680
41 694
41 755
41 771
41 779
41 812
41 837
41 851
41 864
41 872
41 908
41 959
41 976
42 43
42 49
42 56
42 64
42 71
42 83
42 85
42 94
42 101
42 102
42 104
42 117
42 127
42 135
42 139
42 162
42 163
42 174
42 175
42 194
42 202
42 236
42 255
42 258
42 262
42 283
42 287
42 306
42 354
42 370
42 452
42 465
42 477
42 510
42 526
42 581
42 612
42 614
42 616
42 622
42 625
42 632
42 635
42 650
42 654
42 742
42 763
42 776
42 799
42 800
42 802
42 811
42 834
42 859
42 871
42 877
42 878
42 898
42 1013
43 45
43 46
43 48
43 55
43 60
43 77
43 78
43 108
43 116
43 120
43 122
43 128
43 136
43 165
43 175
43 198
43 231
43 232
43 240
43 243
43 267
43 274
43 298
43 313
43 322
43 330
43 343
43 347
43 366
43 381
43 385
43 396
43 421
43 437
43 438
43 445
43 466
43 484
43 492
43 502
43 518
43 532
43 536
43 556
43 617
43 622
43 644
43 665
43 684
43 704
43 721
43 731
43 733
43 746
43 758
43 899
43 910
43 936
43 940
43 986
44 115
44 138
44 159
44 165
44 167
44 254
44 356
44 400
44 445
44 461
44 514
44 544
44 620
44 627
44 668
44 926
44 944
45 46
45 47
45 48
45 51
45 56
45 58
45 65
45 66
45 69
45 76
45 79
45 84
45 87
45 89
45 95
45 110
45 122
45 124
45 132
45 134
45 142
45 180
45 201
45 234
45 261
45 271
45 306
45 325
45 332
45 339
45 379
45 418
45 451
45 461
45 486
45 535
45 550
45 573
45 630
45 633
45 638
45 690
45 695
45 711
45 719
45 728
45 756
45 758
45 764
45 814
45 853
45 907
45 916
45 941
45 950
45 976
45 981
45 996
45 1000
46 49
46 52
46 60
46 87
46 104
46 133
46 146
46 147
46 148
46 167
46 179
46 194
46 204
46 220
46 243
46 265
46 346
46 355
46 374
46 396
46 399
46 402
46 429
46 433
46 440
46 453
46 454
46 467
46 470
46 484
46 544
46 575
46 614
46 661
46 666
46 738
46 749
46 781
46 872
46 887
46 914
46 964
46 990
46 1000
47 159
47 249
47 250
47 256
47 313
47 337
47 339
47 341
47 356
47 372
47 387
47 404
47 439
47 474
47 494
47 503
47 518
47 610
47 660
47 759
47 981
47 1019
48 50
48 52
48 54
48 59
48 65
48 71
48 72
48 74
48 75
48 76
48 77
48 90
48 97
48 100
48 103
48 105
48 137
48 167
48 174
48 212
48 218
48 223
48 240
48 244
48 246
48 261
48 271
48 288
48 290
48 294
48 303
48 320
48 325
48 334
48 345
48 347
48 357
48 368
48 396
48 405
48 462
48 473
48 495
48 502
48 547
48 584
48 614
48 620
48 635
48 637
48 659
48 678
48 679
48 691
48 699
48 721
48 778
48 780
48 792
48 805
48 867
48 945
48 1010
49 70
49 78
49 185
49 200
49 241
49 289
49 292
49 306
49 434
49 564
49 637
49 650
49 756
49 765
49 770
49 892
49 1002
50 54
50 55
50 75
50 97
50 100
50 109
50 114
50 156
50 190
50 194
50 200
50 208
50 210
50 220
50 232
50 235
50 265
50 266
50 267
50 269
50 296
50 300
50 314
50 350
50 367
50 392
50 420
50 512
50 544
50 571
50 581
50 603
50 604
50 609
50 616
50 647
50 674
50 677
50 719
50 726
50 785
50 828
50 868
50 906
51 59
51 70
51 71
51 72
51 81
51 92
51 108
51 133
51 142
51 145
51 147
51 163
51 167
51 184
51 294
51 340
51 347
51 357
51 443
51 456
51 499
51 525
51 621
51 664
51 721
51 748
51 779
51 865
51 874
51 907
51 957
51 964
51 1007
52 54
52 56
52 69
52 76
52 84
52 93
52 120
52 130
52 139
52 156
52 192
52 209
52 219
52 229
52 230
52 236
52 253
52 255
52 314
52 338
52 346
52 353
52 363
52 371
52 385
52 415
52 420
52 444
52 462
52 490
52 508
52 512
52 524
52 533
52 600
52 661
52 684
52 724
52 727
52 746
52 752
52 761
52 773
52 784
52 827
52 863
52 935
52 946
52 981
53 55
53 67
53 72
53 77
53 80
53 99
53 105
53 130
53 164
53 166
53 171
53 187
53 199
53 202
53 204
53 255
53 312
53 323
53 369
53 402
53 445
53 451
53 462
53 512
53 526
53 604
53 632
53 651
53 675
53 763
53 826
53 835
53 869
53 872
53 924
53 1005
54 64
54 78
54 91
54 108
54 139
54 146
54 175
54 213
54 262
54 272
54 283
54 284
54 288
54 372
54 396
54 416
54 442
54 464
54 490
54 493
54 532
54 547
54 554
54 622
54 670
54 751
54 768
54 780
54 783
54 807
54 889
54 975
54 1004
54 1017
55 66
55 162
55 173
55 184
55 185
55 204
55 212
55 230
55 234
55 238
55 262
55 264
55 277
55 288
55 293
55 368
55 701
55 726
55 755
55 757
55 785
55 793
55 849
55 882
55 947
55 1004
55 1018
56 65
56 85
56 87
56 90
56 94
56 97
56 99
56 123
56 131
56 132
56 141
56 161
56 181
56 245
56 279
56 280
56 282
56 327
56 332
56 340
56 352
56 356
56 359
56 366
56 395
56 419
56 424
56 482
56 487
56 580
56 589
56 598
56 665
56 702
56 715
56 724
56 750
56 751
56 829
56 839
56 849
56 858
56 879
56 894
56 908
56 930
56 935
56 953
56 966
56 1000
57 59
57 60
57 61
57 66
57 100
57 106
57 118
57 122
57 126
57 143
57 165
57 173
57 174
57 191
57 195
57 203
57 204
57 209
57 215
57 247
57 303
57 312
57 354
57 376
57 383
57 397
57 406
57 411
57 423
57 450
57 475
57 488
57 493
57 517
57 530
57 539
57 556
57 588
57 591
57 610
57 622
57 641
57 662
57 673
57 775
57 843
57 912
57 938
57 960
57 967
57 1012
58 64
58 80
58 88
58 97
58 119
58 122
58 150
58 162
58 171
58 195
58 218
58 233
58 260
58 287
58 336
58 367
58 392
58 440
58 441
58 465
58 480
58 481
58 501
58 553
58 565
58 596
58 601
58 630
58 645
58 650
58 667
58 689
58 739
58 741
58 745
58 791
58 840
58 959
59 90
59 110
59 113
59 128
59 144
59 149
59 155
59 178
59 182
59 222
59 230
59 237
59 263
59 277
59 328
59 497
59 509
59 533
59 547
59 576
59 649
59 677
59 682
59 734
59 774
59 806
59 896
59 1017
60 103
60 111
60 126
60 129
60 134
60 135
60 148
60 164
60 254
60 318
60 319
60 338
60 355
60 394
60 438
60 454
60 459
60 517
60 518
60 553
60 594
60 641
60 717
60 832
60 843
60 857
60 901
60 950
61 63
61 68
61 73
61 74
61 75
61 117
61 126
61 127
61 144
61 172
61 204
61 210
61 225
61 235
61 241
61 248
61 254
61 265
61 413
61 415
61 424
61 473
61 501
61 564
61 617
61 642
61 711
61 729
61 735
61 751
61 753
61 787
61 798
61 1012
62 65
62 86
62 87
62 95
62 96
62 124
62 148
62 153
62 155
62 166
62 182
62 185
62 195
62 199
62 213
62 217
62 256
62 264
62 272
62 278
62 293
62 296
62 312
62 313
62 315
62 337
62 379
62 415
62 425
62 455
62 456
62 498
62 553
62 586
62 589
62 590
62 597
62 601
62 604
62 611
62 629
62 658
62 674
62 702
62 707
62 714
62 792
62 800
62 808
62 810
62 834
62 841
62 867
62 913
62 930
62 932
62 942
62 993
63 93
63 126
63 127
63 158
63 192
63 207
63 211
63 240
63 329
63 427
63 439
63 675
63 749
63 764
63 778
63 823
63 864
63 946
63 1001
64 74
64 85
64 98
64 118
64 174
64 175
64 181
64 187
64 195
64 255
64 271
64 290
64 311
64 331
64 392
64 415
64 433
64 447
64 480
64 513
64 548
64 572
64 582
64 595
64 727
64 731
64 899
64 972
64 1021
65 111
65 141
65 147
65 184
65 206
65 214
65 216
65 243
65 257
65 320
65 348
65 381
65 393
65 419
65 519
65 588
65 592
65 697
65 700
65 776
65 862
65 880
65 976
65 986
65 1012
66 79
66 81
66 91
66 94
66 107
66 110
66 115
66 158
66 190
66 191
66 217
66 230
66 232
66 233
66 238
66 245
66 261
66 282
66 287
66 298
66 314
66 327
66 349
66 361
66 368
66 412
66 418
66 499
66 536
66 548
66 553
66 560
66 631
66 639
66 652
66 653
66 712
66 720
66 914
67 69
67 141
67 216
67 243
67 257
67 260
67 265
67 292
67 340
67 348
67 357
67 359
67 367
67 374
67 383
67 411
67 434
67 609
67 651
67 683
67 715
67 904
67 1010
68 77
68 79
68 81
68 97
68 110
68 112
68 135
68 138
68 142
68 146
68 152
68 158
68 165
68 169
68 172
68 191
68 202
68 210
68 217
68 251
68 281
68 316
68 355
68 409
68 413
68 420
68 480
68 507
68 544
68 630
68 655
68 659
68 677
68 809
68 866
68 936
68 940
68 944
68 961
69 160
69 278
69 342
69 406
69 481
69 1021
70 117
70 157
70 167
70 174
70 206
70 248
70 291
70 299
70 310
70 377
70 397
70 412
70 435
70 447
70 477
70 548
70 630
70 652
70 748
70 787
70 820
70 940
70 972
70 989
70 1001
71 80
71 82
71 91
71 118
71 132
71 133
71 191
71 225
71 270
71 313
71 320
71 342
71 345
71 364
71 373
71 375
71 381
71 506
71 521
71 526
71 554
71 566
71 576
71 665
71 710
71 714
71 779
71 791
71 798
71 809
71 847
71 885
71 948
71 955
71 961
71 992
71 1020
72 136
72 181
72 183
72 213
72 235
72 259
72 273
72 294
72 305
72 320
72 329
72 356
72 411
72 472
72 708
72 709
72 740
72 767
72 831
72 838
72 842
72 867
73 76
73 135
73 152
73 201
73 270
73 309
73 339
73 377
73 405
73 421
73 422
73 491
73 522
73 551
73 600
73 601
73 610
73 626
73 627
73 631
73 643
73 646
73 666
73 849
73 944
73 997
74 88
74 90
74 98
74 101
74 118
74 121
74 145
74 169
74 171
74 177
74 178
74 202
74 249
74 268
74 275
74 276
74 338
74 352
74 362
74 368
74 373
74 477
74 487
74 502
74 513
74 538
74 642
74 643
74 647
74 685
74 731
74 799
74 800
74 820
74 821
74 836
74 872
74 889
74 895
75 82
75 120
75 139
75 141
75 151
75 171
75 176
75 178
75 195
75 200
75 209
75 229
75 239
75 268
75 281
75 307
75 313
75 335
75 353
75 380
75 396
75 406
75 427
75 429
75 458
75 522
75 533
75 574
75 624
75 630
75 709
75 714
75 720
75 769
75 811
75 856
75 869
76 88
76 95
76 104
76 107
76 120
76 137
76 159
76 170
76 188
76 195
76 282
76 284
76 293
76 294
76 304
76 338
76 375
76 418
76 425
76 428
76 448
76 497
76 557
76 574
76 582
76 584
76 585
76 613
76 628
76 652
76 722
76 737
76 808
76 816
76 870
76 884
76 897
76 905
76 976
77 129
77 136
77 214
77 261
77 298
77 344
77 386
77 415
77 426
77 452
77 455
77 686
77 692
77 915
77 924
77 965
77 981
78 84
78 85
78 88
78 92
78 93
78 130
78 131
78 166
78 170
78 171
78 181
78 208
78 218
78 224
78 225
78 230
78 232
78 238
78 254
78 306
78 318
78 324
78 329
78 355
78 365
78 368
78 370
78 378
78 381
78 391
78 404
78 422
78 433
78 437
78 443
78 456
78 457
78 464
78 473
78 475
78 500
78 517
78 524
78 534
78 545
78 604
78 614
78 648
78 668
78 733
78 737
78 738
78 743
78 753
78 778
78 779
78 800
78 821
78 827
78 833
78 879
78 880
78 891
78 897
78 913
78 943
78 947
78 993
78 1012
79 85
79 93
79 102
79 103
79 104
79 110
79 116
79 140
79 214
79 245
79 260
79 268
79 272
79 302
79 312
79 363
79 422
79 485
79 496
79 511
79 610
79 631
79 632
79 671
79 710
79 884
79 893
79 996
80 98
80 191
80 200
80 205
80 252
80 253
80 254
80 279
80 292
80 305
80 312
80 322
80 324
80 347
80 552
80 563
80 588
80 593
80 658
80 671
80 728
80 740
80 753
80 816
80 838
81 113
81 114
81 135
81 144
81 151
81 155
81 166
81 171
81 190
81 203
81 231
81 237
81 248
81 250
81 365
81 440
81 446
81 465
81 478
81 513
81 612
81 743
82 94
82 110
82 133
82 171
82 178
82 199
82 201
82 368
82 597
82 678
82 724
82 745
82 804
82 840
82 865
82 923
82 997
83 125
83 138
83 140
83 143
83 170
83 237
83 304
83 365
83 396
83 430
83 452
83 461
83 488
83 549
83 589
83 679
83 722
83 783
83 790
83 843
83 870
83 878
84 162
84 180
84 210
84 233
84 264
84 266
84 298
84 325
84 420
84 494
84 593
84 686
84 750
84 818
84 882
84 945
85 89
85 109
85 145
85 159
85 164
85 171
85 205
85 247
85 262
85 309
85 449
85 525
85 527
85 545
85 564
85 605
85 640
85 685
85 769
85 770
85 890
85 925
85 945
86 93
86 106
86 107
86 132
86 142
86 177
86 187
86 200
86 211
86 230
86 238
86 268
86 288
86 297
86 301
86 350
86 358
86 391
86 400
86 468
86 506
86 516
86 522
86 567
86 618
86 632
86 648
86 720
86 730
86 743
86 859
86 997
86 999
87 105
87 121
87 128
87 142
87 161
87 165
87 186
87 202
87 222
87 307
87 346
87 386
87 389
87 401
87 445
87 512
87 556
87 566
87 647
87 678
87 685
87 807
87 817
87 818
87 855
87 863
87 961
88 128
88 136
88 138
88 141
88 168
88 173
88 179
88 197
88 208
88 214
88 234
88 239
88 297
88 299
88 335
88 340
88 376
88 562
88 689
88 698
88 707
88 783
88 834
88 879
88 885
88 892
88 997
88 1013
88 1019
89 105
89 125
89 139
89 150
89 152
89 172
89 205
89 207
89 222
89 234
89 314
89 324
89 325
89 349
89 385
89 393
89 397
89 443
89 468
89 474
89 548
89 557
89 574
89 590
89 592
89 595
89 617
89 625
89 655
89 672
89 697
89 728
89 788
89 796
89 845
89 851
89 863
89 883
89 968
90 100
90 155
90 189
90 196
90 226
90 253
90 312
90 394
90 411
90 455
90 508
90 517
90 571
90 652
90 769
90 810
90 920
90 1014
91 92
91 107
91 108
91 112
91 117
91 173
91 228
91 253
91 329
91 337
91 376
91 409
91 414
91 429
91 437
91 451
91 474
91 501
91 581
91 583
91 596
91 626
91 646
91 653
91 654
91 810
91 820
91 843
91 846
91 921
91 978
92 104
92 205
92 207
92 301
92 358
92 421
92 428
92 444
92 481
92 589
92 636
92 640
92 642
92 761
92 765
92 778
92 791
92 812
92 815
92 884
92 903
92 914
92 961
93 260
93 271
93 276
93 447
93 578
93 631
93 708
93 740
93 752
93 979
94 96
94 130
94 145
94 269
94 377
94 400
94 469
94 480
94 586
94 587
94 645
94 664
94 677
94 806
94 825
94 867
94 877
94 912
94 928
94 994
95 98
95 112
95 113
95 169
95 182
95 232
95 367
95 380
95 390
95 395
95 409
95 432
95 448
95 467
95 525
95 528
95 618
95 676
95 798
95 826
95 873
95 895
95 929
96 106
96 200
96 202
96 203
96 242
96 248
96 297
96 398
96 529
96 562
96 619
96 718
97 111
97 338
97 347
97 382
97 383
97 535
97 585
97 623
97 724
97 816
97 844
98 111
98 211
98 227
98 231
98 269
98 303
98 311
98 313
98 319
98 333
98 369
98 398
98 401
98 431
98 515
98 528
98 532
98 560
98 651
98 706
98 819
98 925
98 946
98 967
99 209
99 253
99 291
99 330
99 350
99 380
99 479
99 715
100 137
100 185
100 205
100 209
100 228
100 248
100 295
100 358
100 363
100 370
100 487
100 491
100 527
100 530
100 543
100 552
100 561
100 563
100 586
100 622
100 646
100 684
100 692
100 714
100 759
100 782
100 790
100 795
100 803
100 835
100 917
100 939
100 990
101 112
101 113
101 116
101 139
101 157
101 177
101 199
101 249
101 262
101 289
101 294
101 319
101 330
101 342
101 362
101 389
101 435
101 437
101 442
101 468
101 521
101 530
101 630
101 682
101 738
101 813
101 827
101 847
101 874
101 985
102 103
102 113
102 123
102 150
102 197
102 199
102 215
102 219
102 220
102 239
102 266
102 277
102 375
102 390
102 393
102 428
102 472
102 508
102 531
102 553
102 603
102 686
102 748
102 755
102 818
102 823
102 830
102 884
102 914
102 921
102 931
102 966
102 968
102 1000
102 1004
102 1009
102 1016
103 125
103 161
103 163
103 164
103 183
103 256
103 267
103 394
103 425
103 456
103 537
103 564
103 615
103 629
103 634
103 698
103 710
103 857
103 952
103 956
103 1003
103 1021
104 107
104 110
104 124
104 130
104 158
104 196
104 205
104 208
104 299
104 335
104 380
104 416
104 445
104 471
104 477
104 537
104 538
104 549
104 550
104 604
104 747
104 748
104 765
104 868
104 924
104 1014
105 122
105 143
105 214
105 221
105 223
105 254
105 259
105 280
105 288
105 374
105 393
105 410
105 449
105 454
105 494
105 500
105 606
105 762
105 778
105 794
105 994
106 115
106 154
106 172
106 186
106 222
106 231
106 295
106 378
106 418
106 557
106 580
106 612
106 670
106 742
106 873
106 953
106 963
107 170
107 188
107 190
107 213
107 215
107 218
107 238
107 245
107 280
107 311
107 316
107 353
107 439
107 495
107 502
107 613
107 629
107 651
107 666
107 672
107 701
107 803
107 875
107 899
107 1019
108 122
108 128
108 141
108 147
108 162
108 170
108 187
108 259
108 268
108 309
108 331
108 359
108 394
108 399
108 401
108 415
108 421
108 449
108 461
108 489
108 498
108 504
108 536
108 538
108 563
108 564
108 590
108 621
108 626
108 668
108 671
108 675
108 688
108 731
108 765
108 771
108 782
108 900
108 912
108 915
108 929
108 1015
108 1018
109 123
109 139
109 148
109 156
109 166
109 198
109 217
109 247
109 249
109 300
109 359
109 444
109 476
109 539
109 696
109 725
109 801
109 826
109 849
109 954
110 113
110 131
110 135
110 163
110 185
110 235
110 236
110 247
110 284
110 294
110 399
110 442
110 657
110 913
110 925
110 947
110 1021
111 115
111 150
111 152
111 157
111 211
111 223
111 303
111 319
111 364
111 490
111 563
111 657
111 700
111 762
111 766
111 774
111 812
111 876
112 115
112 131
112 132
112 169
112 184
112 252
112 287
112 291
112 347
112 378
112 439
112 488
112 520
112 551
112 631
112 652
112 707
112 903
112 959
113 120
113 127
113 134
113 170
113 172
113 198
113 220
113 251
113 256
113 315
113 321
113 343
113 356
113 359
113 364
113 391
113 395
113 397
113 401
113 428
113 470
113 474
113 481
113 485
113 494
113 509
113 536
113 598
113 601
113 632
113 643
113 701
113 705
113 762
113 820
113 863
113 885
113 897
113 900
113 1015
114 124
114 125
114 129
114 151
114 165
114 196
114 245
114 285
114 286
114 288
114 381
114 384
114 482
114 527
114 545
114 631
114 747
114 772
114 834
115 131
115 161
115 163
115 172
115 231
115 242
115 259
115 265
115 275
115 299
115 307
115 379
115 511
115 540
115 543
115 570
115 578
115 615
115 638
115 696
115 735
115 824
115 944
115 974
115 977
116 180
116 192
116 197
116 207
116 226
116 245
116 246
116 261
116 281
116 307
116 328
116 343
116 362
116 378
116 400
116 403
116 432
116 435
116 489
116 496
116 532
116 551
116 628
116 641
116 644
116 708
116 722
116 795
116 843
116 896
116 920
116 927
116 989
117 143
117 145
117 151
117 153
117 157
117 211
117 216
117 224
117 303
117 403
117 506
117 633
117 638
117 695
117 718
117 810
117 834
117 878
117 973
118 119
118 142
118 192
118 214
118 228
118 276
118 285
118 286
118 310
118 334
118 423
118 487
118 585
118 643
118 663
118 671
118 678
118 697
118 734
118 739
118 794
118 831
118 845
118 1005
119 129
119 136
119 147
119 181
119 189
119 288
119 400
119 463
119 509
119 650
119 667
119 674
119 709
119 918
119 921
120 154
120 177
120 216
120 234
120 272
120 276
120 298
120 397
120 403
120 491
120 581
120 594
120 642
120 751
120 790
120 832
120 844
120 878
120 937
121 130
121 144
121 149
121 169
121 317
121 348
121 469
121 722
121 862
121 865
121 878
121 931
121 1016
122 125
122 127
122 128
122 132
122 143
122 157
122 158
122 161
122 210
122 252
122 258
122 260
122 317
122 372
122 394
122 401
122 415
122 437
122 475
122 541
122 557
122 574
122 576
122 583
122 595
122 598
122 630
122 675
122 736
122 742
122 745
122 766
122 768
122 815
122 944
122 997
122 1020
123 135
123 137
123 153
123 157
123 182
123 183
123 185
123 191
123 194
123 195
123 204
123 217
123 227
123 230
123 237
123 256
123 270
123 272
123 313
123 349
123 370
123 408
123 423
123 457
123 463
123 488
123 506
123 539
123 550
123 613
123 627
123 715
123 724
123 741
123 764
123 773
123 779
123 794
123 811
123 841
123 977
123 988
124 141
124 213
124 227
124 233
124 259
124 263
124 336
124 356
124 418
124 428
124 458
124 471
124 484
124 495
124 527
124 565
124 606
124 608
124 620
124 690
124 715
124 733
124 829
124 832
124 939
124 965
124 1019
125 140
125 160
125 183
125 194
125 240
125 252
125 267
125 310
125 333
125 339
125 341
125 436
125 461
125 462
125 520
125 576
125 582
125 588
125 603
125 612
125 663
125 665
125 705
125 809
125 896
125 1010
126 158
126 179
126 222
126 271
126 288
126 387
126 403
126 412
126 485
126 505
126 515
126 566
126 588
126 648
126 695
126 696
126 728
126 741
126 756
126 859
126 889
126 1006
127 136
127 158
127 186
127 217
127 229
127 244
127 257
127 365
127 385
127 464
127 503
127 521
127 529
127 561
127 607
127 740
127 767
127 770
127 805
127 837
127 861
127 864
127 899
127 922
127 945
127 975
127 979
127 1007
127 1011
128 143
128 235
128 289
128 325
128 333
128 385
128 399
128 400
128 407
128 442
128 450
128 564
128 569
128 691
128 696
128 737
128 742
128 751
128 759
128 812
128 863
128 933
128 948
128 1022
129 131
129 190
129 196
129 204
129 205
129 247
129 264
129 291
129 308
129 323
129 340
129 365
129 505
129 569
129 571
129 600
129 610
129 611
129 632
129 642
129 726
129 908
129 938
129 977
129 994
129 999
129 1007
130 132
130 225
130 323
130 332
130 392
130 464
130 541
130 572
130 682
130 741
130 939
131 322
131 378
131 386
131 397
131 495
131 714
131 795
131 999
132 164
132 169
132 189
132 293
132 321
132 341
132 349
132 408
132 517
132 613
132 677
132 687
132 774
132 854
133 137
133 150
133 153
133 180
133 188
133 210
133 216
133 219
133 221
133 236
133 241
133 257
133 268
133 303
133 307
133 315
133 327
133 329
133 413
133 426
133 458
133 473
133 485
133 502
133 687
133 693
133 749
133 753
133 788
133 857
133 986
133 1023
134 135
134 138
134 174
134 176
134 269
134 352
134 360
134 389
134 446
134 491
134 503
134 513
134 531
134 542
134 565
134 583
134 610
134 665
134 730
134 784
134 793
134 809
134 927
134 950
134 971
134 991
134 1018
135 141
135 180
135 248
135 404
135 505
135 873
135 940
135 983
136 196
136 198
136 228
136 275
136 279
136 284
136 295
136 305
136 317
136 341
136 342
136 408
136 409
136 436
136 495
136 581
136 611
136 682
136 684
136 810
136 918
136 989
136 997
136 1016
137 143
137 144
137 167
137 200
137 245
137 275
137 301
137 354
137 357
137 391
137 440
137 466
137 472
137 476
137 514
137 547
137 573
137 671
137 766
137 860
138 165
138 205
138 206
138 229
138 236
138 263
138 401
138 428
138 437
138 444
138 483
138 501
138 512
138 537
138 577
138 585
138 623
138 660
138 771
138 834
138 889
138 923
138 1015
139 151
139 173
139 184
139 231
139 237
139 251
139 252
139 273
139 282
139 312
139 363
139 367
139 418
139 419
139 424
139 446
139 467
139 492
139 594
139 599
139 611
139 751
139 838
140 195
140 340
140 441
140 574
140 586
140 654
140 693
140 698
140 725
140 931
140 933
140 954
141 148
141 179
141 187
141 239
141 251
141 357
141 539
141 565
141 573
141 576
141 580
141 673
141 845
141 947
141 1002
141 1013
142 162
142 197
142 214
142 220
142 247
142 252
142 542
142 684
142 693
142 850
142 877
142 955
142 979
142 1019
143 164
143 186
143 228
143 240
143 279
143 292
143 334
143 367
143 382
143 606
143 644
143 709
143 736
143 752
143 963
143 979
143 1023
144 151
144 152
144 170
144 186
144 215
144 243
144 269
144 277
144 286
144 291
144 308
144 324
144 358
144 391
144 394
144 408
144 432
144 436
144 446
144 447
144 471
144 486
144 547
144 570
144 662
144 667
144 723
144 741
144 875
144 1013
145 229
145 244
145 259
145 272
145 303
145 317
145 318
145 360
145 378
145 415
145 431
145 463
145 465
145 493
145 577
145 685
145 746
145 747
145 753
145 954
145 984
146 165
146 170
146 226
146 240
146 243
146 286
146 351
146 398
146 400
146 407
146 425
146 463
146 495
146 533
146 562
146 568
146 584
146 591
146 632
146 720
146 735
146 753
146 772
146 880
146 884
146 920
146 955
147 154
147 206
147 211
147 360
147 435
147 516
147 538
147 591
147 636
147 765
147 971
147 980
148 249
148 252
148 343
148 376
148 404
148 434
148 479
148 622
148 645
148 917
148 923
148 950
149 176
149 199
149 212
149 242
149 377
149 450
149 456
149 476
149 486
149 694
149 708
149 787
149 854
149 864
149 909
149 993
150 188
150 196
150 200
150 206
150 219
150 300
150 322
150 385
150 424
150 530
150 564
150 638
150 650
150 700
150 751
150 795
150 846
151 166
151 167
151 178
151 199
151 234
151 241
151 280
151 330
151 345
151 355
151 363
151 453
151 487
151 498
151 583
151 587
151 619
151 656
151 687
151 717
151 839
151 980
152 156
152 157
152 172
152 193
152 243
152 302
152 332
152 369
152 388
152 389
152 391
152 427
152 466
152 480
152 520
152 531
152 546
152 556
152 586
152 679
152 763
152 900
152 971
153 242
153 246
153 249
153 308
153 323
153 360
153 394
153 411
153 443
153 471
153 637
153 688
153 775
153 803
153 901
153 907
153 932
153 958
153 981
154 177
154 203
154 219
154 277
154 281
154 283
154 310
154 442
154 466
154 575
154 642
154 772
154 784
154 804
154 941
154 1023
155 161
155 179
155 235
155 251
155 345
155 456
155 893
155 913
155 954
156 195
156 210
156 234
156 292
156 504
156 621
156 951
157 168
157 170
157 185
157 207
157 231
157 239
157 289
157 358
157 478
157 496
157 612
157 670
157 699
157 723
157 830
157 858
158 167
158 227
158 282
158 283
158 315
158 443
158 496
158 538
158 582
158 828
158 835
158 999
159 169
159 175
159 193
159 198
159 201
159 218
159 224
159 278
159 384
159 388
159 399
159 410
159 412
159 431
159 457
159 488
159 499
159 534
159 584
159 667
159 698
159 701
159 733
159 768
159 821
159 855
159 882
159 890
159 917
159 928
159 1023
160 187
160 208
160 223
160 230
160 261
160 269
160 281
160 346
160 380
160 387
160 411
160 416
160 452
160 471
160 524
160 535
160 543
160 685
160 700
160 701
160 928
160 929
160 992
160 998
161 167
161 178
161 255
161 421
161 460
161 529
161 532
161 537
161 540
161 551
161 625
161 626
161 631
161 700
161 730
161 779
161 918
161 920
161 922
161 934
161 940
161 948
162 177
162 182
162 202
162 209
162 211
162 271
162 285
162 293
162 326
162 359
162 372
162 390
162 417
162 433
162 459
162 475
162 488
162 490
162 497
162 510
162 550
162 556
162 559
162 573
162 593
162 659
162 689
162 721
162 732
162 764
162 765
162 916
162 934
162 958
163 203
163 216
163 390
163 426
163 436
163 520
163 578
163 666
163 722
163 898
163 970
164 203
164 228
164 305
164 635
164 639
164 979
165 224
165 225
165 317
165 460
165 569
165 638
166 177
166 186
166 188
166 192
166 218
166 262
166 288
166 305
166 341
166 387
166 441
166 515
166 560
166 660
166 663
166 683
166 692
166 852
166 860
166 867
166 876
166 946
166 947
166 950
166 969
166 1006
166 1014
167 177
167 221
167 223
167 225
167 261
167 298
167 300
167 307
167 318
167 328
167 329
167 368
167 370
167 409
167 449
167 483
167 511
167 521
167 526
167 530
167 533
167 597
167 604
167 626
167 650
167 659
167 664
167 718
167 744
167 765
167 872
167 883
168 194
168 286
168 411
168 430
168 472
168 500
168 571
168 673
168 856
168 885
168 974
168 975
169 184
169 231
169 279
169 290
169 317
169 408
169 686
169 716
169 763
169 917
170 296
170 298
170 323
170 393
170 467
170 482
170 503
170 554
170 596
170 620
170 648
170 667
170 706
170 750
170 810
170 843
170 963
170 990
170 999
171 178
171 184
171 210
171 220
171 271
171 318
171 380
171 424
171 454
171 761
171 886
171 912
171 925
171 981
172 259
172 302
172 319
172 331
172 344
172 369
172 402
172 410
172 420
172 526
172 608
172 614
172 721
172 828
172 849
172 861
172 919
173 199
173 231
173 242
173 274
173 346
173 351
173 580
173 699
173 846
174 226
174 282
174 287
174 297
174 304
174 315
174 571
174 588
174 605
174 629
174 673
174 716
174 887
174 922
174 993
175 181
175 212
175 213
175 261
175 283
175 287
175 695
175 707
175 719
175 903
175 998
176 280
176 311
176 410
176 512
176 524
176 679
176 688
176 712
176 822
176 896
176 943
176 960
176 996
177 189
177 194
177 197
177 215
177 244
177 279
177 332
177 373
177 398
177 404
177 417
177 457
177 466
177 476
177 494
177 507
177 514
177 525
177 529
177 537
177 570
177 690
177 712
177 796
177 807
177 872
178 202
178 264
178 331
178 375
178 388
178 399
178 423
178 451
178 460
178 477
178 502
178 551
178 561
178 563
178 694
178 956
178 982
178 990
179 204
179 208
179 223
179 601
179 680
179 698
179 875
179 920
180 184
180 229
180 275
180 290
180 292
180 366
180 388
180 399
180 436
180 538
180 555
180 557
180 562
180 591
180 621
180 711
180 716
180 793
180 913
181 221
181 224
181 226
181 389
181 542
181 654
181 745
181 795
181 815
181 884
181 947
182 267
182 297
182 365
182 436
182 555
182 572
182 597
182 602
182 657
182 838
182 905
182 928
182 930
183 209
183 278
183 306
183 335
183 386
183 443
183 468
183 482
183 547
183 558
183 667
183 682
183 767
183 821
183 858
183 880
183 960
183 985
184 242
184 521
184 902
185 188
185 220
185 250
185 255
185 367
185 370
185 441
185 455
185 460
185 489
185 713
185 715
185 749
185 787
185 811
185 842
185 942
185 1009
186 207
186 268
186 275
186 469
186 471
186 572
186 690
186 726
186 732
186 775
186 780
186 789
186 793
186 841
186 870
186 908
187 242
187 270
187 452
187 510
187 542
187 693
187 718
187 777
187 904
188 193
188 197
188 259
188 275
188 277
188 319
188 342
188 351
188 530
188 601
188 737
188 780
188 825
188 989
188 991
189 224
189 245
189 271
189 302
189 382
189 414
189 424
189 426
189 553
189 562
189 607
189 636
189 669
189 677
189 710
189 745
189 749
189 776
189 797
189 836
189 841
189 843
189 844
189 889
189 891
189 977
189 983
189 1000
189 1013
190 198
190 217
190 318
190 358
190 363
190 378
190 479
190 656
190 728
190 765
190 783
190 919
191 197
191 205
191 212
191 256
191 328
191 329
191 355
191 430
191 488
191 504
191 551
191 564
191 576
191 641
191 653
191 785
191 868
191 931
191 996
192 212
192 227
192 340
192 391
192 401
192 402
192 467
192 552
192 567
192 568
192 569
192 608
192 616
192 684
192 774
192 786
192 922
192 995
193 220
193 221
193 248
193 257
193 258
193 289
193 293
193 330
193 331
193 338
193 393
193 432
193 441
193 532
193 747
193 843
193 901
193 921
193 969
193 978
193 1022
194 404
194 517
194 521
194 579
194 692
194 783
195 206
195 251
195 270
195 324
195 352
195 354
195 367
195 377
195 654
195 657
195 836
195 960
195 1003
195 1015
196 197
196 200
196 267
196 407
197 225
197 255
197 333
197 420
197 485
197 494
197 534
197 732
197 901
197 942
197 1022
198 239
198 244
198 265
198 509
198 520
198 589
198 618
198 695
198 902
198 1012
199 309
199 391
199 424
199 444
199 470
199 521
199 539
199 566
199 594
199 645
199 658
199 672
199 673
199 766
199 785
199 824
199 883
199 892
199 902
199 946
199 970
199 984
200 211
200 297
200 315
200 364
200 445
200 482
200 560
200 604
200 617
200 656
200 680
200 807
200 883
201 297
201 448
201 625
201 645
201 806
201 951
202 273
202 274
202 283
202 302
202 330
202 347
202 354
202 525
202 562
202 613
202 699
202 704
202 1018
203 235
203 298
203 384
203 431
203 548
203 671
203 680
203 693
203 730
203 924
203 970
203 1011
204 332
204 334
204 352
204 389
204 553
204 588
204 726
204 801
204 847
204 854
204 908
204 956
204 995
205 210
205 435
206 284
206 304
206 468
206 524
206 542
206 571
206 876
206 934
207 562
207 567
207 592
207 705
207 725
207 775
207 885
207 919
207 927
207 948
207 989
208 221
208 243
208 262
208 287
208 310
208 429
208 445
208 502
208 503
208 551
208 584
208 691
208 798
208 803
208 808
208 848
208 850
208 933
208 948
209 436
209 492
209 503
209 544
209 572
209 576
209 589
209 788
209 864
210 413
210 442
210 533
210 613
210 630
210 979
210 1020
211 278
211 285
211 307
211 320
211 347
211 396
211 417
211 431
211 489
211 495
211 525
211 612
211 639
211 643
211 675
211 679
211 685
211 800
211 876
211 927
211 928
211 964
212 275
212 287
212 331
212 335
212 357
212 498
212 560
212 724
212 770
212 820
212 821
212 983
213 236
213 247
213 280
213 287
213 317
213 330
213 444
213 583
213 594
213 597
213 674
213 689
213 764
213 812
213 816
213 896
213 994
214 268
214 362
214 442
214 528
214 763
215 278
215 356
215 364
215 409
215 433
215 522
215 563
215 597
215 614
215 732
215 743
215 834
216 262
216 272
216 308
216 500
216 599
216 639
216 743
216 884
217 354
217 402
217 404
217 668
217 685
217 774
217 790
217 796
217 904
217 927
218 296
218 308
218 349
218 501
218 502
218 516
218 607
218 698
218 816
218 852
218 950
219 334
219 392
219 469
219 501
219 573
219 641
219 738
219 992
220 227
220 254
220 276
220 373
220 470
220 499
220 694
220 742
220 797
221 240
221 302
221 305
221 382
221 466
221 527
221 587
221 670
221 745
221 775
221 805
221 890
221 901
222 226
222 361
222 463
222 638
222 739
222 749
222 806
222 974
222 1005
222 1009
223 287
223 327
223 333
223 337
223 390
223 396
223 497
223 634
223 663
223 672
223 861
223 914
223 954
224 244
224 373
224 745
224 832
225 246
225 306
225 358
225 403
225 545
225 554
225 565
225 658
225 661
225 688
225 712
225 724
225 765
225 777
225 813
225 844
225 961
225 992
226 378
226 490
226 527
226 557
226 601
226 688
226 818
226 983
227 323
227 343
227 373
227 409
227 410
227 433
227 687
227 737
227 995
228 362
228 389
228 514
228 660
228 758
228 764
228 839
228 897
228 972
228 978
229 230
229 266
229 273
229 279
229 316
229 334
229 421
229 489
229 534
229 550
229 570
229 662
229 678
229 846
229 848
229 880
229 973
229 974
230 274
230 305
230 338
230 346
230 407
230 418
230 423
230 429
230 430
230 431
230 473
230 504
230 636
230 694
230 747
230 849
230 892
230 930
230 992
230 1022
231 244
231 282
231 291
231 296
231 436
231 439
231 489
231 538
231 590
231 613
231 706
231 793
232 270
232 280
232 290
232 322
232 357
232 548
232 565
232 674
232 782
232 825
232 901
233 326
233 371
233 460
233 475
233 519
233 531
233 572
233 578
233 603
233 628
233 692
233 732
233 810
233 908
233 922
233 985
234 351
234 372
234 389
234 454
234 490
234 492
234 546
234 598
234 609
234 629
234 704
234 729
234 757
234 805
234 944
235 277
235 305
235 339
235 342
235 383
235 435
235 481
235 500
235 548
235 653
235 709
235 802
235 934
236 612
236 665
236 822
236 824
236 896
236 1020
237 295
237 356
237 376
237 457
237 489
237 525
237 579
237 618
237 639
237 780
237 795
237 912
238 312
238 316
238 317
238 486
238 513
238 826
238 895
238 946
239 253
239 446
239 526
239 550
239 681
239 782
239 791
239 949
239 987
240 304
240 408
240 469
240 512
240 570
240 699
240 799
240 841
240 1013
241 262
241 312
241 320
241 406
241 504
241 633
241 692
241 779
241 849
241 971
241 980
242 270
242 344
242 357
242 640
242 697
242 710
242 971
242 977
242 1000
243 268
243 304
243 559
243 609
243 725
243 953
244 303
244 398
244 403
244 505
244 507
244 649
244 674
244 809
244 813
245 507
245 569
245 580
245 995
246 295
246 360
246 382
246 401
246 490
246 491
246 523
246 533
246 602
246 607
246 626
246 756
246 802
246 833
246 891
246 927
246 957
247 275
247 296
247 320
247 452
247 523
247 759
247 838
247 910
247 979
247 989
248 306
248 316
248 327
248 413
248 511
248 526
248 534
248 538
248 547
248 549
248 643
248 730
248 789
248 995
249 370
249 411
249 412
249 462
249 649
249 655
249 664
249 909
249 1001
250 274
250 319
250 320
250 419
250 432
250 607
250 662
250 731
250 746
250 772
250 792
250 970
250 988
250 1001
251 395
251 526
251 735
251 831
251 916
252 330
252 965
253 342
253 730
253 736
253 991
254 258
254 272
254 409
254 445
254 487
254 520
254 585
254 586
254 608
254 637
254 652
254 724
254 791
254 829
254 840
254 851
254 858
254 871
255 285
255 300
255 352
255 422
256 265
256 472
256 524
256 529
256 585
256 761
256 855
256 938
256 1020
257 258
257 304
257 364
257 366
257 543
257 587
257 762
257 786
257 790
257 895
257 905
257 959
257 981
257 992
258 276
258 290
258 293
258 407
258 440
258 448
258 464
258 486
258 542
258 870
258 920
258 940
258 977
258 986
259 292
259 346
259 634
259 777
259 783
259 911
260 382
260 396
260 484
260 489
260 576
260 745
260 987
260 1016
261 360
261 382
261 392
261 563
261 624
261 848
262 279
262 283
262 371
262 390
262 490
262 498
262 532
262 837
263 425
263 430
263 434
263 473
263 478
263 593
263 614
263 683
263 760
263 804
263 853
263 922
263 956
263 962
264 275
264 295
264 327
264 328
264 434
264 472
264 522
264 868
264 888
264 968
265 463
265 487
265 496
265 518
265 570
265 776
266 351
266 573
266 671
266 705
266 718
266 737
266 767
266 953
267 454
267 462
267 900
267 917
267 1006
268 361
268 477
268 497
268 621
268 624
268 640
268 693
268 733
268 961
269 397
269 420
269 464
269 468
269 682
269 832
270 278
270 324
270 428
270 523
270 554
270 673
270 717
270 770
270 796
270 824
270 849
270 939
270 990
271 311
271 325
271 337
271 368
271 383
271 464
271 469
271 536
271 690
271 742
271 762
271 770
271 818
271 966
272 290
272 293
272 357
272 385
272 453
272 536
272 554
272 571
272 611
272 687
272 697
272 715
272 834
272 842
272 963
273 323
273 326
273 336
273 344
273 567
273 630
273 865
274 308
274 824
275 463
275 478
275 483
275 609
275 712
275 755
275 854
276 345
276 426
276 583
276 634
276 642
276 676
276 911
277 325
277 362
277 377
277 386
277 842
277 852
277 861
277 951
278 284
278 286
278 302
278 314
278 321
278 379
278 447
278 595
278 727
278 866
278 879
278 956
279 718
279 725
280 300
280 343
280 419
280 433
280 434
280 567
280 588
280 612
280 617
280 634
280 666
280 676
280 888
281 291
281 384
281 637
281 700
281 716
281 819
281 879
281 911
282 294
282 311
282 496
282 792
282 847
283 338
283 368
283 371
283 382
283 387
283 404
283 420
283 426
283 465
283 487
283 511
283 589
283 596
283 633
283 669
283 743
283 801
283 822
283 872
283 879
283 908
283 917
284 412
284 474
284 528
284 587
284 606
284 674
284 722
284 736
284 746
284 820
284 875
285 531
285 568
285 615
285 643
286 299
286 351
286 731
286 781
286 807
287 407
287 421
287 712
287 779
288 338
288 407
288 445
288 562
288 937
288 977
288 988
289 341
289 348
289 394
289 453
289 475
289 500
289 536
289 842
290 315
290 316
290 366
290 370
290 375
290 605
290 1017
291 296
291 336
291 392
291 446
291 492
291 515
291 674
291 808
291 854
291 873
291 925
292 326
292 390
292 405
292 480
292 530
292 531
292 590
292 657
292 663
292 751
292 775
292 811
292 862
292 868
292 899
292 975
293 308
293 508
293 555
293 750
293 758
293 965
293 1003
294 302
294 336
294 341
294 373
294 699
294 740
294 841
294 980
295 301
295 315
295 413
295 535
295 624
295 656
295 660
295 737
295 742
295 746
295 754
295 802
295 833
295 870
295 926
296 378
296 448
296 721
296 810
296 851
297 299
297 326
297 348
297 395
297 458
297 505
297 557
297 619
297 717
297 748
297 807
297 929
298 345
298 449
298 647
298 707
298 755
298 811
298 869
298 1005
299 341
299 550
299 598
299 651
299 921
300 304
300 343
300 539
300 773
300 1008
301 349
301 362
301 365
301 470
301 483
301 491
301 492
301 593
301 637
301 695
301 799
301 824
301 855
301 968
301 985
302 360
302 412
302 440
302 491
302 704
302 734
302 777
302 860
302 905
303 347
303 441
303 457
303 549
303 607
303 734
303 787
303 968
303 979
304 343
304 395
304 605
304 644
304 855
304 957
304 998
305 331
305 381
305 387
305 416
305 534
305 612
305 738
305 771
305 824
305 852
306 336
306 797
307 467
307 470
307 519
307 578
307 640
307 681
307 967
307 989
308 407
308 587
308 623
308 639
308 655
308 659
308 721
308 927
308 996
309 405
309 485
309 579
309 752
309 926
309 942
309 986
310 375
310 515
310 552
310 655
310 703
310 727
310 756
310 767
310 771
310 871
311 471
311 605
311 792
311 848
311 875
311 974
312 333
312 351
312 522
312 772
312 935
313 360
313 531
313 807
313 820
313 935
313 950
314 808
314 981
314 998
315 339
315 384
315 590
315 675
315 725
315 823
315 1009
316 346
316 400
316 447
316 554
316 592
316 632
316 658
316 739
316 820
316 832
316 963
317 332
317 542
317 606
317 724
317 882
317 888
317 965
318 340
318 385
318 467
318 492
318 593
318 636
318 656
318 717
318 931
318 932
318 990
318 1002
319 322
319 383
319 466
319 488
319 568
319 575
319 580
319 592
319 717
319 783
319 918
320 408
320 425
320 452
320 573
320 589
320 599
320 627
320 672
320 705
320 720
320 750
320 763
320 789
320 824
320 869
320 1009
321 406
321 559
321 703
321 839
322 328
322 437
322 485
322 609
322 636
322 711
322 857
323 326
323 962
324 450
324 546
324 660
324 915
324 923
325 326
325 363
325 387
325 405
325 455
325 571
325 593
325 905
325 958
326 381
326 393
326 444
326 528
326 561
326 625
326 798
326 819
326 929
326 1006
327 346
327 429
327 509
327 577
327 581
327 834
327 864
327 908
327 921
327 1011
328 380
328 437
328 483
328 569
328 658
328 846
329 331
329 342
329 366
329 372
329 412
329 447
329 533
329 580
329 633
329 708
329 720
329 754
329 814
329 854
329 868
329 925
329 929
329 1000
329 1022
330 502
330 523
330 560
330 621
330 768
330 866
330 899
331 393
331 405
331 584
331 603
331 653
331 757
331 787
331 835
331 841
331 891
331 911
332 351
332 498
332 726
332 783
332 813
332 970
333 358
333 386
333 411
333 414
333 570
333 707
333 873
333 951
334 404
334 451
334 495
334 553
334 678
334 899
334 937
335 386
335 453
335 508
335 549
335 580
335 699
335 706
335 718
335 784
336 477
336 514
336 602
336 844
336 898
336 1018
337 430
337 497
337 505
337 548
337 599
337 665
337 704
337 720
337 780
337 788
337 840
337 841
337 882
337 889
337 901
337 1020
338 348
338 361
338 440
338 464
338 475
338 489
338 496
338 497
338 498
338 510
338 516
338 552
338 590
338 616
339 355
339 371
339 414
339 453
339 510
339 582
339 677
339 771
339 787
339 860
339 914
339 953
339 955
340 484
340 529
340 554
340 662
340 764
340 910
340 918
340 1004
341 344
341 963
342 549
342 733
342 888
342 919
342 954
343 432
343 436
343 462
343 682
343 712
343 828
343 899
344 387
344 443
344 601
344 624
344 652
344 657
344 703
345 348
345 410
345 494
345 503
345 553
345 574
345 586
345 611
345 629
345 644
345 648
345 714
345 757
345 909
345 923
345 926
345 941
345 963
346 353
346 397
346 398
346 459
346 478
346 484
346 535
346 594
346 613
346 653
346 844
346 970
346 973
346 981
346 1015
347 512
347 561
347 851
347 901
348 408
348 415
348 453
348 648
349 435
349 438
349 441
349 487
349 522
349 577
349 620
349 666
349 977
350 353
350 371
350 541
350 618
350 673
350 823
350 830
350 892
350 952
350 1005
351 370
351 470
351 594
351 761
351 803
351 841
351 874
352 398
352 440
352 600
352 678
352 760
352 769
352 772
352 805
352 1017
352 1022
353 427
353 491
353 521
353 531
353 724
353 848
353 924
353 1011
354 911
355 633
355 695
355 838
355 943
355 955
356 402
356 427
356 450
356 482
356 560
356 583
356 613
356 653
356 671
357 547
357 657
357 840
358 527
358 633
358 641
358 650
358 908
358 929
358 949
359 923
359 987
359 991
360 552
360 573
360 984
361 363
361 542
361 544
361 623
361 662
361 683
361 690
361 691
361 740
361 764
361 860
361 865
361 907
361 937
362 454
362 609
362 870
362 885
363 387
363 476
363 677
363 838
364 412
364 435
364 816
364 997
365 676
365 694
365 862
365 1006
366 422
366 442
367 753
367 873
368 405
368 418
368 544
368 578
368 643
368 693
368 716
368 760
368 818
368 962
369 398
369 407
369 965
369 978
370 385
370 600
370 694
370 747
371 377
371 482
371 679
371 939
372 375
372 413
372 432
372 574
372 583
372 608
372 620
372 663
372 744
372 760
372 803
372 811
372 896
372 915
372 938
372 987
372 1011
373 434
373 490
373 535
373 541
373 568
373 696
373 743
373 769
373 795
373 830
373 881
373 989
374 376
374 397
374 420
374 450
374 664
374 735
374 756
374 817
374 962
375 461
375 704
375 766
375 1004
376 414
376 425
376 568
376 692
376 944
376 976
377 384
377 406
377 418
377 559
377 560
377 605
377 608
377 650
377 759
377 836
377 897
377 980
378 414
378 478
378 484
378 663
378 704
378 732
378 835
378 891
378 904
379 390
379 615
379 741
379 888
379 895
380 403
380 446
380 506
380 524
380 535
380 688
380 702
380 910
380 914
380 989
381 392
381 681
381 784
381 789
381 816
381 842
381 886
381 1009
382 417
382 471
382 600
382 831
382 898
382 911
382 973
383 387
383 516
383 651
383 728
383 741
384 427
384 460
384 715
384 723
384 748
384 858
385 451
385 506
385 796
385 947
386 443
386 618
386 814
386 832
386 841
386 859
386 885
386 894
386 902
386 906
387 517
387 537
387 686
387 866
388 422
388 425
388 468
388 543
388 567
388 766
388 770
388 815
388 833
388 911
388 945
388 986
389 401
389 431
389 546
389 814
389 931
389 938
389 982
390 419
390 503
390 664
390 917
391 459
391 627
391 710
391 749
391 756
391 864
391 874
393 448
393 484
393 508
393 558
393 566
393 643
393 668
393 686
393 725
393 909
393 966
393 993
394 473
394 614
394 703
394 957
395 421
395 444
395 463
395 535
395 694
395 815
395 892
395 941
396 417
396 500
396 514
396 586
396 682
396 835
396 867
396 887
396 940
397 510
397 568
397 578
397 618
397 633
397 744
397 827
397 847
397 912
397 930
398 452
398 462
398 623
398 767
398 781
398 871
398 887
398 1011
399 498
399 535
399 561
399 586
399 626
399 654
399 669
399 713
399 726
399 790
399 886
399 902
399 949
399 1002
400 661
400 681
400 754
401 640
401 659
401 758
401 836
401 1010
402 431
402 508
402 511
402 525
402 561
402 565
402 673
402 836
402 849
402 851
402 880
402 881
402 930
402 951
402 961
402 974
403 427
403 464
403 517
403 655
403 789
403 915
403 936
403 946
404 593
404 668
404 775
404 853
404 943
404 952
405 483
405 852
406 408
406 578
406 988
407 421
407 442
407 454
407 458
407 470
407 545
407 641
407 738
407 760
407 877
407 904
408 474
408 601
408 637
408 709
408 919
408 980
409 642
409 709
410 437
410 486
410 497
410 566
410 667
410 684
410 706
410 738
410 788
410 791
410 930
410 997
411 497
411 509
411 523
411 689
411 967
411 1019
412 460
412 499
412 595
412 597
412 793
412 1012
413 414
413 566
413 605
413 670
413 850
413 1017
414 513
414 522
414 538
414 544
414 647
414 774
414 850
414 866
414 886
414 893
414 905
415 425
415 492
415 839
416 419
416 667
416 689
416 1002
417 713
417 817
417 932
417 982
418 430
418 471
418 676
418 708
418 845
419 460
419 550
419 631
419 869
419 922
419 942
420 669
420 692
421 473
421 511
421 518
421 534
421 579
421 682
421 861
421 896
421 918
421 1020
422 426
422 541
422 581
422 657
422 761
422 778
422 789
422 923
422 1008
423 817
424 434
424 480
424 649
424 679
424 758
424 881
425 865
426 455
426 615
426 757
426 852
426 982
427 780
427 853
428 615
428 685
428 817
428 818
428 820
429 457
429 496
429 574
430 727
430 729
430 814
430 821
431 461
431 558
431 670
431 694
431 1014
432 458
432 697
432 835
432 871
432 875
432 900
433 740
433 792
433 837
434 646
434 686
435 509
435 645
435 691
435 734
435 906
436 537
436 592
436 721
436 896
437 701
438 539
438 540
438 605
438 617
438 688
439 470
439 520
439 536
439 785
439 826
439 900
439 915
440 540
440 819
441 783
442 669
442 782
442 786
442 973
443 457
443 500
443 719
444 556
444 568
444 625
444 737
444 812
444 961
445 640
445 709
445 770
445 837
445 917
446 700
446 773
447 449
447 514
447 605
447 626
448 584
448 633
448 916
448 934
449 472
449 577
449 635
449 785
449 962
450 555
450 695
450 750
450 821
450 825
450 979
451 477
451 485
451 532
451 614
451 636
451 669
451 757
451 985
452 549
452 768
452 815
452 823
452 866
453 755
453 951
453 978
454 485
454 533
454 613
454 722
454 740
454 852
454 1004
455 661
455 697
455 723
455 759
455 801
455 893
455 952
455 961
455 1004
456 459
456 489
456 540
456 723
456 734
456 918
456 995
457 712
457 799
457 822
457 1009
458 519
458 559
458 625
458 629
458 665
458 735
458 828
459 501
459 520
459 567
459 577
459 614
459 621
459 681
459 866
459 1006
461 478
461 530
461 602
461 628
461 725
461 903
462 969
463 499
463 624
464 481
464 684
464 757
464 903
465 493
465 552
465 605
465 645
465 803
466 513
466 551
466 598
466 635
466 656
466 722
466 739
466 823
466 860
467 959
468 522
468 582
468 602
468 611
468 690
469 796
469 827
470 486
470 548
470 620
470 646
470 748
470 887
470 949
470 1010
470 1016
471 546
471 556
471 781
471 937
471 1015
472 558
472 607
472 622
472 637
472 674
472 817
472 833
472 983
473 567
473 628
473 669
473 809
473 871
473 948
473 972
473 987
474 598
474 602
474 603
474 606
474 675
474 713
474 733
474 802
474 883
474 887
474 995
475 504
475 608
475 798
475 821
475 839
475 872
475 874
475 965
475 967
476 479
476 603
476 649
476 706
476 993
477 731
477 781
477 782
478 479
478 664
478 960
479 587
479 728
479 924
479 944
479 1005
480 609
480 693
480 939
481 554
481 673
481 789
481 817
481 932
482 518
482 781
482 830
482 937
483 688
483 877
483 995
484 579
484 607
484 619
484 722
484 776
484 801
484 902
484 991
485 538
485 876
485 918
486 519
486 570
486 571
486 623
486 628
486 923
486 924
486 971
487 628
487 701
488 545
488 594
488 632
488 654
489 499
489 591
489 699
489 759
489 782
489 788
490 742
490 833
490 887
490 939
490 953
490 968
491 524
491 539
491 648
491 772
491 967
492 596
492 721
492 746
492 750
492 752
492 836
492 949
493 710
493 717
493 895
494 520
494 528
494 570
494 737
494 1016
495 588
495 595
495 621
495 651
495 663
495 886
495 898
495 998
496 550
496 581
496 647
496 683
496 715
496 785
496 847
496 913
496 931
497 526
497 625
497 702
497 758
497 768
497 909
498 591
498 704
498 727
499 541
499 546
499 603
499 624
499 790
499 849
499 878
499 905
499 933
499 976
499 999
500 517
500 828
500 837
500 945
500 993
501 589
501 604
501 757
501 806
501 808
501 813
501 975
501 1008
501 1012
502 584
502 625
502 628
502 735
502 799
502 916
502 942
503 516
503 551
503 579
503 703
503 819
503 861
503 877
503 911
503 931
504 539
504 629
504 639
504 669
504 699
504 755
504 814
504 851
504 995
505 723
505 727
506 651
506 951
507 558
507 607
507 676
507 856
508 599
508 978
508 1000
509 585
509 632
509 914
510 551
510 582
510 776
510 848
511 617
512 546
512 687
512 953
513 601
513 696
513 744
513 768
513 940
514 640
514 704
514 791
515 543
516 784
516 794
516 854
516 897
516 976
517 767
518 654
518 686
518 707
519 555
519 647
519 729
519 744
519 895
519 920
519 927
520 862
520 894
520 960
520 966
520 975
521 706
521 753
521 822
521 929
521 993
521 1020
522 527
522 532
522 554
522 633
522 804
522 957
522 966
523 573
523 713
523 795
523 952
524 683
524 784
524 1021
525 596
525 711
525 719
526 597
526 653
526 690
526 988
527 531
527 555
527 673
527 815
527 913
527 974
529 582
529 624
529 775
529 955
530 566
530 624
530 751
530 754
531 608
531 618
531 664
531 894
531 900
532 848
532 984
533 559
533 595
533 695
533 906
534 758
534 954
535 648
535 782
535 812
535 867
535 881
536 540
536 590
536 623
536 627
536 635
536 655
536 761
536 766
536 832
536 862
537 857
537 1001
538 762
538 773
538 854
538 956
539 576
539 670
539 995
539 1022
540 743
540 840
540 850
540 898
540 915
541 562
541 572
541 706
541 767
541 868
542 829
542 954
543 587
543 592
543 612
543 776
543 805
543 829
543 935
543 1010
544 625
544 894
544 1007
545 555
545 582
545 777
546 556
546 566
546 587
546 813
547 580
547 596
547 618
547 785
547 819
549 557
549 581
549 764
549 778
549 804
550 641
550 770
550 807
550 943
550 945
551 795
551 904
551 972
552 677
552 681
552 827
553 703
553 711
554 559
554 604
554 611
554 701
554 732
554 747
554 934
554 942
555 658
555 720
555 905
555 1018
556 945
556 1004
557 660
557 754
557 857
557 892
558 606
558 610
558 711
558 1018
559 705
559 752
559 766
559 775
559 1023
561 640
561 782
561 935
561 947
561 957
561 962
562 657
563 919
564 799
565 577
565 597
565 702
565 794
565 971
565 999
566 735
566 764
566 839
566 844
567 679
567 897
567 968
568 670
568 939
569 791
569 973
571 594
571 661
571 863
571 871
572 760
572 947
572 955
572 1014
573 600
573 893
573 912
574 748
575 579
575 796
576 676
576 756
576 814
576 950
577 785
577 812
577 857
577 863
578 629
578 699
578 873
579 716
579 845
580 797
580 907
580 936
580 949
580 1004
582 683
582 775
583 600
583 762
583 789
584 1002
585 645
585 788
585 888
585 933
585 964
586 638
586 672
586 758
586 906
587 606
587 776
588 718
588 910
588 943
589 719
589 752
589 788
589 922
590 718
590 814
591 860
592 812
593 639
593 706
593 760
594 710
594 757
594 799
594 958
595 738
595 761
595 921
595 1003
596 729
596 754
596 797
596 893
597 626
597 656
597 753
597 806
598 647
598 731
599 662
599 700
599 722
599 799
599 922
599 967
599 992
600 703
601 774
602 743
602 786
603 888
604 794
605 726
605 747
605 998
606 664
607 691
607 734
607 763
607 903
607 1018
608 631
608 825
608 857
608 926
609 622
609 641
609 984
610 615
610 622
610 662
610 711
610 723
610 792
610 899
610 967
610 994
611 681
612 902
613 793
614 687
614 698
615 630
615 676
615 935
616 655
617 621
617 638
617 739
617 881
617 980
617 1007
618 638
618 869
618 1006
619 672
619 946
619 965
620 732
621 729
621 739
622 705
622 845
622 853
622 984
623 866
623 890
623 996
624 653
624 705
624 837
624 848
624 976
626 634
626 635
626 639
626 716
626 840
626 879
627 777
627 894
628 666
628 680
628 859
629 853
630 636
630 667
630 876
630 897
630 964
631 647
631 703
631 909
632 650
632 727
632 748
632 878
632 935
632 1003
633 665
633 797
633 804
633 839
633 850
634 729
634 772
634 838
634 937
635 678
635 768
635 774
635 795
635 809
635 810
635 811
636 645
636 658
636 703
636 933
636 1003
637 687
637 762
637 779
638 751
638 825
638 1013
639 664
639 777
639 805
640 953
641 863
641 1004
641 1013
642 920
644 710
645 675
645 1022
646 679
646 991
649 774
650 717
651 791
651 983
652 736
652 926
653 891
654 672
654 966
654 999
655 1019
656 731
656 856
657 789
657 826
657 962
660 969
661 719
661 754
661 1011
662 829
662 936
662 958
663 759
663 928
663 1003
664 680
664 708
664 768
664 977
665 919
667 742
667 946
667 987
667 1008
667 1017
668 719
668 773
668 793
668 819
668 829
668 956
669 683
669 776
669 783
669 851
669 859
669 887
670 853
670 903
672 830
672 936
672 943
673 802
673 941
674 940
675 700
675 711
675 915
676 706
676 768
676 1013
677 798
678 693
678 812
678 885
678 921
678 936
678 994
680 687
680 760
680 798
681 826
681 907
681 1017
682 752
682 963
682 970
683 703
683 794
683 840
683 952
684 772
684 784
684 842
687 828
688 958
689 786
689 815
690 730
691 769
691 828
692 733
693 733
693 744
693 816
693 894
694 919
694 928
695 951
695 969
696 941
697 727
697 813
698 990
699 743
699 858
699 1009
699 1011
700 718
700 943
700 972
701 754
701 792
701 832
701 842
701 851
702 777
702 786
702 787
703 818
704 982
706 861
707 805
707 825
707 900
707 983
707 997
708 712
708 941
710 756
710 774
710 807
710 830
711 970
712 949
713 806
713 972
713 1007
714 778
714 884
714 941
715 737
715 826
715 839
715 864
715 996
716 838
716 911
716 933
716 978
717 822
717 956
717 1010
718 728
718 875
719 890
719 902
720 786
721 793
721 860
721 863
722 982
724 769
724 779
724 817
724 973
724 1012
726 740
726 1008
727 970
727 971
728 745
731 840
732 789
732 802
733 773
733 895
733 1012
734 881
734 917
735 893
735 919
735 964
735 1015
736 829
736 926
736 932
737 773
737 989
738 954
738 963
738 964
739 931
740 797
740 811
740 822
740 855
740 931
740 982
740 991
741 847
742 926
742 960
743 784
744 845
746 966
747 823
748 912
749 777
751 892
752 859
752 938
754 759
754 866
754 1005
755 975
755 1009
756 858
756 886
756 902
757 796
757 987
758 910
759 828
760 786
760 869
760 957
761 819
763 803
763 876
763 1000
764 914
764 948
765 788
766 835
766 855
766 878
767 850
767 859
767 1008
768 798
768 985
769 983
769 985
770 814
771 919
772 818
772 886
773 925
773 957
775 936
776 988
778 782
778 918
778 958
779 848
779 862
779 876
779 990
779 1021
780 852
780 856
780 862
781 826
782 972
789 986
790 809
791 900
791 986
795 817
795 881
795 889
795 924
795 928
798 909
798 936
800 978
801 883
801 938
802 1019
804 933
804 950
805 807
809 898
811 859
813 822
813 873
813 992
814 923
815 830
815 1018
817 844
817 846
817 891
817 909
818 903
819 898
820 906
820 924
820 1015
822 893
823 832
823 897
823 928
825 922
825 929
826 873
827 856
827 865
827 932
827 975
829 835
829 998
830 882
830 903
833 890
834 1016
835 914
837 916
839 933
841 864
841 882
841 955
843 870
843 941
844 869
847 1023
849 938
849 962
852 862
852 882
854 888
856 977
856 1009
857 867
857 869
857 881
858 959
859 869
862 887
862 892
862 923
864 949
867 933
867 963
867 973
869 905
871 916
873 937
874 900
875 999
876 967
877 991
879 943
881 930
881 1017
884 1003
884 1007
886 996
888 906
888 1007
889 910
889 915
889 974
889 1002
889 1018
891 906
894 969
894 1011
896 903
898 917
900 952
900 985
900 998
902 978
903 966
904 910
904 1014
909 944
909 1005
910 1010
911 959
913 920
913 996
915 957
916 1016
918 967
920 942
921 960
924 965
924 1001
928 939
930 958
930 984
933 1014
936 975
937 1005
938 984
939 946
944 959
944 998
957 1001
967 969
967 1012
971 1015
973 1008
973 1023
979 986
979 997
983 985
983 987
1018 1023
