0 50
0 71
0 125
0 178
0 248
0 373
0 395
0 425
0 453
0 469
0 486
1 85
1 91
1 117
1 132
1 143
1 216
1 219
1 260
1 261
1 337
1 347
1 389
2 22
2 67
2 92
2 161
2 208
2 231
2 402
2 449
2 460
2 504
2 510
3 42
3 64
3 77
3 105
3 161
3 238
3 278
3 296
3 397
3 420
3 427
3 429
4 40
4 75
4 91
4 118
4 178
4 207
4 282
4 305
4 307
4 322
4 344
4 346
4 411
4 450
4 466
4 499
4 500
5 17
5 48
5 70
5 170
5 225
5 360
5 361
5 392
5 396
5 451
5 459
5 473
5 474
6 118
6 368
6 437
6 439
6 454
7 12
7 34
7 63
7 137
7 152
7 183
7 216
7 411
7 446
7 459
7 486
8 23
8 29
8 94
8 114
8 150
8 156
8 212
8 218
8 239
8 315
8 325
8 397
8 507
9 96
9 123
9 145
9 146
9 276
9 310
9 425
10 31
10 35
10 56
10 76
10 108
10 145
10 326
10 426
10 500
11 85
11 192
11 217
11 275
11 281
11 283
11 340
11 348
11 362
11 402
11 437
11 449
11 463
11 469
11 485
12 38
12 47
12 54
12 181
12 212
12 223
12 242
13 67
13 89
13 162
13 166
13 180
13 191
13 215
13 218
13 234
13 260
13 269
13 386
13 398
13 441
13 443
13 456
13 490
13 500
14 17
14 143
14 196
14 212
14 271
14 290
14 291
14 294
14 373
14 396
14 461
14 469
15 34
15 59
15 75
15 93
15 108
15 172
15 208
15 255
15 299
15 335
15 390
15 443
15 447
16 37
16 85
16 127
16 164
16 174
16 181
16 422
16 442
17 49
17 55
17 85
17 290
17 327
17 328
17 489
18 32
18 54
18 115
18 119
18 156
18 197
18 212
18 229
18 254
18 267
18 316
18 381
18 424
18 429
18 484
19 49
19 56
19 126
19 210
19 237
19 325
19 357
19 361
19 369
19 371
19 435
19 501
19 503
19 505
20 31
20 52
20 102
20 114
20 158
20 179
20 268
20 283
20 284
20 305
20 328
20 378
20 417
20 428
20 439
20 443
21 38
21 68
21 110
21 177
21 185
21 209
21 288
21 296
21 313
21 392
21 470
22 23
22 45
22 63
22 65
22 99
22 122
22 203
22 340
22 434
22 441
22 486
23 43
23 81
23 111
23 152
23 157
23 187
23 189
23 258
23 278
23 302
23 357
23 369
23 416
23 473
24 52
24 72
24 80
24 127
24 260
24 286
24 319
24 506
25 30
25 42
25 48
25 81
25 165
25 174
25 207
25 208
25 227
25 257
25 297
25 396
26 73
26 75
26 91
26 149
26 173
26 196
26 241
26 243
26 261
26 266
26 372
26 421
26 443
26 464
26 480
26 504
26 511
27 84
27 104
27 184
27 205
27 206
27 215
27 263
27 326
27 362
27 461
28 42
28 114
28 157
28 251
28 267
28 290
28 337
28 353
28 357
28 363
28 372
28 462
29 93
29 238
29 276
29 279
29 284
29 295
29 445
29 456
30 52
30 58
30 73
30 136
30 144
30 202
30 203
30 244
30 313
30 325
30 480
31 55
31 59
31 88
31 158
31 180
31 273
31 414
31 419
31 432
31 450
31 451
31 501
32 36
32 79
32 147
32 168
32 200
32 204
32 212
32 223
32 301
32 323
32 370
32 383
32 450
32 473
32 486
33 67
33 96
33 109
33 148
33 214
33 225
33 286
33 363
33 374
33 380
33 440
33 445
33 470
33 476
34 47
34 51
34 125
34 236
34 242
34 296
34 320
34 334
34 379
34 478
35 47
35 88
35 100
35 246
35 278
35 305
35 345
35 361
35 366
35 381
35 454
35 472
36 193
36 340
36 364
36 472
36 500
37 65
37 203
37 206
37 240
37 263
37 310
37 324
37 349
37 384
37 432
37 472
37 503
38 118
38 153
38 328
38 351
38 446
38 505
39 60
39 94
39 136
39 195
39 267
39 274
39 308
39 350
39 403
39 415
39 416
39 483
39 510
40 84
40 101
40 125
40 157
40 159
40 249
40 288
40 300
40 305
40 322
40 472
40 485
41 109
41 136
41 156
41 165
41 207
41 240
41 242
41 271
41 306
41 345
41 364
41 368
41 408
41 448
41 451
41 479
41 481
42 290
42 310
42 315
42 382
42 385
42 408
42 432
42 434
42 450
42 457
42 491
43 129
43 164
43 181
43 192
43 237
43 280
43 359
44 176
44 263
44 271
44 315
44 328
44 341
44 348
44 368
44 469
44 498
45 149
45 157
45 190
45 338
45 427
45 488
46 130
46 146
46 184
46 253
46 305
46 344
46 389
46 415
46 462
46 478
46 480
46 497
47 58
47 64
47 135
47 148
47 165
47 240
47 260
47 324
47 326
47 329
47 403
47 498
48 87
48 160
48 167
48 227
48 333
48 361
48 375
48 471
49 81
49 85
49 141
49 277
49 335
49 401
49 421
49 432
49 484
49 504
50 70
50 96
50 102
50 210
50 307
50 374
50 385
50 401
50 423
50 427
50 436
50 445
50 507
51 95
51 98
51 140
51 188
51 240
51 263
51 318
51 330
51 356
52 81
52 152
52 224
52 237
52 240
52 283
52 447
52 476
53 69
53 85
53 90
53 127
53 246
53 254
53 374
53 380
53 400
54 99
54 106
54 190
54 192
54 212
54 214
54 247
54 252
54 264
54 284
54 327
54 361
54 369
54 378
54 399
54 403
54 423
54 441
55 115
55 151
55 155
55 167
55 281
55 300
55 478
56 63
56 78
56 89
56 125
56 131
56 202
56 229
56 238
56 246
56 250
56 326
56 349
56 460
57 88
57 96
57 106
57 159
57 160
57 189
57 218
57 343
57 424
57 450
57 474
57 497
57 500
58 109
58 121
58 201
58 278
58 300
58 336
58 388
58 439
58 442
58 444
59 93
59 116
59 131
59 146
59 221
59 236
59 238
59 250
59 305
59 401
59 415
59 424
60 65
60 124
60 131
60 169
60 176
60 190
60 256
60 262
60 272
60 301
60 317
60 386
60 397
60 491
61 82
61 133
61 155
61 203
61 241
61 249
61 357
61 423
61 437
61 457
61 458
61 477
61 510
62 101
62 109
62 157
62 180
62 213
62 222
62 225
62 247
62 262
62 290
62 327
62 362
62 391
62 408
62 420
62 435
62 456
62 509
62 510
63 112
63 152
63 208
63 216
63 258
63 261
63 262
63 283
63 319
63 471
64 96
64 136
64 215
64 218
64 293
64 359
64 439
64 441
64 456
64 480
65 72
65 140
65 170
65 178
65 225
65 254
65 282
65 358
65 466
66 73
66 139
66 182
66 210
66 234
66 236
66 346
67 68
67 106
67 143
67 149
67 187
67 255
67 276
67 310
67 392
67 467
68 92
68 95
68 234
68 250
68 311
69 73
69 155
69 252
69 288
69 301
69 321
69 426
69 447
70 99
70 122
70 147
70 150
70 225
70 226
70 364
70 391
70 406
70 436
70 445
70 455
70 471
70 504
71 84
71 96
71 198
71 216
71 219
71 221
71 232
71 288
71 344
71 346
71 367
71 420
71 469
71 478
72 80
72 108
72 173
72 192
72 202
72 206
72 210
72 244
72 350
72 375
72 389
72 435
72 440
73 74
73 77
73 99
73 127
73 182
73 333
73 382
73 383
73 392
73 421
73 506
74 97
74 116
74 251
74 371
74 415
74 427
74 470
75 85
75 91
75 139
75 260
75 267
75 346
75 347
75 422
75 441
76 238
76 286
76 316
76 370
76 393
76 401
77 177
77 193
77 254
77 256
77 266
77 319
77 347
77 358
77 394
77 404
77 463
78 128
78 151
78 203
78 214
78 290
78 297
78 414
78 441
78 467
78 470
79 97
79 211
79 225
79 277
79 329
79 335
79 346
79 378
79 404
79 416
79 462
79 480
80 88
80 90
80 117
80 126
80 204
80 288
80 390
80 463
81 113
81 124
81 206
81 220
81 227
81 261
81 264
81 306
81 364
81 391
81 433
81 450
81 477
82 86
82 113
82 126
82 155
82 164
82 234
82 290
82 332
82 367
82 395
82 450
82 468
83 85
83 89
83 291
83 331
83 355
83 399
83 420
83 470
84 142
84 171
84 326
84 358
84 430
84 431
84 445
84 448
85 106
85 140
85 225
85 253
85 257
85 284
85 288
85 352
85 356
85 406
85 413
85 478
85 499
86 107
86 213
86 217
86 219
86 239
86 292
86 352
86 353
86 389
86 424
86 451
86 453
87 214
87 230
87 252
87 258
87 284
87 319
87 399
87 400
88 97
88 226
88 276
88 304
88 385
88 481
88 485
88 509
89 136
89 210
89 347
89 397
89 418
89 433
89 471
90 93
90 100
90 152
90 175
90 178
90 243
90 264
90 378
90 417
90 442
90 462
90 470
90 471
90 479
91 134
91 163
91 165
91 184
91 206
91 240
91 347
91 401
91 406
91 418
91 440
91 448
91 461
91 488
91 509
92 127
92 138
92 191
92 209
92 217
92 297
92 304
92 323
92 443
92 469
92 507
93 169
93 329
93 339
93 376
93 382
93 428
93 478
93 500
93 507
94 131
94 164
94 234
94 258
94 349
94 363
94 388
94 506
95 121
95 139
95 141
95 183
95 191
95 199
95 205
95 264
95 268
95 276
95 327
95 343
95 389
95 433
95 501
96 199
96 252
96 256
96 336
97 123
97 124
97 140
97 146
97 205
97 257
97 326
97 338
97 349
97 356
97 490
98 136
98 143
98 235
98 333
98 338
98 345
98 357
98 444
99 130
99 175
99 187
99 220
99 249
99 314
99 319
99 339
99 346
99 402
99 424
99 473
100 161
100 233
100 244
100 275
100 406
100 422
100 470
101 117
101 161
101 191
101 199
101 214
101 219
101 225
101 279
101 313
101 358
101 441
101 476
101 510
102 116
102 203
102 214
102 281
102 287
102 293
102 404
102 457
102 472
102 486
102 488
102 499
103 145
103 152
103 168
103 286
103 317
103 337
103 421
103 456
103 507
104 198
104 210
104 284
104 297
104 318
104 332
104 358
104 362
104 406
104 410
104 495
105 124
105 153
105 183
105 222
105 228
105 257
105 315
105 385
105 387
105 410
105 418
105 489
106 128
106 140
106 144
106 182
106 280
106 322
106 335
106 359
106 400
106 425
107 115
107 156
107 207
107 267
107 305
107 306
107 337
107 342
107 343
107 362
107 380
107 395
107 447
107 451
107 454
107 471
107 472
108 136
108 190
108 255
108 275
108 278
108 282
108 314
108 339
108 376
108 405
108 477
109 117
109 132
109 140
109 161
109 290
109 296
109 305
109 361
109 382
109 384
109 399
109 435
109 438
109 492
109 500
110 159
110 168
110 219
110 268
110 278
110 339
110 350
110 400
110 425
110 473
111 186
111 191
111 270
111 330
111 355
111 402
111 403
111 424
111 462
112 138
112 266
112 358
112 359
112 448
112 457
112 462
112 472
113 142
113 193
113 222
113 262
113 441
113 471
113 503
114 129
114 152
114 185
114 268
114 274
114 360
114 403
114 458
114 474
115 123
115 131
115 165
115 179
115 251
115 361
115 372
115 389
115 450
115 478
115 480
115 510
116 153
116 206
116 240
116 314
116 322
116 335
116 349
116 470
116 476
116 481
117 212
117 230
117 240
117 288
117 306
117 399
117 459
117 472
117 477
118 151
118 276
118 285
118 299
118 335
118 377
118 408
118 412
118 422
118 430
118 496
119 134
119 185
119 186
119 188
119 273
119 294
119 329
119 359
119 375
119 414
119 422
119 481
120 158
120 252
120 255
120 262
120 401
120 409
120 464
120 486
120 506
121 124
121 199
121 205
121 255
121 311
121 323
121 346
121 370
121 417
121 418
121 431
121 444
122 132
122 143
122 151
122 197
122 216
122 309
122 331
122 345
122 347
122 362
122 368
122 437
122 463
122 474
122 480
123 162
123 197
123 232
123 236
123 332
123 384
123 421
123 423
123 485
124 125
124 172
124 211
124 216
124 246
124 263
124 268
124 286
124 305
124 363
124 404
124 473
124 474
124 475
125 126
125 131
125 154
125 169
125 436
125 442
125 498
126 217
126 254
126 317
126 322
126 333
126 445
127 184
127 286
127 386
127 421
127 440
127 454
128 147
128 213
128 219
128 247
128 272
128 300
128 316
128 325
128 342
128 395
128 397
128 406
128 479
129 151
129 161
129 218
129 233
129 340
129 363
129 399
129 442
129 464
129 483
130 164
130 185
130 250
130 275
130 342
130 390
130 446
131 138
131 160
131 174
131 292
131 303
131 393
131 394
132 166
132 169
132 170
132 222
132 224
132 236
132 241
132 246
132 267
132 311
132 313
132 321
132 388
132 394
132 409
132 423
132 455
132 461
133 151
133 193
133 208
133 221
133 230
133 267
133 287
133 291
133 319
133 322
133 345
133 366
133 398
133 466
133 501
134 249
134 284
134 310
134 313
134 316
134 341
134 371
134 474
134 480
135 285
135 286
135 295
135 300
135 307
135 403
135 508
136 144
136 180
136 184
136 232
136 240
136 290
136 293
136 294
136 316
136 330
136 410
136 441
136 448
136 462
136 476
137 188
137 191
137 197
137 227
137 267
137 297
137 321
137 333
137 383
137 488
137 504
138 324
138 358
138 373
138 395
138 419
138 453
138 490
139 182
139 196
139 216
139 223
139 238
139 334
139 336
139 339
139 394
139 495
140 167
140 200
140 251
140 290
140 293
140 350
140 382
140 389
140 398
140 439
140 506
141 150
141 210
141 253
141 260
141 278
141 339
141 351
141 355
141 394
141 460
141 486
141 504
142 191
142 226
142 229
142 256
142 297
142 317
142 334
142 340
142 388
142 407
142 420
142 440
142 453
142 497
143 153
143 163
143 243
143 252
143 282
143 285
143 296
143 313
143 392
143 458
144 188
144 238
144 369
144 376
144 430
145 321
145 408
145 414
145 419
145 436
145 438
145 439
145 466
145 479
145 504
145 511
146 156
146 168
146 192
146 199
146 220
146 355
146 380
146 427
146 510
147 195
147 270
147 283
147 351
147 361
147 400
147 424
148 192
148 231
148 235
148 319
148 334
148 456
148 492
149 197
149 237
149 250
149 281
149 297
149 353
149 382
149 391
149 412
149 445
149 495
150 250
150 286
150 296
150 408
150 463
150 473
150 500
151 202
151 254
151 338
151 352
151 457
151 477
152 155
152 250
152 269
152 270
152 289
152 337
152 409
152 465
153 220
153 259
153 304
153 366
154 204
154 228
154 242
154 265
154 322
154 344
154 348
154 388
154 437
154 469
155 185
155 204
155 281
155 330
155 379
155 386
155 389
155 393
155 419
155 457
155 475
155 476
155 478
156 261
156 297
156 298
156 356
156 426
156 454
156 497
157 191
157 302
157 339
157 353
157 371
157 393
157 401
157 411
157 423
157 454
157 505
158 160
158 173
158 205
158 233
158 259
158 299
158 309
158 312
158 328
158 444
159 164
159 188
159 194
159 259
159 267
159 270
159 286
159 298
159 340
159 341
159 360
159 365
159 389
159 397
160 190
160 243
160 273
160 300
160 325
160 334
160 383
160 393
160 409
160 456
160 485
160 511
161 201
161 229
161 266
161 289
161 334
161 424
161 458
161 495
162 223
162 241
162 351
162 434
162 451
162 478
162 490
163 171
163 189
163 217
163 233
163 246
163 282
163 333
163 357
163 466
164 170
164 252
164 419
164 467
165 167
165 180
165 212
165 254
165 348
165 390
165 499
166 197
166 269
166 286
166 305
166 378
166 465
167 186
167 192
167 247
167 305
167 344
167 462
167 481
168 215
168 229
168 255
168 259
168 311
168 388
168 467
169 173
169 253
169 261
169 334
169 344
169 445
169 452
169 489
170 183
170 194
170 329
170 482
171 219
171 236
171 239
171 279
171 286
171 287
171 332
171 395
171 399
171 405
171 436
171 442
171 451
171 474
171 484
172 200
172 201
172 227
172 283
172 351
172 393
172 404
172 423
172 436
172 444
172 469
173 220
173 266
173 297
173 336
173 378
173 443
174 209
174 212
174 266
174 305
174 372
175 243
175 255
175 298
175 330
175 442
175 443
175 487
176 201
176 331
176 341
176 371
176 414
176 473
176 501
177 196
177 214
177 273
177 276
177 288
177 290
177 304
177 325
177 343
177 362
177 425
177 431
177 473
177 483
177 511
178 215
178 268
178 306
178 318
178 400
178 406
178 408
178 437
178 511
179 218
179 413
180 204
180 255
180 338
180 379
180 386
180 408
180 505
181 216
181 220
181 257
181 317
181 324
181 339
181 380
181 405
181 415
181 424
182 194
182 244
182 256
182 323
182 342
182 343
182 360
182 397
182 431
183 237
183 249
183 268
183 278
183 297
183 306
183 322
183 396
183 407
183 489
183 502
184 234
184 257
184 273
184 274
184 282
184 319
184 375
184 411
184 465
184 506
184 507
185 250
185 287
185 294
185 333
185 402
185 430
185 456
185 498
186 251
186 292
186 369
186 394
186 419
186 428
186 451
186 483
186 484
187 238
187 249
187 277
187 315
187 337
187 338
187 414
187 433
187 458
187 478
188 190
188 195
188 213
188 286
188 287
188 325
188 349
188 379
188 405
188 465
188 490
189 190
189 210
189 221
189 275
189 326
189 380
189 405
189 443
189 488
189 497
190 196
190 204
190 298
190 403
190 482
190 499
191 237
191 314
191 328
191 341
191 393
191 498
191 505
192 283
192 315
192 368
192 393
192 429
192 441
192 497
192 502
193 212
193 297
193 327
193 330
193 397
193 400
193 420
193 438
193 440
194 285
194 389
194 452
195 330
195 492
196 216
196 329
196 337
196 340
196 398
196 441
197 214
197 216
197 286
197 296
197 339
197 349
197 363
197 399
197 420
197 429
198 247
198 269
198 298
198 317
198 356
198 396
198 398
198 441
198 476
198 485
199 201
199 216
199 253
199 258
199 262
199 291
199 400
199 443
199 458
199 467
200 220
200 223
200 280
200 281
200 287
200 333
200 438
200 465
201 340
201 350
201 382
201 468
201 494
201 504
201 507
202 232
202 264
202 304
202 365
202 366
202 441
202 468
202 474
203 259
203 268
203 343
203 356
203 367
203 389
203 425
203 510
204 236
204 242
204 295
204 300
204 318
204 361
204 474
205 222
205 259
205 266
205 267
205 312
205 314
205 361
205 480
205 485
205 509
206 245
206 270
206 305
206 419
206 450
206 483
206 497
207 264
207 298
207 370
207 432
207 447
208 267
208 332
208 398
209 231
209 238
209 328
209 337
209 348
209 351
209 358
209 402
209 484
209 492
210 226
210 233
210 266
210 400
210 422
210 440
211 266
211 492
211 496
211 509
212 220
212 249
212 389
212 440
212 442
212 452
213 235
213 289
213 455
213 456
213 464
214 240
214 256
214 312
214 409
215 243
215 298
215 301
215 339
215 353
215 358
215 359
215 453
216 256
216 296
216 335
216 405
216 427
216 456
216 486
217 336
217 363
217 426
217 431
217 453
217 460
217 477
217 478
217 484
218 273
218 311
218 328
219 220
219 245
219 276
219 277
219 315
219 374
219 378
219 418
219 454
219 482
219 508
219 511
220 229
220 230
220 244
220 252
220 257
220 291
220 299
220 339
220 406
221 237
221 242
221 253
221 271
221 276
221 372
221 395
222 310
222 415
222 431
222 461
222 464
222 472
222 484
222 499
223 254
223 270
223 282
223 339
223 370
223 374
223 402
223 433
223 491
224 266
224 286
224 301
224 402
224 413
224 461
224 506
225 283
225 334
225 432
225 458
225 470
226 233
226 273
226 357
226 402
226 418
226 432
226 490
226 494
227 262
227 283
227 284
227 302
227 390
227 406
227 458
227 472
228 249
228 315
228 472
229 267
229 318
229 331
229 335
229 351
229 364
229 446
229 453
229 456
229 458
229 505
230 232
230 261
230 272
230 296
230 298
230 330
230 355
230 378
230 444
230 483
231 240
231 339
231 383
231 415
231 418
231 429
231 447
231 468
231 508
232 310
232 314
232 334
232 428
232 448
232 470
232 471
232 509
233 278
233 323
233 346
233 424
233 450
233 499
234 244
234 269
234 282
234 334
234 441
234 444
234 466
234 478
235 267
235 310
235 319
235 430
235 440
235 500
236 251
236 331
236 338
236 346
236 383
236 418
236 438
236 469
236 485
236 493
237 341
237 364
237 399
237 441
237 481
238 259
238 275
238 280
238 285
238 367
238 464
239 261
239 413
239 454
239 456
239 458
240 301
240 318
240 323
240 352
240 426
240 432
240 438
240 444
240 462
240 504
241 283
241 289
241 380
241 410
241 444
241 473
241 475
241 503
242 246
242 278
242 387
242 401
242 416
242 483
243 286
243 397
243 408
243 451
243 457
244 262
244 271
244 274
244 293
244 302
244 310
244 313
244 360
244 437
244 442
244 468
245 284
245 329
245 339
245 342
245 360
245 372
245 384
245 407
245 435
245 440
245 485
245 486
245 487
246 272
246 303
246 363
246 368
246 406
246 435
246 443
246 448
246 464
246 499
247 267
247 304
247 320
247 406
247 410
247 469
247 478
248 255
248 279
248 394
248 459
248 474
249 280
249 286
249 287
249 311
249 315
249 383
249 386
249 408
249 410
249 419
249 486
249 505
250 301
250 327
250 354
250 360
250 363
250 390
250 437
250 478
250 493
251 285
251 295
251 325
251 376
251 378
251 380
251 417
251 472
251 508
252 290
252 316
252 352
252 357
252 358
252 447
252 455
252 496
253 288
253 318
253 324
253 358
253 384
253 481
254 309
254 318
254 401
255 262
255 341
255 362
255 386
255 483
256 334
256 378
256 434
257 335
257 361
257 394
257 403
257 471
257 480
258 298
258 402
258 433
258 491
259 266
259 476
260 294
260 329
260 358
260 432
260 458
261 374
261 386
261 393
261 481
261 483
261 489
262 374
262 455
262 477
262 483
262 499
263 291
263 396
263 400
263 447
263 486
264 339
264 446
264 481
264 496
264 507
265 294
265 295
265 307
265 339
265 351
265 430
265 434
265 459
265 470
265 502
266 274
266 317
266 320
266 326
266 355
266 390
266 460
266 502
267 368
267 377
267 413
267 421
267 434
267 465
268 373
269 285
269 370
269 410
269 433
269 474
270 280
270 294
270 335
270 376
270 416
271 315
271 329
271 367
271 387
271 396
271 409
271 450
272 338
272 408
272 452
272 470
273 326
273 345
273 391
273 432
273 438
273 453
274 282
274 347
274 381
274 384
274 494
275 291
275 303
275 326
275 374
276 317
276 339
276 345
276 360
276 375
276 380
276 464
277 320
278 315
278 332
278 346
278 390
278 458
279 412
279 444
280 295
280 303
280 320
280 323
280 387
280 438
280 466
281 290
281 315
281 370
282 326
282 331
282 349
282 389
282 391
282 406
282 452
282 460
282 465
282 489
283 310
283 324
283 485
283 511
284 325
284 337
284 456
285 373
285 410
286 341
286 372
286 379
286 435
286 470
287 425
287 436
287 460
287 467
287 494
287 496
288 298
288 311
288 326
288 332
288 355
288 386
288 404
288 445
288 490
289 319
289 353
289 373
289 484
290 346
290 376
290 377
290 394
291 295
291 323
291 399
291 433
291 458
291 488
292 317
292 389
293 294
293 376
293 378
293 436
293 438
293 507
294 357
294 476
294 483
295 299
295 328
295 349
295 382
295 386
295 433
295 472
295 482
296 306
296 459
296 487
296 489
297 327
297 336
297 398
297 495
298 332
298 360
298 373
298 460
299 311
299 494
300 327
300 334
300 379
300 382
300 443
300 453
300 479
301 321
301 471
301 496
301 511
302 335
302 394
302 427
303 308
303 313
303 370
303 374
303 452
303 455
303 465
303 473
303 511
304 415
304 476
305 326
305 374
305 399
305 431
305 477
305 494
306 323
306 357
306 380
306 391
306 392
306 433
306 447
306 464
306 466
306 472
306 491
307 328
307 341
307 370
307 411
307 412
307 416
307 425
307 439
307 474
307 500
307 511
308 333
308 397
308 441
308 497
308 510
309 313
309 337
309 364
309 383
309 437
309 468
310 321
310 356
310 391
310 396
310 408
310 427
310 510
311 327
311 346
311 456
311 477
312 407
312 459
312 495
312 505
313 367
313 406
313 467
313 494
314 318
314 323
314 359
314 402
314 467
315 377
315 424
315 444
315 445
315 479
316 325
316 341
316 365
316 411
316 449
316 492
317 397
317 402
317 422
317 437
317 473
318 319
318 329
318 341
318 344
318 353
318 369
318 445
318 470
319 339
319 365
319 375
319 377
319 384
319 393
319 442
319 464
319 503
319 505
320 448
320 469
321 330
321 500
322 357
322 438
322 470
322 484
322 485
323 350
323 364
323 406
323 490
323 510
324 325
324 328
324 332
324 345
324 372
324 392
324 404
324 432
324 441
324 456
325 383
325 487
325 490
325 499
326 340
326 375
326 417
326 418
326 439
326 461
326 468
327 351
327 385
327 405
327 411
327 432
327 451
328 357
328 478
328 505
329 378
330 384
330 468
330 502
331 350
331 359
331 407
331 436
331 449
332 362
332 409
332 410
332 437
332 480
333 382
333 418
333 471
333 485
334 337
334 360
334 368
334 452
334 487
335 348
335 376
335 462
335 496
335 500
336 354
336 389
336 478
336 485
337 358
337 365
337 395
337 406
337 487
337 507
338 353
338 388
338 442
338 457
339 358
339 379
339 381
339 387
339 422
339 455
340 419
340 440
340 453
340 480
340 490
340 509
341 424
341 466
341 471
342 382
342 412
342 443
342 457
342 467
342 496
343 369
343 400
343 437
343 438
343 453
343 508
344 450
344 481
344 508
345 436
345 460
345 503
346 351
346 358
346 416
346 477
346 484
346 487
347 350
347 422
347 440
347 443
348 386
348 389
348 402
348 418
348 432
348 488
348 491
349 392
349 406
350 367
350 378
350 411
350 420
350 430
350 431
350 467
350 486
351 360
351 395
351 411
351 458
351 460
352 376
352 380
352 381
352 395
352 402
352 419
352 424
352 504
353 445
353 453
353 471
353 472
353 478
353 491
354 375
354 415
354 419
354 471
355 384
355 388
355 464
355 481
356 362
356 365
356 447
356 453
356 467
356 499
356 511
357 381
357 388
357 426
357 495
357 506
358 378
358 483
360 402
360 411
360 424
360 426
361 378
361 401
362 378
362 461
362 470
363 374
363 502
364 463
365 368
365 388
365 402
365 425
365 438
365 450
366 418
366 443
366 450
366 462
367 380
367 393
367 400
367 417
367 428
367 430
367 452
367 453
367 455
367 499
368 386
368 414
368 461
368 487
369 398
369 424
369 456
369 487
369 491
370 407
370 408
370 430
370 439
370 446
370 483
371 399
371 428
371 439
371 449
371 457
371 480
372 409
372 426
372 485
372 493
373 380
373 387
373 425
373 462
373 478
373 481
374 469
374 488
374 511
375 422
375 457
375 485
376 387
376 391
376 407
376 507
377 380
377 411
378 392
378 426
378 433
378 440
378 469
378 507
379 491
379 503
380 407
380 503
381 400
381 406
381 422
381 466
381 492
382 420
383 389
383 413
383 432
384 408
384 438
384 443
384 484
385 390
385 406
385 419
386 417
386 425
386 476
386 479
387 412
387 424
387 435
387 439
387 478
387 509
387 510
388 400
388 430
388 451
388 452
388 479
388 491
388 507
389 504
389 508
390 431
390 480
391 453
391 511
392 452
392 458
392 500
392 505
393 417
393 420
393 433
393 477
394 401
394 405
394 423
395 482
396 414
396 419
396 510
397 404
397 409
398 403
398 427
398 473
398 485
399 410
399 416
399 419
399 455
399 463
399 489
399 499
400 455
400 482
402 411
402 448
402 488
403 433
404 452
405 423
405 433
405 478
405 483
406 462
406 471
407 471
407 499
407 503
408 441
408 454
408 455
408 505
409 441
409 487
409 490
410 426
410 448
410 484
411 416
411 433
411 453
412 423
412 436
413 452
414 501
415 488
416 481
416 500
416 504
416 508
418 421
419 470
419 472
419 474
419 508
420 432
420 446
422 435
422 484
423 440
423 454
423 465
424 481
424 499
425 427
425 433
425 473
426 485
427 439
427 452
427 471
428 434
428 439
428 455
428 474
430 432
430 433
430 459
430 482
430 493
431 483
432 443
433 455
433 460
433 479
433 508
434 457
434 492
435 510
436 491
437 438
437 442
437 480
438 443
438 449
438 476
438 499
438 505
439 453
439 489
439 505
440 441
440 446
440 473
441 443
441 479
442 502
443 488
444 457
444 462
445 507
446 477
448 474
448 505
449 458
449 484
450 469
450 488
452 475
452 479
452 482
452 489
454 467
454 483
456 469
456 504
457 465
457 503
458 474
461 486
461 490
461 508
462 476
462 488
463 464
463 469
464 486
464 493
465 466
465 495
465 510
466 479
466 507
467 471
468 471
468 507
469 470
471 501
472 482
472 501
474 483
474 495
475 502
476 501
476 507
477 499
479 501
480 508
482 490
482 505
483 496
484 492
486 497
492 502
493 494
494 504
494 508
498 501
