0 74
0 95
0 183
0 271
0 390
1 7
1 11
1 66
1 72
1 246
1 307
1 341
1 385
2 80
2 105
2 108
2 137
2 238
2 280
2 365
2 411
2 489
3 51
3 69
3 177
3 182
3 309
3 356
3 384
3 447
4 60
4 94
4 113
4 172
4 186
4 190
4 203
4 230
4 248
4 276
4 284
4 346
4 363
4 461
4 475
5 8
5 108
5 162
5 167
5 196
5 230
5 234
5 241
5 353
5 495
6 112
6 124
6 195
6 212
6 359
6 374
6 484
6 507
7 24
7 33
7 99
7 107
7 121
7 469
7 493
8 27
8 59
8 127
8 171
8 206
8 358
8 361
8 378
8 441
8 469
8 476
8 484
9 32
9 46
9 87
9 119
9 134
9 159
9 172
9 253
9 323
9 326
9 374
9 451
9 497
9 509
10 24
10 63
10 88
10 159
10 183
10 201
10 220
10 232
10 272
10 274
10 432
11 33
11 65
11 69
11 89
11 146
11 185
11 197
11 198
11 207
11 221
11 253
11 275
11 283
11 305
11 321
11 344
11 350
11 370
11 390
12 37
12 88
12 115
12 181
12 367
12 386
12 393
12 401
12 410
12 423
12 475
12 485
12 491
13 26
13 67
13 165
13 195
13 264
13 279
13 282
13 367
13 450
13 473
13 479
13 482
14 101
14 115
14 154
14 160
14 162
14 204
14 207
14 257
14 274
14 308
14 322
14 350
14 444
15 64
15 78
15 80
15 143
15 290
15 298
15 372
15 374
15 382
15 440
15 480
15 497
16 22
16 46
16 63
16 79
16 138
16 153
16 213
16 215
16 231
16 236
16 305
16 353
16 363
16 447
16 456
16 507
17 26
17 180
17 196
17 274
17 289
17 331
17 334
17 434
17 453
17 478
17 497
18 143
18 234
18 253
18 259
18 262
18 311
18 354
18 396
18 447
18 455
19 26
19 40
19 45
19 79
19 84
19 104
19 126
19 129
19 189
19 248
19 279
19 293
19 307
19 313
19 325
19 330
19 399
19 450
19 459
19 488
19 495
20 41
20 68
20 74
20 115
20 126
20 214
20 223
20 264
20 268
20 293
20 296
20 315
20 387
20 454
20 505
21 26
21 32
21 93
21 225
21 248
21 250
21 287
21 357
21 386
21 445
21 503
22 95
22 124
22 160
22 219
22 226
22 242
22 280
22 400
22 412
22 450
23 63
23 153
23 164
23 168
23 171
23 174
23 267
23 281
23 282
23 328
23 374
23 382
23 429
23 497
23 502
24 69
24 102
24 146
24 269
25 43
25 130
25 156
25 180
25 198
25 276
25 327
25 384
25 493
26 88
26 91
26 170
26 195
26 243
26 322
26 334
26 336
26 391
26 468
26 508
27 116
27 123
27 207
27 251
27 333
27 336
27 367
27 372
27 417
27 491
27 511
28 65
28 87
28 122
28 152
28 211
28 217
28 300
28 304
28 373
28 395
28 405
28 411
28 413
29 109
29 153
29 159
29 232
29 235
29 246
29 290
29 325
29 329
29 331
29 346
29 402
29 405
29 430
29 446
29 457
30 31
30 50
30 109
30 118
30 121
30 122
30 161
30 185
30 190
30 248
30 373
30 402
30 468
30 473
31 42
31 64
31 122
31 125
31 127
31 155
31 180
31 243
31 298
31 300
31 380
31 415
31 456
31 507
32 51
32 58
32 75
32 77
32 84
32 120
32 142
32 223
32 235
32 352
32 353
32 357
32 396
32 477
33 57
33 60
33 88
33 206
33 232
33 257
33 271
33 303
33 311
33 399
33 440
33 445
33 475
34 124
34 129
34 133
34 305
34 324
34 328
34 393
34 396
34 441
34 443
34 459
34 474
34 492
35 41
35 70
35 110
35 113
35 146
35 161
35 162
35 192
35 197
35 201
35 204
35 233
35 237
35 250
35 251
35 305
35 317
35 421
35 511
36 49
36 51
36 153
36 167
36 197
36 216
36 229
36 231
36 275
36 301
36 343
36 355
36 401
36 410
36 495
37 47
37 93
37 95
37 164
37 222
37 227
37 297
37 356
37 492
38 44
38 83
38 111
38 147
38 159
38 193
38 232
38 240
38 268
38 313
38 328
38 332
38 344
38 378
38 441
38 473
38 476
39 45
39 55
39 82
39 124
39 231
39 294
39 344
39 392
39 417
39 454
39 461
39 473
39 486
39 489
39 498
39 500
40 209
40 239
40 244
40 250
40 254
40 263
40 280
40 343
40 374
40 380
40 395
40 411
40 415
40 499
41 72
41 116
41 183
41 207
41 210
41 272
41 288
41 336
41 380
41 381
41 488
41 507
42 62
42 90
42 104
42 153
42 242
42 249
42 318
42 356
42 370
42 383
42 416
43 59
43 142
43 173
43 199
43 205
43 292
43 304
43 315
43 318
43 390
43 396
44 58
44 106
44 151
44 156
44 201
44 241
44 312
44 343
44 370
44 379
44 450
44 470
44 498
45 94
45 96
45 102
45 111
45 120
45 160
45 188
45 211
45 260
45 266
45 315
45 316
45 333
45 440
45 474
45 493
46 88
46 180
46 185
46 204
46 212
46 237
46 266
46 283
46 299
46 341
46 460
46 493
47 48
47 107
47 123
47 153
47 243
47 253
47 308
47 367
47 459
48 86
48 136
48 141
48 289
48 346
48 362
48 365
48 406
48 436
48 439
48 479
48 487
49 64
49 72
49 75
49 86
49 141
49 261
49 289
49 336
49 378
49 416
49 437
49 456
49 481
49 509
50 113
50 120
50 130
50 133
50 204
50 216
50 230
50 252
50 292
50 376
51 91
51 103
51 110
51 191
51 307
51 327
51 391
52 139
52 187
52 205
52 228
52 240
52 342
52 352
52 397
52 462
52 482
52 500
53 65
53 76
53 86
53 118
53 217
53 247
53 279
53 338
53 367
53 373
53 404
53 409
53 414
53 433
53 458
54 68
54 75
54 100
54 128
54 160
54 163
54 187
54 297
54 368
54 383
54 385
54 457
54 502
54 505
55 65
55 73
55 87
55 118
55 133
55 271
55 285
55 328
55 336
55 358
55 370
55 411
55 465
56 59
56 115
56 158
56 194
56 241
56 247
56 282
56 311
56 317
56 332
56 333
56 354
56 358
56 406
56 452
56 463
56 464
57 128
57 214
57 231
57 237
57 242
57 280
57 292
57 419
57 458
57 459
57 479
58 156
58 177
58 206
58 224
58 234
58 277
58 293
58 350
59 138
59 153
59 200
59 204
59 220
59 403
59 460
59 478
59 489
59 497
60 62
60 167
60 249
60 262
60 303
60 329
60 386
60 428
60 474
61 72
61 100
61 164
61 318
61 356
61 422
61 478
61 479
61 507
62 146
62 212
62 244
62 287
62 369
62 488
62 495
63 260
63 269
63 302
63 363
63 390
63 397
63 398
63 459
63 485
63 504
64 76
64 113
64 116
64 150
64 230
64 269
64 275
64 277
64 283
64 374
64 406
64 429
64 493
65 70
65 117
65 173
65 230
65 243
65 277
65 278
65 318
65 333
65 352
65 391
65 399
65 407
65 456
65 508
66 84
66 103
66 169
66 177
66 300
66 321
66 333
66 363
66 365
66 392
66 405
66 411
66 461
66 464
66 473
66 486
66 500
67 176
67 209
67 378
67 436
68 77
68 98
68 137
68 155
68 159
68 178
68 181
68 224
68 229
68 290
68 351
68 361
68 392
68 427
68 495
68 498
68 511
69 137
69 163
69 208
69 236
69 265
69 289
69 318
69 379
69 392
69 434
69 442
69 464
70 88
70 141
70 194
70 256
70 258
70 267
70 275
70 360
70 421
70 449
70 461
71 93
71 102
71 191
71 197
71 229
71 245
71 271
71 291
71 324
71 474
72 137
72 254
72 289
72 319
72 344
72 376
72 436
72 469
72 478
72 495
73 100
73 168
73 212
73 226
73 291
73 315
73 384
74 90
74 108
74 123
74 126
74 162
74 185
74 186
74 272
74 300
74 313
74 349
74 394
74 407
74 438
74 466
75 243
75 292
75 309
75 346
75 375
75 398
75 404
75 489
76 126
76 152
76 156
76 183
76 213
76 354
76 401
76 492
77 80
77 186
77 235
77 342
77 353
77 416
77 438
77 448
77 468
77 492
77 496
77 508
78 183
78 210
78 227
78 284
78 319
78 334
78 370
78 377
78 421
78 477
78 505
78 506
78 510
79 178
79 181
79 245
79 450
79 491
80 162
80 163
80 168
80 173
80 191
80 304
80 339
80 426
81 89
81 152
81 183
81 190
81 206
81 232
81 235
81 300
81 406
81 450
81 478
82 84
82 155
82 300
82 313
82 327
82 375
82 388
82 469
83 145
83 147
83 260
83 397
83 402
83 407
83 448
83 452
83 461
83 468
83 475
83 496
84 107
84 142
84 158
84 199
84 230
84 279
84 281
84 320
84 333
84 342
84 357
84 391
84 456
84 487
85 100
85 105
85 117
85 135
85 143
85 150
85 154
85 156
85 158
85 208
85 221
85 253
85 328
85 395
85 418
85 430
85 450
85 474
86 201
86 205
86 209
86 217
86 219
86 236
86 266
86 267
86 318
86 355
86 383
86 417
86 477
86 485
86 493
86 510
87 120
87 121
87 144
87 202
87 230
87 251
87 301
87 303
87 382
87 480
88 146
88 186
88 198
88 262
88 291
88 299
88 308
88 389
88 419
88 420
88 430
88 506
88 510
89 103
89 117
89 166
89 208
89 218
89 235
89 245
89 283
89 352
89 360
89 394
89 470
89 495
90 193
90 218
90 268
90 383
90 391
90 407
90 422
90 426
90 503
91 128
91 168
91 344
91 352
91 431
92 128
92 131
92 232
92 261
92 351
92 379
92 381
92 447
92 461
92 477
92 479
93 349
93 380
93 381
93 427
93 439
93 454
93 465
94 117
94 155
94 258
94 268
94 432
94 456
94 488
95 98
95 121
95 136
95 198
95 289
95 290
95 322
95 344
95 374
95 388
95 403
95 404
95 489
96 135
96 137
96 143
96 150
96 223
96 250
96 302
96 311
96 370
96 455
96 466
96 509
97 153
97 158
97 201
97 257
97 297
97 361
97 368
97 384
97 414
97 500
98 131
98 171
98 191
98 250
98 254
98 335
98 373
98 386
98 447
98 453
99 115
99 121
99 162
99 165
99 187
99 202
99 251
99 293
99 294
99 319
99 373
99 385
99 408
99 420
99 484
100 166
100 195
100 335
100 344
100 364
100 366
100 378
100 414
100 434
100 456
100 498
100 510
101 174
101 206
101 235
101 271
101 327
101 396
101 404
101 413
102 142
102 154
102 169
102 188
102 326
102 362
102 401
102 406
102 436
102 494
102 500
103 114
103 117
103 135
103 146
103 210
103 278
103 507
104 176
104 185
104 187
104 189
104 312
104 407
104 409
104 410
104 445
105 177
105 180
105 222
105 227
105 229
105 297
105 306
105 316
105 328
105 365
105 441
105 494
106 149
106 315
106 334
106 366
106 367
106 372
106 431
106 500
106 510
106 511
107 113
107 140
107 155
107 181
107 218
107 242
107 255
107 259
107 275
107 282
107 397
107 404
107 450
107 463
108 115
108 157
108 161
108 172
108 224
108 255
108 270
108 283
108 296
108 306
108 309
108 315
108 387
108 390
109 158
109 159
109 160
109 163
109 178
109 192
109 236
109 286
109 395
109 431
109 434
109 467
109 471
109 472
109 502
110 121
110 172
110 216
110 235
110 247
110 250
110 272
110 288
110 310
110 311
110 486
111 176
111 195
111 230
111 260
111 353
111 354
111 386
111 412
111 422
111 438
111 481
112 158
112 169
112 193
112 195
112 242
112 450
112 475
113 134
113 137
113 138
113 258
113 266
113 311
113 320
113 323
113 454
113 457
113 492
113 511
114 117
114 144
114 167
114 173
114 188
114 228
114 237
114 245
114 265
114 291
114 307
114 311
114 323
114 377
114 417
114 426
114 462
114 488
114 492
115 122
115 123
115 128
115 130
115 162
115 196
115 222
115 290
115 305
115 317
115 497
116 235
116 368
116 487
116 502
116 505
117 155
117 172
117 173
117 198
117 363
117 381
118 123
118 211
118 249
118 326
118 377
118 413
118 431
118 496
119 124
119 173
119 196
119 232
119 301
119 363
119 375
119 380
119 410
119 480
119 486
120 135
120 147
120 180
120 185
120 258
120 268
120 287
120 316
120 325
120 377
120 398
120 400
120 460
120 471
120 489
120 508
121 187
121 229
121 277
121 285
121 288
121 337
121 374
121 415
121 445
121 461
121 479
121 489
121 500
122 153
122 224
122 252
122 286
122 302
122 338
122 386
122 390
122 402
122 446
122 475
123 136
123 143
123 170
123 181
123 260
123 295
123 351
123 356
123 366
123 419
124 136
124 220
124 223
124 377
124 389
124 396
124 412
124 422
124 433
124 484
124 500
125 134
125 203
125 208
125 211
125 322
125 323
125 378
125 407
126 128
126 129
126 146
126 267
126 291
126 296
126 334
126 347
126 457
126 469
126 510
127 177
127 255
127 311
127 347
127 406
127 432
127 456
128 139
128 140
128 223
128 288
128 294
128 328
128 436
128 477
128 501
129 145
129 254
129 272
129 314
129 333
129 457
130 140
130 145
130 305
130 337
130 351
130 458
130 498
131 137
131 192
131 219
131 258
131 300
131 341
131 449
132 253
132 257
132 336
132 416
132 491
132 502
133 217
133 218
133 253
133 265
133 270
133 303
133 308
133 343
133 347
133 357
133 465
133 475
134 171
134 182
134 199
134 215
134 229
134 448
135 146
135 303
135 312
135 415
135 422
135 487
136 234
136 242
136 357
136 483
136 487
137 241
137 244
137 290
137 292
137 301
137 360
137 386
137 400
137 419
138 149
138 246
138 247
138 276
138 342
138 391
139 171
139 262
139 326
139 348
139 358
140 188
140 195
140 211
140 249
140 259
140 330
140 364
140 408
140 437
140 492
141 155
141 178
141 196
141 235
141 268
141 316
141 322
141 343
141 374
141 380
141 462
141 479
142 216
142 318
142 369
142 391
142 409
142 456
142 497
143 201
143 429
143 489
143 490
143 511
144 185
144 191
144 334
144 389
144 442
144 455
145 149
145 158
145 184
145 284
145 306
145 389
145 424
145 462
146 163
146 165
146 209
146 232
146 269
146 280
146 289
146 317
146 395
146 408
146 434
146 449
146 452
146 491
146 511
147 157
147 162
147 194
147 270
147 293
147 315
147 320
147 323
147 406
147 499
148 251
148 256
148 261
148 268
148 337
148 353
148 384
148 429
149 183
149 196
149 197
149 244
149 261
149 314
149 400
149 418
149 424
149 437
149 450
149 464
149 473
149 499
150 160
150 245
150 262
150 321
150 369
150 429
151 242
151 259
151 260
151 308
151 466
152 209
152 312
152 313
152 368
152 380
152 422
152 507
153 158
153 183
153 186
153 196
153 227
153 262
153 271
153 335
153 350
153 431
153 470
153 476
153 488
154 159
154 232
154 267
154 296
154 333
154 352
154 364
154 394
154 446
155 173
155 178
155 182
155 212
155 219
155 220
155 223
155 228
155 256
155 268
155 285
155 286
155 301
155 305
155 381
155 382
155 508
156 167
156 208
156 263
156 295
156 306
156 361
156 391
156 393
156 440
156 452
156 467
157 185
157 269
157 300
157 368
157 392
157 429
157 445
158 160
158 184
158 199
158 211
158 287
158 322
158 330
158 340
158 351
158 506
159 270
159 330
159 344
159 349
159 358
159 370
159 393
159 426
159 465
159 467
159 483
159 488
160 208
160 300
160 335
160 415
160 460
161 197
161 200
161 202
161 274
161 331
161 357
161 370
161 372
161 376
161 386
161 397
161 509
161 511
162 177
162 194
162 214
162 219
162 327
162 357
162 430
162 438
162 441
162 493
163 173
163 215
163 240
163 245
163 277
163 361
163 431
163 440
163 470
164 201
164 232
164 306
164 320
164 423
164 434
164 476
164 479
165 217
165 283
165 386
165 392
165 432
166 194
166 197
166 198
166 228
166 252
166 279
166 295
166 312
166 341
166 408
166 462
166 508
167 209
167 222
167 259
167 289
167 321
167 325
167 364
167 432
167 453
167 510
168 205
168 243
168 267
168 397
168 400
168 411
168 444
168 475
169 191
169 201
169 327
169 331
169 336
169 375
169 381
169 382
169 389
169 442
170 204
170 255
170 348
170 364
170 389
170 391
170 426
170 488
170 506
171 223
171 266
171 278
171 280
171 337
171 342
171 361
171 379
171 424
171 480
172 194
172 211
172 275
172 300
172 314
172 321
172 348
172 367
172 376
172 441
172 467
172 498
173 262
173 274
173 299
173 314
173 354
173 467
174 180
174 188
174 203
174 217
174 327
174 346
174 361
174 367
174 439
174 451
174 510
175 214
175 298
175 380
175 429
175 451
175 492
175 502
176 238
176 282
176 318
176 325
176 338
176 369
176 371
176 396
176 498
176 500
177 186
177 192
177 197
177 258
177 295
177 300
177 305
177 330
177 362
177 376
177 385
177 473
177 493
177 496
178 263
178 273
178 298
178 358
178 363
178 366
178 388
178 408
178 467
178 485
178 510
179 190
179 200
179 227
179 250
179 266
179 313
179 325
179 376
179 391
179 413
179 443
179 491
180 326
180 331
180 351
180 390
180 416
181 186
181 252
181 333
181 356
181 506
182 249
182 258
182 286
182 301
182 331
182 368
182 372
183 212
183 218
183 235
183 264
183 309
183 313
183 385
183 475
184 263
184 287
184 330
184 342
185 264
185 370
185 417
185 487
185 508
186 200
186 224
186 229
186 269
186 344
186 354
186 436
186 486
186 511
187 196
187 204
187 212
187 341
187 365
187 419
187 493
188 272
188 323
188 335
188 442
188 498
189 195
189 219
189 223
189 284
189 310
189 342
189 368
189 377
189 509
190 191
190 220
191 248
191 289
191 335
191 337
191 379
191 391
191 412
191 417
191 454
191 466
191 476
191 480
191 483
192 203
192 205
192 216
192 293
192 332
192 333
192 386
192 425
192 484
193 256
193 301
193 317
193 352
193 390
193 436
194 210
194 266
194 293
194 356
194 394
194 408
194 481
194 484
194 511
195 280
195 370
195 434
195 460
196 263
196 324
196 455
196 456
197 321
197 365
197 400
197 403
197 443
197 470
197 501
198 336
198 338
198 343
198 372
198 393
198 437
198 451
198 479
199 210
199 271
199 319
199 378
199 412
199 466
199 484
199 488
199 510
200 259
200 404
200 412
200 431
200 492
201 391
201 417
201 488
202 204
202 213
202 314
202 323
202 324
202 326
202 330
202 335
202 382
202 385
202 396
202 442
202 483
203 308
203 322
203 388
203 400
203 410
203 431
204 215
204 225
204 237
204 287
204 296
204 309
204 357
204 374
204 430
204 474
204 507
205 219
205 230
205 273
205 294
205 328
205 341
205 384
205 385
206 216
206 247
206 356
206 456
207 227
207 260
207 261
207 278
207 327
207 347
207 354
207 438
207 505
208 221
208 224
208 282
208 421
208 469
209 484
209 505
210 234
210 331
210 339
210 351
210 455
210 460
211 290
211 305
211 320
211 464
212 243
212 290
212 328
212 346
212 361
212 409
212 460
212 484
212 486
212 492
213 234
213 237
213 246
213 293
213 301
213 314
213 369
214 314
214 325
214 345
214 359
214 388
214 394
214 448
214 480
214 508
215 246
215 281
215 372
215 419
215 433
215 455
216 366
216 406
216 451
216 477
217 238
217 260
217 266
217 296
217 302
217 310
217 321
217 358
217 361
217 381
217 403
217 431
217 451
217 488
217 511
218 244
218 253
218 327
218 335
218 393
218 408
218 437
218 482
219 280
219 282
219 321
219 359
219 374
219 394
219 436
219 479
219 504
220 251
220 276
220 374
220 387
220 442
220 466
220 488
221 333
221 348
221 362
221 375
221 430
221 509
222 236
222 292
222 298
222 311
222 322
222 379
222 397
222 417
222 436
222 454
223 228
223 273
223 299
223 307
223 309
223 311
223 375
223 387
223 416
224 240
224 290
224 324
224 358
224 429
224 440
224 463
224 495
224 500
224 510
225 235
225 240
225 266
225 299
225 313
225 357
225 373
225 395
225 403
225 416
225 424
226 231
226 266
226 314
226 362
226 450
227 258
227 297
227 359
227 461
227 482
227 506
228 333
228 341
228 345
228 348
228 380
228 393
228 422
228 430
228 446
228 481
229 365
229 369
229 422
230 327
230 444
230 460
230 472
230 499
231 245
231 296
231 325
231 329
231 401
231 442
231 456
232 289
232 328
232 362
232 430
232 463
233 277
233 354
233 362
233 423
233 447
234 271
234 295
234 390
234 464
234 469
234 492
235 311
235 324
235 327
235 328
235 382
235 442
235 455
235 502
235 508
236 285
236 329
236 378
236 409
237 280
237 328
237 403
237 404
237 500
237 502
238 323
238 369
238 383
239 260
239 298
239 303
239 330
239 407
239 474
239 483
240 251
240 311
240 428
241 281
241 285
241 287
241 296
241 355
241 405
241 431
241 475
241 477
241 490
241 495
241 507
242 323
242 511
243 253
243 259
243 272
243 280
243 288
243 291
243 297
243 315
243 386
243 444
244 269
244 301
244 309
244 373
244 471
244 485
244 503
245 275
245 306
245 332
245 402
245 432
246 384
246 468
246 489
246 511
247 283
247 338
247 384
247 385
247 438
247 488
247 506
248 304
248 371
248 377
248 422
249 267
249 283
250 256
250 285
250 359
250 366
250 401
250 441
250 483
250 486
251 333
251 342
251 414
251 431
251 468
251 489
251 504
252 287
252 352
252 467
252 493
252 510
253 289
253 306
253 313
253 324
253 357
253 399
254 308
254 336
254 339
254 408
254 419
254 467
254 468
254 469
255 316
255 363
255 378
255 391
255 463
256 258
256 299
256 317
256 371
256 381
256 504
257 446
257 477
258 297
258 452
258 462
258 510
259 392
259 452
259 471
260 316
260 321
260 323
260 357
260 374
260 375
260 406
260 411
260 416
260 458
260 459
261 272
261 300
261 346
261 399
261 413
261 427
262 292
262 309
262 413
262 466
262 487
263 268
263 301
263 315
263 348
263 380
263 402
263 427
263 432
263 442
264 303
264 359
264 386
264 425
264 474
265 311
265 323
265 366
265 460
265 471
266 283
266 290
266 309
266 334
266 401
266 469
266 485
267 274
267 382
267 409
267 410
268 289
268 423
268 441
268 462
268 495
269 280
269 310
269 343
269 381
269 431
269 445
270 298
270 345
270 439
271 332
271 364
271 447
271 497
272 295
272 306
272 313
272 347
273 301
273 381
273 415
273 422
273 464
273 490
273 507
274 358
274 462
275 291
275 293
275 310
275 357
275 370
275 392
275 395
275 404
275 410
275 455
275 471
276 295
276 343
276 355
276 465
276 490
277 295
277 419
277 468
277 476
277 477
277 497
278 279
278 368
278 428
278 484
278 485
278 490
279 309
279 344
279 356
279 451
279 483
279 491
280 303
280 307
280 332
280 364
280 493
280 506
281 282
281 300
281 312
281 353
281 358
281 366
281 511
282 320
282 359
282 364
283 316
283 333
283 389
283 401
283 464
284 299
284 347
284 366
284 367
284 371
284 477
284 488
284 496
285 286
285 399
285 410
285 414
285 473
285 508
286 377
286 404
286 509
287 314
287 325
287 335
287 339
287 358
287 401
287 420
287 463
287 508
288 389
288 456
288 471
289 292
289 306
289 308
289 351
289 392
289 460
289 469
289 504
289 510
290 356
290 387
290 452
290 471
290 473
290 491
291 317
291 337
291 348
291 388
291 392
291 441
292 339
292 408
292 417
292 422
292 445
292 478
292 481
292 488
292 494
293 317
293 361
293 390
293 505
294 403
294 410
294 465
294 508
295 335
295 408
295 428
295 501
296 320
296 338
296 360
296 364
296 384
296 464
297 370
297 449
298 302
298 315
298 344
298 429
298 481
299 426
299 461
300 317
300 363
300 409
300 457
301 366
301 406
302 343
302 402
302 410
302 418
302 448
302 491
302 501
303 346
303 390
303 394
303 438
304 445
304 488
304 501
304 504
305 361
305 389
305 478
305 479
306 319
306 330
306 427
306 439
306 499
307 321
307 341
307 353
307 355
307 392
307 425
307 428
307 451
307 498
308 365
308 379
308 421
308 501
309 364
309 391
309 409
309 431
309 487
309 511
310 329
310 441
311 358
311 367
311 397
311 471
311 492
311 496
311 510
312 337
312 349
312 365
312 380
312 386
312 444
312 452
312 499
313 393
313 403
313 418
313 435
313 448
313 510
314 370
314 404
314 446
314 470
314 475
315 487
315 509
316 324
316 347
316 422
316 457
317 325
317 383
317 391
317 424
317 451
317 456
318 346
318 352
318 413
318 455
318 502
319 323
319 353
319 467
319 479
319 480
319 486
319 505
320 342
320 349
320 365
320 384
320 417
320 492
320 495
321 472
321 509
322 418
322 510
323 343
323 481
323 487
323 500
323 509
324 330
324 452
324 500
325 326
325 344
325 385
325 386
325 412
325 450
326 345
326 348
326 361
326 409
326 417
326 471
326 498
327 342
327 395
327 422
327 425
327 444
327 479
328 393
328 394
329 376
329 440
329 451
329 500
330 367
330 458
331 461
331 475
331 509
331 511
332 365
332 467
332 474
332 505
333 340
333 361
333 475
333 478
333 482
334 434
334 487
335 344
335 357
335 410
335 455
335 457
336 353
336 406
337 489
338 372
338 480
339 361
339 384
339 440
339 471
339 511
340 382
340 407
340 418
340 476
341 366
341 402
341 411
341 457
341 458
342 402
342 493
343 423
343 456
343 457
343 463
343 474
343 492
344 424
344 476
344 479
344 493
345 462
345 496
345 511
346 420
346 429
346 433
346 439
346 454
346 477
346 484
346 485
346 495
346 503
348 368
348 439
348 442
348 464
349 358
349 408
349 489
349 497
349 505
350 395
350 415
350 436
350 489
350 500
351 362
351 471
352 364
352 451
352 452
353 395
353 435
353 481
354 425
354 444
354 447
354 472
355 357
355 362
355 444
355 459
355 508
356 404
356 438
357 412
357 438
357 482
359 364
359 388
359 411
359 420
359 428
359 461
359 463
359 467
360 366
361 372
361 443
361 454
361 499
362 386
362 434
363 409
363 473
363 510
364 434
365 396
365 413
365 434
365 470
366 408
366 465
367 410
367 448
367 466
367 510
367 511
368 408
368 433
368 449
369 378
369 478
370 427
370 488
371 384
371 400
371 406
371 431
371 484
371 504
372 386
372 389
372 491
373 416
373 480
373 481
373 501
374 389
374 418
375 424
375 426
376 377
376 424
377 412
377 422
377 464
378 449
378 464
379 495
380 425
380 454
380 466
380 477
380 480
381 391
381 432
381 466
381 471
382 434
382 464
383 441
383 492
384 462
384 466
384 500
384 501
384 508
385 397
385 402
385 423
385 469
385 487
385 501
386 504
387 484
387 510
388 390
388 413
388 431
388 449
389 390
389 493
390 394
390 416
390 429
390 445
391 431
391 486
392 408
392 420
393 425
394 405
394 433
394 492
395 447
395 462
395 480
395 498
396 439
397 398
397 477
397 484
398 432
398 505
399 400
399 426
400 416
400 448
400 493
403 451
403 452
403 486
403 503
404 421
406 415
406 426
406 461
406 510
408 447
408 450
408 464
408 488
409 456
409 498
410 445
410 470
410 471
411 417
411 460
411 471
411 476
411 506
412 476
412 495
412 509
413 417
413 418
413 469
413 480
413 484
414 435
415 452
415 455
416 438
416 473
417 450
417 458
417 464
420 441
420 447
420 452
420 485
423 449
423 472
423 511
424 483
425 441
425 474
425 499
425 502
425 507
427 440
427 443
427 446
427 490
428 473
428 496
429 440
429 442
429 468
429 475
430 435
430 447
431 451
431 457
431 473
432 437
432 449
432 462
432 464
432 477
432 492
433 476
433 502
433 506
434 453
434 484
434 492
435 437
435 511
436 442
437 487
438 445
438 484
439 453
440 444
440 463
440 473
440 499
441 478
441 511
442 462
443 472
443 501
444 479
445 446
445 455
445 471
445 510
446 461
446 484
448 496
449 462
450 490
451 475
451 484
451 498
452 454
452 465
452 503
453 469
453 481
454 508
455 489
456 479
456 498
459 463
459 480
459 491
459 495
459 500
460 500
462 479
462 493
463 479
463 483
463 492
464 467
464 477
464 492
464 502
465 475
466 506
468 505
469 495
472 492
473 488
473 501
475 483
476 481
476 503
478 489
482 484
486 509
488 505
489 491
491 505
493 504
496 510
497 505
501 502
