0 95
0 183
0 186
0 390
1 11
1 21
1 57
1 66
1 72
1 187
1 246
1 307
1 341
1 385
1 401
1 402
1 420
2 6
2 27
2 32
2 49
2 80
2 108
2 238
2 338
2 340
2 365
2 411
2 489
3 51
3 69
3 146
3 171
3 291
3 309
3 314
3 384
3 447
4 46
4 60
4 172
4 183
4 186
4 190
4 203
4 230
4 248
4 315
4 346
4 363
4 461
4 475
5 8
5 157
5 162
5 167
5 196
5 230
5 241
5 316
5 344
5 495
6 41
6 55
6 112
6 124
6 140
6 181
6 212
6 243
6 278
6 283
6 359
6 374
6 402
6 417
6 484
6 507
7 24
7 56
7 94
7 99
7 107
7 121
7 168
7 328
7 492
7 493
7 503
8 59
8 121
8 127
8 151
8 206
8 294
8 358
8 367
8 469
8 476
8 484
9 35
9 46
9 85
9 87
9 119
9 132
9 134
9 159
9 172
9 253
9 279
9 326
9 374
9 451
9 509
10 24
10 63
10 159
10 183
10 201
10 220
10 232
10 243
10 272
10 274
10 334
10 432
10 460
11 33
11 65
11 69
11 89
11 146
11 185
11 197
11 207
11 253
11 275
11 305
11 321
11 344
11 350
11 390
11 430
12 37
12 88
12 181
12 401
12 423
12 475
12 485
12 491
13 62
13 97
13 125
13 165
13 279
13 367
13 450
13 479
13 482
14 160
14 162
14 204
14 207
14 257
14 274
14 306
14 322
14 444
15 32
15 58
15 64
15 78
15 80
15 112
15 143
15 290
15 374
15 382
15 440
15 452
15 497
16 22
16 63
16 136
16 151
16 153
16 213
16 215
16 231
16 236
16 252
16 297
16 305
16 309
16 366
16 447
16 463
16 507
16 508
17 26
17 169
17 171
17 289
17 334
17 453
17 478
17 487
17 497
18 99
18 109
18 175
18 234
18 253
18 259
18 262
18 311
18 354
18 455
19 32
19 40
19 45
19 84
19 104
19 129
19 240
19 248
19 293
19 306
19 313
19 325
19 330
19 399
19 459
19 488
19 495
20 41
20 68
20 74
20 115
20 140
20 214
20 223
20 239
20 264
20 268
20 288
20 293
20 296
20 315
20 387
20 454
21 26
21 32
21 225
21 248
21 250
21 287
21 357
21 445
22 95
22 144
22 159
22 160
22 172
22 226
22 242
22 280
22 304
22 450
23 63
23 92
23 153
23 164
23 168
23 174
23 239
23 267
23 281
23 282
23 328
23 374
23 455
23 497
23 502
24 102
24 146
24 269
24 437
25 43
25 164
25 269
25 276
25 384
25 477
25 493
26 88
26 195
26 243
26 280
26 300
26 334
26 336
26 374
26 508
27 62
27 123
27 227
27 251
27 336
27 361
27 367
27 372
27 382
27 417
27 491
27 511
28 65
28 79
28 87
28 122
28 152
28 217
28 300
28 304
28 356
28 373
28 394
28 395
28 405
28 411
28 413
28 448
28 502
28 506
29 58
29 109
29 235
29 246
29 290
29 325
29 329
29 331
29 346
29 380
29 402
29 430
29 446
29 457
30 31
30 50
30 60
30 109
30 121
30 122
30 190
30 248
30 366
30 373
30 391
30 402
30 431
30 473
31 42
31 64
31 122
31 125
31 127
31 155
31 180
31 216
31 243
31 298
31 300
31 380
31 415
31 456
31 507
32 58
32 75
32 77
32 120
32 142
32 201
32 223
32 235
32 267
32 355
32 357
32 396
32 472
32 508
32 510
33 52
33 57
33 88
33 91
33 180
33 206
33 223
33 232
33 257
33 271
33 303
33 399
33 434
33 445
33 475
34 124
34 129
34 133
34 305
34 324
34 328
34 393
34 396
34 441
34 443
34 474
34 492
35 70
35 72
35 110
35 113
35 146
35 161
35 162
35 192
35 197
35 201
35 204
35 214
35 233
35 237
35 250
35 251
35 305
35 317
35 319
35 421
35 511
36 49
36 51
36 73
36 153
36 167
36 197
36 216
36 231
36 238
36 275
36 355
36 401
37 47
37 128
37 164
37 221
37 232
37 309
37 333
37 356
37 395
38 44
38 83
38 159
38 161
38 240
38 268
38 290
38 313
38 328
38 332
38 344
38 353
38 378
38 441
38 473
38 476
39 45
39 55
39 75
39 82
39 107
39 124
39 128
39 131
39 231
39 294
39 344
39 392
39 403
39 417
39 446
39 461
39 473
39 485
39 486
39 489
39 500
40 209
40 239
40 244
40 250
40 254
40 263
40 343
40 374
40 380
40 391
40 395
40 415
40 420
40 499
41 72
41 116
41 240
41 273
41 285
41 380
41 381
41 439
42 62
42 104
42 111
42 153
42 182
42 210
42 242
42 356
42 370
42 374
42 407
43 142
43 147
43 173
43 199
43 292
43 315
43 327
43 332
43 399
43 493
44 58
44 61
44 106
44 151
44 201
44 241
44 293
44 312
44 343
44 379
44 442
44 450
44 455
44 470
44 498
45 94
45 111
45 120
45 142
45 211
45 221
45 281
45 315
45 440
45 474
45 493
46 185
46 198
46 212
46 214
46 266
46 283
46 299
46 428
46 440
46 442
46 493
47 48
47 107
47 153
47 243
47 253
47 308
47 387
47 459
48 86
48 136
48 144
48 289
48 362
48 365
48 406
48 436
48 439
48 448
48 479
48 487
49 64
49 68
49 72
49 75
49 86
49 141
49 261
49 294
49 378
49 416
49 437
49 456
49 460
49 481
49 506
49 509
50 113
50 120
50 130
50 133
50 204
50 216
50 294
50 458
50 494
50 508
51 78
51 91
51 103
51 110
51 191
51 355
51 391
51 459
52 119
52 139
52 162
52 187
52 228
52 240
52 241
52 342
52 352
52 354
52 462
52 482
52 500
53 57
53 118
53 186
53 217
53 247
53 264
53 338
53 367
53 404
53 423
53 433
53 458
54 68
54 78
54 100
54 128
54 182
54 187
54 212
54 297
54 305
54 348
54 368
54 378
54 383
54 385
54 457
54 502
54 505
55 65
55 73
55 133
55 271
55 285
55 328
55 358
55 411
55 473
56 115
56 158
56 194
56 241
56 247
56 282
56 311
56 317
56 332
56 333
56 354
56 358
56 406
56 452
56 463
57 128
57 214
57 231
57 237
57 242
57 363
57 419
57 458
57 479
58 103
58 156
58 177
58 203
58 206
58 350
58 360
58 369
58 390
59 200
59 220
59 298
59 364
59 460
59 489
60 62
60 100
60 167
60 198
60 249
60 329
60 386
60 422
61 164
61 318
61 356
61 422
61 478
61 507
62 127
62 146
62 212
62 287
62 369
62 495
63 102
63 230
63 269
63 315
63 363
63 390
63 397
63 398
63 459
63 485
63 504
64 73
64 76
64 150
64 227
64 269
64 277
64 283
64 336
64 374
64 400
64 406
64 493
65 117
65 149
65 173
65 187
65 243
65 262
65 266
65 277
65 278
65 333
65 352
65 391
65 446
65 456
65 504
66 84
66 103
66 169
66 177
66 300
66 321
66 333
66 361
66 464
66 486
66 500
66 503
67 131
67 176
67 209
67 216
67 344
67 436
68 137
68 146
68 155
68 159
68 178
68 181
68 217
68 224
68 229
68 257
68 296
68 361
68 392
68 427
68 495
68 511
69 98
69 163
69 208
69 236
69 263
69 265
69 289
69 318
69 392
69 442
70 82
70 88
70 104
70 141
70 256
70 258
70 267
70 275
70 360
70 421
70 449
70 456
71 92
71 93
71 102
71 191
71 197
71 229
71 245
71 271
71 291
71 296
71 474
71 477
72 86
72 137
72 195
72 254
72 289
72 319
72 325
72 344
72 376
72 469
72 478
72 483
72 495
73 96
73 140
73 168
73 212
73 226
73 291
73 310
73 384
73 392
74 90
74 108
74 180
74 206
74 272
74 313
74 349
74 394
74 418
74 438
74 452
74 466
74 488
75 163
75 205
75 292
75 303
75 309
75 346
75 375
75 398
75 404
75 489
76 94
76 126
76 152
76 213
76 234
76 327
76 330
76 354
76 450
76 492
77 80
77 121
77 168
77 186
77 235
77 239
77 350
77 353
77 416
77 438
77 468
77 484
77 492
77 496
78 183
78 210
78 227
78 319
78 334
78 372
78 377
78 505
78 506
79 88
79 95
79 138
79 178
79 181
79 245
79 317
79 439
79 450
79 491
80 162
80 168
80 173
80 304
80 339
80 422
80 426
80 475
80 482
80 483
81 84
81 89
81 152
81 183
81 190
81 232
81 235
81 246
81 274
81 289
81 300
81 478
81 510
82 155
82 314
82 323
82 327
82 375
82 388
82 469
83 147
83 260
83 397
83 448
83 452
83 475
83 496
84 98
84 107
84 142
84 158
84 185
84 199
84 230
84 279
84 281
84 320
84 336
84 342
84 456
84 487
85 100
85 117
85 135
85 150
85 154
85 156
85 207
85 253
85 284
85 328
85 337
85 395
85 430
85 474
85 490
86 90
86 201
86 205
86 209
86 217
86 219
86 236
86 266
86 286
86 336
86 360
86 383
86 417
86 477
86 493
86 510
87 120
87 121
87 139
87 144
87 230
87 251
87 301
87 303
87 382
88 146
88 164
88 188
88 198
88 257
88 262
88 291
88 299
88 308
88 346
88 389
88 506
89 103
89 117
89 119
89 166
89 218
89 230
89 245
89 283
89 329
89 352
89 360
89 445
89 470
89 495
90 164
90 193
90 218
90 268
90 391
90 407
90 422
90 426
91 123
91 168
91 246
91 344
91 362
91 431
91 494
92 128
92 131
92 232
92 261
92 351
92 360
92 427
92 447
92 461
92 477
92 479
92 497
92 510
93 295
93 332
93 349
93 381
93 439
93 474
94 117
94 155
94 173
94 258
94 268
94 432
94 456
95 98
95 121
95 198
95 289
95 322
95 344
95 374
95 388
96 135
96 137
96 143
96 150
96 178
96 223
96 250
96 275
96 302
96 308
96 311
96 373
96 483
97 104
97 141
97 153
97 257
97 297
97 361
97 368
97 384
97 414
97 427
97 500
98 131
98 244
98 248
98 250
98 254
98 321
98 333
98 335
98 361
98 373
98 386
99 121
99 126
99 162
99 165
99 187
99 251
99 280
99 294
99 319
99 366
99 385
99 408
99 484
100 166
100 244
100 335
100 344
100 364
100 366
100 378
100 414
100 444
100 498
100 510
101 174
101 206
101 235
101 271
101 278
101 327
101 344
101 404
101 440
102 142
102 188
102 326
102 392
102 399
102 436
102 494
102 500
103 114
103 117
103 135
103 146
103 210
103 216
103 252
103 262
103 336
103 507
104 150
104 153
104 185
104 187
104 312
104 407
104 410
104 445
104 462
104 480
105 110
105 177
105 195
105 201
105 227
105 229
105 297
105 316
105 365
105 494
106 149
106 334
106 372
106 431
106 500
106 511
107 113
107 140
107 147
107 155
107 181
107 218
107 259
107 275
107 282
107 397
107 404
107 438
107 450
107 463
108 115
108 157
108 161
108 255
108 270
108 283
108 296
108 307
108 309
108 315
108 339
108 387
108 390
109 160
109 192
109 223
109 236
109 286
109 349
109 395
109 431
109 434
109 467
110 163
110 172
110 235
110 247
110 310
111 195
111 230
111 353
111 354
111 386
111 412
111 422
111 505
112 158
112 169
112 193
112 242
112 335
112 418
112 450
112 456
112 475
113 137
113 138
113 192
113 258
113 266
113 311
113 320
113 323
113 356
113 392
113 454
113 457
114 144
114 167
114 228
114 237
114 245
114 255
114 265
114 291
114 307
114 323
114 377
114 417
114 426
114 462
114 492
115 123
115 130
115 152
115 162
115 196
115 207
115 222
115 290
115 305
115 314
115 317
115 432
115 497
116 235
116 368
116 487
116 502
116 505
117 155
117 172
117 173
117 198
117 381
117 444
117 450
118 123
118 188
118 249
118 326
118 377
118 431
118 496
119 153
119 159
119 173
119 193
119 196
119 232
119 264
119 319
119 363
119 375
119 380
119 410
119 434
119 480
119 486
119 499
120 147
120 180
120 185
120 254
120 258
120 268
120 287
120 316
120 324
120 325
120 366
120 372
120 377
120 400
120 460
120 471
120 489
120 508
120 511
121 138
121 162
121 187
121 211
121 229
121 277
121 285
121 294
121 337
121 374
121 415
121 445
121 461
121 479
121 500
122 153
122 168
122 170
122 224
122 252
122 286
122 338
122 390
122 402
123 136
123 143
123 170
123 181
123 260
123 281
123 356
123 419
123 493
124 136
124 220
124 377
124 386
124 389
124 396
124 412
124 417
124 422
124 433
124 484
125 211
125 322
125 323
125 418
125 482
126 128
126 146
126 194
126 213
126 267
126 347
126 469
127 177
127 197
127 200
127 241
127 255
127 311
127 406
127 496
128 131
128 139
128 140
128 279
128 288
128 294
128 328
128 421
128 436
128 477
128 501
129 145
129 254
129 304
129 314
129 333
130 140
130 145
130 185
130 302
130 305
130 337
130 458
130 498
130 505
131 137
131 149
131 211
131 219
131 258
131 295
131 300
131 408
131 449
132 238
132 241
132 336
132 410
132 416
132 484
132 491
133 217
133 253
133 265
133 270
133 291
133 308
133 357
133 465
133 475
134 182
134 199
134 215
134 229
134 409
134 448
134 467
135 146
135 303
135 306
135 312
135 323
135 415
135 422
135 487
135 490
136 141
136 167
136 242
136 310
136 483
136 487
137 163
137 229
137 241
137 290
137 292
137 301
137 310
137 360
137 386
137 400
137 419
138 149
138 235
138 246
138 251
138 276
138 391
138 430
138 489
139 171
139 262
139 358
139 372
139 433
139 441
140 178
140 195
140 211
140 238
140 249
140 259
140 330
140 364
140 437
141 155
141 178
141 196
141 235
141 268
141 316
141 322
141 343
141 374
141 462
141 479
141 496
142 216
142 318
142 325
142 350
142 369
142 391
142 409
142 456
142 477
142 491
142 497
143 151
143 181
143 404
143 429
143 490
143 511
144 191
144 197
144 383
144 389
145 158
145 171
145 225
145 284
145 389
145 424
145 462
146 163
146 194
146 209
146 232
146 280
146 289
146 317
146 366
146 389
146 408
146 434
146 449
146 452
146 469
146 511
147 157
147 162
147 176
147 194
147 197
147 213
147 267
147 270
147 293
147 315
147 381
147 406
148 251
148 256
148 268
148 292
148 384
148 475
149 183
149 196
149 197
149 198
149 244
149 261
149 314
149 400
149 418
149 424
149 437
149 450
149 464
149 473
150 160
150 210
150 245
150 321
150 369
150 429
151 242
151 259
151 281
151 308
151 477
152 193
152 209
152 289
152 345
152 380
152 404
152 420
152 508
153 160
153 186
153 262
153 335
153 350
153 431
153 434
153 508
154 159
154 190
154 232
154 267
154 299
154 333
154 364
154 389
154 394
154 398
154 481
154 511
155 178
155 182
155 212
155 219
155 220
155 256
155 258
155 268
155 285
155 286
155 288
155 305
155 381
156 208
156 295
156 306
156 391
156 393
156 436
156 452
157 177
157 300
157 327
157 357
157 368
157 392
157 429
157 445
158 160
158 184
158 211
158 280
158 287
158 322
158 451
158 509
159 270
159 330
159 344
159 349
159 370
159 393
159 465
159 467
159 476
159 488
159 491
160 208
160 272
160 283
160 335
160 415
160 460
161 197
161 200
161 270
161 332
161 357
161 376
161 397
161 511
162 192
162 194
162 214
162 282
162 284
162 357
162 393
162 418
162 430
162 432
162 438
162 441
162 493
163 173
163 191
163 215
163 216
163 240
163 245
163 277
163 361
163 431
163 440
163 492
163 498
163 508
164 201
164 315
164 320
164 423
164 476
164 479
165 199
165 283
166 194
166 197
166 228
166 252
166 279
166 312
166 341
166 411
166 439
166 462
166 508
167 209
167 222
167 259
167 289
167 321
167 364
167 410
167 428
167 432
167 450
167 453
168 267
168 397
168 400
168 428
168 434
168 444
168 475
168 480
169 191
169 201
169 327
169 331
169 381
169 382
169 424
169 442
170 204
170 321
170 364
170 391
170 411
170 426
170 439
170 488
171 223
171 266
171 278
171 280
171 288
171 337
171 342
171 379
171 424
171 440
171 480
171 507
172 194
172 300
172 314
172 321
172 348
172 367
172 376
172 467
172 498
173 196
173 274
173 299
173 314
173 355
174 180
174 217
174 249
174 355
174 361
174 367
174 439
174 451
174 479
174 510
175 186
175 214
175 298
175 380
175 429
175 502
176 238
176 288
176 318
176 325
176 333
176 338
176 359
176 369
176 371
176 498
176 500
177 197
177 258
177 295
177 305
177 307
177 362
177 376
177 385
177 386
177 440
177 473
177 493
178 180
178 298
178 358
178 363
178 366
178 388
178 408
178 439
178 467
178 485
178 510
179 190
179 227
179 254
179 266
179 325
179 376
179 391
179 413
179 425
179 443
179 491
180 326
180 390
180 394
180 416
180 490
181 186
181 231
181 252
181 310
181 333
181 491
181 506
182 197
182 249
182 291
182 301
182 331
182 368
182 372
182 385
182 433
183 196
183 212
183 218
183 235
183 264
183 309
183 313
183 385
183 452
184 263
184 283
184 287
184 326
184 355
184 407
185 250
185 325
185 370
185 417
185 472
185 487
186 200
186 224
186 229
186 236
186 344
186 436
186 490
187 196
187 204
187 215
187 341
187 346
187 365
187 419
187 438
187 476
188 195
188 222
188 244
188 290
188 315
188 323
188 325
188 392
188 442
188 498
189 195
189 219
189 223
189 310
189 312
189 342
189 368
189 414
189 509
190 220
190 282
191 248
191 289
191 379
191 391
191 412
191 417
191 454
191 476
191 480
191 482
191 483
192 203
192 216
192 293
192 355
192 386
192 467
192 484
193 238
193 256
193 301
193 429
194 210
194 266
194 408
194 481
194 484
194 511
195 370
195 407
196 212
196 263
196 311
196 324
196 404
196 466
197 237
197 260
197 365
197 400
197 403
197 429
197 470
198 336
198 338
198 343
198 372
198 393
198 479
199 209
199 210
199 271
199 295
199 378
199 412
199 466
199 482
199 484
199 510
200 208
200 241
200 404
200 511
201 220
201 223
201 224
201 391
201 417
202 204
202 213
202 314
202 323
202 330
202 335
202 379
202 382
202 385
202 420
202 442
202 468
202 477
203 322
203 374
203 400
203 410
203 431
203 455
204 215
204 225
204 272
204 287
204 309
204 357
204 367
204 394
204 474
204 507
205 219
205 230
205 281
205 294
205 328
205 340
205 384
205 420
206 216
206 296
206 356
207 261
207 327
207 347
207 354
207 438
207 491
208 221
208 310
208 466
208 469
209 381
209 505
210 244
210 331
210 336
210 351
210 455
210 460
211 290
211 294
211 387
211 389
211 464
211 476
212 243
212 346
212 361
212 409
212 460
212 484
212 486
212 492
213 221
213 234
213 393
213 418
214 314
214 325
214 345
214 359
214 375
214 388
214 480
215 246
215 372
215 419
215 423
215 429
215 433
215 437
215 455
216 249
216 296
216 338
216 366
216 406
217 238
217 265
217 266
217 310
217 321
217 358
217 361
217 381
217 403
217 431
217 451
217 488
217 511
218 244
218 260
218 279
218 327
218 335
218 394
218 437
219 280
219 282
219 321
219 348
219 359
219 374
219 394
219 436
219 479
220 251
220 276
220 374
220 387
220 466
220 476
220 485
221 333
221 397
221 430
221 490
221 509
222 236
222 292
222 298
222 311
222 397
222 417
222 436
222 468
223 226
223 273
223 299
223 307
223 309
223 311
223 387
224 240
224 290
224 429
224 440
224 463
224 500
224 510
225 235
225 240
225 266
225 271
225 299
225 313
225 373
225 403
225 416
225 424
226 231
226 244
226 266
226 314
226 315
226 362
226 450
227 258
227 297
227 334
227 359
227 461
227 482
227 506
228 345
228 380
228 422
228 430
228 446
228 447
228 457
229 369
229 422
230 327
230 394
230 444
230 472
230 493
230 499
231 245
231 296
231 325
231 329
231 456
232 236
232 289
232 304
232 316
232 328
232 362
232 393
232 430
232 463
233 277
233 280
233 354
233 362
233 423
234 263
234 271
234 295
234 391
234 464
235 240
235 311
235 324
235 328
235 442
235 455
235 485
235 502
235 508
236 285
236 329
236 378
236 409
237 378
237 403
237 404
237 502
238 262
238 334
239 260
239 303
239 311
239 312
239 474
240 251
240 311
240 425
241 281
241 287
241 296
241 355
241 405
241 431
241 446
241 472
241 477
241 489
241 506
241 507
242 262
242 323
242 457
243 253
243 272
243 280
243 288
243 291
243 297
243 315
243 386
243 444
244 309
244 436
244 471
244 503
245 275
245 306
245 332
245 357
245 402
245 432
246 303
246 368
246 384
246 413
246 468
246 489
246 511
247 283
247 327
247 338
247 382
247 385
247 431
247 438
247 472
247 488
247 506
248 371
248 439
249 267
249 283
249 302
249 442
250 285
250 359
250 366
250 401
250 473
251 329
251 333
251 342
251 462
251 468
251 489
251 504
252 301
252 352
252 493
252 510
253 255
253 289
253 324
253 357
253 399
254 305
254 308
254 329
254 339
254 408
254 409
254 419
254 455
254 467
254 468
254 469
255 316
255 318
255 378
255 391
255 408
255 463
256 299
256 303
256 317
256 381
257 310
257 391
257 446
257 477
258 297
258 452
258 510
259 323
259 392
259 452
259 471
260 316
260 374
260 375
260 406
260 416
260 440
260 458
260 459
261 272
261 300
261 399
261 413
261 427
261 498
262 292
262 309
262 320
262 344
262 466
263 268
263 315
263 348
263 380
263 427
264 291
264 303
264 371
264 386
264 425
264 474
265 311
265 323
265 345
265 354
265 388
265 460
265 471
266 280
266 283
266 290
266 309
266 334
266 401
266 420
266 469
266 485
267 274
267 382
267 409
267 410
267 468
268 279
268 289
268 423
268 441
268 462
268 495
269 290
269 310
269 343
269 381
269 501
270 271
270 298
270 345
271 364
271 365
271 447
271 497
272 313
272 421
273 301
273 381
273 415
273 464
273 490
274 346
274 387
274 462
275 291
275 293
275 310
275 370
275 392
275 395
275 432
275 471
276 343
276 355
276 465
277 419
277 468
277 476
277 477
277 497
278 279
278 368
278 428
278 436
278 484
278 490
279 318
279 344
279 356
279 451
279 483
280 298
280 307
280 332
280 334
280 364
280 493
281 282
281 292
281 300
281 353
281 358
281 366
281 401
281 429
281 458
281 511
282 359
282 364
282 429
282 447
283 333
283 397
283 401
283 402
283 464
284 299
284 327
284 347
284 477
284 496
285 286
285 410
285 414
285 508
286 288
286 356
286 377
286 473
286 509
287 314
287 325
287 339
287 401
287 420
287 439
287 455
287 463
287 508
288 347
288 389
288 456
289 292
289 308
289 340
289 351
289 460
289 469
290 337
290 352
290 387
290 452
290 471
290 473
290 486
290 491
291 337
291 348
291 388
291 392
291 441
292 390
292 408
292 417
292 422
292 478
292 481
292 488
293 333
293 361
293 381
293 390
294 403
294 410
294 465
295 335
295 408
295 409
295 417
295 430
296 320
296 327
296 360
296 364
296 384
296 407
296 464
297 335
297 370
297 449
298 302
298 315
298 344
298 414
298 429
298 508
299 426
299 461
300 317
300 358
300 363
300 367
300 377
300 409
300 410
300 435
300 439
300 479
301 406
301 425
302 330
302 343
302 371
302 384
302 402
302 409
302 418
302 448
302 491
302 501
302 507
303 346
303 394
303 438
304 383
304 388
304 409
304 418
304 422
304 445
304 488
304 501
305 361
305 377
305 389
305 392
305 413
305 471
306 319
306 427
306 439
306 482
306 499
306 507
307 341
307 353
307 355
307 392
307 428
307 451
307 475
308 365
308 379
308 407
308 413
308 421
308 442
308 501
309 322
309 391
309 428
309 487
309 511
310 344
310 441
311 367
311 396
311 397
311 471
311 492
312 337
312 365
312 380
312 444
312 452
312 499
313 349
313 418
313 435
313 448
313 510
314 370
314 446
314 475
314 494
315 401
315 487
315 489
316 343
316 347
316 422
316 457
317 424
317 441
317 456
318 455
318 480
318 502
318 511
319 350
319 445
319 467
319 479
319 480
319 486
319 505
320 349
320 365
320 384
320 417
320 490
320 492
320 495
321 405
321 472
321 509
322 433
323 343
323 414
323 442
323 481
323 487
323 500
323 509
324 330
324 423
325 326
325 385
325 408
325 412
325 450
326 348
326 361
326 396
326 409
326 417
326 475
327 364
327 395
327 422
327 444
327 469
327 479
328 344
328 393
328 394
328 397
329 451
329 500
330 367
331 408
331 461
331 475
331 511
332 338
332 365
332 391
332 461
332 467
332 474
332 498
332 505
333 340
333 365
333 475
333 478
333 482
334 403
334 432
334 434
334 487
335 338
335 357
335 410
335 455
335 457
336 353
337 489
338 346
338 387
339 384
339 471
340 373
340 382
340 407
340 418
340 476
341 402
341 411
341 432
341 439
341 457
342 402
342 484
343 408
343 409
343 435
343 456
343 457
343 463
343 474
343 492
344 346
344 424
344 493
345 370
345 430
345 462
345 477
345 493
345 496
345 511
346 420
346 429
346 439
346 477
346 485
346 495
346 503
347 387
348 439
348 464
349 358
349 408
349 415
349 497
349 503
350 379
350 391
350 395
350 427
350 489
350 500
351 362
351 377
351 390
351 464
351 471
352 364
352 451
352 452
353 355
353 395
353 435
353 481
354 381
354 420
354 425
354 447
354 472
354 480
355 357
355 362
355 392
355 444
355 459
355 494
356 404
356 408
356 486
357 409
357 412
357 438
359 364
359 411
359 420
359 428
359 432
359 450
359 461
359 463
359 467
360 379
360 474
361 378
361 419
361 443
361 499
362 386
362 434
362 497
363 397
363 473
364 433
364 434
365 396
365 434
365 482
365 483
366 408
367 410
367 448
367 466
367 498
367 502
367 510
367 511
368 408
368 433
368 449
369 378
369 478
369 511
370 421
370 427
370 488
371 384
371 400
371 406
371 431
371 433
371 482
371 484
372 374
372 386
372 490
373 416
373 480
373 481
373 501
374 389
374 418
374 432
375 426
376 424
376 470
376 494
377 412
377 464
378 399
378 449
378 464
379 454
379 495
380 385
380 425
380 454
380 466
380 477
381 391
381 428
381 432
381 471
381 491
382 464
382 481
382 504
383 409
383 441
383 453
383 492
384 462
384 466
384 501
384 508
385 397
385 402
385 423
385 469
385 487
385 501
386 439
386 486
386 504
387 465
388 390
388 413
388 431
388 449
388 493
389 390
389 445
389 461
389 493
390 394
390 416
390 429
390 445
390 452
391 486
392 408
392 420
393 425
394 405
394 433
394 492
395 480
395 498
395 502
396 441
396 479
397 477
397 484
398 505
399 400
399 458
399 468
400 416
400 448
400 493
401 414
402 415
402 443
402 508
403 452
403 486
403 503
404 421
406 461
406 510
408 442
408 447
408 450
408 464
408 488
409 456
410 435
410 451
410 463
410 470
410 471
411 417
411 460
411 471
411 476
412 429
413 418
413 480
413 484
414 485
415 419
415 452
415 455
416 438
416 473
417 450
417 458
417 464
418 489
418 498
420 423
420 427
420 441
420 485
421 440
422 460
423 434
423 449
423 472
423 507
424 434
425 441
425 474
425 499
425 502
425 507
426 449
427 443
427 484
427 490
427 507
428 473
428 496
429 440
429 442
429 460
429 475
430 435
430 493
431 451
431 457
431 473
432 437
432 449
432 462
432 464
432 477
432 492
432 497
433 476
433 502
433 506
434 453
434 474
434 484
434 492
434 502
435 488
436 442
436 494
437 487
438 445
438 484
439 453
439 468
440 444
440 463
440 473
440 499
441 478
441 511
442 462
443 472
443 511
444 470
444 479
445 455
445 471
446 461
448 496
449 462
449 493
450 490
451 484
451 498
452 454
453 464
453 469
453 481
454 508
455 489
456 498
458 482
459 463
459 480
460 473
460 500
461 481
462 479
462 493
463 479
463 483
463 492
464 467
464 477
464 492
464 502
465 475
466 475
466 506
470 505
473 488
473 501
475 483
476 481
476 485
476 503
477 480
478 489
483 501
486 509
489 491
489 510
491 508
493 504
495 498
496 510
497 505
501 502
