0 9
0 12
0 14
0 22
0 23
0 34
0 35
0 43
0 44
0 87
0 114
0 253
0 269
0 278
0 465
0 473
0 479
0 489
0 502
1 9
1 10
1 12
1 13
1 14
1 15
1 22
1 78
1 95
1 101
1 115
1 144
1 149
1 150
1 170
1 183
1 205
1 232
1 269
1 286
1 307
1 323
1 371
1 382
1 407
1 408
1 481
2 9
2 10
2 12
2 13
2 15
2 20
2 21
2 24
2 28
2 45
2 98
2 119
2 126
2 140
2 154
2 164
2 172
2 204
2 206
2 271
2 276
2 284
2 333
2 341
2 369
2 377
2 391
2 393
2 395
2 400
2 427
2 440
2 476
2 484
2 487
3 9
3 10
3 15
3 17
3 19
3 25
3 39
3 44
3 47
3 48
3 52
3 54
3 56
3 62
3 75
3 76
3 79
3 81
3 85
3 87
3 88
3 97
3 98
3 100
3 102
3 105
3 111
3 113
3 119
3 129
3 152
3 165
3 184
3 190
3 196
3 197
3 202
3 212
3 218
3 239
3 256
3 285
3 332
3 399
3 403
3 454
3 462
4 9
4 11
4 12
4 13
4 15
4 17
4 18
4 19
4 21
4 23
4 24
4 25
4 30
4 31
4 38
4 40
4 50
4 58
4 61
4 64
4 65
4 73
4 79
4 83
4 92
4 108
4 113
4 120
4 124
4 126
4 143
4 150
4 169
4 179
4 187
4 199
4 204
4 233
4 255
4 269
4 274
4 276
4 293
4 295
4 322
4 325
4 328
4 351
4 352
4 353
4 356
4 372
4 399
4 403
4 409
4 415
4 430
4 463
4 482
4 509
4 510
5 9
5 10
5 11
5 16
5 18
5 31
5 39
5 40
5 45
5 89
5 104
5 108
5 132
5 240
5 255
5 286
5 339
5 425
5 480
5 497
5 509
6 9
6 11
6 16
6 32
6 146
6 430
6 465
7 9
7 11
7 13
7 15
7 16
7 19
7 20
7 23
7 25
7 27
7 32
7 35
7 49
7 60
7 77
7 80
7 92
7 126
7 149
7 176
7 201
7 206
7 218
7 340
7 345
7 464
7 471
7 498
8 9
8 10
8 11
8 12
8 14
8 17
8 20
8 25
8 29
8 38
8 39
8 41
8 49
8 52
8 54
8 58
8 67
8 68
8 73
8 135
8 136
8 139
8 158
8 159
8 169
8 176
8 186
8 200
8 202
8 257
8 289
8 321
8 326
8 334
8 344
8 364
8 366
8 374
8 439
8 483
8 488
9 11
9 12
9 14
9 16
9 18
9 22
9 23
9 24
9 25
9 26
9 31
9 33
9 35
9 36
9 43
9 45
9 46
9 47
9 48
9 52
9 53
9 66
9 69
9 72
9 75
9 80
9 89
9 95
9 96
9 107
9 114
9 117
9 118
9 126
9 131
9 132
9 135
9 143
9 152
9 155
9 167
9 183
9 205
9 209
9 211
9 215
9 220
9 223
9 227
9 239
9 249
9 251
9 269
9 275
9 285
9 289
9 291
9 304
9 345
9 362
9 366
9 369
9 375
9 386
9 396
9 400
9 417
9 422
9 432
9 441
9 472
9 486
10 11
10 13
10 14
10 16
10 17
10 18
10 24
10 26
10 30
10 34
10 36
10 40
10 41
10 42
10 60
10 70
10 76
10 77
10 83
10 90
10 91
10 97
10 104
10 108
10 110
10 123
10 130
10 131
10 160
10 170
10 175
10 187
10 207
10 220
10 221
10 234
10 256
10 259
10 263
10 265
10 278
10 283
10 298
10 309
10 312
10 331
10 332
10 337
10 353
10 395
10 416
10 420
10 424
10 435
10 455
10 478
10 481
10 488
11 14
11 20
11 21
11 22
11 25
11 27
11 30
11 31
11 33
11 34
11 35
11 37
11 55
11 65
11 70
11 75
11 76
11 86
11 87
11 102
11 103
11 107
11 109
11 111
11 126
11 152
11 155
11 163
11 178
11 185
11 196
11 208
11 217
11 218
11 219
11 224
11 226
11 245
11 265
11 281
11 286
11 310
11 314
11 316
11 322
11 334
11 341
11 375
11 406
11 426
11 432
11 443
11 447
11 452
11 469
11 478
11 493
12 13
12 15
12 17
12 24
12 27
12 34
12 37
12 38
12 39
12 46
12 47
12 48
12 56
12 57
12 58
12 69
12 79
12 85
12 99
12 101
12 109
12 111
12 112
12 116
12 119
12 121
12 122
12 132
12 135
12 137
12 150
12 151
12 162
12 171
12 172
12 197
12 200
12 208
12 229
12 232
12 249
12 287
12 289
12 296
12 301
12 340
12 344
12 347
12 358
12 363
12 375
12 389
12 392
12 398
12 418
12 438
12 446
12 449
12 475
12 485
12 504
13 16
13 17
13 18
13 20
13 27
13 28
13 32
13 33
13 37
13 40
13 42
13 47
13 56
13 58
13 62
13 100
13 106
13 115
13 117
13 132
13 133
13 141
13 150
13 153
13 165
13 204
13 205
13 207
13 217
13 281
13 286
13 350
13 361
13 365
13 372
13 383
13 458
13 469
13 472
13 474
13 479
13 486
13 491
14 15
14 18
14 19
14 24
14 27
14 29
14 34
14 35
14 39
14 46
14 50
14 51
14 58
14 59
14 60
14 64
14 73
14 75
14 77
14 78
14 82
14 91
14 106
14 119
14 122
14 123
14 126
14 138
14 143
14 145
14 148
14 149
14 156
14 161
14 162
14 169
14 177
14 178
14 180
14 185
14 186
14 191
14 209
14 212
14 216
14 221
14 225
14 270
14 271
14 279
14 292
14 294
14 306
14 312
14 327
14 335
14 365
14 368
14 387
14 392
14 412
14 428
14 432
14 434
14 441
14 455
14 464
14 477
15 17
15 18
15 19
15 21
15 30
15 33
15 39
15 40
15 48
15 51
15 57
15 62
15 69
15 75
15 86
15 91
15 94
15 113
15 134
15 138
15 146
15 187
15 188
15 189
15 209
15 220
15 231
15 257
15 312
15 397
15 420
15 433
15 435
15 469
15 509
16 17
16 18
16 22
16 25
16 26
16 27
16 33
16 37
16 38
16 42
16 44
16 45
16 51
16 52
16 59
16 62
16 65
16 66
16 69
16 71
16 73
16 76
16 95
16 98
16 102
16 103
16 104
16 112
16 113
16 120
16 121
16 127
16 132
16 149
16 163
16 165
16 170
16 207
16 218
16 236
16 268
16 298
16 308
16 332
16 337
16 340
16 349
16 352
16 372
16 415
16 419
16 428
16 449
16 456
16 467
16 475
16 490
16 492
17 20
17 21
17 22
17 24
17 32
17 37
17 38
17 43
17 57
17 60
17 63
17 69
17 71
17 73
17 80
17 82
17 83
17 90
17 92
17 101
17 103
17 107
17 118
17 130
17 132
17 135
17 165
17 172
17 179
17 185
17 186
17 188
17 189
17 190
17 229
17 230
17 231
17 246
17 247
17 253
17 259
17 270
17 287
17 288
17 293
17 301
17 302
17 312
17 357
17 372
17 460
17 463
17 478
17 499
17 511
18 19
18 26
18 27
18 41
18 44
18 46
18 51
18 61
18 70
18 78
18 93
18 96
18 99
18 117
18 127
18 151
18 154
18 155
18 166
18 171
18 206
18 211
18 226
18 229
18 235
18 239
18 246
18 247
18 259
18 293
18 296
18 307
18 310
18 351
18 354
18 358
18 446
18 457
18 464
18 481
18 489
19 20
19 22
19 41
19 54
19 63
19 64
19 67
19 78
19 81
19 97
19 104
19 116
19 131
19 135
19 136
19 137
19 144
19 150
19 155
19 160
19 177
19 181
19 194
19 203
19 255
19 259
19 269
19 280
19 324
19 329
19 356
19 370
19 405
19 413
19 423
19 435
19 477
19 498
20 21
20 23
20 25
20 29
20 32
20 45
20 55
20 58
20 69
20 75
20 85
20 94
20 108
20 111
20 121
20 142
20 153
20 155
20 158
20 162
20 165
20 167
20 176
20 203
20 209
20 225
20 237
20 240
20 242
20 247
20 261
20 309
20 313
20 337
20 339
20 367
20 373
20 376
20 377
20 401
20 438
20 444
20 455
21 33
21 36
21 41
21 46
21 53
21 60
21 79
21 87
21 90
21 95
21 161
21 174
21 194
21 217
21 221
21 246
21 278
21 302
21 304
21 327
21 329
21 346
21 374
21 404
21 412
21 436
21 502
21 508
22 24
22 27
22 30
22 36
22 38
22 41
22 44
22 51
22 85
22 96
22 103
22 124
22 148
22 149
22 212
22 249
22 270
22 284
22 288
22 324
22 366
22 494
22 501
23 30
23 36
23 49
23 50
23 61
23 66
23 67
23 81
23 82
23 84
23 90
23 110
23 128
23 161
23 191
23 203
23 205
23 213
23 215
23 288
23 334
23 371
23 376
23 394
23 462
24 26
24 28
24 29
24 36
24 40
24 57
24 67
24 72
24 73
24 92
24 100
24 108
24 115
24 117
24 131
24 144
24 147
24 149
24 152
24 169
24 173
24 176
24 229
24 239
24 248
24 261
24 273
24 274
24 278
24 290
24 293
24 302
24 329
24 342
24 346
24 356
24 360
24 382
24 397
24 419
24 430
24 443
24 456
24 462
24 473
24 485
25 31
25 34
25 40
25 43
25 96
25 114
25 123
25 131
25 147
25 160
25 164
25 183
25 184
25 186
25 207
25 215
25 216
25 254
25 281
25 291
25 302
25 324
25 362
25 381
25 387
25 394
25 417
25 456
25 471
25 511
26 28
26 36
26 37
26 55
26 68
26 94
26 109
26 124
26 128
26 164
26 166
26 167
26 177
26 180
26 213
26 222
26 230
26 262
26 284
26 294
26 326
26 355
26 358
26 414
26 415
26 418
26 429
26 431
27 54
27 67
27 78
27 84
27 87
27 93
27 101
27 111
27 123
27 124
27 151
27 156
27 168
27 172
27 217
27 219
27 275
27 303
27 381
27 396
27 409
27 429
28 33
28 34
28 35
28 36
28 42
28 43
28 55
28 61
28 84
28 99
28 102
28 120
28 131
28 135
28 179
28 180
28 253
28 264
28 283
28 300
28 332
28 358
28 373
28 413
28 443
29 58
29 95
29 101
29 136
29 156
29 166
29 188
29 191
29 210
29 239
29 249
29 257
29 308
29 339
29 470
29 506
30 31
30 41
30 45
30 51
30 91
30 101
30 108
30 122
30 128
30 174
30 237
30 274
30 373
30 387
30 389
30 398
30 410
30 511
31 46
31 59
31 90
31 107
31 112
31 120
31 131
31 146
31 162
31 173
31 209
31 211
31 213
31 223
31 246
31 258
31 276
31 277
31 317
31 335
31 358
31 408
31 431
31 480
31 492
31 508
31 510
32 39
32 41
32 43
32 45
32 48
32 54
32 56
32 59
32 82
32 84
32 96
32 98
32 117
32 128
32 129
32 136
32 143
32 154
32 191
32 197
32 205
32 215
32 232
32 240
32 245
32 247
32 282
32 295
32 311
32 322
32 341
32 346
32 355
32 365
32 398
32 402
32 408
32 495
33 38
33 74
33 79
33 88
33 112
33 115
33 174
33 185
33 222
33 228
33 235
33 252
33 253
33 309
33 316
33 317
33 363
33 386
33 403
33 431
33 454
33 491
34 69
34 88
34 140
34 167
34 195
34 231
34 244
34 265
34 325
34 379
34 393
34 402
34 453
35 42
35 47
35 56
35 79
35 96
35 125
35 144
35 159
35 179
35 192
35 209
35 257
35 263
35 277
35 299
35 328
35 342
35 349
35 364
35 380
35 447
35 466
35 496
35 504
36 44
36 93
36 117
36 146
36 180
36 198
36 239
36 321
36 353
36 418
36 449
37 47
37 51
37 53
37 55
37 76
37 80
37 81
37 82
37 84
37 94
37 106
37 131
37 156
37 159
37 164
37 168
37 182
37 199
37 226
37 232
37 265
37 281
37 287
37 308
37 321
37 327
37 331
37 368
37 477
37 479
37 510
37 511
38 66
38 91
38 98
38 127
38 147
38 195
38 210
38 235
38 250
38 257
38 261
38 300
38 314
38 376
38 448
38 471
38 489
38 501
39 44
39 45
39 49
39 51
39 103
39 148
39 213
39 214
39 303
39 405
39 423
39 500
39 510
40 55
40 60
40 65
40 66
40 75
40 77
40 78
40 81
40 94
40 110
40 113
40 115
40 120
40 124
40 146
40 152
40 194
40 197
40 258
40 305
40 330
40 337
40 349
40 403
40 408
40 412
40 439
40 450
40 458
40 466
40 477
41 52
41 80
41 122
41 147
41 184
41 188
41 236
41 284
41 423
42 43
42 52
42 56
42 57
42 64
42 67
42 82
42 86
42 93
42 107
42 117
42 148
42 152
42 162
42 174
42 220
42 243
42 252
42 293
42 297
42 351
42 352
42 357
42 428
43 70
43 72
43 148
43 164
43 170
43 227
43 252
43 292
43 344
44 46
44 48
44 57
44 66
44 81
44 89
44 90
44 93
44 97
44 101
44 121
44 133
44 140
44 175
44 204
44 256
44 260
44 282
44 283
44 327
44 349
44 391
44 423
45 64
45 65
45 72
45 107
45 120
45 145
45 146
45 173
45 183
45 236
45 244
45 249
45 318
45 359
45 382
45 393
45 394
45 433
45 489
45 495
46 58
46 70
46 89
46 106
46 121
46 200
46 279
46 284
46 296
46 311
46 323
46 365
46 479
47 48
47 57
47 59
47 70
47 80
47 87
47 109
47 133
47 138
47 140
47 142
47 162
47 165
47 193
47 238
47 307
47 338
47 385
47 397
47 418
47 425
47 468
47 494
48 54
48 56
48 61
48 71
48 78
48 99
48 145
48 147
48 153
48 154
48 234
48 252
48 305
48 313
48 323
48 334
48 345
48 418
48 420
48 462
48 478
49 72
49 78
49 138
49 163
49 176
49 218
49 232
49 296
49 480
50 71
50 72
50 83
50 86
50 93
50 118
50 122
50 123
50 146
50 191
50 234
50 295
50 316
50 323
50 328
50 367
50 384
50 397
50 478
51 63
51 85
51 87
51 95
51 97
51 129
51 163
51 182
51 194
51 248
51 251
51 311
51 335
51 338
51 421
52 98
52 100
52 109
52 125
52 139
52 144
52 178
52 208
52 209
52 233
52 246
52 321
52 391
52 416
52 442
52 454
52 470
52 507
53 55
53 60
53 76
53 86
53 104
53 118
53 125
53 137
53 143
53 183
53 187
53 195
53 266
53 269
53 278
53 284
53 292
53 318
53 321
53 344
53 367
53 372
53 442
53 443
53 452
53 471
54 77
54 84
54 113
54 133
54 147
54 209
54 290
54 304
54 395
54 422
54 491
55 108
55 109
55 131
55 348
55 361
55 480
55 501
56 59
56 71
56 112
56 127
56 158
56 195
56 198
56 254
56 260
56 367
56 395
56 470
56 505
57 65
57 68
57 78
57 79
57 112
57 120
57 137
57 143
57 192
57 193
57 241
57 272
57 286
57 346
57 389
57 465
57 490
57 491
58 60
58 109
58 122
58 174
58 313
58 364
58 370
58 397
59 118
59 125
59 141
59 231
59 274
59 288
59 319
59 326
59 433
59 445
60 74
60 88
60 104
60 107
60 112
60 194
60 224
60 248
60 266
60 282
60 286
60 302
60 330
60 354
60 359
60 379
60 401
60 411
60 500
61 71
61 112
61 128
61 199
61 353
61 369
61 389
61 447
61 482
62 66
62 338
62 370
62 402
62 495
62 506
63 72
63 201
63 218
63 221
63 225
63 244
63 254
63 267
63 291
63 329
63 391
63 486
64 70
64 105
64 127
64 199
64 208
64 297
64 360
64 378
64 384
64 391
64 451
64 460
65 83
65 90
65 119
65 123
65 151
65 171
65 192
65 207
65 211
65 255
65 296
65 300
65 311
65 335
65 343
65 397
65 429
65 485
65 488
66 69
66 138
66 201
66 207
66 239
66 262
66 297
66 318
66 321
66 351
66 369
66 407
66 416
66 425
66 426
66 470
66 475
66 485
67 72
67 99
67 119
67 140
67 141
67 161
67 163
67 225
67 238
67 269
67 291
67 360
67 511
68 98
68 102
68 118
68 136
68 142
68 156
68 172
68 179
68 180
68 294
68 304
68 305
68 335
68 362
68 375
68 447
68 461
68 471
68 486
69 86
69 111
69 129
69 130
69 210
69 238
69 305
69 323
69 404
69 411
70 96
70 141
70 142
70 148
70 154
70 221
70 226
70 253
70 271
70 319
70 322
70 450
70 476
70 494
71 75
71 76
71 88
71 170
71 176
71 202
71 208
71 351
71 445
71 510
72 83
72 122
72 145
72 172
72 223
72 302
72 303
72 309
72 343
72 424
72 431
72 434
72 486
72 492
73 110
73 126
73 141
73 151
73 153
73 190
73 219
73 354
73 396
74 104
74 105
74 125
74 130
74 225
74 238
74 258
74 374
74 466
75 97
75 103
75 139
75 182
75 218
75 273
75 474
76 89
76 110
76 143
76 144
76 170
76 412
76 447
76 455
76 477
76 484
77 102
77 110
77 118
77 211
77 224
77 243
77 270
77 273
77 304
77 307
77 339
77 347
77 413
77 449
77 497
78 119
78 255
78 263
78 501
79 81
79 89
79 127
79 132
79 134
79 174
79 213
79 244
79 276
79 278
79 295
79 350
79 422
79 433
79 437
79 503
80 100
80 109
80 139
80 145
80 159
80 161
80 434
80 456
80 467
81 91
81 93
81 103
81 127
81 175
81 176
81 182
81 194
81 236
81 238
81 272
81 298
81 329
81 361
82 171
82 200
82 212
82 376
82 390
82 417
82 434
82 435
83 116
83 118
83 262
83 315
84 115
84 123
84 128
84 148
84 168
84 170
84 195
84 216
84 221
84 283
84 314
84 442
84 495
85 91
85 139
85 141
85 184
85 185
85 206
85 231
85 232
85 241
85 315
85 511
86 164
86 169
86 240
86 288
86 393
87 100
87 102
87 123
87 148
87 245
87 260
87 271
87 404
87 413
87 441
88 121
88 156
88 158
88 257
88 460
89 94
89 116
89 133
89 144
89 199
89 221
89 247
89 260
89 306
89 319
89 346
89 374
89 431
90 92
90 101
90 201
90 261
90 309
90 422
90 446
91 106
91 159
91 210
91 247
91 273
91 311
91 313
91 339
91 361
91 400
91 440
91 488
92 95
92 141
92 199
92 250
92 488
92 493
92 497
93 95
93 162
93 167
93 178
93 183
93 196
93 258
93 273
93 282
93 299
93 307
93 464
93 475
93 496
94 444
94 459
95 102
95 133
95 187
95 198
95 210
95 231
95 358
95 432
95 455
95 500
96 135
96 159
96 178
96 230
97 105
97 195
97 196
97 218
97 226
97 289
97 316
97 317
97 347
97 419
97 435
97 438
97 442
97 447
98 149
98 202
98 228
98 257
98 340
98 449
98 484
99 128
99 137
99 172
99 177
99 179
99 284
99 313
99 333
99 370
99 468
100 162
100 263
100 275
100 322
100 343
100 376
100 421
100 430
101 173
101 292
101 312
101 425
102 130
102 172
102 215
102 281
102 363
102 410
102 482
103 150
103 160
103 207
103 235
103 355
103 406
103 456
103 466
104 116
104 170
104 273
104 283
104 287
104 332
104 341
104 434
104 489
105 142
105 233
105 336
105 377
105 404
105 422
105 494
105 505
106 110
106 149
106 160
106 166
106 189
106 214
106 260
106 315
106 336
106 436
107 112
107 129
107 153
107 157
107 189
107 236
107 255
107 268
107 299
107 303
108 147
108 150
108 186
108 200
108 242
108 267
108 408
108 503
109 243
110 181
110 228
110 266
110 277
110 350
110 364
110 391
110 439
110 484
110 490
111 114
111 143
111 152
111 264
111 343
111 354
111 361
111 489
111 506
112 116
112 141
112 142
112 197
112 252
112 321
112 330
112 383
112 389
112 406
112 452
113 337
113 387
113 494
114 117
114 171
114 181
114 200
114 282
114 327
114 371
114 377
114 378
114 398
114 421
114 428
114 463
114 477
114 487
114 492
115 145
115 201
115 208
115 234
115 319
115 390
115 411
115 506
116 137
116 169
116 188
116 223
116 267
116 358
116 404
116 486
117 225
117 354
118 261
118 331
118 351
118 353
118 412
118 439
119 135
119 138
119 163
119 205
119 216
119 250
119 282
119 298
119 331
119 400
119 427
119 429
120 134
120 168
120 197
120 211
120 222
120 235
120 259
120 268
120 357
120 378
120 415
120 446
120 459
120 473
120 491
121 129
121 155
121 206
121 231
121 247
121 360
121 371
121 385
121 399
121 428
121 453
122 128
122 188
122 262
122 369
122 381
122 435
123 152
123 153
123 158
123 160
123 175
123 180
123 237
123 250
123 251
123 321
123 398
123 417
123 444
124 260
124 420
124 462
124 477
125 258
125 448
126 136
126 168
126 219
126 226
126 246
126 261
126 316
126 342
126 344
126 345
126 351
126 406
126 410
127 137
127 145
127 162
127 237
127 247
127 270
127 318
127 333
127 356
127 377
127 442
128 220
128 260
128 271
128 317
129 134
129 151
129 206
129 214
129 271
129 274
129 310
129 350
129 411
129 448
130 233
130 267
130 350
130 425
132 195
132 232
132 251
132 295
132 298
132 306
132 317
132 364
132 392
132 401
132 413
132 487
132 508
133 193
133 195
133 256
133 258
133 305
133 334
134 159
134 182
134 205
134 206
134 366
134 481
135 302
135 337
135 347
135 439
136 154
136 203
136 438
136 509
137 139
137 190
137 191
137 196
137 280
137 330
138 227
138 283
138 331
138 376
139 157
139 223
139 230
139 284
139 324
139 461
140 151
140 163
140 184
140 185
140 241
140 243
140 300
140 334
140 496
141 154
141 233
141 240
141 276
141 289
141 293
141 301
141 359
141 474
142 151
142 384
142 402
142 427
142 443
142 503
143 153
143 171
143 182
143 194
143 233
143 244
143 256
143 264
143 268
143 323
143 373
143 388
143 468
144 156
144 196
144 360
144 461
145 272
145 280
145 320
145 445
145 446
145 452
146 154
146 231
146 278
146 322
146 351
147 192
147 202
147 208
147 306
147 440
147 480
147 504
148 297
148 320
148 363
148 382
148 424
148 436
149 158
150 203
150 271
150 333
150 367
150 384
151 187
151 198
151 205
151 232
151 459
151 474
151 494
151 499
152 213
152 392
152 426
153 177
153 286
154 157
154 184
154 215
154 234
154 280
154 341
154 407
154 441
154 479
154 485
155 166
155 176
155 182
155 245
155 269
155 322
155 403
155 417
155 460
156 320
156 348
157 267
157 303
157 305
157 345
157 420
157 509
158 176
158 190
158 194
158 262
158 267
158 309
158 371
158 396
158 401
158 465
159 168
159 177
159 262
159 268
159 279
159 287
159 342
159 355
159 382
159 509
160 169
160 270
160 280
160 382
160 488
161 344
161 449
161 458
162 217
162 258
162 368
162 396
162 407
162 414
163 190
163 199
163 214
163 222
163 242
163 263
163 300
163 417
163 448
164 178
164 210
164 215
164 254
164 389
164 445
164 459
165 168
165 171
165 276
165 292
165 301
165 302
165 349
165 353
165 470
165 503
166 216
166 366
167 196
167 349
168 186
168 201
168 328
169 216
169 230
169 403
170 174
170 195
170 415
170 418
170 434
170 459
170 461
170 507
171 299
171 368
172 226
172 234
172 299
172 347
172 369
172 448
173 257
173 338
173 350
173 410
174 490
175 192
175 265
175 272
175 435
175 442
176 202
176 261
176 437
177 248
177 445
178 235
178 266
178 293
178 454
178 491
179 201
179 234
179 289
179 472
180 184
180 225
180 248
180 259
180 331
180 383
180 419
181 241
181 263
181 292
181 317
181 327
181 336
181 392
181 467
182 200
182 220
182 224
182 258
182 277
182 297
182 333
182 360
182 381
183 230
183 265
183 277
183 317
183 326
183 405
183 424
183 484
184 212
184 214
184 226
184 249
184 256
184 281
184 320
185 187
185 244
185 255
185 294
185 307
185 348
185 411
185 452
185 493
185 504
186 279
186 320
186 391
187 190
187 237
187 315
187 373
188 242
189 201
189 241
189 294
189 325
189 328
189 330
189 383
189 462
190 198
190 264
190 285
190 333
190 347
190 390
190 481
191 287
191 349
191 462
192 272
192 342
192 409
193 424
194 204
194 222
194 272
194 275
194 278
194 325
194 359
194 505
195 374
195 402
195 423
195 450
196 291
196 366
196 409
197 225
197 283
197 339
197 378
197 429
197 500
198 266
198 360
198 369
198 476
198 489
198 510
200 295
200 325
200 340
201 362
201 467
201 491
201 502
202 320
202 323
203 213
203 256
204 355
204 387
204 444
204 493
205 308
205 482
206 236
206 314
207 289
207 452
208 310
208 375
209 235
209 264
209 349
209 469
210 230
210 238
210 336
211 401
211 436
211 444
212 253
212 315
212 388
212 482
213 411
214 295
215 341
215 449
215 473
217 224
217 299
217 409
217 496
218 292
218 340
218 352
218 364
218 440
218 466
218 485
218 505
219 424
220 237
220 331
221 228
221 250
221 254
221 417
221 487
222 301
222 306
223 298
223 404
223 458
224 304
224 401
224 415
224 468
225 299
225 306
225 316
226 277
226 337
227 262
227 445
229 233
229 380
230 378
230 428
230 439
230 481
231 252
231 263
231 421
232 254
233 241
233 282
234 235
234 271
234 314
234 450
234 510
235 364
235 400
236 417
236 495
237 268
237 332
238 251
238 329
239 285
239 312
239 483
239 491
240 248
240 265
240 345
241 280
241 392
241 472
241 473
241 493
242 247
242 251
242 289
242 365
242 453
242 461
243 245
243 246
243 407
243 420
244 413
244 444
245 301
245 382
245 406
245 416
245 430
245 483
246 298
248 264
249 338
249 363
250 251
250 378
250 393
251 287
252 388
253 300
253 313
253 386
253 424
253 466
254 270
254 329
254 373
254 397
254 429
254 474
255 294
255 362
256 276
257 290
257 473
258 374
259 307
259 446
260 280
260 338
261 332
261 372
261 416
262 342
262 347
262 432
262 506
263 265
263 315
263 322
263 398
263 423
265 338
265 357
265 410
265 451
267 408
268 393
269 356
270 437
270 450
271 385
271 507
272 284
272 313
272 429
272 495
272 500
273 299
273 331
273 497
274 326
274 467
275 328
275 348
275 377
275 427
275 453
275 493
276 308
277 337
277 392
277 399
277 451
277 458
278 313
278 372
278 451
278 497
279 297
279 373
279 425
279 504
280 286
280 425
280 442
280 459
281 389
282 335
282 365
283 482
284 296
284 419
285 395
285 507
286 305
286 310
286 386
286 505
287 307
287 310
287 383
287 451
287 488
288 370
288 443
289 356
289 464
291 457
292 361
292 501
293 338
293 420
293 460
293 484
294 316
295 312
295 353
295 372
295 437
296 343
296 360
296 386
296 409
296 436
297 325
297 387
298 475
299 456
300 433
300 507
301 314
301 362
301 491
302 325
302 343
302 393
303 446
304 315
305 411
306 437
307 441
307 461
308 498
308 508
309 357
309 398
310 355
310 420
310 481
312 396
312 504
313 356
313 388
315 324
315 422
315 492
316 343
316 488
317 385
318 378
319 494
320 390
320 464
320 488
321 373
321 375
321 478
321 508
322 398
322 444
323 479
324 458
324 485
326 404
327 395
327 423
327 509
328 413
328 436
330 377
331 356
331 392
332 379
332 483
333 345
333 359
333 420
333 511
334 418
334 472
335 370
335 380
335 419
338 345
338 390
338 507
339 351
340 363
342 455
344 394
344 451
344 476
345 376
345 383
345 450
346 389
347 354
347 499
350 389
350 463
350 502
352 470
352 499
353 385
353 400
353 421
353 427
354 492
355 364
355 367
355 421
355 465
355 466
355 497
356 471
357 378
357 402
358 461
359 367
362 402
363 377
363 455
363 476
364 432
364 476
364 490
365 448
366 460
367 384
368 441
368 452
369 414
369 438
370 371
370 384
370 386
370 402
371 498
372 390
372 395
372 407
373 415
374 379
374 416
376 416
376 476
379 393
381 457
383 465
385 391
385 407
385 497
386 390
386 484
388 406
388 436
391 422
391 472
392 482
393 476
394 446
396 416
396 477
397 427
398 418
403 410
403 425
403 457
407 430
407 440
407 480
408 451
414 469
414 510
418 507
420 428
420 437
420 469
421 501
422 457
423 481
425 454
426 446
426 511
427 433
427 506
430 456
432 458
433 462
433 487
435 484
438 456
440 493
449 502
450 468
450 502
459 469
467 499
468 480
471 496
475 486
475 494
481 498
482 484
489 503
492 509
493 503
494 502
499 500
