0 9
0 14
0 22
0 23
0 34
0 35
0 44
0 52
0 61
0 80
0 87
0 110
0 114
0 335
0 381
0 473
0 479
0 502
1 9
1 10
1 13
1 14
1 15
1 17
1 22
1 75
1 78
1 95
1 144
1 149
1 150
1 183
1 186
1 205
1 228
1 269
1 272
1 286
1 295
1 323
1 371
1 382
1 408
1 448
1 481
2 9
2 10
2 13
2 14
2 15
2 20
2 21
2 24
2 28
2 45
2 67
2 119
2 126
2 130
2 133
2 140
2 164
2 192
2 206
2 207
2 333
2 369
2 377
2 391
2 393
2 395
2 400
2 427
2 440
2 476
2 487
3 11
3 12
3 13
3 14
3 16
3 19
3 23
3 25
3 26
3 34
3 39
3 44
3 50
3 52
3 54
3 62
3 76
3 79
3 81
3 85
3 86
3 87
3 88
3 92
3 97
3 98
3 100
3 102
3 107
3 113
3 116
3 119
3 129
3 157
3 165
3 167
3 184
3 190
3 196
3 197
3 239
3 250
3 285
3 332
3 358
3 376
3 399
3 403
3 426
3 454
3 462
4 12
4 13
4 15
4 17
4 18
4 21
4 23
4 25
4 29
4 30
4 37
4 40
4 44
4 50
4 53
4 58
4 61
4 64
4 65
4 67
4 74
4 79
4 83
4 87
4 92
4 124
4 126
4 138
4 143
4 150
4 187
4 199
4 204
4 233
4 234
4 243
4 255
4 268
4 269
4 274
4 276
4 293
4 295
4 322
4 325
4 340
4 352
4 353
4 356
4 399
4 403
4 409
4 415
4 430
4 459
4 463
4 498
4 509
5 10
5 11
5 16
5 39
5 45
5 53
5 73
5 89
5 104
5 108
5 132
5 153
5 167
5 204
5 206
5 240
5 255
5 286
5 339
5 425
5 497
5 509
6 9
6 11
6 42
6 146
6 430
6 465
7 9
7 10
7 11
7 13
7 15
7 16
7 19
7 23
7 25
7 27
7 32
7 49
7 60
7 92
7 105
7 126
7 149
7 175
7 201
7 206
7 345
7 419
7 464
7 471
7 498
8 11
8 12
8 14
8 20
8 22
8 29
8 38
8 39
8 41
8 49
8 62
8 66
8 67
8 68
8 73
8 119
8 125
8 135
8 136
8 158
8 159
8 176
8 186
8 223
8 236
8 288
8 289
8 321
8 326
8 344
8 364
8 366
8 374
8 439
8 483
8 488
8 502
8 505
9 10
9 11
9 12
9 13
9 14
9 16
9 18
9 19
9 21
9 22
9 23
9 25
9 33
9 35
9 43
9 45
9 47
9 48
9 52
9 53
9 54
9 55
9 69
9 72
9 74
9 75
9 88
9 89
9 95
9 96
9 99
9 107
9 117
9 118
9 126
9 131
9 135
9 140
9 148
9 152
9 155
9 160
9 205
9 209
9 211
9 220
9 223
9 224
9 227
9 239
9 248
9 249
9 263
9 285
9 291
9 304
9 308
9 310
9 345
9 362
9 366
9 375
9 385
9 386
9 396
9 400
9 417
9 422
9 429
9 432
9 438
9 472
9 486
10 11
10 12
10 13
10 14
10 15
10 16
10 17
10 19
10 20
10 21
10 26
10 30
10 32
10 33
10 34
10 35
10 40
10 42
10 60
10 67
10 69
10 70
10 73
10 76
10 77
10 83
10 88
10 91
10 97
10 104
10 107
10 110
10 116
10 123
10 124
10 130
10 156
10 160
10 170
10 175
10 187
10 203
10 207
10 220
10 221
10 234
10 259
10 263
10 278
10 292
10 298
10 309
10 312
10 317
10 328
10 331
10 332
10 343
10 353
10 375
10 381
10 395
10 413
10 416
10 424
10 435
10 455
10 473
10 478
10 481
10 488
10 499
10 504
11 14
11 20
11 21
11 22
11 25
11 26
11 27
11 30
11 31
11 33
11 34
11 35
11 39
11 47
11 55
11 60
11 61
11 65
11 76
11 79
11 80
11 81
11 84
11 86
11 87
11 102
11 103
11 107
11 126
11 133
11 152
11 168
11 171
11 178
11 196
11 201
11 217
11 224
11 226
11 245
11 265
11 286
11 311
11 314
11 316
11 319
11 322
11 383
11 406
11 408
11 426
11 432
11 447
11 478
11 493
12 13
12 14
12 15
12 17
12 18
12 27
12 32
12 38
12 39
12 41
12 47
12 48
12 50
12 58
12 79
12 85
12 109
12 111
12 116
12 119
12 122
12 132
12 137
12 150
12 151
12 154
12 162
12 171
12 172
12 208
12 229
12 232
12 279
12 281
12 283
12 287
12 301
12 320
12 339
12 347
12 363
12 375
12 389
12 398
12 418
12 446
12 449
12 475
12 485
12 487
12 504
12 508
13 16
13 17
13 20
13 24
13 27
13 32
13 33
13 37
13 40
13 42
13 46
13 47
13 48
13 71
13 115
13 117
13 133
13 141
13 150
13 153
13 203
13 205
13 207
13 217
13 224
13 245
13 266
13 281
13 286
13 361
13 372
13 383
13 409
13 414
13 419
13 458
13 469
13 474
13 491
14 16
14 18
14 24
14 27
14 30
14 35
14 39
14 43
14 46
14 49
14 50
14 51
14 58
14 60
14 64
14 68
14 75
14 78
14 82
14 91
14 106
14 114
14 119
14 123
14 126
14 138
14 143
14 145
14 148
14 149
14 156
14 162
14 165
14 169
14 178
14 180
14 186
14 191
14 209
14 212
14 221
14 225
14 244
14 253
14 270
14 273
14 279
14 292
14 294
14 301
14 306
14 312
14 327
14 335
14 392
14 412
14 432
14 441
14 442
14 455
14 464
14 477
15 17
15 18
15 19
15 21
15 28
15 30
15 33
15 39
15 40
15 48
15 51
15 54
15 57
15 62
15 91
15 94
15 113
15 134
15 138
15 146
15 183
15 187
15 188
15 189
15 220
15 230
15 231
15 246
15 257
15 312
15 341
15 350
15 379
15 380
15 385
15 397
15 420
15 426
15 433
15 435
15 469
15 497
15 499
15 509
16 17
16 18
16 22
16 23
16 25
16 26
16 27
16 28
16 33
16 37
16 38
16 42
16 52
16 55
16 59
16 62
16 65
16 66
16 69
16 71
16 73
16 76
16 98
16 102
16 104
16 112
16 113
16 120
16 127
16 139
16 149
16 163
16 165
16 170
16 183
16 207
16 236
16 268
16 297
16 298
16 306
16 308
16 311
16 318
16 330
16 332
16 337
16 340
16 349
16 352
16 372
16 383
16 387
16 405
16 421
16 428
16 449
16 456
16 460
16 467
16 490
16 492
17 20
17 21
17 22
17 23
17 24
17 32
17 37
17 38
17 43
17 53
17 57
17 61
17 63
17 69
17 70
17 71
17 73
17 74
17 80
17 82
17 90
17 92
17 100
17 101
17 102
17 107
17 118
17 132
17 135
17 165
17 172
17 179
17 185
17 186
17 189
17 190
17 230
17 231
17 246
17 253
17 270
17 275
17 288
17 293
17 301
17 302
17 314
17 357
17 367
17 431
17 460
17 469
17 478
17 499
17 511
18 19
18 27
18 30
18 42
18 44
18 51
18 61
18 65
18 70
18 93
18 96
18 117
18 127
18 135
18 151
18 154
18 158
18 166
18 171
18 203
18 206
18 209
18 229
18 235
18 239
18 246
18 247
18 259
18 293
18 296
18 307
18 308
18 310
18 334
18 351
18 414
18 446
18 511
19 20
19 22
19 29
19 42
19 63
19 64
19 67
19 78
19 81
19 97
19 104
19 116
19 131
19 137
19 144
19 155
19 160
19 163
19 173
19 177
19 180
19 189
19 193
19 194
19 202
19 228
19 269
19 280
19 281
19 329
19 356
19 368
19 370
19 423
19 431
19 457
19 505
20 21
20 23
20 25
20 28
20 29
20 32
20 34
20 38
20 45
20 48
20 50
20 57
20 58
20 69
20 94
20 97
20 108
20 111
20 121
20 142
20 144
20 153
20 155
20 158
20 165
20 167
20 176
20 197
20 209
20 212
20 225
20 231
20 237
20 242
20 247
20 261
20 305
20 309
20 313
20 326
20 344
20 373
20 376
20 438
20 444
20 492
20 495
21 25
21 33
21 36
21 37
21 46
21 53
21 60
21 77
21 79
21 87
21 90
21 95
21 188
21 194
21 197
21 217
21 219
21 221
21 246
21 278
21 304
21 327
21 353
21 374
21 404
21 412
21 436
21 457
21 475
21 502
22 24
22 27
22 30
22 31
22 36
22 37
22 50
22 51
22 85
22 89
22 103
22 124
22 148
22 151
22 168
22 212
22 249
22 270
22 288
22 318
22 324
22 327
22 366
22 394
22 494
22 501
23 26
23 36
23 40
23 50
23 59
23 61
23 66
23 67
23 84
23 90
23 94
23 110
23 128
23 161
23 173
23 188
23 191
23 203
23 205
23 213
23 288
23 334
23 370
23 371
23 379
23 394
23 411
23 442
23 462
24 26
24 28
24 36
24 57
24 63
24 67
24 71
24 74
24 92
24 100
24 108
24 117
24 131
24 144
24 152
24 157
24 169
24 171
24 173
24 176
24 186
24 239
24 261
24 273
24 274
24 319
24 342
24 346
24 356
24 357
24 360
24 430
24 443
24 444
24 456
24 473
24 485
25 31
25 34
25 65
25 94
25 96
25 131
25 147
25 160
25 164
25 183
25 184
25 186
25 192
25 207
25 215
25 254
25 255
25 279
25 281
25 291
25 302
25 324
25 381
25 394
25 417
25 456
25 511
26 28
26 32
26 36
26 37
26 55
26 68
26 77
26 87
26 109
26 128
26 164
26 166
26 167
26 177
26 180
26 192
26 204
26 213
26 230
26 262
26 284
26 294
26 326
26 355
26 358
26 361
26 388
26 415
26 429
27 54
27 62
27 67
27 78
27 84
27 87
27 99
27 124
27 151
27 157
27 172
27 217
27 219
27 275
27 293
27 303
27 381
27 396
27 409
27 429
28 34
28 55
28 61
28 84
28 99
28 102
28 120
28 130
28 131
28 135
28 179
28 180
28 253
28 264
28 283
28 358
28 373
28 413
28 443
28 505
29 31
29 58
29 83
29 95
29 136
29 166
29 188
29 191
29 210
29 238
29 239
29 249
29 255
29 257
29 288
29 308
29 493
29 506
30 31
30 41
30 45
30 51
30 92
30 101
30 108
30 122
30 128
30 163
30 174
30 187
30 210
30 274
30 373
30 389
30 410
30 412
30 422
30 511
31 59
31 74
31 105
31 107
31 131
31 134
31 146
31 162
31 173
31 209
31 211
31 213
31 223
31 246
31 276
31 288
31 317
31 358
31 403
31 408
31 480
31 492
31 499
31 508
31 510
32 33
32 39
32 43
32 45
32 48
32 54
32 56
32 59
32 68
32 82
32 84
32 96
32 110
32 117
32 129
32 130
32 136
32 143
32 154
32 164
32 173
32 197
32 198
32 200
32 205
32 232
32 240
32 247
32 282
32 295
32 311
32 346
32 355
32 362
32 365
32 385
32 398
32 402
32 408
32 432
33 35
33 39
33 54
33 76
33 105
33 112
33 115
33 116
33 161
33 174
33 185
33 222
33 228
33 235
33 252
33 275
33 317
33 363
33 403
33 431
33 454
33 491
34 40
34 52
34 97
34 118
34 121
34 140
34 195
34 219
34 231
34 239
34 244
34 265
34 325
34 393
34 402
35 42
35 47
35 79
35 91
35 96
35 100
35 143
35 159
35 179
35 209
35 245
35 257
35 263
35 282
35 299
35 318
35 328
35 342
35 349
35 380
35 447
35 466
35 496
36 59
36 68
36 83
36 93
36 140
36 146
36 198
36 222
36 285
36 310
36 353
36 418
37 47
37 51
37 53
37 65
37 81
37 82
37 84
37 89
37 94
37 106
37 131
37 152
37 156
37 159
37 161
37 164
37 168
37 182
37 199
37 207
37 226
37 232
37 251
37 281
37 287
37 291
37 300
37 321
37 327
37 368
37 447
37 448
37 477
37 479
37 495
37 511
38 53
38 64
38 66
38 91
38 98
38 100
38 127
38 147
38 195
38 204
38 210
38 217
38 224
38 250
38 261
38 296
38 300
38 314
38 345
38 352
38 376
38 437
38 448
38 471
38 489
38 501
39 44
39 45
39 64
39 103
39 106
39 134
39 148
39 157
39 214
39 237
39 303
39 354
39 500
40 49
40 53
40 65
40 66
40 75
40 78
40 81
40 94
40 115
40 124
40 152
40 164
40 166
40 194
40 197
40 274
40 305
40 330
40 337
40 349
40 361
40 403
40 408
40 412
40 439
40 450
40 466
40 477
41 80
41 95
41 122
41 147
41 184
41 236
41 254
41 294
41 359
41 405
41 423
42 56
42 57
42 64
42 67
42 82
42 93
42 107
42 114
42 115
42 117
42 138
42 148
42 149
42 152
42 162
42 174
42 181
42 220
42 242
42 293
42 297
42 351
42 352
42 357
42 428
43 68
43 70
43 72
43 76
43 106
43 148
43 155
43 227
43 292
44 46
44 48
44 57
44 66
44 72
44 77
44 81
44 89
44 101
44 121
44 137
44 140
44 204
44 256
44 260
44 276
44 282
44 283
44 327
44 391
44 423
45 65
45 85
45 107
45 109
45 120
45 173
45 183
45 236
45 249
45 382
45 393
45 394
45 433
46 58
46 70
46 89
46 91
46 200
46 240
46 243
46 279
46 284
46 296
46 365
46 479
47 48
47 52
47 57
47 59
47 64
47 70
47 81
47 109
47 134
47 138
47 140
47 142
47 146
47 147
47 162
47 165
47 193
47 238
47 265
47 281
47 323
47 385
47 425
47 468
47 482
47 493
48 50
48 78
48 99
48 114
48 147
48 153
48 154
48 166
48 206
48 252
48 276
48 305
48 313
48 323
48 418
48 452
48 478
49 59
49 72
49 78
49 120
49 138
49 163
49 176
49 218
49 232
49 296
49 440
49 480
50 56
50 72
50 83
50 93
50 122
50 123
50 134
50 146
50 191
50 261
50 295
50 316
50 323
50 328
50 367
50 379
50 384
50 405
50 478
51 68
51 85
51 95
51 97
51 163
51 182
51 200
51 248
51 251
51 311
51 335
51 338
51 408
52 98
52 99
52 109
52 113
52 125
52 139
52 144
52 178
52 208
52 209
52 233
52 246
52 336
52 407
52 434
52 442
52 454
52 470
53 55
53 60
53 70
53 82
53 88
53 104
53 105
53 118
53 125
53 137
53 139
53 143
53 183
53 187
53 195
53 229
53 269
53 284
53 318
53 321
53 330
53 333
53 344
53 367
53 403
53 443
53 452
54 93
54 113
54 147
54 193
54 198
54 219
54 290
54 304
54 395
54 422
55 90
55 109
55 131
55 348
55 361
55 501
56 96
56 112
56 127
56 158
56 195
56 260
56 367
56 386
56 395
56 470
57 65
57 68
57 78
57 79
57 137
57 143
57 192
57 193
57 212
57 240
57 241
57 272
57 286
57 288
57 346
57 365
57 389
57 465
57 490
57 491
58 60
58 109
58 125
58 129
58 150
58 280
58 312
58 313
58 364
58 370
58 379
58 394
59 118
59 141
59 173
59 231
59 274
59 288
59 326
59 332
59 353
59 368
59 396
59 414
59 433
59 445
60 71
60 74
60 88
60 104
60 107
60 112
60 158
60 266
60 275
60 282
60 286
60 302
60 318
60 330
60 354
60 359
60 384
60 401
60 411
60 415
60 500
60 503
61 71
61 112
61 128
61 189
61 199
61 353
61 447
61 482
62 123
62 191
62 237
62 299
62 332
62 333
62 338
62 370
62 495
62 506
63 72
63 84
63 189
63 201
63 218
63 221
63 244
63 254
63 267
63 291
63 319
63 329
63 371
63 391
63 461
63 486
64 70
64 105
64 113
64 121
64 208
64 215
64 227
64 297
64 349
64 360
64 378
64 451
65 90
65 119
65 123
65 136
65 199
65 202
65 207
65 211
65 270
65 296
65 300
65 311
65 335
65 429
65 488
65 490
66 138
66 201
66 204
66 207
66 239
66 262
66 297
66 308
66 321
66 351
66 369
66 407
66 416
66 470
66 478
67 72
67 99
67 114
67 119
67 140
67 141
67 161
67 163
67 238
67 291
67 348
67 350
67 360
67 478
67 511
68 98
68 115
68 118
68 136
68 142
68 179
68 294
68 305
68 335
68 362
68 448
68 456
68 461
69 86
69 111
69 129
69 130
69 210
69 238
69 296
69 305
69 323
69 396
69 400
70 96
70 101
70 127
70 141
70 158
70 226
70 253
70 319
70 322
70 394
70 450
70 458
70 476
70 494
71 73
71 75
71 76
71 103
71 170
71 178
71 203
71 208
71 282
71 351
71 398
71 445
72 83
72 98
72 122
72 172
72 223
72 285
72 303
72 309
72 343
72 486
72 492
73 108
73 110
73 126
73 141
73 153
73 177
73 222
73 328
73 354
73 388
73 396
74 85
74 105
74 130
74 225
74 238
74 258
74 277
74 466
75 103
75 175
75 182
75 192
75 216
75 218
75 273
75 473
76 89
76 110
76 143
76 144
76 157
76 447
76 455
76 477
76 484
76 508
77 102
77 110
77 118
77 180
77 224
77 227
77 233
77 243
77 270
77 304
77 347
77 413
77 449
77 472
77 497
78 119
78 255
78 386
78 487
78 501
79 81
79 89
79 132
79 134
79 179
79 248
79 252
79 274
79 295
79 433
79 467
79 503
80 100
80 109
80 139
80 140
80 145
80 227
80 249
80 416
80 434
80 467
81 88
81 91
81 93
81 115
81 127
81 160
81 176
81 182
81 194
81 244
81 272
81 298
81 361
82 171
82 212
82 330
82 348
82 357
82 376
82 390
82 434
82 435
83 116
83 118
83 215
83 315
84 115
84 123
84 128
84 170
84 177
84 195
84 221
84 279
84 283
84 314
84 495
85 91
85 126
85 139
85 141
85 184
85 185
85 206
85 213
85 231
85 232
85 241
85 511
86 164
86 169
86 288
86 393
87 100
87 102
87 123
87 148
87 173
87 245
87 260
87 271
87 404
87 413
87 424
87 441
88 127
88 156
88 158
88 257
88 460
89 94
89 116
89 139
89 144
89 199
89 220
89 247
89 260
89 306
89 319
89 374
89 431
90 92
90 201
90 261
90 309
90 334
90 422
90 446
91 106
91 159
91 247
91 272
91 311
91 313
91 339
91 361
91 366
91 371
91 400
91 440
92 95
92 250
92 358
92 360
92 488
92 493
92 497
93 95
93 162
93 167
93 183
93 196
93 299
93 352
93 386
93 464
93 475
93 490
94 285
94 444
95 102
95 136
95 187
95 210
95 231
95 358
95 432
95 455
95 500
96 114
96 155
96 178
96 181
96 266
97 105
97 124
97 174
97 289
97 347
97 405
97 435
97 438
97 442
97 447
97 498
98 119
98 124
98 149
98 188
98 202
98 228
98 251
98 257
98 340
98 449
98 470
98 484
99 128
99 137
99 172
99 179
99 313
99 333
99 370
99 406
99 417
99 427
99 438
99 468
100 162
100 263
100 327
100 343
100 365
100 421
100 430
101 173
101 292
101 312
101 425
101 455
102 130
102 172
102 193
102 215
102 281
102 410
102 454
102 482
102 508
103 111
103 150
103 160
103 207
103 235
103 268
103 406
103 443
103 456
104 116
104 170
104 283
104 332
104 341
104 434
104 474
104 489
105 132
105 142
105 233
105 371
105 377
105 397
105 404
105 422
105 494
105 505
106 110
106 149
106 166
106 189
106 212
106 214
106 315
106 336
106 379
106 387
106 436
106 483
107 129
107 150
107 153
107 157
107 189
107 218
107 236
107 255
107 268
107 380
108 132
108 147
108 200
108 214
108 250
108 267
108 290
108 503
109 222
110 181
110 211
110 228
110 350
110 439
110 484
110 490
111 143
111 264
111 343
111 354
111 361
111 489
111 506
112 161
112 197
112 223
112 224
112 252
112 279
112 313
112 383
112 389
112 406
112 451
112 453
112 463
113 122
113 145
113 249
113 383
113 387
113 494
114 117
114 171
114 200
114 225
114 327
114 371
114 377
114 378
114 421
114 428
114 477
114 487
114 492
115 145
115 208
115 234
115 319
115 411
115 506
116 125
116 137
116 169
116 188
116 198
116 223
116 230
116 404
116 486
117 164
117 269
117 318
117 354
118 134
118 242
118 261
118 351
118 353
118 412
118 439
119 130
119 135
119 163
119 216
119 250
119 252
119 298
119 331
119 427
119 429
119 458
119 507
120 168
120 189
120 197
120 211
120 222
120 235
120 268
120 314
120 357
120 378
120 446
120 459
120 473
120 491
121 155
121 185
121 206
121 229
121 231
121 247
121 303
121 360
121 371
121 380
121 385
121 392
121 399
121 428
122 188
122 253
122 262
122 369
123 152
123 153
123 158
123 180
123 186
123 226
123 237
123 251
123 321
123 398
123 417
123 444
124 228
124 260
124 420
124 462
124 465
125 185
125 258
125 329
126 136
126 196
126 219
126 226
126 246
126 261
126 316
126 342
126 345
126 351
126 369
126 410
126 426
127 137
127 145
127 162
127 270
127 274
127 318
127 356
127 377
127 442
128 220
128 260
128 271
128 317
129 134
129 214
129 271
129 274
129 310
129 359
129 411
130 267
130 350
130 363
130 425
131 213
131 507
132 167
132 232
132 295
132 298
132 317
132 364
132 392
132 401
132 413
132 487
133 142
133 155
133 193
133 223
133 256
133 258
134 159
134 182
134 205
134 206
134 290
134 366
135 337
135 347
135 439
135 479
136 154
136 203
136 438
136 509
137 139
137 190
137 191
137 196
137 330
138 283
138 305
138 331
138 376
139 157
139 234
139 324
140 151
140 163
140 241
140 243
140 271
140 300
140 334
140 496
141 154
141 181
141 233
141 240
141 254
141 267
141 276
141 293
141 359
141 464
141 474
142 161
142 286
142 402
142 427
142 443
142 503
143 153
143 180
143 194
143 233
143 244
143 256
143 260
143 264
143 323
143 373
143 388
144 156
144 219
144 461
145 280
145 320
145 348
145 445
146 231
146 239
146 268
146 278
146 291
146 322
146 329
146 460
147 192
147 208
147 382
147 394
147 480
147 504
148 167
148 320
148 363
148 382
148 424
149 158
150 271
150 367
150 407
150 427
150 457
151 187
151 198
151 205
151 278
151 306
151 359
151 412
151 459
151 494
151 499
152 213
152 267
152 426
153 177
153 286
154 157
154 182
154 215
154 217
154 221
154 234
154 243
154 280
154 297
154 407
154 479
154 485
155 166
155 245
155 322
155 403
155 417
155 443
155 460
156 320
156 348
156 354
156 406
156 470
157 267
157 303
157 345
157 420
158 175
158 189
158 190
158 194
158 371
158 396
158 401
158 465
158 495
159 168
159 184
159 221
159 245
159 262
159 268
159 279
159 287
159 342
159 355
159 357
159 382
159 509
160 166
160 169
160 270
160 409
160 488
161 193
161 261
161 344
161 355
161 370
161 441
161 449
161 458
162 335
162 396
162 414
163 190
163 199
163 214
163 222
163 242
163 300
163 328
163 417
163 468
164 175
164 194
164 215
164 219
164 254
164 270
164 317
164 389
164 445
165 168
165 171
165 276
165 292
165 301
165 302
165 312
165 353
165 470
165 503
166 216
167 196
167 349
168 201
168 328
168 498
169 197
169 216
169 217
169 230
169 238
169 403
170 174
170 195
170 211
170 291
170 433
170 434
170 461
170 507
171 275
171 299
171 309
171 368
172 226
172 234
172 369
172 448
173 257
173 274
173 338
173 350
173 410
174 178
175 192
175 265
175 272
175 442
175 478
176 202
176 261
176 303
177 222
177 248
177 445
178 235
178 266
178 287
178 454
179 201
179 234
179 289
179 341
179 366
180 184
180 225
180 248
180 259
180 331
180 374
180 419
180 498
181 229
181 241
181 263
181 292
181 317
181 325
181 336
181 392
181 467
181 501
182 200
182 220
182 224
182 258
182 277
182 280
182 333
182 360
182 381
183 199
183 230
183 265
183 277
183 335
183 381
183 405
183 424
183 484
184 212
184 214
184 226
184 249
184 281
184 320
184 483
185 187
185 242
185 244
185 255
185 294
185 307
185 348
185 452
185 493
185 504
186 236
186 279
186 285
186 320
187 190
187 237
187 315
187 373
188 193
188 242
189 264
189 294
189 328
189 438
189 462
190 198
190 264
190 285
190 390
190 481
191 237
191 462
192 272
192 277
192 283
192 342
193 424
194 204
194 222
194 236
194 272
194 275
194 278
194 298
194 325
194 359
194 475
194 486
194 505
195 211
195 374
195 402
195 423
195 433
196 366
196 409
197 225
197 378
197 429
198 369
198 370
198 396
198 476
198 489
198 510
200 295
200 506
201 307
201 362
201 467
202 301
202 323
202 330
203 326
204 212
204 256
204 346
204 355
204 489
204 493
205 308
205 504
206 236
206 399
207 220
207 289
207 425
208 216
208 310
208 375
209 235
209 264
209 349
209 387
209 469
210 321
210 336
211 401
211 436
211 444
211 480
212 253
212 291
212 315
212 482
213 260
213 411
214 295
214 439
215 473
217 224
217 299
217 406
217 409
217 496
218 229
218 238
218 340
218 342
218 352
218 364
218 380
218 437
218 440
218 466
218 505
219 479
220 331
221 228
221 235
221 250
221 417
221 487
222 301
222 306
222 400
223 262
223 298
223 302
223 458
224 304
224 401
224 468
225 299
225 306
225 316
225 359
226 277
226 337
227 262
227 399
229 233
229 249
229 380
230 378
230 421
230 428
230 481
231 252
232 254
233 282
234 235
234 271
234 510
235 364
236 417
236 495
237 332
237 426
237 492
238 251
238 329
238 428
239 253
239 285
239 312
239 467
239 483
239 491
240 345
241 266
241 392
241 472
241 473
242 247
242 251
242 289
242 365
242 453
243 245
243 246
243 407
244 333
244 346
244 444
245 382
245 406
245 430
245 474
246 298
248 311
248 316
249 320
249 338
249 363
250 251
250 347
250 378
250 463
251 287
253 300
253 313
253 386
253 424
253 464
253 466
254 270
254 329
254 397
254 429
254 439
255 294
255 336
255 362
256 463
257 473
258 374
259 307
259 344
259 446
260 280
260 338
260 496
261 290
261 372
262 342
262 432
262 506
263 315
263 398
263 423
265 314
265 338
265 381
265 410
265 451
266 435
267 408
268 393
270 437
270 450
271 385
271 507
272 284
272 287
272 313
272 429
272 495
272 500
273 299
273 331
273 497
274 326
274 467
275 297
275 328
275 342
275 348
275 377
275 427
275 453
275 493
276 308
277 290
277 337
277 392
277 451
278 313
278 372
278 388
278 451
278 497
279 373
279 425
279 504
280 286
280 425
280 441
280 442
280 459
280 483
280 504
281 389
282 301
282 335
282 365
283 482
284 296
284 304
285 507
286 310
286 324
286 386
286 505
287 307
287 310
287 383
287 451
287 488
287 496
288 370
288 443
288 447
289 356
289 464
290 388
290 451
291 316
291 457
292 324
292 361
292 418
293 390
293 484
294 306
294 316
295 312
295 323
295 353
295 368
295 437
296 319
296 343
296 360
296 386
296 409
296 436
297 325
297 490
299 412
300 474
300 507
301 362
302 325
302 393
303 446
303 457
304 315
306 437
307 461
308 373
308 508
309 357
309 398
310 413
310 420
310 481
312 322
312 343
312 372
312 374
312 396
312 504
313 414
315 422
315 492
316 343
316 485
317 385
317 410
318 378
320 390
320 455
320 464
320 488
321 373
321 375
321 380
321 478
321 508
322 398
322 444
323 479
324 485
324 506
325 348
326 361
326 404
327 395
327 423
328 413
328 436
330 377
330 397
332 379
333 345
333 359
333 420
333 511
334 435
334 472
335 370
335 419
337 465
338 390
338 507
339 351
339 376
340 363
342 344
342 366
342 455
342 492
344 394
344 476
345 376
345 383
345 450
347 475
347 499
348 403
349 399
350 389
350 463
352 470
353 400
353 421
353 427
353 449
355 364
355 421
355 449
355 466
355 497
357 378
358 461
359 367
362 402
363 377
363 402
363 455
363 476
364 432
364 476
364 490
365 448
366 469
366 472
368 375
368 441
369 414
369 438
370 384
370 402
370 438
371 498
372 390
372 407
375 439
376 416
376 450
376 476
379 393
380 384
381 457
384 447
385 391
385 407
385 497
386 484
388 406
388 436
391 422
391 472
393 399
393 476
394 463
394 476
398 418
403 405
403 410
403 425
403 457
405 501
407 440
407 480
408 451
409 473
411 453
414 469
414 510
418 507
420 437
422 457
423 481
425 454
426 511
427 433
427 506
430 456
430 501
432 471
433 462
435 484
438 456
440 493
444 490
449 502
450 502
454 509
459 463
459 469
467 499
468 480
471 496
472 477
475 494
481 498
482 484
489 503
492 509
493 503
494 502
