0 11
0 85
0 89
0 106
0 156
0 191
0 462
0 494
1 49
1 87
1 111
1 124
1 206
1 223
1 258
1 269
1 293
1 366
1 378
1 385
1 433
1 496
1 509
2 15
2 25
2 87
2 92
2 99
2 154
2 174
2 197
2 210
2 236
2 248
2 294
2 296
2 315
2 365
2 366
2 405
3 30
3 60
3 69
3 87
3 142
3 271
3 287
3 288
3 352
3 370
3 454
3 470
3 480
4 5
4 26
4 41
4 136
4 170
4 176
4 249
4 302
4 451
4 467
4 491
4 498
5 107
5 108
5 164
5 214
5 241
5 339
5 349
6 52
6 54
6 86
6 180
6 186
6 229
6 317
6 321
6 339
6 345
6 368
6 435
6 472
7 20
7 32
7 53
7 59
7 90
7 132
7 147
7 229
7 328
7 332
7 350
7 357
7 359
7 379
7 437
7 464
8 61
8 82
8 83
8 84
8 123
8 221
8 313
8 356
8 440
8 487
9 69
9 108
9 113
9 115
9 132
9 174
9 260
9 262
9 278
9 386
9 395
9 417
9 433
9 454
10 34
10 47
10 49
10 130
10 160
10 174
10 232
10 303
10 327
10 328
10 356
10 388
10 417
10 491
10 495
10 496
10 499
11 34
11 42
11 66
11 162
11 168
11 199
11 331
11 350
11 351
11 376
11 411
11 436
12 30
12 84
12 113
12 130
12 204
12 272
12 301
12 311
12 327
12 350
12 376
12 451
13 55
13 59
13 67
13 93
13 142
13 156
13 183
13 203
13 214
13 234
13 259
13 295
13 349
13 407
13 492
14 35
14 102
14 111
14 191
14 254
14 255
14 288
14 347
14 407
14 415
14 475
15 17
15 184
15 204
15 220
15 300
15 302
15 449
16 38
16 94
16 226
16 277
16 287
16 312
16 349
16 383
16 412
16 423
16 445
16 491
17 100
17 103
17 118
17 129
17 133
17 137
17 214
17 368
17 369
17 388
17 484
17 495
17 496
18 93
18 104
18 108
18 162
18 206
18 277
18 298
18 303
18 311
18 360
18 362
18 365
18 384
18 476
19 32
19 114
19 237
19 251
19 314
19 324
19 342
19 343
19 378
19 392
19 413
19 423
19 434
19 497
20 21
20 55
20 71
20 79
20 82
20 95
20 122
20 160
20 168
20 172
20 223
20 247
20 251
20 253
20 288
20 401
20 494
20 498
21 129
21 179
21 236
21 249
21 269
21 283
21 344
21 349
21 363
21 373
21 379
21 394
21 417
21 441
21 453
22 35
22 37
22 91
22 92
22 120
22 151
22 166
22 214
22 237
22 265
22 406
22 473
22 492
23 27
23 91
23 144
23 207
23 266
23 276
23 277
23 380
23 397
23 403
23 429
23 431
23 477
23 490
23 502
23 503
24 28
24 44
24 48
24 82
24 110
24 112
24 235
24 246
24 269
24 399
24 447
24 449
24 503
25 51
25 67
25 92
25 103
25 144
25 161
25 171
25 265
25 337
25 374
25 403
25 443
25 484
25 488
25 511
26 50
26 149
26 156
26 163
26 169
26 182
26 188
26 208
26 323
26 367
26 423
26 430
26 432
26 437
26 443
26 447
27 134
27 227
27 346
27 356
27 386
27 426
27 429
28 29
28 42
28 59
28 60
28 117
28 177
28 191
28 193
28 236
28 327
28 345
28 353
28 403
28 461
28 476
29 52
29 66
29 95
29 170
29 175
29 243
29 359
29 375
29 381
29 387
29 453
29 490
30 35
30 87
30 115
30 172
30 291
30 292
30 341
30 369
30 429
30 473
31 98
31 117
31 255
31 335
31 371
31 392
31 403
31 449
31 453
31 476
31 496
32 90
32 147
32 169
32 194
32 214
32 288
32 299
32 360
32 371
32 442
33 75
33 89
33 259
33 283
33 473
33 494
34 150
34 160
34 168
34 232
34 243
34 268
34 275
34 410
34 475
34 483
35 162
35 317
35 379
35 404
35 412
35 451
35 466
35 495
36 69
36 105
36 138
36 242
36 294
36 376
36 379
36 415
36 425
36 451
36 453
36 463
36 468
36 493
36 494
37 73
37 109
37 178
37 203
37 215
37 224
37 243
37 357
37 401
37 444
37 448
37 480
37 484
38 103
38 115
38 164
38 284
38 326
38 366
38 398
38 430
38 435
38 507
38 509
39 54
39 59
39 86
39 103
39 126
39 153
39 154
39 178
39 209
39 210
39 238
39 250
39 255
39 349
39 419
39 462
39 471
39 485
40 72
40 99
40 115
40 145
40 211
40 229
40 297
40 302
40 320
40 322
40 324
40 334
40 350
40 405
40 448
40 460
41 63
41 78
41 154
41 210
41 213
41 242
41 349
41 350
41 399
41 422
41 439
41 453
41 469
41 470
42 328
42 351
42 355
42 383
42 393
42 428
42 454
42 463
42 465
42 477
43 85
43 139
43 190
43 222
43 272
43 288
43 339
43 352
43 363
43 379
43 414
43 454
43 479
44 95
44 207
44 240
44 282
44 306
44 312
44 315
44 352
44 399
44 403
44 407
45 117
45 166
45 270
45 287
45 297
45 335
45 437
45 488
46 76
46 89
46 127
46 146
46 186
46 242
46 275
46 307
46 354
46 360
46 374
46 418
46 437
46 445
46 450
46 451
47 74
47 97
47 106
47 320
47 330
47 349
47 369
47 470
48 56
48 86
48 96
48 108
48 110
48 127
48 186
48 204
48 255
48 271
48 275
48 376
48 378
48 391
48 416
49 96
49 115
49 130
49 140
49 208
49 216
49 256
49 265
49 307
49 325
49 333
49 347
49 351
49 401
49 412
49 414
49 424
49 428
49 500
50 52
50 90
50 91
50 155
50 177
50 201
50 330
50 350
50 355
50 480
51 117
51 157
51 203
51 315
51 350
51 370
52 57
52 76
52 147
52 160
52 246
52 292
52 299
52 345
52 358
52 401
52 404
52 449
52 452
52 462
52 469
52 493
52 494
53 95
53 100
53 108
53 136
53 281
53 309
53 347
53 383
53 391
53 447
53 504
54 134
54 152
54 153
54 180
54 206
54 249
54 266
54 278
54 299
54 303
54 345
54 355
54 364
54 383
54 414
54 419
54 450
54 483
55 57
55 119
55 131
55 136
55 265
55 274
55 289
55 316
55 331
55 357
55 439
55 464
55 480
55 505
56 107
56 170
56 192
56 255
56 298
56 308
56 358
56 391
56 417
56 434
56 459
56 490
57 93
57 253
57 269
57 271
57 306
57 358
57 367
57 368
57 401
57 458
57 465
57 491
58 59
58 85
58 116
58 174
58 266
58 275
58 280
58 315
58 355
59 103
59 105
59 128
59 199
59 222
59 235
59 251
59 254
59 258
59 259
59 260
59 298
59 345
59 387
59 414
59 462
59 480
60 72
60 94
60 96
60 106
60 175
60 202
60 222
60 245
60 246
60 300
60 342
60 343
60 399
60 416
60 431
60 506
61 102
61 118
61 131
61 208
61 276
61 345
61 353
61 466
61 493
62 88
62 109
62 140
62 159
62 214
62 219
62 331
62 354
62 399
62 432
62 471
63 74
63 77
63 81
63 271
63 362
63 404
63 424
63 433
63 447
63 474
64 173
64 188
64 236
64 239
64 262
64 282
64 287
64 288
64 303
64 356
64 410
64 435
64 443
65 108
65 125
65 164
65 228
65 231
65 251
65 293
65 329
65 404
65 407
65 453
66 140
66 237
66 239
66 293
66 383
66 411
66 460
67 86
67 127
67 130
67 179
67 189
67 248
67 297
67 316
67 317
67 407
68 110
68 162
68 185
68 334
68 399
68 451
68 452
68 455
69 81
69 127
69 211
69 253
69 268
69 284
69 305
69 334
69 356
69 398
69 446
69 455
69 504
70 72
70 128
70 271
70 306
70 422
70 430
70 510
71 78
71 84
71 93
71 103
71 163
71 342
71 432
71 433
71 445
71 502
72 75
72 96
72 115
72 150
72 312
72 332
72 356
72 429
72 503
72 504
73 203
73 383
73 411
73 441
73 473
74 93
74 158
74 193
74 356
74 411
74 428
74 477
74 504
75 99
75 160
75 249
75 351
75 355
75 474
75 494
76 166
76 189
76 224
76 274
76 388
76 411
76 418
76 489
77 129
77 133
77 246
77 297
77 446
77 496
78 98
78 126
78 133
78 171
78 428
79 106
79 155
79 231
79 286
79 321
79 328
79 329
79 337
79 339
79 388
79 439
79 471
79 503
80 83
80 93
80 124
80 201
80 271
80 298
80 303
80 354
80 357
80 395
80 400
80 493
81 212
81 274
81 337
81 353
81 365
81 406
81 408
81 428
81 446
81 449
81 484
82 112
82 162
82 170
82 200
82 227
82 244
82 262
82 302
82 378
82 403
82 411
82 422
82 450
83 129
83 172
83 178
83 185
83 278
83 313
83 344
83 365
83 371
83 399
83 422
83 423
84 112
84 195
84 242
84 359
84 365
84 437
84 479
84 502
85 115
85 119
85 199
85 264
85 322
85 351
85 388
85 412
85 462
86 111
86 174
86 268
86 298
86 325
86 348
86 485
87 169
87 216
87 230
87 275
87 315
87 330
87 343
87 415
87 448
87 498
88 223
88 224
88 257
88 364
88 427
88 448
89 95
89 121
89 194
89 209
89 210
89 216
89 238
89 265
89 310
89 365
89 423
89 435
89 498
89 507
90 106
90 107
90 231
90 264
90 307
90 311
90 327
90 352
90 393
90 402
90 411
90 423
90 464
90 505
91 103
91 152
91 215
91 237
91 243
91 293
91 313
91 322
91 378
91 413
91 459
91 469
91 481
91 493
91 509
92 141
92 166
92 185
92 211
92 241
92 271
92 297
92 301
92 312
92 319
92 499
93 128
93 217
93 229
93 233
93 322
93 324
93 359
93 366
93 394
93 399
93 464
93 468
93 493
93 494
93 503
94 105
94 132
94 251
94 293
94 378
94 446
94 453
94 510
95 128
95 218
95 301
95 341
95 364
95 370
95 471
96 139
96 161
96 166
96 231
96 245
96 272
96 279
96 436
96 466
97 112
97 163
97 172
97 250
97 346
97 379
97 408
98 114
98 140
98 157
98 212
98 214
98 245
98 256
98 298
98 309
98 321
98 334
98 364
98 385
98 394
98 441
98 445
98 451
98 487
99 105
99 125
99 134
99 149
99 185
99 200
99 306
99 345
99 351
99 377
99 432
99 441
99 458
100 183
100 241
100 319
100 328
100 351
100 375
101 159
101 247
101 252
101 267
101 294
101 328
101 344
101 380
101 393
101 416
101 424
101 455
101 495
102 126
102 161
102 190
102 219
102 253
102 254
102 260
102 387
102 489
103 116
103 133
103 200
103 259
103 263
103 339
103 373
103 390
103 398
103 410
103 421
103 455
104 145
104 152
104 171
104 309
104 324
104 381
104 383
104 389
104 459
104 490
105 120
105 160
105 186
105 261
105 275
105 294
105 296
105 324
105 325
105 417
105 441
106 162
106 179
106 267
106 350
106 378
106 386
106 387
106 417
106 461
107 140
107 212
107 234
107 346
107 428
107 483
107 492
108 132
108 167
108 246
108 365
108 366
108 395
108 420
108 432
108 443
108 446
108 463
108 491
108 508
109 111
109 174
109 192
109 223
109 237
109 410
109 434
109 452
109 453
109 474
109 480
110 230
110 252
110 271
110 327
110 460
111 135
111 258
111 285
111 385
111 406
111 419
111 450
111 456
111 497
112 131
112 193
112 204
112 225
112 302
112 305
112 307
112 310
112 311
112 494
112 500
113 138
113 217
113 244
113 247
113 270
113 292
113 319
113 352
113 408
113 421
113 422
113 511
114 203
114 244
114 294
114 303
114 321
114 341
114 360
114 374
114 390
114 416
114 422
114 462
114 463
114 464
115 121
115 200
115 226
115 230
115 266
115 296
115 344
115 353
115 397
115 423
116 163
116 210
116 296
116 299
116 303
116 481
116 487
117 142
117 205
117 244
117 250
117 324
117 337
117 371
117 411
117 430
117 434
117 466
117 494
118 143
118 185
118 194
118 207
118 305
118 348
118 471
118 482
119 140
119 198
119 293
119 376
119 400
119 415
119 465
119 490
119 499
120 150
120 153
120 163
120 188
120 199
120 210
120 221
120 237
120 268
120 272
120 278
120 291
120 300
120 303
120 371
120 383
120 425
120 436
120 440
120 451
120 478
121 143
121 172
121 215
121 230
121 274
121 333
121 334
121 347
121 354
121 396
121 401
121 451
121 491
122 148
122 152
122 159
122 221
122 261
122 371
122 414
122 435
123 160
123 229
123 275
123 330
123 437
123 472
123 481
123 487
124 154
124 155
124 165
124 184
124 238
124 303
124 367
124 406
125 193
125 241
125 337
125 408
125 436
125 486
126 189
126 320
126 327
126 352
126 413
127 401
127 441
127 458
127 459
128 140
128 187
128 239
128 260
128 382
128 386
128 403
128 505
129 167
129 232
129 236
129 331
129 333
129 340
129 347
129 355
129 359
129 361
129 382
129 408
129 423
129 425
129 481
130 193
130 229
130 252
130 259
130 294
130 316
130 330
130 345
130 446
131 181
131 190
131 231
131 233
131 270
131 278
131 334
131 367
131 412
131 432
131 456
131 490
132 223
132 235
132 271
132 275
132 279
132 283
132 309
132 334
132 341
132 353
132 378
132 394
132 413
132 414
133 135
133 148
133 155
133 159
133 174
133 262
133 442
133 456
133 501
134 135
134 140
134 224
134 253
134 303
134 328
134 329
134 363
134 368
134 423
134 447
135 166
135 491
136 144
136 151
136 202
136 271
136 306
136 356
136 376
136 394
136 406
136 407
137 188
137 190
137 268
137 411
138 145
138 213
138 239
138 247
138 249
138 268
138 296
138 310
138 313
138 334
138 384
138 406
138 424
138 433
138 448
138 454
138 459
139 157
139 176
139 208
139 239
139 332
139 380
139 408
139 452
139 464
139 494
140 175
140 282
140 307
140 344
140 495
141 174
141 258
141 285
141 299
141 317
141 343
141 437
141 465
141 474
142 214
142 216
142 341
142 410
142 510
143 193
143 201
143 207
143 307
143 347
143 418
143 509
144 177
144 191
144 217
144 265
144 276
144 297
144 336
144 337
144 434
144 504
144 506
145 189
145 242
145 347
145 359
145 377
145 381
145 386
145 395
145 400
145 403
145 421
145 466
146 217
146 276
146 360
146 504
147 230
147 254
147 307
147 319
147 345
147 484
147 490
148 158
148 269
148 295
148 343
148 352
148 353
148 372
148 387
148 402
148 410
148 428
148 448
148 456
148 505
149 161
149 316
149 319
149 336
149 383
149 471
149 487
149 489
149 493
149 501
150 239
150 317
150 412
150 416
150 421
150 498
151 165
151 295
151 315
151 355
151 363
151 368
151 380
151 419
151 470
151 499
151 505
152 156
152 245
152 293
152 474
152 479
153 261
153 273
153 277
153 422
153 444
154 263
154 278
154 346
154 394
154 399
154 413
154 465
154 466
154 468
154 482
154 500
155 251
155 366
155 429
156 191
156 206
156 215
156 258
156 260
156 299
156 352
156 395
156 397
156 476
156 508
157 183
157 210
157 212
157 218
157 230
157 283
157 286
157 307
157 345
157 385
157 395
157 438
157 450
157 474
157 478
157 485
158 229
158 352
158 364
158 392
158 394
158 497
158 511
159 169
159 269
159 284
159 290
159 395
160 161
160 187
160 296
160 301
160 308
160 318
160 332
160 339
160 345
160 385
160 421
160 451
160 476
160 478
160 479
160 497
160 500
160 507
160 509
161 171
161 226
161 242
161 252
161 283
161 404
161 425
161 496
162 179
162 204
162 284
162 313
162 317
162 320
162 325
162 346
162 351
162 364
162 379
162 429
162 477
162 498
163 188
163 268
163 272
163 316
163 339
164 193
164 197
164 307
164 376
164 436
164 439
164 449
165 198
165 268
165 269
165 276
165 285
165 335
165 373
165 391
165 407
165 409
165 471
166 222
166 269
166 274
166 353
166 384
167 257
167 301
167 303
167 330
167 394
167 408
167 417
167 441
167 490
168 208
168 242
168 251
168 348
168 352
168 356
168 407
168 409
168 441
168 471
168 509
169 204
169 308
169 424
169 445
169 511
170 179
170 193
170 199
170 247
170 253
170 263
170 329
170 338
170 357
170 360
170 476
171 174
171 178
171 187
171 197
171 218
171 229
171 289
171 380
171 456
172 218
172 227
172 271
172 285
172 295
172 325
172 342
172 357
172 434
172 501
173 174
173 183
173 254
173 271
173 289
173 291
173 297
173 327
173 329
173 375
173 407
173 466
173 469
173 503
174 191
174 193
174 260
174 273
174 323
174 463
174 500
175 180
175 202
175 203
175 240
175 337
175 379
175 390
175 507
175 510
176 287
176 381
176 450
176 462
177 181
177 205
177 350
177 380
177 387
177 388
177 404
177 464
177 470
177 491
178 213
178 225
178 230
178 246
178 248
178 280
178 287
178 338
178 353
178 409
178 435
178 447
178 496
179 275
179 281
179 329
179 378
179 465
180 190
180 198
180 240
180 243
180 256
180 295
180 346
180 349
180 355
180 363
180 492
180 507
181 185
181 197
181 324
181 328
181 397
181 484
182 218
182 235
182 265
182 318
182 368
182 408
182 432
182 464
182 500
182 508
183 258
183 311
183 371
183 441
183 450
183 489
183 502
183 504
184 226
184 241
184 300
184 306
184 317
184 422
184 445
185 255
185 256
185 346
185 359
185 406
185 449
186 190
186 203
186 239
186 364
186 407
186 436
186 461
186 487
187 265
187 266
187 304
187 379
188 198
188 249
188 297
188 382
188 385
188 487
189 234
189 236
189 259
189 289
189 349
189 370
189 392
189 502
190 213
190 404
190 430
191 205
191 215
191 251
191 284
191 314
191 339
191 403
192 201
192 217
192 253
192 284
193 216
193 226
193 261
193 267
193 287
193 311
193 319
193 358
193 362
193 442
193 475
194 197
194 212
194 253
194 471
194 482
194 491
194 511
195 207
195 244
195 348
195 365
195 388
195 394
195 463
196 204
196 221
196 236
196 237
196 275
196 278
196 288
196 343
196 371
196 464
196 468
197 205
197 215
197 216
197 228
197 234
197 251
197 266
197 319
197 336
197 357
197 382
197 467
197 482
198 209
198 265
198 324
198 390
198 420
198 429
198 484
198 500
199 227
199 263
199 459
199 476
200 222
200 296
200 306
200 319
200 320
200 404
200 432
200 477
200 499
201 247
201 306
201 334
201 447
201 472
202 245
202 329
202 360
202 363
202 408
202 422
203 253
203 263
203 292
203 318
203 350
203 399
203 428
203 433
204 377
204 406
204 475
204 491
205 235
205 302
205 309
205 320
205 343
205 371
205 413
205 418
205 422
205 493
205 500
206 220
206 227
206 228
206 324
206 425
206 440
206 443
206 471
206 482
206 489
207 263
207 385
207 411
207 489
208 251
208 261
208 277
208 279
208 289
208 415
208 433
208 451
208 457
208 474
208 484
209 241
209 302
209 328
209 342
209 370
209 378
209 383
209 446
209 459
209 483
210 257
210 269
210 276
210 300
210 302
210 370
210 390
210 427
210 499
211 355
211 361
211 405
211 410
211 432
211 473
212 264
212 303
212 345
212 356
212 387
212 437
212 438
212 446
213 222
213 225
213 254
213 255
213 275
213 353
213 355
213 382
213 395
213 436
213 444
213 507
214 239
214 268
214 288
214 349
214 355
214 380
214 388
214 402
214 445
214 453
214 466
214 482
215 276
215 341
215 376
215 414
215 447
216 291
216 390
216 434
216 437
216 440
216 468
216 481
216 496
217 250
217 284
217 304
217 320
217 355
217 434
217 461
218 263
218 311
218 363
218 380
218 490
218 499
219 224
219 345
219 382
219 417
219 421
219 505
219 506
220 229
220 239
220 245
220 255
220 271
220 287
220 307
220 391
220 443
220 471
220 499
221 233
221 423
222 247
222 278
222 325
222 352
222 363
222 435
222 499
222 504
223 232
223 282
223 312
223 324
223 358
223 395
223 405
223 438
223 439
223 451
223 489
223 505
224 280
224 288
224 318
224 391
224 410
224 447
224 459
224 502
225 269
225 332
225 391
225 451
226 305
226 360
226 436
227 366
227 377
227 418
227 420
227 441
227 490
227 496
228 304
228 332
228 341
228 374
228 403
228 439
228 452
228 456
228 464
228 480
228 502
229 257
229 330
229 348
229 392
229 401
229 428
229 456
229 472
229 491
230 252
230 302
230 313
230 360
230 374
230 401
230 468
231 292
231 494
232 239
232 255
232 282
232 304
232 377
232 379
232 392
233 301
233 462
233 483
234 264
234 409
234 412
234 445
234 450
234 480
234 486
235 266
235 297
235 384
235 395
235 432
235 473
235 500
235 506
236 263
236 266
236 285
236 331
236 392
236 408
236 420
236 450
237 254
237 273
237 312
237 313
237 322
237 365
237 466
237 469
237 496
238 258
238 260
238 288
238 310
238 325
238 355
238 381
238 473
239 357
239 415
239 450
239 475
239 483
240 261
240 418
240 502
241 272
241 342
241 382
241 390
241 475
242 245
242 265
242 277
242 344
242 397
242 411
242 478
243 324
243 338
243 348
243 377
243 426
244 274
244 290
244 325
244 436
244 507
245 287
245 322
245 366
245 390
245 460
245 467
245 486
245 510
246 248
246 258
246 276
246 304
246 423
246 505
247 253
247 308
247 339
247 361
247 411
247 440
247 464
248 296
248 304
248 307
248 311
248 358
248 394
248 416
249 250
249 287
249 306
249 381
249 424
250 358
250 473
250 497
250 509
251 350
251 360
251 383
251 408
251 424
252 287
252 370
252 392
252 406
252 434
252 446
252 488
253 276
253 293
253 324
253 357
253 369
253 374
253 382
253 420
253 474
254 294
254 326
254 333
254 361
254 386
254 455
255 288
255 327
255 368
255 378
255 404
255 474
256 269
256 280
256 302
256 361
256 398
256 438
256 484
257 296
257 305
257 369
257 399
257 433
257 506
258 306
258 378
258 384
258 505
259 298
259 352
259 353
259 479
260 301
260 315
260 468
260 477
260 504
261 297
261 310
261 359
261 433
261 455
262 311
262 372
262 386
262 432
262 433
262 477
263 350
263 354
263 390
263 461
263 491
263 492
263 509
264 366
264 395
264 397
264 398
264 473
264 497
264 505
265 309
265 330
265 374
265 447
265 468
266 290
266 357
266 373
266 422
266 426
266 449
267 271
267 309
267 350
267 402
267 426
268 353
268 386
268 435
268 443
268 445
268 469
268 479
269 288
269 353
269 387
269 403
269 411
269 415
269 423
269 452
269 456
269 490
269 495
270 296
270 332
270 366
270 380
270 405
270 439
270 444
270 450
270 457
270 471
270 498
271 285
271 504
272 316
272 329
272 385
272 410
272 413
273 317
273 442
273 477
273 485
274 290
274 338
274 380
274 383
274 436
274 473
275 334
275 385
275 387
275 408
275 508
275 511
276 277
276 279
276 371
276 454
276 469
276 476
277 304
277 404
277 446
277 489
277 493
277 505
278 359
278 362
278 417
278 462
278 468
278 485
278 509
279 319
279 323
279 361
279 470
280 299
280 325
280 371
280 373
280 397
280 411
280 418
280 430
280 474
280 504
281 289
281 361
281 372
281 422
281 478
281 484
281 498
282 319
282 374
282 409
282 414
282 490
283 324
283 361
283 468
284 368
284 387
284 394
284 406
284 502
285 286
285 288
285 383
285 424
285 435
285 436
285 437
285 490
286 304
286 306
286 435
286 448
287 316
287 371
287 386
287 407
287 450
287 461
287 500
288 370
288 476
288 488
289 361
289 395
289 458
290 378
290 397
290 473
291 301
292 327
292 413
292 426
292 444
292 476
292 479
292 505
292 509
293 313
293 324
293 426
293 430
293 480
293 497
293 509
294 304
294 322
294 364
294 419
294 505
295 315
295 323
295 344
295 389
295 407
295 412
295 472
296 342
296 348
296 368
296 411
297 312
297 431
297 446
297 467
298 330
298 376
298 458
298 464
298 466
298 490
299 317
299 351
299 412
299 427
299 454
299 455
299 488
300 319
300 383
300 393
300 400
300 483
300 497
300 499
300 510
301 341
301 362
301 432
301 439
301 442
301 478
302 435
302 440
302 444
302 445
302 469
302 472
303 314
303 414
303 489
303 497
304 306
304 314
304 363
304 388
304 492
305 416
305 443
305 457
305 473
306 403
306 427
306 442
307 394
307 416
307 446
307 491
307 504
308 310
308 339
308 374
308 448
308 464
309 312
309 371
309 376
309 428
309 470
309 488
310 389
310 486
311 327
311 374
311 399
311 456
311 491
311 494
312 320
312 345
312 382
312 416
312 449
312 475
312 501
312 504
313 321
313 364
313 398
313 437
313 443
313 494
314 366
314 374
314 402
314 439
314 450
314 469
314 501
315 333
315 337
315 354
315 455
316 347
316 357
316 427
316 430
317 319
317 325
317 333
317 382
317 415
317 488
317 491
317 495
318 375
318 407
318 442
318 478
318 487
318 501
319 343
319 345
319 389
319 485
320 355
320 358
320 367
320 407
320 502
321 322
321 324
321 352
321 430
322 424
322 446
322 464
323 399
323 465
323 473
324 345
324 383
324 496
325 340
325 375
325 377
325 387
325 409
325 415
325 428
325 460
325 462
326 382
326 420
327 424
327 437
327 462
327 468
327 475
328 427
330 335
330 383
331 385
331 457
331 477
331 497
332 445
332 482
332 502
333 344
333 437
333 446
334 426
334 440
335 354
335 411
335 452
335 486
336 354
336 441
336 461
337 373
337 375
337 425
337 460
337 465
337 480
337 495
338 349
338 406
338 413
338 436
338 437
339 364
339 417
339 469
339 504
340 419
341 380
341 382
341 384
341 404
341 420
341 429
341 440
341 470
341 493
341 508
342 371
342 395
342 399
342 411
343 387
343 508
344 379
344 385
344 413
344 434
344 492
344 494
344 498
345 361
345 393
345 434
345 467
345 480
345 506
346 386
346 423
346 437
346 459
346 474
346 483
346 493
347 384
347 436
348 363
348 445
348 493
349 420
349 422
350 441
350 483
351 411
351 506
352 368
352 374
352 393
352 414
352 487
352 491
353 375
353 384
353 407
354 505
355 499
356 439
356 448
356 478
356 494
356 499
357 358
357 423
357 432
357 456
358 419
358 425
358 466
358 488
359 406
359 407
359 424
359 485
359 502
360 408
360 442
360 482
360 489
361 362
361 365
361 370
361 386
361 396
361 397
361 483
361 497
362 455
363 380
363 414
363 492
364 411
364 479
364 493
365 408
365 421
365 427
365 434
365 446
365 459
365 464
365 467
365 472
366 398
366 424
366 435
366 438
366 444
366 449
366 459
367 379
367 466
367 491
368 375
368 398
368 471
369 376
369 385
369 400
369 403
369 486
370 458
370 490
371 391
371 423
371 475
372 378
372 396
372 426
372 482
372 495
373 401
373 496
374 389
374 406
374 460
374 481
375 385
375 386
375 388
376 390
376 431
376 475
377 384
377 398
377 414
377 460
377 469
377 508
378 404
378 478
379 494
379 510
380 493
381 496
382 397
382 420
382 421
382 487
382 498
383 399
383 422
383 466
383 500
383 502
384 394
384 461
384 487
385 387
385 422
385 495
386 394
386 399
386 404
386 444
386 487
387 439
388 490
388 493
389 409
389 465
389 499
389 500
391 414
391 467
391 492
392 454
392 483
393 484
394 447
394 458
394 465
394 471
394 474
395 424
395 429
395 465
395 491
395 502
395 509
396 442
396 463
397 411
397 476
397 481
397 503
399 435
399 461
399 506
400 415
400 472
400 497
400 500
401 421
401 433
401 446
403 419
403 469
403 479
403 509
404 434
404 462
404 503
405 497
406 411
406 478
407 461
408 447
409 458
410 461
410 482
411 455
411 471
411 510
412 472
412 505
412 510
413 474
413 510
414 464
414 471
414 503
415 459
416 475
417 451
418 420
418 437
418 438
418 465
418 511
419 450
419 474
419 508
420 466
421 424
421 473
422 452
422 457
422 490
423 480
423 493
424 427
424 442
424 449
424 469
425 451
425 454
425 455
425 459
425 463
425 491
426 450
426 455
426 508
427 502
428 470
428 473
428 498
429 481
430 457
430 486
430 493
431 496
431 509
432 465
432 506
433 492
434 510
435 455
436 446
436 457
438 470
438 508
439 450
439 483
439 500
440 447
440 481
441 472
442 449
442 501
443 472
444 489
445 460
445 474
446 448
447 453
447 457
447 476
448 468
448 484
449 486
450 491
452 470
452 471
455 473
455 498
456 470
456 480
457 481
457 494
457 507
458 506
459 471
459 505
459 506
460 494
462 481
463 495
463 508
464 478
464 510
465 485
466 496
466 507
466 511
467 500
469 510
472 510
473 480
473 508
473 511
474 478
475 485
475 494
475 496
477 484
478 480
479 493
480 485
481 493
482 495
482 508
484 485
484 501
487 493
488 507
489 503
493 504
497 498
