0 11
0 89
0 106
0 156
0 224
0 341
0 382
0 432
0 452
0 462
0 471
0 489
0 494
1 49
1 87
1 90
1 103
1 124
1 206
1 223
1 258
1 293
1 366
1 378
1 385
1 390
1 433
1 487
1 498
1 505
1 506
1 509
2 15
2 25
2 87
2 92
2 197
2 210
2 236
2 248
2 315
2 365
2 366
2 405
3 30
3 63
3 69
3 87
3 120
3 136
3 142
3 288
3 370
3 404
3 480
3 488
4 114
4 136
4 170
4 176
4 300
4 302
4 467
4 491
4 498
5 107
5 108
5 164
5 176
5 241
5 281
5 303
5 339
5 349
5 430
5 508
6 52
6 54
6 86
6 138
6 180
6 186
6 229
6 264
6 345
6 368
6 435
7 20
7 32
7 53
7 59
7 82
7 147
7 194
7 323
7 328
7 332
7 350
7 359
7 379
7 464
8 30
8 36
8 82
8 83
8 90
8 106
8 123
8 221
8 313
8 328
8 352
8 356
8 492
9 17
9 57
9 69
9 113
9 115
9 132
9 174
9 217
9 260
9 262
9 348
9 395
9 417
9 433
9 454
10 27
10 34
10 47
10 49
10 130
10 160
10 174
10 232
10 298
10 303
10 327
10 328
10 356
10 385
10 388
10 395
10 417
10 478
10 495
10 496
11 34
11 42
11 66
11 162
11 168
11 199
11 351
11 376
11 397
11 404
11 411
11 436
12 17
12 84
12 137
12 204
12 272
12 311
12 327
12 350
12 351
12 376
12 439
12 451
12 495
12 511
13 32
13 59
13 142
13 156
13 157
13 183
13 203
13 214
13 234
13 259
13 295
13 349
13 430
13 492
13 494
14 35
14 111
14 191
14 232
14 254
14 255
14 288
14 347
14 407
14 466
14 475
15 17
15 44
15 56
15 156
15 184
15 204
15 220
15 300
15 302
15 449
16 38
16 50
16 94
16 106
16 226
16 277
16 287
16 312
16 383
16 412
16 423
16 436
16 445
17 103
17 118
17 129
17 133
17 214
17 234
17 364
17 369
17 388
17 392
17 404
17 484
17 495
17 496
18 104
18 142
18 160
18 162
18 177
18 186
18 206
18 264
18 270
18 277
18 298
18 303
18 311
18 337
18 360
18 362
18 365
18 371
18 372
18 384
18 387
19 32
19 114
19 205
19 237
19 251
19 299
19 314
19 368
19 413
19 423
19 434
20 21
20 32
20 55
20 71
20 79
20 82
20 89
20 95
20 122
20 160
20 168
20 172
20 190
20 247
20 251
20 288
20 401
20 427
20 494
20 498
21 45
21 56
21 93
21 129
21 179
21 183
21 249
21 280
21 283
21 344
21 349
21 363
21 373
21 379
21 383
21 394
21 417
21 441
21 453
22 35
22 72
22 91
22 92
22 120
22 151
22 166
22 406
22 473
22 492
23 27
23 79
23 91
23 144
23 177
23 207
23 266
23 275
23 276
23 277
23 305
23 318
23 321
23 380
23 397
23 429
23 431
23 477
23 481
23 490
23 502
24 28
24 41
24 80
24 110
24 112
24 235
24 246
24 269
24 315
24 399
24 400
24 503
25 51
25 67
25 103
25 144
25 159
25 161
25 171
25 265
25 294
25 366
25 403
25 443
25 511
26 50
26 149
26 156
26 169
26 182
26 188
26 323
26 341
26 367
26 391
26 430
26 432
26 437
26 443
26 447
26 448
27 134
27 227
27 346
27 365
27 386
28 29
28 42
28 59
28 117
28 177
28 191
28 193
28 236
28 290
28 345
28 353
28 403
28 461
28 469
28 475
29 49
29 52
29 66
29 170
29 175
29 243
29 245
29 300
29 347
29 359
29 375
29 453
29 471
29 490
30 35
30 87
30 115
30 172
30 291
30 369
30 429
31 98
31 117
31 125
31 158
31 255
31 335
31 371
31 392
31 397
31 403
31 449
31 453
31 465
31 496
32 188
32 194
32 288
32 299
32 360
32 371
32 442
33 50
33 89
33 230
33 315
33 323
33 363
33 367
33 407
33 473
33 494
34 150
34 168
34 212
34 232
34 234
34 268
34 275
34 410
34 475
34 483
35 162
35 305
35 311
35 317
35 379
35 412
35 451
35 466
35 495
35 504
36 46
36 61
36 69
36 107
36 138
36 178
36 294
36 344
36 376
36 379
36 415
36 425
36 451
36 453
36 463
36 468
36 493
36 494
37 115
37 178
37 203
37 243
37 251
37 256
37 297
37 303
37 401
37 448
38 56
38 103
38 115
38 164
38 239
38 284
38 326
38 366
38 398
38 408
38 430
38 435
38 507
38 509
39 54
39 59
39 86
39 103
39 118
39 154
39 178
39 238
39 250
39 349
39 409
39 419
39 462
39 471
39 485
40 72
40 115
40 150
40 169
40 211
40 229
40 231
40 302
40 303
40 320
40 322
40 324
40 350
40 405
40 448
41 47
41 63
41 78
41 154
41 167
41 181
41 210
41 213
41 242
41 298
41 349
41 350
41 399
41 401
41 422
41 439
41 453
41 457
41 469
41 470
42 162
42 246
42 281
42 288
42 296
42 328
42 383
42 386
42 428
42 454
42 465
42 477
43 85
43 190
43 222
43 223
43 272
43 288
43 339
43 352
43 379
43 414
44 95
44 128
44 207
44 240
44 261
44 306
44 312
44 315
44 352
44 361
44 403
44 407
44 475
45 100
45 117
45 125
45 166
45 287
45 297
45 335
45 411
45 437
46 89
46 146
46 186
46 192
46 242
46 307
46 354
46 396
46 437
46 445
46 450
46 451
46 485
47 97
47 107
47 208
47 320
47 339
47 349
47 470
47 503
48 86
48 96
48 110
48 127
48 204
48 255
48 271
48 275
48 282
48 353
48 376
48 391
48 416
49 96
49 98
49 115
49 124
49 130
49 208
49 265
49 282
49 353
49 401
49 412
49 414
49 424
49 428
49 500
50 52
50 104
50 177
50 197
50 201
50 299
50 330
50 355
50 480
51 117
51 180
51 203
51 220
51 350
51 370
51 411
51 412
51 443
51 502
52 57
52 76
52 142
52 147
52 160
52 246
52 292
52 299
52 345
52 358
52 401
52 404
52 449
52 452
52 462
52 469
52 494
53 95
53 108
53 119
53 281
53 309
53 347
53 383
53 391
54 150
54 152
54 153
54 180
54 266
54 278
54 299
54 303
54 345
54 355
54 364
54 374
54 383
54 414
54 416
54 450
54 483
55 114
55 129
55 131
55 136
55 231
55 250
55 267
55 274
55 289
55 325
55 331
55 357
55 369
55 445
55 464
56 71
56 107
56 170
56 186
56 192
56 255
56 308
56 407
56 459
56 490
56 502
56 509
57 72
57 78
57 93
57 196
57 269
57 271
57 306
57 358
57 367
57 368
57 491
58 85
58 122
58 174
58 238
58 275
58 279
58 280
58 355
59 103
59 105
59 128
59 164
59 199
59 235
59 251
59 254
59 259
59 260
59 298
59 315
59 387
59 414
59 465
59 480
60 72
60 105
60 184
60 190
60 202
60 222
60 246
60 300
60 322
60 342
60 343
60 399
60 431
61 114
61 118
61 131
61 208
61 276
61 345
61 493
62 88
62 109
62 139
62 141
62 142
62 159
62 214
62 216
62 219
62 331
62 334
62 399
62 432
62 471
63 74
63 77
63 81
63 141
63 271
63 340
63 447
64 84
64 173
64 188
64 239
64 262
64 279
64 282
64 288
64 303
64 312
64 410
64 435
64 443
64 501
65 145
65 164
65 198
65 231
65 251
65 293
65 329
65 453
65 487
66 138
66 140
66 237
66 239
66 293
66 365
66 383
66 411
66 460
67 86
67 127
67 179
67 184
67 189
67 248
67 267
67 312
67 316
67 317
67 407
68 110
68 115
68 145
68 153
68 162
68 185
68 265
68 399
68 451
69 81
69 84
69 89
69 127
69 245
69 253
69 268
69 277
69 284
69 305
69 334
69 356
69 382
69 398
69 446
69 458
69 485
69 504
70 73
70 128
70 271
70 306
70 422
70 430
70 492
71 82
71 84
71 93
71 163
71 269
71 342
71 433
71 445
72 75
72 96
72 104
72 115
72 150
72 312
72 332
72 356
72 429
72 503
73 183
73 203
73 307
73 350
73 383
73 385
73 411
73 473
73 496
74 93
74 193
74 356
74 428
75 176
75 249
75 351
75 355
75 467
75 494
76 142
76 166
76 189
76 224
76 272
76 274
76 312
76 418
76 489
77 133
77 165
77 245
77 246
77 258
77 283
77 297
77 328
77 410
77 446
77 473
78 79
78 94
78 95
78 98
78 126
78 133
78 152
78 171
78 332
78 338
78 478
79 96
79 106
79 155
79 215
79 231
79 235
79 248
79 286
79 321
79 328
79 329
79 337
79 339
79 388
79 439
79 471
79 503
80 93
80 124
80 201
80 225
80 271
80 303
80 354
80 395
80 409
80 488
80 496
81 133
81 169
81 212
81 337
81 408
81 414
81 428
81 446
81 449
81 484
82 162
82 170
82 200
82 227
82 244
82 262
82 302
82 378
82 403
82 411
83 129
83 178
83 278
83 313
83 344
83 362
83 371
83 399
83 406
83 422
83 454
84 112
84 242
84 365
84 428
84 432
84 479
84 502
85 115
85 119
85 199
85 209
85 321
85 322
85 351
85 388
86 111
86 174
86 258
86 268
86 348
86 453
86 454
86 460
86 485
87 169
87 174
87 212
87 216
87 275
87 315
87 330
87 343
87 448
87 498
88 90
88 95
88 145
88 187
88 224
88 257
88 364
88 448
89 95
89 121
89 131
89 194
89 210
89 216
89 238
89 265
89 285
89 288
89 365
89 423
89 435
89 498
89 511
90 167
90 231
90 264
90 287
90 307
90 311
90 330
90 341
90 402
90 411
90 505
91 103
91 152
91 215
91 237
91 289
91 322
91 413
91 481
91 493
92 100
92 174
92 211
92 241
92 312
92 319
92 499
93 128
93 199
93 217
93 229
93 233
93 322
93 359
93 399
93 424
93 467
93 468
93 494
93 503
94 132
94 251
94 322
94 375
94 378
94 446
94 453
94 510
95 128
95 166
95 218
95 301
95 339
95 341
95 364
95 471
96 139
96 161
96 166
96 231
96 272
96 436
96 439
96 466
96 494
97 163
97 203
97 314
97 346
97 379
98 114
98 157
98 212
98 245
98 256
98 298
98 309
98 321
98 334
98 360
98 364
98 385
98 394
98 441
98 445
98 451
99 105
99 125
99 134
99 149
99 185
99 306
99 330
99 377
99 441
99 458
100 183
100 251
100 351
100 388
101 113
101 159
101 205
101 247
101 252
101 267
101 294
101 328
101 344
101 380
101 416
101 424
101 455
101 483
101 495
102 126
102 161
102 190
102 219
102 253
102 254
102 260
102 263
102 387
102 487
103 116
103 133
103 183
103 259
103 263
103 390
103 398
103 410
103 421
103 455
104 110
104 145
104 171
104 309
104 324
104 378
104 381
104 383
104 389
104 459
104 490
105 120
105 160
105 186
105 255
105 260
105 261
105 296
105 360
105 417
105 441
106 162
106 179
106 267
106 273
106 315
106 350
106 378
106 387
106 417
106 461
107 135
107 140
107 192
107 212
107 234
107 335
107 346
107 428
107 453
107 483
108 129
108 140
108 167
108 205
108 243
108 246
108 326
108 420
108 432
108 446
108 460
108 491
108 508
109 111
109 192
109 223
109 237
109 262
109 410
109 429
109 434
109 453
109 460
109 474
109 480
110 150
110 230
110 252
110 271
110 327
110 365
110 460
110 492
111 135
111 340
111 385
111 450
111 456
111 467
111 497
112 131
112 225
112 287
112 293
112 307
112 310
112 311
112 327
112 390
112 414
112 468
112 474
112 494
112 500
113 138
113 150
113 244
113 247
113 270
113 279
113 292
113 421
113 511
114 149
114 203
114 241
114 244
114 303
114 341
114 360
114 416
114 422
114 462
114 463
114 464
115 121
115 200
115 226
115 230
115 266
115 344
115 353
115 397
115 423
115 439
116 163
116 210
116 296
116 299
116 332
116 461
116 481
116 486
116 487
117 142
117 250
117 303
117 324
117 337
117 434
117 466
118 185
118 194
118 207
118 224
118 242
118 250
118 305
118 348
118 471
118 482
119 140
119 198
119 376
119 400
119 490
120 142
120 150
120 153
120 163
120 199
120 210
120 221
120 268
120 272
120 278
120 291
120 300
120 303
120 371
120 375
120 383
120 425
120 436
120 440
120 451
120 478
120 490
121 143
121 215
121 230
121 272
121 274
121 333
121 344
121 396
121 401
121 443
121 491
121 495
122 148
122 152
122 159
122 215
122 221
122 371
122 414
122 435
122 493
123 229
123 275
123 390
123 413
123 437
123 464
123 472
123 481
124 179
124 188
124 238
124 303
124 326
124 367
124 406
125 191
125 211
125 265
125 282
125 337
125 408
125 420
125 468
125 486
126 148
126 176
126 183
126 189
126 300
126 327
126 413
127 137
127 169
127 239
127 271
127 312
127 441
127 458
127 459
127 493
128 140
128 187
128 239
128 260
128 271
128 310
128 316
128 355
128 386
128 435
128 441
128 505
129 167
129 331
129 333
129 347
129 355
129 359
129 361
129 364
129 382
129 387
129 408
129 481
130 193
130 233
130 241
130 294
130 316
130 326
130 332
130 346
130 385
130 446
130 475
131 154
131 181
131 190
131 231
131 233
131 270
131 393
131 412
131 432
131 434
131 456
132 164
132 166
132 191
132 235
132 253
132 271
132 283
132 341
132 353
132 378
132 394
132 413
132 414
133 150
133 155
133 159
133 174
133 262
133 403
133 504
134 140
134 240
134 253
134 328
134 329
134 363
134 423
134 485
135 166
135 167
135 181
135 199
135 229
135 269
135 491
136 151
136 154
136 180
136 261
136 271
136 376
136 394
136 406
136 407
137 175
137 188
137 190
137 204
137 268
137 308
137 411
138 145
138 213
138 224
138 239
138 247
138 249
138 268
138 296
138 310
138 313
138 334
138 399
138 424
138 433
138 448
138 454
138 459
139 176
139 332
139 380
139 408
139 452
139 466
139 494
140 175
140 307
140 344
140 495
141 174
141 249
141 258
141 264
141 299
141 317
141 343
141 389
141 397
141 409
141 411
141 465
141 474
142 172
142 199
142 214
142 216
142 239
142 341
142 410
142 510
143 156
143 193
143 201
143 213
143 347
143 418
143 509
144 162
144 177
144 191
144 194
144 217
144 250
144 265
144 276
144 297
144 337
144 428
144 504
144 506
145 159
145 187
145 189
145 220
145 347
145 359
145 375
145 377
145 386
145 395
145 403
145 421
145 466
146 217
146 276
146 360
146 403
146 504
147 230
147 278
147 307
147 484
147 490
148 158
148 269
148 295
148 339
148 343
148 352
148 353
148 357
148 387
148 410
148 428
148 459
148 488
148 499
148 505
149 161
149 316
149 319
149 383
149 471
149 489
149 493
150 239
150 298
150 385
150 416
150 421
150 498
151 165
151 295
151 368
151 380
151 419
151 429
151 497
151 505
152 156
152 245
152 283
152 293
152 479
153 209
153 261
153 277
153 313
153 424
153 444
153 448
154 263
154 286
154 346
154 366
154 394
154 399
154 465
154 466
154 468
154 482
155 160
155 251
155 429
155 487
156 191
156 215
156 258
156 260
156 299
156 349
156 352
156 395
156 397
156 476
157 212
157 218
157 230
157 286
157 385
157 416
157 438
157 450
157 474
158 183
158 229
158 299
158 311
158 352
158 380
158 473
158 511
159 169
159 269
159 284
159 290
159 395
160 161
160 187
160 238
160 296
160 301
160 308
160 339
160 380
160 385
160 386
160 448
160 466
160 478
160 479
160 497
160 500
160 507
160 509
161 212
161 226
161 242
161 252
161 271
161 359
161 425
161 490
161 496
162 179
162 272
162 284
162 313
162 351
162 364
162 379
162 429
162 474
162 477
162 484
162 498
163 188
163 195
163 228
163 236
163 268
163 272
163 295
163 316
163 331
163 339
163 355
163 362
164 193
164 197
164 247
164 307
164 311
164 376
164 439
164 449
164 459
165 198
165 207
165 213
165 248
165 391
165 407
165 442
165 448
165 471
166 210
166 222
166 228
166 274
166 301
166 351
166 353
166 355
166 384
167 216
167 257
167 330
167 408
167 417
167 441
168 192
168 201
168 208
168 242
168 272
168 348
168 352
168 358
168 409
168 471
168 509
169 204
169 261
169 424
169 445
170 193
170 247
170 253
170 337
170 338
170 357
170 360
170 401
170 407
170 465
171 174
171 178
171 187
171 218
171 227
171 229
171 289
171 345
171 380
171 456
172 218
172 227
172 271
172 285
172 295
172 325
172 334
172 342
172 357
172 501
173 174
173 183
173 230
173 254
173 289
173 291
173 295
173 297
173 327
173 329
173 466
173 469
173 503
174 191
174 193
174 267
174 273
174 341
174 353
174 437
174 463
174 500
175 180
175 202
175 203
175 296
175 363
175 369
175 379
175 390
175 507
175 510
176 265
176 287
176 421
176 462
177 181
177 205
177 207
177 216
177 380
177 404
177 415
177 464
177 470
178 210
178 225
178 230
178 246
178 248
178 280
178 287
178 301
178 307
178 321
178 338
178 353
178 419
178 435
178 496
179 275
179 378
179 432
180 190
180 198
180 240
180 243
180 256
180 295
180 346
180 349
180 363
180 387
180 492
180 507
181 185
181 197
181 295
181 328
181 397
181 477
181 484
182 218
182 235
182 265
182 318
182 368
182 432
182 500
182 508
183 228
183 258
183 311
183 365
183 441
183 450
183 482
183 489
184 241
184 257
184 300
184 306
184 317
184 333
184 422
185 255
185 304
185 307
185 359
185 449
185 483
186 190
186 203
186 222
186 235
186 239
186 364
186 383
186 461
187 230
187 265
187 266
187 304
187 379
187 481
188 249
188 324
188 382
188 385
188 442
188 480
188 487
188 504
189 223
189 234
189 259
189 292
189 293
189 349
189 370
189 419
189 425
190 213
190 279
190 290
190 307
190 406
190 430
190 445
191 215
191 237
191 251
191 284
191 314
191 403
191 450
192 201
192 209
192 217
192 239
192 253
192 266
192 284
192 359
192 402
192 445
192 466
192 467
193 216
193 226
193 261
193 287
193 319
193 362
193 447
193 466
193 475
194 197
194 212
194 214
194 253
194 437
194 471
194 482
194 511
195 207
195 227
195 365
195 388
195 394
195 463
196 221
196 235
196 236
196 237
196 275
196 278
196 288
196 343
196 447
196 468
197 215
197 216
197 228
197 234
197 251
197 272
197 319
197 336
197 467
197 482
198 210
198 265
198 324
198 390
198 418
198 420
198 429
198 435
198 453
198 484
198 500
199 263
199 290
199 439
199 459
199 476
200 222
200 296
200 306
200 319
200 320
200 381
200 404
200 432
200 477
201 258
201 306
201 334
201 362
201 472
202 211
202 245
202 328
202 329
202 360
202 363
202 408
202 422
202 476
203 263
203 318
203 348
203 350
203 399
203 433
203 445
203 450
203 497
204 260
204 287
204 314
204 351
204 406
204 475
204 491
205 235
205 299
205 302
205 320
205 332
205 343
205 355
205 371
205 413
205 418
205 422
205 493
206 227
206 228
206 360
206 425
206 434
206 440
206 471
206 482
207 263
207 295
208 246
208 251
208 261
208 279
208 451
208 457
208 474
208 484
209 302
209 328
209 335
209 342
209 370
209 373
209 383
209 446
209 459
209 483
210 237
210 269
210 302
210 348
210 370
210 427
211 298
211 355
211 361
211 405
211 473
212 246
212 264
212 345
212 356
212 437
212 438
212 446
213 275
213 353
213 355
213 382
213 436
213 444
213 475
213 490
214 237
214 239
214 240
214 288
214 380
214 402
214 445
214 453
214 459
214 466
215 341
215 376
215 447
216 264
216 291
216 327
216 375
216 437
216 440
216 465
216 480
216 481
216 483
217 237
217 284
217 310
217 320
217 330
217 355
217 356
217 361
217 434
217 461
218 289
218 311
218 363
218 490
219 224
219 345
219 417
219 421
219 505
219 506
220 239
220 287
220 307
220 380
220 391
220 443
220 471
220 475
220 479
220 488
221 233
221 284
221 423
222 242
222 247
222 258
222 325
222 352
222 363
222 408
222 429
222 499
222 504
223 227
223 232
223 282
223 312
223 324
223 358
223 365
223 395
223 439
223 451
223 505
224 288
224 447
224 502
225 332
225 383
225 391
225 446
225 451
226 360
226 365
226 384
226 436
226 509
227 303
227 377
227 420
227 441
228 403
228 439
228 452
228 456
228 464
228 480
228 502
229 257
229 302
229 330
229 401
229 428
229 456
229 472
229 491
230 252
230 302
230 313
230 315
230 333
230 360
230 374
230 468
230 475
231 260
231 292
231 494
232 239
232 255
232 282
232 304
232 379
232 392
233 301
233 462
233 483
234 244
234 259
234 400
234 409
234 445
234 450
234 486
235 266
235 297
235 384
235 385
235 395
235 432
235 500
236 263
236 266
236 331
236 374
236 392
236 408
236 420
236 450
237 254
237 273
237 287
237 312
237 365
237 394
237 496
237 501
238 258
238 260
238 310
238 355
239 357
239 475
239 483
240 261
240 266
240 303
240 407
240 418
240 502
241 259
241 342
241 382
241 387
241 390
241 475
242 245
242 265
242 277
242 344
242 358
242 375
242 411
242 478
243 300
243 324
243 338
243 348
243 377
243 417
243 421
244 256
244 274
244 317
244 436
245 287
245 322
245 374
245 467
245 486
245 507
246 258
246 276
246 304
246 333
246 364
246 393
246 423
246 490
247 253
247 308
247 339
247 361
247 440
247 464
248 304
248 307
248 358
248 394
249 250
249 287
249 306
249 381
249 393
249 424
249 452
250 358
250 497
250 509
251 350
251 383
251 408
251 424
251 501
251 506
252 287
252 406
252 414
252 434
252 446
252 497
253 286
253 293
253 374
253 382
253 390
253 396
253 420
253 424
253 444
253 474
254 294
254 361
254 386
254 458
254 488
255 288
255 327
255 340
255 368
255 378
255 404
255 433
255 474
255 483
256 269
256 280
256 350
256 361
256 398
256 484
257 296
257 305
257 369
257 399
257 425
257 433
257 435
257 461
257 506
258 306
258 375
258 378
258 384
259 298
259 353
260 301
260 315
260 350
260 426
260 494
260 495
260 504
260 509
261 310
261 359
261 433
262 311
262 372
262 386
262 477
263 350
263 388
263 390
263 461
263 491
263 492
263 509
264 284
264 334
264 366
264 398
264 473
264 497
264 505
265 309
265 330
265 374
265 447
265 468
266 357
266 373
266 422
266 426
266 449
267 268
267 350
267 402
267 425
267 426
267 477
267 491
267 499
268 290
268 353
268 386
268 424
268 435
268 443
268 469
269 288
269 300
269 387
269 411
269 415
269 423
269 452
269 456
269 465
269 490
270 296
270 366
270 405
270 413
270 439
270 444
270 457
270 471
270 498
271 285
271 424
271 428
271 492
271 504
272 316
272 329
272 385
272 399
273 317
273 442
273 477
273 485
273 500
274 290
274 380
274 383
274 436
275 387
275 402
275 408
276 277
276 279
276 454
276 469
277 369
277 404
277 446
277 489
277 505
278 341
278 348
278 354
278 417
278 462
278 468
278 485
278 509
279 316
279 361
280 299
280 325
280 371
280 373
280 397
280 409
280 411
280 418
280 430
280 504
281 289
281 361
281 372
281 407
281 426
281 478
281 484
281 498
281 504
282 319
282 329
282 374
282 409
282 414
283 285
283 324
283 361
283 371
283 507
284 300
284 303
284 368
284 387
284 394
284 442
284 502
285 286
285 288
285 383
285 424
285 436
285 437
285 464
285 490
286 304
286 337
286 435
286 448
286 481
287 316
287 386
287 407
287 412
287 450
287 461
287 465
288 302
288 370
288 417
288 476
288 488
289 361
289 371
289 443
289 458
290 378
290 395
290 473
291 301
291 346
292 314
292 327
292 413
292 426
292 444
292 450
292 479
293 313
293 426
293 430
293 509
294 321
294 322
294 337
294 364
294 486
295 315
295 323
295 344
295 356
295 381
295 389
295 407
295 412
295 419
295 421
295 472
295 489
295 490
296 342
296 348
296 368
296 411
296 486
297 312
297 368
297 429
297 431
297 482
298 317
298 330
298 376
298 464
298 466
298 490
299 317
299 351
299 362
299 412
299 454
299 455
299 462
299 488
300 319
300 322
300 393
300 483
300 499
301 341
301 469
301 478
302 373
302 415
302 435
302 440
302 445
302 472
303 314
303 404
303 414
303 489
303 497
304 306
304 314
304 363
304 388
304 427
304 492
305 416
305 439
305 457
306 427
307 394
307 416
307 455
307 491
308 313
308 339
308 374
308 391
308 423
308 448
309 366
309 368
309 371
309 428
309 488
309 491
310 375
310 442
310 460
310 480
310 486
311 327
311 399
311 456
311 494
312 320
312 345
312 346
312 382
312 416
312 431
312 475
312 495
312 501
312 504
313 364
313 397
313 494
314 366
314 374
314 428
314 450
314 460
315 455
315 463
316 347
316 384
316 427
316 430
317 319
317 325
317 382
317 415
317 432
317 487
317 488
317 495
318 331
318 375
318 407
318 442
318 478
318 487
318 501
319 343
319 345
319 389
319 394
319 472
319 485
320 355
320 367
320 407
320 412
320 419
320 445
320 464
320 502
321 324
321 348
321 379
321 430
322 446
322 464
323 399
323 465
324 383
325 340
325 375
325 377
325 387
325 409
325 415
325 428
325 460
325 461
325 462
325 486
326 382
326 420
327 415
327 424
327 437
327 475
328 379
329 511
330 335
331 441
331 457
331 494
332 363
332 445
332 482
332 502
333 344
333 437
333 446
333 455
334 387
334 414
334 440
335 354
335 411
335 452
335 486
336 354
336 391
336 441
336 461
337 373
337 375
337 425
337 457
337 465
338 349
338 382
338 406
338 436
338 437
338 453
339 364
339 469
339 504
340 419
341 382
341 435
341 508
342 371
342 393
342 395
342 411
342 454
343 387
343 470
343 508
344 379
344 385
344 413
344 494
344 498
345 467
345 480
345 489
345 506
346 386
346 389
346 423
346 437
346 459
346 474
346 483
346 493
347 388
347 436
348 360
348 445
348 493
349 367
349 420
349 422
349 441
350 441
350 483
351 411
351 438
351 486
351 506
352 368
352 374
352 487
352 491
353 375
353 384
353 509
354 378
354 383
354 425
354 505
355 434
355 478
355 499
356 439
356 448
356 478
356 494
356 499
357 358
357 423
357 494
357 506
358 403
358 419
358 425
358 466
359 400
359 407
359 424
359 485
359 502
360 442
360 489
361 362
361 365
361 386
361 396
361 483
361 497
362 455
363 380
363 410
363 414
363 421
364 411
364 451
364 479
364 493
365 408
365 421
365 427
365 434
365 446
365 464
365 467
365 471
365 472
366 398
366 417
366 424
366 430
366 435
366 438
366 441
366 446
366 464
367 379
367 414
367 464
367 466
367 491
368 375
368 398
368 426
368 452
368 471
368 485
368 510
369 380
369 400
369 403
369 486
370 389
370 458
370 490
371 423
372 378
372 396
372 426
372 482
373 401
373 462
373 484
373 496
374 406
375 386
375 388
375 405
375 428
375 445
375 463
376 410
376 475
377 384
377 414
377 460
377 469
377 492
377 508
378 478
379 494
380 469
382 397
382 425
382 434
382 487
382 498
382 507
383 385
383 422
384 394
384 428
384 461
384 503
385 387
385 411
385 422
385 447
385 452
386 394
386 404
386 487
387 439
387 460
387 482
387 501
388 441
388 493
389 409
389 465
389 499
389 500
391 403
391 440
391 492
392 451
392 481
392 483
394 447
394 458
394 465
394 474
395 396
395 424
395 429
395 465
395 491
395 502
396 442
396 463
396 489
397 411
397 481
397 503
398 486
399 506
400 427
400 472
400 497
401 421
401 423
401 433
401 446
402 494
403 419
403 469
403 479
403 509
404 432
404 434
404 462
404 503
406 411
407 456
407 461
408 464
409 442
409 458
410 443
410 461
410 469
411 455
411 476
412 472
412 505
412 510
413 443
413 474
413 509
414 464
414 471
414 503
415 446
415 459
416 475
417 427
417 439
417 495
417 499
417 511
418 420
418 437
418 438
418 465
419 450
419 474
419 508
420 469
421 473
421 505
421 511
422 457
422 470
422 490
423 436
423 480
424 427
424 442
424 449
424 469
424 485
425 451
425 452
425 455
425 459
425 463
425 491
426 455
426 457
426 508
427 502
428 470
428 473
428 498
429 481
430 443
430 457
430 486
430 493
431 496
432 465
432 481
433 492
434 508
435 455
435 461
436 446
436 457
436 489
438 470
439 483
439 500
440 447
440 461
442 449
442 501
443 472
444 458
444 489
444 491
447 453
448 468
448 484
449 482
449 486
452 471
455 463
455 473
455 498
455 510
456 470
456 480
457 481
457 507
458 506
459 471
459 492
459 505
459 506
460 494
462 481
463 495
463 508
464 478
464 489
465 476
465 485
466 496
466 507
466 511
467 500
469 510
472 510
473 508
473 511
475 485
476 486
477 506
478 480
479 493
480 485
481 493
482 495
482 508
484 485
486 488
487 493
488 507
489 492
489 503
490 496
497 498
