0 10
0 11
0 12
0 14
0 16
0 18
0 19
0 21
0 22
0 23
0 28
0 37
0 44
0 53
0 58
0 60
0 65
0 67
0 96
0 123
0 131
0 135
0 177
0 179
0 210
0 219
0 234
0 268
0 273
0 289
0 303
0 312
0 320
0 351
0 386
0 389
0 415
0 432
0 455
0 483
1 9
1 10
1 18
1 23
1 24
1 27
1 44
1 61
1 75
1 121
1 144
1 156
1 166
1 171
1 197
1 305
1 374
1 379
1 471
2 11
2 12
2 13
2 19
2 31
2 72
2 232
2 387
2 389
3 9
3 10
3 13
3 14
3 15
3 17
3 21
3 31
3 39
3 42
3 44
3 51
3 62
3 66
3 68
3 75
3 78
3 82
3 107
3 110
3 134
3 151
3 158
3 161
3 164
3 166
3 194
3 196
3 220
3 242
3 247
3 254
3 276
3 280
3 284
3 313
3 325
3 401
3 406
3 437
3 438
3 444
3 456
3 507
4 9
4 10
4 11
4 12
4 15
4 16
4 17
4 20
4 23
4 25
4 28
4 29
4 33
4 42
4 46
4 52
4 58
4 62
4 66
4 68
4 83
4 84
4 120
4 129
4 135
4 140
4 160
4 170
4 171
4 188
4 211
4 278
4 282
4 287
4 290
4 302
4 319
4 326
4 331
4 343
4 373
4 374
4 380
4 388
4 413
4 418
4 425
4 431
4 456
4 483
4 488
4 497
5 10
5 11
5 12
5 13
5 14
5 15
5 16
5 17
5 18
5 26
5 28
5 31
5 35
5 39
5 41
5 45
5 47
5 57
5 58
5 61
5 70
5 89
5 93
5 98
5 110
5 127
5 138
5 173
5 200
5 204
5 231
5 261
5 273
5 274
5 304
5 335
5 358
5 388
5 394
5 436
5 448
5 465
6 9
6 10
6 11
6 12
6 13
6 15
6 18
6 19
6 22
6 29
6 31
6 32
6 35
6 40
6 42
6 54
6 67
6 72
6 76
6 99
6 101
6 113
6 177
6 190
6 202
6 209
6 237
6 240
6 245
6 250
6 256
6 270
6 278
6 315
6 365
6 403
6 437
6 466
6 482
6 497
7 9
7 10
7 11
7 13
7 14
7 19
7 20
7 21
7 22
7 24
7 33
7 35
7 42
7 43
7 44
7 51
7 54
7 63
7 65
7 69
7 71
7 75
7 82
7 97
7 102
7 121
7 130
7 135
7 151
7 225
7 244
7 316
7 317
7 341
7 346
7 347
7 380
7 395
7 397
7 435
7 442
7 474
7 485
7 495
8 9
8 10
8 11
8 27
8 48
8 56
8 107
8 144
8 168
8 186
8 307
8 361
8 391
9 10
9 11
9 12
9 13
9 14
9 15
9 17
9 22
9 24
9 25
9 29
9 30
9 31
9 35
9 37
9 40
9 44
9 46
9 47
9 50
9 51
9 57
9 61
9 63
9 70
9 74
9 76
9 77
9 92
9 95
9 97
9 99
9 101
9 102
9 103
9 107
9 117
9 118
9 125
9 127
9 133
9 137
9 155
9 159
9 162
9 175
9 178
9 184
9 196
9 207
9 211
9 216
9 219
9 222
9 235
9 236
9 244
9 248
9 277
9 284
9 299
9 304
9 317
9 319
9 325
9 337
9 350
9 376
9 384
9 394
9 395
9 399
9 408
9 413
9 420
9 443
9 451
9 476
9 487
9 494
9 495
10 11
10 12
10 14
10 15
10 18
10 20
10 21
10 25
10 26
10 28
10 29
10 36
10 39
10 42
10 50
10 51
10 57
10 59
10 69
10 71
10 74
10 84
10 85
10 95
10 105
10 113
10 114
10 137
10 145
10 157
10 158
10 162
10 169
10 174
10 176
10 183
10 217
10 245
10 246
10 251
10 263
10 280
10 296
10 306
10 311
10 320
10 355
10 359
10 379
10 413
10 417
10 440
10 441
10 448
10 453
10 456
10 467
10 468
10 477
10 478
10 493
10 503
11 13
11 14
11 15
11 17
11 23
11 27
11 28
11 38
11 39
11 42
11 49
11 56
11 71
11 80
11 83
11 85
11 93
11 135
11 142
11 146
11 149
11 160
11 166
11 181
11 182
11 185
11 190
11 207
11 223
11 226
11 232
11 235
11 248
11 252
11 260
11 279
11 285
11 310
11 378
11 402
11 420
11 442
11 502
11 510
12 13
12 14
12 15
12 17
12 19
12 20
12 25
12 26
12 29
12 30
12 31
12 36
12 38
12 40
12 41
12 48
12 55
12 62
12 70
12 72
12 73
12 94
12 101
12 102
12 103
12 109
12 130
12 132
12 147
12 167
12 174
12 180
12 193
12 198
12 206
12 239
12 242
12 249
12 296
12 320
12 331
12 341
12 369
12 380
12 384
12 404
12 427
12 433
12 478
12 498
13 14
13 16
13 17
13 18
13 20
13 21
13 22
13 31
13 42
13 45
13 49
13 50
13 52
13 75
13 83
13 87
13 88
13 100
13 117
13 123
13 138
13 139
13 159
13 173
13 180
13 192
13 201
13 207
13 220
13 227
13 230
13 239
13 268
13 308
13 316
13 337
13 374
13 381
13 387
13 393
13 413
13 415
13 416
13 424
13 436
13 441
13 468
13 485
13 490
14 16
14 19
14 20
14 23
14 24
14 25
14 26
14 27
14 35
14 40
14 41
14 43
14 46
14 49
14 54
14 55
14 60
14 61
14 70
14 75
14 77
14 83
14 86
14 90
14 93
14 106
14 108
14 115
14 119
14 123
14 133
14 148
14 161
14 165
14 166
14 170
14 190
14 208
14 212
14 221
14 230
14 233
14 242
14 249
14 259
14 260
14 273
14 278
14 363
14 376
14 395
14 404
14 407
14 419
14 452
14 459
14 461
14 464
14 491
14 495
14 506
14 508
15 16
15 17
15 21
15 25
15 27
15 36
15 55
15 56
15 64
15 69
15 82
15 91
15 100
15 129
15 139
15 146
15 148
15 152
15 162
15 194
15 214
15 215
15 218
15 221
15 231
15 233
15 267
15 274
15 283
15 284
15 290
15 306
15 321
15 328
15 329
15 331
15 354
15 364
15 376
15 431
15 433
15 443
15 451
15 456
15 466
16 17
16 19
16 21
16 22
16 24
16 29
16 30
16 32
16 34
16 37
16 38
16 46
16 49
16 50
16 55
16 56
16 61
16 68
16 70
16 80
16 83
16 90
16 92
16 102
16 109
16 110
16 113
16 119
16 122
16 127
16 134
16 135
16 148
16 151
16 160
16 174
16 185
16 205
16 234
16 237
16 241
16 245
16 246
16 250
16 251
16 257
16 266
16 272
16 292
16 300
16 304
16 308
16 309
16 314
16 364
16 368
16 383
16 397
16 410
16 439
16 454
16 465
17 19
17 29
17 41
17 43
17 51
17 56
17 59
17 66
17 72
17 82
17 87
17 92
17 98
17 103
17 118
17 122
17 126
17 141
17 163
17 189
17 206
17 228
17 264
17 277
17 288
17 304
17 309
17 317
17 326
17 331
17 332
17 339
17 365
17 384
17 391
17 425
17 435
17 444
17 491
17 509
18 20
18 22
18 23
18 26
18 27
18 31
18 34
18 48
18 49
18 50
18 58
18 62
18 89
18 103
18 104
18 106
18 110
18 120
18 134
18 141
18 152
18 168
18 178
18 223
18 252
18 276
18 280
18 287
18 290
18 292
18 300
18 319
18 348
18 392
18 394
18 410
18 413
18 487
18 498
19 20
19 25
19 26
19 29
19 35
19 38
19 40
19 44
19 48
19 52
19 54
19 74
19 78
19 86
19 92
19 94
19 96
19 115
19 131
19 134
19 141
19 145
19 180
19 198
19 233
19 250
19 267
19 278
19 386
19 457
20 23
20 24
20 26
20 39
20 40
20 43
20 44
20 48
20 49
20 53
20 56
20 65
20 104
20 109
20 124
20 147
20 172
20 180
20 197
20 204
20 240
20 268
20 278
20 315
20 340
20 352
20 396
20 414
20 418
20 453
20 469
21 25
21 27
21 30
21 32
21 34
21 35
21 51
21 53
21 54
21 60
21 65
21 67
21 74
21 79
21 81
21 86
21 99
21 104
21 126
21 136
21 186
21 225
21 244
21 259
21 360
21 365
21 370
21 392
21 396
21 408
21 423
21 425
21 437
21 444
21 466
21 487
22 32
22 33
22 36
22 37
22 43
22 45
22 49
22 57
22 88
22 98
22 102
22 110
22 112
22 114
22 124
22 128
22 134
22 137
22 142
22 143
22 167
22 176
22 255
22 267
22 388
22 393
22 395
22 403
22 433
22 471
22 474
22 510
23 24
23 25
23 28
23 45
23 46
23 57
23 62
23 68
23 71
23 75
23 80
23 89
23 93
23 109
23 111
23 120
23 149
23 154
23 195
23 200
23 204
23 221
23 259
23 266
23 295
23 308
23 315
23 318
23 375
23 391
23 397
23 402
23 413
23 416
23 424
23 484
23 499
23 501
24 26
24 27
24 34
24 45
24 59
24 64
24 73
24 101
24 124
24 128
24 131
24 200
24 223
24 240
24 269
24 270
24 303
24 325
24 410
24 491
24 503
25 31
25 43
25 47
25 60
25 68
25 99
25 122
25 136
25 141
25 181
25 185
25 288
25 289
25 308
25 346
25 355
25 391
25 394
25 402
25 403
25 448
26 30
26 32
26 33
26 35
26 38
26 41
26 51
26 55
26 60
26 67
26 73
26 101
26 106
26 108
26 123
26 141
26 144
26 147
26 161
26 175
26 210
26 218
26 240
26 262
26 263
26 270
26 275
26 277
26 289
26 291
26 294
26 319
26 322
26 362
26 367
26 413
26 415
26 435
26 437
26 477
26 480
26 489
26 502
26 505
26 506
27 29
27 30
27 41
27 45
27 47
27 71
27 87
27 91
27 93
27 96
27 121
27 186
27 192
27 196
27 199
27 207
27 227
27 229
27 231
27 248
27 253
27 256
27 276
27 289
27 312
27 328
27 333
27 340
27 363
27 382
27 385
27 393
27 394
27 400
27 438
27 443
27 503
28 34
28 43
28 44
28 46
28 52
28 54
28 63
28 66
28 72
28 75
28 79
28 82
28 83
28 89
28 90
28 94
28 95
28 111
28 112
28 131
28 143
28 150
28 151
28 152
28 164
28 173
28 178
28 180
28 184
28 222
28 224
28 227
28 238
28 242
28 251
28 263
28 284
28 301
28 312
28 342
28 348
28 356
28 368
28 379
28 386
28 403
28 417
28 426
28 465
28 475
28 478
28 485
28 492
28 496
29 32
29 41
29 52
29 62
29 68
29 77
29 81
29 82
29 88
29 157
29 200
29 231
29 247
29 263
29 272
29 299
29 309
29 318
29 446
29 469
29 489
30 34
30 36
30 40
30 43
30 60
30 74
30 77
30 88
30 113
30 129
30 145
30 153
30 163
30 194
30 201
30 243
30 288
30 322
30 331
30 374
30 414
30 420
30 452
30 501
31 36
31 37
31 38
31 39
31 52
31 53
31 55
31 84
31 99
31 106
31 107
31 113
31 139
31 140
31 152
31 155
31 173
31 178
31 183
31 184
31 199
31 204
31 254
31 257
31 258
31 292
31 298
31 326
31 375
31 417
31 492
31 501
32 38
32 45
32 72
32 103
32 126
32 136
32 137
32 150
32 166
32 231
32 236
32 261
32 301
32 366
32 376
32 482
32 498
33 36
33 38
33 45
33 67
33 68
33 69
33 74
33 79
33 80
33 91
33 111
33 113
33 136
33 146
33 158
33 222
33 237
33 259
33 332
33 346
33 358
33 360
33 405
33 412
33 443
33 457
33 493
34 35
34 47
34 58
34 72
34 83
34 115
34 154
34 163
34 164
34 207
34 211
34 265
34 277
34 296
34 325
34 334
34 345
34 357
34 398
34 440
34 509
35 57
35 60
35 61
35 85
35 96
35 111
35 130
35 139
35 148
35 158
35 159
35 175
35 203
35 205
35 220
35 263
35 283
35 337
35 510
36 39
36 40
36 46
36 48
36 56
36 68
36 75
36 101
36 117
36 140
36 144
36 173
36 189
36 209
36 216
36 232
36 244
36 273
36 297
36 408
36 427
36 430
36 451
36 463
36 489
37 96
37 102
37 105
37 129
37 138
37 265
37 275
37 280
37 299
37 309
37 368
37 390
37 392
37 417
37 446
38 43
38 44
38 47
38 48
38 54
38 58
38 59
38 61
38 64
38 68
38 70
38 77
38 94
38 95
38 119
38 124
38 130
38 158
38 174
38 179
38 183
38 189
38 193
38 214
38 230
38 243
38 268
38 270
38 271
38 280
38 302
38 352
38 387
38 392
38 418
38 421
38 444
38 446
39 58
39 76
39 109
39 116
39 148
39 156
39 164
39 179
39 181
39 213
39 216
39 229
39 232
39 269
39 282
39 285
39 299
39 303
39 323
39 340
39 363
39 375
39 384
39 420
39 423
39 466
39 467
39 509
40 55
40 64
40 84
40 96
40 121
40 129
40 157
40 165
40 212
40 215
40 248
40 256
40 395
40 438
40 449
40 462
40 476
41 57
41 62
41 63
41 69
41 82
41 88
41 93
41 97
41 102
41 107
41 108
41 139
41 162
41 177
41 178
41 213
41 226
41 265
41 269
41 305
41 317
41 341
41 385
41 431
41 439
41 442
41 473
41 479
41 484
41 492
41 508
41 511
42 76
42 79
42 86
42 97
42 118
42 141
42 175
42 190
42 212
42 214
42 217
42 220
42 243
42 251
42 260
42 285
42 295
42 330
42 331
42 351
42 352
42 382
42 414
42 424
42 476
42 491
42 493
42 501
43 58
43 64
43 70
43 76
43 90
43 115
43 128
43 159
43 227
43 238
43 287
43 376
43 397
43 435
43 437
43 480
43 483
44 56
44 65
44 80
44 91
44 96
44 100
44 118
44 131
44 153
44 157
44 168
44 186
44 228
44 258
44 281
44 283
44 288
44 331
44 339
44 366
44 409
44 511
45 108
45 150
45 167
45 306
45 327
45 340
45 430
45 452
45 495
46 53
46 72
46 81
46 82
46 93
46 96
46 105
46 136
46 159
46 189
46 205
46 225
46 227
46 260
46 265
46 294
46 361
46 378
46 422
46 509
47 52
47 94
47 104
47 114
47 130
47 165
47 191
47 199
47 226
47 253
47 278
47 282
47 289
47 296
47 335
47 342
47 394
47 407
47 450
48 69
48 85
48 86
48 93
48 95
48 105
48 108
48 109
48 121
48 122
48 124
48 156
48 165
48 169
48 170
48 190
48 199
48 214
48 220
48 235
48 279
48 283
48 293
48 305
48 307
48 351
48 428
48 429
48 441
48 509
49 50
49 57
49 59
49 63
49 67
49 76
49 88
49 95
49 111
49 140
49 153
49 192
49 198
49 225
49 259
49 264
49 373
49 385
49 407
49 417
49 434
49 492
49 500
50 74
50 81
50 86
50 89
50 92
50 129
50 146
50 150
50 185
50 202
50 217
50 264
50 297
50 327
50 358
50 404
50 432
50 449
50 479
50 481
51 53
51 73
51 89
51 107
51 114
51 134
51 162
51 197
51 203
51 212
51 213
51 221
51 235
51 238
51 288
51 310
51 320
51 338
51 345
51 370
51 391
51 439
52 54
52 65
52 66
52 77
52 94
52 95
52 97
52 98
52 104
52 120
52 135
52 145
52 157
52 160
52 167
52 198
52 200
52 207
52 212
52 213
52 219
52 226
52 238
52 241
52 251
52 291
52 302
52 304
52 318
52 325
52 339
52 357
52 360
52 410
52 417
52 422
52 447
52 474
52 493
52 498
53 55
53 102
53 123
53 150
53 180
53 191
53 232
53 245
53 354
53 379
53 442
53 496
54 57
54 90
54 144
54 215
54 217
54 236
54 253
54 393
54 401
54 486
54 494
55 67
55 100
55 112
55 114
55 116
55 118
55 119
55 125
55 128
55 131
55 136
55 138
55 143
55 167
55 174
55 182
55 241
55 303
55 305
55 308
55 314
55 343
55 344
55 374
55 440
55 450
55 470
56 71
56 76
56 90
56 113
56 117
56 135
56 208
56 223
56 289
56 329
56 382
56 402
56 428
56 464
56 492
57 63
57 89
57 96
57 131
57 188
57 244
57 266
57 277
57 284
57 286
57 366
57 384
57 409
58 69
58 84
58 98
58 117
58 156
58 167
58 234
58 235
58 341
58 413
58 447
58 493
58 499
58 507
59 84
59 91
59 99
59 138
59 206
59 220
59 230
59 263
59 271
59 304
59 305
59 348
59 398
59 399
59 441
59 506
60 64
60 84
60 87
60 106
60 165
60 168
60 169
60 172
60 184
60 186
60 188
60 201
60 202
60 203
60 210
60 246
60 254
60 267
60 276
60 280
60 336
60 337
60 349
60 352
60 376
60 425
60 427
60 481
60 504
61 70
61 86
61 132
61 153
61 177
61 192
61 204
61 227
61 263
61 335
61 347
61 386
61 402
61 420
61 429
62 66
62 73
62 75
62 81
62 85
62 106
62 111
62 118
62 120
62 147
62 161
62 173
62 187
62 194
62 218
62 249
62 255
62 271
62 281
62 308
62 310
62 335
62 338
62 367
62 372
62 472
62 477
62 500
62 504
63 73
63 83
63 85
63 88
63 94
63 110
63 122
63 124
63 126
63 136
63 170
63 181
63 182
63 192
63 208
63 221
63 245
63 258
63 264
63 279
63 295
63 338
63 359
63 371
63 399
63 461
64 77
64 78
64 79
64 101
64 128
64 169
64 177
64 200
64 247
64 288
64 316
64 336
64 383
64 401
64 412
64 423
64 460
64 464
64 494
65 85
65 115
65 155
65 178
65 202
65 264
65 273
65 285
65 371
65 450
65 504
66 97
66 111
66 132
66 147
66 155
66 164
66 213
66 231
66 261
66 298
66 354
66 360
66 443
66 449
66 455
66 464
66 500
66 502
67 146
67 167
67 182
67 191
67 226
67 306
67 371
67 428
68 145
68 240
68 257
68 294
68 386
68 387
68 433
69 80
69 108
69 170
69 254
69 261
69 268
69 272
69 332
69 336
69 339
69 425
69 453
69 474
69 482
70 81
70 105
70 107
70 108
70 165
70 211
70 234
70 240
70 271
70 273
70 288
70 330
70 354
70 371
70 374
70 452
71 152
71 156
71 169
71 236
71 265
71 310
71 335
71 399
71 433
71 451
71 470
72 78
72 87
72 143
72 162
72 173
72 178
72 181
72 203
72 238
72 287
72 291
72 296
72 311
72 319
72 353
72 365
72 431
72 511
73 127
73 144
73 149
73 154
73 183
73 223
73 232
73 242
73 252
73 258
73 293
73 324
73 509
74 100
74 107
74 123
74 132
74 187
74 240
74 275
74 336
74 351
74 387
74 421
74 456
75 133
75 174
75 180
75 229
75 253
75 330
75 333
75 364
75 398
75 429
75 448
75 478
75 505
76 170
76 241
76 315
76 411
76 413
77 80
77 87
77 115
77 124
77 133
77 153
77 167
77 189
77 202
77 274
77 294
77 316
77 388
77 430
77 448
77 469
78 79
78 90
78 111
78 120
78 126
78 189
78 285
78 309
78 320
78 355
78 369
78 372
78 389
78 419
78 450
78 487
78 509
79 94
79 100
79 103
79 121
79 131
79 134
79 142
79 201
79 225
79 230
79 242
79 300
79 316
79 375
79 411
79 460
80 86
80 91
80 112
80 120
80 140
80 151
80 192
80 301
80 327
80 361
80 373
80 397
80 408
81 98
81 140
81 142
81 171
81 185
81 204
81 231
81 236
81 238
81 253
81 262
81 282
81 297
81 309
81 334
82 116
82 150
82 168
82 187
82 196
82 216
82 222
82 255
82 311
82 315
83 134
83 166
83 212
83 222
83 258
83 299
83 329
83 416
83 426
84 104
84 138
84 172
84 181
84 183
84 187
84 252
84 300
84 307
84 311
84 329
84 359
84 418
84 432
84 439
84 452
84 458
84 496
85 89
85 112
85 113
85 124
85 160
85 163
85 177
85 203
85 231
85 394
85 428
85 446
85 482
86 140
86 146
86 219
86 232
86 283
86 309
86 363
86 480
87 133
87 166
87 181
87 193
87 256
87 313
87 314
87 380
87 419
87 447
88 162
88 193
88 317
88 451
89 143
89 153
89 163
89 183
89 185
89 213
89 319
89 478
90 106
90 143
90 154
90 176
90 183
90 200
90 246
90 250
90 254
90 275
90 276
90 279
90 288
90 300
90 341
90 342
90 440
90 466
91 103
91 158
91 219
91 283
91 382
91 407
91 421
91 454
91 501
92 112
92 182
92 203
92 224
92 226
92 262
92 286
92 330
92 346
92 389
92 395
93 104
93 114
93 117
93 146
93 240
93 450
93 458
94 98
94 120
94 157
94 287
94 344
94 416
95 100
95 119
95 129
95 164
95 200
95 228
95 234
95 235
95 359
95 426
95 451
95 479
96 125
96 154
96 159
96 196
96 238
96 253
96 333
96 347
96 391
97 127
97 142
97 155
97 306
97 323
97 421
97 467
97 479
98 136
98 168
98 207
98 311
98 453
98 474
99 112
99 124
99 138
99 151
99 166
99 230
99 280
99 294
99 359
99 403
99 408
99 412
99 447
99 464
99 504
100 315
100 322
100 349
100 389
101 205
101 237
101 250
101 357
101 460
102 173
102 175
102 187
102 192
102 292
102 379
102 396
102 411
102 464
103 175
103 218
103 250
103 323
103 408
103 438
104 109
104 115
104 306
104 335
104 367
104 402
104 449
104 464
105 128
105 153
105 197
105 276
105 378
105 389
106 161
106 182
106 195
106 201
106 226
106 228
106 259
106 267
106 323
106 326
106 354
106 396
106 445
106 468
106 471
106 482
106 488
107 134
107 247
107 277
107 286
107 409
108 109
108 153
108 253
108 266
108 289
108 294
108 298
108 313
108 388
108 511
109 131
109 187
109 205
109 270
109 275
109 276
109 343
109 457
110 145
110 271
110 340
110 456
110 469
111 125
111 221
111 224
111 272
111 328
111 341
112 125
112 129
112 223
112 228
112 372
112 476
112 492
113 234
113 486
114 127
114 156
114 237
114 367
114 401
114 404
114 419
115 132
115 143
115 258
115 301
115 350
115 418
115 445
115 479
115 508
116 123
116 149
116 247
116 272
116 302
116 326
116 345
116 420
116 468
117 126
117 142
117 149
117 152
117 171
117 184
117 192
117 282
117 298
117 320
117 325
117 360
117 392
117 393
117 415
117 419
117 442
117 455
117 462
118 154
118 157
118 185
118 193
118 229
118 284
118 302
118 349
118 357
118 378
118 405
118 451
118 457
118 485
119 139
119 203
119 255
119 348
119 422
120 271
120 310
120 364
120 382
120 443
120 467
121 122
121 129
121 139
121 145
121 169
121 188
121 235
121 242
121 277
121 292
121 294
121 345
121 419
121 475
122 168
122 222
122 281
122 307
122 313
122 342
122 344
122 373
122 411
122 466
123 139
123 154
123 279
123 352
123 421
123 422
123 466
123 473
124 178
124 179
124 181
124 199
124 303
124 332
124 401
124 406
124 438
125 170
125 198
125 225
125 268
125 356
125 406
125 436
126 138
126 182
126 192
126 228
126 257
126 391
126 397
126 407
126 442
126 458
126 479
126 484
127 130
127 155
127 190
127 201
127 232
128 156
128 160
128 233
128 235
128 486
129 132
129 159
129 176
129 202
129 291
129 307
129 351
129 373
129 404
129 450
129 454
129 470
129 475
130 208
130 218
130 260
130 318
131 132
131 142
131 146
131 150
131 188
131 196
131 245
131 270
131 474
131 506
132 144
132 147
132 150
132 173
132 205
132 212
132 223
132 233
132 255
132 269
132 304
132 414
132 428
132 433
133 140
133 161
133 252
133 361
133 396
133 405
133 410
133 425
133 435
134 470
135 207
135 217
135 240
135 272
135 293
135 300
135 332
135 362
135 433
135 440
135 492
136 170
136 174
136 175
136 206
136 208
136 246
136 303
136 318
136 324
136 333
136 378
136 454
137 142
137 163
137 239
137 316
137 364
137 410
138 141
138 147
138 172
138 178
138 241
138 382
138 465
139 147
139 155
139 268
139 295
139 379
139 453
139 501
139 511
140 151
140 164
140 179
140 209
140 255
140 260
140 393
140 473
140 480
140 486
140 508
141 149
141 152
141 212
141 257
141 270
141 275
141 301
141 359
141 381
141 389
141 403
141 412
141 426
141 440
141 445
141 459
141 463
141 474
141 481
141 501
142 195
142 282
143 153
143 239
143 245
143 258
144 175
144 177
144 256
144 400
144 504
145 160
145 191
145 222
145 229
145 244
145 259
145 366
145 378
145 455
146 163
146 207
146 215
146 239
146 266
146 298
146 369
147 176
147 234
147 237
147 292
147 296
147 329
147 332
147 347
147 457
147 469
147 472
148 151
148 161
148 208
148 269
148 360
148 377
148 462
149 211
149 215
149 239
149 275
149 285
149 295
149 322
149 330
149 353
149 362
149 381
149 430
149 448
149 468
149 479
150 248
150 283
150 344
150 400
151 188
151 250
151 343
152 169
152 184
152 186
152 253
152 275
152 307
152 358
152 374
152 412
152 422
152 445
153 220
153 312
153 342
153 430
154 155
154 195
154 215
154 225
154 241
154 244
154 273
154 278
154 279
154 293
154 312
154 315
154 364
154 403
154 432
154 451
155 201
155 210
155 219
155 220
155 247
155 292
155 313
155 352
155 440
155 490
156 159
156 312
156 321
157 172
157 191
157 297
157 300
157 301
157 321
157 337
157 346
157 359
157 399
157 433
157 436
157 460
158 165
158 176
158 186
158 187
158 435
158 442
158 478
159 160
159 182
159 184
159 189
159 195
159 247
159 297
159 473
159 502
160 187
160 280
160 305
160 323
160 353
161 188
161 194
161 245
161 362
161 390
161 457
162 179
162 433
162 462
162 475
163 286
163 339
163 443
164 183
164 202
164 209
164 241
164 276
164 312
164 372
164 487
165 302
165 385
165 490
166 187
166 211
166 213
166 234
166 272
166 324
166 426
166 497
166 505
168 171
168 370
168 383
168 476
169 171
169 189
169 198
169 225
169 300
169 314
169 448
169 499
170 334
170 416
171 230
171 398
172 184
172 193
172 212
172 303
172 325
172 328
172 364
172 434
173 355
173 419
173 456
173 460
173 461
174 251
174 299
174 305
174 331
174 405
174 483
174 507
175 220
175 237
175 249
175 267
175 284
175 321
175 337
175 361
176 320
176 328
176 357
176 400
177 211
177 251
177 266
177 293
177 297
177 485
177 497
177 498
178 206
178 215
178 334
178 348
178 370
179 203
179 321
179 334
179 400
179 455
180 228
180 233
180 289
180 336
180 368
180 410
180 428
181 199
181 310
181 444
181 483
181 508
182 189
182 197
182 222
182 321
182 348
182 402
183 237
183 243
183 263
183 268
183 311
183 327
183 346
183 352
183 377
183 502
184 409
185 205
185 422
185 457
185 507
186 262
186 349
187 197
187 235
187 266
187 365
187 441
188 204
188 218
188 298
188 333
188 380
188 397
188 411
188 430
189 196
189 210
189 261
189 331
189 359
189 383
189 406
190 475
191 350
191 365
191 402
191 502
192 272
192 290
192 351
192 416
192 486
193 249
193 368
193 375
193 405
193 424
193 498
194 236
194 408
195 239
195 247
195 370
195 391
195 410
196 219
196 262
196 286
196 362
196 438
197 211
197 215
197 254
197 300
197 323
197 367
197 477
197 494
198 314
198 409
199 238
199 273
199 292
199 322
200 314
200 405
200 464
201 361
201 502
202 404
203 244
203 377
204 243
204 348
204 363
204 368
204 386
204 406
205 208
205 339
205 390
206 277
206 341
206 355
206 459
206 491
207 371
208 224
208 265
208 369
208 373
208 458
208 506
209 293
209 361
209 437
209 468
210 316
210 387
210 482
211 260
211 282
211 287
211 290
211 326
211 345
211 390
211 508
212 310
212 353
212 360
212 414
212 485
213 356
214 227
214 383
214 497
215 274
215 302
215 323
215 340
215 407
215 484
216 260
216 263
216 335
216 383
216 404
217 243
217 249
217 266
217 285
217 296
217 356
217 477
218 224
218 243
218 326
218 345
218 370
219 253
219 427
220 390
223 248
223 284
223 337
223 363
223 389
223 482
225 232
225 258
225 281
225 290
225 357
225 465
226 430
227 257
227 463
228 329
228 354
229 233
229 248
229 330
229 352
229 417
229 438
229 460
230 241
230 316
230 350
230 365
230 368
230 508
232 239
232 445
232 461
232 474
233 251
233 295
233 296
233 306
233 425
233 455
234 262
234 264
234 401
234 444
235 236
235 304
235 349
235 431
236 265
236 325
236 349
236 377
236 469
237 270
237 318
238 362
238 412
238 467
239 381
239 390
239 403
240 297
240 321
240 339
240 487
240 488
241 322
241 441
242 302
242 507
243 274
243 374
243 488
244 261
244 306
244 343
244 346
244 458
244 468
245 326
245 478
246 264
246 351
247 354
247 432
247 449
247 478
248 271
248 289
248 290
248 292
248 338
248 347
248 353
248 356
249 424
250 254
251 450
252 459
253 313
253 471
253 472
253 489
254 279
254 332
254 362
254 371
254 459
254 492
255 313
255 394
255 472
256 269
256 317
256 414
257 265
258 273
258 278
258 293
259 481
259 505
260 269
260 304
260 409
261 264
261 295
261 343
261 386
261 483
262 439
262 507
263 406
263 480
263 484
264 444
264 469
264 473
264 497
265 279
265 452
265 458
266 308
266 345
266 401
266 468
268 333
268 366
268 398
268 447
269 353
269 435
269 472
269 495
270 336
271 505
271 510
272 286
272 319
272 328
272 411
272 421
272 503
273 363
273 458
273 511
274 301
274 324
274 372
274 377
274 485
275 400
275 503
276 424
276 500
277 457
278 305
278 389
278 409
278 453
278 497
279 286
279 348
279 356
279 377
279 459
280 291
280 510
281 422
283 307
283 310
283 318
283 385
283 445
284 287
284 393
284 487
285 330
285 356
285 386
286 299
286 358
287 399
288 355
288 396
288 463
288 494
289 337
289 359
289 427
289 455
290 308
290 427
291 511
292 447
293 452
294 369
294 405
294 505
295 353
295 440
295 508
298 314
298 320
298 324
298 463
298 506
299 449
299 493
300 313
300 318
300 340
300 351
300 358
302 322
302 355
302 405
303 324
303 407
304 476
305 390
305 450
305 456
307 322
307 324
307 391
307 472
307 473
308 341
308 350
308 446
310 415
310 452
310 455
310 467
312 342
312 506
313 322
313 418
313 470
314 462
314 479
315 325
315 492
316 421
317 380
317 422
318 349
318 481
319 435
319 498
320 350
320 429
321 342
323 347
323 430
323 436
324 392
324 405
325 371
325 388
325 466
325 470
326 423
326 487
327 470
327 489
328 354
329 344
329 480
331 400
331 470
332 381
333 459
333 479
334 388
334 406
336 368
336 502
337 338
337 442
338 395
339 398
341 373
341 427
341 448
342 411
342 429
343 398
343 423
344 373
345 434
346 358
346 424
348 363
348 438
348 488
349 367
351 372
351 375
351 382
351 384
351 411
353 399
353 409
353 486
354 385
354 410
354 462
355 362
355 396
357 375
358 500
359 365
359 460
361 402
361 427
363 366
364 415
365 371
365 377
366 451
367 465
367 507
368 395
369 484
371 372
371 383
371 484
373 456
374 453
376 387
376 454
377 403
377 493
378 447
380 503
382 458
383 455
385 407
385 421
386 426
386 454
387 490
389 480
390 453
394 469
395 447
395 481
395 490
396 461
397 412
397 445
399 420
401 428
402 412
402 421
402 439
402 503
404 477
405 432
406 462
406 491
409 419
411 437
411 485
416 503
418 499
419 460
419 506
422 476
423 425
423 467
423 510
424 458
424 502
425 441
425 448
425 486
428 449
428 495
430 499
431 434
432 493
435 504
437 438
437 442
437 493
438 464
439 489
440 460
441 495
442 463
447 507
448 470
451 510
452 471
455 476
457 496
462 499
469 496
471 488
472 501
476 495
480 507
484 511
490 506
494 500
504 511
