0 11
0 12
0 15
0 16
0 17
0 19
0 20
0 21
0 23
0 26
0 29
0 33
0 34
0 42
0 44
0 48
0 50
0 66
0 77
0 83
0 95
0 101
0 106
0 111
0 119
0 162
0 170
0 173
0 190
0 216
0 236
0 240
0 245
0 273
0 277
0 279
0 281
0 288
0 290
0 291
0 309
0 313
0 317
0 321
0 347
0 356
0 372
0 381
0 402
0 437
0 444
0 456
0 469
0 470
0 496
0 516
0 519
0 536
0 542
0 616
0 638
0 670
0 687
0 794
0 813
0 847
0 920
0 925
0 935
0 940
0 956
0 1000
0 1005
1 10
1 11
1 12
1 13
1 14
1 15
1 16
1 17
1 19
1 20
1 22
1 23
1 27
1 34
1 41
1 46
1 47
1 55
1 59
1 84
1 86
1 91
1 119
1 130
1 140
1 144
1 165
1 166
1 199
1 200
1 203
1 208
1 212
1 221
1 239
1 262
1 306
1 320
1 329
1 349
1 364
1 404
1 526
1 552
1 584
1 609
1 612
1 629
1 709
1 723
1 757
1 797
1 830
1 839
1 874
1 919
1 934
1 985
1 992
1 1007
2 10
2 11
2 14
2 16
2 35
2 46
2 51
2 53
2 99
2 123
2 149
2 163
2 166
2 189
2 190
2 192
2 228
2 265
2 291
2 293
2 300
2 305
2 310
2 412
2 433
2 475
2 522
2 557
2 638
2 642
2 698
2 704
2 761
2 983
2 1007
3 11
3 12
3 13
3 18
3 25
3 57
3 172
3 261
3 272
3 475
3 611
3 621
3 912
3 981
4 10
4 11
4 12
4 13
4 14
4 15
4 18
4 19
4 21
4 24
4 30
4 40
4 62
4 76
4 79
4 106
4 112
4 116
4 125
4 176
4 182
4 193
4 198
4 226
4 228
4 257
4 262
4 292
4 301
4 321
4 355
4 392
4 396
4 439
4 479
4 481
4 489
4 491
4 493
4 539
4 553
4 556
4 576
4 612
4 622
4 626
4 647
4 656
4 659
4 673
4 676
4 684
4 762
4 822
4 831
4 864
4 882
4 988
5 10
5 11
5 12
5 13
5 14
5 19
5 23
5 24
5 32
5 34
5 39
5 40
5 42
5 45
5 62
5 64
5 69
5 74
5 90
5 94
5 118
5 131
5 133
5 141
5 150
5 155
5 157
5 179
5 188
5 202
5 208
5 216
5 234
5 257
5 273
5 281
5 283
5 310
5 327
5 364
5 371
5 379
5 405
5 452
5 475
5 513
5 530
5 560
5 583
5 598
5 646
5 657
5 663
5 709
5 781
5 867
5 907
5 912
5 989
5 991
5 1003
6 10
6 12
6 13
6 14
6 18
6 20
6 23
6 24
6 32
6 34
6 50
6 51
6 55
6 57
6 64
6 69
6 73
6 107
6 120
6 133
6 141
6 148
6 152
6 163
6 199
6 217
6 261
6 272
6 283
6 299
6 300
6 326
6 331
6 350
6 364
6 373
6 420
6 429
6 446
6 474
6 475
6 483
6 527
6 556
6 559
6 583
6 601
6 615
6 634
6 650
6 671
6 760
6 812
6 828
6 846
6 858
6 872
6 885
6 916
6 958
6 977
6 1012
7 10
7 11
7 13
7 14
7 15
7 16
7 18
7 20
7 22
7 23
7 25
7 28
7 33
7 37
7 41
7 44
7 45
7 47
7 48
7 52
7 57
7 59
7 60
7 62
7 63
7 76
7 82
7 85
7 118
7 123
7 137
7 157
7 167
7 171
7 172
7 183
7 187
7 191
7 243
7 247
7 252
7 267
7 278
7 302
7 307
7 333
7 362
7 389
7 418
7 421
7 484
7 497
7 562
7 567
7 576
7 581
7 587
7 598
7 603
7 635
7 668
7 696
7 719
7 730
7 782
7 788
7 882
7 913
7 941
7 971
7 972
7 979
7 991
7 1009
8 10
8 18
8 19
8 39
8 72
8 89
8 115
8 201
8 244
8 247
8 263
8 313
8 324
8 464
9 11
9 19
9 22
9 23
9 26
9 28
9 37
9 38
9 41
9 43
9 44
9 52
9 54
9 58
9 61
9 67
9 91
9 106
9 110
9 123
9 127
9 135
9 148
9 210
9 214
9 236
9 247
9 249
9 252
9 259
9 298
9 318
9 345
9 355
9 356
9 383
9 405
9 408
9 435
9 454
9 465
9 468
9 479
9 489
9 498
9 510
9 515
9 517
9 535
9 569
9 608
9 609
9 620
9 645
9 651
9 656
9 657
9 659
9 753
9 785
9 794
9 827
9 850
9 920
9 936
9 955
9 973
9 974
9 1004
10 11
10 12
10 13
10 14
10 15
10 17
10 18
10 19
10 20
10 21
10 22
10 23
10 25
10 30
10 35
10 37
10 39
10 40
10 41
10 46
10 47
10 50
10 54
10 58
10 61
10 62
10 65
10 67
10 72
10 74
10 78
10 79
10 81
10 83
10 85
10 88
10 89
10 90
10 91
10 97
10 101
10 102
10 103
10 113
10 115
10 117
10 125
10 130
10 133
10 136
10 138
10 146
10 151
10 156
10 157
10 159
10 171
10 185
10 193
10 195
10 198
10 212
10 218
10 224
10 226
10 227
10 231
10 241
10 247
10 254
10 255
10 268
10 271
10 276
10 283
10 285
10 298
10 303
10 305
10 308
10 316
10 332
10 334
10 336
10 345
10 367
10 373
10 386
10 395
10 400
10 412
10 419
10 424
10 435
10 436
10 468
10 469
10 492
10 495
10 507
10 511
10 555
10 559
10 565
10 574
10 582
10 590
10 601
10 617
10 619
10 629
10 634
10 635
10 637
10 644
10 654
10 662
10 664
10 665
10 679
10 702
10 708
10 712
10 727
10 728
10 736
10 738
10 746
10 777
10 778
10 796
10 807
10 823
10 853
10 870
10 891
10 903
10 905
10 922
10 925
10 937
10 939
10 943
10 956
10 957
10 981
11 12
11 13
11 14
11 17
11 21
11 26
11 27
11 33
11 34
11 37
11 40
11 46
11 58
11 60
11 62
11 67
11 68
11 72
11 76
11 78
11 90
11 94
11 111
11 114
11 117
11 119
11 128
11 131
11 136
11 137
11 144
11 145
11 146
11 159
11 169
11 185
11 187
11 212
11 225
11 227
11 237
11 242
11 249
11 251
11 261
11 263
11 265
11 283
11 289
11 293
11 310
11 314
11 359
11 360
11 377
11 378
11 379
11 399
11 429
11 456
11 477
11 478
11 482
11 508
11 513
11 526
11 584
11 591
11 653
11 662
11 700
11 711
11 719
11 726
11 741
11 743
11 757
11 780
11 788
11 798
11 799
11 808
11 837
11 889
11 890
11 900
11 902
11 917
11 933
11 947
11 953
11 992
11 1001
11 1004
11 1005
11 1023
12 13
12 14
12 15
12 25
12 28
12 30
12 32
12 37
12 40
12 42
12 45
12 49
12 53
12 54
12 63
12 65
12 69
12 71
12 79
12 88
12 99
12 107
12 114
12 123
12 126
12 129
12 131
12 133
12 137
12 142
12 147
12 150
12 157
12 162
12 169
12 198
12 214
12 217
12 230
12 239
12 257
12 264
12 274
12 281
12 295
12 302
12 304
12 307
12 318
12 346
12 366
12 387
12 390
12 400
12 403
12 416
12 448
12 455
12 460
12 461
12 464
12 466
12 467
12 489
12 498
12 509
12 519
12 540
12 577
12 592
12 614
12 644
12 677
12 716
12 775
12 783
12 784
12 845
12 858
12 862
12 873
12 883
12 928
12 957
12 997
13 14
13 15
13 16
13 17
13 19
13 20
13 21
13 22
13 23
13 24
13 25
13 29
13 31
13 35
13 36
13 38
13 39
13 46
13 50
13 51
13 53
13 56
13 59
13 61
13 64
13 71
13 73
13 83
13 87
13 96
13 99
13 102
13 113
13 122
13 126
13 132
13 135
13 144
13 153
13 161
13 173
13 180
13 195
13 197
13 198
13 223
13 230
13 231
13 239
13 245
13 247
13 261
13 265
13 268
13 270
13 277
13 284
13 288
13 303
13 305
13 308
13 314
13 344
13 363
13 399
13 401
13 402
13 411
13 417
13 425
13 431
13 488
13 491
13 496
13 498
13 510
13 516
13 551
13 568
13 624
13 630
13 639
13 640
13 645
13 660
13 701
13 726
13 736
13 739
13 762
13 765
13 793
13 801
13 853
13 866
13 941
13 953
13 959
13 975
13 1019
14 15
14 18
14 20
14 21
14 24
14 30
14 36
14 38
14 42
14 44
14 51
14 59
14 60
14 62
14 65
14 68
14 72
14 78
14 83
14 84
14 111
14 123
14 127
14 138
14 143
14 160
14 164
14 170
14 174
14 183
14 187
14 188
14 197
14 209
14 219
14 236
14 237
14 248
14 292
14 293
14 295
14 364
14 416
14 417
14 425
14 428
14 441
14 447
14 498
14 502
14 503
14 517
14 522
14 550
14 648
14 651
14 654
14 658
14 674
14 677
14 684
14 696
14 730
14 736
14 737
14 751
14 755
14 820
14 869
14 876
14 889
14 901
14 937
14 944
14 1008
14 1012
14 1015
14 1016
15 16
15 17
15 22
15 31
15 32
15 33
15 38
15 40
15 41
15 44
15 45
15 51
15 52
15 64
15 72
15 73
15 80
15 87
15 96
15 100
15 102
15 109
15 139
15 154
15 158
15 175
15 179
15 181
15 191
15 197
15 202
15 210
15 213
15 225
15 230
15 256
15 270
15 277
15 284
15 301
15 313
15 322
15 329
15 369
15 371
15 385
15 393
15 467
15 472
15 473
15 487
15 529
15 531
15 559
15 586
15 589
15 612
15 649
15 660
15 674
15 686
15 696
15 736
15 761
15 795
15 842
15 848
15 863
15 890
15 905
15 928
15 953
15 990
15 1001
15 1007
15 1009
16 18
16 19
16 22
16 29
16 32
16 36
16 38
16 41
16 60
16 69
16 73
16 75
16 77
16 83
16 108
16 120
16 128
16 131
16 136
16 139
16 156
16 159
16 165
16 172
16 210
16 230
16 269
16 276
16 280
16 294
16 301
16 324
16 328
16 358
16 381
16 387
16 425
16 473
16 499
16 602
16 609
16 701
16 805
16 931
16 934
16 974
16 1013
17 21
17 22
17 24
17 26
17 28
17 30
17 31
17 34
17 36
17 39
17 40
17 45
17 46
17 52
17 54
17 56
17 64
17 70
17 78
17 85
17 96
17 101
17 103
17 104
17 106
17 110
17 121
17 128
17 131
17 134
17 141
17 142
17 149
17 157
17 159
17 160
17 162
17 175
17 176
17 181
17 186
17 195
17 202
17 217
17 231
17 233
17 238
17 241
17 250
17 302
17 303
17 311
17 319
17 331
17 340
17 347
17 348
17 351
17 361
17 363
17 366
17 378
17 379
17 380
17 383
17 398
17 417
17 455
17 457
17 466
17 478
17 507
17 543
17 558
17 605
17 607
17 620
17 621
17 624
17 649
17 670
17 687
17 701
17 706
17 708
17 734
17 767
17 782
17 800
17 806
17 817
17 834
17 852
17 858
17 872
17 879
17 895
17 896
17 898
17 906
17 941
17 962
17 1020
17 1021
18 23
18 24
18 27
18 28
18 31
18 36
18 41
18 48
18 49
18 50
18 52
18 61
18 70
18 86
18 121
18 130
18 148
18 151
18 173
18 190
18 208
18 211
18 228
18 231
18 232
18 248
18 255
18 258
18 290
18 309
18 317
18 350
18 359
18 377
18 381
18 385
18 396
18 435
18 441
18 456
18 564
18 595
18 596
18 616
18 688
18 693
18 762
18 817
18 821
18 830
18 842
18 895
18 918
18 939
18 982
18 984
18 1009
19 20
19 21
19 22
19 27
19 29
19 31
19 33
19 35
19 37
19 42
19 44
19 46
19 47
19 49
19 51
19 55
19 56
19 58
19 63
19 64
19 69
19 70
19 72
19 82
19 86
19 87
19 97
19 99
19 103
19 106
19 107
19 113
19 118
19 119
19 122
19 124
19 127
19 140
19 144
19 154
19 163
19 174
19 182
19 189
19 203
19 222
19 225
19 230
19 231
19 232
19 252
19 265
19 270
19 274
19 289
19 299
19 306
19 311
19 337
19 340
19 342
19 348
19 350
19 355
19 367
19 373
19 395
19 420
19 440
19 444
19 471
19 506
19 507
19 576
19 583
19 591
19 594
19 614
19 617
19 618
19 649
19 657
19 666
19 668
19 678
19 680
19 681
19 685
19 689
19 694
19 701
19 711
19 766
19 770
19 775
19 776
19 781
19 801
19 811
19 837
19 857
19 860
19 874
19 892
19 909
19 911
19 918
19 938
19 950
19 975
19 1008
19 1012
19 1017
20 21
20 24
20 26
20 28
20 30
20 33
20 38
20 40
20 47
20 54
20 57
20 58
20 59
20 71
20 74
20 83
20 88
20 95
20 97
20 98
20 128
20 137
20 139
20 148
20 154
20 164
20 168
20 186
20 187
20 200
20 203
20 205
20 207
20 219
20 225
20 228
20 232
20 265
20 287
20 299
20 301
20 317
20 322
20 325
20 326
20 330
20 332
20 358
20 370
20 374
20 376
20 380
20 390
20 410
20 440
20 452
20 458
20 491
20 512
20 513
20 514
20 545
20 559
20 593
20 610
20 617
20 636
20 650
20 673
20 686
20 743
20 747
20 756
20 757
20 785
20 826
20 846
20 853
20 860
20 888
20 893
20 900
20 923
20 940
20 968
20 979
20 986
21 25
21 34
21 49
21 50
21 51
21 52
21 57
21 67
21 71
21 73
21 80
21 85
21 87
21 93
21 95
21 99
21 124
21 131
21 149
21 156
21 166
21 180
21 217
21 246
21 251
21 260
21 261
21 264
21 267
21 300
21 318
21 319
21 328
21 347
21 372
21 373
21 383
21 393
21 417
21 436
21 453
21 465
21 491
21 492
21 495
21 510
21 515
21 537
21 539
21 542
21 545
21 629
21 683
21 718
21 748
21 781
21 814
21 850
21 869
21 875
21 883
21 890
21 895
21 917
21 937
21 990
22 23
22 24
22 26
22 27
22 30
22 37
22 39
22 40
22 42
22 43
22 45
22 55
22 66
22 71
22 82
22 105
22 108
22 120
22 158
22 168
22 170
22 176
22 178
22 194
22 196
22 214
22 217
22 250
22 264
22 268
22 296
22 319
22 328
22 342
22 343
22 345
22 351
22 353
22 364
22 381
22 464
22 486
22 553
22 565
22 594
22 611
22 633
22 663
22 680
22 720
22 722
22 776
22 820
22 837
22 851
22 863
22 878
22 891
22 905
22 917
22 923
22 1013
23 25
23 28
23 31
23 38
23 39
23 40
23 43
23 49
23 69
23 84
23 85
23 86
23 93
23 110
23 116
23 122
23 127
23 140
23 146
23 158
23 162
23 192
23 213
23 215
23 220
23 239
23 245
23 259
23 279
23 312
23 321
23 328
23 329
23 333
23 370
23 382
23 391
23 436
23 468
23 485
23 493
23 511
23 537
23 551
23 573
23 575
23 601
23 618
23 675
23 678
23 692
23 724
23 786
23 809
23 864
23 867
23 983
23 1002
23 1005
23 1006
24 26
24 31
24 32
24 33
24 47
24 55
24 56
24 61
24 62
24 68
24 72
24 78
24 91
24 95
24 105
24 118
24 128
24 150
24 152
24 153
24 162
24 166
24 177
24 199
24 213
24 236
24 255
24 256
24 258
24 310
24 318
24 335
24 351
24 381
24 383
24 392
24 404
24 423
24 446
24 456
24 476
24 505
24 524
24 525
24 562
24 578
24 587
24 590
24 597
24 665
24 683
24 749
24 769
24 778
24 813
24 846
24 881
24 967
24 978
24 1011
25 32
25 38
25 53
25 65
25 80
25 82
25 86
25 97
25 100
25 105
25 110
25 115
25 161
25 167
25 206
25 212
25 229
25 240
25 243
25 244
25 246
25 267
25 274
25 293
25 327
25 494
25 528
25 536
25 577
25 591
25 646
25 660
25 665
25 669
25 678
25 711
25 787
25 789
25 801
25 807
25 818
25 820
25 894
25 897
25 915
25 996
25 1008
26 27
26 29
26 30
26 33
26 35
26 45
26 48
26 51
26 61
26 69
26 71
26 72
26 74
26 76
26 78
26 81
26 87
26 101
26 127
26 138
26 139
26 140
26 178
26 182
26 191
26 238
26 255
26 259
26 263
26 278
26 281
26 288
26 297
26 300
26 302
26 314
26 331
26 357
26 368
26 373
26 377
26 422
26 427
26 432
26 459
26 492
26 512
26 566
26 645
26 689
26 723
26 742
26 743
26 749
26 756
26 799
26 827
26 830
26 835
26 865
26 921
26 929
26 932
26 971
26 974
27 28
27 33
27 53
27 57
27 61
27 71
27 78
27 89
27 98
27 104
27 152
27 176
27 182
27 204
27 234
27 269
27 276
27 294
27 295
27 314
27 329
27 335
27 336
27 339
27 344
27 348
27 352
27 374
27 382
27 391
27 408
27 416
27 425
27 427
27 452
27 453
27 463
27 482
27 490
27 497
27 529
27 547
27 584
27 586
27 596
27 599
27 651
27 685
27 705
27 728
27 745
27 817
27 829
27 855
27 865
27 890
27 895
27 904
27 948
27 953
27 966
28 29
28 30
28 39
28 42
28 44
28 46
28 54
28 56
28 58
28 63
28 65
28 78
28 79
28 82
28 88
28 95
28 108
28 111
28 119
28 124
28 136
28 145
28 151
28 152
28 157
28 160
28 173
28 187
28 198
28 199
28 207
28 210
28 213
28 218
28 219
28 223
28 224
28 226
28 243
28 256
28 260
28 273
28 284
28 301
28 305
28 306
28 313
28 319
28 320
28 325
28 348
28 361
28 373
28 393
28 403
28 430
28 466
28 483
28 550
28 552
28 556
28 557
28 566
28 569
28 579
28 587
28 588
28 591
28 606
28 613
28 623
28 626
28 628
28 642
28 646
28 658
28 661
28 663
28 675
28 681
28 699
28 702
28 716
28 759
28 791
28 814
28 815
28 834
28 835
28 859
28 861
28 895
28 899
28 915
28 934
28 946
28 972
28 988
28 998
28 999
29 32
29 52
29 70
29 103
29 113
29 119
29 121
29 169
29 190
29 195
29 233
29 272
29 293
29 305
29 315
29 325
29 349
29 386
29 422
29 428
29 449
29 461
29 475
29 489
29 500
29 531
29 549
29 610
29 618
29 631
29 682
29 712
29 724
29 732
29 746
29 819
29 888
29 891
29 914
29 922
29 928
29 960
29 1023
30 32
30 34
30 46
30 50
30 58
30 61
30 62
30 73
30 76
30 81
30 83
30 90
30 94
30 95
30 105
30 110
30 111
30 114
30 116
30 118
30 123
30 135
30 138
30 166
30 173
30 174
30 191
30 207
30 239
30 243
30 248
30 264
30 272
30 299
30 306
30 309
30 380
30 384
30 391
30 398
30 414
30 436
30 452
30 474
30 503
30 509
30 511
30 513
30 569
30 578
30 607
30 626
30 650
30 654
30 671
30 674
30 695
30 713
30 725
30 740
30 770
30 790
30 804
30 805
30 818
30 824
30 826
30 872
30 876
30 886
30 942
30 962
30 980
30 982
30 1014
31 35
31 42
31 52
31 54
31 56
31 69
31 73
31 80
31 94
31 96
31 102
31 113
31 125
31 133
31 147
31 158
31 163
31 178
31 217
31 224
31 232
31 243
31 258
31 261
31 283
31 287
31 296
31 369
31 389
31 391
31 431
31 447
31 469
31 494
31 536
31 556
31 560
31 563
31 593
31 658
31 659
31 690
31 714
31 726
31 738
31 744
31 769
31 782
31 807
31 808
31 845
31 878
31 908
31 936
31 938
31 968
31 1011
32 34
32 35
32 44
32 48
32 57
32 81
32 112
32 119
32 170
32 219
32 243
32 248
32 253
32 254
32 263
32 315
32 335
32 351
32 359
32 362
32 424
32 497
32 528
32 574
32 623
32 630
32 645
32 671
32 754
32 852
32 875
32 910
32 945
32 987
33 36
33 38
33 45
33 51
33 56
33 57
33 70
33 95
33 97
33 106
33 109
33 128
33 137
33 145
33 178
33 181
33 183
33 191
33 201
33 204
33 217
33 222
33 231
33 243
33 244
33 266
33 269
33 286
33 291
33 293
33 319
33 332
33 336
33 366
33 375
33 387
33 395
33 396
33 518
33 620
33 624
33 632
33 646
33 672
33 686
33 714
33 730
33 731
33 744
33 758
33 764
33 790
33 801
33 849
33 885
33 899
33 955
33 972
33 975
33 978
33 1008
34 45
34 47
34 50
34 52
34 55
34 60
34 79
34 84
34 94
34 116
34 129
34 146
34 168
34 187
34 197
34 209
34 234
34 301
34 309
34 340
34 344
34 388
34 453
34 467
34 525
34 548
34 596
34 606
34 619
34 630
34 687
34 734
34 738
34 886
35 107
35 115
35 136
35 168
35 174
35 200
35 238
35 241
35 255
35 271
35 307
35 374
35 441
35 466
35 478
35 548
35 588
35 644
35 784
35 793
35 839
35 901
35 930
35 968
35 988
36 53
36 54
36 64
36 78
36 80
36 92
36 93
36 100
36 106
36 114
36 123
36 125
36 139
36 146
36 156
36 183
36 201
36 220
36 232
36 236
36 237
36 250
36 255
36 263
36 285
36 298
36 306
36 311
36 333
36 336
36 364
36 366
36 419
36 448
36 450
36 461
36 467
36 496
36 513
36 546
36 568
36 575
36 643
36 658
36 672
36 789
36 799
36 802
36 836
36 870
36 876
36 941
36 944
36 952
36 991
36 1014
36 1018
37 47
37 59
37 62
37 92
37 122
37 194
37 213
37 269
37 337
37 346
37 392
37 480
37 508
37 537
37 564
37 589
37 641
37 693
37 702
37 709
37 795
37 909
37 952
37 955
37 966
37 976
37 1006
38 47
38 48
38 53
38 65
38 66
38 67
38 84
38 92
38 95
38 112
38 118
38 122
38 146
38 149
38 154
38 185
38 237
38 254
38 271
38 286
38 339
38 363
38 370
38 382
38 411
38 462
38 541
38 553
38 561
38 580
38 590
38 632
38 676
38 776
38 852
38 1017
39 43
39 45
39 51
39 52
39 57
39 75
39 79
39 89
39 102
39 121
39 137
39 161
39 176
39 177
39 178
39 179
39 192
39 197
39 220
39 222
39 241
39 347
39 386
39 431
39 434
39 436
39 449
39 454
39 468
39 480
39 510
39 515
39 539
39 545
39 608
39 628
39 631
39 633
39 661
39 678
39 683
39 689
39 696
39 723
39 732
39 739
39 803
39 810
39 834
39 887
39 914
39 946
39 1003
39 1022
40 124
40 142
40 143
40 168
40 190
40 204
40 235
40 252
40 255
40 288
40 294
40 317
40 355
40 364
40 369
40 384
40 389
40 392
40 460
40 479
40 508
40 519
40 544
40 636
40 690
40 774
40 780
40 827
40 843
40 886
40 924
40 927
40 981
40 1016
41 43
41 70
41 74
41 75
41 77
41 105
41 118
41 127
41 128
41 145
41 156
41 175
41 209
41 282
41 308
41 356
41 366
41 378
41 530
41 546
41 582
41 608
41 660
41 694
41 796
41 837
41 847
41 849
41 857
41 894
41 898
41 970
42 58
42 68
42 105
42 125
42 145
42 146
42 178
42 181
42 184
42 186
42 193
42 203
42 210
42 211
42 216
42 220
42 257
42 260
42 290
42 332
42 354
42 371
42 384
42 395
42 410
42 420
42 455
42 487
42 531
42 538
42 556
42 607
42 672
42 703
42 717
42 754
42 870
42 879
42 886
42 929
42 939
42 973
42 982
42 990
42 1011
43 49
43 54
43 56
43 110
43 157
43 162
43 163
43 178
43 180
43 181
43 202
43 215
43 216
43 218
43 237
43 244
43 251
43 254
43 256
43 268
43 306
43 307
43 318
43 334
43 339
43 368
43 386
43 454
43 488
43 521
43 525
43 576
43 588
43 589
43 595
43 631
43 641
43 643
43 733
43 753
43 760
43 782
43 787
43 856
43 878
43 907
43 924
43 937
43 957
44 65
44 94
44 164
44 174
44 177
44 222
44 236
44 272
44 312
44 359
44 367
44 403
44 409
44 417
44 426
44 441
44 453
44 494
44 500
44 523
44 598
44 653
44 716
44 726
44 736
44 822
44 851
44 873
44 894
44 895
44 906
44 938
44 956
44 994
45 84
45 112
45 120
45 121
45 127
45 150
45 228
45 247
45 265
45 282
45 284
45 293
45 326
45 368
45 387
45 405
45 439
45 462
45 503
45 517
45 604
45 619
45 680
45 710
45 787
45 788
45 793
45 834
45 852
45 920
45 997
46 49
46 80
46 88
46 89
46 107
46 145
46 158
46 187
46 194
46 201
46 251
46 268
46 275
46 286
46 314
46 356
46 365
46 474
46 538
46 576
46 621
46 705
46 709
46 784
46 796
46 834
46 890
46 902
47 53
47 55
47 68
47 81
47 90
47 107
47 108
47 116
47 132
47 200
47 206
47 220
47 228
47 238
47 246
47 247
47 284
47 319
47 324
47 360
47 400
47 418
47 429
47 440
47 444
47 452
47 458
47 495
47 496
47 512
47 538
47 545
47 560
47 575
47 582
47 597
47 618
47 669
47 685
47 689
47 705
47 708
47 710
47 803
47 815
47 844
48 49
48 58
48 60
48 72
48 79
48 84
48 98
48 109
48 115
48 120
48 121
48 122
48 133
48 137
48 146
48 153
48 162
48 168
48 173
48 174
48 217
48 233
48 234
48 242
48 273
48 297
48 367
48 375
48 387
48 425
48 440
48 447
48 453
48 473
48 490
48 493
48 510
48 529
48 545
48 554
48 562
48 584
48 600
48 604
48 638
48 648
48 656
48 674
48 721
48 740
48 742
48 763
48 873
48 886
48 906
48 940
48 943
48 971
48 985
49 105
49 117
49 210
49 246
49 262
49 341
49 454
49 480
49 544
49 557
49 561
49 563
49 697
49 727
49 770
49 788
49 860
49 888
49 990
50 55
50 61
50 63
50 86
50 88
50 143
50 149
50 151
50 152
50 155
50 164
50 196
50 336
50 346
50 360
50 453
50 463
50 470
50 487
50 546
50 609
50 694
50 704
50 719
50 734
50 739
50 748
50 783
50 794
50 837
50 856
50 929
50 933
51 59
51 63
51 82
51 85
51 86
51 93
51 95
51 116
51 117
51 120
51 148
51 168
51 184
51 190
51 212
51 259
51 302
51 324
51 330
51 353
51 411
51 432
51 442
51 455
51 610
51 615
51 734
51 856
51 923
51 993
51 997
52 69
52 70
52 75
52 80
52 84
52 85
52 93
52 98
52 109
52 114
52 117
52 119
52 140
52 149
52 160
52 165
52 201
52 264
52 271
52 279
52 280
52 299
52 379
52 409
52 417
52 420
52 448
52 516
52 522
52 715
52 876
52 919
52 966
52 977
53 54
53 64
53 97
53 136
53 140
53 151
53 266
53 310
53 328
53 344
53 405
53 642
53 689
53 708
53 765
53 870
53 896
53 1007
53 1020
54 55
54 60
54 70
54 96
54 101
54 105
54 134
54 153
54 173
54 204
54 218
54 240
54 263
54 301
54 321
54 336
54 345
54 346
54 367
54 378
54 405
54 422
54 464
54 498
54 627
54 647
54 664
54 731
54 779
54 792
54 802
55 56
55 63
55 68
55 82
55 88
55 89
55 115
55 122
55 129
55 139
55 197
55 205
55 207
55 252
55 287
55 334
55 352
55 362
55 439
55 471
55 596
55 623
55 670
55 694
55 713
55 721
55 889
55 988
56 79
56 83
56 98
56 101
56 104
56 145
56 205
56 313
56 336
56 344
56 377
56 414
56 516
56 521
56 523
56 618
56 751
56 773
56 795
56 980
56 1008
56 1019
57 64
57 89
57 112
57 161
57 179
57 182
57 246
57 250
57 272
57 315
57 332
57 350
57 360
57 418
57 420
57 428
57 462
57 475
57 476
57 478
57 549
57 572
57 592
57 611
57 619
57 628
57 740
57 742
57 791
57 867
57 887
57 905
57 910
57 915
57 935
57 952
57 981
58 59
58 66
58 86
58 94
58 98
58 117
58 129
58 138
58 170
58 236
58 249
58 266
58 288
58 290
58 314
58 368
58 369
58 376
58 384
58 393
58 413
58 443
58 445
58 479
58 547
58 625
58 717
58 756
58 762
58 885
58 955
58 961
59 60
59 76
59 81
59 142
59 161
59 172
59 180
59 196
59 208
59 246
59 249
59 262
59 267
59 288
59 305
59 315
59 334
59 338
59 353
59 375
59 396
59 400
59 488
59 491
59 544
59 613
59 640
59 732
59 735
59 739
59 794
59 861
59 911
59 995
60 67
60 77
60 109
60 111
60 123
60 126
60 142
60 161
60 164
60 205
60 218
60 230
60 260
60 279
60 318
60 385
60 390
60 422
60 423
60 458
60 509
60 515
60 536
60 555
60 676
60 757
60 808
60 847
60 874
60 893
60 903
60 931
60 1016
61 73
61 75
61 81
61 87
61 91
61 93
61 107
61 125
61 143
61 216
61 238
61 269
61 284
61 292
61 294
61 325
61 361
61 379
61 390
61 394
61 399
61 447
61 514
61 558
61 560
61 641
61 644
61 654
61 689
61 713
61 733
61 746
61 772
61 785
61 833
61 836
61 894
61 949
61 954
61 963
61 970
62 66
62 106
62 147
62 156
62 181
62 211
62 218
62 261
62 263
62 275
62 361
62 433
62 441
62 517
62 524
62 579
62 624
62 685
62 703
62 711
62 770
62 933
62 949
62 950
63 64
63 102
63 116
63 139
63 142
63 197
63 210
63 241
63 264
63 268
63 316
63 366
63 433
63 480
63 547
63 604
63 691
63 778
63 877
63 987
64 66
64 84
64 87
64 124
64 138
64 153
64 163
64 171
64 192
64 225
64 233
64 236
64 241
64 251
64 259
64 271
64 298
64 337
64 371
64 427
64 431
64 435
64 438
64 497
64 499
64 503
64 513
64 529
64 545
64 573
64 597
64 665
64 688
64 702
64 707
64 711
64 816
64 887
64 903
64 971
64 977
65 81
65 91
65 93
65 99
65 100
65 146
65 147
65 155
65 161
65 169
65 230
65 233
65 256
65 291
65 312
65 317
65 336
65 347
65 364
65 365
65 413
65 424
65 441
65 480
65 532
65 586
65 591
65 614
65 619
65 625
65 655
65 751
65 768
65 821
65 874
65 881
65 908
65 929
65 956
65 988
66 73
66 111
66 134
66 150
66 206
66 248
66 257
66 290
66 318
66 324
66 373
66 409
66 718
66 753
67 75
67 94
67 129
67 167
67 172
67 211
67 225
67 337
67 363
67 408
67 430
67 607
67 682
67 695
67 825
67 987
67 998
68 104
68 121
68 196
68 216
68 351
68 554
68 868
68 973
68 1012
69 70
69 74
69 115
69 128
69 169
69 211
69 243
69 322
69 351
69 377
69 386
69 404
69 415
69 442
69 455
69 464
69 467
69 492
69 511
69 533
69 720
69 783
69 999
70 89
70 109
70 113
70 128
70 138
70 151
70 153
70 177
70 334
70 368
70 463
70 465
70 490
70 515
70 540
70 693
71 105
71 108
71 110
71 126
71 153
71 216
71 245
71 277
71 346
71 374
71 414
71 425
71 433
71 469
71 530
71 573
71 589
71 647
71 699
71 774
71 810
71 863
71 939
71 1022
72 109
72 142
72 204
72 245
72 278
72 355
72 402
72 413
72 506
72 533
72 721
72 759
72 808
72 823
72 877
72 905
72 908
72 961
72 1010
73 90
73 103
73 116
73 124
73 179
73 274
73 382
73 389
73 407
73 487
73 489
73 567
73 615
73 789
73 919
74 79
74 90
74 101
74 129
74 130
74 211
74 257
74 381
74 394
74 404
74 411
74 412
74 461
74 475
74 499
74 534
74 540
74 556
74 568
74 596
74 738
74 819
74 869
74 912
74 921
74 922
74 956
74 994
74 1004
75 85
75 114
75 120
75 149
75 163
75 181
75 209
75 240
75 261
75 267
75 275
75 307
75 391
75 406
75 410
75 499
75 522
75 536
75 607
75 617
75 639
75 650
75 666
75 728
75 745
75 834
75 836
75 939
76 79
76 84
76 88
76 91
76 93
76 96
76 100
76 139
76 183
76 205
76 232
76 292
76 317
76 358
76 419
76 479
76 508
76 537
76 554
76 562
76 563
76 566
76 569
76 647
76 662
76 711
76 750
76 781
76 809
76 812
76 843
76 877
76 908
76 951
76 960
76 969
77 82
77 96
77 100
77 109
77 131
77 170
77 224
77 226
77 259
77 315
77 325
77 330
77 361
77 386
77 401
77 440
77 443
77 444
77 476
77 503
77 525
77 535
77 544
77 547
77 550
77 569
77 578
77 628
77 632
77 641
77 664
77 670
77 672
77 698
77 699
77 701
77 722
77 747
77 752
77 798
77 809
77 835
77 836
77 844
77 846
77 884
77 1005
78 82
78 111
78 126
78 194
78 225
78 248
78 252
78 304
78 337
78 420
78 459
78 521
78 553
78 589
78 607
78 641
78 657
78 697
78 744
78 855
79 87
79 90
79 128
79 206
79 309
79 354
79 431
79 462
79 505
79 611
79 630
79 769
80 82
80 125
80 126
80 133
80 144
80 171
80 200
80 203
80 209
80 229
80 231
80 355
80 357
80 409
80 455
80 497
80 501
80 587
80 595
80 596
80 710
80 745
80 806
80 850
80 897
81 83
81 109
81 112
81 174
81 215
81 221
81 229
81 240
81 267
81 269
81 279
81 290
81 312
81 316
81 332
81 338
81 347
81 446
81 453
81 520
81 526
81 527
81 604
81 758
81 761
81 765
81 787
81 822
81 846
81 866
81 871
81 902
82 103
82 120
82 132
82 147
82 180
82 182
82 183
82 262
82 270
82 285
82 289
82 307
82 319
82 366
82 499
82 534
82 563
82 568
82 570
82 602
82 635
82 653
82 655
82 673
82 710
82 762
82 765
82 794
82 842
82 865
82 880
82 928
82 936
82 947
82 984
83 99
83 155
83 172
83 174
83 188
83 211
83 333
83 350
83 493
83 507
83 508
83 562
83 639
83 733
83 759
83 827
83 842
83 896
83 911
83 914
84 112
84 125
84 137
84 154
84 164
84 181
84 189
84 192
84 246
84 265
84 317
84 352
84 363
84 407
84 450
84 451
84 461
84 465
84 516
84 569
84 651
84 743
84 834
84 910
84 976
84 1001
85 109
85 114
85 123
85 149
85 160
85 172
85 183
85 274
85 283
85 292
85 302
85 328
85 416
85 442
85 457
85 493
85 504
85 552
85 555
85 620
85 666
85 733
85 946
85 976
86 91
86 99
86 110
86 117
86 130
86 171
86 184
86 185
86 195
86 198
86 314
86 333
86 366
86 398
86 399
86 433
86 434
86 488
86 527
86 548
86 572
86 588
86 591
86 775
86 784
86 904
86 927
86 984
87 113
87 134
87 156
87 179
87 260
87 287
87 300
87 356
87 410
87 432
87 553
87 587
87 671
87 721
87 790
87 802
87 812
87 846
87 872
87 914
87 941
88 95
88 124
88 126
88 221
88 262
88 273
88 349
88 360
88 376
88 459
88 548
88 605
88 637
88 653
88 706
88 737
88 762
88 784
88 792
88 813
88 849
88 856
88 860
88 947
88 997
88 1002
89 135
89 156
89 158
89 161
89 163
89 197
89 246
89 277
89 323
89 335
89 359
89 410
89 429
89 435
89 437
89 474
89 485
89 511
89 538
89 680
89 690
89 740
89 741
89 768
89 778
89 869
89 887
89 891
89 907
89 912
89 978
90 92
90 117
90 136
90 163
90 179
90 243
90 274
90 279
90 285
90 308
90 328
90 351
90 390
90 403
90 528
90 700
90 875
90 951
90 965
90 1016
91 139
91 148
91 186
91 191
91 217
91 266
91 341
91 356
91 380
91 419
91 450
91 502
91 565
91 752
91 828
91 978
92 101
92 106
92 160
92 178
92 206
92 214
92 227
92 246
92 275
92 303
92 304
92 310
92 311
92 339
92 358
92 372
92 394
92 502
92 546
92 578
92 597
92 652
92 803
92 882
93 129
93 130
93 171
93 311
93 341
93 347
93 384
93 385
93 411
93 426
93 507
93 538
93 555
93 558
93 625
93 639
93 691
93 731
94 97
94 108
94 207
94 234
94 261
94 269
94 286
94 369
94 424
94 428
94 519
94 564
94 565
94 573
94 585
94 638
94 695
94 749
94 873
95 101
95 121
95 141
95 146
95 151
95 158
95 264
95 418
95 439
95 460
95 564
95 616
95 621
95 642
95 652
95 682
95 728
95 730
95 816
95 974
95 988
96 132
96 171
96 176
96 338
96 363
96 378
96 408
96 415
96 454
96 458
96 512
96 552
96 1000
97 111
97 193
97 196
97 202
97 233
97 412
97 478
97 580
97 623
97 695
97 744
97 917
97 961
98 107
98 112
98 138
98 189
98 209
98 231
98 237
98 281
98 289
98 290
98 311
98 329
98 352
98 395
98 414
98 471
98 485
98 596
98 698
98 705
98 739
98 855
98 885
98 906
98 911
98 986
98 998
98 1001
99 102
99 104
99 105
99 152
99 188
99 214
99 219
99 253
99 282
99 343
99 401
99 403
99 461
99 531
99 545
99 579
99 588
99 589
99 614
99 660
99 668
99 692
99 723
99 760
99 832
99 921
99 997
99 1013
100 116
100 135
100 145
100 153
100 291
100 349
100 443
100 586
100 603
100 656
100 657
100 752
100 775
100 853
100 973
100 1005
101 223
101 258
101 260
101 505
101 795
101 815
101 877
101 881
102 130
102 147
102 204
102 287
102 294
102 318
102 348
102 370
102 404
102 421
102 423
102 792
102 845
103 104
103 108
103 113
103 160
103 164
103 227
103 253
103 779
103 829
103 872
103 950
104 190
104 216
104 228
104 230
104 449
104 489
104 577
104 584
104 609
104 645
104 938
105 108
105 143
105 215
105 245
105 257
105 273
105 315
105 456
105 665
105 695
105 765
106 226
106 282
106 314
106 384
106 515
106 650
106 665
106 873
106 955
106 982
107 136
107 140
107 175
107 202
107 226
107 278
107 358
107 412
107 461
107 479
107 542
107 660
107 706
107 884
107 989
107 1023
108 150
108 155
108 177
108 213
108 274
108 282
108 296
108 299
108 333
108 341
108 346
108 434
108 519
108 554
108 597
108 654
108 673
108 735
108 752
108 773
108 822
108 948
109 149
109 157
109 192
109 194
109 280
109 287
109 309
109 315
109 337
109 376
109 389
109 427
109 428
109 444
109 462
109 463
109 465
109 483
109 529
109 532
109 603
109 612
109 615
109 717
109 838
109 858
109 878
109 881
109 899
109 934
109 957
109 961
109 964
109 973
110 131
110 169
110 177
110 205
110 220
110 221
110 325
110 354
110 418
110 444
110 523
110 640
110 670
110 749
110 799
110 848
110 915
111 127
111 144
111 165
111 183
111 338
111 417
111 471
111 593
111 872
111 909
112 125
112 127
112 154
112 193
112 201
112 204
112 223
112 242
112 258
112 402
112 406
112 428
112 455
112 491
112 494
112 585
112 593
112 617
112 735
112 795
112 863
112 907
112 916
112 1022
113 167
113 199
113 253
113 378
113 552
113 745
113 897
113 959
114 140
114 191
114 223
114 233
114 237
114 240
114 320
114 378
114 447
114 462
114 468
114 469
114 523
114 588
114 641
114 722
114 729
114 756
114 760
114 814
114 831
114 839
114 907
114 940
114 967
114 1003
114 1021
115 117
115 122
115 130
115 134
115 143
115 150
115 165
115 166
115 186
115 203
115 227
115 263
115 268
115 276
115 338
115 359
115 376
115 415
115 483
115 502
115 512
115 534
115 556
115 594
115 636
115 695
115 704
115 720
115 755
115 794
115 834
115 837
115 866
115 912
115 934
115 1006
116 131
116 278
116 325
116 345
116 407
116 427
116 435
116 582
116 800
116 924
116 969
116 981
117 181
117 205
117 210
117 253
117 254
117 271
117 368
117 467
117 485
117 505
117 527
117 542
117 606
117 770
117 846
117 858
117 912
117 923
117 950
118 187
118 192
118 207
118 215
118 221
118 250
118 300
118 339
118 351
118 434
118 446
118 527
118 546
118 771
118 785
118 812
118 849
118 868
118 925
118 935
119 121
119 141
119 246
119 262
119 278
119 286
119 329
119 340
119 424
119 449
119 491
119 592
119 601
119 649
119 737
119 747
119 829
119 922
119 989
120 143
120 155
120 163
120 296
120 322
120 363
120 463
120 674
120 825
120 954
120 967
121 141
121 179
121 186
121 233
121 255
121 303
121 307
121 323
121 334
121 360
121 386
121 416
121 601
121 604
121 645
121 647
121 684
121 706
121 708
121 778
121 803
121 937
121 968
122 133
122 213
122 214
122 257
122 318
122 663
122 682
122 742
123 130
123 140
123 161
123 180
123 182
123 201
123 239
123 253
123 267
123 300
123 356
123 394
123 513
123 589
123 613
123 642
123 648
123 733
123 736
123 749
123 759
123 811
123 820
123 838
123 845
123 875
123 879
123 944
123 992
123 999
124 132
124 141
124 156
124 176
124 237
124 250
124 379
124 393
124 464
124 503
124 508
124 533
124 543
124 622
124 718
124 849
124 891
124 988
124 1010
124 1014
125 184
125 295
125 348
125 448
125 449
125 515
125 574
125 602
125 607
125 639
125 666
125 771
125 786
125 893
126 135
126 152
126 258
126 278
126 283
126 444
126 455
126 658
126 690
126 700
126 763
126 907
126 990
126 1008
127 132
127 148
127 214
127 291
127 300
127 316
127 328
127 423
127 494
127 509
127 546
127 675
127 728
127 826
127 942
128 134
128 144
128 170
128 223
128 224
128 235
128 238
128 254
128 311
128 364
128 474
128 598
128 668
128 709
128 755
128 828
128 875
128 898
128 928
128 958
129 165
129 175
129 214
129 265
129 285
129 333
129 342
129 346
129 350
129 442
129 447
129 460
129 586
129 607
129 653
129 690
129 780
129 790
129 796
129 869
129 940
130 167
130 191
130 218
130 239
130 240
130 242
130 257
130 308
130 585
130 627
130 747
130 844
130 909
130 917
130 948
131 168
131 340
131 419
131 483
131 776
131 786
131 792
131 900
132 194
132 221
132 282
132 316
132 346
132 396
132 441
132 570
132 586
132 657
132 813
132 827
132 905
132 998
133 148
133 194
133 215
133 238
133 277
133 287
133 297
133 338
133 346
133 382
133 433
133 438
133 508
133 611
133 696
133 728
133 967
133 999
134 151
134 176
134 209
134 211
134 287
134 296
134 322
134 323
134 331
134 342
134 356
134 360
134 377
134 418
134 573
134 595
134 910
134 1020
135 147
135 212
135 294
135 350
135 482
135 487
135 539
135 671
135 731
135 884
135 891
135 963
136 170
136 242
136 255
136 317
136 370
136 372
136 527
136 585
136 626
136 655
136 691
136 762
136 797
136 953
136 987
137 177
137 178
137 307
137 330
137 350
137 363
137 370
137 384
137 570
137 572
137 627
137 637
137 926
138 147
138 158
138 167
138 172
138 196
138 215
138 216
138 283
138 294
138 362
138 429
138 476
138 530
138 531
138 615
138 926
139 212
139 267
139 307
139 859
139 898
140 162
140 165
140 199
140 313
140 352
140 483
140 604
140 892
140 930
141 143
141 180
141 197
141 199
141 218
141 227
141 231
141 296
141 406
141 555
141 557
141 862
142 196
142 218
142 219
142 295
142 369
142 458
142 525
142 609
142 677
142 920
142 936
143 144
143 181
143 193
143 206
143 375
143 391
143 492
143 496
143 554
143 560
143 616
143 695
143 805
143 996
144 179
144 186
144 190
144 223
144 234
144 235
144 240
144 270
144 303
144 375
144 415
144 474
144 491
144 504
144 767
144 771
144 1018
145 159
145 186
145 404
145 448
145 463
145 681
145 748
145 799
145 942
146 186
146 200
146 227
146 232
146 267
146 312
146 430
146 470
146 474
146 532
146 571
146 666
146 722
146 919
147 207
147 249
147 265
147 285
147 335
147 365
147 412
147 480
147 524
147 561
147 590
147 625
147 700
147 740
147 942
147 958
147 979
147 980
148 185
148 258
148 261
148 279
148 389
148 397
148 415
148 431
148 504
148 508
148 773
148 793
148 836
148 841
148 946
149 150
149 189
149 205
149 235
149 284
149 302
149 331
149 432
149 501
149 592
149 593
149 596
149 604
149 611
149 634
149 793
149 833
149 849
149 910
149 959
149 963
149 1007
149 1020
150 155
150 184
150 189
150 204
150 222
150 279
150 342
150 345
150 533
150 552
150 623
150 683
150 725
150 797
150 884
150 980
151 154
151 219
151 294
151 323
151 394
151 558
151 587
151 693
151 703
151 771
151 838
151 978
152 162
152 224
152 256
152 303
152 411
152 884
152 892
152 904
152 1000
153 159
153 160
153 187
153 188
153 189
153 208
153 304
153 330
153 410
153 468
153 494
153 495
153 525
153 648
153 757
153 773
153 800
153 801
153 913
154 171
154 275
154 277
154 287
154 352
154 374
154 450
154 494
154 503
154 558
154 633
154 724
154 734
155 248
155 296
155 413
155 648
155 662
155 854
155 887
155 897
155 918
156 194
156 204
156 278
156 306
156 396
156 449
156 472
156 502
156 504
156 524
156 550
156 620
156 628
156 727
156 827
156 852
156 990
156 998
156 1019
157 202
157 251
157 295
157 393
157 421
157 527
157 541
157 669
157 1015
158 271
158 826
158 884
159 214
159 248
159 494
159 625
159 657
159 703
159 925
160 200
160 234
160 447
160 588
160 691
160 694
160 866
160 965
160 996
160 1021
161 174
161 185
161 198
161 298
161 420
161 500
161 548
161 592
161 593
161 754
161 821
161 852
161 900
161 970
162 332
162 585
163 361
163 396
163 575
163 594
163 716
163 721
163 821
163 845
163 847
163 995
163 1019
164 179
164 208
164 254
164 275
164 484
164 500
164 544
164 620
164 756
165 193
165 274
165 285
165 374
165 476
165 606
165 754
166 184
166 194
166 250
166 270
166 290
166 295
166 320
166 340
166 347
166 367
166 405
166 419
166 457
166 550
166 600
166 624
166 692
166 694
166 801
166 983
167 186
167 201
167 224
167 242
167 422
167 487
167 489
167 714
167 814
168 357
168 414
168 509
168 543
168 563
168 787
168 800
168 1012
169 244
169 294
169 326
169 333
169 404
169 437
169 466
169 575
169 582
169 586
169 684
169 731
169 792
170 184
170 325
170 479
170 653
170 681
170 796
170 810
170 858
170 926
170 989
171 209
171 251
171 264
171 284
171 320
171 322
171 453
171 459
171 463
171 577
171 631
171 648
171 673
171 682
171 692
171 730
171 813
171 850
171 892
171 1021
172 199
172 201
172 294
172 320
172 326
172 357
172 409
172 429
172 540
172 570
172 738
172 760
172 910
172 929
172 937
172 956
173 276
173 292
173 344
173 383
173 396
173 420
173 434
173 484
173 921
173 969
174 204
174 252
174 258
174 266
174 292
174 296
174 320
174 372
174 396
174 413
174 421
174 477
174 553
174 601
174 840
174 846
174 853
174 880
174 948
174 964
174 972
174 985
175 189
175 314
175 397
175 421
175 429
175 544
175 559
175 587
175 612
175 683
175 723
175 817
175 827
175 855
175 881
175 889
176 211
176 254
176 378
176 440
176 476
176 523
176 574
176 743
176 748
176 776
176 878
176 903
176 975
177 208
177 324
177 353
177 430
177 461
177 537
177 541
177 650
177 669
177 777
177 972
178 195
178 317
178 401
178 435
178 449
178 462
178 512
178 532
178 630
178 634
178 767
178 995
179 223
179 244
179 371
179 422
179 426
179 432
179 561
179 566
179 900
179 927
179 930
180 210
180 331
180 472
180 754
180 807
180 903
180 936
181 185
181 209
181 222
181 264
181 320
181 354
181 383
181 387
181 402
181 424
181 550
181 551
181 579
181 595
181 684
181 763
181 958
182 190
182 276
182 421
182 532
182 542
182 583
182 619
182 625
182 662
182 968
183 242
183 359
183 568
183 609
183 621
184 193
184 247
184 286
184 313
184 315
184 375
184 402
184 427
184 535
184 551
184 578
184 606
184 612
184 646
184 683
184 720
184 774
184 865
184 934
184 936
184 1002
185 253
185 436
185 469
185 559
185 627
185 705
185 766
185 988
186 188
186 343
186 480
186 536
186 567
186 628
186 783
186 832
186 836
186 862
187 260
187 289
187 357
187 369
187 439
187 629
187 632
187 683
187 701
187 716
187 729
187 781
187 804
187 831
187 886
187 888
187 923
188 360
188 375
188 407
188 423
188 433
188 458
188 548
188 602
188 763
188 830
188 951
188 969
189 233
189 266
189 334
189 401
189 464
189 605
189 621
189 694
189 981
190 218
190 237
190 273
190 382
190 533
190 569
190 642
190 955
191 228
191 244
191 288
191 327
191 341
191 353
191 400
191 438
191 599
191 653
191 844
192 425
192 477
192 532
192 566
192 780
192 961
193 200
193 249
193 312
193 712
194 255
194 271
194 438
194 511
194 640
194 673
194 807
194 838
194 915
195 206
195 221
195 304
195 329
195 344
195 453
195 456
195 495
195 540
195 554
195 652
195 684
195 698
195 701
195 717
196 267
196 273
196 295
196 365
196 711
197 215
197 490
197 507
197 543
197 570
197 584
197 595
197 603
197 610
197 722
197 781
197 842
197 965
198 393
198 467
198 488
198 727
199 247
199 253
199 268
199 289
199 338
199 347
199 388
199 511
199 662
199 709
199 789
199 831
200 224
200 244
200 290
200 307
200 498
200 603
200 630
200 700
200 861
201 256
201 284
201 362
201 400
201 412
201 415
201 540
201 664
201 674
201 840
202 220
202 319
202 380
202 437
202 451
202 520
202 524
202 537
202 658
202 724
202 793
202 986
203 270
203 691
203 718
204 208
204 590
204 668
204 806
204 962
205 238
205 280
205 331
205 643
205 755
205 829
206 258
206 288
206 308
206 373
206 394
206 422
206 440
206 463
206 517
206 576
206 659
206 688
206 695
206 726
206 745
206 802
206 896
206 923
206 977
206 1020
207 327
207 358
207 383
207 442
207 492
207 508
207 608
207 697
207 789
207 915
207 935
207 947
208 233
208 252
208 345
208 543
208 557
208 593
208 624
208 632
208 746
208 752
208 786
208 797
208 810
209 334
209 526
209 675
209 750
209 892
209 926
210 235
210 368
210 459
210 478
210 512
210 517
210 646
210 674
210 804
210 880
210 913
210 956
211 286
211 392
211 408
211 577
211 857
211 882
211 906
211 938
211 1011
212 230
212 244
212 334
212 556
212 676
213 253
213 339
213 380
213 430
213 569
213 829
213 840
214 266
214 269
214 277
214 291
214 327
214 343
214 353
214 361
214 483
214 712
214 859
214 988
214 1011
215 239
215 388
215 472
215 519
215 559
215 734
215 791
216 309
216 312
216 389
216 732
216 742
216 868
216 949
216 1017
217 222
217 264
217 285
217 327
217 343
217 373
217 385
217 406
217 408
217 442
217 478
217 532
217 557
217 675
217 737
217 987
218 239
218 243
218 293
218 295
218 332
218 341
218 395
218 410
218 432
218 466
218 467
218 472
218 606
218 633
218 829
218 847
219 242
219 335
219 339
219 382
219 457
219 578
219 597
219 884
219 981
219 988
219 991
220 316
220 423
220 500
220 646
220 784
220 934
220 943
221 244
221 372
221 419
221 451
221 725
221 751
221 835
221 854
221 886
222 376
222 407
222 416
222 481
222 518
222 568
222 583
222 631
222 661
222 735
222 811
222 879
222 1009
223 224
223 229
223 251
223 266
223 296
223 385
223 565
223 571
223 661
223 864
223 954
223 968
224 242
224 276
224 298
224 392
224 428
224 432
224 477
224 568
224 763
224 831
224 832
224 859
224 909
224 919
224 965
224 987
225 249
225 291
225 304
225 394
225 543
225 657
225 843
225 849
226 280
226 427
226 524
226 533
226 541
226 636
226 909
226 979
227 235
227 286
227 464
227 558
227 682
227 699
227 844
227 864
227 954
227 991
228 259
228 272
228 292
228 301
228 454
228 664
228 716
228 823
228 824
228 1010
229 650
229 849
229 977
230 315
230 443
230 472
230 484
230 506
230 603
230 634
230 668
230 785
230 787
230 882
230 954
230 973
230 1015
231 399
231 567
231 866
231 945
231 962
232 373
232 403
232 688
232 808
233 235
233 249
233 271
233 281
233 326
233 414
233 445
233 469
233 479
233 590
233 651
233 679
233 704
233 718
233 841
233 904
233 948
233 971
233 976
234 310
234 335
234 352
234 476
234 530
234 542
234 719
234 1000
235 245
235 301
235 517
235 561
235 882
236 293
236 297
236 363
236 431
236 445
236 490
236 542
236 546
236 710
236 719
236 766
236 908
236 926
237 256
237 271
237 321
237 340
237 342
237 415
237 444
237 547
237 558
237 565
237 584
237 709
237 722
237 753
237 833
237 1003
238 281
238 399
238 499
238 605
238 613
238 1009
239 265
239 273
239 346
239 394
239 520
239 522
239 640
239 713
239 844
239 980
240 250
240 256
240 311
240 330
240 355
240 404
240 438
240 445
240 458
240 520
240 665
240 715
240 1014
241 308
241 421
241 423
241 502
241 605
241 757
242 448
242 514
242 515
242 517
242 543
242 557
242 722
242 826
242 1017
243 259
243 275
243 320
243 397
243 436
243 518
243 561
243 598
243 619
243 728
243 777
243 815
243 839
243 940
243 946
243 957
243 965
244 270
244 272
244 401
244 536
244 630
244 888
245 292
245 392
245 804
245 949
246 297
246 438
246 504
246 699
246 905
246 994
247 398
247 443
247 569
247 579
247 582
247 786
247 832
247 991
248 343
248 411
248 632
248 678
248 715
248 817
248 1005
248 1009
249 260
249 348
249 398
249 691
249 704
249 754
249 915
250 272
250 308
250 365
250 382
250 418
250 513
250 593
250 639
250 644
250 696
250 728
250 837
250 1003
251 276
251 278
251 361
251 407
251 425
251 463
251 496
251 598
251 624
251 832
251 842
251 972
252 393
252 616
252 967
253 315
253 323
253 442
253 488
253 501
253 862
254 322
254 357
254 379
254 403
254 408
254 491
254 493
254 613
254 622
254 763
254 847
254 848
254 939
255 285
256 299
256 370
256 389
256 475
256 634
256 683
256 835
256 903
257 310
257 325
257 345
257 390
257 399
257 412
257 608
257 610
257 815
258 280
258 436
258 469
258 492
258 704
258 731
258 798
258 882
258 955
259 289
259 313
259 348
259 500
259 504
259 604
259 976
259 1015
260 316
260 679
260 689
260 1022
261 274
261 325
261 341
261 388
261 399
261 494
261 505
261 993
261 995
261 1017
262 313
262 377
262 456
262 532
262 606
262 908
263 288
263 309
263 343
263 358
263 371
263 744
263 770
263 792
263 796
263 853
263 856
263 1003
264 340
264 367
264 416
264 419
264 446
264 486
264 551
264 682
264 820
264 850
264 948
265 328
265 388
265 419
265 454
265 516
265 574
265 577
265 767
265 775
265 900
265 993
266 379
266 443
266 468
266 562
266 764
266 814
266 944
266 952
267 389
267 392
267 416
267 611
267 654
267 667
267 686
267 818
267 823
268 308
268 356
268 368
268 457
268 636
268 714
268 812
268 826
268 885
268 913
269 382
269 564
269 799
269 817
269 908
269 925
269 948
269 987
270 600
270 637
270 795
270 867
270 892
270 914
270 923
271 811
271 873
272 385
272 491
272 713
272 736
273 311
273 458
273 506
273 516
273 549
273 562
273 755
273 764
274 312
274 385
274 408
274 481
274 490
274 655
274 693
274 733
274 754
274 776
275 297
275 371
275 380
275 426
275 533
275 557
275 560
275 570
275 632
275 861
275 891
275 897
275 982
276 426
276 688
276 761
276 995
277 300
277 424
277 428
277 445
277 506
277 537
277 567
277 719
277 739
277 843
277 921
277 933
278 366
278 522
278 529
278 868
278 923
278 942
278 964
278 972
279 343
279 391
279 454
279 472
279 544
279 575
279 706
279 887
280 311
280 371
280 480
280 522
280 566
280 580
280 677
280 772
280 980
281 344
281 363
281 437
281 451
281 515
281 539
281 779
281 876
281 885
281 992
282 732
282 835
283 320
283 341
283 380
283 393
284 443
284 470
284 524
284 597
284 699
284 790
284 821
284 921
285 500
285 879
285 897
285 933
286 304
286 351
286 387
286 402
286 403
286 430
286 434
286 459
286 487
286 532
286 633
286 772
287 365
287 473
287 619
287 675
287 738
287 819
288 289
288 473
288 521
288 527
288 628
288 694
288 748
288 800
288 815
288 966
289 746
289 931
290 339
290 372
290 541
290 727
290 747
290 866
291 413
291 581
291 592
291 845
291 904
291 930
292 312
292 362
292 511
292 647
292 717
292 771
292 804
292 978
292 1017
293 321
293 500
293 610
293 618
293 680
293 771
293 951
294 301
294 400
294 446
294 461
294 679
294 933
294 955
294 958
295 886
296 355
296 377
296 590
296 805
296 930
296 961
297 398
297 663
297 712
297 738
297 996
298 367
298 415
298 504
298 648
298 728
298 768
299 354
299 438
299 498
299 626
299 629
299 661
299 738
299 808
299 809
300 511
300 841
301 341
301 485
301 498
301 605
301 687
301 847
301 990
302 402
302 439
302 700
302 798
303 324
303 528
303 581
303 655
303 734
303 768
303 989
304 324
304 329
304 353
304 406
304 485
304 857
305 334
305 349
305 536
305 780
305 785
305 998
306 435
306 447
306 453
306 541
306 548
306 551
306 609
306 634
307 309
307 585
307 610
307 806
307 825
308 769
309 310
309 322
309 348
309 658
309 898
309 931
309 970
310 442
310 477
310 613
310 875
311 437
311 534
311 580
311 686
311 727
311 924
312 407
312 429
312 448
312 672
312 840
312 900
312 932
313 401
313 579
313 722
313 791
313 960
314 317
314 360
314 726
314 786
314 1013
315 383
315 663
315 718
315 852
316 327
316 573
316 719
316 748
316 761
316 804
317 519
317 529
317 644
317 645
318 412
319 950
320 370
320 415
320 509
320 521
320 534
320 585
320 616
320 653
320 955
320 964
320 979
320 1017
321 354
321 654
321 855
322 428
322 500
322 502
322 518
322 614
322 813
322 819
322 904
322 938
323 326
323 439
323 562
323 637
323 789
323 936
323 943
324 505
324 642
324 650
324 678
324 865
324 901
325 457
325 592
325 631
325 830
325 976
326 335
326 362
326 385
326 450
326 459
326 484
326 507
326 535
326 616
326 633
326 765
326 776
326 796
326 827
326 876
326 951
327 512
327 539
328 339
328 449
328 597
328 666
329 388
329 538
329 723
329 766
329 855
329 871
329 894
329 975
330 472
330 502
330 667
330 773
330 813
330 857
331 333
331 542
331 596
331 645
331 688
331 715
331 788
332 352
332 414
332 582
332 856
332 857
332 866
332 897
332 929
333 542
333 569
333 1012
334 337
334 341
334 395
334 429
334 487
334 591
334 671
334 694
334 748
335 447
335 535
335 555
335 600
335 654
335 732
335 780
336 432
336 475
336 490
336 554
336 567
336 607
336 632
336 634
336 716
336 800
336 861
336 872
336 1022
337 414
337 582
337 997
338 387
338 388
338 395
338 438
338 531
338 549
338 602
338 802
338 824
339 391
339 815
339 824
339 830
340 342
340 358
340 566
340 638
340 661
340 683
340 702
340 840
340 1006
341 434
341 477
341 531
341 580
341 1015
342 355
342 540
342 941
342 969
343 418
343 443
343 484
343 750
344 376
344 414
344 426
344 631
344 858
345 546
345 551
345 627
345 654
345 664
345 672
345 791
345 862
346 395
346 492
346 525
346 547
346 560
346 600
346 601
346 843
346 880
347 404
347 594
347 618
347 664
347 677
347 815
348 406
348 420
348 470
348 517
348 607
348 650
348 729
348 737
348 758
348 867
348 946
349 432
349 596
349 667
349 685
349 710
349 970
350 390
350 397
350 638
350 641
350 848
350 918
351 450
352 426
352 432
352 550
352 779
352 822
352 824
352 989
353 377
353 451
353 496
353 570
354 372
354 445
354 575
354 667
354 758
354 805
354 1005
355 476
355 863
355 907
356 614
356 753
356 854
356 860
356 903
357 380
357 686
357 774
357 896
358 470
358 549
358 675
358 699
360 389
360 523
360 526
360 571
360 598
360 622
360 678
360 741
360 742
360 764
360 832
361 364
361 426
361 588
361 595
361 759
362 576
362 667
362 680
363 462
363 486
363 617
363 959
363 981
363 1009
363 1023
364 643
364 677
364 703
364 708
364 748
364 842
364 940
365 615
365 625
365 935
366 478
366 490
366 633
366 696
366 757
366 959
366 1002
367 399
367 528
367 548
367 637
367 721
367 768
367 919
367 947
367 986
368 398
368 488
368 506
368 513
368 526
368 539
368 816
368 949
369 375
369 387
370 813
371 376
371 384
371 485
371 526
371 535
371 577
371 697
371 960
372 376
372 381
372 462
372 496
372 497
372 762
373 499
373 590
373 602
373 689
373 709
373 726
373 737
373 744
373 797
373 822
373 833
374 380
374 421
374 514
374 764
374 807
374 868
374 873
375 447
375 479
375 520
375 528
375 706
375 759
375 790
376 381
376 422
376 571
376 669
378 449
378 471
378 514
378 790
378 812
378 985
379 501
379 523
379 733
380 507
380 604
380 622
380 716
380 786
380 937
381 561
381 649
381 808
381 826
382 495
382 615
382 721
382 742
382 769
382 926
382 940
384 659
384 839
384 917
384 1016
385 418
385 485
385 590
385 621
385 769
385 881
386 492
386 494
388 581
388 643
388 772
388 906
389 495
389 538
389 576
389 606
389 611
389 846
390 393
390 468
390 486
390 523
390 859
390 927
391 424
391 441
391 582
391 583
391 620
391 754
391 798
391 807
392 730
392 964
393 486
393 601
393 677
393 697
393 730
393 938
394 556
394 863
394 971
395 637
395 982
396 417
396 451
396 535
396 857
396 946
397 465
397 636
397 669
397 681
397 692
397 787
397 803
397 939
398 466
398 514
398 565
398 729
398 812
399 472
399 483
399 761
400 542
400 595
400 714
400 737
400 1020
401 525
401 641
401 679
401 729
401 920
402 417
402 706
402 724
402 848
403 484
403 687
403 704
403 856
403 933
403 935
403 976
404 446
404 450
404 572
404 600
405 562
405 772
405 791
405 876
406 407
406 425
406 438
406 471
406 752
407 534
407 549
407 748
407 774
407 809
407 828
407 870
408 559
408 872
408 984
409 518
409 974
410 819
410 970
411 719
412 565
412 746
412 782
412 952
412 996
413 446
413 916
413 919
415 524
416 545
416 563
416 898
417 438
417 617
417 973
417 986
418 440
418 502
418 523
418 798
418 865
419 480
419 566
419 682
419 836
420 465
420 546
420 557
420 779
421 459
421 506
421 825
422 481
422 503
422 793
422 911
423 452
423 460
423 468
423 663
423 855
424 446
424 540
424 707
424 729
424 818
424 932
424 975
425 865
426 525
426 608
426 826
426 912
426 957
426 1011
427 960
428 444
428 635
428 643
428 676
428 862
429 539
430 441
430 746
431 501
431 586
431 771
431 818
431 895
432 604
432 914
432 1018
433 451
433 763
433 854
434 538
435 691
435 693
435 811
435 965
435 978
437 820
437 855
437 965
438 470
438 530
438 606
438 752
438 936
439 611
439 646
440 753
440 831
440 833
441 452
441 510
441 598
441 660
441 807
441 1005
442 445
442 643
443 671
443 974
444 486
444 553
444 566
444 919
444 946
444 961
445 457
445 535
445 745
445 883
445 912
446 509
446 526
446 599
446 747
447 529
447 581
448 505
448 528
448 599
449 460
449 726
449 796
450 460
450 795
450 902
450 980
451 467
451 687
451 899
451 944
451 1023
452 558
452 826
452 843
453 679
454 620
454 670
455 522
455 668
456 755
456 848
456 867
457 563
457 751
457 944
458 555
458 583
458 999
460 573
460 591
460 743
460 775
461 535
461 545
461 877
462 509
462 638
462 985
463 534
463 543
463 562
463 651
464 506
464 533
464 760
464 803
464 880
465 838
466 521
466 543
466 547
466 632
466 799
467 471
467 729
468 470
468 943
468 1019
469 547
469 548
469 713
469 957
470 512
470 677
470 829
471 892
472 727
472 785
473 477
473 493
473 631
473 698
474 484
474 705
474 716
474 732
474 994
475 483
475 674
475 801
476 710
476 921
476 970
477 887
477 996
478 723
479 635
479 741
479 901
479 962
479 984
480 481
480 692
480 765
480 805
480 960
481 715
481 839
481 983
482 714
482 840
482 866
483 563
483 966
484 526
484 652
484 756
484 768
485 539
485 642
485 676
486 548
486 637
487 603
487 720
487 786
487 841
489 825
490 506
490 527
490 685
490 741
490 930
491 709
491 824
491 944
492 534
492 536
492 577
492 699
492 718
492 798
492 816
492 960
493 530
493 552
493 653
493 672
493 681
493 779
493 924
493 933
493 981
494 567
494 750
494 963
495 497
495 623
495 938
496 499
496 703
496 792
496 857
496 993
497 575
497 816
497 1008
498 567
498 649
499 505
499 757
499 920
499 948
500 996
501 525
501 572
501 737
501 768
501 910
502 927
503 631
503 722
504 626
504 657
504 758
504 762
505 643
506 549
506 609
506 783
507 644
507 968
508 509
508 616
508 629
508 783
509 681
509 856
510 736
510 767
510 833
510 977
511 900
514 768
514 864
514 911
515 790
516 714
516 760
516 1003
517 844
518 799
518 861
518 916
518 918
518 968
519 697
520 537
520 551
520 568
520 618
520 630
520 640
520 761
520 848
520 915
521 567
521 602
521 625
521 837
521 867
521 896
521 951
521 962
522 680
522 707
522 719
523 629
523 630
523 680
523 736
523 929
524 544
524 561
524 622
524 844
524 864
525 571
525 758
525 891
525 961
526 554
526 564
526 597
526 665
526 749
526 787
527 581
527 649
527 934
528 599
528 654
528 692
528 706
528 830
528 877
530 579
530 653
530 805
530 878
531 655
531 749
531 774
532 679
532 697
532 734
532 767
532 870
532 956
533 552
533 1008
534 902
534 1001
535 551
535 633
535 899
535 985
536 572
536 636
536 874
536 1015
537 555
537 580
537 731
537 733
537 925
538 589
538 1007
539 567
539 579
539 614
539 652
539 718
539 754
539 820
539 848
539 889
540 549
540 590
540 621
540 646
540 817
541 677
541 897
541 1007
542 729
542 741
543 701
544 651
544 696
544 999
545 696
545 862
546 672
546 794
546 958
547 639
547 832
548 759
548 767
549 581
549 763
549 769
549 835
550 779
550 990
550 1002
550 1008
551 571
551 599
551 773
551 799
551 805
551 1012
552 635
552 720
552 734
552 766
552 839
552 975
553 800
554 582
555 707
555 860
555 994
556 576
556 767
557 698
557 916
557 1006
558 707
558 761
558 785
559 727
559 871
559 899
559 955
560 574
560 659
560 670
560 742
560 755
560 828
561 597
561 605
561 606
561 804
562 951
562 990
563 645
563 721
563 732
564 586
564 755
565 669
565 942
566 690
566 972
567 871
568 587
568 627
568 993
569 780
570 629
570 761
570 894
570 959
570 986
571 671
571 677
571 702
572 725
572 811
573 697
573 778
574 751
574 784
574 838
574 840
575 624
575 680
576 665
576 859
576 894
576 931
576 942
576 970
577 635
577 845
577 941
577 1000
578 700
578 712
578 826
578 901
579 640
579 1020
580 589
580 660
580 843
580 926
581 685
581 778
581 803
581 903
581 964
582 625
582 788
582 893
582 964
582 969
583 721
583 850
583 910
583 927
583 1016
584 686
584 749
584 758
584 777
586 638
586 786
586 820
586 830
586 868
586 901
587 755
588 650
588 707
588 973
589 684
590 892
590 954
590 962
591 594
591 644
591 702
592 662
592 704
592 713
592 725
592 875
592 898
592 979
594 843
594 850
594 903
595 751
595 782
595 811
595 894
596 610
596 635
597 693
597 744
597 806
597 1013
598 698
598 735
598 759
599 640
599 842
600 692
600 887
600 912
600 921
600 1006
601 615
601 662
601 730
601 879
601 997
603 783
603 927
603 963
604 647
604 748
604 794
604 833
604 864
604 911
605 703
605 902
605 904
605 953
605 982
606 621
606 693
606 717
606 896
608 775
608 814
609 882
610 715
610 948
611 686
611 806
611 907
611 916
612 623
613 831
613 966
614 630
614 784
614 794
614 851
614 883
614 916
614 1002
614 1022
615 639
615 1001
616 645
617 733
617 913
617 949
618 804
618 851
619 931
620 668
620 924
620 983
621 828
621 858
621 978
621 998
622 647
622 745
622 812
622 864
623 649
623 720
623 867
623 1001
624 687
624 752
624 780
624 1007
625 667
625 713
625 819
625 895
625 1019
627 713
627 874
627 1011
627 1013
628 750
628 834
629 721
629 829
629 845
630 832
631 642
631 890
631 957
632 679
632 707
632 852
632 885
632 961
633 646
633 681
633 712
633 725
633 772
633 917
633 969
633 985
635 831
635 970
636 767
636 822
637 851
638 652
639 642
639 752
639 791
639 818
639 880
639 922
639 928
639 951
639 984
639 1022
640 644
640 704
641 775
641 953
642 705
642 843
643 838
644 909
645 747
645 798
646 697
646 741
646 758
647 759
647 831
648 708
648 745
648 937
648 996
649 675
649 678
649 729
650 944
651 779
651 860
651 911
651 989
652 773
652 896
653 720
654 861
654 958
655 656
655 805
655 909
656 906
657 687
658 815
658 951
658 1010
660 785
660 945
660 952
661 871
661 878
661 884
661 1013
662 681
663 671
663 918
664 703
664 797
665 724
665 742
665 777
665 833
665 1004
667 762
667 938
668 958
669 919
669 927
670 753
670 869
670 928
671 809
671 928
672 885
673 688
673 773
673 783
673 827
673 914
674 722
674 808
674 836
674 883
675 695
675 925
675 1019
676 710
676 737
676 991
677 691
678 698
678 900
678 941
680 735
680 810
680 963
681 702
681 953
681 970
681 977
682 713
682 735
682 765
682 859
685 731
685 949
685 987
686 880
686 932
686 936
687 688
687 788
687 861
687 899
688 695
689 741
689 747
689 783
689 882
690 909
692 777
692 862
692 923
693 928
693 967
694 758
694 777
695 760
696 700
696 750
698 820
699 816
699 990
700 989
701 724
701 801
703 796
704 744
704 764
704 806
704 850
704 877
705 980
706 808
707 1009
708 756
708 948
708 960
708 993
709 824
711 871
711 920
712 964
713 900
713 975
715 725
715 898
715 926
716 932
717 829
717 882
717 931
717 945
717 1004
718 739
718 816
718 853
719 775
721 773
721 780
721 965
724 879
724 966
725 823
726 863
728 976
729 793
731 913
732 893
732 1002
735 797
735 913
736 777
736 914
736 941
737 819
737 881
737 893
739 857
739 1022
740 907
742 770
744 845
746 850
748 940
749 889
750 1003
751 802
751 943
753 769
754 874
754 946
755 760
755 865
756 788
756 839
757 766
757 789
757 1004
758 924
760 822
760 896
761 877
762 816
762 987
763 807
763 817
764 802
766 772
766 830
769 798
771 874
771 1022
772 854
772 899
772 929
772 996
773 815
774 837
775 776
775 895
776 851
777 846
779 824
782 835
783 799
784 858
785 991
787 1012
789 1020
790 818
790 935
792 875
796 864
797 890
797 895
798 901
799 811
799 814
800 868
800 985
802 814
803 997
804 817
804 875
804 883
804 885
804 894
805 853
805 877
807 937
807 960
808 913
808 965
809 832
809 861
812 863
814 947
815 835
816 878
816 984
817 821
817 1012
818 926
818 953
819 845
819 898
819 904
821 863
821 1021
823 847
823 870
823 993
823 1006
823 1022
827 852
827 901
829 1013
829 1023
832 953
833 1018
839 974
843 880
845 870
845 995
845 1021
846 896
849 963
850 943
851 980
853 904
855 956
855 976
859 905
859 929
859 994
860 1004
861 893
861 967
866 946
867 932
870 917
870 943
874 881
875 1021
876 979
876 1018
887 910
888 889
888 931
888 947
890 1003
892 1003
893 1020
894 994
895 1009
898 980
899 918
899 945
904 1013
904 1018
905 1014
908 930
911 1006
917 949
925 950
925 1017
927 1000
933 983
937 940
946 1004
951 956
952 957
954 1006
959 1002
965 1012
970 986
972 1009
974 989
975 999
975 1016
977 1001
979 1017
993 1023
1004 1014
