0 10
0 11
0 14
0 16
0 17
0 18
0 30
0 31
0 35
0 38
0 40
0 48
0 60
0 77
0 90
0 92
0 102
0 121
0 136
0 140
0 143
0 144
0 151
0 155
0 177
0 217
0 226
0 233
0 243
0 261
0 265
0 267
0 290
0 302
0 317
0 355
0 365
0 395
0 472
0 489
0 587
0 623
0 660
0 665
0 736
0 768
0 775
0 793
0 840
0 931
0 941
0 944
0 962
0 1015
1 10
1 11
1 12
1 13
1 14
1 17
1 22
1 23
1 25
1 31
1 33
1 39
1 46
1 56
1 63
1 64
1 72
1 79
1 84
1 88
1 112
1 123
1 139
1 152
1 158
1 185
1 192
1 198
1 229
1 246
1 257
1 276
1 277
1 289
1 292
1 332
1 334
1 340
1 361
1 410
1 450
1 474
1 491
1 492
1 545
1 600
1 629
1 672
1 772
1 778
1 781
1 804
1 808
1 888
1 931
1 956
1 992
1 1020
2 10
2 11
2 12
2 18
2 26
2 30
2 35
2 46
2 48
2 91
2 121
2 122
2 148
2 150
2 159
2 183
2 194
2 245
2 246
2 275
2 325
2 349
2 365
2 385
2 388
2 409
2 418
2 430
2 438
2 625
2 699
2 768
2 787
2 868
2 917
2 923
2 925
2 956
3 10
3 11
3 12
3 13
3 14
3 15
3 17
3 21
3 23
3 25
3 36
3 41
3 44
3 49
3 55
3 57
3 61
3 64
3 68
3 73
3 82
3 84
3 89
3 91
3 96
3 100
3 115
3 122
3 135
3 144
3 159
3 167
3 168
3 179
3 181
3 182
3 186
3 188
3 192
3 195
3 201
3 205
3 227
3 243
3 256
3 257
3 265
3 286
3 290
3 302
3 311
3 317
3 324
3 341
3 364
3 374
3 377
3 383
3 385
3 393
3 395
3 405
3 421
3 426
3 468
3 500
3 511
3 557
3 561
3 640
3 652
3 698
3 701
3 706
3 716
3 723
3 806
3 820
3 843
3 863
3 864
3 885
3 891
3 892
3 927
3 940
3 943
3 945
3 947
3 950
4 10
4 11
4 13
4 16
4 18
4 20
4 21
4 24
4 36
4 48
4 50
4 67
4 69
4 97
4 99
4 101
4 103
4 111
4 124
4 129
4 138
4 142
4 224
4 226
4 246
4 248
4 255
4 268
4 270
4 296
4 310
4 345
4 362
4 425
4 430
4 437
4 450
4 488
4 497
4 520
4 525
4 618
4 657
4 704
4 747
4 753
4 756
4 758
4 793
4 796
4 800
4 809
4 852
4 886
4 895
4 896
5 10
5 11
5 12
5 13
5 14
5 19
5 21
5 25
5 32
5 33
5 38
5 45
5 51
5 53
5 60
5 66
5 69
5 72
5 83
5 86
5 94
5 105
5 109
5 112
5 113
5 166
5 186
5 195
5 202
5 249
5 267
5 276
5 281
5 286
5 290
5 298
5 304
5 308
5 327
5 341
5 343
5 367
5 374
5 375
5 404
5 492
5 522
5 538
5 550
5 601
5 619
5 623
5 643
5 673
5 687
5 688
5 727
5 744
5 764
5 796
5 830
5 839
5 853
5 876
5 903
5 907
5 914
5 938
5 950
5 973
5 985
5 998
5 1016
5 1019
6 10
6 11
6 12
6 15
6 18
6 19
6 22
6 37
6 48
6 53
6 57
6 72
6 84
6 87
6 88
6 105
6 131
6 142
6 148
6 156
6 157
6 171
6 180
6 197
6 206
6 214
6 216
6 224
6 228
6 231
6 251
6 314
6 324
6 340
6 353
6 377
6 386
6 387
6 450
6 495
6 512
6 601
6 606
6 661
6 678
6 679
6 701
6 702
6 790
6 816
6 839
6 961
6 967
6 972
6 1008
7 10
7 12
7 13
7 15
7 17
7 20
7 22
7 26
7 28
7 34
7 44
7 51
7 53
7 63
7 71
7 75
7 93
7 131
7 135
7 170
7 178
7 224
7 233
7 238
7 242
7 245
7 268
7 284
7 300
7 332
7 346
7 370
7 402
7 407
7 423
7 427
7 441
7 549
7 568
7 585
7 600
7 602
7 603
7 720
7 769
7 802
7 822
7 831
7 896
7 899
7 912
7 940
7 985
7 990
7 1002
8 10
8 11
8 12
8 13
8 14
8 15
8 16
8 17
8 18
8 19
8 20
8 22
8 23
8 27
8 29
8 31
8 33
8 35
8 37
8 41
8 42
8 45
8 52
8 54
8 55
8 62
8 64
8 66
8 68
8 72
8 78
8 90
8 94
8 104
8 109
8 117
8 127
8 129
8 130
8 132
8 134
8 136
8 142
8 143
8 147
8 149
8 159
8 164
8 184
8 193
8 226
8 229
8 239
8 244
8 247
8 259
8 262
8 276
8 282
8 283
8 294
8 304
8 311
8 321
8 329
8 330
8 342
8 343
8 347
8 360
8 365
8 412
8 432
8 433
8 445
8 459
8 484
8 486
8 493
8 502
8 516
8 538
8 574
8 576
8 581
8 585
8 589
8 608
8 620
8 647
8 679
8 681
8 715
8 717
8 764
8 777
8 778
8 792
8 829
8 840
8 844
8 857
8 899
8 931
8 951
8 957
8 995
8 1020
9 10
9 11
9 12
9 13
9 14
9 15
9 16
9 18
9 19
9 20
9 23
9 24
9 26
9 27
9 28
9 30
9 34
9 46
9 52
9 58
9 66
9 75
9 90
9 96
9 101
9 102
9 104
9 106
9 111
9 114
9 141
9 155
9 162
9 165
9 175
9 178
9 192
9 195
9 218
9 230
9 236
9 245
9 252
9 287
9 290
9 303
9 306
9 343
9 357
9 358
9 394
9 424
9 425
9 432
9 453
9 466
9 479
9 480
9 491
9 549
9 555
9 568
9 579
9 592
9 615
9 624
9 631
9 652
9 668
9 669
9 689
9 721
9 766
9 811
9 863
9 882
9 909
9 918
9 937
9 945
10 11
10 12
10 13
10 14
10 15
10 16
10 17
10 19
10 20
10 21
10 23
10 24
10 25
10 28
10 29
10 31
10 38
10 40
10 41
10 42
10 46
10 47
10 52
10 53
10 55
10 67
10 68
10 70
10 71
10 74
10 75
10 77
10 81
10 92
10 93
10 96
10 104
10 106
10 109
10 111
10 114
10 117
10 118
10 121
10 125
10 126
10 128
10 133
10 146
10 150
10 154
10 163
10 168
10 178
10 181
10 186
10 199
10 204
10 206
10 214
10 215
10 235
10 252
10 259
10 267
10 279
10 299
10 304
10 312
10 317
10 320
10 324
10 353
10 361
10 365
10 373
10 378
10 379
10 380
10 391
10 392
10 394
10 401
10 413
10 418
10 422
10 440
10 447
10 469
10 474
10 478
10 515
10 516
10 522
10 551
10 573
10 581
10 592
10 609
10 626
10 657
10 662
10 663
10 665
10 674
10 676
10 693
10 696
10 703
10 711
10 751
10 754
10 783
10 796
10 816
10 819
10 821
10 841
10 854
10 878
10 922
10 959
10 979
10 980
10 1016
11 12
11 13
11 14
11 15
11 16
11 17
11 18
11 21
11 22
11 24
11 26
11 28
11 29
11 31
11 32
11 33
11 37
11 41
11 42
11 43
11 46
11 47
11 51
11 55
11 57
11 59
11 60
11 62
11 79
11 80
11 84
11 87
11 90
11 94
11 97
11 98
11 104
11 115
11 120
11 121
11 128
11 136
11 146
11 154
11 170
11 175
11 177
11 178
11 183
11 191
11 192
11 206
11 209
11 210
11 223
11 254
11 272
11 273
11 280
11 284
11 292
11 297
11 304
11 323
11 339
11 346
11 348
11 350
11 360
11 361
11 390
11 396
11 397
11 413
11 417
11 427
11 457
11 464
11 475
11 478
11 484
11 493
11 510
11 515
11 549
11 551
11 552
11 558
11 573
11 610
11 640
11 646
11 657
11 682
11 694
11 696
11 721
11 728
11 764
11 767
11 786
11 797
11 820
11 832
11 839
11 842
11 853
11 863
11 868
11 884
11 890
11 894
11 901
11 925
11 946
11 948
11 974
11 984
11 1013
11 1021
12 13
12 14
12 15
12 16
12 17
12 18
12 19
12 21
12 22
12 24
12 26
12 29
12 30
12 33
12 35
12 37
12 44
12 47
12 48
12 51
12 53
12 58
12 61
12 62
12 65
12 74
12 78
12 79
12 86
12 88
12 91
12 93
12 107
12 121
12 127
12 134
12 135
12 139
12 145
12 146
12 152
12 154
12 166
12 170
12 171
12 193
12 195
12 203
12 204
12 206
12 207
12 209
12 215
12 218
12 227
12 244
12 247
12 250
12 255
12 256
12 260
12 272
12 284
12 286
12 287
12 306
12 307
12 310
12 322
12 340
12 359
12 384
12 386
12 393
12 401
12 406
12 413
12 418
12 428
12 446
12 450
12 456
12 467
12 468
12 490
12 494
12 495
12 499
12 507
12 527
12 557
12 566
12 571
12 575
12 580
12 588
12 593
12 594
12 599
12 609
12 613
12 618
12 642
12 647
12 654
12 671
12 687
12 688
12 696
12 724
12 739
12 744
12 748
12 752
12 789
12 794
12 796
12 798
12 818
12 849
12 852
12 864
12 872
12 873
12 890
12 902
12 914
12 919
12 949
12 958
12 970
12 974
12 1014
13 14
13 15
13 16
13 17
13 18
13 19
13 20
13 21
13 22
13 23
13 24
13 25
13 28
13 30
13 32
13 34
13 36
13 37
13 38
13 39
13 40
13 43
13 44
13 45
13 48
13 51
13 52
13 57
13 58
13 59
13 62
13 63
13 65
13 68
13 69
13 72
13 75
13 77
13 80
13 84
13 89
13 92
13 93
13 103
13 105
13 106
13 114
13 115
13 116
13 119
13 121
13 137
13 142
13 147
13 148
13 151
13 161
13 162
13 163
13 167
13 176
13 177
13 184
13 190
13 196
13 197
13 211
13 218
13 220
13 222
13 225
13 236
13 255
13 263
13 268
13 271
13 277
13 279
13 281
13 284
13 289
13 302
13 304
13 306
13 314
13 316
13 317
13 318
13 322
13 323
13 331
13 339
13 343
13 346
13 358
13 366
13 370
13 371
13 376
13 379
13 380
13 382
13 391
13 393
13 395
13 404
13 408
13 416
13 417
13 427
13 429
13 437
13 440
13 447
13 458
13 460
13 467
13 473
13 481
13 483
13 496
13 502
13 507
13 508
13 509
13 529
13 536
13 540
13 546
13 548
13 555
13 574
13 584
13 589
13 597
13 599
13 605
13 621
13 626
13 634
13 642
13 647
13 654
13 666
13 671
13 677
13 680
13 685
13 686
13 691
13 698
13 730
13 745
13 755
13 771
13 775
13 792
13 797
13 800
13 818
13 844
13 845
13 859
13 862
13 869
13 876
13 908
13 924
13 951
13 959
13 963
13 976
13 980
13 981
13 984
13 989
13 994
13 1020
14 15
14 16
14 18
14 20
14 29
14 36
14 37
14 47
14 50
14 54
14 61
14 62
14 64
14 65
14 76
14 85
14 91
14 106
14 107
14 109
14 117
14 118
14 119
14 124
14 131
14 136
14 142
14 143
14 144
14 145
14 146
14 153
14 183
14 184
14 191
14 193
14 209
14 219
14 225
14 249
14 280
14 282
14 285
14 291
14 293
14 296
14 301
14 305
14 317
14 320
14 327
14 351
14 361
14 382
14 385
14 394
14 400
14 410
14 417
14 430
14 435
14 436
14 450
14 463
14 472
14 476
14 527
14 531
14 534
14 551
14 552
14 556
14 559
14 565
14 578
14 579
14 618
14 623
14 643
14 661
14 689
14 694
14 705
14 752
14 773
14 785
14 787
14 805
14 810
14 836
14 893
14 915
14 919
14 933
14 990
14 1004
15 16
15 17
15 19
15 25
15 26
15 27
15 28
15 30
15 31
15 34
15 37
15 41
15 48
15 52
15 57
15 74
15 82
15 83
15 85
15 87
15 93
15 97
15 98
15 99
15 103
15 105
15 107
15 114
15 116
15 120
15 129
15 134
15 140
15 141
15 149
15 151
15 160
15 161
15 162
15 166
15 168
15 171
15 179
15 181
15 182
15 198
15 199
15 201
15 216
15 260
15 270
15 275
15 291
15 293
15 294
15 298
15 319
15 337
15 368
15 375
15 384
15 401
15 407
15 452
15 476
15 494
15 503
15 538
15 550
15 570
15 590
15 617
15 625
15 642
15 679
15 689
15 709
15 716
15 727
15 766
15 768
15 796
15 845
15 848
15 851
15 865
15 889
15 921
15 923
15 926
15 976
16 19
16 20
16 21
16 23
16 28
16 34
16 35
16 36
16 39
16 41
16 43
16 53
16 54
16 56
16 58
16 61
16 66
16 67
16 73
16 76
16 81
16 87
16 95
16 96
16 97
16 99
16 119
16 128
16 133
16 135
16 140
16 141
16 153
16 159
16 162
16 182
16 188
16 195
16 202
16 213
16 219
16 250
16 263
16 267
16 281
16 282
16 287
16 288
16 303
16 310
16 313
16 324
16 335
16 363
16 368
16 369
16 378
16 400
16 402
16 439
16 443
16 469
16 470
16 472
16 477
16 485
16 491
16 511
16 512
16 554
16 586
16 592
16 623
16 626
16 646
16 662
16 666
16 676
16 680
16 687
16 696
16 699
16 703
16 712
16 729
16 730
16 732
16 749
16 751
16 758
16 819
16 822
16 823
16 829
16 831
16 854
16 855
16 910
16 912
16 915
16 920
16 999
16 1008
16 1009
16 1022
17 19
17 20
17 22
17 23
17 24
17 25
17 27
17 29
17 34
17 35
17 42
17 43
17 55
17 57
17 60
17 61
17 63
17 65
17 66
17 74
17 80
17 85
17 86
17 88
17 91
17 94
17 100
17 101
17 102
17 103
17 112
17 113
17 116
17 123
17 125
17 127
17 135
17 138
17 144
17 145
17 146
17 150
17 201
17 205
17 219
17 273
17 279
17 283
17 305
17 315
17 331
17 338
17 345
17 364
17 372
17 386
17 388
17 404
17 412
17 418
17 429
17 449
17 456
17 462
17 463
17 478
17 506
17 525
17 532
17 565
17 572
17 582
17 584
17 587
17 593
17 624
17 630
17 644
17 664
17 677
17 688
17 703
17 730
17 739
17 801
17 827
17 837
17 857
17 889
17 912
17 926
17 931
17 936
17 939
17 979
17 988
17 998
17 1016
18 21
18 22
18 23
18 24
18 31
18 32
18 38
18 42
18 46
18 48
18 50
18 52
18 57
18 64
18 67
18 77
18 93
18 94
18 95
18 100
18 103
18 104
18 105
18 106
18 113
18 127
18 128
18 133
18 135
18 143
18 148
18 149
18 154
18 155
18 167
18 177
18 191
18 192
18 214
18 226
18 262
18 274
18 288
18 291
18 297
18 300
18 305
18 311
18 320
18 322
18 330
18 352
18 355
18 358
18 375
18 376
18 384
18 387
18 441
18 444
18 447
18 448
18 458
18 467
18 501
18 554
18 595
18 609
18 627
18 633
18 696
18 710
18 717
18 749
18 760
18 779
18 780
18 782
18 789
18 805
18 808
18 842
18 843
18 852
18 858
18 859
18 860
18 872
18 930
18 938
18 994
18 1018
19 20
19 25
19 27
19 31
19 32
19 33
19 34
19 40
19 43
19 49
19 50
19 56
19 59
19 71
19 87
19 92
19 93
19 95
19 101
19 108
19 112
19 113
19 116
19 119
19 120
19 122
19 126
19 145
19 146
19 152
19 153
19 155
19 161
19 166
19 170
19 173
19 175
19 177
19 204
19 213
19 223
19 227
19 244
19 250
19 264
19 294
19 295
19 300
19 315
19 333
19 353
19 356
19 366
19 367
19 375
19 396
19 431
19 448
19 473
19 476
19 478
19 489
19 516
19 534
19 567
19 571
19 584
19 589
19 594
19 609
19 614
19 615
19 622
19 625
19 653
19 683
19 713
19 718
19 721
19 736
19 750
19 836
19 837
19 839
19 851
19 864
19 880
19 890
19 893
19 900
19 904
19 938
19 964
19 990
19 996
19 999
19 1005
20 21
20 22
20 24
20 26
20 29
20 31
20 36
20 42
20 44
20 47
20 53
20 56
20 58
20 62
20 65
20 68
20 70
20 71
20 74
20 76
20 77
20 84
20 85
20 86
20 88
20 90
20 98
20 101
20 105
20 114
20 118
20 121
20 125
20 130
20 131
20 133
20 135
20 136
20 140
20 143
20 150
20 163
20 168
20 172
20 173
20 176
20 187
20 188
20 194
20 206
20 214
20 218
20 224
20 225
20 227
20 232
20 233
20 245
20 247
20 260
20 265
20 266
20 277
20 285
20 342
20 353
20 366
20 387
20 424
20 431
20 434
20 441
20 451
20 454
20 461
20 480
20 491
20 492
20 522
20 537
20 548
20 553
20 555
20 580
20 611
20 624
20 626
20 642
20 646
20 670
20 671
20 680
20 683
20 704
20 739
20 746
20 765
20 800
20 813
20 830
20 834
20 856
20 859
20 862
20 864
20 881
20 884
20 896
20 940
20 973
20 991
20 1001
20 1017
20 1019
21 27
21 28
21 29
21 31
21 32
21 40
21 43
21 49
21 50
21 59
21 69
21 71
21 74
21 75
21 78
21 81
21 92
21 105
21 112
21 120
21 128
21 130
21 136
21 138
21 145
21 169
21 174
21 184
21 215
21 237
21 256
21 298
21 313
21 316
21 325
21 338
21 363
21 378
21 392
21 415
21 438
21 487
21 505
21 514
21 551
21 575
21 595
21 606
21 678
21 741
21 763
21 773
21 818
21 828
21 867
21 912
21 915
21 924
21 974
21 975
22 23
22 26
22 27
22 28
22 30
22 32
22 33
22 34
22 35
22 38
22 47
22 49
22 51
22 52
22 57
22 58
22 59
22 61
22 63
22 64
22 70
22 90
22 99
22 106
22 110
22 113
22 115
22 151
22 153
22 155
22 158
22 162
22 165
22 167
22 193
22 203
22 213
22 216
22 222
22 241
22 251
22 254
22 258
22 274
22 340
22 364
22 371
22 383
22 398
22 426
22 438
22 471
22 506
22 541
22 550
22 585
22 666
22 669
22 677
22 683
22 710
22 715
22 718
22 736
22 772
22 773
22 778
22 784
22 857
22 925
22 954
22 963
22 991
22 1020
23 24
23 25
23 26
23 27
23 30
23 34
23 36
23 37
23 39
23 40
23 42
23 50
23 51
23 61
23 65
23 71
23 72
23 82
23 84
23 87
23 111
23 112
23 116
23 124
23 125
23 126
23 131
23 133
23 137
23 149
23 161
23 172
23 174
23 179
23 188
23 192
23 197
23 201
23 207
23 210
23 213
23 221
23 222
23 231
23 233
23 257
23 258
23 264
23 271
23 282
23 283
23 285
23 315
23 317
23 319
23 320
23 328
23 331
23 344
23 350
23 367
23 370
23 386
23 392
23 401
23 406
23 417
23 423
23 428
23 440
23 449
23 455
23 498
23 516
23 527
23 538
23 541
23 595
23 599
23 605
23 614
23 617
23 619
23 639
23 652
23 653
23 654
23 659
23 686
23 687
23 693
23 718
23 719
23 720
23 725
23 736
23 787
23 788
23 792
23 808
23 831
23 838
23 840
23 853
23 900
23 947
23 983
24 25
24 27
24 30
24 33
24 38
24 42
24 44
24 45
24 46
24 52
24 54
24 66
24 76
24 77
24 79
24 83
24 85
24 87
24 88
24 94
24 99
24 102
24 110
24 115
24 121
24 131
24 132
24 134
24 139
24 148
24 157
24 182
24 193
24 195
24 208
24 214
24 221
24 234
24 241
24 278
24 298
24 308
24 313
24 322
24 324
24 354
24 367
24 376
24 388
24 407
24 408
24 446
24 455
24 463
24 466
24 507
24 509
24 539
24 547
24 563
24 574
24 575
24 595
24 597
24 618
24 622
24 676
24 685
24 689
24 710
24 713
24 714
24 723
24 732
24 783
24 794
24 803
24 806
24 809
24 825
24 842
24 886
24 969
24 993
24 1010
25 26
25 28
25 29
25 30
25 32
25 33
25 34
25 35
25 42
25 54
25 56
25 59
25 63
25 65
25 73
25 80
25 88
25 102
25 110
25 128
25 135
25 159
25 164
25 166
25 172
25 181
25 203
25 212
25 213
25 217
25 223
25 224
25 241
25 258
25 265
25 273
25 301
25 319
25 329
25 335
25 340
25 357
25 363
25 364
25 378
25 381
25 382
25 396
25 414
25 429
25 449
25 495
25 504
25 505
25 528
25 593
25 612
25 625
25 648
25 663
25 681
25 687
25 709
25 715
25 737
25 754
25 766
25 774
25 783
25 806
25 819
25 830
25 883
25 913
25 917
25 932
25 976
25 983
25 1002
26 27
26 29
26 32
26 39
26 45
26 49
26 50
26 54
26 55
26 71
26 89
26 91
26 95
26 96
26 109
26 122
26 127
26 128
26 129
26 138
26 149
26 168
26 180
26 194
26 202
26 213
26 217
26 218
26 235
26 250
26 256
26 264
26 281
26 288
26 308
26 313
26 352
26 358
26 369
26 386
26 405
26 410
26 443
26 447
26 462
26 477
26 483
26 508
26 511
26 519
26 521
26 540
26 546
26 569
26 577
26 583
26 587
26 594
26 608
26 638
26 674
26 764
26 812
26 814
26 928
26 950
26 958
26 995
26 1010
26 1013
27 33
27 37
27 38
27 40
27 41
27 45
27 49
27 51
27 68
27 70
27 80
27 88
27 99
27 118
27 148
27 160
27 200
27 235
27 240
27 245
27 300
27 328
27 360
27 369
27 388
27 430
27 437
27 454
27 473
27 486
27 488
27 492
27 497
27 498
27 572
27 573
27 583
27 654
27 656
27 678
27 692
27 697
27 743
27 771
27 798
27 807
27 866
27 914
27 960
27 982
28 40
28 43
28 58
28 60
28 61
28 63
28 68
28 69
28 74
28 78
28 81
28 86
28 108
28 132
28 133
28 136
28 137
28 138
28 150
28 152
28 157
28 163
28 171
28 179
28 184
28 228
28 256
28 260
28 275
28 278
28 287
28 296
28 342
28 358
28 391
28 420
28 424
28 439
28 444
28 448
28 455
28 465
28 468
28 472
28 474
28 483
28 500
28 517
28 528
28 571
28 588
28 652
28 657
28 738
28 754
28 894
28 895
28 899
28 958
29 35
29 45
29 55
29 58
29 59
29 63
29 64
29 78
29 80
29 90
29 102
29 107
29 117
29 118
29 149
29 153
29 156
29 168
29 181
29 183
29 200
29 206
29 226
29 249
29 271
29 274
29 276
29 279
29 310
29 311
29 319
29 351
29 376
29 377
29 396
29 400
29 417
29 422
29 446
29 453
29 465
29 476
29 477
29 492
29 504
29 508
29 539
29 540
29 542
29 550
29 574
29 582
29 608
29 619
29 620
29 624
29 628
29 635
29 641
29 664
29 702
29 703
29 747
29 749
29 764
29 790
29 860
29 883
29 884
29 891
29 893
29 910
29 980
29 984
29 988
29 1001
30 32
30 41
30 44
30 69
30 78
30 112
30 117
30 119
30 122
30 132
30 133
30 153
30 154
30 155
30 187
30 193
30 198
30 215
30 224
30 251
30 259
30 276
30 293
30 294
30 314
30 338
30 342
30 348
30 372
30 373
30 385
30 397
30 416
30 436
30 486
30 531
30 536
30 574
30 604
30 641
30 653
30 681
30 706
30 744
30 781
30 782
30 798
30 804
30 811
30 827
30 854
30 863
30 897
30 940
30 963
30 992
30 998
30 1006
30 1013
31 36
31 39
31 45
31 46
31 47
31 62
31 71
31 72
31 76
31 89
31 136
31 169
31 200
31 201
31 222
31 233
31 256
31 280
31 283
31 288
31 292
31 303
31 321
31 327
31 334
31 341
31 348
31 352
31 370
31 390
31 464
31 474
31 493
31 544
31 574
31 617
31 632
31 674
31 768
31 784
31 839
31 841
31 875
31 946
31 977
31 1003
31 1014
32 35
32 36
32 37
32 39
32 40
32 41
32 44
32 49
32 55
32 68
32 69
32 85
32 94
32 96
32 97
32 119
32 155
32 173
32 174
32 188
32 195
32 211
32 251
32 259
32 301
32 312
32 336
32 342
32 387
32 405
32 409
32 415
32 417
32 429
32 437
32 446
32 455
32 484
32 488
32 494
32 543
32 586
32 600
32 604
32 607
32 632
32 635
32 687
32 706
32 712
32 728
32 729
32 762
32 769
32 814
32 831
32 864
32 876
32 880
32 885
32 893
32 1001
33 43
33 45
33 51
33 60
33 63
33 74
33 97
33 98
33 104
33 113
33 128
33 131
33 151
33 168
33 176
33 196
33 208
33 214
33 228
33 262
33 317
33 332
33 347
33 357
33 368
33 382
33 426
33 442
33 479
33 525
33 535
33 593
33 600
33 604
33 607
33 610
33 612
33 658
33 728
33 771
33 845
33 850
33 875
33 929
33 953
33 964
33 996
34 36
34 38
34 46
34 48
34 50
34 53
34 55
34 73
34 81
34 92
34 97
34 101
34 103
34 107
34 115
34 135
34 149
34 152
34 157
34 158
34 161
34 163
34 183
34 185
34 189
34 198
34 203
34 216
34 261
34 273
34 274
34 286
34 330
34 344
34 347
34 349
34 361
34 372
34 377
34 416
34 443
34 472
34 484
34 539
34 550
34 557
34 561
34 571
34 572
34 584
34 588
34 599
34 603
34 636
34 710
34 774
34 792
34 805
34 830
34 847
34 885
34 892
34 935
35 38
35 39
35 42
35 43
35 44
35 49
35 65
35 67
35 72
35 73
35 76
35 77
35 78
35 98
35 101
35 106
35 109
35 110
35 111
35 114
35 118
35 131
35 203
35 207
35 215
35 216
35 233
35 237
35 241
35 242
35 252
35 267
35 272
35 290
35 301
35 310
35 326
35 385
35 393
35 420
35 452
35 458
35 461
35 494
35 498
35 505
35 516
35 532
35 543
35 575
35 597
35 634
35 638
35 658
35 689
35 712
35 719
35 789
35 799
35 822
35 845
35 847
35 876
35 878
35 904
35 923
35 931
35 965
35 1000
36 39
36 47
36 54
36 56
36 67
36 70
36 79
36 92
36 94
36 139
36 192
36 197
36 204
36 219
36 220
36 258
36 316
36 349
36 380
36 398
36 403
36 430
36 492
36 547
36 551
36 564
36 578
36 615
36 702
36 757
36 760
36 770
36 796
36 801
36 875
36 884
36 972
37 45
37 59
37 63
37 68
37 75
37 92
37 106
37 110
37 119
37 121
37 123
37 133
37 140
37 147
37 149
37 153
37 216
37 236
37 261
37 270
37 302
37 309
37 386
37 429
37 445
37 446
37 451
37 486
37 508
37 529
37 603
37 604
37 606
37 662
37 679
37 692
37 753
37 851
37 909
37 955
38 39
38 40
38 41
38 47
38 50
38 52
38 54
38 58
38 61
38 79
38 87
38 103
38 130
38 132
38 145
38 151
38 155
38 163
38 176
38 180
38 181
38 189
38 195
38 221
38 223
38 225
38 227
38 232
38 243
38 250
38 251
38 262
38 267
38 285
38 289
38 298
38 312
38 333
38 350
38 360
38 371
38 381
38 387
38 394
38 397
38 398
38 402
38 410
38 421
38 461
38 465
38 477
38 491
38 498
38 505
38 518
38 561
38 583
38 589
38 601
38 615
38 620
38 645
38 648
38 650
38 707
38 724
38 735
38 743
38 785
38 812
38 830
38 858
38 869
38 871
38 884
38 898
38 915
38 918
38 923
38 964
38 993
38 1019
39 64
39 70
39 79
39 97
39 107
39 108
39 141
39 158
39 160
39 163
39 198
39 210
39 233
39 239
39 251
39 279
39 297
39 320
39 332
39 373
39 384
39 409
39 431
39 442
39 453
39 513
39 569
39 643
39 651
39 679
39 705
39 708
39 709
39 712
39 870
39 927
39 951
39 954
39 1012
40 43
40 46
40 52
40 53
40 54
40 56
40 69
40 70
40 84
40 89
40 129
40 143
40 154
40 165
40 176
40 182
40 255
40 259
40 283
40 285
40 300
40 344
40 378
40 379
40 398
40 399
40 405
40 407
40 422
40 466
40 478
40 496
40 497
40 501
40 504
40 545
40 553
40 567
40 594
40 596
40 612
40 618
40 635
40 645
40 659
40 664
40 712
40 732
40 742
40 755
40 761
40 768
40 770
40 788
40 792
40 794
40 820
40 856
40 901
40 928
40 939
41 47
41 48
41 49
41 64
41 68
41 72
41 92
41 99
41 100
41 131
41 144
41 149
41 164
41 173
41 208
41 221
41 222
41 227
41 231
41 238
41 265
41 331
41 341
41 361
41 364
41 365
41 381
41 413
41 441
41 447
41 450
41 507
41 534
41 535
41 542
41 567
41 701
41 714
41 722
41 740
41 823
41 860
41 920
41 923
41 929
41 968
41 971
41 976
41 997
41 1005
41 1021
42 60
42 62
42 90
42 106
42 108
42 109
42 158
42 160
42 165
42 185
42 187
42 217
42 229
42 230
42 234
42 275
42 296
42 318
42 326
42 353
42 397
42 427
42 449
42 480
42 496
42 510
42 542
42 558
42 616
42 630
42 697
42 706
42 878
42 919
42 1018
43 44
43 49
43 53
43 54
43 73
43 77
43 78
43 89
43 90
43 93
43 95
43 98
43 118
43 124
43 127
43 139
43 153
43 154
43 164
43 183
43 187
43 190
43 199
43 205
43 228
43 243
43 265
43 275
43 285
43 287
43 328
43 340
43 344
43 346
43 347
43 352
43 368
43 382
43 390
43 462
43 470
43 482
43 483
43 507
43 524
43 536
43 537
43 569
43 593
43 607
43 618
43 653
43 656
43 659
43 693
43 707
43 719
43 720
43 750
43 759
43 775
43 797
43 861
43 866
43 900
43 935
43 936
43 950
43 994
43 1020
43 1023
44 60
44 62
44 81
44 82
44 115
44 123
44 127
44 156
44 190
44 192
44 200
44 202
44 234
44 240
44 249
44 257
44 278
44 316
44 348
44 379
44 402
44 412
44 419
44 432
44 440
44 464
44 467
44 477
44 480
44 503
44 505
44 520
44 523
44 554
44 625
44 663
44 667
44 678
44 752
44 753
44 765
44 766
44 835
44 843
44 848
44 852
44 892
44 912
44 932
44 956
44 1002
44 1015
45 56
45 84
45 95
45 112
45 129
45 143
45 167
45 172
45 181
45 199
45 203
45 238
45 262
45 295
45 349
45 384
45 391
45 463
45 466
45 496
45 504
45 533
45 553
45 554
45 573
45 578
45 752
45 754
45 872
45 895
45 936
45 941
45 945
46 55
46 56
46 57
46 117
46 123
46 140
46 141
46 144
46 188
46 191
46 219
46 225
46 228
46 230
46 254
46 262
46 264
46 306
46 321
46 345
46 442
46 477
46 478
46 485
46 500
46 514
46 533
46 540
46 615
46 679
46 707
46 786
46 868
46 940
47 51
47 59
47 70
47 73
47 74
47 82
47 95
47 113
47 136
47 142
47 147
47 150
47 152
47 174
47 239
47 269
47 277
47 298
47 299
47 309
47 337
47 338
47 390
47 404
47 410
47 414
47 419
47 422
47 438
47 470
47 481
47 484
47 508
47 511
47 570
47 607
47 653
47 660
47 712
47 731
47 738
47 798
47 849
47 861
47 878
47 917
47 934
47 966
47 987
47 1012
48 59
48 66
48 80
48 100
48 117
48 126
48 135
48 156
48 173
48 181
48 208
48 211
48 238
48 253
48 296
48 387
48 399
48 405
48 458
48 479
48 552
48 594
48 693
48 695
48 704
48 737
48 779
48 807
48 814
48 815
48 827
49 50
49 75
49 117
49 134
49 137
49 139
49 156
49 162
49 179
49 235
49 238
49 241
49 445
49 482
49 523
49 619
49 622
49 719
49 788
49 828
49 841
49 847
49 850
49 1004
49 1014
50 73
50 80
50 81
50 83
50 102
50 118
50 130
50 150
50 166
50 172
50 184
50 208
50 222
50 224
50 260
50 265
50 269
50 305
50 336
50 391
50 394
50 427
50 448
50 449
50 463
50 464
50 468
50 504
50 527
50 564
50 591
50 618
50 644
50 646
50 659
50 673
50 700
50 744
50 749
50 772
50 774
50 807
50 859
50 874
50 946
50 1008
51 67
51 70
51 85
51 87
51 93
51 100
51 101
51 109
51 111
51 120
51 140
51 144
51 145
51 146
51 161
51 187
51 214
51 245
51 249
51 277
51 279
51 304
51 306
51 319
51 333
51 356
51 357
51 366
51 380
51 391
51 401
51 407
51 414
51 447
51 484
51 502
51 573
51 603
51 655
51 683
51 708
51 745
51 752
51 788
51 854
51 881
51 895
51 906
51 989
51 1000
51 1002
52 69
52 107
52 126
52 139
52 161
52 169
52 175
52 207
52 220
52 231
52 251
52 263
52 273
52 307
52 308
52 324
52 329
52 368
52 414
52 516
52 524
52 588
52 601
52 620
52 621
52 683
52 805
52 812
52 849
52 873
52 899
52 926
52 933
52 951
52 953
52 992
52 1000
52 1020
53 116
53 145
53 160
53 168
53 178
53 185
53 196
53 219
53 256
53 297
53 300
53 327
53 350
53 352
53 359
53 390
53 398
53 400
53 423
53 425
53 527
53 583
53 608
53 629
53 648
53 705
53 707
53 835
53 839
53 886
53 942
53 990
54 56
54 60
54 64
54 66
54 84
54 114
54 126
54 148
54 151
54 158
54 213
54 231
54 262
54 293
54 347
54 372
54 386
54 421
54 433
54 441
54 490
54 494
54 552
54 597
54 623
54 690
54 714
54 760
54 776
54 811
54 853
54 894
54 1017
55 57
55 60
55 75
55 77
55 80
55 82
55 88
55 91
55 100
55 104
55 122
55 123
55 128
55 170
55 194
55 274
55 276
55 290
55 293
55 309
55 311
55 327
55 345
55 388
55 409
55 413
55 414
55 422
55 440
55 474
55 498
55 518
55 551
55 592
55 603
55 609
55 639
55 692
55 697
55 756
55 761
55 770
55 807
55 824
55 830
55 850
55 871
55 883
55 921
55 924
55 1019
56 95
56 98
56 99
56 119
56 143
56 179
56 243
56 296
56 307
56 321
56 397
56 427
56 488
56 555
56 562
56 572
56 601
56 647
56 688
57 58
57 66
57 67
57 83
57 115
57 134
57 180
57 196
57 278
57 282
57 344
57 359
57 401
57 402
57 409
57 420
57 464
57 512
57 686
57 755
57 922
57 979
57 994
58 82
58 126
58 127
58 131
58 146
58 159
58 170
58 183
58 240
58 295
58 328
58 381
58 390
58 495
58 588
58 593
58 826
58 924
58 972
59 61
59 85
59 191
59 203
59 234
59 251
59 264
59 523
59 716
59 758
59 775
59 776
59 795
59 871
60 62
60 67
60 70
60 76
60 86
60 91
60 96
60 99
60 110
60 120
60 122
60 124
60 132
60 166
60 187
60 206
60 223
60 229
60 245
60 260
60 266
60 277
60 286
60 287
60 311
60 336
60 349
60 354
60 356
60 383
60 395
60 402
60 418
60 423
60 470
60 511
60 512
60 543
60 544
60 611
60 624
60 627
60 658
60 684
60 687
60 697
60 699
60 702
60 707
60 798
60 801
60 815
60 892
60 956
60 982
60 998
61 65
61 66
61 67
61 75
61 114
61 198
61 211
61 212
61 250
61 257
61 260
61 265
61 273
61 278
61 290
61 292
61 304
61 318
61 328
61 418
61 430
61 443
61 460
61 466
61 485
61 488
61 527
61 577
61 602
61 613
61 656
61 671
61 673
61 721
61 735
61 738
61 783
61 784
61 798
61 799
61 858
61 894
61 901
61 928
61 956
61 961
61 981
62 71
62 78
62 82
62 85
62 93
62 95
62 99
62 102
62 103
62 111
62 116
62 118
62 123
62 125
62 129
62 134
62 144
62 147
62 148
62 162
62 171
62 218
62 234
62 238
62 255
62 283
62 307
62 323
62 329
62 381
62 382
62 395
62 403
62 462
62 485
62 492
62 494
62 524
62 535
62 570
62 587
62 617
62 623
62 671
62 677
62 819
62 855
62 861
62 873
62 953
62 965
62 1022
63 65
63 72
63 73
63 75
63 81
63 96
63 97
63 107
63 108
63 113
63 115
63 182
63 183
63 185
63 197
63 204
63 248
63 253
63 254
63 306
63 309
63 313
63 326
63 331
63 336
63 337
63 345
63 385
63 394
63 418
63 419
63 420
63 427
63 436
63 445
63 454
63 477
63 485
63 528
63 606
63 651
63 669
63 672
63 706
63 774
63 776
63 799
63 803
63 820
63 823
63 829
63 862
63 872
63 875
63 910
63 929
63 930
63 1008
64 83
64 96
64 113
64 126
64 168
64 170
64 189
64 221
64 277
64 372
64 465
64 491
64 497
64 541
64 557
64 570
64 622
64 625
64 841
64 843
64 858
64 862
64 885
64 969
64 1016
64 1018
65 120
65 137
65 158
65 164
65 198
65 215
65 236
65 244
65 268
65 291
65 374
65 383
65 399
65 466
65 496
65 516
65 525
65 566
65 577
65 643
65 663
65 703
65 722
65 749
65 802
65 867
65 954
65 962
66 73
66 76
66 81
66 90
66 91
66 105
66 119
66 124
66 147
66 150
66 176
66 202
66 263
66 295
66 346
66 356
66 359
66 415
66 425
66 450
66 469
66 472
66 476
66 489
66 490
66 519
66 521
66 526
66 531
66 568
66 583
66 598
66 642
66 654
66 712
66 724
66 741
66 769
66 781
66 974
66 991
67 78
67 79
67 96
67 100
67 105
67 127
67 197
67 266
67 270
67 279
67 324
67 432
67 442
67 447
67 452
67 499
67 516
67 518
67 545
67 553
67 582
67 597
67 610
67 631
67 677
67 712
67 719
67 741
67 769
67 798
67 822
67 879
67 886
67 946
67 963
67 982
67 1007
68 69
68 71
68 80
68 110
68 124
68 138
68 141
68 156
68 160
68 173
68 179
68 186
68 209
68 243
68 266
68 271
68 286
68 306
68 313
68 315
68 337
68 338
68 350
68 363
68 366
68 393
68 460
68 519
68 521
68 550
68 556
68 604
68 614
68 634
68 644
68 672
68 677
68 749
68 773
68 837
68 839
68 934
68 956
68 961
68 987
69 82
69 86
69 102
69 112
69 116
69 118
69 125
69 174
69 193
69 266
69 288
69 326
69 328
69 349
69 356
69 404
69 415
69 476
69 486
69 493
69 539
69 698
69 743
69 772
69 809
69 871
69 882
69 977
70 91
70 110
70 190
70 217
70 223
70 224
70 234
70 239
70 242
70 254
70 262
70 306
70 332
70 339
70 361
70 393
70 396
70 419
70 436
70 475
70 500
70 528
70 537
70 581
70 592
70 598
70 701
70 727
70 728
70 739
70 813
70 829
70 855
70 867
70 922
70 945
70 973
70 1014
71 77
71 83
71 86
71 88
71 133
71 198
71 204
71 206
71 211
71 230
71 241
71 248
71 261
71 293
71 337
71 442
71 475
71 587
71 629
71 641
71 647
71 711
71 904
71 922
71 952
72 74
72 92
72 100
72 134
72 157
72 180
72 212
72 235
72 237
72 239
72 329
72 331
72 386
72 500
72 547
72 574
72 607
72 868
72 878
72 897
72 978
72 995
73 76
73 114
73 173
73 201
73 202
73 222
73 244
73 248
73 270
73 271
73 405
73 520
73 541
73 554
73 556
73 725
73 744
73 745
73 759
73 803
73 820
73 829
73 894
74 79
74 81
74 82
74 89
74 102
74 138
74 186
74 190
74 208
74 210
74 219
74 226
74 232
74 243
74 253
74 264
74 266
74 310
74 314
74 358
74 451
74 489
74 517
74 555
74 559
74 605
74 643
74 707
74 788
74 789
74 826
74 904
74 958
74 967
74 1013
75 76
75 83
75 89
75 122
75 148
75 165
75 174
75 205
75 210
75 238
75 256
75 301
75 302
75 319
75 331
75 356
75 411
75 439
75 478
75 524
75 547
75 567
75 585
75 634
75 682
75 761
75 819
75 822
75 833
75 850
75 902
75 923
75 938
75 971
75 999
75 1008
76 100
76 101
76 104
76 105
76 128
76 129
76 163
76 171
76 185
76 188
76 194
76 199
76 220
76 229
76 232
76 236
76 268
76 335
76 349
76 393
76 406
76 409
76 463
76 478
76 485
76 598
76 620
76 621
76 667
76 681
76 750
76 779
76 784
76 785
76 806
76 848
76 875
76 930
76 1011
76 1019
77 79
77 83
77 101
77 180
77 181
77 186
77 213
77 223
77 229
77 267
77 316
77 433
77 477
77 519
77 523
77 546
77 588
77 625
77 763
77 767
77 838
77 913
77 997
78 98
78 108
78 124
78 169
78 182
78 333
78 348
78 391
78 394
78 406
78 413
78 459
78 479
78 493
78 556
78 659
79 83
79 86
79 110
79 163
79 176
79 194
79 196
79 209
79 216
79 226
79 230
79 231
79 234
79 241
79 244
79 256
79 266
79 269
79 285
79 305
79 307
79 309
79 310
79 332
79 362
79 399
79 407
79 425
79 449
79 464
79 499
79 539
79 610
79 616
79 633
79 693
79 728
79 751
79 767
79 812
79 867
79 887
79 977
80 134
80 139
80 140
80 176
80 187
80 189
80 191
80 237
80 261
80 277
80 290
80 336
80 411
80 425
80 430
80 457
80 465
80 480
80 565
80 607
80 632
80 709
80 804
80 832
80 836
80 900
80 928
80 937
80 979
80 1010
81 85
81 89
81 98
81 116
81 117
81 125
81 137
81 150
81 171
81 185
81 189
81 191
81 196
81 197
81 241
81 263
81 294
81 314
81 359
81 377
81 390
81 435
81 443
81 468
81 470
81 530
81 579
81 596
81 617
81 628
81 629
81 812
81 979
81 983
82 87
82 94
82 109
82 117
82 137
82 164
82 267
82 273
82 286
82 288
82 289
82 310
82 312
82 368
82 426
82 431
82 484
82 586
82 589
82 647
82 654
82 682
82 711
82 727
82 730
82 739
82 745
82 752
82 828
82 846
82 926
82 952
82 965
83 86
83 89
83 94
83 98
83 108
83 110
83 124
83 147
83 157
83 188
83 208
83 264
83 274
83 284
83 330
83 398
83 421
83 426
83 526
83 621
83 657
83 665
83 682
83 749
83 751
83 773
83 804
83 846
83 848
83 905
83 955
84 95
84 108
84 151
84 163
84 171
84 205
84 221
84 348
84 370
84 383
84 424
84 575
84 598
84 641
84 642
84 658
84 733
84 877
84 881
84 958
84 989
85 125
85 129
85 142
85 160
85 198
85 212
85 242
85 250
85 269
85 272
85 454
85 458
85 509
85 513
85 563
85 564
85 614
85 616
85 621
85 746
85 780
85 791
86 107
86 141
86 162
86 172
86 240
86 297
86 318
86 350
86 352
86 430
86 435
86 472
86 493
86 571
86 572
86 626
86 666
86 671
86 676
86 699
86 824
86 859
86 920
86 1002
87 167
87 196
87 202
87 209
87 274
87 303
87 380
87 381
87 489
87 524
87 627
87 651
87 832
87 892
88 97
88 138
88 210
88 217
88 230
88 236
88 242
88 249
88 254
88 268
88 343
88 362
88 421
88 424
88 465
88 485
88 490
88 502
88 529
88 533
88 545
88 557
88 580
88 586
88 675
88 689
88 743
88 748
88 757
88 781
88 846
88 903
88 971
89 146
89 177
89 240
89 280
89 295
89 432
89 491
89 547
89 628
89 650
89 777
89 817
89 842
89 909
89 949
89 967
89 1020
90 126
90 146
90 154
90 156
90 345
90 412
90 451
90 513
90 570
90 605
90 609
90 695
90 708
90 729
90 793
90 835
90 904
90 978
90 1014
91 120
91 130
91 197
91 209
91 253
91 337
91 350
91 374
91 395
91 512
91 519
91 758
91 761
91 824
91 895
92 111
92 115
92 130
92 139
92 158
92 179
92 202
92 205
92 237
92 247
92 252
92 254
92 308
92 313
92 329
92 338
92 363
92 382
92 389
92 444
92 454
92 470
92 477
92 509
92 547
92 660
92 672
92 697
92 708
92 718
92 730
92 751
92 752
92 753
92 796
92 808
92 811
92 820
92 845
92 883
92 928
92 950
92 985
92 990
92 1006
92 1012
92 1021
93 111
93 137
93 144
93 182
93 216
93 222
93 234
93 255
93 271
93 272
93 292
93 317
93 372
93 497
93 537
93 576
93 651
93 683
93 691
93 714
93 731
93 747
93 788
93 825
93 848
93 868
93 890
93 919
93 928
93 930
93 933
93 958
93 988
94 123
94 136
94 232
94 244
94 325
94 346
94 369
94 399
94 421
94 564
94 652
95 103
95 111
95 142
95 150
95 156
95 160
95 172
95 174
95 184
95 200
95 215
95 253
95 283
95 295
95 296
95 344
95 370
95 396
95 405
95 415
95 432
95 437
95 444
95 451
95 501
95 506
95 529
95 565
95 582
95 627
95 680
95 694
95 718
95 808
95 855
95 868
95 911
95 925
95 956
95 997
95 1003
96 106
96 108
96 142
96 159
96 173
96 239
96 251
96 253
96 289
96 314
96 324
96 367
96 415
96 421
96 452
96 515
96 531
96 574
96 636
96 655
96 668
96 713
96 751
96 765
96 781
96 813
96 837
96 878
96 900
96 910
96 939
96 951
96 957
96 959
96 1023
97 104
97 156
97 192
97 222
97 235
97 283
97 291
97 339
97 392
97 475
97 494
97 532
97 538
97 577
97 655
97 666
97 667
97 702
97 742
97 761
97 773
97 866
97 927
97 940
97 957
97 984
98 156
98 158
98 173
98 178
98 199
98 248
98 258
98 269
98 289
98 322
98 360
98 402
98 559
98 585
98 665
98 878
98 995
99 114
99 123
99 164
99 183
99 189
99 217
99 238
99 330
99 345
99 362
99 404
99 463
99 494
99 498
99 511
99 515
99 529
99 645
99 763
99 840
99 845
99 863
99 870
99 922
99 987
100 104
100 119
100 180
100 276
100 294
100 340
100 409
100 439
100 582
100 640
100 795
100 800
100 809
100 824
100 902
100 958
100 962
100 1016
101 171
101 186
101 202
101 205
101 211
101 257
101 260
101 279
101 348
101 360
101 373
101 380
101 444
101 509
101 519
101 557
101 600
101 640
101 695
101 722
101 765
101 854
101 956
102 103
102 107
102 197
102 201
102 205
102 211
102 239
102 241
102 248
102 293
102 334
102 336
102 388
102 460
102 499
102 533
102 587
102 659
102 667
102 690
102 756
102 818
102 831
102 842
102 881
102 916
102 946
102 961
103 108
103 137
103 174
103 177
103 196
103 199
103 225
103 270
103 271
103 301
103 305
103 323
103 331
103 362
103 385
103 410
103 425
103 479
103 570
103 637
103 653
103 654
103 703
103 818
103 847
103 861
103 891
103 910
103 948
103 1004
103 1006
104 109
104 120
104 122
104 132
104 167
104 169
104 200
104 211
104 236
104 274
104 281
104 412
104 413
104 439
104 459
104 603
104 628
104 663
104 674
104 678
104 698
104 778
104 799
104 803
105 124
105 134
105 147
105 157
105 165
105 166
105 185
105 245
105 374
105 524
105 526
105 835
105 941
105 982
105 1018
106 152
106 204
106 258
106 260
106 307
106 309
106 326
106 340
106 345
106 363
106 381
106 406
106 475
106 539
106 546
106 569
106 584
106 626
106 644
106 724
106 740
106 756
106 777
106 873
106 962
107 148
107 161
107 169
107 228
107 320
107 342
107 401
107 432
107 433
107 447
107 456
107 501
107 566
108 139
108 165
108 193
108 195
108 204
108 206
108 214
108 321
108 336
108 359
108 421
108 530
108 551
108 558
108 561
108 592
108 694
108 701
108 725
108 751
108 799
108 922
108 970
109 129
109 165
109 200
109 211
109 239
109 264
109 288
109 292
109 382
109 411
109 438
109 491
109 581
109 590
109 592
109 608
109 621
109 786
109 793
109 871
109 981
110 112
110 116
110 227
110 242
110 258
110 261
110 304
110 352
110 381
110 440
110 625
110 817
110 826
110 971
110 1011
110 1023
111 113
111 133
111 138
111 240
111 292
111 327
111 355
111 375
111 424
111 467
111 468
111 476
111 482
111 554
111 802
111 865
111 880
111 986
111 1012
112 122
112 160
112 212
112 278
112 302
112 305
112 354
112 439
112 455
112 489
112 555
112 680
112 735
112 744
112 779
112 800
112 910
113 179
113 221
113 225
113 234
113 246
113 259
113 263
113 282
113 284
113 312
113 333
113 339
113 347
113 357
113 365
113 379
113 390
113 411
113 533
113 585
113 618
113 640
113 673
113 674
113 709
113 727
113 737
113 757
113 766
113 776
113 840
113 841
113 973
113 975
114 132
114 157
114 194
114 205
114 259
114 366
114 379
114 384
114 482
114 562
114 653
114 660
114 742
114 863
115 123
115 130
115 210
115 229
115 233
115 285
115 451
115 568
115 642
115 720
115 794
115 877
115 883
115 993
116 121
116 137
116 143
116 154
116 180
116 197
116 237
116 294
116 325
116 340
116 341
116 367
116 369
116 407
116 439
116 487
116 579
116 580
116 610
116 632
116 750
116 759
116 817
116 876
116 900
116 977
116 980
117 138
117 145
117 171
117 220
117 221
117 230
117 235
117 252
117 255
117 266
117 282
117 304
117 316
117 327
117 329
117 411
117 421
117 459
117 502
117 535
117 560
117 563
117 614
117 622
117 624
117 648
117 661
117 668
117 768
117 792
117 807
117 828
117 929
117 936
117 1003
118 120
118 130
118 198
118 204
118 225
118 247
118 270
118 276
118 279
118 299
118 309
118 323
118 355
118 367
118 371
118 383
118 389
118 566
118 741
118 803
118 848
118 863
118 866
118 902
118 964
118 1022
119 126
119 127
119 180
119 194
119 263
119 285
119 309
119 325
119 332
119 513
119 544
119 638
119 648
119 879
119 914
119 939
119 966
120 125
120 132
120 173
120 189
120 215
120 225
120 232
120 240
120 247
120 327
120 369
120 435
120 442
120 509
120 514
120 545
120 556
120 587
120 615
120 633
120 635
120 704
120 705
120 723
120 726
120 776
120 781
120 791
120 817
120 851
120 885
120 898
120 930
120 958
120 965
121 125
121 167
121 210
121 218
121 219
121 226
121 315
121 358
121 371
121 621
121 657
121 682
121 743
121 751
121 756
121 843
121 862
121 894
121 909
121 989
121 992
121 1021
122 130
122 141
122 149
122 223
122 298
122 334
122 361
122 540
122 572
122 600
122 603
122 607
122 880
122 932
123 143
123 152
123 155
123 177
123 194
123 208
123 240
123 253
123 283
123 330
123 352
123 379
123 472
123 554
123 555
123 561
123 628
123 634
123 647
123 663
123 676
123 823
123 830
123 837
123 848
123 873
124 228
124 278
124 312
124 335
124 404
124 482
124 506
124 526
124 537
124 606
124 680
124 723
124 868
124 1013
125 132
125 165
125 174
125 175
125 193
125 201
125 208
125 209
125 232
125 257
125 289
125 303
125 378
125 420
125 422
125 460
125 490
125 514
125 542
125 606
125 785
125 1001
126 140
126 175
126 223
126 303
126 325
126 360
126 378
126 397
126 545
126 573
126 590
126 670
126 759
126 778
126 807
126 853
126 892
126 942
127 153
127 235
127 237
127 254
127 300
127 319
127 373
127 414
127 425
127 654
127 660
127 698
127 714
127 752
127 777
127 805
127 851
127 1010
127 1022
128 183
128 203
128 207
128 226
128 249
128 411
128 425
128 453
128 536
128 610
128 746
128 792
128 827
128 874
128 879
128 905
128 911
128 975
129 141
129 142
129 147
129 151
129 152
129 161
129 215
129 278
129 289
129 408
129 436
129 456
129 567
129 572
129 589
129 602
129 681
129 729
129 793
129 864
130 164
130 185
130 219
130 223
130 224
130 269
130 369
130 376
130 469
130 604
130 648
130 662
130 705
130 736
130 757
130 880
130 926
131 140
131 203
131 207
131 228
131 229
131 237
131 252
131 255
131 265
131 378
131 442
131 479
131 520
131 563
131 565
131 861
131 875
131 876
131 892
131 916
131 935
131 946
131 968
131 996
132 152
132 178
132 203
132 234
132 262
132 269
132 275
132 317
132 351
132 415
132 446
132 474
132 508
132 517
132 613
132 693
132 717
132 749
132 980
133 249
133 292
133 441
133 461
133 484
133 523
133 573
133 634
133 723
133 789
133 810
134 141
134 162
134 168
134 200
134 217
134 308
134 320
134 341
134 428
134 557
134 590
134 592
134 649
134 733
134 801
135 145
135 151
135 155
135 263
135 286
135 300
135 357
135 473
135 569
135 690
135 790
135 908
135 925
136 178
136 180
136 208
136 235
136 250
136 264
136 287
136 325
136 348
136 386
136 387
136 394
136 406
136 420
136 510
136 515
136 518
136 575
136 598
136 605
136 617
136 652
136 662
136 689
136 713
136 755
136 768
136 793
136 819
136 903
136 906
136 921
137 144
137 164
137 169
137 177
137 227
137 272
137 321
137 449
137 461
137 489
137 533
137 662
137 709
137 916
138 200
138 225
138 241
138 252
138 257
138 295
138 330
138 353
138 368
138 403
138 435
138 438
138 442
138 478
138 490
138 558
138 560
138 564
138 581
138 616
138 631
138 638
138 857
138 915
138 917
138 955
139 169
139 176
139 236
139 300
139 317
139 339
139 396
139 428
139 434
139 459
139 495
139 508
139 534
139 535
139 615
139 644
139 661
139 775
139 783
139 791
139 869
139 929
139 951
140 212
140 216
140 246
140 383
140 389
140 506
140 520
140 553
140 559
140 562
140 616
140 633
140 711
140 715
140 756
140 825
141 211
141 230
141 343
141 363
141 445
141 473
141 552
141 593
141 732
141 796
141 983
142 159
142 186
142 233
142 373
142 389
142 401
142 407
142 510
142 611
142 751
142 927
142 966
143 189
143 191
143 228
143 239
143 243
143 282
143 384
143 419
143 429
143 502
143 571
143 633
143 661
143 733
143 735
143 788
143 927
143 930
143 1023
144 157
144 186
144 204
144 206
144 246
144 283
144 299
144 362
144 408
144 424
144 457
144 489
144 503
144 653
144 670
144 720
144 827
144 981
144 1001
145 147
145 153
145 214
145 287
145 357
145 435
145 615
145 945
145 949
145 961
146 159
146 165
146 169
146 174
146 182
146 190
146 200
146 277
146 295
146 334
146 335
146 373
146 448
146 460
146 471
146 480
146 500
146 530
146 567
146 631
146 666
146 677
146 695
146 721
146 761
146 762
146 768
146 789
146 812
146 880
146 900
146 991
147 157
147 186
147 205
147 212
147 242
147 284
147 286
147 318
147 342
147 362
147 374
147 500
147 505
147 518
147 670
147 738
147 856
147 870
147 972
147 993
148 172
148 201
148 220
148 297
148 302
148 347
148 365
148 398
148 511
148 523
148 547
148 551
148 610
148 663
148 667
148 677
148 690
148 702
148 743
148 753
148 780
148 896
148 922
148 933
148 961
148 1021
149 154
149 158
149 172
149 218
149 240
149 261
149 420
149 438
149 612
149 649
149 762
149 897
149 907
149 928
149 979
150 184
150 188
150 314
150 332
150 393
150 470
150 504
150 559
150 598
150 682
150 690
150 692
150 737
150 779
150 817
150 855
150 858
150 954
151 176
151 188
151 218
151 272
151 301
151 341
151 534
151 549
151 556
151 569
151 682
151 791
151 852
151 877
151 932
151 944
152 190
152 270
152 280
152 335
152 379
152 454
152 845
152 905
152 963
153 184
153 189
153 230
153 269
153 394
153 439
153 504
153 515
153 527
153 532
153 589
153 628
153 630
153 655
153 682
153 684
153 685
153 715
153 729
153 749
153 752
153 816
153 859
153 899
153 907
153 949
153 969
154 160
154 181
154 190
154 196
154 323
154 338
154 426
154 499
154 533
154 579
154 672
154 697
154 704
154 787
154 788
154 820
154 862
154 870
154 872
154 897
154 902
154 932
155 164
155 170
155 172
155 266
155 268
155 337
155 345
155 357
155 395
155 445
155 446
155 476
155 596
155 672
155 770
155 888
155 932
156 162
156 166
156 209
156 239
156 389
156 443
156 510
156 524
156 531
156 542
156 593
156 616
156 665
156 695
156 785
156 811
156 830
156 835
156 992
156 1017
157 175
157 190
157 191
157 230
157 271
157 319
157 364
157 388
157 412
157 416
157 423
157 489
157 541
157 679
157 778
157 802
158 159
158 182
158 185
158 252
158 287
158 291
158 319
158 358
158 400
158 422
158 448
158 506
158 629
158 648
158 855
158 946
158 968
158 987
159 166
159 169
159 178
159 179
159 246
159 323
159 371
159 385
159 390
159 440
159 596
159 627
159 653
159 686
159 695
159 902
159 905
159 927
159 958
159 1023
160 161
160 167
160 207
160 210
160 254
160 303
160 307
160 370
160 417
160 437
160 458
160 485
160 561
160 695
160 809
160 840
161 170
161 190
161 201
161 250
161 294
161 353
161 359
161 411
161 511
161 554
161 638
161 908
162 346
162 347
162 547
162 638
162 665
162 699
162 772
162 834
162 839
162 853
163 175
163 323
163 437
163 629
163 636
163 667
163 833
163 866
163 884
163 885
164 184
164 202
164 242
164 257
164 258
164 259
164 375
164 409
164 435
164 526
164 609
164 631
164 772
165 175
165 212
165 318
165 599
165 650
165 696
165 698
165 807
165 957
165 973
165 986
166 167
166 170
166 187
166 196
166 248
166 259
166 356
166 395
166 453
166 493
166 540
166 586
166 597
166 613
166 904
167 187
167 227
167 275
167 544
167 560
167 597
167 667
167 678
167 862
167 1023
168 213
168 233
168 237
168 253
168 269
168 326
168 336
168 341
168 371
168 392
168 470
168 475
168 487
168 548
168 577
168 780
168 819
168 887
168 920
168 998
168 1009
169 187
169 189
169 217
169 231
169 256
169 271
169 278
169 297
169 315
169 324
169 343
169 433
169 449
169 468
169 482
169 486
169 493
169 497
169 522
169 543
169 559
169 570
169 659
169 722
169 723
169 733
169 738
169 771
169 815
169 828
169 844
169 903
169 910
169 919
169 962
169 967
169 968
170 195
170 219
170 335
170 419
170 452
170 523
170 532
170 649
170 659
170 661
170 705
170 750
170 906
170 911
171 207
171 231
171 245
171 298
171 335
171 344
171 410
171 536
171 619
171 669
171 714
171 763
171 897
171 912
172 177
172 221
172 253
172 281
172 295
172 320
172 481
172 483
172 576
172 577
172 621
172 671
172 731
172 810
172 867
172 927
173 178
173 207
173 212
173 220
173 242
173 243
173 254
173 281
173 371
173 412
173 419
173 457
173 490
173 528
173 536
173 901
174 175
174 248
174 371
174 502
174 503
174 599
174 730
174 821
174 846
174 849
174 895
175 310
175 413
175 614
175 615
175 946
176 210
176 229
176 304
176 365
176 387
176 402
176 441
176 467
176 475
176 483
176 519
176 523
176 674
176 734
176 747
176 756
176 860
176 868
177 192
177 199
177 247
177 354
177 358
177 417
177 498
177 577
177 668
177 701
177 870
177 885
177 983
177 986
177 1000
178 193
178 360
178 381
178 391
178 431
178 486
178 540
178 574
178 580
178 604
178 642
178 970
178 995
179 243
179 258
179 343
179 345
179 351
179 428
179 456
179 481
179 561
179 594
179 672
179 688
179 736
179 767
179 780
179 803
179 834
179 866
180 194
180 444
180 558
180 626
180 787
181 265
181 284
181 351
181 370
181 397
181 467
181 520
181 535
181 579
181 648
181 701
181 731
181 775
181 776
181 995
181 1009
182 486
182 611
182 645
182 724
183 277
183 314
183 353
183 488
183 503
183 565
183 580
183 670
183 748
183 762
183 911
183 978
183 1011
183 1015
184 251
184 301
184 358
184 378
184 479
184 514
184 605
184 630
184 647
184 680
184 895
184 942
184 952
184 1014
185 249
185 297
185 392
185 420
185 456
185 553
185 632
185 657
185 679
185 686
185 801
185 954
185 1006
186 191
186 244
186 261
186 355
186 368
186 468
186 492
186 543
186 658
186 966
187 231
187 258
187 264
187 272
187 297
187 299
187 333
187 339
187 351
187 388
187 426
187 467
187 493
187 511
187 512
187 551
187 567
187 579
187 630
187 648
187 738
187 753
187 827
187 860
187 933
187 974
188 238
188 351
188 476
188 556
188 824
188 969
188 1020
189 236
189 272
189 462
189 481
189 570
189 780
189 943
190 226
190 244
190 299
190 320
190 370
190 380
190 468
190 480
190 569
190 629
190 637
190 683
190 693
190 766
190 773
190 913
191 261
191 268
191 294
191 327
191 416
191 456
191 515
191 553
191 601
191 737
191 757
191 836
191 837
191 842
191 897
191 925
192 199
192 207
192 214
192 218
192 249
192 253
192 287
192 298
192 311
192 322
192 337
192 338
192 380
192 382
192 400
192 410
192 423
192 463
192 469
192 474
192 482
192 518
192 527
192 568
192 571
192 600
192 654
192 655
192 676
192 679
192 680
192 683
192 742
192 774
192 783
192 842
192 866
192 921
192 944
192 960
193 232
193 346
193 354
193 444
193 563
193 688
193 979
194 212
194 221
194 263
194 296
194 418
194 528
194 595
194 645
194 655
194 672
194 812
194 919
194 977
195 242
195 248
195 273
195 330
195 376
195 386
195 451
195 453
195 530
195 554
195 578
195 598
195 737
195 838
196 213
196 268
196 291
196 312
196 313
196 319
196 334
196 362
196 419
196 473
196 534
196 578
196 583
196 765
196 801
196 827
196 839
196 898
196 909
196 921
196 963
196 975
197 281
197 291
197 321
197 328
197 411
197 467
197 471
197 502
197 547
197 564
197 644
197 673
197 684
197 740
197 771
197 801
197 934
197 951
197 955
197 1019
198 199
198 215
198 220
198 262
198 306
198 517
198 575
198 668
198 750
198 823
198 834
198 846
198 913
198 964
199 216
199 355
199 450
199 546
199 647
199 707
199 802
199 894
199 965
199 972
200 209
200 231
200 280
200 326
200 346
200 363
200 403
200 440
200 454
200 496
200 517
200 590
200 607
200 662
200 686
200 722
200 769
200 847
200 906
200 941
200 1004
200 1005
201 217
201 257
201 278
201 309
201 322
201 338
201 342
201 354
201 377
201 398
201 399
201 403
201 488
201 516
201 597
201 602
201 612
201 624
201 715
201 768
201 773
201 974
202 292
202 324
202 342
202 374
202 399
202 518
202 535
202 544
202 552
202 600
202 719
202 794
202 887
202 902
202 1007
203 261
203 318
203 321
203 322
203 764
204 247
204 255
204 271
204 280
204 303
204 354
204 371
204 469
204 540
204 721
204 791
204 938
204 987
204 994
204 1018
205 222
205 235
205 270
205 274
205 293
205 366
205 443
205 534
205 674
205 755
205 827
205 897
205 900
205 1002
206 220
206 232
206 289
206 291
206 307
206 322
206 331
206 354
206 361
206 393
206 577
206 681
206 719
206 733
206 983
207 237
207 238
207 244
207 298
207 312
207 351
207 364
207 396
207 400
207 516
207 804
208 347
208 355
208 394
208 414
208 473
208 604
208 644
208 874
208 945
208 996
209 224
209 347
209 376
209 391
209 405
209 503
209 619
209 645
209 655
209 694
209 815
209 822
209 877
209 879
209 951
209 999
210 276
210 363
210 747
211 316
211 553
211 916
211 1009
212 227
212 290
212 329
212 407
212 608
212 694
212 747
212 936
212 950
212 986
213 282
213 315
213 373
213 431
213 475
213 548
213 591
213 643
213 797
213 825
213 887
213 906
213 986
214 250
214 355
214 409
214 462
214 573
214 622
214 955
215 268
215 274
215 303
215 341
215 435
215 483
215 508
215 566
215 578
215 718
215 772
215 932
215 949
215 991
216 220
216 272
216 406
216 467
216 625
216 686
216 702
216 711
216 723
216 748
216 761
217 314
217 396
217 541
217 801
217 813
217 867
218 318
218 356
218 457
218 643
218 665
218 730
218 992
219 289
219 369
219 376
219 409
219 441
219 612
219 717
220 269
220 280
220 302
220 427
220 433
220 537
220 598
220 706
220 833
220 970
221 229
221 321
221 368
221 375
221 414
221 422
221 434
221 439
221 561
221 564
221 611
221 687
221 779
221 782
221 817
221 820
222 388
222 470
222 508
222 522
222 568
222 620
222 632
222 731
222 744
222 748
222 795
222 808
222 811
222 836
222 855
222 928
222 937
222 1013
222 1019
223 266
223 267
223 270
223 293
223 326
223 336
223 352
223 374
223 389
223 399
223 400
223 482
223 495
223 499
223 763
223 792
223 918
223 967
224 228
224 232
224 236
224 246
224 291
224 307
224 354
224 383
224 461
224 472
224 474
224 495
224 525
224 760
225 280
225 362
225 366
225 389
225 399
225 438
225 524
225 536
225 559
225 567
225 568
225 576
225 591
225 649
225 702
225 798
225 924
225 987
226 290
226 416
226 623
226 811
227 240
227 263
227 316
227 403
227 447
227 539
227 632
227 748
227 798
227 833
227 844
227 902
227 907
227 922
227 929
227 955
227 993
227 1023
228 315
228 451
228 465
228 502
228 587
228 722
228 776
228 783
228 968
229 300
229 312
229 390
229 407
229 420
229 424
229 479
229 496
229 542
229 576
229 649
229 725
229 732
229 800
229 843
229 945
229 960
229 1008
230 487
230 526
230 758
231 247
231 293
231 325
231 405
231 434
231 499
231 515
231 545
231 650
231 772
231 866
231 906
231 920
231 999
232 288
232 318
232 343
232 374
232 384
232 392
232 412
232 504
232 721
233 275
233 280
233 452
233 465
233 487
233 548
233 684
233 836
233 934
233 966
234 334
234 351
234 385
234 408
234 481
234 505
234 835
234 882
235 247
235 260
235 302
235 410
235 465
235 639
235 668
235 727
235 913
235 915
236 389
236 457
236 497
236 846
236 870
237 334
237 431
237 454
237 496
237 533
237 869
238 315
238 323
238 558
238 627
238 831
238 934
239 246
239 252
239 305
239 396
239 419
239 426
239 448
239 486
239 535
239 546
239 575
239 581
239 668
239 755
239 784
239 787
239 809
239 858
239 882
239 884
239 1022
240 246
240 307
240 333
240 449
240 521
240 612
240 675
240 854
240 934
241 248
241 346
241 458
241 644
241 790
241 812
241 833
241 943
241 962
241 998
242 252
242 308
242 339
242 584
242 675
242 692
242 770
242 826
242 848
243 313
243 403
243 429
243 444
243 501
243 508
243 509
243 525
243 590
243 598
243 640
243 826
243 960
244 245
244 259
244 273
244 276
244 353
244 443
244 576
244 605
244 697
244 1008
245 326
245 335
245 428
245 462
245 505
245 599
245 729
245 734
245 769
245 941
245 982
246 588
246 852
246 953
247 279
247 303
247 335
247 484
247 495
247 531
247 562
247 704
247 720
247 815
247 956
247 1019
248 392
248 455
248 498
248 562
248 670
248 778
248 1017
249 284
249 972
250 275
250 292
250 311
250 350
250 364
250 372
250 452
250 529
250 575
250 613
250 618
250 627
250 642
250 658
250 682
250 702
250 725
250 729
250 746
250 916
250 988
251 288
251 302
251 370
251 377
251 431
251 446
251 499
251 520
251 614
251 660
251 826
251 857
251 886
251 924
251 982
252 310
252 383
252 496
252 513
252 530
252 536
252 538
252 617
252 666
252 700
252 779
252 795
252 918
252 947
252 989
253 255
253 418
253 503
253 544
253 549
254 373
254 379
254 404
254 419
254 434
254 448
254 453
254 485
254 521
254 591
254 694
254 729
254 752
254 850
254 872
254 943
254 988
254 1023
255 273
255 281
255 308
255 349
255 372
255 377
255 411
255 417
255 487
255 637
256 299
256 595
256 617
256 712
256 730
256 804
257 281
257 285
257 368
257 395
257 403
257 440
257 450
257 461
257 558
257 616
257 658
257 777
257 849
257 893
257 918
257 935
257 1009
258 333
258 364
258 402
258 430
258 432
258 514
258 567
258 661
258 690
258 691
258 742
258 856
258 987
259 295
259 537
259 576
259 706
259 884
259 907
259 1013
260 288
260 325
260 356
260 428
260 443
260 529
260 563
260 623
260 650
260 814
260 884
261 294
261 395
261 438
261 513
261 630
261 670
261 691
261 774
261 886
261 901
261 999
262 299
262 429
262 437
262 499
262 510
262 582
262 583
262 589
262 610
262 702
262 772
262 888
262 1007
263 313
263 348
263 469
263 555
263 574
263 645
263 659
263 678
263 739
263 745
263 756
263 905
263 924
263 929
263 960
263 965
263 1004
264 413
264 462
264 501
264 705
264 731
264 769
264 784
264 912
264 918
264 953
265 385
265 415
265 522
265 530
265 665
265 817
265 879
265 922
265 932
265 975
265 1003
266 267
266 360
266 436
266 677
266 790
266 935
267 275
267 284
267 311
267 318
267 329
267 334
267 339
267 392
267 457
267 611
267 664
267 728
267 779
267 791
267 918
267 996
268 301
268 401
268 505
268 552
268 599
268 622
268 670
268 716
268 781
268 968
269 315
269 427
269 430
269 452
269 536
269 559
269 565
269 576
269 656
269 691
269 717
269 759
269 767
269 778
269 904
269 1016
270 282
270 337
270 339
270 428
270 624
270 636
270 814
270 830
270 911
270 918
270 931
271 344
271 550
271 636
271 904
271 921
271 1004
272 286
272 328
272 483
272 671
272 697
272 759
272 930
273 316
273 344
273 372
273 376
273 471
273 480
273 556
273 599
273 731
273 1002
273 1014
274 308
274 331
274 349
274 377
274 432
274 437
274 498
274 566
274 581
274 767
274 993
275 296
275 314
275 330
275 590
275 675
275 678
275 931
276 614
276 843
276 950
276 1011
277 481
277 540
277 591
277 690
277 813
277 906
277 953
277 980
277 1007
278 355
278 510
278 667
278 738
278 762
278 873
279 323
279 406
279 471
279 481
279 634
279 690
279 725
279 737
279 756
279 795
279 804
279 845
279 852
280 337
280 416
280 434
280 484
280 674
280 686
280 698
280 708
280 836
281 350
281 357
281 424
281 489
281 621
281 898
281 1022
282 320
282 592
282 608
282 739
282 767
282 777
282 786
282 943
282 952
282 981
283 357
283 361
283 374
283 521
283 605
283 606
283 612
283 613
283 726
283 743
283 856
283 930
283 944
283 948
284 334
284 349
284 398
284 405
284 471
284 498
284 715
284 774
284 792
284 802
284 819
284 997
285 299
285 570
285 735
285 799
285 867
285 879
285 896
285 899
286 329
286 330
286 338
286 364
286 367
286 406
286 439
286 571
286 595
286 596
286 601
286 745
286 759
286 810
286 816
286 887
286 891
287 296
287 322
287 433
287 473
287 616
287 620
287 777
288 299
288 301
288 311
288 435
288 500
288 531
288 713
288 746
288 767
288 877
288 885
289 546
289 645
289 658
289 758
289 844
289 898
289 918
289 928
289 971
289 974
290 297
290 333
290 512
290 768
290 783
290 852
290 1012
291 332
291 423
291 462
291 491
291 520
291 582
291 649
291 738
291 739
291 756
291 825
291 832
291 935
291 942
291 944
291 989
291 1010
292 342
292 460
292 518
292 521
292 626
292 643
292 750
292 814
292 916
292 948
293 459
293 540
293 596
293 656
293 693
293 694
293 707
293 814
293 882
293 908
293 914
294 305
294 448
294 560
294 650
294 760
294 826
294 857
294 878
294 889
295 306
295 348
295 584
295 789
295 883
295 986
296 387
296 408
296 470
296 536
296 685
296 716
296 833
296 838
296 943
297 325
297 378
297 511
297 519
297 651
297 664
297 668
297 675
297 764
297 797
297 872
298 543
298 622
298 817
298 838
298 909
299 576
299 603
299 815
299 973
300 312
300 333
300 352
300 392
300 504
300 506
300 577
300 635
300 716
300 891
301 309
301 340
301 381
301 578
301 610
301 673
301 732
301 742
301 871
301 942
302 308
302 548
302 584
302 587
302 653
303 305
303 460
303 493
303 650
303 676
303 685
303 736
303 744
303 881
303 1005
304 509
304 741
304 853
304 941
304 1004
304 1005
305 326
305 577
305 700
305 781
305 880
306 332
306 488
306 531
306 543
306 602
306 816
306 838
306 1005
307 316
307 433
307 544
307 734
307 786
307 937
308 372
308 500
308 503
309 380
309 521
309 591
309 693
309 754
309 791
309 855
309 954
310 354
310 375
310 434
310 471
310 564
310 580
310 690
310 760
310 810
310 948
310 971
311 375
311 688
311 762
312 649
312 668
313 367
313 459
313 510
313 721
313 1021
314 483
314 501
314 822
315 446
315 478
315 636
315 766
315 897
315 919
315 942
315 1007
316 387
316 432
316 468
316 479
316 525
316 621
316 700
316 759
316 777
317 321
317 327
317 328
317 408
317 416
317 445
317 534
317 656
317 754
317 827
317 869
317 916
317 949
317 952
317 1007
318 632
318 868
319 343
319 373
319 388
319 502
319 544
319 613
319 741
319 807
319 952
320 641
321 344
321 384
321 424
321 437
321 465
321 525
321 603
321 629
321 828
321 865
321 888
321 901
321 905
321 927
321 1015
321 1018
322 504
323 499
323 605
323 638
323 729
323 856
323 893
323 989
324 365
324 520
324 539
324 553
324 581
324 681
324 931
324 979
325 328
325 336
325 341
325 362
325 527
325 630
325 789
325 808
325 836
326 537
326 561
326 657
326 667
326 732
326 745
326 923
326 960
327 365
327 452
327 522
327 523
327 713
327 784
327 800
327 887
328 651
328 660
328 711
328 715
328 784
328 846
328 953
328 961
328 964
328 1000
329 359
329 420
329 454
329 515
329 521
329 593
329 660
329 704
329 709
329 740
329 943
329 957
330 389
330 414
330 539
330 664
330 715
330 890
330 972
331 350
331 359
331 457
331 462
331 673
331 800
331 810
331 835
332 634
332 941
333 408
333 455
333 513
333 814
333 825
333 960
333 1021
334 495
334 509
334 563
334 578
334 647
334 695
334 707
334 720
334 735
334 787
334 886
334 890
334 944
334 1005
334 1011
335 414
335 416
335 513
335 530
335 541
335 542
335 936
335 950
336 367
336 457
336 487
336 537
336 549
336 563
336 775
336 942
336 975
337 359
337 404
337 423
337 459
337 542
337 584
337 623
337 699
337 920
338 518
338 588
338 681
338 706
338 721
338 805
339 383
339 416
339 546
339 555
339 854
339 861
339 946
340 445
340 456
340 466
340 560
340 619
340 676
340 877
340 985
341 353
341 447
341 458
341 464
341 591
341 750
341 763
341 810
341 898
342 356
342 466
342 527
342 602
342 606
342 661
342 732
342 805
342 937
342 992
343 442
343 571
343 639
343 708
344 376
344 826
344 907
344 982
345 507
345 530
345 547
345 696
345 733
345 775
345 816
345 818
345 871
345 966
346 369
346 454
346 586
346 633
346 724
346 737
346 791
346 848
346 947
347 351
347 423
347 548
347 661
348 375
348 384
348 399
348 406
348 417
348 507
348 637
348 742
348 745
348 754
348 809
348 936
348 986
349 507
349 560
349 612
349 711
349 728
349 818
349 849
350 490
350 627
350 688
350 957
350 972
350 1009
351 355
351 366
351 369
351 400
351 469
351 492
351 517
351 675
351 704
352 366
352 401
352 481
352 539
352 724
353 389
353 397
353 486
353 497
353 550
353 611
353 713
353 742
353 907
353 959
353 970
354 526
354 731
355 360
355 379
355 426
355 436
355 461
355 733
356 363
356 636
356 643
356 760
356 891
356 1023
357 636
357 870
357 904
358 412
358 418
358 472
358 908
358 935
359 397
359 431
359 473
359 705
359 735
359 829
359 888
359 939
360 397
360 412
360 427
360 428
360 436
360 681
360 865
360 874
360 893
360 896
360 916
360 1000
360 1021
361 410
361 867
362 400
362 404
362 569
362 650
362 771
363 403
363 442
363 568
363 639
363 818
363 969
364 529
364 915
364 996
365 408
365 411
365 425
365 445
365 457
365 488
365 557
365 563
365 619
365 724
365 740
365 849
365 877
366 518
366 824
367 402
367 524
367 724
367 787
367 798
367 865
367 963
368 445
368 469
368 617
368 691
368 750
368 858
369 804
369 965
370 471
370 554
370 639
370 662
370 981
371 436
371 507
371 517
371 532
371 786
371 968
372 451
372 488
372 601
372 613
372 637
372 658
372 671
372 739
372 849
372 934
372 998
372 1004
373 393
373 441
373 603
373 890
373 892
373 985
374 377
374 382
374 461
374 534
374 609
374 658
374 672
374 762
374 867
375 519
375 560
375 578
375 594
375 606
375 638
375 711
375 755
375 777
375 889
375 922
375 945
375 985
376 429
376 506
376 528
376 639
376 869
377 631
377 670
378 398
378 403
378 482
378 487
378 529
378 535
378 541
378 685
378 700
378 706
378 738
378 913
378 980
379 380
379 573
379 726
379 898
379 933
379 948
380 426
380 449
380 460
380 464
380 505
380 556
380 617
380 864
380 895
380 919
380 921
381 452
381 713
381 799
382 562
382 585
382 605
382 700
382 708
382 714
382 717
382 802
383 438
383 459
383 471
383 586
383 771
383 782
383 858
383 860
384 391
384 441
384 597
384 851
384 947
385 604
385 656
385 696
385 803
385 824
385 913
386 434
386 532
386 633
386 638
386 685
386 717
387 686
387 870
388 415
388 490
388 506
388 620
388 704
388 735
389 754
389 784
389 790
389 906
390 408
390 422
390 428
390 440
390 650
390 710
390 726
390 732
390 776
390 865
390 881
390 927
390 981
390 991
391 709
391 769
391 820
392 463
392 496
392 500
392 640
392 669
392 686
392 866
392 1017
393 456
393 525
393 553
393 572
393 710
393 735
393 841
393 944
394 413
394 422
394 466
394 526
394 537
394 609
394 635
394 701
394 824
394 853
394 916
394 977
395 471
395 813
396 448
396 517
396 572
396 664
396 949
397 429
397 480
397 483
397 562
397 596
397 754
397 823
397 826
397 846
397 850
397 969
397 1022
398 444
398 455
398 487
398 558
398 699
398 865
398 872
398 905
398 996
398 1018
399 501
399 566
399 611
399 628
399 755
399 770
400 455
400 555
400 581
400 740
401 476
401 757
401 822
402 415
402 534
402 720
402 758
402 793
402 965
403 512
403 514
403 543
403 850
403 899
404 423
404 453
404 503
404 633
404 771
404 917
405 545
405 670
405 698
405 764
405 790
405 832
405 873
406 458
406 463
406 709
406 788
406 791
407 434
407 494
407 532
407 557
407 673
407 687
407 712
408 456
408 509
408 602
408 737
408 836
408 875
410 652
410 758
410 803
411 433
411 820
411 924
412 446
412 596
412 724
412 800
413 755
414 552
414 590
414 804
414 876
414 963
415 455
415 631
415 655
415 725
415 774
415 1016
416 436
416 480
416 543
416 549
416 728
416 745
417 821
417 975
418 530
418 663
418 718
419 466
419 567
419 634
419 695
419 823
420 421
420 510
420 517
420 620
420 689
420 921
421 587
421 651
421 786
421 801
421 898
421 952
421 992
422 566
422 623
422 637
422 646
422 917
422 989
423 610
423 813
424 434
424 583
424 637
424 778
424 794
424 800
424 968
424 986
424 1009
425 431
425 492
425 591
425 701
425 982
426 558
426 644
426 717
426 860
426 862
426 959
426 975
427 545
428 514
428 941
429 501
429 677
429 726
429 782
429 1008
429 1016
430 435
430 444
430 497
430 558
430 560
430 628
430 814
430 825
430 837
430 966
430 993
430 1011
431 443
431 459
431 475
431 596
431 641
431 650
431 746
431 899
431 929
431 952
431 996
432 433
432 528
432 648
432 725
432 950
432 993
433 458
433 461
433 474
433 828
433 902
433 944
434 479
434 514
434 522
434 913
435 464
435 522
435 546
435 614
435 632
435 709
435 896
436 497
438 565
438 570
438 762
438 763
439 475
439 531
439 549
439 753
439 978
440 485
440 506
440 512
440 728
440 935
441 477
441 501
441 666
441 718
441 747
441 809
441 862
442 526
442 535
442 559
442 568
442 579
442 596
442 631
442 646
442 649
443 453
443 522
444 450
444 538
444 687
444 799
444 949
444 988
445 517
445 541
445 678
445 821
445 956
446 548
446 696
446 697
447 552
447 888
448 487
448 607
448 673
448 683
448 946
449 451
449 524
449 531
450 481
450 562
450 578
450 599
450 811
450 855
450 917
451 619
451 708
452 453
452 614
452 757
452 888
452 910
452 912
452 967
452 995
453 464
453 556
453 1018
454 581
454 715
454 1008
455 526
455 657
455 671
455 746
455 874
455 943
455 987
455 1001
456 525
456 549
456 584
456 592
456 601
456 608
456 727
456 765
456 853
457 473
457 491
457 551
457 796
457 893
458 460
458 474
458 514
458 995
459 566
459 593
459 694
459 762
459 873
460 538
460 675
460 684
460 706
460 731
460 736
460 876
460 925
460 990
460 1000
461 681
461 938
462 543
462 545
462 585
462 598
462 602
462 664
462 733
462 911
462 955
462 991
462 1018
463 469
463 529
463 725
463 790
463 794
463 853
463 993
464 640
464 652
465 482
465 580
466 664
466 691
466 717
467 758
467 791
467 890
468 573
468 704
468 766
468 770
468 975
468 1000
469 624
469 726
469 1010
469 1011
470 523
470 548
470 665
470 745
470 841
470 882
470 932
470 977
470 1016
471 494
471 495
471 521
471 805
471 990
471 1022
472 635
472 656
472 676
472 1000
473 532
473 633
473 770
473 812
474 550
474 562
474 608
474 984
474 989
475 660
476 572
476 586
476 604
476 719
476 869
477 542
477 582
477 622
477 719
477 971
478 595
479 550
479 589
479 637
479 678
479 694
479 857
479 926
480 530
480 538
480 579
480 641
480 883
480 903
480 962
480 981
481 490
481 699
481 937
482 513
482 714
482 834
482 850
482 888
482 970
482 979
483 510
483 799
483 857
483 877
484 810
484 895
485 562
485 743
485 859
486 674
486 682
486 747
486 784
486 879
487 691
487 797
487 849
487 881
487 935
487 962
488 528
488 566
488 714
488 842
488 984
489 513
489 576
489 594
489 692
489 720
489 886
489 1001
490 580
490 875
491 507
491 559
491 561
491 586
491 782
491 842
492 519
492 595
492 629
492 649
492 775
492 964
493 503
493 548
493 549
493 710
493 954
493 990
494 512
494 538
494 637
494 810
494 823
494 917
494 1022
495 564
495 565
495 579
495 667
495 716
495 725
495 766
495 832
495 874
495 953
495 1021
498 734
498 850
498 908
499 680
499 685
499 731
499 765
499 887
499 893
499 901
499 1023
500 665
500 684
500 735
501 591
501 600
501 626
501 641
501 713
501 733
501 1003
502 616
502 817
502 839
502 1005
503 691
503 861
503 914
504 644
504 716
504 782
504 858
505 564
505 594
505 699
505 742
505 807
506 532
506 718
506 795
506 1005
507 520
507 544
507 580
507 641
507 835
508 515
508 544
508 575
508 591
508 660
508 711
508 723
508 799
508 897
509 528
509 675
509 759
509 864
509 961
510 594
511 612
511 672
512 552
512 583
512 684
512 759
513 616
513 618
513 625
513 630
513 632
513 779
514 533
514 588
514 639
514 688
514 700
514 1007
514 1013
515 716
515 719
515 968
516 582
516 703
516 740
517 607
517 645
517 763
517 896
518 680
518 816
518 994
519 823
519 939
520 790
520 805
520 832
520 863
520 959
521 633
521 781
523 590
523 666
523 743
523 796
523 921
524 533
524 741
524 760
524 769
524 837
524 971
525 582
525 717
526 915
527 628
527 778
527 912
527 1014
527 1015
528 688
528 810
528 906
529 541
529 874
529 887
529 955
530 585
530 823
530 865
530 959
531 613
531 627
531 655
531 722
532 542
533 620
533 640
533 689
533 864
533 891
534 563
534 646
534 675
534 781
534 795
535 643
535 737
535 802
535 831
535 863
535 893
535 934
536 629
536 651
536 885
537 602
537 762
537 776
537 806
537 998
539 838
539 844
539 892
539 1017
540 679
540 829
540 843
540 1007
540 1010
541 656
541 974
541 985
542 684
542 783
543 565
543 753
544 669
544 713
544 732
544 845
545 546
545 560
545 747
546 775
546 776
546 786
546 840
546 978
547 662
547 727
547 764
547 1010
548 569
548 690
548 908
549 568
549 651
550 734
550 938
551 646
551 657
551 661
551 864
551 940
551 966
552 669
552 771
552 883
553 560
553 571
553 588
553 601
553 619
553 676
553 730
553 787
553 929
553 975
553 1012
554 557
554 611
554 635
554 815
554 873
555 569
555 636
555 649
555 703
555 930
557 663
557 691
557 703
557 765
557 908
557 939
557 1010
558 662
558 934
558 973
559 748
559 765
560 627
560 875
560 919
561 597
561 641
561 726
561 886
562 595
562 652
562 970
563 583
563 586
563 807
564 757
564 856
564 988
564 1006
565 913
566 654
566 668
566 692
566 734
566 811
566 919
566 987
567 585
567 615
567 755
567 782
567 939
567 969
568 606
568 635
568 705
568 983
569 600
569 767
570 590
570 693
570 907
570 964
571 746
572 630
572 634
572 774
572 924
573 642
573 685
574 589
574 685
574 764
574 792
574 804
574 955
575 898
577 635
577 636
577 652
577 708
577 753
578 609
578 639
578 835
578 889
578 898
578 1007
579 655
579 656
579 669
579 770
579 818
580 876
580 894
580 948
581 861
581 938
582 740
582 895
583 785
583 822
583 869
584 631
584 640
584 751
584 773
584 785
584 960
585 645
585 722
585 945
586 613
586 716
586 734
586 770
586 785
586 909
587 808
587 818
587 819
587 884
589 821
589 1002
590 684
590 947
591 834
591 844
592 881
593 602
594 844
595 779
595 856
595 1015
596 734
597 674
597 757
597 811
598 608
598 899
599 785
599 859
600 639
600 757
600 763
600 829
600 951
600 989
601 789
601 824
601 851
601 890
601 920
602 611
602 861
602 988
603 663
604 743
604 809
605 795
605 844
606 628
606 637
606 950
608 740
608 866
608 965
609 622
609 856
610 624
610 673
610 698
610 703
610 821
610 856
610 917
610 959
610 976
611 834
611 838
611 860
611 998
612 753
613 669
613 793
613 832
613 937
615 833
615 862
615 967
616 683
616 972
616 1009
617 659
617 903
618 675
618 1014
619 630
619 733
619 774
619 871
619 891
619 916
621 684
621 805
621 891
622 705
622 867
622 981
623 626
623 710
623 896
624 809
624 878
624 924
624 982
626 646
626 718
627 738
627 803
629 889
629 1009
630 631
630 692
630 789
630 852
630 860
630 885
631 822
631 827
631 965
631 994
631 1011
632 646
632 760
632 913
632 960
633 638
633 651
633 840
633 876
633 947
635 790
636 748
636 838
636 933
637 729
637 816
637 967
638 971
639 707
639 746
640 700
640 711
640 748
640 861
640 911
641 999
642 821
643 723
643 741
643 906
643 954
644 727
644 761
644 943
645 857
647 669
647 726
648 714
648 783
648 819
648 983
648 1010
649 821
649 976
650 808
650 985
651 664
651 865
652 988
653 728
653 836
654 722
654 833
654 838
654 897
654 967
655 761
655 900
655 928
655 940
655 955
656 980
656 995
656 1006
657 851
657 920
657 980
658 695
658 726
658 747
658 780
658 797
658 815
659 806
659 880
659 944
659 1001
660 782
660 843
660 974
660 977
661 699
661 1003
661 1012
662 666
662 692
662 875
662 1001
663 720
663 886
663 889
663 931
664 744
664 847
665 908
667 739
667 821
667 857
667 901
668 773
668 828
668 923
669 701
669 723
669 741
669 983
669 984
669 998
670 889
671 806
672 854
674 740
674 785
675 736
675 973
676 698
676 749
676 841
676 1002
677 741
677 830
678 726
678 750
678 961
679 700
680 689
680 847
680 871
682 780
683 918
683 958
684 708
684 760
684 797
684 801
685 841
685 877
685 1000
686 697
686 722
686 761
686 765
687 692
687 815
687 1004
688 700
689 710
689 816
690 870
691 748
693 696
694 795
694 854
694 1006
694 1011
696 742
696 763
696 786
696 872
696 925
697 710
697 758
697 780
698 744
699 837
700 746
701 947
702 821
702 849
703 803
703 858
703 915
703 920
703 970
704 945
704 969
705 727
705 766
705 848
705 881
705 935
706 808
706 847
707 771
707 936
707 952
707 966
708 721
708 772
708 817
708 871
708 937
708 978
708 994
708 1001
709 734
709 914
709 997
710 966
711 736
711 788
711 984
712 806
712 900
718 780
718 976
719 814
719 828
719 833
719 860
720 782
720 911
721 878
721 883
721 947
722 813
722 985
722 1015
723 734
723 991
724 834
724 887
725 730
725 880
725 925
725 962
726 934
727 786
727 868
727 923
727 932
727 937
728 769
728 891
729 841
729 996
731 942
732 797
732 933
733 940
734 997
735 832
735 850
738 847
739 806
739 824
740 832
741 845
741 879
742 927
742 990
743 993
744 826
744 883
744 976
745 892
745 981
746 754
746 939
746 959
747 909
747 973
748 767
748 997
749 802
749 926
749 1016
750 794
750 855
751 793
751 925
752 825
753 901
754 870
755 907
756 977
757 794
758 949
759 982
760 882
764 847
765 777
765 970
767 794
768 917
768 942
768 957
769 957
769 1007
770 806
770 825
771 1019
772 854
773 834
773 1003
774 888
774 943
776 833
776 910
777 825
778 793
778 812
778 813
778 815
778 831
778 874
779 802
780 797
780 851
780 991
780 1005
780 1013
781 816
783 787
783 846
783 882
783 888
783 903
783 1003
785 829
785 874
787 795
787 834
787 997
788 882
790 968
790 976
790 986
791 902
791 999
792 962
795 837
795 1003
796 992
797 951
798 911
798 961
799 882
799 953
800 829
800 869
801 977
802 879
803 831
803 863
803 905
803 948
803 969
803 994
805 846
806 835
806 879
808 978
810 1012
811 960
812 813
812 859
812 912
816 881
818 971
819 828
819 842
819 905
819 964
819 1017
820 899
820 967
822 831
822 1002
823 930
823 1008
825 852
825 938
826 947
826 963
827 921
827 974
829 939
830 970
830 1003
831 865
833 894
834 840
834 859
835 909
837 874
838 840
838 843
840 872
840 972
841 980
841 983
842 844
842 889
842 953
844 941
844 996
846 931
846 987
847 896
849 926
850 851
851 887
852 1011
853 904
853 908
853 1015
854 986
854 1017
856 938
857 880
857 909
858 873
858 890
858 1013
858 1020
859 984
860 959
861 915
862 869
863 889
863 964
863 997
866 973
866 1012
867 907
869 903
870 905
872 911
872 984
874 877
874 914
878 926
878 985
879 914
879 992
879 1006
880 1015
882 942
882 949
882 1017
883 894
883 903
883 936
884 978
884 988
889 976
890 901
891 903
891 914
891 936
892 954
894 923
895 910
900 933
900 991
903 933
904 979
904 1004
904 1006
905 957
908 940
908 944
908 990
912 941
913 937
915 920
916 1022
921 926
921 999
922 978
922 994
926 929
927 1018
928 999
929 952
929 963
930 1015
933 957
937 948
938 978
940 948
941 969
941 1014
942 1020
943 1021
947 954
956 1006
956 1019
957 1012
973 1009
976 995
995 997
1005 1017
