0 43
0 125
0 202
0 213
0 298
0 431
0 463
0 464
0 522
0 556
0 590
0 610
0 672
0 756
0 928
0 992
0 1019
1 58
1 104
1 122
1 235
1 315
1 326
1 331
1 361
1 404
1 530
1 640
1 660
1 770
1 950
2 47
2 50
2 57
2 58
2 65
2 124
2 142
2 156
2 236
2 349
2 459
2 598
2 608
2 632
2 756
2 761
2 1011
3 11
3 40
3 160
3 162
3 286
3 333
3 336
3 369
3 490
3 542
3 618
3 634
3 701
3 977
3 984
3 989
3 992
4 64
4 96
4 99
4 107
4 213
4 302
4 499
4 583
4 603
4 627
4 646
4 687
4 804
4 899
4 913
4 918
4 939
4 971
5 73
5 120
5 136
5 269
5 314
5 475
5 502
5 539
5 543
5 596
5 620
5 651
5 766
5 785
5 834
5 863
6 10
6 42
6 115
6 119
6 194
6 200
6 248
6 264
6 351
6 396
6 399
6 474
6 646
6 717
6 744
6 748
6 759
6 860
6 892
6 968
6 974
6 984
6 1002
7 8
7 142
7 144
7 227
7 305
7 309
7 329
7 332
7 356
7 404
7 412
7 489
7 605
7 628
7 700
7 790
7 840
7 853
7 890
7 964
7 987
7 1021
8 10
8 12
8 35
8 40
8 127
8 148
8 227
8 329
8 367
8 376
8 389
8 450
8 453
8 485
8 516
8 641
8 740
8 749
8 795
8 806
8 949
8 965
8 975
8 994
8 996
8 1007
9 22
9 24
9 72
9 106
9 361
9 371
9 553
9 599
9 622
9 636
9 775
9 859
9 885
9 887
9 907
9 1017
10 66
10 115
10 164
10 219
10 420
10 545
10 589
10 684
10 817
10 871
10 882
10 916
10 923
10 1000
10 1013
11 30
11 42
11 139
11 150
11 166
11 190
11 254
11 279
11 302
11 317
11 372
11 405
11 414
11 605
11 625
11 676
11 677
11 687
11 715
11 721
11 722
11 780
11 808
11 909
12 57
12 103
12 168
12 193
12 295
12 298
12 337
12 338
12 346
12 454
12 487
12 546
12 575
12 637
12 649
12 733
12 818
12 863
12 866
12 873
12 884
12 890
12 921
12 1018
12 1022
13 27
13 82
13 120
13 232
13 283
13 304
13 306
13 336
13 462
13 600
13 653
13 745
13 779
13 793
13 903
13 989
13 1011
14 59
14 84
14 90
14 119
14 140
14 157
14 158
14 164
14 201
14 324
14 535
14 544
14 551
14 631
14 652
14 673
14 682
14 713
14 735
14 943
14 964
14 1008
14 1021
15 26
15 51
15 53
15 313
15 363
15 396
15 399
15 427
15 458
15 530
15 560
15 614
15 634
15 682
15 764
15 767
15 788
15 797
15 867
15 870
15 921
15 923
15 1004
16 244
16 324
16 359
16 414
16 484
16 732
16 743
16 783
16 847
16 891
16 968
16 973
16 979
16 1016
17 122
17 148
17 194
17 308
17 403
17 425
17 444
17 448
17 499
17 595
17 637
17 682
17 788
17 848
17 924
18 55
18 126
18 128
18 157
18 365
18 381
18 442
18 511
18 542
18 639
18 642
18 784
18 860
18 919
18 983
19 71
19 79
19 100
19 170
19 245
19 272
19 428
19 458
19 519
19 540
19 554
19 598
19 618
19 770
19 790
19 861
19 879
20 248
20 378
20 389
20 470
20 528
20 747
20 760
20 783
20 818
20 848
20 850
20 954
20 965
20 972
21 169
21 222
21 285
21 366
21 406
21 429
21 610
21 747
21 780
21 922
21 930
21 944
21 970
22 46
22 97
22 229
22 304
22 314
22 343
22 388
22 403
22 455
22 480
22 592
22 629
22 643
22 745
22 811
22 834
23 25
23 91
23 102
23 106
23 114
23 127
23 143
23 159
23 324
23 421
23 436
23 538
23 606
23 634
23 686
23 789
23 806
23 847
24 46
24 112
24 206
24 223
24 297
24 308
24 326
24 395
24 873
24 921
24 966
24 974
25 36
25 89
25 97
25 123
25 131
25 165
25 167
25 429
25 482
25 511
25 534
25 541
25 617
25 680
25 691
25 827
25 836
25 1019
26 113
26 160
26 250
26 345
26 413
26 429
26 433
26 509
26 659
26 673
26 721
26 722
26 963
26 983
27 42
27 45
27 115
27 117
27 136
27 164
27 232
27 254
27 263
27 266
27 346
27 422
27 496
27 560
27 576
27 622
27 650
27 665
27 687
27 728
27 766
27 782
27 820
27 825
27 862
28 35
28 129
28 130
28 208
28 375
28 397
28 401
28 471
28 491
28 634
28 642
28 791
28 833
28 885
28 915
28 1008
29 32
29 84
29 205
29 267
29 343
29 348
29 433
29 454
29 519
29 705
29 743
29 848
29 920
29 968
30 46
30 203
30 211
30 236
30 244
30 348
30 406
30 450
30 477
30 541
30 627
30 669
30 682
30 719
30 818
30 936
30 942
30 943
31 66
31 117
31 367
31 505
31 562
31 738
31 836
31 841
31 915
31 925
31 983
32 79
32 109
32 116
32 179
32 185
32 341
32 398
32 419
32 612
32 625
32 663
32 697
32 722
32 731
32 847
32 955
32 981
32 997
33 57
33 63
33 145
33 227
33 381
33 389
33 456
33 460
33 501
33 535
33 536
33 545
33 617
33 627
33 631
33 690
33 701
33 845
33 950
33 959
33 974
33 1003
34 48
34 239
34 313
34 381
34 428
34 543
34 549
34 574
34 585
34 622
34 775
34 793
34 959
35 48
35 83
35 95
35 110
35 135
35 216
35 231
35 284
35 299
35 324
35 327
35 369
35 569
35 649
35 756
35 817
35 920
35 1003
35 1017
35 1022
36 38
36 129
36 204
36 212
36 505
36 553
36 559
36 563
36 581
36 605
36 669
36 744
36 783
36 807
36 901
36 923
36 931
36 984
36 999
36 1006
36 1020
37 223
37 396
37 418
37 422
37 430
37 467
37 512
37 582
37 649
37 779
37 886
38 56
38 96
38 155
38 170
38 183
38 185
38 234
38 262
38 278
38 405
38 418
38 419
38 441
38 503
38 569
38 576
38 590
38 647
38 681
38 777
38 780
38 892
38 993
39 173
39 276
39 305
39 391
39 397
39 504
39 520
39 600
39 705
39 728
39 730
39 818
39 980
39 994
40 47
40 84
40 153
40 165
40 307
40 313
40 350
40 399
40 405
40 493
40 523
40 554
40 563
40 567
40 617
40 643
40 652
40 667
40 680
40 695
40 725
40 746
40 756
40 849
40 894
40 947
40 960
40 1019
41 230
41 248
41 259
41 349
41 387
41 403
41 413
41 520
41 624
41 630
41 651
41 653
41 676
41 732
41 861
41 871
41 960
42 65
42 164
42 185
42 187
42 193
42 273
42 326
42 336
42 344
42 415
42 528
42 697
42 734
42 744
42 761
42 807
42 943
42 958
43 118
43 150
43 166
43 209
43 227
43 229
43 231
43 270
43 306
43 308
43 359
43 390
43 400
43 458
43 508
43 513
43 520
43 575
43 695
43 703
43 757
43 802
43 850
43 878
44 118
44 249
44 344
44 349
44 385
44 393
44 399
44 466
44 516
44 685
44 694
44 777
44 799
44 829
44 915
44 970
45 69
45 133
45 160
45 187
45 232
45 302
45 305
45 319
45 525
45 567
45 663
45 697
45 728
45 787
45 885
45 897
45 935
45 946
45 958
45 1010
46 105
46 111
46 226
46 247
46 250
46 257
46 282
46 526
46 673
46 732
46 768
46 793
46 808
46 843
46 851
46 854
46 989
47 79
47 93
47 200
47 446
47 543
47 546
47 665
47 696
47 815
47 902
47 939
47 951
47 1016
47 1020
48 84
48 229
48 244
48 323
48 372
48 571
48 624
48 672
48 738
48 746
48 765
48 791
48 907
48 910
48 940
48 963
49 156
49 234
49 252
49 330
49 337
49 453
49 493
49 599
49 619
49 723
50 120
50 172
50 268
50 289
50 419
50 439
50 452
50 504
50 524
50 544
50 642
50 751
50 778
50 796
50 881
50 887
50 888
50 1008
51 105
51 156
51 214
51 274
51 275
51 283
51 327
51 362
51 387
51 512
51 592
51 606
51 661
51 795
51 805
51 806
51 851
51 871
51 902
51 917
51 923
52 116
52 119
52 153
52 230
52 352
52 389
52 411
52 674
52 676
52 684
52 745
52 862
52 900
53 64
53 157
53 161
53 196
53 215
53 254
53 354
53 401
53 532
53 545
53 578
53 621
53 717
53 756
53 798
53 878
53 937
53 951
54 68
54 81
54 179
54 195
54 202
54 231
54 235
54 329
54 349
54 354
54 366
54 438
54 469
54 638
54 733
54 792
54 867
54 940
55 118
55 143
55 267
55 360
55 423
55 657
55 688
55 751
55 789
55 836
55 853
55 872
55 956
55 959
55 990
55 1005
56 92
56 171
56 207
56 354
56 370
56 388
56 449
56 500
56 663
56 702
56 759
56 800
57 62
57 123
57 155
57 283
57 284
57 441
57 465
57 736
57 802
57 827
57 851
57 926
57 962
57 970
57 985
58 75
58 94
58 130
58 133
58 192
58 271
58 335
58 339
58 347
58 387
58 472
58 496
58 539
58 777
58 785
58 877
58 997
58 1022
59 82
59 83
59 104
59 183
59 284
59 288
59 291
59 296
59 329
59 345
59 378
59 435
59 460
59 523
59 595
59 599
59 614
59 626
59 803
59 849
59 858
59 999
60 203
60 282
60 394
60 620
60 646
60 824
60 838
60 886
61 64
61 115
61 138
61 157
61 168
61 232
61 265
61 344
61 369
61 433
61 479
61 506
61 508
61 575
61 597
61 682
61 713
61 750
61 792
61 817
61 1005
61 1010
62 70
62 232
62 360
62 367
62 378
62 421
62 447
62 645
62 658
62 697
62 818
62 855
62 871
62 878
62 908
62 933
62 1008
63 227
63 323
63 431
63 459
63 465
63 542
63 618
63 671
63 684
63 720
63 735
63 794
63 799
63 812
63 820
63 847
63 898
64 193
64 237
64 258
64 394
64 407
64 472
64 578
64 581
64 738
64 762
64 906
64 937
64 947
64 1006
64 1023
65 167
65 292
65 304
65 435
65 528
65 529
65 631
65 657
65 841
65 864
65 888
65 894
65 937
65 970
65 1016
66 85
66 279
66 297
66 301
66 331
66 344
66 437
66 445
66 448
66 586
66 633
66 645
66 721
66 811
66 992
66 1001
67 165
67 234
67 239
67 276
67 299
67 332
67 478
67 508
67 518
67 577
67 686
67 800
67 805
67 817
67 822
67 840
67 941
67 980
67 1004
68 136
68 275
68 296
68 307
68 392
68 423
68 476
68 549
68 565
68 614
68 623
68 718
68 720
68 923
69 143
69 191
69 198
69 425
69 540
69 558
69 566
69 586
69 592
69 680
69 742
69 746
69 761
69 877
69 990
69 1022
70 87
70 90
70 125
70 155
70 221
70 250
70 258
70 344
70 427
70 530
70 561
70 583
70 603
70 779
70 839
70 889
70 988
70 1002
71 111
71 122
71 146
71 155
71 183
71 214
71 240
71 440
71 489
71 505
71 521
71 552
71 654
71 843
71 896
71 1002
72 224
72 336
72 342
72 369
72 403
72 458
72 499
72 560
72 601
72 631
72 647
72 707
72 723
72 737
72 757
72 796
72 893
72 960
73 116
73 265
73 288
73 458
73 536
73 663
73 735
73 866
73 935
73 988
73 1010
74 89
74 211
74 234
74 284
74 538
74 610
74 649
74 661
74 789
74 798
74 844
74 855
74 862
74 915
74 954
75 88
75 205
75 232
75 238
75 379
75 389
75 469
75 483
75 509
75 567
75 574
75 738
75 857
75 877
75 880
75 990
75 1000
76 236
76 332
76 550
76 587
76 632
76 679
76 845
76 903
76 961
76 990
76 1003
77 117
77 317
77 347
77 355
77 406
77 441
77 530
77 685
77 728
77 732
77 733
77 742
77 755
77 811
77 868
77 872
77 939
77 954
77 1010
78 132
78 165
78 171
78 175
78 228
78 305
78 311
78 393
78 454
78 564
78 630
78 685
78 724
78 753
78 767
78 838
78 884
78 915
78 945
79 134
79 146
79 290
79 311
79 330
79 391
79 452
79 546
79 691
79 713
79 728
79 823
79 828
79 830
79 895
79 925
79 951
79 959
79 976
79 983
80 97
80 239
80 264
80 276
80 331
80 422
80 488
80 535
80 550
80 644
80 659
80 670
80 739
80 765
80 771
80 798
80 803
80 866
80 870
80 978
81 262
81 304
81 383
81 462
81 528
81 530
81 566
81 698
81 699
81 703
81 869
81 901
82 83
82 97
82 113
82 125
82 143
82 221
82 292
82 330
82 432
82 481
82 487
82 501
82 719
82 994
82 1016
83 112
83 158
83 256
83 337
83 350
83 354
83 423
83 469
83 549
83 617
83 838
83 868
83 874
83 896
83 909
83 958
83 963
84 112
84 115
84 149
84 242
84 270
84 272
84 327
84 380
84 484
84 489
84 596
84 678
84 728
84 784
84 785
84 793
84 804
84 882
84 883
84 905
84 906
85 95
85 118
85 227
85 324
85 381
85 391
85 453
85 463
85 484
85 639
85 672
85 716
85 755
85 762
85 872
85 912
85 946
86 124
86 161
86 371
86 409
86 421
86 435
86 483
86 488
86 698
86 700
86 720
86 872
86 890
86 980
87 204
87 206
87 297
87 308
87 333
87 395
87 400
87 457
87 664
87 731
87 741
87 744
87 750
87 840
87 875
87 934
87 947
87 977
87 979
87 1011
88 94
88 218
88 313
88 329
88 352
88 376
88 448
88 492
88 596
88 681
88 713
88 853
88 867
88 943
88 961
89 262
89 389
89 455
89 519
89 542
89 593
89 663
89 780
89 869
89 914
89 960
90 248
90 334
90 530
90 626
90 845
90 886
90 935
90 959
90 983
91 244
91 311
91 356
91 489
91 553
91 554
91 583
91 595
91 624
91 628
91 652
91 677
91 708
91 763
91 870
91 912
91 992
92 153
92 282
92 398
92 608
92 662
92 792
92 801
92 808
92 815
92 885
92 920
92 993
93 138
93 159
93 243
93 272
93 276
93 451
93 487
93 514
93 605
93 696
93 717
93 732
93 853
93 882
93 903
94 102
94 122
94 142
94 168
94 206
94 214
94 316
94 352
94 448
94 577
94 616
94 634
94 644
94 663
94 697
94 708
94 772
94 786
94 872
94 875
94 876
94 1003
94 1022
95 142
95 257
95 259
95 308
95 311
95 508
95 627
95 803
95 891
95 989
95 1014
95 1019
96 121
96 132
96 153
96 202
96 215
96 252
96 273
96 385
96 505
96 507
96 523
96 540
96 637
96 643
96 661
96 685
96 864
96 885
97 123
97 216
97 319
97 346
97 472
97 473
97 495
97 496
97 551
97 599
97 659
97 811
97 889
97 896
97 900
98 113
98 417
98 445
98 465
98 506
98 562
98 574
98 606
98 612
98 617
98 619
98 658
98 756
98 779
98 822
98 835
98 925
98 1019
99 127
99 153
99 163
99 169
99 171
99 268
99 331
99 345
99 403
99 413
99 489
99 493
99 577
99 587
99 588
99 799
99 833
99 911
99 928
99 961
99 994
100 151
100 181
100 214
100 379
100 426
100 442
100 522
100 554
100 632
100 688
100 804
100 965
100 1010
100 1019
101 148
101 205
101 214
101 383
101 397
101 503
101 558
101 616
101 789
101 825
101 902
101 916
101 980
101 1007
102 143
102 243
102 350
102 401
102 449
102 481
102 484
102 601
102 665
102 741
102 799
102 865
102 976
103 194
103 386
103 454
103 460
103 489
103 517
103 600
103 626
103 652
103 669
103 678
103 682
103 704
103 758
103 788
103 829
103 904
103 931
103 986
104 165
104 167
104 239
104 267
104 296
104 310
104 326
104 551
104 577
104 692
104 812
104 847
104 971
104 1022
105 128
105 134
105 141
105 243
105 271
105 388
105 424
105 426
105 456
105 589
105 637
105 647
105 699
105 700
105 779
105 781
105 787
105 811
105 886
105 906
105 962
105 1016
106 112
106 118
106 206
106 308
106 337
106 359
106 371
106 465
106 612
106 623
106 723
106 751
106 782
106 793
106 862
107 126
107 193
107 204
107 207
107 275
107 345
107 354
107 369
107 415
107 440
107 452
107 483
107 520
107 561
107 662
107 751
107 782
107 837
107 897
107 955
107 956
107 992
107 994
108 121
108 125
108 166
108 243
108 247
108 418
108 429
108 450
108 649
108 700
108 702
108 704
108 762
108 791
108 828
108 850
108 856
108 928
108 937
108 977
108 1009
109 113
109 129
109 222
109 227
109 297
109 449
109 589
109 645
109 650
109 688
109 777
109 787
109 858
109 870
109 875
109 895
109 1021
110 122
110 135
110 295
110 367
110 369
110 381
110 413
110 483
110 487
110 563
110 640
110 654
110 709
110 710
110 821
110 937
110 951
110 961
111 179
111 190
111 337
111 419
111 505
111 528
111 551
111 635
111 649
111 728
111 796
111 833
111 976
111 994
112 138
112 152
112 286
112 342
112 453
112 503
112 512
112 514
112 549
112 582
112 667
112 785
112 901
112 907
112 948
113 118
113 139
113 240
113 292
113 322
113 385
113 604
113 672
113 781
113 801
113 814
113 848
113 884
113 957
114 152
114 201
114 300
114 402
114 426
114 544
114 564
114 582
114 650
114 691
114 715
114 820
114 847
114 879
114 887
114 907
114 928
114 930
114 947
114 981
114 994
115 131
115 362
115 467
115 471
115 519
115 586
115 688
115 771
115 789
115 872
115 962
115 1008
115 1022
116 177
116 216
116 234
116 272
116 277
116 349
116 396
116 431
116 439
116 461
116 485
116 549
116 571
116 603
116 664
116 738
117 183
117 249
117 255
117 269
117 275
117 285
117 397
117 410
117 515
117 536
117 554
117 578
117 589
117 600
117 623
117 647
117 718
117 789
117 809
117 851
117 853
117 872
117 886
117 895
117 951
117 952
118 196
118 232
118 391
118 413
118 441
118 487
118 490
118 501
118 592
118 595
118 619
118 708
118 1017
119 237
119 249
119 305
119 345
119 359
119 373
119 376
119 412
119 470
119 487
119 518
119 705
119 750
119 757
119 763
119 782
119 818
119 830
119 846
119 1013
119 1018
120 243
120 298
120 474
120 498
120 581
120 618
120 692
120 702
120 709
120 714
120 718
120 755
120 842
120 873
120 889
120 979
121 193
121 221
121 289
121 502
121 635
121 739
121 801
121 857
121 858
121 859
121 973
121 1009
122 170
122 201
122 235
122 249
122 394
122 419
122 458
122 511
122 521
122 531
122 556
122 564
122 572
122 586
122 610
122 611
122 688
122 757
122 790
122 796
122 811
122 813
122 844
122 859
122 920
122 1011
123 240
123 258
123 344
123 349
123 376
123 651
123 691
123 708
123 790
123 804
123 805
123 864
123 876
123 918
123 964
123 965
123 993
124 151
124 159
124 165
124 168
124 334
124 381
124 384
124 466
124 502
124 520
124 579
124 680
124 682
124 703
124 755
124 804
124 808
124 832
124 989
125 192
125 226
125 351
125 370
125 427
125 458
125 531
125 573
125 643
125 812
125 939
126 173
126 251
126 269
126 277
126 343
126 354
126 431
126 589
126 659
126 755
126 765
126 831
126 896
126 971
127 283
127 343
127 346
127 355
127 455
127 468
127 481
127 508
127 610
127 620
127 699
127 846
127 883
127 907
127 963
127 986
127 998
128 173
128 272
128 365
128 405
128 422
128 602
128 670
128 794
128 828
128 986
128 1019
129 130
129 170
129 180
129 272
129 355
129 474
129 484
129 492
129 529
129 614
129 687
129 698
129 855
130 155
130 185
130 300
130 310
130 440
130 505
130 551
130 592
130 632
130 653
130 835
130 927
130 960
130 989
130 1002
130 1018
131 210
131 251
131 264
131 365
131 407
131 465
131 491
131 526
131 532
131 582
131 599
131 677
131 808
132 181
132 224
132 266
132 278
132 302
132 303
132 312
132 612
132 637
132 673
132 721
132 793
132 827
132 922
132 998
132 1014
133 148
133 332
133 416
133 529
133 542
133 757
133 826
133 846
133 861
133 875
133 950
133 985
134 202
134 232
134 236
134 263
134 289
134 326
134 415
134 512
134 524
134 542
134 556
134 580
134 615
134 637
134 662
134 851
134 988
135 188
135 235
135 403
135 483
135 504
135 559
135 649
135 666
135 827
135 961
135 964
135 994
135 999
136 246
136 313
136 713
136 732
136 806
136 829
136 902
136 905
136 912
137 270
137 366
137 375
137 436
137 443
137 589
137 601
137 681
137 802
137 824
137 834
137 842
137 1021
138 192
138 312
138 468
138 472
138 510
138 524
138 652
138 677
138 769
138 800
138 869
138 873
138 957
138 987
138 1019
139 245
139 251
139 292
139 348
139 437
139 462
139 494
139 496
139 622
139 707
139 809
139 879
139 890
139 893
139 991
139 1011
140 182
140 265
140 324
140 447
140 607
140 625
140 629
140 635
140 723
140 838
140 849
140 955
140 983
140 1013
141 143
141 285
141 367
141 391
141 393
141 417
141 620
141 630
141 638
141 641
141 701
141 833
141 840
141 860
141 899
142 155
142 210
142 303
142 388
142 451
142 478
142 499
142 545
142 836
142 846
142 866
142 998
142 1011
143 145
143 162
143 210
143 322
143 391
143 438
143 457
143 467
143 469
143 501
143 515
143 587
143 620
143 698
143 895
143 925
143 936
143 959
144 154
144 219
144 233
144 244
144 287
144 298
144 302
144 315
144 418
144 436
144 490
144 505
144 521
144 523
144 548
144 572
144 596
144 612
144 618
144 669
144 816
144 852
144 882
145 169
145 222
145 230
145 239
145 275
145 314
145 407
145 457
145 541
145 545
145 601
145 680
145 743
145 802
145 891
145 912
146 181
146 182
146 206
146 266
146 276
146 278
146 434
146 468
146 494
146 499
146 501
146 518
146 591
146 654
146 672
146 674
146 734
146 776
146 930
146 948
146 966
147 204
147 237
147 245
147 270
147 319
147 334
147 439
147 452
147 489
147 536
147 641
147 838
147 888
147 914
147 928
148 365
148 375
148 413
148 676
148 924
148 992
149 212
149 458
149 482
149 526
149 550
149 573
149 576
149 586
149 641
149 734
149 806
149 811
149 922
149 964
149 967
149 1013
150 157
150 223
150 233
150 439
150 461
150 471
150 634
150 691
150 702
150 768
150 951
151 238
151 316
151 398
151 419
151 427
151 457
151 534
151 547
151 596
151 671
151 747
151 848
151 861
151 890
151 934
151 960
152 194
152 213
152 271
152 281
152 310
152 350
152 435
152 509
152 523
152 576
152 602
152 698
152 740
152 894
152 896
152 908
152 943
153 182
153 222
153 224
153 269
153 745
153 814
154 163
154 172
154 245
154 327
154 386
154 469
154 542
154 606
154 630
154 679
154 725
154 751
154 821
154 875
154 883
154 960
154 980
155 162
155 163
155 192
155 329
155 332
155 347
155 606
155 680
155 762
155 793
155 822
155 823
155 827
155 832
155 911
155 916
155 962
156 264
156 271
156 316
156 354
156 380
156 417
156 473
156 499
156 660
156 678
156 682
156 747
156 806
156 860
156 879
156 936
156 948
156 964
156 983
157 177
157 229
157 247
157 298
157 324
157 365
157 398
157 404
157 409
157 436
157 565
157 582
157 676
157 694
157 714
157 897
157 932
157 936
158 199
158 277
158 331
158 352
158 409
158 455
158 612
158 662
158 677
158 787
158 794
158 840
158 882
159 185
159 188
159 210
159 275
159 331
159 357
159 494
159 550
159 676
159 699
159 719
159 903
159 929
159 935
159 994
159 1000
159 1023
160 205
160 300
160 317
160 324
160 343
160 363
160 367
160 432
160 496
160 612
160 704
160 766
160 771
160 780
160 790
160 801
160 814
160 815
160 917
160 976
160 977
160 1008
161 172
161 184
161 213
161 233
161 302
161 354
161 363
161 432
161 454
161 627
161 683
161 749
161 804
161 848
161 859
161 867
161 988
162 255
162 264
162 325
162 351
162 395
162 457
162 590
162 632
162 661
162 760
162 804
162 838
162 849
162 855
162 863
162 927
162 931
162 962
162 971
162 977
162 997
162 1017
163 240
163 266
163 331
163 336
163 365
163 383
163 429
163 466
163 669
163 752
163 780
163 885
164 190
164 287
164 304
164 307
164 325
164 492
164 592
164 617
164 633
164 653
164 845
164 868
164 999
165 185
165 191
165 193
165 245
165 249
165 272
165 408
165 471
165 487
165 614
165 617
165 647
165 649
165 789
165 868
165 974
165 995
166 263
166 267
166 274
166 307
166 359
166 368
166 391
166 411
166 554
166 565
166 756
166 794
166 834
166 860
166 862
166 912
166 984
166 996
166 1016
167 226
167 246
167 358
167 409
167 454
167 464
167 642
167 647
167 716
167 724
167 841
167 913
167 926
167 973
168 216
168 227
168 373
168 515
168 582
168 607
168 826
168 965
168 998
168 1021
169 263
169 305
169 345
169 428
169 467
169 484
169 552
169 575
169 661
169 695
169 780
169 797
169 825
169 874
169 887
169 931
169 994
170 171
170 182
170 262
170 306
170 433
170 479
170 553
170 578
170 598
170 772
170 884
170 1001
171 307
171 346
171 477
171 492
171 551
171 784
171 794
171 886
172 200
172 222
172 238
172 289
172 327
172 343
172 413
172 474
172 486
172 549
172 581
172 685
172 698
172 700
172 736
173 223
173 269
173 270
173 294
173 351
173 389
173 424
173 431
173 489
173 579
173 621
173 744
173 813
173 820
173 944
173 1018
174 384
174 412
174 427
174 428
174 532
174 580
174 605
174 722
174 747
174 835
174 913
174 926
175 276
175 291
175 336
175 337
175 382
175 538
175 617
175 733
175 781
175 802
175 825
176 180
176 237
176 290
176 420
176 450
176 811
176 816
176 957
177 178
177 190
177 198
177 226
177 303
177 307
177 315
177 408
177 475
177 511
177 715
177 798
177 802
177 977
177 1003
178 220
178 299
178 331
178 435
178 540
178 651
178 663
178 685
178 743
178 752
178 754
178 772
178 842
178 946
178 969
179 194
179 228
179 240
179 252
179 258
179 401
179 430
179 435
179 487
179 717
179 905
179 938
179 946
179 1006
179 1016
180 213
180 249
180 331
180 366
180 396
180 401
180 466
180 467
180 495
180 499
180 587
180 591
180 624
180 828
180 869
180 906
180 930
180 958
180 996
181 192
181 272
181 406
181 416
181 444
181 510
181 544
181 556
181 584
181 610
181 617
181 633
181 642
181 1001
182 349
182 352
182 395
182 399
182 464
182 623
182 864
182 880
182 973
182 988
182 1009
183 217
183 243
183 386
183 403
183 432
183 439
183 533
183 630
183 657
183 730
183 791
183 814
183 967
184 190
184 213
184 245
184 436
184 454
184 476
184 484
184 509
184 546
184 551
184 614
184 650
184 663
184 698
184 751
184 837
184 894
184 912
184 925
184 937
184 965
184 969
185 233
185 366
185 374
185 421
185 492
185 524
185 616
185 801
185 823
185 862
185 933
185 942
185 963
185 992
186 337
186 407
186 487
186 530
186 675
186 696
186 784
186 831
186 835
186 987
187 220
187 227
187 338
187 342
187 448
187 757
187 767
187 783
187 879
187 1010
188 211
188 224
188 275
188 334
188 337
188 434
188 441
188 527
188 632
188 645
188 653
188 708
188 957
188 1003
188 1008
189 222
189 278
189 322
189 430
189 456
189 541
189 558
189 563
189 568
189 694
189 783
189 785
189 837
189 854
189 913
190 243
190 383
190 419
190 502
190 583
190 670
190 681
190 743
190 898
190 1016
191 202
191 212
191 265
191 291
191 329
191 339
191 392
191 403
191 410
191 437
191 511
191 568
191 569
191 595
191 632
191 704
191 769
191 808
191 810
191 820
191 893
191 939
191 984
191 985
191 1002
191 1005
192 193
192 390
192 459
192 613
192 676
192 744
192 890
192 957
193 202
193 229
193 440
193 477
193 505
193 659
193 810
193 816
193 822
193 943
193 1018
194 238
194 281
194 344
194 435
194 516
194 556
194 571
194 574
194 634
194 698
194 718
194 739
194 757
195 210
195 361
195 426
195 578
195 667
195 671
195 763
195 813
195 892
195 893
195 896
195 967
195 969
196 350
196 493
196 654
196 680
196 737
196 747
196 792
196 884
196 997
196 1013
197 225
197 411
197 429
197 448
197 864
197 899
197 1014
198 218
198 228
198 257
198 357
198 389
198 441
198 472
198 519
198 558
198 562
198 593
198 652
198 743
198 775
198 827
198 849
198 877
198 934
199 209
199 211
199 396
199 444
199 477
199 480
199 562
199 704
199 888
199 907
199 919
199 961
199 990
199 1017
200 203
200 215
200 238
200 401
200 451
200 457
200 563
200 572
200 650
200 831
200 845
200 916
200 974
201 210
201 223
201 257
201 268
201 293
201 296
201 388
201 419
201 434
201 440
201 497
201 503
201 570
201 661
201 711
201 729
201 855
201 925
201 934
202 221
202 232
202 249
202 427
202 663
202 688
202 732
202 894
203 204
203 268
203 352
203 454
203 457
203 540
203 580
203 587
203 631
203 741
203 952
203 1005
204 239
204 303
204 402
204 422
204 459
204 547
204 563
204 673
204 765
204 806
204 832
204 889
204 907
204 980
205 416
205 468
205 494
205 602
205 718
205 811
205 886
205 889
205 900
205 938
205 1002
205 1014
206 215
206 277
206 295
206 303
206 466
206 539
206 548
206 584
206 609
206 618
206 677
206 722
206 864
206 884
206 1012
207 276
207 288
207 296
207 404
207 503
207 679
207 683
207 703
207 724
207 763
207 777
207 786
207 870
207 908
207 931
207 937
207 961
207 963
207 993
207 1014
208 336
208 424
208 485
208 543
208 567
208 570
208 595
208 596
208 648
208 685
208 688
208 691
208 697
208 871
208 987
208 1022
209 234
209 276
209 285
209 306
209 313
209 338
209 421
209 549
209 651
209 946
210 236
210 278
210 371
210 386
210 513
210 711
210 780
210 925
210 951
210 1018
210 1023
211 241
211 244
211 262
211 269
211 316
211 321
211 406
211 562
211 608
211 683
211 705
211 778
211 818
211 854
211 867
211 907
211 925
211 951
211 963
211 971
211 1003
211 1019
212 260
212 272
212 329
212 383
212 469
212 502
212 522
212 559
212 581
212 592
212 662
212 669
212 699
212 782
212 876
212 882
212 913
213 227
213 317
213 342
213 407
213 426
213 469
213 496
213 561
213 647
213 687
213 905
213 964
213 995
214 220
214 237
214 260
214 269
214 397
214 432
214 440
214 458
214 664
214 677
214 682
214 732
214 754
214 839
214 866
214 885
214 886
214 1002
215 231
215 427
215 435
215 440
215 456
215 481
215 483
215 586
215 639
215 657
215 726
215 747
215 754
215 894
215 985
215 1003
216 314
216 397
216 444
216 507
216 587
216 590
216 611
216 641
216 644
216 667
216 911
216 999
217 247
217 323
217 331
217 352
217 357
217 437
217 521
217 523
217 548
217 669
217 693
217 776
217 782
217 783
217 804
217 1017
218 258
218 291
218 401
218 422
218 426
218 442
218 459
218 561
218 593
218 876
218 881
218 914
218 977
219 239
219 249
219 277
219 284
219 285
219 335
219 341
219 358
219 457
219 497
219 533
219 685
219 762
219 791
219 795
219 831
219 942
219 948
220 242
220 384
220 389
220 392
220 393
220 471
220 472
220 511
220 523
220 546
220 578
220 579
220 609
220 633
220 652
220 670
220 888
220 989
220 1017
220 1023
221 254
221 268
221 398
221 433
221 568
221 668
221 699
221 701
221 704
221 809
221 975
222 480
222 484
222 592
222 594
222 637
222 835
222 867
222 896
222 911
222 945
222 952
222 977
223 272
223 290
223 408
223 414
223 573
223 611
223 739
223 876
223 939
223 1001
224 278
224 412
224 516
224 572
224 649
224 671
224 931
224 939
224 992
225 280
225 394
225 396
225 408
225 417
225 452
225 469
225 498
225 548
225 682
225 791
225 807
225 823
225 837
225 924
225 934
225 979
226 275
226 294
226 342
226 366
226 385
226 449
226 699
226 746
226 791
226 824
226 843
226 853
226 930
226 964
227 246
227 257
227 264
227 306
227 406
227 449
227 464
227 519
227 556
227 660
227 734
227 768
228 254
228 265
228 277
228 289
228 350
228 370
228 475
228 479
228 482
228 483
228 527
228 529
228 610
228 675
228 687
228 697
228 723
228 760
228 764
228 1006
229 245
229 291
229 305
229 414
229 440
229 480
229 627
229 801
229 892
229 900
230 273
230 329
230 398
230 411
230 462
230 475
230 533
230 639
230 738
230 807
230 841
230 869
230 926
230 1019
231 257
231 396
231 404
231 428
231 500
231 652
231 665
231 680
231 695
231 745
231 761
231 850
232 440
232 471
232 494
232 696
232 703
232 716
232 844
232 955
232 1015
233 237
233 294
233 341
233 519
233 562
233 719
233 754
233 820
233 824
234 278
234 345
234 360
234 444
234 468
234 476
234 526
234 529
234 541
234 695
234 696
234 855
234 865
234 922
234 971
234 993
234 1010
235 254
235 314
235 360
235 423
235 469
235 788
235 869
235 871
235 873
235 915
236 250
236 267
236 286
236 288
236 328
236 387
236 526
236 583
236 666
236 789
236 813
237 277
237 307
237 443
237 464
237 473
237 591
237 653
237 697
237 746
237 775
237 786
237 795
237 838
237 857
237 925
238 245
238 343
238 590
238 640
238 700
238 726
238 757
238 771
238 812
238 837
238 841
238 860
239 243
239 247
239 309
239 328
239 394
239 407
239 582
239 624
239 674
239 726
239 778
239 817
239 857
240 276
240 317
240 327
240 328
240 350
240 357
240 388
240 406
240 432
240 481
240 523
240 621
240 673
240 680
240 683
240 710
240 765
240 792
240 807
240 831
240 895
240 969
241 294
241 326
241 351
241 376
241 377
241 425
241 463
241 578
241 610
241 668
241 676
241 774
241 819
241 870
241 1005
241 1006
242 342
242 371
242 381
242 651
242 671
242 673
242 716
242 726
242 731
242 754
242 767
242 806
242 822
242 826
242 957
242 1005
243 359
243 393
243 596
243 626
243 646
243 663
243 726
243 732
243 846
243 854
243 941
243 943
243 980
243 990
244 258
244 293
244 323
244 334
244 335
244 404
244 561
244 687
244 713
244 747
244 768
244 903
244 991
244 1013
245 303
245 385
245 503
245 515
245 548
245 583
245 608
245 694
245 700
245 817
245 865
245 873
245 976
245 989
246 373
246 396
246 458
246 556
246 649
246 667
246 769
246 885
246 923
246 961
246 969
246 1001
247 364
247 374
247 609
247 645
247 654
247 674
247 708
247 762
247 790
247 801
247 835
247 903
247 959
248 361
248 368
248 421
248 466
248 556
248 572
248 605
248 631
248 652
248 662
248 748
248 766
248 899
248 944
248 945
248 1012
249 394
249 605
249 677
249 786
249 802
249 814
249 842
249 875
249 880
249 943
249 963
249 973
250 262
250 311
250 336
250 348
250 361
250 370
250 398
250 412
250 432
250 479
250 524
250 525
250 547
250 599
250 648
250 677
250 686
250 738
250 904
250 909
250 934
250 943
250 958
251 255
251 262
251 383
251 392
251 404
251 437
251 531
251 573
251 587
251 589
251 631
251 641
251 649
251 709
251 770
251 781
251 861
251 872
252 259
252 272
252 321
252 376
252 452
252 457
252 524
252 552
252 803
252 808
252 821
252 841
252 868
252 944
253 305
253 313
253 352
253 382
253 557
253 783
253 910
254 297
254 302
254 389
254 448
254 598
254 649
254 677
254 685
254 983
254 998
254 1014
255 266
255 299
255 374
255 398
255 634
255 679
255 689
255 834
255 1021
256 274
256 310
256 333
256 390
256 479
256 489
256 509
256 652
256 670
256 686
256 789
256 791
256 796
256 894
256 989
256 1006
257 326
257 338
257 376
257 493
257 494
257 528
257 587
257 605
257 651
257 688
257 695
257 750
257 828
257 840
257 896
257 947
257 986
258 410
258 437
258 438
258 629
258 754
258 897
258 951
259 310
259 431
259 520
259 553
259 821
259 825
259 900
259 1014
260 577
260 625
260 690
260 694
260 708
260 736
260 774
260 796
260 842
260 875
261 265
261 285
261 320
261 465
261 530
261 566
261 581
261 726
261 807
261 887
261 888
261 932
261 969
261 991
261 1011
262 268
262 645
262 706
262 724
262 761
262 790
262 808
262 835
262 876
262 1013
263 266
263 327
263 414
263 421
263 425
263 558
263 575
263 720
263 751
263 760
263 761
263 943
263 1004
264 355
264 364
264 427
264 489
264 492
264 514
264 648
264 712
264 730
264 748
264 802
264 805
264 865
264 941
265 266
265 412
265 414
265 589
265 769
265 789
265 818
265 874
265 938
265 960
265 994
265 1001
266 271
266 362
266 441
266 477
266 535
266 584
266 631
266 642
266 676
266 733
266 753
266 770
266 780
266 825
266 887
266 987
266 994
266 998
267 298
267 301
267 317
267 346
267 378
267 438
267 526
267 527
267 536
267 660
267 812
267 875
267 894
267 895
268 333
268 368
268 465
268 478
268 557
268 645
268 661
268 671
268 761
268 788
268 890
268 1011
268 1016
269 316
269 519
269 564
269 615
269 688
269 731
269 733
269 734
269 739
269 928
269 935
269 958
270 298
270 335
270 361
270 443
270 459
270 493
270 514
270 526
270 555
270 745
270 867
270 938
270 967
271 284
271 316
271 399
271 418
271 446
271 448
271 480
271 514
271 544
271 577
271 618
271 642
271 689
271 828
271 982
272 298
272 305
272 307
272 527
272 530
272 546
272 580
272 763
272 785
272 823
272 824
272 880
272 943
272 1012
273 281
273 284
273 346
273 399
273 516
273 553
273 580
273 603
273 701
273 719
273 763
273 768
273 853
273 860
273 914
273 972
274 303
274 361
274 435
274 436
274 488
274 496
274 530
274 562
274 642
274 702
274 788
274 818
274 1003
275 306
275 353
275 407
275 467
275 529
275 554
275 561
275 567
275 635
275 773
275 794
275 796
275 813
275 815
275 853
275 929
276 295
276 323
276 335
276 373
276 399
276 460
276 582
276 631
276 805
276 848
276 924
276 950
276 981
276 1004
277 517
277 524
277 530
277 555
277 585
277 615
277 776
277 838
277 917
277 969
278 289
278 384
278 400
278 451
278 591
278 778
278 838
278 910
278 922
279 289
279 309
279 385
279 415
279 470
279 563
279 616
279 800
279 803
279 808
279 859
279 901
279 915
279 976
280 668
280 671
280 682
280 801
280 926
280 1020
281 343
281 422
281 423
281 454
281 597
281 636
281 656
281 683
281 769
281 793
281 856
281 979
281 990
282 313
282 401
282 447
282 540
282 596
282 774
282 779
282 824
282 890
283 288
283 346
283 372
283 437
283 529
283 550
283 623
283 920
283 937
283 1008
284 364
284 380
284 442
284 443
284 470
284 496
284 696
284 806
284 810
284 816
284 833
284 926
284 945
284 947
284 981
285 329
285 368
285 423
285 492
285 522
285 598
285 604
285 632
285 660
285 909
286 292
286 301
286 355
286 488
286 590
286 693
286 709
286 748
286 768
286 787
286 847
286 850
286 862
286 877
286 891
286 897
286 899
286 901
286 969
286 982
287 298
287 416
287 427
287 438
287 440
287 446
287 453
287 495
287 518
287 540
287 588
287 591
287 595
287 648
287 781
287 792
287 938
287 992
287 1009
288 291
288 295
288 316
288 350
288 362
288 413
288 503
288 684
288 694
288 729
288 770
288 903
288 1023
289 295
289 373
289 392
289 719
289 721
289 748
289 758
289 856
289 872
289 875
289 939
290 305
290 356
290 377
290 423
290 496
290 604
290 668
290 725
290 784
290 789
290 821
290 841
290 992
291 309
291 360
291 399
291 431
291 576
291 605
291 637
291 842
291 874
291 955
291 966
291 977
291 982
291 1022
292 390
292 436
292 661
292 673
292 816
292 853
292 869
292 879
292 880
292 933
292 996
293 433
293 588
293 605
293 627
293 640
293 745
293 862
293 955
293 1005
294 313
294 376
294 386
294 430
294 453
294 459
294 510
294 518
294 530
294 614
294 639
294 737
294 746
294 756
294 826
294 878
295 325
295 329
295 360
295 386
295 431
295 600
295 623
295 827
296 322
296 407
296 595
296 688
296 747
296 762
296 786
296 789
296 907
296 991
297 298
297 325
297 384
297 385
297 387
297 411
297 421
297 480
297 696
297 716
297 765
297 840
297 905
297 999
298 325
298 336
298 373
298 531
298 729
298 768
298 778
298 781
298 808
298 929
298 960
298 988
299 312
299 347
299 406
299 463
299 543
299 577
299 605
299 777
299 977
300 360
300 374
300 377
300 621
300 629
300 736
300 739
300 761
300 807
300 891
300 992
300 1003
300 1021
301 367
301 442
301 464
301 529
301 571
301 578
301 598
301 602
301 643
301 651
301 661
301 675
301 780
301 848
301 861
301 1001
301 1015
301 1017
302 414
302 424
302 473
302 486
302 532
302 542
302 623
302 689
302 695
302 722
302 744
302 868
302 879
302 980
303 615
303 677
303 749
303 787
303 884
303 976
304 326
304 332
304 482
304 600
304 616
304 634
304 646
304 708
304 714
304 786
304 813
304 841
304 887
304 924
305 395
305 407
305 427
305 441
305 470
305 671
305 725
305 766
305 803
305 807
305 871
305 989
306 407
306 521
306 540
306 729
306 765
306 835
306 837
306 902
306 960
307 331
307 454
307 511
307 516
307 520
307 569
307 599
307 632
307 789
307 821
307 958
307 971
307 989
307 995
307 1015
308 324
308 352
308 373
308 410
308 448
308 526
308 596
308 626
308 655
308 745
308 864
308 868
308 922
308 962
309 313
309 325
309 358
309 365
309 374
309 414
309 473
309 488
309 515
309 518
309 592
309 668
309 682
309 769
309 854
309 945
309 958
310 392
310 406
310 523
310 602
310 672
310 675
310 847
310 890
310 938
311 323
311 424
311 478
311 519
311 520
311 566
311 572
311 593
311 654
311 665
311 673
311 727
311 762
311 943
311 983
312 386
312 432
312 609
312 613
312 618
312 637
312 669
312 671
312 682
312 706
312 753
312 775
312 841
312 888
312 889
313 338
313 376
313 577
313 726
313 777
313 819
313 941
313 951
314 323
314 371
314 377
314 455
314 483
314 516
314 590
314 659
314 667
314 754
314 871
315 390
315 443
315 458
315 489
315 666
315 754
315 768
315 844
315 1013
316 392
316 396
316 412
316 471
316 496
316 580
316 618
316 632
316 667
316 746
316 768
316 873
316 909
317 363
317 444
317 486
317 529
317 557
317 774
317 817
317 919
317 938
317 962
317 999
318 390
318 396
318 407
318 422
318 447
318 509
318 513
318 534
318 557
318 701
318 736
318 821
318 865
318 903
318 952
318 1007
319 391
319 408
319 823
319 835
319 870
319 937
319 941
319 961
320 333
320 338
320 472
320 474
320 596
320 647
320 652
320 666
320 667
320 668
320 739
320 845
320 858
320 874
320 964
321 362
321 402
321 488
321 546
321 586
321 655
321 710
321 725
321 849
321 894
321 909
321 924
321 1012
322 410
322 428
322 450
322 480
322 503
322 534
322 568
322 644
322 678
322 679
322 731
322 744
322 769
322 772
322 796
322 850
322 888
322 995
322 1009
323 350
323 383
323 405
323 462
323 518
323 532
323 540
323 650
323 657
323 663
323 677
323 743
323 808
323 822
323 836
323 891
323 899
323 960
323 977
323 989
323 1018
324 332
324 376
324 395
324 491
324 578
324 659
324 678
324 714
324 729
324 732
324 809
324 898
324 951
325 355
325 358
325 510
325 613
325 726
325 747
325 764
325 785
325 808
325 862
325 892
325 940
325 941
325 1000
325 1018
326 556
326 569
326 607
326 619
326 821
326 877
326 906
326 912
326 914
327 416
327 511
327 545
327 670
327 680
327 728
327 746
327 750
327 775
327 786
327 822
327 842
327 856
327 938
327 946
328 530
328 577
328 640
328 655
328 696
328 736
328 765
328 770
328 812
328 813
328 986
329 357
329 607
329 688
329 741
329 915
329 956
329 963
329 1001
330 354
330 406
330 409
330 425
330 431
330 583
330 590
330 745
330 770
330 852
330 958
330 1005
331 340
331 387
331 418
331 442
331 452
331 569
331 596
331 620
331 804
331 819
331 947
331 984
332 380
332 467
332 468
332 509
332 558
332 708
332 765
332 822
332 893
333 437
333 552
333 585
333 614
333 618
333 628
333 717
333 719
333 752
333 808
333 822
333 837
333 872
333 924
333 950
333 966
333 972
333 986
334 451
334 455
334 499
334 563
334 582
334 705
334 752
334 770
334 908
334 985
335 344
335 494
335 519
335 670
335 693
335 818
335 904
335 940
336 351
336 405
336 482
336 487
336 506
336 510
336 641
336 691
336 713
336 793
336 846
336 847
336 863
336 966
337 479
337 645
337 653
337 726
337 787
337 813
337 818
337 856
337 867
337 878
337 900
337 909
337 942
338 371
338 445
338 612
338 687
338 703
338 710
338 802
338 839
338 858
338 900
338 924
338 985
339 348
339 350
339 365
339 381
339 426
339 479
339 585
339 590
339 614
339 657
339 742
339 936
339 946
340 389
340 404
340 436
340 448
340 499
340 539
340 568
340 607
340 647
340 717
340 742
340 768
340 872
340 940
340 963
341 355
341 424
341 503
341 607
341 689
341 701
341 728
341 788
341 790
341 818
341 889
341 895
341 897
341 928
341 972
342 401
342 452
342 535
342 664
342 710
342 779
342 843
342 901
342 1007
343 377
343 442
343 464
343 552
343 565
343 650
343 779
343 794
343 799
343 804
343 842
343 1004
344 384
344 416
344 435
344 475
344 497
344 606
344 617
344 627
344 667
344 734
344 788
344 808
344 894
344 895
344 975
345 402
345 407
345 467
345 597
345 630
345 637
345 688
345 774
345 794
345 907
345 989
346 428
346 462
346 479
346 498
346 518
346 537
346 621
346 705
346 792
346 875
346 982
346 1010
347 434
347 514
347 536
347 649
347 870
347 872
347 980
347 984
348 367
348 389
348 414
348 446
348 452
348 498
348 525
348 545
348 601
348 627
348 667
348 801
348 820
348 873
348 888
348 905
348 958
349 353
349 450
349 514
349 530
349 534
349 548
349 625
349 686
349 864
349 906
349 1010
350 363
350 366
350 410
350 477
350 610
350 641
350 671
350 765
350 830
350 831
350 872
350 953
351 393
351 407
351 495
351 561
351 597
351 885
351 924
351 935
351 946
351 967
351 979
351 990
351 1019
352 356
352 359
352 391
352 579
352 625
352 649
352 809
352 837
352 907
352 909
352 928
352 971
352 1008
353 559
353 587
353 653
353 668
353 757
353 766
353 868
353 936
353 946
354 407
354 524
354 635
354 666
354 713
354 718
354 740
354 779
354 879
354 905
354 1006
354 1021
355 385
355 426
355 443
355 524
355 529
355 626
355 807
355 825
355 994
356 374
356 514
356 544
356 653
356 659
356 675
356 686
356 701
356 765
356 989
356 1019
357 576
357 617
357 669
357 690
357 695
357 723
357 784
357 787
357 817
357 822
357 834
357 888
358 411
358 434
358 458
358 519
358 528
358 556
358 564
358 641
358 654
358 764
358 801
358 815
358 981
359 365
359 413
359 438
359 527
359 741
359 755
359 884
359 903
359 918
359 960
360 425
360 570
360 609
360 621
360 635
360 714
360 864
360 873
360 986
361 365
361 395
361 574
361 645
361 684
361 699
361 764
361 783
361 827
361 832
361 839
361 887
362 407
362 457
362 461
362 556
362 557
362 668
362 766
362 876
362 897
362 899
362 955
362 1014
363 404
363 406
363 481
363 602
363 618
363 640
363 730
363 785
363 801
363 827
363 842
363 888
363 905
363 977
364 555
364 558
364 582
364 617
364 843
364 878
364 950
364 962
364 1013
365 409
365 432
365 439
365 481
365 522
365 539
365 572
365 649
365 651
365 732
365 806
365 862
365 878
365 951
365 954
365 984
366 584
366 595
366 670
366 683
366 766
366 820
366 849
366 850
366 968
366 991
366 1002
366 1019
366 1020
367 468
367 492
367 543
367 556
367 661
367 716
367 743
367 769
367 870
367 919
368 424
368 459
368 653
368 675
368 685
368 701
368 707
368 918
369 411
369 466
369 494
369 521
369 532
369 714
369 752
369 771
369 899
369 923
369 1008
369 1017
370 552
370 583
370 623
370 635
370 771
370 797
370 829
370 874
370 876
370 935
370 937
370 974
370 980
370 993
371 402
371 485
371 511
371 695
371 733
371 749
371 786
371 835
371 950
371 988
371 993
372 408
372 638
372 683
372 717
372 731
372 782
372 923
372 976
372 991
373 396
373 428
373 509
373 539
373 540
373 550
373 612
373 665
373 715
373 816
373 832
373 968
374 479
374 682
374 686
374 703
374 925
375 634
375 707
375 764
375 777
375 825
375 940
376 445
376 459
376 508
376 539
376 683
376 787
376 815
376 941
376 974
376 994
377 430
377 444
377 492
377 570
377 587
377 750
377 915
377 971
377 1017
377 1023
378 394
378 412
378 424
378 428
378 452
378 486
378 541
378 654
378 697
378 749
378 932
378 1012
379 422
379 429
379 663
379 689
379 693
379 745
379 792
379 916
379 936
379 950
379 1007
380 394
380 496
380 520
380 580
380 787
380 839
380 849
380 916
380 992
380 998
380 1009
381 391
381 708
381 830
381 834
382 471
382 477
382 543
382 645
382 667
382 705
382 709
382 993
383 413
383 461
383 517
383 752
383 754
383 778
383 813
383 885
383 957
383 992
384 393
384 413
384 510
384 513
384 593
384 602
384 710
384 745
384 788
384 882
385 597
385 651
385 704
385 728
385 771
385 844
385 899
385 915
385 956
385 966
385 967
385 992
386 399
386 442
386 573
386 578
386 650
386 701
386 800
386 801
386 852
386 855
386 886
386 925
386 949
386 977
386 998
386 1000
387 430
387 433
387 555
387 602
387 660
387 679
387 722
387 732
387 753
387 783
387 789
387 808
387 875
387 911
387 941
387 989
388 430
388 453
388 471
388 540
388 636
388 710
388 839
388 869
388 926
388 945
388 960
388 961
389 406
389 427
389 482
389 483
389 537
389 628
389 740
389 744
389 772
389 880
389 960
389 975
389 1006
390 511
390 539
390 583
390 608
390 611
390 619
390 751
390 765
390 781
390 857
390 911
390 954
391 465
391 471
391 482
391 589
391 619
391 643
391 661
391 769
391 825
391 836
391 956
392 502
392 582
392 779
392 827
392 853
392 947
393 614
393 652
393 683
393 693
393 746
393 784
393 930
393 939
393 943
393 952
393 1023
394 484
394 493
394 561
394 648
394 677
394 707
394 738
394 789
394 825
394 867
394 911
395 407
395 505
395 508
395 517
395 559
395 562
395 564
395 590
395 641
395 716
395 736
395 746
395 758
395 760
395 767
395 865
395 916
395 959
395 964
395 1001
396 466
396 503
396 524
396 572
396 708
396 709
396 731
396 750
396 815
396 908
396 1009
397 434
397 525
397 603
397 747
397 779
397 792
397 830
397 833
397 947
397 964
397 1010
398 408
398 441
398 562
398 576
398 588
398 647
398 649
398 663
398 674
398 702
398 790
398 861
398 909
398 1022
399 409
399 517
399 518
399 590
399 810
399 851
399 962
399 989
399 992
400 454
400 460
400 528
400 531
400 547
400 603
400 607
400 744
400 771
400 780
400 828
400 845
400 888
400 916
400 962
401 407
401 436
401 553
401 634
401 651
401 705
401 754
401 774
401 781
401 796
401 821
401 831
401 858
401 898
401 932
402 436
402 444
402 459
402 460
402 479
402 626
402 689
402 740
402 801
402 804
402 822
402 902
402 924
402 927
402 978
403 424
403 432
403 466
403 572
403 573
403 648
403 706
403 780
403 829
403 840
403 888
404 514
404 541
404 651
404 707
404 735
404 765
404 785
404 823
404 898
405 456
405 477
405 563
405 588
405 628
405 629
405 648
405 656
405 721
405 762
405 815
405 841
405 855
405 996
406 454
406 539
406 540
406 549
406 557
406 582
406 630
406 637
406 728
406 730
406 764
406 810
406 837
406 850
406 964
406 999
407 409
407 417
407 440
407 449
407 499
407 531
407 596
407 722
407 810
407 878
407 883
407 934
407 946
407 986
407 996
408 464
408 534
408 591
408 696
408 840
408 943
408 967
408 993
409 536
409 639
409 698
409 761
409 771
409 799
409 824
409 967
409 977
409 1023
410 467
410 525
410 526
410 544
410 548
410 669
410 740
410 749
410 801
410 839
410 943
410 983
411 610
411 615
411 668
411 791
412 656
412 692
412 730
412 757
412 762
412 863
412 880
412 914
412 975
413 448
413 464
413 617
413 656
413 727
413 729
413 731
413 827
413 983
414 447
414 493
414 512
414 649
414 703
414 746
414 754
414 979
415 429
415 469
415 483
415 530
415 531
415 576
415 593
415 670
415 788
415 818
415 855
415 886
415 1014
416 514
416 516
416 560
416 714
416 810
416 845
416 869
416 873
416 897
416 971
416 986
417 441
417 452
417 588
417 747
417 762
417 812
417 865
417 935
417 963
417 1014
417 1016
418 474
418 505
418 599
418 649
418 650
418 696
418 715
418 845
418 877
418 910
418 914
418 984
419 461
419 493
419 505
419 516
419 569
419 630
419 673
419 690
419 715
419 813
419 842
419 852
419 885
419 953
419 961
419 969
420 436
420 450
420 465
420 535
420 677
420 700
420 754
420 857
420 858
420 895
420 896
420 926
420 991
421 463
421 519
421 539
421 548
421 574
421 689
421 690
421 706
421 762
421 800
421 827
421 837
421 864
421 876
421 937
422 528
422 553
422 588
422 593
422 606
422 620
422 621
422 741
422 777
422 802
422 825
422 873
422 891
422 903
422 965
424 499
424 527
424 675
424 759
424 780
424 800
424 821
424 874
424 955
425 487
425 527
425 553
425 649
425 692
425 736
425 737
425 747
425 757
425 886
425 917
425 951
425 1002
426 480
426 493
426 663
426 681
426 742
426 759
426 849
426 994
427 583
427 626
427 736
427 791
427 850
427 932
427 1005
427 1023
428 482
428 484
428 603
428 637
428 660
428 672
428 682
428 702
428 724
428 768
428 788
428 842
428 854
428 869
428 888
428 994
429 461
429 520
429 554
429 574
429 575
429 651
429 684
429 708
429 710
429 824
429 833
429 861
429 929
429 980
429 981
430 446
430 448
430 475
430 604
430 798
430 802
430 830
430 874
430 879
430 915
430 951
430 956
430 987
431 486
431 507
431 558
431 617
431 690
431 693
431 805
431 826
431 841
431 845
431 880
431 910
431 932
431 939
431 978
431 1020
432 486
432 562
432 566
432 567
432 582
432 600
432 761
432 899
432 922
432 929
432 996
432 1010
433 482
433 656
433 842
433 844
433 945
433 968
433 1014
433 1023
434 482
434 503
434 519
434 533
434 582
434 595
434 730
434 945
434 950
434 951
434 956
435 442
435 471
435 511
435 532
435 570
435 672
435 745
435 774
435 795
436 463
436 469
436 506
436 588
436 665
436 749
436 770
436 853
436 882
436 891
436 950
436 961
437 461
437 462
437 496
437 536
437 583
437 668
437 736
437 845
437 904
437 937
437 966
437 972
437 1001
437 1010
438 501
438 519
438 593
438 628
438 691
438 873
438 922
438 924
438 964
438 966
439 449
439 471
439 496
439 601
439 626
439 670
439 697
439 764
439 783
439 878
439 931
440 459
440 493
440 542
440 561
440 579
440 580
440 587
440 822
440 915
440 931
440 967
440 972
440 974
441 476
441 529
441 571
441 606
441 677
441 696
441 788
441 820
442 565
442 690
442 729
442 761
442 777
442 802
442 893
442 903
442 975
442 984
442 1005
443 483
443 493
443 510
443 568
443 577
443 629
443 682
443 848
443 882
443 955
444 499
444 550
444 639
444 644
444 654
444 766
444 768
444 836
444 896
444 934
444 939
444 968
444 982
444 992
445 455
445 475
445 487
445 495
445 547
445 695
445 754
445 814
445 824
445 845
445 851
445 897
446 617
446 635
446 711
446 717
446 876
446 974
447 465
447 480
447 549
447 563
447 706
447 765
447 1022
448 451
448 544
448 654
448 663
448 701
448 721
448 756
448 759
448 830
448 939
448 954
449 461
449 464
449 523
449 543
449 886
449 905
449 915
449 951
449 988
449 1003
450 645
450 680
450 725
450 780
450 817
450 885
450 919
450 921
450 955
450 1012
451 468
451 472
451 498
451 535
451 555
451 606
451 852
451 918
451 953
451 1017
452 539
452 568
452 571
452 581
452 651
452 729
452 756
452 781
452 801
452 802
452 846
452 1008
452 1018
452 1022
453 477
453 482
453 501
453 509
453 655
453 662
453 703
453 829
453 987
454 495
454 758
454 827
454 957
454 1018
455 533
455 558
455 559
455 577
455 645
455 658
455 729
455 820
455 829
455 885
455 994
455 1005
455 1007
456 461
456 476
456 667
456 673
456 739
456 752
456 847
456 960
456 994
457 487
457 509
457 530
457 571
457 704
457 769
457 826
457 831
457 899
457 901
457 902
457 939
457 994
458 507
458 581
458 634
458 645
458 842
458 888
458 933
458 934
458 979
458 1009
459 474
459 488
459 528
459 623
459 699
459 734
459 742
459 759
459 764
459 812
459 913
459 953
460 518
460 540
460 721
460 754
460 793
460 837
460 882
460 933
461 624
461 711
461 751
461 836
461 936
462 464
462 481
462 489
462 508
462 580
462 627
462 794
462 842
462 926
462 944
462 953
462 954
462 955
463 480
463 612
463 639
463 648
463 678
463 700
463 762
463 802
463 808
463 828
464 556
464 567
464 670
464 764
464 815
464 934
464 981
465 527
465 547
465 648
465 681
465 788
465 864
465 893
465 911
465 930
465 939
466 501
466 582
466 627
466 631
466 643
466 671
466 786
466 987
467 475
467 682
467 689
467 690
467 701
467 770
467 804
467 811
467 836
467 864
467 868
467 880
467 923
467 940
468 481
468 506
468 518
468 551
468 721
468 800
468 826
468 887
468 940
468 1003
469 564
469 629
469 631
469 680
469 716
469 789
469 813
469 917
469 978
470 564
470 571
470 621
470 635
470 748
470 761
470 788
470 1007
471 497
471 501
471 512
471 515
471 565
471 861
471 982
472 570
472 719
472 774
472 783
472 785
472 787
472 874
472 934
473 515
473 545
473 565
473 688
473 714
473 782
473 885
473 937
473 957
474 502
474 511
474 548
474 549
474 624
474 626
474 679
474 793
474 865
475 568
475 660
475 669
475 714
475 790
475 808
475 848
475 871
475 872
475 877
475 898
475 926
475 968
476 555
476 569
476 604
476 612
476 616
476 637
476 685
476 732
476 773
476 804
476 857
476 873
476 927
476 937
476 938
476 967
476 985
476 995
477 510
477 517
477 658
477 659
477 713
477 727
477 762
477 816
477 845
477 952
477 969
477 996
478 610
478 647
478 676
478 704
478 724
478 765
478 791
478 835
478 856
478 883
478 983
478 987
479 510
479 613
479 615
479 650
479 693
479 787
479 810
479 811
479 833
479 869
479 890
479 898
479 965
479 1000
479 1018
480 508
480 516
480 630
480 666
480 679
480 790
480 840
480 857
480 908
480 947
480 1010
481 540
481 590
481 601
481 640
481 650
481 652
481 664
481 680
481 833
481 835
481 845
481 882
481 905
481 965
482 575
482 773
482 775
482 788
482 815
482 863
482 1006
483 649
483 842
483 904
483 911
483 939
484 674
484 706
484 761
484 764
484 901
484 983
485 491
485 649
485 692
485 782
485 867
485 902
485 971
485 973
485 1020
486 534
486 1011
487 732
487 789
487 807
487 973
487 980
488 742
488 758
488 760
488 800
488 815
488 912
488 932
488 951
488 959
488 1013
489 522
489 611
489 641
489 652
489 708
489 722
489 746
489 780
489 942
489 962
490 513
490 568
490 637
490 643
490 649
490 669
490 734
490 750
490 773
490 795
490 917
490 969
490 997
491 694
491 798
491 878
491 888
491 934
491 972
492 520
492 523
492 543
492 573
492 723
492 750
492 843
492 910
492 936
492 939
492 975
492 1013
493 496
493 498
493 564
493 579
493 594
493 608
493 804
493 852
493 913
493 964
494 503
494 517
494 563
494 676
494 754
494 950
494 968
494 984
495 572
495 584
495 616
495 698
495 722
495 895
495 928
495 932
495 957
495 980
496 515
496 643
496 686
496 716
496 718
496 723
496 794
496 814
496 852
496 937
496 971
496 979
496 986
497 498
497 539
497 741
497 746
497 747
497 755
497 781
497 817
497 818
497 997
497 1000
498 605
498 687
498 824
498 851
498 867
499 643
499 699
499 715
499 745
499 775
499 783
499 823
499 848
499 1009
500 548
500 592
500 657
500 663
500 737
500 795
500 837
500 887
500 891
500 892
500 935
500 1012
501 502
501 525
501 556
501 560
501 834
501 837
501 838
501 860
501 970
501 973
501 1001
502 574
502 597
502 635
502 640
502 718
502 867
502 892
502 949
503 514
503 529
503 580
503 657
503 666
503 719
503 801
503 810
503 851
503 938
504 640
504 684
504 768
504 851
504 867
504 925
504 946
504 973
505 538
505 606
505 734
505 855
505 920
505 935
505 945
506 550
506 601
506 630
506 726
506 740
506 771
506 809
506 929
506 956
506 967
507 700
507 704
507 711
507 765
507 819
507 830
507 1004
508 532
508 608
508 625
508 660
508 748
508 850
508 854
508 1009
509 537
509 563
509 634
509 688
509 708
509 724
509 785
509 806
509 869
509 883
509 916
509 1014
510 602
510 616
510 618
510 651
510 658
510 677
510 686
510 695
510 759
510 779
510 782
510 791
510 845
510 860
510 880
510 961
510 1003
510 1012
511 540
511 598
511 659
511 720
511 721
511 790
511 800
511 805
511 901
511 1007
511 1018
512 513
512 577
512 589
512 602
512 689
512 740
512 756
512 920
512 938
512 963
512 975
513 596
513 615
513 653
513 670
513 684
513 744
513 780
513 784
513 788
513 810
513 859
513 904
513 1023
514 658
514 676
514 710
514 723
514 727
514 738
514 903
515 629
515 769
515 776
515 803
515 839
515 861
515 882
515 995
516 527
516 578
516 643
516 650
516 655
516 757
516 812
516 836
517 551
517 644
517 671
517 676
517 696
517 751
517 755
517 765
517 901
517 920
518 536
518 567
518 593
518 609
518 615
518 616
518 636
518 717
518 733
518 796
519 573
519 623
519 644
519 666
519 693
519 809
519 895
519 901
520 598
520 733
520 754
520 834
520 900
520 952
520 980
521 709
521 740
521 786
521 818
521 828
521 928
521 934
521 941
521 980
522 539
522 586
522 712
522 821
522 929
522 948
522 1021
523 555
523 637
523 790
523 845
523 936
523 1012
524 582
524 608
524 609
524 625
524 664
524 669
524 857
524 914
524 915
524 947
525 553
525 700
525 708
525 714
525 816
525 916
525 932
525 1022
526 551
526 567
526 576
526 638
526 723
526 743
526 763
526 813
526 821
526 920
526 942
526 960
526 1020
527 650
527 742
527 743
527 792
527 793
527 848
527 854
527 935
527 957
528 705
528 730
529 609
529 613
529 687
529 724
529 757
529 805
529 857
529 869
529 910
529 973
529 985
529 998
530 684
530 715
530 725
530 847
530 972
531 569
531 578
531 672
531 763
531 836
531 839
531 859
531 889
531 951
531 983
531 1015
532 550
532 598
532 688
532 768
532 847
532 856
532 960
532 972
532 997
533 553
533 624
533 713
533 759
533 808
533 842
533 846
533 894
533 899
534 720
534 749
534 880
534 906
534 947
534 955
534 992
535 581
535 605
535 674
535 741
535 805
535 885
535 983
536 583
536 595
536 641
536 652
536 727
536 748
536 756
536 775
536 779
536 866
536 898
537 589
537 744
537 838
537 989
538 543
538 551
538 553
538 579
538 627
538 770
538 774
538 882
538 929
538 936
538 977
539 646
539 817
539 872
539 900
539 931
539 1013
540 689
540 886
540 890
540 908
540 951
541 566
541 614
541 736
541 833
542 651
542 768
542 888
542 920
542 936
542 990
542 1017
543 734
543 781
543 808
543 949
544 666
544 912
544 958
545 591
545 598
545 615
545 633
545 726
545 782
545 812
545 869
546 629
546 731
546 818
546 835
546 870
546 896
546 944
546 960
546 1014
547 620
547 641
547 731
547 741
547 817
547 850
548 672
548 754
548 796
548 817
548 821
548 831
548 859
548 974
548 984
548 993
549 664
549 704
549 842
549 871
549 908
549 973
550 556
550 558
550 599
550 677
550 731
550 820
550 902
550 982
551 672
551 699
551 829
551 902
551 927
551 1009
551 1012
552 698
552 716
552 950
552 991
553 589
553 597
553 640
553 656
553 737
553 775
553 852
553 882
553 912
553 925
553 968
553 969
553 989
553 994
553 996
553 1003
554 744
554 938
554 1010
554 1018
555 636
555 652
555 653
555 668
555 894
555 933
555 1020
556 650
556 687
556 735
556 754
556 769
556 777
556 1001
557 570
557 591
557 604
557 642
557 659
557 778
557 962
557 1019
558 607
558 613
558 672
558 732
558 761
558 799
558 826
558 889
558 935
558 1008
559 688
559 716
559 780
559 818
559 848
559 898
559 957
560 586
560 608
560 659
560 661
560 668
560 748
560 796
560 841
560 910
560 924
560 979
560 987
561 584
561 599
561 609
561 645
561 659
561 660
561 697
561 711
561 790
561 813
561 982
561 1009
561 1023
562 565
562 617
562 693
562 735
562 766
562 801
562 841
562 849
562 854
562 861
562 895
563 571
563 623
563 770
563 871
563 933
563 959
564 779
564 790
564 818
564 854
564 860
564 991
564 1006
564 1019
565 600
565 633
565 703
565 707
565 792
565 797
565 837
566 582
566 701
566 751
566 1021
567 587
567 592
567 707
567 826
567 841
567 854
567 892
567 917
567 933
568 691
568 764
568 775
568 830
568 883
568 975
568 991
568 1014
568 1021
569 570
569 579
569 589
569 646
569 700
569 712
569 797
569 834
569 867
569 885
569 960
570 619
570 649
570 663
570 690
570 763
570 882
570 891
570 931
570 999
571 602
571 680
571 751
571 845
571 863
571 968
571 984
571 1019
572 666
572 909
572 961
572 966
572 986
573 634
573 665
573 728
573 793
573 886
573 912
574 601
574 712
574 800
574 985
575 661
575 669
575 699
575 739
575 761
575 781
575 973
575 1021
576 735
576 805
576 835
576 866
576 875
576 968
576 979
576 992
577 628
577 703
577 735
577 840
578 592
578 683
578 715
578 812
578 933
579 628
579 685
579 905
579 979
579 984
580 594
580 602
580 630
580 680
580 770
580 878
580 886
581 683
581 697
581 703
581 749
581 750
581 765
581 772
581 796
581 882
581 936
582 618
582 633
582 742
582 919
583 697
583 701
583 748
583 770
583 785
583 810
583 883
583 1022
584 673
584 684
584 696
584 767
584 783
584 858
584 946
585 679
585 697
585 811
585 875
585 945
585 976
586 591
586 592
586 625
586 641
586 672
586 723
586 928
586 942
586 947
586 986
587 608
587 637
587 656
587 660
587 725
587 753
587 850
587 901
587 907
588 598
588 607
588 630
588 643
588 762
588 832
588 903
588 924
588 926
588 1005
589 730
589 745
589 902
589 931
590 621
590 641
590 689
590 719
590 933
590 959
590 964
590 972
590 982
590 1019
591 595
591 646
591 663
591 710
591 757
591 805
591 852
591 989
591 996
592 629
592 630
592 711
592 777
592 815
592 816
592 826
592 838
592 839
592 926
592 971
593 766
593 863
593 885
593 928
593 993
594 681
594 715
594 865
594 918
595 643
595 699
595 783
595 801
595 847
595 891
595 905
596 616
596 631
596 640
596 660
596 698
596 821
597 637
597 730
597 739
597 926
597 935
598 734
598 845
598 880
598 938
598 983
599 695
599 769
599 780
599 803
599 883
599 960
599 1023
600 664
600 737
600 773
600 778
600 831
600 893
600 907
600 921
601 633
601 664
601 753
601 853
601 863
601 867
601 912
601 945
601 963
602 663
602 734
602 841
602 892
602 1023
603 608
603 674
603 690
603 942
603 982
603 987
604 662
604 664
604 678
604 719
604 738
604 790
604 809
604 814
604 857
604 889
604 924
604 940
604 963
605 651
605 697
605 758
605 777
605 838
605 909
605 965
605 1014
605 1023
606 819
606 856
606 872
606 925
606 926
606 935
606 958
606 978
606 1005
607 683
607 768
607 856
608 707
608 745
608 940
609 738
609 830
609 992
610 688
610 733
610 776
610 788
610 817
610 926
610 939
610 979
610 999
610 1012
611 729
611 755
611 760
611 810
611 836
611 847
611 943
611 951
611 964
611 980
611 1011
611 1014
612 613
612 619
612 637
612 703
612 767
612 780
612 914
612 919
612 967
612 969
612 994
613 625
613 637
613 673
613 677
613 691
613 696
613 834
613 901
613 939
613 953
613 981
613 991
614 617
614 632
614 719
614 830
614 935
614 965
615 721
615 724
615 743
615 884
616 646
616 733
616 744
616 762
616 887
617 693
617 711
617 774
617 807
617 873
617 891
617 923
617 939
618 674
618 864
618 953
618 974
618 1023
619 952
619 957
620 661
620 687
620 930
620 1004
621 789
621 854
621 880
621 881
621 982
622 623
622 643
622 710
622 742
622 756
622 813
622 860
622 870
622 917
622 956
622 978
622 1015
623 624
623 638
623 640
623 664
623 782
623 793
623 808
623 893
623 898
623 901
623 910
624 625
624 788
624 837
624 879
624 893
624 1000
624 1007
625 638
625 641
625 650
625 662
625 674
625 802
625 852
625 853
625 925
626 719
626 790
626 793
626 853
626 872
626 915
626 934
626 968
627 639
627 797
627 828
627 848
627 853
627 920
627 927
627 940
628 631
628 634
628 798
628 799
628 904
628 905
628 950
628 963
629 861
629 922
629 934
629 944
629 977
630 643
630 647
630 682
630 780
630 1018
631 730
631 774
631 848
631 909
631 941
632 635
632 656
632 700
632 719
632 725
632 787
632 872
632 879
632 972
632 1002
633 679
633 752
633 779
633 852
633 900
633 903
633 969
634 652
634 655
634 703
634 725
634 745
634 894
634 901
634 999
635 797
635 911
635 926
636 729
636 777
636 780
636 797
636 841
636 855
636 865
636 891
636 1000
637 704
637 767
637 792
637 805
637 818
637 827
638 664
638 694
638 717
638 738
638 841
638 973
638 1006
638 1007
639 694
639 728
639 730
639 734
639 746
639 766
639 780
639 797
639 838
639 959
640 650
640 695
640 760
640 765
640 783
640 787
640 801
640 871
640 876
640 910
640 916
640 950
640 975
640 989
640 1013
641 698
641 752
641 872
641 992
641 1017
642 676
642 731
642 785
642 812
642 818
642 907
642 974
642 996
643 801
643 820
643 834
643 837
643 872
643 967
643 1004
643 1008
644 731
644 733
644 785
644 871
644 891
644 971
644 983
645 647
645 761
645 929
645 1002
645 1004
646 682
646 764
646 766
646 808
646 926
646 937
647 678
647 859
647 900
647 957
647 959
647 1005
648 799
648 922
648 956
649 771
649 785
649 928
650 663
650 731
650 823
650 913
651 757
651 787
651 827
652 836
652 940
653 657
653 658
653 827
653 952
653 987
653 1023
654 777
654 837
654 943
654 999
655 764
655 830
655 834
655 856
655 914
655 944
655 981
655 1016
656 668
656 786
656 789
656 798
656 800
656 854
656 887
656 994
657 688
657 843
657 871
657 913
657 936
657 942
657 958
657 995
658 684
658 779
658 782
658 865
658 993
658 1002
659 669
659 697
659 859
659 881
659 902
659 991
660 717
660 783
660 829
660 842
660 905
660 1021
661 712
661 722
661 724
661 763
661 826
661 881
661 900
661 929
662 708
662 824
662 841
662 874
662 912
662 919
662 973
662 999
663 700
663 777
663 814
663 816
663 853
663 866
663 867
664 712
664 725
664 853
664 855
664 1002
665 707
665 812
665 832
665 842
665 899
665 966
665 973
665 983
666 672
666 685
666 710
666 783
666 975
666 983
666 992
666 1003
667 676
667 767
667 802
667 857
667 859
667 964
667 1023
668 681
668 688
668 760
668 790
668 805
668 842
668 929
669 706
669 748
669 752
669 795
669 825
669 895
669 939
669 990
669 991
670 686
670 875
670 924
671 675
671 770
671 776
671 898
671 901
672 685
672 744
672 810
672 813
672 898
672 942
673 676
673 760
673 785
673 828
673 850
673 854
673 865
673 866
673 899
673 906
673 923
673 977
673 1021
674 719
674 828
674 842
674 858
674 897
674 920
674 983
675 750
675 883
675 893
675 962
676 691
676 848
676 870
676 936
676 988
676 1019
677 695
677 751
677 777
677 792
677 794
677 811
677 850
677 871
677 922
677 987
678 785
678 815
678 888
678 920
678 1014
679 682
679 718
679 804
679 896
679 929
680 721
680 787
680 809
680 920
681 717
681 772
681 923
681 976
682 686
682 742
682 788
682 801
682 994
683 759
683 767
683 806
683 937
683 944
683 989
684 689
684 757
684 858
684 909
684 914
685 686
686 689
686 697
686 699
686 803
686 866
686 941
687 701
687 730
687 831
687 852
688 762
688 884
688 916
688 945
688 959
688 988
688 1005
689 756
689 834
689 850
689 868
689 944
689 989
689 990
689 1014
690 789
690 854
690 904
690 919
690 966
691 724
691 741
691 797
691 832
691 940
691 1006
692 828
692 838
692 865
692 866
693 708
693 709
693 718
693 728
693 790
693 840
693 900
693 921
693 970
693 1017
694 708
694 722
694 744
694 838
694 851
694 892
694 939
694 957
694 1003
695 698
695 722
695 805
695 813
695 818
695 907
695 977
696 706
696 707
696 719
696 731
696 743
696 877
696 897
696 1001
697 704
697 717
697 780
697 1007
697 1015
698 807
698 818
698 826
698 862
698 884
698 891
698 914
698 951
699 802
699 826
699 947
699 959
699 966
700 762
700 790
700 814
700 845
700 923
700 980
700 1006
700 1007
701 716
701 761
701 770
701 867
701 927
702 708
702 709
702 721
702 834
702 905
702 953
703 738
703 744
703 791
703 805
703 991
704 788
704 841
704 888
704 890
704 920
704 927
704 956
705 748
705 751
705 817
705 843
705 852
705 913
705 984
706 715
706 753
706 769
706 820
706 829
706 834
706 890
707 711
707 717
707 758
707 890
707 899
708 849
708 869
708 1016
709 745
709 809
710 765
710 911
711 737
711 753
711 863
711 914
711 971
712 764
712 852
712 897
712 905
712 909
712 939
713 725
713 729
714 766
714 775
714 786
714 820
714 863
714 887
714 922
714 967
715 731
715 896
715 910
715 959
715 983
716 802
716 810
716 834
716 868
716 869
716 873
717 741
717 746
717 752
717 763
717 813
717 961
718 770
718 807
718 831
718 987
718 1008
719 734
719 750
719 852
719 859
719 875
719 932
719 949
719 978
719 1023
720 771
720 788
720 802
720 809
720 813
720 838
720 946
720 973
720 994
721 773
721 981
722 868
723 842
723 849
723 855
723 865
723 882
723 897
723 951
723 996
724 749
724 822
724 884
724 908
724 926
724 928
724 932
724 953
725 814
725 883
725 933
725 984
726 863
726 864
726 1022
727 753
727 778
727 826
727 857
727 920
727 970
728 810
728 898
729 912
729 925
730 750
730 953
730 967
731 782
731 791
731 803
731 858
731 949
732 835
732 874
732 950
732 995
732 1002
732 1018
733 844
733 868
733 880
733 889
733 931
733 962
734 753
734 922
735 775
735 873
735 909
735 991
736 768
736 961
736 966
736 1008
737 769
737 813
737 821
737 826
737 964
737 993
737 1001
738 814
738 1020
739 885
739 995
740 754
740 760
740 774
740 808
740 844
740 876
740 930
740 974
740 994
741 808
741 830
741 864
741 867
741 918
741 925
741 1002
741 1004
741 1008
742 753
742 891
743 757
743 866
744 852
744 893
744 1021
745 772
745 787
745 827
745 987
745 990
745 991
745 1001
746 855
746 965
746 1023
747 763
747 842
747 893
747 940
747 968
748 766
748 908
748 968
748 993
749 751
749 800
749 883
749 885
749 918
750 773
750 787
750 812
750 864
750 930
750 946
750 992
751 823
751 943
751 944
752 920
752 925
752 984
753 775
753 813
753 833
753 845
753 942
753 991
753 995
754 803
755 763
755 786
755 809
755 893
755 960
756 772
756 780
756 965
756 971
756 977
756 982
756 994
757 862
757 908
757 942
757 955
757 988
757 1014
758 881
758 899
758 959
758 974
760 828
760 835
760 846
760 905
760 914
760 926
760 948
760 997
761 787
761 846
761 869
761 906
761 989
762 785
762 824
762 967
762 1009
763 778
763 803
763 823
763 875
763 882
763 994
764 878
764 899
764 918
764 921
764 984
764 993
765 788
765 819
765 825
765 897
765 899
765 930
765 935
765 954
765 984
766 780
766 790
766 881
766 922
766 971
766 1000
766 1013
766 1016
767 793
767 825
767 895
767 911
767 934
768 773
768 775
768 824
768 873
768 947
769 796
769 808
769 864
769 869
769 897
769 931
770 784
771 794
771 867
771 874
771 919
771 985
772 835
772 873
772 1015
773 920
773 922
773 940
773 977
774 780
774 923
774 928
774 944
775 778
775 791
775 831
775 940
775 987
776 805
776 816
776 876
776 917
776 1018
777 818
777 938
777 946
777 972
778 817
778 832
778 844
778 965
779 903
779 952
780 938
780 952
780 989
781 826
781 930
782 785
782 813
782 862
782 930
782 998
782 1001
783 795
783 858
783 859
783 951
784 875
784 895
784 945
785 790
785 826
785 837
785 945
785 952
785 961
786 792
786 966
787 894
787 905
787 948
787 980
787 990
788 826
788 989
788 1012
789 911
790 875
790 888
790 905
790 944
790 945
790 965
791 840
791 843
791 882
791 960
791 968
791 1013
791 1015
792 802
792 813
792 847
792 943
792 974
792 975
792 1001
793 904
793 1015
794 831
794 902
794 931
795 828
795 981
795 1022
796 938
796 968
797 953
797 997
798 818
798 844
798 874
798 931
798 941
798 946
798 955
798 959
799 914
799 919
799 994
800 886
800 1007
800 1008
801 932
801 964
801 979
802 818
802 826
802 903
802 1014
803 816
803 835
803 874
803 923
803 958
803 996
804 810
804 840
805 877
806 869
806 924
806 934
807 844
807 858
807 930
807 972
807 979
807 1000
807 1023
808 933
809 918
809 1012
809 1023
810 851
810 948
810 969
811 852
811 890
812 856
812 982
813 861
813 917
813 971
813 1005
814 822
814 853
814 855
814 862
814 866
814 949
814 1021
815 937
815 1022
816 835
816 989
816 1007
817 951
817 1011
818 867
818 917
818 960
818 970
819 827
819 879
820 822
820 931
821 830
821 882
821 982
821 999
822 900
822 906
822 918
822 938
822 948
823 905
823 934
823 960
823 979
824 890
824 902
824 921
825 852
825 904
825 910
825 974
825 986
825 988
825 1011
826 858
826 898
826 910
826 917
826 983
826 1008
827 852
827 857
827 919
827 1011
828 833
828 870
828 893
828 937
829 837
829 862
829 890
829 946
829 1014
830 914
830 931
830 960
830 977
830 1023
831 832
831 912
831 971
831 973
831 1017
832 874
832 878
832 897
832 905
832 926
832 955
832 964
833 852
833 992
833 999
834 863
834 920
834 932
834 967
835 858
835 867
835 1019
836 854
836 894
836 899
836 914
836 942
836 973
836 988
836 993
837 875
837 894
837 989
838 879
838 941
838 993
839 922
839 1004
840 869
840 929
840 931
840 956
840 1016
840 1017
841 879
841 942
842 865
842 921
843 901
843 909
843 982
843 986
844 868
845 853
845 855
845 975
845 998
845 1013
846 982
847 848
847 892
847 938
847 1018
848 851
848 1004
849 884
849 896
849 918
849 994
849 1003
849 1011
850 876
850 920
850 933
850 950
850 983
850 1014
851 852
851 858
851 885
851 886
851 942
851 951
851 1016
852 942
852 978
852 998
852 1020
853 897
853 919
853 935
853 1019
854 869
854 871
854 874
854 889
854 929
854 943
854 951
855 929
855 937
856 871
856 897
856 964
856 980
856 983
856 984
856 1010
857 858
857 861
858 917
858 958
858 978
859 1004
860 881
860 896
860 916
861 863
861 987
862 938
863 869
863 870
863 901
864 883
864 917
864 928
864 972
865 876
865 915
866 925
866 935
866 946
866 997
866 1023
867 884
867 900
867 916
867 931
867 945
867 1016
868 934
868 1007
869 883
869 907
869 934
869 966
869 984
869 1016
870 893
870 1021
871 924
871 935
871 995
872 895
872 939
872 996
873 901
873 942
874 897
874 915
874 923
874 935
874 952
874 961
874 976
875 877
875 998
875 1022
876 918
877 882
877 885
877 905
878 938
878 939
879 961
881 897
881 912
882 931
882 988
883 1004
883 1009
884 920
884 1003
884 1010
885 932
885 955
886 889
886 962
886 1006
887 969
888 940
888 1014
889 900
889 903
889 970
890 1006
891 918
891 952
892 939
892 1011
892 1022
893 935
893 958
893 979
894 929
894 1006
894 1014
895 934
895 988
896 930
896 979
896 1020
897 921
897 961
897 1013
899 983
899 1000
900 935
900 1000
900 1002
900 1018
901 943
903 990
903 991
903 998
904 990
906 929
906 961
906 972
906 986
906 987
907 931
907 980
907 1001
907 1008
908 930
908 931
908 994
908 1020
908 1022
909 930
909 934
909 947
910 924
910 943
910 1008
911 948
912 931
912 952
912 965
912 996
913 917
914 937
915 961
915 978
915 1001
916 917
917 970
917 972
918 936
918 941
920 925
920 948
921 950
921 968
921 1019
922 944
922 992
922 995
922 999
922 1004
923 966
923 1013
924 962
924 975
924 976
924 1007
925 934
926 981
927 1019
928 1010
929 958
930 937
930 956
930 961
930 988
931 967
932 975
933 956
933 964
933 972
934 974
934 1021
935 977
936 1021
937 945
938 992
942 1021
943 945
944 959
944 993
945 988
945 1019
946 1021
947 984
948 977
948 982
948 995
949 951
949 976
952 976
953 969
953 977
954 977
954 996
955 1015
955 1020
955 1021
956 959
957 968
957 986
957 990
958 970
959 971
959 1014
960 980
960 988
961 1002
961 1009
961 1011
963 995
963 1000
964 992
965 1004
965 1012
966 973
966 989
968 979
968 1000
969 989
970 1008
971 972
971 1014
972 981
974 989
974 1023
976 995
981 988
983 1017
985 1001
985 1005
991 998
994 1005
994 1009
999 1013
1000 1023
1002 1003
1003 1022
1004 1007
1008 1013
1014 1019
1016 1018
1018 1019
