0 83
0 186
0 281
0 307
0 403
0 406
0 430
0 507
0 570
0 627
0 661
0 777
0 808
0 842
0 864
0 866
0 992
1 7
1 82
1 176
1 298
1 312
1 351
1 417
1 473
1 476
1 478
1 566
1 585
1 733
1 789
1 824
1 876
1 882
1 913
1 1003
1 1009
1 1015
2 24
2 38
2 65
2 116
2 151
2 154
2 156
2 157
2 315
2 339
2 401
2 498
2 560
2 569
2 662
2 696
2 716
2 754
2 814
2 873
2 878
2 989
3 267
3 308
3 530
3 546
3 614
3 656
3 708
3 734
3 809
3 931
3 941
4 17
4 21
4 60
4 107
4 124
4 185
4 191
4 426
4 457
4 475
4 518
4 720
4 721
4 756
4 769
4 884
4 1017
5 33
5 48
5 170
5 190
5 194
5 246
5 265
5 299
5 330
5 366
5 475
5 493
5 570
5 594
5 804
5 810
5 828
5 899
5 910
6 49
6 72
6 147
6 164
6 186
6 555
6 750
6 789
6 807
6 832
6 865
6 883
6 921
6 951
6 1001
6 1019
7 99
7 130
7 138
7 211
7 213
7 270
7 384
7 439
7 451
7 530
7 550
7 560
7 668
7 879
7 938
8 114
8 401
8 417
8 458
8 498
8 599
8 624
8 625
8 627
8 670
8 782
8 898
8 994
9 196
9 310
9 355
9 378
9 386
9 432
9 500
9 522
9 538
9 746
9 778
9 850
9 854
9 989
10 44
10 60
10 137
10 269
10 280
10 309
10 375
10 534
10 701
10 724
10 728
10 755
10 800
10 819
11 36
11 73
11 96
11 98
11 120
11 315
11 486
11 503
11 682
11 695
11 779
11 783
11 811
11 870
12 34
12 163
12 199
12 231
12 232
12 245
12 273
12 294
12 372
12 397
12 462
12 477
12 517
12 626
12 900
13 57
13 74
13 83
13 98
13 175
13 301
13 335
13 336
13 510
13 550
13 661
13 758
13 766
13 771
13 970
13 993
14 142
14 155
14 216
14 241
14 251
14 436
14 488
14 528
14 537
14 601
14 769
14 817
14 825
14 828
14 879
14 890
14 898
15 23
15 30
15 57
15 186
15 191
15 514
15 547
15 611
15 678
15 708
15 813
15 838
15 888
15 926
15 951
15 1003
16 104
16 141
16 145
16 191
16 326
16 386
16 393
16 453
16 484
16 489
16 625
16 649
16 663
16 697
16 740
16 773
16 779
16 793
16 860
17 29
17 101
17 136
17 184
17 206
17 299
17 348
17 353
17 399
17 437
17 439
17 466
17 481
17 543
17 597
17 624
17 937
18 218
18 293
18 388
18 443
18 488
18 571
18 591
18 626
18 696
18 722
18 744
18 749
19 34
19 38
19 92
19 106
19 115
19 119
19 337
19 407
19 589
19 627
19 628
19 643
19 866
19 1014
20 48
20 49
20 56
20 255
20 482
20 658
20 705
20 774
20 872
20 920
20 925
21 35
21 50
21 98
21 111
21 198
21 332
21 455
21 465
21 474
21 484
21 498
21 512
21 604
21 718
21 921
21 1009
22 47
22 68
22 89
22 106
22 127
22 131
22 146
22 200
22 236
22 271
22 407
22 498
22 501
22 531
22 600
22 618
22 705
22 717
22 756
22 792
22 807
22 938
22 970
22 993
23 36
23 56
23 197
23 231
23 277
23 330
23 442
23 519
23 584
23 609
23 636
23 797
23 817
23 837
23 855
23 1019
24 205
24 227
24 264
24 265
24 301
24 354
24 486
24 535
24 559
24 632
24 643
24 659
25 135
25 223
25 269
25 271
25 289
25 365
25 372
25 373
25 483
25 577
25 763
25 825
25 945
26 85
26 100
26 147
26 156
26 201
26 215
26 257
26 272
26 515
26 519
26 532
26 567
26 589
26 590
26 689
26 721
26 781
26 798
26 920
26 963
27 67
27 93
27 104
27 108
27 138
27 139
27 196
27 210
27 221
27 256
27 264
27 297
27 371
27 449
27 555
27 713
27 721
27 884
27 997
28 117
28 130
28 148
28 172
28 187
28 189
28 286
28 296
28 398
28 495
28 532
28 790
28 903
29 40
29 42
29 53
29 79
29 119
29 164
29 292
29 441
29 460
29 475
29 604
29 667
29 769
29 771
29 773
29 796
29 797
29 906
29 937
29 981
30 35
30 106
30 220
30 411
30 587
30 723
30 807
30 816
30 819
30 915
30 954
30 958
30 1015
31 100
31 185
31 274
31 322
31 397
31 403
31 434
31 472
31 610
31 652
31 857
31 881
31 914
31 924
31 969
32 74
32 147
32 174
32 207
32 245
32 377
32 419
32 431
32 484
32 494
32 506
32 515
32 549
32 744
32 789
32 807
32 837
32 847
32 856
32 857
32 914
32 1009
33 37
33 76
33 93
33 109
33 181
33 186
33 273
33 323
33 381
33 425
33 468
33 494
33 550
33 587
33 718
33 819
33 837
34 101
34 238
34 323
34 349
34 356
34 397
34 451
34 484
34 490
34 509
34 521
34 555
34 711
34 727
34 736
34 753
34 792
34 934
34 939
34 998
34 1000
35 114
35 167
35 223
35 270
35 304
35 484
35 519
35 609
35 618
35 672
35 734
35 823
35 834
35 906
35 908
35 919
35 924
35 937
35 968
36 142
36 228
36 282
36 341
36 419
36 442
36 518
36 566
36 629
36 730
36 734
36 952
36 1001
36 1002
37 51
37 53
37 144
37 232
37 265
37 442
37 472
37 513
37 595
37 624
37 671
37 788
37 802
37 810
37 815
38 152
38 218
38 239
38 302
38 328
38 367
38 536
38 573
38 642
38 685
38 751
38 822
38 877
38 897
38 975
38 1007
38 1010
39 51
39 79
39 146
39 165
39 411
39 467
39 477
39 543
39 549
39 635
39 660
39 777
39 935
39 966
39 1020
40 84
40 138
40 173
40 232
40 282
40 340
40 405
40 429
40 448
40 451
40 545
40 569
40 586
40 624
40 715
40 732
40 800
40 836
40 893
40 919
40 956
41 131
41 169
41 174
41 274
41 358
41 446
41 694
41 760
41 849
42 74
42 301
42 385
42 452
42 569
42 607
42 662
42 669
42 877
42 950
42 958
43 47
43 88
43 145
43 150
43 190
43 232
43 256
43 261
43 320
43 324
43 351
43 455
43 456
43 482
43 630
43 806
43 849
43 928
43 979
43 980
44 94
44 119
44 345
44 388
44 469
44 506
44 743
44 776
44 803
44 869
44 919
44 956
45 67
45 118
45 271
45 291
45 365
45 465
45 478
45 535
45 539
45 566
45 595
45 635
45 676
45 708
45 767
45 768
45 788
45 824
45 870
45 888
45 987
45 998
46 132
46 150
46 179
46 247
46 254
46 257
46 301
46 436
46 455
46 465
46 523
46 535
46 577
46 662
46 717
46 983
47 49
47 106
47 240
47 332
47 341
47 365
47 375
47 451
47 612
47 622
47 723
47 773
47 804
47 828
47 856
47 865
47 880
47 914
47 977
47 984
47 996
48 89
48 95
48 111
48 146
48 171
48 198
48 237
48 362
48 368
48 399
48 468
48 473
48 490
48 596
48 644
48 750
48 758
48 777
48 861
48 932
48 956
48 1004
49 60
49 81
49 87
49 175
49 293
49 346
49 516
49 522
49 533
49 648
49 650
49 709
49 751
49 755
49 842
49 865
50 58
50 64
50 77
50 127
50 154
50 182
50 238
50 335
50 426
50 451
50 502
50 591
50 693
50 772
50 782
50 920
50 977
51 70
51 124
51 142
51 180
51 217
51 266
51 298
51 335
51 443
51 517
51 534
51 716
51 727
51 792
51 842
51 901
51 996
52 68
52 89
52 118
52 122
52 126
52 202
52 210
52 274
52 487
52 513
52 567
52 632
52 699
52 719
52 730
52 788
52 797
52 814
52 857
53 56
53 128
53 132
53 143
53 163
53 169
53 225
53 249
53 262
53 344
53 434
53 445
53 553
53 628
53 646
53 792
53 970
54 57
54 87
54 129
54 251
54 284
54 320
54 490
54 496
54 610
54 620
54 630
54 644
54 800
54 836
54 864
54 876
54 936
55 84
55 147
55 244
55 322
55 406
55 446
55 474
55 607
55 608
55 652
55 677
55 816
55 835
55 863
55 865
55 992
56 220
56 235
56 305
56 446
56 502
56 527
56 540
56 604
56 703
56 707
56 725
56 786
56 831
56 917
56 955
56 1006
57 89
57 170
57 274
57 327
57 448
57 466
57 513
57 547
57 579
57 628
57 669
57 737
57 848
57 855
57 893
57 919
57 953
58 70
58 266
58 372
58 395
58 405
58 415
58 441
58 504
58 522
58 580
58 586
58 591
58 620
58 678
58 794
58 821
58 843
58 847
58 856
58 916
58 944
58 995
59 118
59 252
59 326
59 332
59 343
59 350
59 379
59 381
59 552
59 641
59 747
59 765
59 853
59 866
59 964
60 151
60 250
60 261
60 544
60 611
60 724
60 792
60 830
60 847
60 879
60 933
60 958
60 997
61 102
61 140
61 213
61 295
61 379
61 429
61 464
61 538
61 572
61 607
61 608
61 637
61 648
61 860
61 892
61 920
61 937
61 988
62 107
62 130
62 183
62 284
62 335
62 388
62 428
62 434
62 525
62 589
62 626
62 630
62 696
62 807
62 814
62 1018
63 68
63 143
63 202
63 238
63 307
63 356
63 410
63 475
63 610
63 770
63 856
63 919
63 943
63 953
64 124
64 136
64 190
64 194
64 236
64 273
64 453
64 502
64 516
64 567
64 599
64 729
64 763
64 901
64 920
65 73
65 83
65 138
65 255
65 276
65 462
65 471
65 568
65 570
65 589
65 670
65 691
65 736
65 951
65 955
66 102
66 104
66 152
66 175
66 322
66 336
66 355
66 386
66 392
66 542
66 551
66 666
66 693
66 740
66 772
66 797
66 830
66 902
66 937
67 173
67 203
67 217
67 281
67 334
67 346
67 359
67 399
67 406
67 525
67 539
67 558
67 620
67 688
67 701
67 757
67 761
67 925
68 215
68 252
68 285
68 316
68 321
68 333
68 341
68 428
68 457
68 602
68 702
68 707
68 775
68 811
68 914
68 919
68 998
68 1014
69 113
69 119
69 254
69 294
69 377
69 431
69 496
69 502
69 521
69 538
69 552
69 574
69 672
69 713
69 786
69 809
69 819
69 855
69 894
69 912
69 922
69 945
70 157
70 312
70 319
70 334
70 383
70 534
70 548
70 550
70 602
70 679
70 689
70 722
70 880
70 890
71 109
71 163
71 173
71 291
71 294
71 309
71 363
71 434
71 711
71 731
71 817
71 856
71 887
72 84
72 89
72 127
72 134
72 248
72 261
72 341
72 342
72 389
72 466
72 527
72 531
72 576
72 604
72 722
72 793
72 797
72 878
72 920
73 87
73 239
73 240
73 331
73 567
73 592
73 593
73 630
73 664
73 693
73 880
73 915
74 142
74 147
74 257
74 266
74 277
74 778
74 835
74 882
75 102
75 147
75 225
75 266
75 278
75 358
75 535
75 537
75 594
75 613
75 634
75 678
75 910
75 937
76 194
76 252
76 257
76 283
76 330
76 448
76 487
76 495
76 521
76 530
76 539
76 591
76 613
76 640
76 811
76 878
76 980
76 1005
76 1011
77 89
77 147
77 256
77 262
77 294
77 376
77 433
77 446
77 458
77 463
77 549
77 758
77 812
77 828
78 84
78 109
78 115
78 147
78 221
78 284
78 287
78 351
78 432
78 451
78 501
78 508
78 511
78 519
78 627
78 772
78 781
78 904
78 910
78 913
78 936
78 945
79 212
79 337
79 352
79 418
79 428
79 455
79 512
79 524
79 556
79 582
79 770
79 893
79 896
79 944
79 970
79 983
79 984
79 986
79 1003
79 1022
80 96
80 151
80 162
80 205
80 212
80 248
80 266
80 282
80 303
80 359
80 462
80 592
80 645
80 753
80 758
80 818
80 862
80 909
80 992
80 1014
80 1017
81 91
81 194
81 273
81 325
81 401
81 432
81 503
81 555
81 562
81 614
81 625
81 810
81 884
81 957
82 137
82 204
82 327
82 332
82 374
82 466
82 514
82 525
82 528
82 541
82 606
82 671
82 749
82 769
82 795
82 916
82 963
83 109
83 214
83 219
83 231
83 277
83 408
83 515
83 627
83 638
83 653
83 698
83 736
83 741
83 781
83 807
83 871
84 109
84 127
84 180
84 212
84 249
84 274
84 294
84 491
84 533
84 546
84 749
84 772
84 843
84 955
85 120
85 176
85 189
85 316
85 348
85 415
85 487
85 867
85 887
85 928
86 89
86 160
86 250
86 356
86 437
86 504
86 602
86 669
86 685
86 990
87 165
87 187
87 241
87 257
87 296
87 407
87 525
87 567
87 582
87 658
87 675
87 702
87 719
87 831
87 879
87 1003
88 104
88 148
88 171
88 295
88 335
88 486
88 494
88 510
88 589
88 684
88 723
88 736
88 764
88 767
88 793
88 881
88 907
88 952
88 953
89 114
89 146
89 218
89 297
89 300
89 322
89 431
89 435
89 447
89 455
89 521
89 545
89 603
89 610
89 616
89 628
89 680
89 684
89 699
89 795
89 825
89 892
89 898
89 981
90 119
90 154
90 288
90 298
90 322
90 344
90 364
90 379
90 407
90 458
90 531
90 539
90 559
90 597
90 785
90 839
90 847
90 865
91 219
91 358
91 409
91 437
91 485
91 491
91 498
91 517
91 635
91 746
91 781
91 791
91 808
91 944
92 171
92 357
92 387
92 401
92 435
92 437
92 467
92 478
92 479
92 517
92 593
92 622
92 641
92 966
92 986
93 114
93 136
93 217
93 289
93 318
93 323
93 429
93 449
93 461
93 505
93 530
93 539
93 549
93 559
93 739
93 777
93 824
93 856
93 918
93 1010
94 105
94 107
94 213
94 315
94 322
94 401
94 516
94 594
94 644
94 741
94 771
94 929
95 106
95 150
95 241
95 277
95 320
95 323
95 329
95 355
95 418
95 481
95 513
95 547
95 584
95 588
95 595
95 656
95 789
95 822
95 896
96 106
96 154
96 266
96 279
96 287
96 418
96 428
96 475
96 487
96 558
96 571
96 585
96 628
96 746
96 840
96 925
96 1001
97 167
97 326
97 449
97 462
97 491
97 568
97 695
97 754
97 778
97 784
97 818
97 821
97 870
97 921
97 995
97 1023
98 154
98 232
98 272
98 275
98 291
98 385
98 495
98 537
98 569
98 575
98 611
98 637
98 753
98 758
98 809
98 836
98 860
98 968
99 142
99 156
99 159
99 166
99 205
99 233
99 312
99 314
99 334
99 458
99 462
99 467
99 493
99 521
99 544
99 625
99 636
99 655
99 739
99 804
99 811
99 925
99 955
99 961
100 124
100 212
100 292
100 312
100 313
100 370
100 447
100 487
100 782
100 851
100 874
100 972
100 1005
100 1023
101 166
101 271
101 366
101 394
101 510
101 523
101 594
101 601
101 620
101 667
101 716
101 743
101 853
101 886
101 953
101 956
101 1012
102 196
102 284
102 308
102 354
102 468
102 534
102 765
102 807
102 829
102 863
102 866
102 879
102 885
102 904
103 116
103 152
103 216
103 260
103 492
103 527
103 564
103 626
103 710
103 738
103 851
103 1006
104 191
104 199
104 272
104 417
104 427
104 518
104 577
104 635
104 643
104 741
104 775
104 789
104 831
104 903
104 929
104 972
104 1010
105 137
105 188
105 308
105 501
105 548
105 628
105 665
105 687
105 738
105 791
105 854
105 856
106 187
106 288
106 323
106 371
106 378
106 389
106 619
106 784
106 812
106 964
106 965
106 1003
107 182
107 294
107 425
107 513
107 568
107 584
107 600
107 613
107 618
107 670
107 813
107 892
107 899
107 924
108 172
108 311
108 337
108 345
108 398
108 423
108 438
108 444
108 469
108 476
108 575
108 597
108 601
108 606
108 621
108 657
108 665
108 730
108 813
108 828
108 946
109 122
109 185
109 228
109 240
109 259
109 269
109 284
109 377
109 414
109 485
109 553
109 623
109 888
109 911
109 991
109 1015
110 255
110 287
110 321
110 378
110 432
110 462
110 936
110 1022
111 156
111 177
111 207
111 240
111 293
111 398
111 423
111 443
111 456
111 504
111 650
111 701
111 726
111 727
111 963
112 245
112 257
112 307
112 422
112 555
112 580
112 596
112 706
112 750
112 767
112 784
112 797
112 800
112 835
112 897
112 1017
113 121
113 141
113 148
113 166
113 216
113 419
113 434
113 600
113 660
113 764
113 771
113 841
113 924
113 933
113 986
114 124
114 133
114 170
114 253
114 317
114 343
114 370
114 432
114 689
114 896
114 965
115 132
115 213
115 280
115 317
115 337
115 369
115 425
115 430
115 461
115 480
115 554
115 610
115 627
115 655
115 661
115 825
115 948
115 960
115 966
115 1020
116 252
116 261
116 311
116 573
116 640
116 685
116 707
116 781
116 837
116 977
117 143
117 158
117 211
117 407
117 469
117 550
117 817
117 832
117 873
117 901
117 931
117 935
118 291
118 329
118 338
118 411
118 573
118 604
118 726
118 734
118 748
118 786
118 795
118 804
118 828
118 835
118 842
118 921
118 986
118 999
118 1010
119 189
119 204
119 296
119 326
119 329
119 330
119 492
119 537
119 566
119 640
119 664
119 679
119 729
119 771
119 818
119 855
120 175
120 188
120 304
120 307
120 347
120 496
120 546
120 568
120 771
120 978
121 199
121 220
121 247
121 429
121 484
121 694
121 721
121 726
121 805
121 855
121 858
121 911
121 972
121 996
122 149
122 178
122 218
122 356
122 421
122 467
122 533
122 762
122 785
122 856
122 902
122 960
122 1016
123 183
123 254
123 281
123 309
123 342
123 370
123 517
123 674
123 713
123 734
123 736
123 775
123 785
123 984
124 132
124 190
124 287
124 334
124 392
124 710
124 789
124 822
124 880
124 903
124 912
125 171
125 175
125 231
125 277
125 319
125 341
125 345
125 379
125 430
125 446
125 452
125 466
125 556
125 561
125 613
125 619
125 738
125 745
125 953
125 1016
125 1019
126 325
126 343
126 398
126 428
126 494
126 526
126 631
126 665
126 678
126 743
126 791
126 825
126 1021
127 147
127 171
127 303
127 409
127 415
127 488
127 539
127 577
127 674
127 725
127 744
127 776
127 835
127 896
127 900
127 1009
127 1010
127 1015
128 164
128 188
128 245
128 270
128 546
128 561
128 585
128 606
128 664
128 778
128 822
128 827
128 896
128 979
128 1002
128 1005
129 219
129 311
129 388
129 469
129 770
129 803
129 862
129 951
129 977
129 995
129 1002
129 1004
130 133
130 199
130 207
130 293
130 342
130 426
130 430
130 540
130 628
130 643
130 795
130 850
130 869
130 894
130 959
130 978
131 175
131 253
131 309
131 357
131 416
131 455
131 470
131 483
131 540
131 588
131 602
131 617
131 714
131 734
131 744
131 774
131 813
131 871
131 883
131 986
132 146
132 224
132 243
132 314
132 395
132 423
132 433
132 471
132 543
132 572
132 620
132 627
132 644
132 658
132 932
132 961
133 384
133 409
133 431
133 519
133 660
133 818
134 153
134 163
134 272
134 313
134 324
134 385
134 406
134 435
134 516
134 534
134 536
134 551
134 596
134 654
134 747
134 759
134 810
134 828
134 884
134 892
134 915
134 946
134 982
134 990
135 186
135 291
135 372
135 424
135 497
135 606
135 654
135 663
135 763
135 785
135 942
135 943
135 956
135 985
136 178
136 182
136 197
136 199
136 242
136 249
136 341
136 370
136 372
136 501
136 536
136 563
136 593
136 618
136 767
136 841
136 868
136 874
136 1021
137 173
137 186
137 272
137 414
137 437
137 453
137 626
137 632
137 719
137 768
137 889
138 203
138 378
138 381
138 482
138 494
138 541
138 568
138 583
138 614
138 645
138 668
138 767
138 807
138 959
138 971
138 1007
138 1023
139 225
139 235
139 339
139 345
139 447
139 566
139 618
139 637
139 644
139 659
139 667
139 717
139 763
139 827
139 880
139 895
139 911
139 940
139 946
140 142
140 283
140 348
140 351
140 371
140 493
140 598
140 608
140 616
140 701
140 757
140 883
140 910
140 962
141 212
141 232
141 281
141 287
141 463
141 486
141 652
141 675
141 686
141 700
141 920
141 927
141 982
141 1012
142 174
142 326
142 372
142 439
142 476
142 592
142 647
142 656
142 725
142 819
142 862
142 893
142 953
142 958
142 989
143 198
143 223
143 388
143 435
143 437
143 456
143 585
143 680
143 951
143 1020
144 150
144 151
144 196
144 211
144 317
144 348
144 380
144 397
144 431
144 469
144 644
144 689
144 783
144 804
144 833
144 873
144 876
144 1007
144 1015
145 224
145 354
145 359
145 410
145 518
145 564
145 647
145 726
145 759
145 775
145 796
145 805
145 822
145 859
145 880
145 917
145 981
146 169
146 303
146 345
146 371
146 451
146 453
146 502
146 532
146 541
146 569
146 600
146 700
146 883
146 945
146 958
147 149
147 279
147 393
147 416
147 423
147 470
147 488
147 529
147 629
147 694
147 750
147 771
147 845
147 870
147 890
147 1003
148 159
148 173
148 474
148 516
148 550
148 640
148 658
148 670
148 750
148 843
148 909
148 957
148 987
149 274
149 296
149 335
149 362
149 383
149 390
149 391
149 417
149 473
149 546
149 585
149 603
149 617
149 669
149 682
149 684
149 812
149 840
149 882
150 281
150 320
150 418
150 450
150 614
150 625
150 746
150 773
150 827
150 952
150 977
150 1006
151 153
151 174
151 263
151 318
151 320
151 328
151 385
151 526
151 595
151 656
151 858
151 867
151 876
151 883
151 928
151 990
152 283
152 395
152 400
152 401
152 490
152 577
152 608
152 612
152 796
152 800
152 875
152 895
152 982
153 154
153 171
153 219
153 316
153 400
153 436
153 449
153 648
153 668
153 675
153 776
153 823
153 929
153 950
153 1010
153 1011
154 218
154 235
154 257
154 333
154 372
154 455
154 549
154 612
154 630
154 654
154 662
154 670
154 702
154 706
154 746
154 861
154 918
154 924
155 259
155 264
155 286
155 330
155 425
155 453
155 478
155 483
155 517
155 647
155 715
155 716
155 810
155 869
155 929
155 1002
156 163
156 164
156 307
156 331
156 491
156 552
156 580
156 600
156 609
156 649
157 192
157 206
157 379
157 446
157 491
157 659
157 698
157 748
157 835
157 876
157 954
157 1020
158 171
158 421
158 458
158 468
158 477
158 799
158 810
158 834
158 835
158 853
158 898
158 927
158 937
159 174
159 186
159 350
159 373
159 389
159 417
159 462
159 467
159 615
159 733
159 742
159 854
160 167
160 182
160 227
160 242
160 669
160 835
160 852
160 903
160 927
160 941
160 991
161 206
161 218
161 315
161 341
161 345
161 399
161 432
161 473
161 511
161 520
161 762
161 827
161 970
161 1010
162 190
162 211
162 270
162 331
162 342
162 385
162 392
162 447
162 560
162 588
162 665
162 732
162 768
162 787
162 864
162 868
162 886
162 1005
163 180
163 482
163 487
163 512
163 545
163 593
163 815
163 869
163 969
163 985
164 206
164 279
164 319
164 320
164 582
164 588
164 632
164 655
164 673
164 719
164 728
164 736
164 780
164 832
164 847
164 974
165 177
165 194
165 278
165 404
165 413
165 433
165 438
165 527
165 533
165 539
165 564
165 575
165 602
165 708
165 722
165 725
165 830
165 890
165 927
165 939
166 192
166 322
166 342
166 359
166 435
166 540
166 609
166 616
166 637
166 657
166 804
166 932
166 946
166 959
167 195
167 196
167 217
167 261
167 265
167 266
167 323
167 377
167 392
167 406
167 492
167 605
167 662
167 783
167 832
167 942
168 337
168 354
168 434
168 456
168 496
168 544
168 579
168 596
168 613
168 626
168 775
168 880
168 930
168 935
169 211
169 231
169 370
169 381
169 405
169 408
169 432
169 512
169 513
169 579
169 617
169 655
169 936
169 963
169 981
170 282
170 379
170 397
170 449
170 565
170 644
170 711
170 805
170 905
170 1008
171 223
171 283
171 444
171 559
171 575
171 603
171 664
171 728
171 765
171 839
171 902
172 267
172 322
172 331
172 437
172 515
172 542
172 543
172 549
172 553
172 592
172 666
172 927
172 963
172 981
173 227
173 236
173 250
173 264
173 294
173 337
173 341
173 385
173 471
173 523
173 702
173 709
173 763
173 813
173 933
173 937
173 946
174 180
174 455
174 466
174 494
174 514
174 616
174 667
174 670
174 681
174 726
174 769
174 792
174 854
174 893
175 225
175 226
175 255
175 284
175 317
175 425
175 590
175 634
175 723
175 739
175 898
175 984
176 198
176 215
176 249
176 298
176 426
176 503
176 542
176 561
176 587
176 682
176 720
176 769
176 801
176 839
176 887
176 894
176 918
176 959
177 362
177 405
177 504
177 737
177 773
177 777
177 888
178 246
178 437
178 520
178 540
178 589
178 597
178 600
178 728
178 801
178 818
178 844
178 847
178 872
178 902
178 975
179 207
179 290
179 336
179 487
179 509
179 553
179 557
179 590
179 606
179 640
179 733
179 758
179 785
179 795
179 818
179 856
179 876
179 900
179 924
179 1016
180 252
180 288
180 301
180 304
180 348
180 586
180 592
180 623
180 663
180 784
180 965
180 989
180 1012
181 289
181 321
181 357
181 369
181 428
181 568
181 574
181 635
181 671
181 736
181 765
181 895
181 967
182 266
182 320
182 569
182 589
182 639
182 646
182 690
182 697
182 712
182 724
182 805
182 841
182 945
183 240
183 257
183 320
183 331
183 397
183 501
183 507
183 587
183 604
183 681
183 718
183 747
183 812
183 828
183 878
184 213
184 282
184 292
184 322
184 340
184 373
184 390
184 447
184 496
184 628
184 650
184 791
184 829
184 878
184 959
185 231
185 344
185 510
185 963
185 993
186 213
186 249
186 489
186 539
186 690
186 880
186 888
186 917
186 923
186 973
187 224
187 300
187 326
187 370
187 413
187 421
187 533
187 583
187 611
187 686
187 749
187 854
187 856
187 863
187 991
187 1007
188 213
188 257
188 289
188 367
188 431
188 500
188 612
188 703
188 732
188 760
188 788
188 842
188 882
188 948
188 979
188 980
188 1011
189 253
189 255
189 353
189 362
189 374
189 552
189 567
189 730
189 782
189 820
189 868
189 898
189 905
189 1003
190 285
190 288
190 292
190 331
190 333
190 360
190 383
190 410
190 442
190 452
190 477
190 498
190 533
190 549
191 221
191 265
191 313
191 392
191 563
191 614
191 652
191 712
191 912
191 917
191 949
191 1018
192 194
192 243
192 255
192 295
192 379
192 450
192 484
192 503
192 524
192 558
192 651
192 701
192 781
192 849
192 862
192 903
192 930
192 934
192 1006
192 1007
193 265
193 312
193 367
193 400
193 477
193 629
193 711
193 753
193 756
193 786
193 957
194 283
194 410
194 420
194 594
194 604
194 747
194 748
194 795
194 825
194 870
194 900
194 986
195 214
195 276
195 277
195 309
195 351
195 360
195 376
195 396
195 400
195 581
195 611
195 660
195 692
195 709
195 750
195 1001
196 198
196 233
196 352
196 379
196 394
196 395
196 492
196 495
196 508
196 690
196 847
196 875
196 905
197 218
197 308
197 355
197 361
197 398
197 456
197 608
197 646
197 713
197 724
197 770
197 906
197 916
197 939
197 953
197 1019
197 1021
198 201
198 264
198 292
198 342
198 357
198 379
198 406
198 427
198 440
198 442
198 452
198 550
198 656
198 657
198 709
198 711
198 768
198 784
198 790
198 817
198 827
198 943
198 959
198 1008
199 406
199 460
199 471
199 484
199 499
199 500
199 504
199 549
199 722
199 807
199 841
199 857
199 905
199 1003
199 1014
199 1019
200 214
200 274
200 477
200 835
200 841
200 862
200 945
200 957
200 997
201 218
201 336
201 486
201 595
201 610
201 640
201 677
201 715
201 730
201 736
201 790
201 828
201 844
201 877
201 895
201 949
202 223
202 225
202 297
202 420
202 518
202 531
202 554
202 589
202 672
202 715
202 787
202 1022
203 292
203 300
203 308
203 335
203 366
203 395
203 421
203 448
203 450
203 542
203 591
203 636
203 876
203 918
203 936
203 989
204 296
204 298
204 393
204 519
204 633
204 668
204 697
204 698
204 869
204 905
204 954
204 994
205 212
205 268
205 274
205 325
205 528
205 600
205 630
205 677
205 719
205 724
205 728
205 779
205 820
205 882
206 257
206 259
206 276
206 296
206 328
206 361
206 455
206 516
206 532
206 575
206 646
206 734
206 825
206 916
206 1008
207 213
207 254
207 299
207 377
207 429
207 470
207 490
207 492
207 517
207 557
207 577
207 588
207 620
207 622
207 629
207 715
207 882
207 900
207 935
207 971
208 237
208 252
208 362
208 378
208 465
208 466
208 502
208 538
208 568
208 671
208 702
208 744
208 820
208 866
208 872
208 918
208 929
208 937
208 959
208 968
209 239
209 260
209 386
209 448
209 454
209 522
209 547
209 661
209 672
209 722
209 815
209 869
209 888
210 267
210 312
210 385
210 397
210 472
210 479
210 629
210 633
210 763
210 779
210 796
210 807
210 843
210 844
210 1020
211 252
211 532
211 591
211 622
211 643
211 661
211 665
211 693
211 696
211 733
211 802
211 863
211 875
211 954
211 986
211 994
211 1000
212 361
212 378
212 424
212 462
212 491
212 709
212 747
212 841
212 1015
213 246
213 254
213 258
213 265
213 321
213 337
213 374
213 406
213 412
213 532
213 564
213 577
213 610
213 723
213 725
213 736
213 761
213 861
213 874
213 987
213 995
213 1004
213 1022
214 224
214 259
214 313
214 363
214 365
214 450
214 525
214 526
214 543
214 546
214 612
214 769
214 778
214 920
214 928
214 951
214 953
215 308
215 339
215 412
215 473
215 517
215 576
215 591
215 593
215 602
215 606
215 660
215 677
215 724
215 781
215 813
215 902
215 921
215 953
215 974
216 257
216 372
216 529
216 587
216 661
216 691
216 866
216 922
217 249
217 263
217 266
217 298
217 307
217 315
217 337
217 348
217 400
217 506
217 511
217 515
217 592
217 729
217 733
217 774
217 780
217 804
217 820
217 899
217 934
217 956
217 972
217 979
217 983
217 996
218 235
218 243
218 719
218 773
218 880
218 894
218 940
218 966
218 980
219 227
219 256
219 296
219 331
219 370
219 500
219 532
219 591
219 834
219 848
219 925
219 934
219 1005
219 1011
219 1013
220 260
220 313
220 386
220 487
220 565
220 626
220 694
220 721
220 787
220 978
220 982
221 222
221 285
221 361
221 368
221 406
221 442
221 468
221 469
221 740
221 947
222 228
222 253
222 263
222 280
222 300
222 310
222 312
222 367
222 407
222 495
222 526
222 541
222 596
222 597
222 653
222 678
222 699
222 738
222 740
222 758
222 775
222 799
222 813
222 818
222 846
222 900
222 930
222 947
222 1008
223 336
223 552
223 618
223 724
223 885
223 899
223 927
223 974
223 995
223 998
224 225
224 239
224 467
224 485
224 487
224 548
224 573
224 637
224 922
224 978
224 1022
225 234
225 265
225 309
225 406
225 426
225 430
225 497
225 536
225 669
225 735
225 746
225 798
225 834
225 837
225 854
225 964
225 991
226 297
226 319
226 389
226 436
226 473
226 475
226 556
226 670
226 676
226 769
226 793
226 845
226 846
226 959
227 318
227 515
227 543
227 592
227 880
228 235
228 241
228 300
228 355
228 432
228 437
228 501
228 505
228 520
228 534
228 623
228 668
228 739
228 954
228 1012
229 343
229 377
229 506
229 546
229 665
229 711
229 720
229 853
229 1007
230 282
230 416
230 476
230 494
230 590
230 608
230 623
230 636
230 674
230 696
230 698
230 794
230 927
230 956
230 962
230 978
230 981
230 1003
230 1017
231 298
231 336
231 341
231 398
231 400
231 581
231 588
231 847
231 859
231 866
231 868
231 939
232 236
232 443
232 467
232 490
232 506
232 534
232 699
232 706
232 732
232 883
232 1018
233 283
233 305
233 385
233 397
233 576
233 618
233 690
233 798
233 860
233 879
233 1008
234 286
234 288
234 339
234 373
234 454
234 518
234 519
234 522
234 680
234 719
234 742
234 822
234 862
234 908
234 1008
235 297
235 327
235 346
235 391
235 421
235 445
235 521
235 538
235 547
235 857
235 894
236 282
236 402
236 460
236 473
236 572
236 699
236 758
236 796
236 808
236 836
236 926
236 1008
237 311
237 420
237 422
237 441
237 541
237 611
237 664
237 665
237 735
237 803
237 897
237 904
237 916
237 942
237 969
237 996
238 295
238 357
238 409
238 601
238 607
238 656
238 708
238 729
238 840
238 896
238 917
238 1013
239 267
239 348
239 363
239 369
239 573
239 652
239 656
239 797
239 814
239 873
239 894
239 948
240 265
240 339
240 371
240 465
240 508
240 545
240 729
240 784
240 798
240 953
240 962
240 1015
241 248
241 313
241 331
241 384
241 450
241 472
241 480
241 728
241 740
241 935
241 950
242 369
242 407
242 410
242 463
242 467
242 512
242 522
242 569
242 611
242 613
242 676
242 791
242 830
242 853
242 877
242 914
242 955
242 973
243 306
243 373
243 386
243 448
243 554
243 559
243 611
243 729
243 751
243 769
243 823
243 923
244 251
244 405
244 408
244 459
244 461
244 465
244 513
244 530
244 712
244 732
245 289
245 332
245 400
245 420
245 522
245 553
245 670
245 677
245 688
245 851
245 854
245 886
245 928
245 949
246 254
246 297
246 325
246 369
246 376
246 379
246 391
246 446
246 469
246 591
246 617
246 710
246 798
246 971
246 991
246 996
247 259
247 293
247 314
247 340
247 452
247 470
247 577
247 604
247 664
247 728
247 749
247 779
247 825
247 890
247 915
248 298
248 314
248 322
248 329
248 377
248 409
248 415
248 448
248 485
248 487
248 502
248 554
248 572
248 801
248 891
249 321
249 361
249 378
249 416
249 433
249 495
249 534
249 540
249 545
249 659
249 668
249 744
249 830
250 266
250 280
250 373
250 380
250 389
250 661
250 717
250 719
250 730
250 748
250 765
250 782
250 796
250 917
251 395
251 483
251 492
251 571
251 596
251 650
251 679
251 771
251 795
251 835
251 973
251 987
251 1018
252 336
252 355
252 812
252 818
252 838
252 842
252 857
252 887
252 935
253 280
253 371
253 398
253 404
253 427
253 432
253 481
253 601
253 608
253 640
253 656
253 673
253 716
253 739
253 803
253 808
253 858
253 916
253 985
253 997
254 325
254 349
254 353
254 362
254 365
254 418
254 463
254 505
254 686
254 715
254 801
254 846
255 328
255 333
255 365
255 601
255 642
255 837
255 901
255 942
255 947
256 309
256 450
256 544
256 545
256 549
256 593
256 599
256 704
256 799
256 829
257 267
257 380
257 410
257 483
257 627
257 654
257 717
257 764
257 782
257 785
257 800
257 847
257 858
257 861
258 311
258 346
258 358
258 382
258 467
258 508
258 747
258 837
258 852
258 984
258 994
259 394
259 396
259 415
259 510
259 681
259 684
259 705
259 719
259 738
259 759
259 789
259 877
259 880
259 881
259 975
259 1006
260 267
260 332
260 422
260 432
260 500
260 569
260 643
260 714
260 748
260 771
260 814
260 973
260 1021
261 304
261 351
261 509
261 581
261 582
261 587
261 706
261 932
261 969
262 332
262 472
262 496
262 504
262 562
262 639
262 859
262 866
262 923
262 963
262 970
262 994
263 344
263 405
263 416
263 431
263 485
263 606
263 703
263 775
263 845
263 859
263 919
263 1007
263 1018
264 312
264 423
264 456
264 471
264 497
264 594
264 610
264 640
264 673
264 721
264 745
264 788
264 900
264 936
264 1009
265 435
265 457
265 530
265 600
265 635
265 708
265 772
265 782
265 839
265 872
265 987
265 1018
266 285
266 411
266 476
266 540
266 549
266 616
266 673
266 694
266 936
266 945
266 1005
267 273
267 289
267 393
267 416
267 433
267 546
267 551
267 638
267 846
267 887
267 972
267 998
267 1003
268 310
268 324
268 342
268 366
268 420
268 431
268 456
268 480
268 487
268 537
268 567
268 599
268 644
268 696
268 700
268 826
268 845
268 864
268 930
268 933
269 368
269 393
269 429
269 437
269 455
269 495
269 498
269 696
269 801
269 900
269 913
269 966
269 984
270 331
270 368
270 406
270 441
270 470
270 477
270 496
270 555
270 622
270 634
270 785
270 830
270 844
270 945
270 1016
271 325
271 347
271 359
271 380
271 402
271 446
271 485
271 495
271 520
271 567
271 580
271 694
271 702
271 762
271 864
271 959
271 981
272 343
272 396
272 474
272 557
272 794
272 849
272 857
272 881
272 919
272 968
272 975
272 984
272 1007
272 1010
273 302
273 424
273 427
273 434
273 481
273 517
273 521
273 534
273 607
273 652
273 677
273 723
273 752
273 861
274 281
274 304
274 409
274 623
274 643
274 686
274 712
274 785
274 834
274 946
274 1003
274 1006
275 530
275 571
275 615
275 645
275 650
275 720
275 888
275 914
275 921
275 1018
276 299
276 468
276 527
276 598
276 612
276 635
276 668
276 752
276 761
276 902
277 344
277 348
277 388
277 433
277 445
277 457
277 546
277 573
277 631
277 695
277 709
277 723
277 752
277 995
278 297
278 324
278 340
278 360
278 411
278 424
278 437
278 452
278 676
278 828
278 839
278 924
279 296
279 694
279 741
279 794
279 816
279 821
279 908
280 287
280 343
280 453
280 491
280 597
280 741
280 828
280 904
280 927
280 963
280 997
281 377
281 380
281 399
281 622
281 624
281 638
281 645
281 773
281 801
281 828
281 854
281 913
281 954
281 980
281 991
282 341
282 411
282 427
282 466
282 558
282 590
282 620
282 643
282 740
282 743
282 750
282 819
282 861
282 870
282 885
282 942
282 953
282 993
283 298
283 368
283 397
283 465
283 553
283 578
283 601
283 727
283 815
283 911
283 983
283 1002
284 286
284 325
284 370
284 439
284 469
284 499
284 520
284 525
284 627
284 635
284 660
284 670
284 763
284 784
284 787
284 819
284 874
284 954
285 416
285 429
285 485
285 526
285 554
285 663
285 731
285 748
285 752
285 768
285 772
285 791
285 903
285 909
285 936
285 955
285 974
286 309
286 316
286 346
286 445
286 477
286 557
286 566
286 650
286 750
286 793
286 806
286 838
286 913
286 918
286 946
286 968
286 1021
287 403
287 521
287 558
287 623
287 673
287 701
287 742
287 816
287 836
287 843
287 860
287 898
287 916
288 410
288 468
288 582
288 643
288 715
288 818
288 833
288 840
288 844
288 872
288 895
288 918
288 945
288 1017
289 352
289 355
289 391
289 457
289 498
289 502
289 531
289 773
289 853
289 899
289 905
289 970
289 998
289 999
289 1003
289 1023
290 403
290 438
290 470
290 475
290 636
290 666
290 751
290 763
290 770
290 810
290 831
290 848
290 981
290 998
291 359
291 375
291 495
291 509
291 565
291 597
291 605
291 609
291 645
291 659
291 714
291 721
291 744
291 854
291 911
291 935
292 304
292 311
292 313
292 365
292 392
292 396
292 425
292 465
292 483
292 537
292 622
292 683
292 710
292 723
292 796
292 857
292 962
292 969
292 1008
293 326
293 408
293 629
293 675
293 676
293 722
293 1015
294 399
294 430
294 539
294 553
294 652
294 808
294 826
294 938
294 970
294 978
294 984
295 326
295 426
295 429
295 468
295 502
295 557
295 567
295 598
295 612
295 695
295 696
295 777
295 818
296 619
296 680
296 866
296 924
296 945
296 960
296 987
297 379
297 438
297 492
297 503
297 618
297 674
297 680
297 683
297 714
297 730
297 746
297 764
298 356
298 479
298 481
298 501
298 568
298 720
298 893
298 979
298 1000
299 349
299 362
299 398
299 399
299 440
299 479
299 509
299 527
299 576
299 580
299 606
299 651
299 718
299 863
299 885
299 953
300 380
300 431
300 525
300 529
300 589
300 628
300 642
300 695
300 696
300 699
300 740
300 837
300 894
300 923
300 940
300 994
301 483
301 510
301 564
301 644
301 687
301 819
301 885
301 892
301 941
301 995
302 319
302 324
302 337
302 372
302 542
302 545
302 570
302 582
302 656
302 813
302 869
302 893
302 895
302 897
302 921
302 1023
303 326
303 477
303 535
303 578
303 605
303 659
303 704
303 747
303 799
303 805
303 896
303 957
304 306
304 318
304 324
304 377
304 456
304 558
304 631
304 698
304 785
304 788
304 850
304 865
304 869
304 908
304 917
305 419
305 486
305 499
305 605
305 610
305 635
305 649
305 718
305 792
305 824
305 859
305 868
305 883
305 954
305 962
305 968
305 974
306 423
306 529
306 608
306 641
306 652
306 665
306 720
306 723
306 778
306 849
307 458
307 465
307 479
307 552
307 604
307 619
307 782
307 785
307 902
307 917
307 956
307 960
307 988
308 416
308 539
308 575
308 760
308 914
308 942
308 980
308 990
309 415
309 420
309 452
309 545
309 694
309 734
309 751
309 758
309 793
309 848
310 331
310 337
310 428
310 590
310 693
310 704
310 718
310 775
310 821
310 825
310 863
310 1021
311 325
311 457
311 475
311 585
311 674
311 680
311 794
311 810
311 909
311 922
311 995
312 329
312 336
312 373
312 387
312 410
312 429
312 467
312 489
312 513
312 593
312 659
312 895
312 901
312 928
313 329
313 372
313 431
313 453
313 688
313 731
313 754
313 840
313 953
314 363
314 423
314 464
314 497
314 563
314 794
314 836
314 844
314 879
314 900
314 955
315 320
315 326
315 341
315 443
315 465
315 548
315 588
315 617
315 675
315 713
315 726
315 796
315 930
315 1022
316 379
316 396
316 488
316 492
316 538
316 572
316 606
316 728
316 741
316 768
316 987
317 348
317 375
317 411
317 461
317 510
317 582
317 642
317 720
317 805
317 807
317 831
317 873
317 967
317 973
318 327
318 423
318 453
318 606
318 627
318 670
318 698
318 707
318 802
318 976
319 346
319 368
319 399
319 458
319 609
319 912
320 354
320 492
320 558
320 568
320 679
320 703
320 742
320 792
320 813
320 961
321 343
321 437
321 562
321 621
321 675
321 743
321 760
321 932
321 940
321 974
322 420
322 465
322 492
322 569
322 588
322 600
322 617
322 670
322 713
322 885
322 927
322 985
323 346
323 416
323 516
323 559
323 605
323 657
323 710
323 714
323 735
323 771
323 955
323 958
324 355
324 389
324 486
324 524
324 549
324 646
324 649
324 685
324 897
324 954
324 982
325 363
325 520
325 528
325 539
325 626
325 659
325 720
325 749
325 795
325 906
325 944
326 411
326 414
326 434
326 442
326 454
326 651
326 709
326 748
326 801
326 837
326 1009
326 1021
327 386
327 389
327 541
327 559
327 603
327 604
327 817
327 832
327 903
327 909
327 961
328 367
328 427
328 467
328 480
328 654
328 693
328 757
328 776
328 879
328 906
329 445
329 457
329 655
329 681
329 704
329 746
329 784
329 797
329 894
329 907
329 965
329 993
330 344
330 369
330 427
330 466
330 480
330 488
330 502
330 511
330 576
330 728
330 804
330 872
330 899
330 910
330 928
330 935
330 963
331 352
331 485
331 630
331 633
331 749
331 812
331 998
331 999
332 372
332 391
332 428
332 429
332 515
332 534
332 553
332 582
332 636
332 683
332 698
332 863
332 897
332 960
332 984
332 1007
332 1011
333 441
333 484
333 491
333 516
333 585
333 588
333 600
333 693
333 723
333 744
333 756
333 765
333 778
333 790
333 857
333 954
334 345
334 370
334 416
334 474
334 496
334 516
334 564
334 580
334 700
334 746
334 805
334 838
334 897
334 928
334 1003
335 396
335 467
335 483
335 537
335 569
335 607
335 639
335 656
335 689
335 692
335 771
335 825
335 873
335 956
336 341
336 348
336 361
336 395
336 440
336 557
336 589
336 768
336 812
336 950
336 1003
337 493
337 560
337 578
337 631
337 653
337 674
337 700
337 922
337 967
337 998
338 340
338 370
338 442
338 507
338 513
338 543
338 544
338 595
338 612
338 673
338 713
338 719
338 919
338 982
338 1010
338 1014
339 364
339 366
339 466
339 490
339 621
339 675
339 740
339 893
339 991
339 1007
340 484
340 612
340 671
340 740
340 837
340 921
340 925
340 1001
340 1015
341 414
341 452
341 588
341 739
341 752
341 791
341 914
341 1014
342 375
342 418
342 459
342 470
342 471
342 579
342 714
342 844
342 865
342 917
342 979
342 1011
343 495
343 578
343 589
343 630
343 676
343 692
343 787
343 889
343 901
343 927
343 980
344 348
344 382
344 425
344 466
344 499
344 562
344 602
344 604
344 700
344 735
344 744
344 789
344 925
344 937
344 972
344 985
345 447
345 470
345 513
345 581
345 608
345 725
345 735
345 786
345 825
345 900
345 957
345 973
346 421
346 464
346 471
346 535
346 544
346 556
346 571
346 740
346 748
346 813
346 878
346 883
346 923
346 960
346 1010
347 459
347 460
347 467
347 503
347 544
347 545
347 568
347 620
347 622
347 627
347 674
347 682
347 823
347 831
347 998
348 351
348 370
348 378
348 386
348 615
348 702
348 744
348 814
348 930
348 949
349 368
349 391
349 440
349 485
349 511
349 657
349 795
349 930
349 979
350 448
350 500
350 505
350 600
350 653
350 832
350 834
350 949
350 979
351 402
351 424
351 620
351 714
351 769
351 772
351 828
351 877
351 904
351 1008
351 1010
351 1021
352 419
352 420
352 513
352 550
352 565
352 619
352 625
352 878
352 962
353 388
353 396
353 402
353 520
353 537
353 557
353 601
353 667
353 694
353 705
353 734
353 735
353 773
353 793
353 859
353 910
354 368
354 372
354 397
354 472
354 493
354 518
354 711
354 875
354 893
354 901
355 439
355 495
355 533
355 576
355 653
355 707
355 725
355 781
355 967
355 1000
356 367
356 377
356 393
356 442
356 490
356 497
356 604
356 623
356 703
356 711
356 713
356 744
356 767
356 815
356 957
357 683
357 757
357 780
357 847
357 848
357 891
357 961
357 977
358 416
358 444
358 457
358 827
358 968
358 980
358 1001
358 1020
359 397
359 400
359 431
359 461
359 486
359 500
359 506
359 542
359 619
359 751
359 754
359 764
359 856
359 936
360 529
360 749
360 776
360 938
361 363
361 374
361 407
361 434
361 442
361 497
361 547
361 578
361 595
361 604
361 821
361 935
361 951
361 986
361 1008
362 415
362 498
362 536
362 617
362 639
362 653
362 659
362 739
362 835
362 886
362 890
362 934
362 977
363 421
363 445
363 541
363 620
363 753
363 759
363 989
364 404
364 427
364 439
364 447
364 473
364 520
364 552
364 576
364 592
364 623
364 637
364 669
364 699
364 710
364 759
364 785
364 791
364 868
364 882
365 382
365 432
365 499
365 538
365 567
365 603
365 645
365 653
365 731
365 742
365 818
365 863
365 924
365 934
365 975
365 1006
366 482
366 486
366 500
366 525
366 566
366 592
366 622
366 639
366 646
366 690
366 788
366 828
366 863
366 916
366 922
367 389
367 396
367 411
367 428
367 441
367 541
367 550
367 610
367 611
367 709
367 878
368 426
368 477
368 553
368 560
368 588
368 867
368 879
369 394
369 413
369 435
369 462
369 682
369 792
369 809
369 841
369 854
369 887
369 924
369 931
369 941
369 1006
369 1014
370 414
370 512
370 526
370 580
370 630
370 714
370 766
370 775
370 867
370 962
370 969
370 1006
371 401
371 404
371 482
371 519
371 541
371 545
371 633
371 733
371 886
371 1019
372 397
372 463
372 483
372 546
372 962
373 496
373 508
373 665
373 668
373 750
373 758
373 875
373 876
373 878
373 905
373 967
373 1008
374 387
374 407
374 410
374 446
374 493
374 536
374 576
374 601
374 629
374 705
374 737
374 739
374 766
374 847
374 875
374 891
374 1023
375 516
375 624
375 657
375 693
375 904
375 1022
376 517
376 557
376 621
376 637
376 650
376 684
376 714
376 794
376 830
376 866
376 890
376 897
376 976
376 1010
377 417
377 581
377 594
377 611
377 649
377 682
377 687
377 699
377 712
377 734
377 745
377 749
377 790
377 826
377 861
377 874
377 923
377 929
377 975
377 984
377 1005
378 407
378 439
378 456
378 488
378 505
378 517
378 566
378 682
378 721
378 762
378 878
378 973
379 507
379 509
379 537
379 587
379 596
379 671
379 773
379 862
379 872
379 874
380 475
380 479
380 492
380 617
380 657
380 710
380 792
380 830
380 832
380 868
380 873
380 893
380 914
380 941
380 942
380 946
380 1018
381 462
381 514
381 592
381 671
381 781
381 807
381 811
381 958
381 983
381 1003
381 1017
381 1020
382 480
382 656
382 707
382 713
382 726
382 750
382 822
382 904
382 942
383 398
383 409
383 413
383 417
383 432
383 440
383 464
383 478
383 530
383 540
383 542
383 611
383 631
383 640
383 724
383 771
383 937
383 954
383 1000
384 465
384 479
384 586
384 587
384 747
384 824
384 902
384 931
385 392
385 401
385 479
385 601
385 728
385 738
385 743
385 759
385 825
385 860
385 978
386 421
386 455
386 493
386 522
386 582
386 640
386 755
386 761
386 862
386 876
386 878
386 904
386 955
386 964
387 493
387 547
387 571
387 618
387 624
387 625
387 666
387 667
387 686
387 693
387 694
387 743
387 888
387 956
387 978
388 445
388 468
388 615
388 855
388 1021
389 478
389 574
389 576
389 640
389 668
389 686
389 687
389 694
389 858
389 864
389 980
390 453
390 454
390 618
390 628
390 662
390 700
390 747
390 765
390 988
390 990
391 475
391 541
391 570
391 593
391 720
391 762
391 894
391 957
392 451
392 502
392 646
392 719
392 803
392 816
392 847
392 909
392 943
392 989
393 406
393 415
393 422
393 437
393 453
393 484
393 616
393 667
393 693
393 721
393 796
393 839
393 875
393 910
393 1018
394 417
394 445
394 470
394 557
394 564
394 625
394 642
394 732
394 813
394 885
394 911
394 994
395 430
395 462
395 545
395 878
395 931
395 946
395 1010
396 421
396 568
396 720
396 754
396 755
396 805
396 849
396 870
396 895
396 899
396 985
396 1002
397 676
397 701
397 713
397 740
397 770
397 796
397 871
397 911
397 997
398 400
398 462
398 469
398 479
398 533
398 565
398 585
398 618
398 643
398 644
398 654
398 669
398 720
398 827
398 948
398 988
398 1007
398 1017
399 410
399 532
399 557
399 707
399 728
399 746
399 787
399 853
399 868
399 934
399 949
400 423
400 490
400 571
400 573
400 608
400 640
400 648
400 702
400 705
400 740
400 844
400 991
400 1020
401 516
401 550
401 736
401 746
401 927
401 928
401 974
401 1001
402 415
402 455
402 514
402 557
402 664
402 688
402 696
402 704
402 716
402 732
402 815
402 842
402 951
402 996
402 1014
403 660
403 672
403 730
403 735
403 743
403 876
403 997
403 998
404 493
404 549
404 572
404 634
404 753
404 834
404 851
404 866
404 911
404 955
404 969
405 482
405 487
405 567
405 686
405 750
405 870
405 871
405 898
405 949
405 1022
406 442
406 450
406 511
406 521
406 684
406 753
406 804
406 846
406 858
406 889
406 940
407 480
407 526
407 538
407 624
407 663
407 664
407 709
407 728
407 753
407 844
407 886
407 893
407 923
407 1013
407 1014
408 487
408 524
408 564
408 607
408 708
408 828
408 950
409 434
409 464
409 478
409 481
409 525
409 657
409 680
409 726
409 742
409 859
409 984
410 418
410 545
410 619
410 658
410 716
410 717
410 751
410 782
410 873
410 893
410 1001
411 500
411 559
411 590
411 638
411 720
411 925
411 962
411 967
411 992
412 450
412 573
412 678
412 683
413 527
413 559
413 606
413 609
413 618
413 637
413 645
413 779
413 981
414 496
414 531
414 549
414 630
414 687
414 792
414 935
414 1002
415 517
415 543
415 551
415 651
415 695
415 747
415 769
415 785
415 824
415 839
415 850
415 900
415 968
416 615
416 690
416 794
416 812
416 823
416 855
416 886
416 891
416 927
416 931
417 507
417 790
417 816
417 819
417 836
417 961
417 963
417 975
417 987
417 1000
417 1017
418 486
418 557
418 609
418 789
418 824
418 904
418 915
418 921
418 955
418 971
418 1008
419 537
419 544
419 657
419 713
419 714
419 762
419 767
419 837
419 860
419 891
419 953
420 722
420 772
420 792
420 921
420 980
420 998
421 424
421 543
421 671
421 677
421 710
421 742
421 745
421 773
421 778
421 824
421 877
421 893
421 947
421 981
421 1003
421 1008
421 1011
422 634
422 676
422 709
422 746
422 780
422 793
422 797
422 815
422 964
423 433
423 491
423 500
423 519
423 547
423 608
423 611
423 818
423 854
423 922
423 991
424 443
424 453
424 540
424 587
424 634
424 670
424 679
424 686
424 693
424 738
424 807
424 842
424 935
424 945
424 958
424 961
424 1003
425 479
425 504
425 529
425 573
425 577
425 794
425 884
425 915
425 929
425 930
425 932
425 981
425 992
426 442
426 450
426 550
426 594
426 721
426 745
426 796
426 798
426 885
426 920
426 998
426 1023
427 492
427 524
427 540
427 617
427 678
427 724
427 733
427 764
427 824
427 911
427 914
427 926
428 459
428 651
428 657
428 748
428 761
428 803
428 813
428 870
428 932
428 950
428 982
428 991
428 1006
428 1020
429 448
429 458
429 462
429 493
429 622
429 708
429 832
429 842
429 933
429 952
430 440
430 484
430 611
430 822
430 823
430 847
430 866
430 944
431 530
431 590
431 661
431 752
431 771
431 837
431 843
431 859
431 954
432 488
432 636
432 773
432 785
432 831
432 865
432 908
432 943
433 575
433 591
433 612
433 686
433 720
433 902
433 941
434 544
434 565
434 782
434 851
434 886
434 963
434 975
435 437
435 448
435 479
435 563
435 571
435 637
435 645
435 675
435 814
435 852
435 871
435 875
435 906
435 918
436 447
436 538
436 553
436 658
436 720
436 792
436 802
436 806
436 847
436 878
436 925
436 967
436 992
436 1023
437 454
437 494
437 625
437 658
437 705
437 725
437 858
437 931
437 943
437 944
437 947
438 482
438 534
438 535
438 550
438 563
438 586
438 677
438 701
438 725
438 869
438 910
438 939
438 999
438 1020
439 579
439 622
439 729
439 800
439 868
439 944
440 462
440 545
440 591
440 604
440 775
440 795
440 856
440 888
440 941
440 965
441 487
441 491
441 507
441 523
441 588
441 639
441 689
441 743
441 751
441 838
441 966
441 981
441 1014
442 475
442 543
442 595
442 632
442 728
442 852
442 898
442 985
442 1007
443 475
443 555
443 607
443 660
443 672
443 699
443 799
443 834
443 876
443 916
443 964
444 445
444 476
444 610
444 686
444 717
444 728
444 737
444 748
444 921
445 449
445 487
445 791
445 822
445 889
445 903
445 959
445 1006
445 1015
446 465
446 500
446 561
446 563
446 599
446 692
446 756
446 824
446 830
446 865
446 869
447 532
447 567
447 604
447 850
447 851
447 867
447 905
447 958
448 490
448 551
448 641
448 745
448 801
448 929
448 946
448 977
449 569
449 590
449 657
449 659
449 709
449 778
449 954
449 962
449 1015
450 505
450 512
450 539
450 559
450 634
450 660
450 680
450 703
450 744
450 841
450 852
450 883
450 894
450 937
450 978
450 997
451 521
451 604
451 638
451 653
451 674
451 727
451 762
451 798
451 841
451 846
451 860
451 918
452 571
452 584
452 746
452 760
452 804
452 824
452 849
452 851
452 1022
453 461
453 467
453 512
453 523
453 626
453 679
453 713
453 723
453 785
453 789
453 811
453 915
453 919
454 504
454 532
454 553
454 561
454 655
454 697
454 767
454 844
454 850
454 898
454 916
454 952
454 957
454 960
454 975
455 467
455 491
455 577
455 585
455 666
455 668
455 677
455 695
455 698
455 813
455 825
455 834
455 835
455 889
455 901
455 902
456 457
456 504
456 522
456 554
456 568
456 571
456 614
456 670
456 750
456 783
456 889
456 1009
457 576
457 579
457 602
457 729
457 731
457 824
457 863
457 883
457 902
458 479
458 537
458 740
458 829
458 869
458 956
459 463
459 480
459 533
459 663
459 694
459 714
459 871
459 934
459 1006
460 461
460 476
460 589
460 631
460 728
460 779
460 853
461 614
461 935
461 991
462 534
462 538
462 600
462 640
462 667
462 695
462 714
462 786
462 861
462 952
462 999
462 1005
463 472
463 479
463 499
463 520
463 544
463 591
463 631
463 661
463 724
463 791
463 792
463 942
463 963
463 985
464 491
464 577
464 644
464 670
464 904
464 908
464 913
464 983
465 494
465 554
465 658
465 691
465 714
465 906
465 928
465 973
465 1000
466 523
466 585
466 731
466 733
466 805
466 843
466 875
466 922
466 966
466 981
466 1007
467 491
467 508
467 563
467 603
467 715
467 744
467 783
467 873
467 877
467 1007
468 503
468 684
468 892
468 906
468 945
468 1014
469 495
469 515
469 720
469 727
469 783
469 793
469 823
469 848
469 869
469 915
469 1000
470 502
470 668
470 749
470 759
470 795
470 881
470 895
471 496
471 506
471 592
471 596
471 637
471 659
471 769
471 801
471 855
471 958
471 990
471 1011
472 558
472 640
472 689
472 796
472 808
473 514
473 575
473 612
473 623
473 734
473 782
473 847
473 892
473 898
473 976
473 1021
474 476
474 555
474 556
474 589
474 659
474 706
474 814
474 852
474 871
474 891
474 932
474 955
475 490
475 501
475 529
475 531
475 555
475 563
475 570
475 640
475 757
475 772
475 826
475 829
475 864
475 885
475 890
475 961
476 672
476 686
476 730
476 816
476 830
476 919
476 924
477 490
477 491
477 495
477 509
477 535
477 582
477 609
477 613
477 707
477 740
477 797
477 801
477 974
477 991
478 496
478 502
478 571
478 682
478 702
478 803
478 884
478 900
478 928
478 972
479 559
479 635
479 641
479 642
479 649
479 755
479 756
479 776
479 832
479 887
480 502
480 524
480 564
480 656
480 670
480 679
480 691
480 708
480 709
480 888
480 992
481 486
481 610
481 648
481 748
481 804
481 819
481 872
481 897
482 620
482 662
482 686
482 754
482 816
482 934
482 1007
483 498
483 583
483 605
483 642
483 671
483 764
483 777
483 801
483 851
483 912
483 915
484 559
484 580
484 617
484 683
484 743
484 881
484 931
485 654
485 691
485 879
485 913
485 935
485 963
485 968
485 981
485 989
486 533
486 669
486 728
486 740
486 955
486 982
487 499
487 522
487 551
487 569
487 585
487 607
487 753
487 781
487 819
487 841
487 887
487 902
487 1009
488 507
488 536
488 608
488 621
488 721
488 735
488 774
488 780
488 821
488 1023
489 502
489 527
489 606
489 637
489 780
489 791
489 811
489 854
489 903
489 936
489 955
489 970
490 570
490 615
490 699
490 747
490 888
490 903
490 926
490 1009
490 1012
491 541
491 588
491 639
491 655
491 658
491 736
491 766
491 868
491 889
491 893
491 931
491 978
491 980
491 994
491 1001
491 1020
492 517
492 600
492 682
492 696
492 724
492 753
492 773
492 889
492 906
492 980
493 500
493 519
493 528
493 539
493 562
493 575
493 618
493 672
493 682
493 727
493 773
493 790
493 799
493 802
493 886
493 933
493 980
493 996
494 501
494 538
494 733
494 905
494 994
495 499
495 609
495 642
495 692
495 855
495 966
495 972
495 1009
496 530
496 632
496 723
496 736
496 756
496 901
496 950
496 964
497 513
497 710
497 754
497 900
497 976
498 591
498 610
498 670
498 692
498 760
498 826
498 895
498 967
499 510
499 545
499 554
499 567
499 600
499 659
499 701
499 817
499 828
499 934
499 966
500 518
500 519
500 545
500 581
500 636
500 786
500 790
500 807
500 828
500 856
500 860
500 867
500 888
500 914
500 971
501 523
501 581
501 602
501 608
501 756
501 760
501 820
501 823
501 831
501 997
502 514
502 554
502 578
502 584
502 653
502 707
502 736
502 740
502 752
502 769
502 825
502 835
502 908
502 942
502 1011
503 555
503 559
503 590
503 671
503 725
503 768
503 801
503 922
503 998
504 510
504 548
504 552
504 786
504 809
504 950
504 1016
505 557
505 648
505 669
505 677
505 737
505 758
505 791
505 799
505 912
505 970
505 974
506 859
506 881
506 893
506 911
506 992
506 994
507 535
507 558
507 568
507 571
507 642
507 644
507 646
507 687
507 716
507 735
507 744
507 946
507 1004
507 1021
508 620
508 626
508 704
508 712
508 743
508 781
508 1013
509 535
509 540
509 541
509 553
509 615
509 626
509 718
509 726
509 810
509 816
509 833
509 843
509 846
510 513
510 523
510 526
510 528
510 596
510 649
510 658
510 708
510 768
510 866
510 867
510 893
510 1023
511 722
511 751
511 767
511 779
511 856
511 861
511 922
511 966
512 589
512 606
512 607
512 693
512 1004
513 535
513 567
513 575
513 600
513 604
513 660
513 749
513 925
513 997
514 650
514 732
514 889
514 987
514 993
515 527
515 624
515 745
515 827
515 947
516 557
516 616
516 621
516 783
516 824
516 900
516 954
516 994
516 1021
517 525
517 537
517 586
517 597
517 633
517 676
517 715
517 717
517 734
517 743
517 748
517 922
517 956
517 963
517 969
518 548
518 575
518 688
518 698
518 727
518 751
518 755
518 813
518 860
518 875
519 633
519 659
519 673
519 689
519 716
519 789
519 864
519 876
519 932
519 946
519 992
520 533
520 590
520 660
520 718
520 731
520 841
520 870
520 973
520 999
520 1013
521 572
521 625
521 651
521 727
521 738
521 759
521 786
521 855
521 895
521 903
522 534
522 546
522 612
522 632
522 635
522 701
522 716
522 748
522 788
522 816
522 895
522 1011
522 1019
523 527
523 539
523 778
523 780
523 870
523 986
524 541
524 571
524 720
524 724
524 730
524 731
524 825
524 879
524 892
524 977
525 552
525 586
525 638
525 669
525 714
525 739
525 754
525 792
525 904
525 931
525 935
525 984
526 631
526 670
526 713
526 788
526 825
526 932
526 935
526 990
526 1010
527 546
527 582
527 608
527 644
527 670
527 750
527 766
527 808
527 1014
528 570
528 651
528 691
528 778
528 871
528 884
528 900
528 970
528 984
529 540
529 817
529 935
529 968
529 975
530 749
530 784
530 821
530 857
530 862
530 911
530 940
530 946
531 538
531 618
531 643
531 727
531 876
531 884
531 906
531 918
531 940
531 976
531 986
531 997
531 1000
532 562
532 594
532 603
532 675
532 736
532 773
532 803
532 804
532 820
532 825
532 914
532 922
532 1019
533 543
533 573
533 602
533 677
533 877
533 893
533 1012
534 559
534 612
534 642
534 712
534 720
534 740
534 767
534 869
535 651
535 661
535 679
535 703
535 709
535 777
535 789
535 859
535 861
535 915
535 950
535 967
535 997
536 726
536 945
536 1003
536 1023
537 555
537 612
537 617
537 619
537 759
537 839
537 854
537 869
537 921
537 975
538 572
538 578
538 598
538 601
538 732
538 756
538 766
538 770
538 785
538 840
538 846
538 855
538 995
539 750
539 769
539 797
539 812
539 897
540 617
540 628
540 696
540 706
540 794
540 857
540 873
540 907
540 924
540 1012
541 641
541 670
541 702
541 787
541 918
542 555
542 556
542 559
542 565
542 571
542 618
542 697
542 760
542 895
542 901
542 970
543 574
543 679
543 698
543 702
543 780
543 793
543 852
543 865
543 878
543 897
543 950
544 553
544 568
544 665
544 672
544 692
544 761
544 778
544 782
544 872
545 641
545 650
545 687
545 766
545 781
545 795
545 820
545 839
545 853
545 940
545 975
545 1021
546 559
546 589
546 638
546 674
546 791
546 796
546 797
546 825
546 889
546 1019
547 550
547 575
547 627
547 655
547 743
547 749
547 752
547 893
547 929
547 956
547 982
547 992
547 1006
548 554
548 562
548 868
548 883
548 902
548 956
548 966
548 995
549 598
549 710
549 986
550 574
550 668
550 690
550 759
550 823
550 880
550 896
550 928
551 569
551 579
551 612
551 621
551 627
551 726
552 676
552 686
552 892
552 896
552 994
553 606
553 610
553 615
553 696
553 711
553 844
553 846
553 850
553 938
553 953
553 960
553 1017
554 665
554 709
554 721
554 780
554 791
554 797
554 819
554 838
554 942
554 972
554 986
555 573
555 631
555 697
555 894
555 951
555 987
555 1002
556 569
556 616
556 669
556 676
556 705
556 736
556 739
556 778
556 846
556 899
556 927
556 1020
557 593
557 640
557 692
557 744
557 906
557 977
557 996
558 577
558 719
558 773
558 801
558 828
558 866
558 1017
558 1020
559 571
559 764
559 805
559 814
559 857
559 879
559 910
559 944
560 587
560 596
560 652
560 655
560 731
560 733
560 935
560 955
560 956
561 568
561 618
561 638
561 639
561 792
561 800
561 926
561 950
561 1016
562 671
562 728
562 796
562 868
563 575
563 687
563 713
563 714
563 754
563 766
563 796
563 926
563 961
563 966
564 612
564 643
564 663
564 704
564 844
564 975
564 1008
565 567
565 627
565 720
565 921
565 1003
566 621
566 736
566 792
566 907
566 937
567 619
567 632
567 674
567 694
567 720
567 813
567 835
567 950
567 971
567 980
568 677
568 692
568 746
568 815
568 836
568 941
568 982
568 985
569 582
569 584
569 630
569 711
569 738
569 784
569 793
569 920
569 932
569 933
569 968
570 632
570 740
570 779
570 824
570 882
570 903
570 932
570 956
570 1014
571 594
571 681
571 809
571 923
571 1004
572 582
572 717
572 758
572 899
572 952
572 960
573 582
573 826
573 857
573 883
573 933
574 584
574 662
574 679
574 704
574 712
574 722
574 746
574 873
574 942
574 1016
574 1023
575 703
575 722
575 734
575 747
575 755
575 758
575 769
575 825
575 861
575 904
575 921
576 623
576 670
576 685
576 764
576 953
577 610
577 652
577 656
577 664
577 812
578 737
578 961
579 629
579 661
579 695
579 715
579 734
579 835
579 911
579 940
579 987
580 678
580 680
580 688
580 706
580 806
580 856
580 881
580 893
580 965
581 684
581 687
581 799
581 828
581 878
582 607
582 619
582 638
582 677
582 716
582 797
582 864
582 896
583 586
583 623
583 680
583 693
583 746
583 786
583 821
583 845
583 985
584 591
584 598
584 642
584 655
584 771
584 832
584 900
584 1003
585 599
585 977
586 638
586 708
586 727
586 869
586 904
586 922
586 926
586 940
586 966
587 748
587 849
587 866
587 968
587 982
588 612
588 653
588 660
588 707
588 759
588 983
589 624
589 801
589 835
589 850
589 919
589 942
589 998
590 591
590 606
590 657
590 668
590 673
590 823
590 825
590 869
590 973
590 981
590 989
591 599
591 677
591 774
591 777
591 782
591 806
591 874
591 951
592 601
592 814
592 880
592 902
593 627
593 687
593 706
593 710
593 785
593 788
593 849
593 933
593 993
593 1001
594 599
594 629
594 641
594 687
594 712
594 812
594 886
594 907
595 596
595 604
595 624
595 665
595 675
595 686
595 689
595 722
595 739
595 791
595 793
595 812
595 852
595 1008
596 617
596 651
596 761
596 789
596 913
596 969
597 665
597 697
597 758
597 812
597 922
598 599
598 631
598 655
598 668
598 683
598 686
598 696
598 714
598 727
598 730
598 878
598 914
599 608
599 650
599 731
599 733
599 738
599 749
599 768
599 782
600 653
600 723
600 856
600 926
600 1002
600 1015
601 665
601 679
601 780
601 822
601 824
601 921
601 927
601 987
601 1014
602 666
602 669
602 756
602 762
602 844
602 980
602 981
603 855
603 962
603 965
604 640
604 655
604 698
604 703
604 780
604 925
604 926
604 955
604 981
605 642
605 694
605 752
605 781
605 801
605 852
605 972
606 663
606 820
606 838
606 843
606 902
606 1017
607 652
607 666
607 714
607 732
607 843
607 884
607 922
608 621
608 646
608 701
608 809
608 879
608 929
608 946
608 975
608 985
608 995
608 996
608 1011
608 1019
609 693
609 718
609 820
609 839
609 840
609 880
609 1008
610 678
610 740
610 746
610 785
610 790
610 846
610 866
611 674
611 745
611 776
611 885
611 892
611 1021
612 616
612 631
612 644
612 727
612 737
612 832
613 855
613 894
613 1009
614 724
614 756
614 759
614 797
614 895
614 1001
615 640
615 642
615 646
615 694
615 699
615 821
615 926
615 970
615 1023
616 618
616 639
616 761
616 774
616 816
616 841
616 897
616 965
616 980
616 1015
617 689
617 737
617 883
617 903
617 919
617 955
617 974
618 632
618 633
618 827
618 866
618 979
619 644
619 651
619 700
619 947
619 1005
620 632
620 667
620 668
620 700
620 710
620 757
620 759
620 828
620 833
620 1010
621 765
621 779
621 815
621 819
621 909
621 982
622 682
622 684
622 776
622 974
623 661
623 670
623 704
623 723
623 821
623 846
623 946
623 975
623 978
624 675
624 740
624 785
624 996
625 681
625 814
625 825
625 889
625 957
625 964
625 971
626 644
626 659
626 660
626 670
626 704
626 716
626 796
626 891
626 895
626 961
627 630
627 661
627 752
627 807
627 893
627 923
627 1005
628 637
628 673
628 737
629 709
629 711
629 807
629 820
629 834
629 852
629 879
629 994
630 639
630 644
630 646
630 713
630 798
630 809
630 916
631 633
631 812
631 880
631 944
632 671
632 695
632 764
632 903
632 966
632 984
632 988
632 1021
633 656
633 702
633 756
633 885
633 912
633 993
633 999
633 1003
633 1011
634 665
634 672
634 707
634 776
634 837
634 897
634 986
634 993
635 698
635 775
635 885
635 992
636 679
636 747
636 804
636 809
636 810
636 824
636 840
636 918
637 662
637 720
637 736
637 947
638 652
638 832
638 855
638 870
638 888
638 898
638 907
638 930
639 673
639 693
639 700
639 735
639 740
639 815
639 836
639 905
639 959
640 708
640 759
640 763
640 789
640 802
640 899
640 905
640 911
640 932
640 989
641 720
641 903
641 1018
642 685
642 742
642 763
642 812
642 814
642 827
642 874
642 1001
643 919
643 1013
644 648
644 666
644 679
644 739
644 835
644 840
644 865
644 892
644 894
644 903
644 910
645 706
645 760
645 794
645 815
645 828
645 897
645 911
645 943
646 656
646 670
646 696
646 768
646 786
646 787
646 841
646 1001
646 1004
646 1007
647 695
647 775
647 779
647 795
647 845
647 848
647 892
647 947
647 1001
647 1007
648 652
648 720
648 727
648 807
648 854
648 902
649 677
649 679
649 690
649 725
649 771
649 774
649 794
649 900
649 941
649 995
650 690
650 695
650 702
650 749
650 763
650 826
650 847
650 927
650 987
651 703
651 810
651 815
651 831
651 837
651 879
651 880
651 931
651 976
652 926
653 858
653 984
653 986
653 996
654 891
654 907
654 990
655 667
655 673
655 846
655 858
655 859
655 1022
656 662
656 688
656 707
656 738
656 818
656 844
656 869
656 955
656 970
656 1008
657 707
657 716
657 874
657 888
657 896
657 999
658 716
658 885
658 904
658 956
659 722
659 742
659 814
659 871
659 949
659 989
660 675
660 677
660 691
660 731
660 863
661 801
662 730
662 767
662 780
662 905
662 949
663 701
663 709
663 742
663 816
663 840
664 771
664 779
664 793
664 817
664 818
664 884
664 900
664 921
664 964
664 977
664 986
665 677
665 739
665 747
665 755
665 762
665 854
665 940
665 958
666 793
666 819
666 834
666 872
666 883
666 930
666 948
666 964
666 985
666 1010
667 723
667 816
667 836
667 839
667 856
667 861
667 928
668 688
668 693
668 714
668 736
668 882
668 890
668 914
668 940
668 1006
668 1010
668 1022
669 671
669 698
669 701
669 735
669 782
669 827
669 895
669 916
669 967
669 1007
670 678
670 743
670 795
670 863
670 944
670 994
670 1016
671 776
671 778
671 803
671 834
671 897
671 964
671 965
672 789
672 873
672 881
673 723
673 787
673 864
673 886
673 934
673 942
673 959
673 1006
673 1014
674 676
674 915
675 676
675 719
675 761
675 813
675 876
675 950
676 682
676 725
676 766
676 944
676 961
677 731
677 737
677 873
677 925
677 961
677 994
677 1021
678 737
678 762
678 891
678 923
678 944
678 950
679 714
679 735
679 747
679 792
679 839
679 867
679 920
679 1016
680 747
680 787
680 816
680 868
680 869
680 1011
680 1020
681 749
681 770
681 849
681 996
681 1010
682 738
682 749
682 817
683 768
683 812
683 826
683 924
683 986
683 1007
683 1010
684 708
684 711
684 717
684 914
685 733
685 807
685 979
685 1001
686 766
686 782
686 843
686 887
686 922
686 952
686 954
687 856
687 858
687 910
687 961
688 723
688 876
688 895
688 981
688 986
688 1012
689 710
689 719
689 732
689 768
689 772
689 789
690 761
690 849
690 884
690 920
690 977
691 758
691 792
691 820
691 838
691 851
691 885
692 704
692 730
692 740
692 778
692 876
692 890
692 1004
693 775
693 827
693 1022
694 730
695 708
695 724
695 857
695 885
695 917
695 927
695 944
695 948
696 780
696 802
696 889
696 891
696 914
697 846
697 854
697 1008
698 762
698 808
698 1014
699 702
699 719
699 802
699 982
699 996
699 1013
700 864
700 925
700 1005
701 804
701 839
701 849
701 850
701 887
701 932
702 706
702 712
702 790
702 794
702 832
702 870
702 895
702 940
702 1004
703 706
703 730
703 829
703 890
703 901
703 905
703 966
703 970
703 994
704 766
704 829
704 876
704 1014
705 723
705 864
705 902
705 922
705 942
705 1015
706 715
706 722
706 872
706 873
706 884
706 925
706 959
706 963
706 964
706 1017
707 722
707 918
707 921
708 791
708 829
708 951
709 815
709 883
710 737
710 786
710 826
710 863
710 869
710 897
710 976
711 785
711 800
711 942
712 851
713 728
713 745
713 770
713 836
713 838
713 899
713 901
714 802
714 818
714 829
714 858
714 943
714 957
714 979
714 1003
715 773
715 915
715 939
715 962
715 972
716 747
716 773
716 789
716 848
716 876
716 948
717 743
717 977
718 785
718 790
718 860
718 866
718 879
718 900
718 911
718 952
718 956
718 964
718 1019
719 763
719 778
719 808
719 825
719 837
719 838
719 855
719 888
719 961
719 991
720 732
720 779
720 786
720 815
720 844
721 900
721 945
722 791
722 949
722 1003
722 1022
723 745
723 783
723 825
723 897
723 971
723 983
724 822
724 838
724 899
724 904
724 926
724 986
724 1013
725 748
725 938
726 855
726 984
726 996
726 1014
727 748
727 759
727 791
727 833
727 969
728 834
728 983
729 732
729 768
729 780
729 871
730 762
730 779
730 907
730 963
731 872
731 953
731 954
731 984
732 909
732 998
732 1005
732 1016
733 734
733 804
733 839
733 985
733 992
734 854
734 934
735 815
735 874
735 920
735 998
735 1005
736 798
736 860
736 870
736 880
736 966
736 971
737 773
737 791
737 795
737 798
737 839
737 862
737 881
737 895
738 824
738 964
739 740
739 831
739 923
739 951
739 964
739 990
740 816
740 840
740 871
741 785
741 961
741 997
741 1018
742 810
742 813
742 911
742 920
742 992
743 880
743 949
743 971
743 977
744 776
744 783
744 849
744 875
744 996
745 866
745 902
745 913
745 935
745 956
745 970
745 999
746 828
746 831
746 917
747 859
747 931
747 959
747 974
748 873
748 935
748 937
748 952
748 957
748 970
749 787
749 816
750 751
750 881
750 926
750 1017
751 843
751 889
751 904
752 1022
753 803
753 914
753 940
753 965
754 876
754 922
754 933
754 988
755 803
755 877
755 899
755 919
756 764
756 819
756 884
756 940
756 953
756 977
756 993
757 759
757 793
757 796
757 818
757 923
757 930
758 760
758 794
758 855
758 965
758 979
758 997
758 999
759 813
759 864
759 892
759 918
759 951
759 955
759 988
759 991
760 767
760 770
760 803
760 912
760 969
761 869
762 837
762 882
762 896
762 996
763 783
763 815
763 834
763 873
763 938
764 772
764 861
764 873
764 951
764 990
765 841
765 867
765 907
765 1017
766 901
766 917
766 960
767 790
767 832
768 792
768 903
769 864
769 869
769 905
769 923
769 966
769 992
770 784
770 827
770 1023
771 772
771 867
771 895
771 932
772 881
772 889
772 902
772 968
772 975
773 806
773 854
773 992
774 900
774 1003
775 841
775 856
775 897
775 933
775 999
776 829
776 904
776 952
776 1002
776 1003
776 1023
777 862
777 879
777 888
777 927
777 931
777 938
777 997
778 806
778 948
779 800
779 829
779 835
779 978
780 785
780 799
780 811
780 813
780 838
780 998
780 999
781 800
781 809
781 859
781 953
782 818
782 855
782 872
782 952
782 966
783 838
783 898
783 1023
784 796
784 854
784 894
784 945
785 872
785 960
785 1014
786 823
786 855
786 904
786 923
786 937
787 817
787 831
787 918
787 936
787 1005
788 859
788 882
788 952
788 1008
788 1020
790 802
790 938
790 940
790 966
790 991
790 996
791 812
791 844
791 864
791 871
791 879
791 930
792 845
792 911
792 1005
792 1011
793 813
793 917
793 948
794 806
794 851
794 872
794 898
794 935
794 967
794 996
795 919
795 952
795 953
795 962
796 891
796 958
796 968
796 969
797 895
797 903
797 942
797 966
798 810
798 816
798 819
798 830
798 922
798 944
798 992
798 999
798 1012
799 867
799 920
799 946
799 970
799 1012
800 812
801 862
801 869
801 993
801 996
801 1012
802 806
802 807
802 942
802 946
802 1017
803 841
803 864
803 907
803 927
804 870
804 886
804 954
804 1008
805 986
806 810
806 900
806 923
806 924
806 946
806 1015
806 1016
807 836
807 874
807 990
808 827
808 842
808 997
809 914
809 927
809 930
809 940
810 812
810 876
810 905
810 994
811 891
812 823
812 852
812 854
812 876
812 904
812 978
812 1012
813 857
813 945
813 948
813 962
813 1016
814 829
814 834
814 889
814 939
815 826
815 850
816 834
816 855
816 866
816 977
817 961
817 1017
818 932
818 950
818 984
818 1013
819 875
819 1013
820 869
820 874
820 908
820 915
820 1004
821 865
821 901
821 949
821 987
821 1000
821 1010
822 938
822 994
823 905
823 933
823 966
823 983
824 835
824 836
824 881
824 887
824 890
824 971
825 834
825 875
825 953
825 985
826 860
826 884
826 924
826 952
827 851
827 898
828 844
828 927
828 999
829 868
829 903
830 842
830 862
830 918
830 935
830 1016
831 859
831 962
832 869
832 885
832 886
832 944
832 1017
834 893
835 978
835 990
835 998
835 1000
836 964
836 992
837 929
837 940
838 879
838 964
839 930
839 1018
840 878
841 894
841 924
841 969
842 865
842 983
842 996
843 856
843 965
843 981
843 1016
844 873
844 923
844 993
844 1005
845 853
845 863
845 1014
845 1019
846 874
846 886
846 892
846 949
846 962
847 891
847 927
848 865
848 924
848 1002
848 1019
849 956
849 985
850 901
851 868
851 881
851 886
851 898
852 903
852 981
852 985
853 885
853 889
853 928
853 933
853 947
853 981
853 1004
853 1007
854 916
854 975
855 871
855 957
856 861
856 877
856 904
856 966
856 989
857 874
857 896
857 903
857 921
857 937
858 972
858 1016
859 876
859 921
860 915
860 995
860 1006
861 871
861 899
861 901
861 959
861 965
861 987
863 912
863 918
864 867
864 883
864 912
864 976
864 987
865 893
865 932
866 877
866 992
867 873
867 876
867 955
867 962
868 942
868 950
868 1009
869 884
869 935
869 942
869 962
869 1020
870 912
870 1014
871 882
871 914
871 936
871 939
871 1022
872 953
873 907
873 991
874 930
874 968
874 1012
874 1015
875 899
875 950
875 993
876 889
876 915
876 927
877 919
878 902
878 913
878 938
878 1012
878 1014
879 973
880 944
880 961
881 975
882 909
882 920
882 950
883 903
883 921
884 910
885 990
886 991
887 931
888 927
888 987
888 1019
889 907
889 1002
889 1014
891 989
892 943
893 1013
895 923
896 952
896 963
898 963
898 980
898 1004
898 1018
899 983
900 933
900 951
900 1005
901 918
901 964
901 969
901 997
901 1019
902 972
902 1018
903 950
905 912
905 941
905 942
905 975
905 987
905 1017
907 993
908 953
908 1015
909 971
910 924
911 933
911 976
911 1015
912 982
912 1009
913 993
913 1004
914 932
914 942
914 964
915 920
916 929
916 960
916 964
916 1023
917 1014
918 955
918 1003
919 987
919 1004
920 924
920 988
920 997
921 940
922 947
922 959
922 978
922 981
923 958
923 968
923 1007
924 933
924 943
924 1017
925 953
925 967
926 951
926 981
926 990
928 966
929 991
929 1004
930 1012
931 973
931 992
931 1003
932 1013
933 945
934 977
934 980
935 1014
937 949
937 1015
938 957
938 1016
940 972
940 990
941 1002
942 956
942 996
944 962
944 1012
945 1010
946 972
947 1000
949 968
949 973
949 1013
950 998
950 1002
951 982
952 972
952 1018
953 965
953 975
954 973
955 958
955 960
955 976
957 962
957 966
957 998
957 999
959 1006
960 962
961 984
962 963
963 1009
963 1014
965 1014
967 970
967 1015
969 1000
970 973
970 998
970 1016
971 985
971 987
975 979
975 1001
976 979
976 1019
978 979
978 990
979 1016
983 1022
984 988
984 997
986 1019
987 1011
989 1020
991 1009
991 1012
995 1012
999 1003
999 1011
1002 1018
1006 1022
1017 1021
