0 52
0 55
0 99
0 213
0 214
0 231
0 251
0 254
0 299
0 427
0 462
0 555
0 573
0 605
0 611
0 642
0 655
0 779
0 809
0 871
0 948
1 107
1 188
1 197
1 232
1 244
1 312
1 313
1 393
1 407
1 415
1 536
1 547
1 594
1 849
1 938
2 13
2 111
2 112
2 442
2 482
2 539
2 547
2 857
2 920
3 138
3 148
3 203
3 335
3 401
3 664
3 702
3 762
3 775
3 776
3 832
4 83
4 103
4 114
4 128
4 158
4 169
4 191
4 208
4 283
4 319
4 344
4 486
4 536
4 734
4 740
4 795
4 837
4 864
4 979
5 40
5 67
5 123
5 142
5 277
5 317
5 356
5 540
5 560
5 604
5 639
5 655
5 657
5 744
5 757
5 826
5 865
5 882
5 1012
6 34
6 160
6 172
6 267
6 275
6 291
6 386
6 407
6 480
6 596
6 680
6 692
6 723
6 825
6 898
6 933
7 10
7 103
7 151
7 202
7 375
7 396
7 458
7 553
7 668
7 816
7 826
7 854
7 869
7 935
7 973
7 1000
8 25
8 149
8 202
8 243
8 309
8 321
8 338
8 456
8 459
8 526
8 740
8 961
8 999
9 14
9 71
9 73
9 110
9 258
9 371
9 463
9 532
9 594
9 730
9 813
9 839
9 965
10 49
10 88
10 124
10 132
10 203
10 294
10 314
10 355
10 375
10 387
10 469
10 516
10 529
10 545
10 588
10 612
10 703
10 710
10 722
10 767
10 846
10 853
10 886
10 913
10 1018
11 18
11 31
11 87
11 95
11 104
11 112
11 117
11 146
11 278
11 307
11 313
11 395
11 397
11 405
11 473
11 514
11 573
11 585
11 657
11 717
11 732
11 734
11 772
11 826
11 921
11 976
11 1005
12 25
12 142
12 163
12 310
12 340
12 509
12 536
12 593
12 646
12 671
12 716
12 767
12 848
12 956
12 1000
13 84
13 121
13 148
13 266
13 291
13 345
13 391
13 433
13 499
13 596
13 659
13 682
13 745
13 820
13 868
13 931
13 958
14 36
14 119
14 140
14 146
14 192
14 200
14 218
14 300
14 397
14 454
14 490
14 494
14 501
14 562
14 584
14 622
14 728
14 773
14 784
14 786
14 859
14 922
15 40
15 206
15 208
15 335
15 369
15 459
15 524
15 542
15 628
15 637
15 639
15 649
15 665
15 696
15 736
15 738
15 766
15 947
15 983
16 47
16 96
16 109
16 110
16 131
16 181
16 320
16 612
16 621
16 625
16 658
16 730
16 733
16 785
16 837
16 927
16 928
16 979
17 32
17 46
17 47
17 84
17 95
17 277
17 279
17 306
17 317
17 376
17 377
17 424
17 483
17 541
17 548
17 584
17 628
17 646
17 657
17 745
17 989
18 27
18 57
18 154
18 242
18 248
18 320
18 385
18 390
18 406
18 459
18 488
18 706
18 712
18 748
18 773
18 802
18 817
18 858
18 887
18 907
18 925
18 931
18 943
19 58
19 91
19 134
19 205
19 209
19 231
19 284
19 353
19 371
19 372
19 425
19 429
19 508
19 674
19 697
19 864
19 947
19 969
19 977
19 1002
20 49
20 50
20 133
20 239
20 381
20 416
20 448
20 455
20 502
20 646
20 706
20 746
20 776
20 797
20 851
20 946
20 965
21 25
21 139
21 158
21 172
21 231
21 320
21 383
21 450
21 478
21 588
21 596
21 681
21 694
21 712
21 726
21 743
21 804
21 894
21 1000
22 29
22 76
22 135
22 152
22 171
22 201
22 221
22 356
22 366
22 417
22 626
22 660
22 709
22 710
22 716
22 793
22 831
22 864
22 901
22 942
22 979
22 982
23 67
23 131
23 155
23 168
23 224
23 248
23 259
23 292
23 298
23 313
23 385
23 420
23 476
23 480
23 484
23 504
23 534
23 549
23 626
23 647
23 660
23 662
23 754
23 793
23 812
23 818
23 863
23 872
23 873
23 903
23 911
23 950
23 955
23 965
23 977
23 1002
24 63
24 99
24 101
24 173
24 202
24 317
24 327
24 418
24 430
24 477
24 552
24 618
24 671
24 680
24 738
24 744
24 762
24 766
24 852
24 890
25 29
25 128
25 134
25 187
25 253
25 262
25 306
25 329
25 348
25 406
25 412
25 413
25 424
25 546
25 563
25 704
25 706
25 707
25 754
25 910
25 917
25 954
25 960
25 984
26 150
26 176
26 208
26 231
26 288
26 330
26 334
26 351
26 377
26 428
26 466
26 645
26 722
26 825
26 858
26 876
26 915
26 952
26 977
27 185
27 189
27 241
27 358
27 374
27 418
27 435
27 463
27 682
27 767
27 778
27 787
27 869
27 939
28 59
28 154
28 158
28 208
28 272
28 312
28 375
28 451
28 484
28 505
28 538
28 581
28 619
28 670
28 694
28 725
28 754
28 822
28 911
28 952
29 53
29 75
29 88
29 138
29 189
29 220
29 277
29 290
29 354
29 368
29 460
29 524
29 801
29 862
29 919
29 920
29 939
30 95
30 101
30 133
30 201
30 245
30 389
30 414
30 550
30 565
30 658
30 744
30 797
30 926
30 939
30 976
30 999
30 1012
30 1017
31 36
31 80
31 106
31 131
31 249
31 254
31 284
31 398
31 399
31 422
31 449
31 530
31 543
31 549
31 611
31 769
31 814
31 832
31 892
31 964
31 990
31 1012
32 38
32 103
32 195
32 286
32 299
32 374
32 381
32 451
32 482
32 549
32 594
32 708
32 755
32 823
32 831
32 951
32 1016
32 1022
33 62
33 133
33 197
33 201
33 267
33 306
33 316
33 347
33 369
33 422
33 491
33 497
33 514
33 778
33 812
33 845
33 936
33 950
33 951
33 1011
33 1013
34 45
34 67
34 92
34 117
34 123
34 180
34 205
34 238
34 268
34 315
34 361
34 408
34 410
34 448
34 569
34 654
34 684
34 688
34 735
34 932
35 174
35 296
35 387
35 496
35 563
35 587
35 589
35 590
35 659
35 722
35 754
35 772
35 851
35 939
36 43
36 150
36 177
36 183
36 195
36 196
36 224
36 278
36 300
36 398
36 405
36 472
36 620
36 621
36 682
36 918
37 46
37 62
37 67
37 88
37 192
37 566
37 594
37 604
37 650
37 693
37 776
37 843
37 844
37 1001
37 1007
38 62
38 111
38 212
38 217
38 221
38 255
38 401
38 427
38 451
38 496
38 501
38 719
38 748
38 764
38 795
38 820
38 833
38 834
38 841
38 875
38 989
39 104
39 189
39 256
39 278
39 322
39 328
39 338
39 340
39 413
39 426
39 447
39 487
39 520
39 548
39 587
39 607
39 659
39 735
39 746
39 783
39 824
39 832
39 922
40 66
40 81
40 92
40 161
40 231
40 256
40 306
40 334
40 368
40 374
40 497
40 529
40 623
40 647
40 654
40 667
40 696
40 738
40 752
40 934
41 100
41 111
41 150
41 262
41 265
41 269
41 274
41 279
41 312
41 323
41 354
41 404
41 615
41 651
41 679
41 688
41 780
41 789
41 842
41 902
41 935
41 952
41 995
41 1020
42 61
42 110
42 131
42 172
42 262
42 356
42 473
42 560
42 616
42 683
42 693
42 733
42 758
42 762
42 794
42 804
42 846
42 907
43 61
43 67
43 82
43 224
43 262
43 326
43 430
43 528
43 539
43 706
43 765
43 789
43 883
43 915
43 979
43 997
44 85
44 93
44 148
44 156
44 211
44 295
44 319
44 372
44 392
44 402
44 444
44 544
44 617
44 760
44 897
44 978
45 56
45 75
45 101
45 111
45 208
45 228
45 266
45 288
45 292
45 333
45 448
45 449
45 540
45 551
45 609
45 663
45 709
45 722
45 968
45 1008
46 59
46 81
46 140
46 174
46 345
46 426
46 428
46 447
46 485
46 499
46 539
46 563
46 580
46 615
46 643
46 708
46 735
46 774
46 876
46 895
46 949
46 963
47 67
47 68
47 168
47 211
47 224
47 238
47 285
47 475
47 525
47 558
47 665
47 768
47 776
47 798
47 846
47 952
47 971
47 977
47 983
48 77
48 91
48 173
48 182
48 200
48 396
48 411
48 439
48 465
48 731
48 902
48 946
48 956
48 991
48 1018
49 254
49 350
49 398
49 416
49 442
49 461
49 488
49 489
49 545
49 611
49 698
49 705
49 827
49 929
49 957
49 967
49 970
50 61
50 106
50 197
50 203
50 232
50 260
50 276
50 309
50 353
50 355
50 479
50 591
50 601
50 665
50 672
50 684
50 687
50 706
50 722
50 743
50 777
50 811
50 838
50 902
50 982
50 1009
50 1011
51 72
51 164
51 171
51 185
51 223
51 260
51 262
51 311
51 332
51 400
51 420
51 496
51 552
51 554
51 598
51 604
51 631
51 695
51 734
51 737
51 779
51 780
51 798
51 899
51 967
51 972
51 983
52 84
52 158
52 166
52 239
52 298
52 308
52 316
52 370
52 471
52 472
52 481
52 526
52 528
52 631
52 662
52 1014
53 72
53 108
53 130
53 161
53 165
53 223
53 292
53 530
53 542
53 555
53 654
53 742
53 754
53 869
53 1016
54 113
54 282
54 316
54 324
54 388
54 457
54 576
54 608
54 692
54 821
54 833
54 861
54 981
54 1002
55 120
55 158
55 266
55 292
55 423
55 428
55 553
55 584
55 598
55 599
55 763
55 764
55 855
55 880
55 944
55 998
56 87
56 213
56 229
56 232
56 296
56 326
56 381
56 384
56 389
56 398
56 464
56 592
56 594
56 619
56 637
56 725
56 773
56 807
56 854
57 100
57 150
57 176
57 253
57 278
57 355
57 394
57 408
57 428
57 431
57 504
57 515
57 575
57 599
57 697
57 784
57 826
57 869
57 949
57 986
57 996
57 1018
58 90
58 125
58 143
58 160
58 252
58 255
58 264
58 351
58 447
58 511
58 590
58 663
58 778
58 826
58 835
59 89
59 99
59 142
59 165
59 232
59 257
59 323
59 383
59 403
59 419
59 427
59 438
59 462
59 484
59 502
59 540
59 682
59 829
59 843
59 947
59 1018
60 106
60 124
60 157
60 188
60 207
60 220
60 244
60 297
60 315
60 324
60 394
60 398
60 403
60 404
60 436
60 446
60 473
60 529
60 637
60 711
60 723
60 782
60 836
60 851
60 897
60 935
60 970
61 75
61 118
61 210
61 329
61 351
61 460
61 482
61 618
61 678
61 679
61 683
61 807
61 892
61 895
61 968
61 982
61 989
61 1016
62 107
62 181
62 182
62 262
62 475
62 478
62 549
62 574
62 602
62 609
62 758
62 867
62 904
62 930
62 1017
62 1023
63 83
63 130
63 204
63 223
63 298
63 315
63 328
63 371
63 396
63 405
63 515
63 560
63 570
63 614
63 672
63 720
63 723
63 827
63 851
63 915
63 983
63 998
64 87
64 243
64 279
64 315
64 360
64 402
64 577
64 687
64 727
64 743
64 801
64 817
64 830
64 837
64 909
64 979
65 133
65 196
65 203
65 435
65 598
65 642
65 668
65 709
65 740
65 810
65 841
65 866
66 95
66 96
66 140
66 156
66 162
66 273
66 297
66 479
66 481
66 486
66 567
66 578
66 594
66 604
66 621
66 627
66 718
66 744
66 783
66 817
66 958
66 969
66 983
67 94
67 104
67 120
67 128
67 166
67 205
67 319
67 400
67 440
67 442
67 473
67 477
67 571
67 593
67 745
67 790
67 886
67 888
67 923
67 967
67 971
67 975
68 108
68 109
68 116
68 178
68 246
68 270
68 384
68 424
68 525
68 537
68 543
68 666
68 676
68 753
68 853
68 872
68 881
68 923
68 1023
69 70
69 129
69 283
69 487
69 569
69 578
69 663
69 758
69 766
70 97
70 145
70 261
70 352
70 447
70 496
70 679
70 692
70 714
70 746
70 761
70 771
70 785
70 797
70 804
70 816
70 832
70 843
70 935
70 948
70 1006
70 1011
71 144
71 180
71 368
71 427
71 612
71 631
71 838
71 846
71 916
71 999
72 83
72 91
72 92
72 105
72 164
72 235
72 282
72 357
72 553
72 557
72 773
72 792
72 875
72 883
72 948
72 1022
73 325
73 369
73 396
73 430
73 436
73 465
73 477
73 487
73 567
73 646
73 649
73 683
73 685
73 780
73 820
73 858
73 879
73 990
73 993
73 1008
74 294
74 353
74 356
74 389
74 496
74 504
74 509
74 581
74 597
74 653
74 661
74 681
74 811
74 915
74 933
74 956
74 1011
75 87
75 147
75 203
75 233
75 256
75 383
75 415
75 453
75 506
75 575
75 666
75 701
75 789
75 833
75 892
75 952
76 165
76 238
76 372
76 401
76 468
76 478
76 480
76 495
76 501
76 503
76 519
76 523
76 555
76 613
76 853
76 871
76 973
76 1003
77 101
77 139
77 155
77 292
77 383
77 460
77 538
77 552
77 615
77 681
77 733
77 770
77 931
78 149
78 229
78 277
78 321
78 439
78 454
78 455
78 465
78 490
78 520
78 539
78 583
78 615
78 627
78 688
78 808
78 853
78 1017
79 150
79 152
79 224
79 235
79 358
79 418
79 500
79 605
79 609
79 659
79 702
79 746
79 813
79 814
79 822
79 1022
80 91
80 107
80 214
80 235
80 262
80 269
80 341
80 405
80 417
80 571
80 589
80 657
80 667
80 672
80 737
80 783
80 786
80 831
80 931
80 947
81 297
81 326
81 359
81 367
81 411
81 469
81 608
81 642
81 674
81 703
81 818
81 820
81 823
81 902
81 946
81 976
82 110
82 331
82 362
82 425
82 523
82 641
82 700
82 883
82 948
82 994
83 157
83 173
83 218
83 280
83 355
83 463
83 587
83 604
83 662
83 702
83 757
83 842
83 921
83 988
83 991
84 175
84 207
84 257
84 272
84 556
84 595
84 645
84 689
84 742
84 776
84 821
84 827
84 839
84 880
84 979
85 157
85 174
85 175
85 194
85 222
85 228
85 244
85 292
85 298
85 301
85 542
85 548
85 559
85 584
85 585
85 712
85 732
85 794
85 835
85 856
85 896
85 902
85 988
85 1008
86 99
86 346
86 352
86 364
86 416
86 458
86 542
86 575
86 641
86 673
86 686
86 852
86 854
86 866
86 958
86 968
87 149
87 168
87 189
87 328
87 400
87 499
87 565
87 592
87 681
87 704
87 797
87 834
87 859
87 875
87 899
87 914
88 241
88 265
88 272
88 311
88 448
88 578
88 599
88 606
88 621
88 626
88 948
89 116
89 134
89 149
89 244
89 260
89 285
89 317
89 430
89 575
89 638
89 649
89 669
89 701
90 133
90 184
90 238
90 328
90 346
90 349
90 350
90 376
90 455
90 578
90 582
90 710
90 724
90 760
90 854
90 922
90 942
90 984
91 213
91 265
91 268
91 279
91 300
91 342
91 384
91 434
91 485
91 504
91 622
91 643
91 644
91 758
91 761
91 854
91 891
92 147
92 155
92 186
92 257
92 332
92 369
92 376
92 403
92 422
92 525
92 529
92 614
92 635
92 663
92 750
92 783
92 994
93 100
93 259
93 307
93 374
93 498
93 750
93 806
93 827
93 871
93 876
94 97
94 175
94 198
94 211
94 270
94 277
94 323
94 339
94 391
94 465
94 491
94 504
94 603
94 654
94 669
94 685
94 732
94 833
94 846
94 848
94 912
94 921
94 928
94 947
94 972
94 983
95 125
95 189
95 192
95 215
95 219
95 233
95 287
95 291
95 313
95 483
95 506
95 579
95 714
95 717
95 750
95 763
95 801
95 806
95 818
95 897
95 984
96 177
96 179
96 208
96 209
96 214
96 371
96 389
96 400
96 418
96 523
96 531
96 557
96 679
96 681
96 687
96 691
96 700
96 758
96 865
97 289
97 379
97 410
97 432
97 487
97 527
97 538
97 685
97 767
97 768
97 783
97 807
97 906
98 135
98 173
98 262
98 303
98 384
98 415
98 436
98 553
98 621
98 625
98 675
98 739
98 879
99 121
99 129
99 158
99 232
99 294
99 393
99 414
99 531
99 552
99 598
99 610
99 674
99 708
99 723
99 775
99 832
99 863
99 996
100 135
100 142
100 157
100 206
100 280
100 285
100 338
100 352
100 470
100 595
100 602
100 880
100 947
101 103
101 107
101 195
101 256
101 314
101 358
101 395
101 397
101 398
101 406
101 422
101 431
101 544
101 597
101 641
101 784
101 858
101 877
101 911
101 941
101 957
101 977
101 1017
102 117
102 201
102 266
102 451
102 484
102 512
102 725
102 749
102 781
102 860
102 883
102 895
102 941
102 1008
103 189
103 223
103 274
103 328
103 333
103 468
103 557
103 604
103 621
103 633
103 752
104 189
104 238
104 361
104 399
104 444
104 445
104 536
104 714
104 726
104 783
104 799
104 880
104 980
105 106
105 254
105 262
105 266
105 332
105 347
105 449
105 459
105 493
105 504
105 543
105 546
105 559
105 642
105 645
105 676
105 735
105 783
105 837
105 918
106 133
106 220
106 281
106 299
106 401
106 523
106 532
106 541
106 549
106 590
106 654
106 674
106 690
106 735
106 767
106 869
106 932
107 135
107 176
107 208
107 278
107 283
107 296
107 356
107 435
107 451
107 466
107 524
107 553
107 608
107 657
107 782
107 879
107 939
107 981
107 1000
108 115
108 126
108 193
108 246
108 280
108 413
108 429
108 446
108 473
108 601
108 633
108 638
108 744
108 762
108 815
108 866
108 908
109 151
109 173
109 207
109 369
109 456
109 498
109 634
109 684
109 694
109 778
109 782
109 825
109 827
109 838
109 888
110 217
110 316
110 318
110 380
110 387
110 507
110 533
110 624
110 690
110 731
110 818
110 971
111 115
111 142
111 394
111 409
111 420
111 446
111 472
111 632
111 684
111 884
111 935
111 954
111 957
112 242
112 297
112 336
112 337
112 360
112 466
112 497
112 499
112 567
112 754
112 787
112 788
112 823
112 984
112 1004
113 123
113 228
113 251
113 445
113 473
113 496
113 498
113 523
113 555
113 579
113 590
113 611
113 630
113 678
113 682
113 727
113 743
113 790
113 822
113 843
113 961
113 1007
113 1014
114 267
114 343
114 454
114 568
114 577
114 650
114 731
114 792
114 793
114 802
114 899
115 165
115 181
115 207
115 210
115 212
115 220
115 242
115 275
115 362
115 370
115 378
115 451
115 464
115 491
115 501
115 504
115 605
115 637
115 663
115 665
115 676
115 797
115 816
115 867
115 937
115 956
115 987
116 130
116 347
116 364
116 433
116 482
116 489
116 490
116 565
116 613
116 615
116 696
116 783
116 793
116 817
116 931
116 942
116 946
117 230
117 235
117 312
117 423
117 441
117 561
117 587
117 645
117 677
117 768
117 781
117 862
117 908
117 967
118 172
118 188
118 343
118 371
118 383
118 421
118 429
118 434
118 440
118 658
118 679
118 717
118 726
118 837
118 870
118 917
118 964
119 122
119 181
119 206
119 240
119 273
119 287
119 291
119 312
119 411
119 437
119 491
119 511
119 525
119 540
119 688
119 730
119 753
119 765
119 803
119 868
119 887
119 976
120 299
120 346
120 384
120 524
120 540
120 634
120 689
120 751
120 893
120 907
120 1013
121 232
121 412
121 446
121 459
121 465
121 593
121 618
121 808
121 833
121 870
121 935
122 133
122 160
122 162
122 164
122 217
122 233
122 266
122 350
122 462
122 496
122 630
122 649
122 813
122 851
122 878
122 977
122 996
122 1012
123 163
123 167
123 249
123 334
123 473
123 585
123 623
123 645
123 666
123 729
123 822
123 840
123 873
123 898
123 953
123 1007
124 171
124 186
124 292
124 316
124 319
124 355
124 546
124 562
124 565
124 612
124 633
124 737
124 747
124 810
124 864
124 924
125 155
125 206
125 218
125 360
125 526
125 599
125 613
125 617
125 711
125 724
125 782
125 957
125 972
125 999
126 244
126 350
126 382
126 402
126 750
126 788
126 841
126 881
126 926
126 943
126 1014
127 131
127 154
127 188
127 189
127 292
127 476
127 606
127 793
127 884
127 945
127 996
128 193
128 196
128 251
128 334
128 385
128 391
128 466
128 484
128 519
128 534
128 633
128 772
128 789
129 261
129 326
129 358
129 494
129 521
129 574
129 590
129 597
129 644
129 672
129 685
129 715
129 724
129 755
129 777
129 780
129 874
129 900
129 907
129 967
129 1007
130 131
130 150
130 209
130 211
130 247
130 344
130 408
130 424
130 554
130 671
130 737
130 782
130 791
130 816
130 842
130 866
130 876
130 883
130 978
130 1018
131 181
131 254
131 276
131 295
131 370
131 472
131 609
131 642
131 687
131 820
131 923
131 965
131 993
132 187
132 228
132 265
132 284
132 475
132 585
132 587
132 609
132 690
132 936
132 979
133 195
133 260
133 365
133 366
133 400
133 438
133 457
133 584
133 610
133 668
133 682
133 699
133 764
133 835
133 856
133 878
133 920
133 951
133 1007
134 154
134 253
134 314
134 349
134 381
134 429
134 434
134 439
134 586
134 665
134 666
134 694
134 748
134 758
134 792
134 857
134 873
134 879
134 933
134 958
135 140
135 142
135 226
135 247
135 307
135 348
135 350
135 370
135 500
135 580
135 653
135 654
135 660
135 720
135 786
135 787
135 845
135 862
135 1008
136 150
136 202
136 233
136 344
136 416
136 452
136 498
136 503
136 567
136 623
136 634
136 735
136 866
136 902
136 908
137 192
137 336
137 552
137 559
137 679
137 717
137 867
137 915
137 922
137 938
137 1003
137 1016
138 161
138 162
138 227
138 232
138 285
138 311
138 315
138 317
138 352
138 410
138 443
138 503
138 593
138 611
138 670
138 708
138 711
138 854
138 923
138 929
138 1000
139 146
139 155
139 192
139 294
139 303
139 337
139 370
139 588
139 612
139 643
139 698
139 710
139 722
139 779
139 794
139 799
139 846
139 853
139 953
139 997
140 163
140 206
140 223
140 313
140 366
140 376
140 431
140 464
140 514
140 538
140 669
140 689
140 726
140 819
140 861
140 875
140 945
140 951
140 989
140 1009
141 346
141 353
141 355
141 426
141 462
141 468
141 651
141 678
141 679
141 739
141 746
141 849
142 183
142 201
142 229
142 242
142 396
142 492
142 525
142 711
142 726
142 742
142 805
142 832
142 852
142 875
142 880
142 920
142 945
142 963
143 155
143 210
143 339
143 418
143 472
143 547
143 613
143 661
143 727
143 789
143 913
143 941
144 167
144 196
144 539
144 569
144 619
144 624
144 636
144 695
144 733
144 821
144 870
144 989
145 167
145 200
145 218
145 227
145 234
145 254
145 277
145 297
145 315
145 353
145 356
145 364
145 449
145 594
145 616
145 638
145 688
145 1016
146 149
146 203
146 237
146 246
146 364
146 405
146 447
146 502
146 528
146 744
146 820
146 869
146 880
146 886
146 904
146 930
146 934
147 155
147 251
147 256
147 369
147 499
147 514
147 515
147 542
147 573
147 627
147 655
147 680
147 819
147 831
147 835
147 843
147 1017
148 266
148 297
148 298
148 388
148 406
148 431
148 465
148 482
148 485
148 541
148 582
148 640
148 726
148 758
148 801
148 851
148 918
148 933
148 960
148 995
148 1016
149 214
149 243
149 259
149 265
149 359
149 363
149 365
149 369
149 409
149 485
149 547
149 568
149 597
149 720
149 771
149 941
149 986
150 196
150 249
150 252
150 336
150 396
150 447
150 542
150 599
150 690
150 692
150 744
150 755
150 801
150 808
150 884
150 904
150 929
150 952
151 179
151 232
151 238
151 429
151 438
151 474
151 482
151 507
151 602
151 613
151 654
151 657
151 948
151 971
151 1001
152 168
152 189
152 253
152 400
152 469
152 480
152 514
152 655
152 692
152 849
152 906
152 952
152 997
152 1014
152 1015
153 167
153 173
153 218
153 399
153 408
153 457
153 495
153 679
153 710
153 764
153 765
153 788
153 853
153 934
153 1020
154 164
154 192
154 318
154 395
154 466
154 474
154 568
154 705
154 773
154 778
154 819
154 831
154 1014
155 290
155 395
155 487
155 514
155 546
155 548
155 559
155 625
155 677
155 718
155 803
155 818
155 842
155 849
155 872
155 900
155 932
155 1023
156 170
156 209
156 295
156 457
156 465
156 545
156 621
156 701
156 702
156 721
156 776
156 851
156 869
156 880
156 897
156 963
156 983
157 190
157 245
157 325
157 347
157 420
157 455
157 481
157 492
157 496
157 514
157 569
157 576
157 638
157 639
157 660
157 688
157 738
157 771
157 897
157 923
157 991
158 175
158 177
158 236
158 276
158 378
158 448
158 654
158 731
158 746
158 747
158 825
158 848
158 918
158 931
158 970
158 981
158 987
159 181
159 204
159 260
159 278
159 538
159 608
159 618
159 658
159 703
159 908
159 914
159 917
159 991
160 178
160 188
160 192
160 235
160 240
160 407
160 410
160 412
160 553
160 573
160 641
160 661
160 663
160 695
160 750
160 808
160 866
161 171
161 174
161 188
161 216
161 290
161 301
161 505
161 672
161 823
161 836
161 879
162 228
162 378
162 504
162 590
162 619
162 743
162 921
162 928
162 1017
163 196
163 229
163 256
163 283
163 350
163 417
163 419
163 574
163 599
163 619
163 626
163 675
163 687
163 752
163 777
163 813
163 869
163 918
163 919
163 980
163 1003
164 215
164 305
164 321
164 393
164 456
164 477
164 638
164 668
164 710
164 820
165 251
165 272
165 281
165 284
165 292
165 351
165 448
165 449
165 455
165 608
165 684
165 730
165 734
165 908
165 929
165 935
165 961
166 500
166 533
166 667
166 792
166 840
166 877
167 198
167 207
167 297
167 391
167 525
167 618
167 674
167 727
167 763
167 772
167 786
167 814
167 838
167 895
167 921
167 941
167 962
167 965
168 187
168 188
168 210
168 262
168 314
168 328
168 365
168 450
168 643
168 658
168 675
168 699
168 711
168 718
168 778
168 808
168 866
169 175
169 224
169 290
169 368
169 374
169 416
169 569
169 668
169 788
169 816
169 904
169 939
169 1023
170 184
170 279
170 286
170 338
170 462
170 482
170 492
170 633
170 707
170 790
170 809
170 842
170 891
170 960
170 983
170 989
170 1009
171 186
171 207
171 224
171 295
171 336
171 387
171 446
171 543
171 678
171 734
171 881
171 893
171 899
171 911
171 940
171 957
171 992
171 1013
172 322
172 355
172 365
172 486
172 514
172 518
172 566
172 575
172 602
172 732
172 844
172 866
172 997
173 186
173 189
173 201
173 235
173 307
173 332
173 338
173 371
173 413
173 441
173 573
173 596
173 699
173 773
173 801
173 934
173 974
174 194
174 234
174 291
174 293
174 355
174 386
174 468
174 481
174 515
174 533
174 540
174 635
174 636
174 676
174 689
174 746
174 783
174 811
174 822
174 826
174 877
174 891
174 922
174 1013
175 240
175 246
175 339
175 342
175 353
175 382
175 390
175 439
175 482
175 507
175 578
175 664
175 703
175 708
175 769
175 792
175 864
175 945
175 956
175 983
175 1010
176 181
176 192
176 239
176 285
176 320
176 450
176 484
176 552
176 664
176 824
176 882
176 959
176 967
177 263
177 400
177 481
177 492
177 566
177 600
177 625
177 698
177 727
177 754
177 815
177 889
177 920
177 1008
178 223
178 266
178 312
178 345
178 395
178 443
178 519
178 520
178 535
178 620
178 656
178 663
178 703
178 875
178 889
178 907
179 264
179 265
179 317
179 454
179 467
179 476
179 566
179 621
179 630
179 641
179 661
179 779
179 783
179 854
179 870
179 891
179 952
179 1022
180 204
180 324
180 341
180 348
180 470
180 555
180 635
180 736
180 784
180 791
180 826
180 851
180 923
180 985
180 989
180 1023
181 239
181 286
181 311
181 348
181 540
181 560
181 563
181 613
181 642
181 677
181 695
181 701
181 758
181 773
181 811
181 817
181 861
181 891
181 901
181 975
182 334
182 562
182 667
182 677
182 792
182 801
182 812
182 827
182 834
182 910
182 911
182 964
183 312
183 331
183 431
183 461
183 485
183 528
183 555
183 606
183 648
183 800
183 860
183 915
183 947
183 1015
184 234
184 260
184 280
184 339
184 377
184 413
184 456
184 479
184 627
184 793
184 963
184 1014
185 189
185 406
185 511
185 614
185 703
185 740
185 793
185 817
185 834
185 875
185 926
186 232
186 237
186 495
186 540
186 550
186 597
186 632
186 681
186 694
186 696
186 726
186 733
186 830
186 844
186 873
186 904
186 924
186 945
187 199
187 331
187 385
187 397
187 417
187 499
187 551
187 574
187 598
187 613
187 656
187 661
187 695
187 704
187 727
187 873
187 920
187 930
187 947
187 974
187 991
188 217
188 294
188 300
188 343
188 447
188 597
188 644
188 686
188 691
188 902
188 935
188 1005
189 194
189 265
189 419
189 472
189 488
189 496
189 516
189 544
189 594
189 611
189 810
189 821
189 948
189 951
189 957
190 198
190 205
190 265
190 347
190 463
190 592
190 613
190 702
190 791
190 892
190 923
190 935
190 946
191 192
191 209
191 227
191 235
191 266
191 339
191 433
191 505
191 509
191 523
191 541
191 554
191 568
191 721
191 829
191 887
191 907
191 915
191 933
191 977
192 244
192 245
192 262
192 309
192 477
192 498
192 554
192 657
192 674
192 694
192 704
192 910
192 950
192 960
192 994
193 205
193 303
193 386
193 396
193 415
193 430
193 589
193 610
193 666
193 693
193 825
193 889
194 242
194 244
194 261
194 315
194 351
194 383
194 444
194 545
194 560
194 569
194 769
194 917
194 931
194 937
195 212
195 214
195 475
195 611
195 682
195 710
195 711
195 744
195 800
195 803
195 962
196 205
196 208
196 276
196 291
196 345
196 551
196 700
196 731
196 906
196 923
196 1004
197 234
197 291
197 416
197 456
197 459
197 479
197 574
197 634
197 646
197 981
197 1017
198 239
198 355
198 362
198 487
198 509
198 528
198 541
198 570
198 604
198 696
198 841
198 891
198 897
198 966
198 992
198 1006
199 230
199 238
199 241
199 273
199 450
199 457
199 459
199 515
199 650
199 652
199 718
199 812
199 816
199 891
199 916
199 943
199 952
200 226
200 337
200 352
200 383
200 418
200 419
200 423
200 471
200 521
200 528
200 617
200 707
200 771
200 820
200 824
201 203
201 290
201 402
201 429
201 433
201 439
201 485
201 487
201 592
201 770
201 805
201 833
201 873
201 1005
202 204
202 225
202 234
202 285
202 548
202 629
202 637
202 831
202 927
203 269
203 276
203 372
203 373
203 501
203 510
203 529
203 563
203 584
203 588
203 601
203 645
203 649
203 672
203 728
203 739
203 792
203 884
203 899
203 959
203 981
204 445
204 487
204 498
204 515
204 534
204 574
204 599
204 670
204 699
204 706
204 763
204 830
204 875
204 894
204 909
205 213
205 219
205 332
205 333
205 360
205 381
205 421
205 429
205 481
205 636
205 654
205 659
205 795
205 802
205 882
205 896
205 938
205 951
206 347
206 437
206 467
206 470
206 508
206 584
206 663
206 688
206 728
206 735
206 807
206 812
206 898
206 900
206 925
206 931
206 963
206 989
207 242
207 251
207 287
207 315
207 351
207 373
207 419
207 513
207 520
207 522
207 527
207 562
207 595
207 621
207 719
207 779
207 807
207 819
207 927
207 967
207 1001
208 232
208 244
208 253
208 276
208 277
208 324
208 388
208 431
208 436
208 452
208 480
208 490
208 491
208 499
208 517
208 545
208 631
208 690
208 717
208 787
208 928
209 285
209 357
209 399
209 415
209 451
209 598
209 670
209 832
209 919
209 939
209 1021
210 264
210 300
210 352
210 387
210 462
210 480
210 614
210 633
210 639
210 666
210 680
210 716
210 790
210 828
210 843
210 898
210 958
210 995
211 286
211 357
211 422
211 428
211 509
211 530
211 538
211 556
211 612
211 714
211 723
211 830
211 898
211 992
212 418
212 510
212 537
212 552
212 567
212 599
212 639
212 659
212 679
212 724
212 753
212 784
212 816
212 885
212 919
212 964
212 1010
213 316
213 432
213 464
213 485
213 532
213 535
213 567
213 706
213 804
213 914
213 1007
213 1012
214 257
214 314
214 374
214 440
214 442
214 482
214 487
214 500
214 503
214 539
214 720
214 748
214 755
214 757
214 773
214 776
214 795
214 809
214 827
214 835
214 933
214 946
214 969
214 970
214 992
214 1015
214 1020
215 375
215 428
215 514
215 539
215 551
215 668
215 684
215 701
215 721
215 820
215 848
215 879
215 916
215 923
216 245
216 247
216 456
216 573
216 743
216 760
216 879
216 898
216 936
216 956
217 264
217 291
217 427
217 505
217 581
217 643
217 866
217 877
217 988
218 255
218 334
218 375
218 385
218 391
218 396
218 422
218 463
218 672
218 675
218 688
218 870
218 919
218 970
218 986
219 239
219 444
219 671
219 684
219 755
219 792
219 822
219 857
219 1012
220 242
220 318
220 321
220 334
220 376
220 397
220 420
220 434
220 450
220 457
220 499
220 547
220 608
220 655
220 691
220 716
220 782
220 811
220 836
220 885
221 435
221 498
221 524
221 571
221 610
221 670
221 719
221 730
221 826
221 917
221 923
221 955
221 994
222 237
222 266
222 359
222 368
222 384
222 536
222 541
222 684
222 767
222 770
222 788
222 803
222 867
222 896
222 925
223 232
223 320
223 472
223 497
223 537
223 649
223 723
223 879
223 892
223 898
223 949
223 976
223 981
223 1016
224 406
224 565
224 600
224 607
224 643
224 648
224 664
224 669
224 720
224 772
224 780
224 828
224 832
224 871
224 919
224 939
225 269
225 271
225 328
225 383
225 384
225 390
225 401
225 441
225 567
225 608
225 752
225 794
225 808
225 836
225 846
225 1021
225 1022
226 261
226 371
226 407
226 466
226 489
226 647
226 691
226 813
226 923
226 953
226 985
227 237
227 253
227 348
227 368
227 409
227 437
227 470
227 484
227 650
227 794
227 865
227 882
227 1007
228 234
228 301
228 360
228 416
228 453
228 482
228 549
228 583
228 751
228 891
228 967
228 999
229 272
229 377
229 422
229 430
229 496
229 581
229 631
229 714
229 733
229 739
229 806
229 943
230 352
230 360
230 480
230 547
230 739
230 741
230 803
230 858
230 918
231 318
231 330
231 359
231 373
231 391
231 499
231 533
231 575
231 584
231 670
231 676
231 702
231 733
231 775
231 815
231 824
231 882
232 283
232 289
232 406
232 415
232 442
232 455
232 609
232 624
232 721
232 737
232 743
232 761
232 818
232 927
232 944
232 946
232 995
233 278
233 376
233 388
233 620
233 677
233 757
233 846
233 871
233 875
234 288
234 392
234 475
234 496
234 499
234 523
234 598
234 617
234 632
234 756
234 829
234 946
235 249
235 251
235 256
235 366
235 371
235 470
235 570
235 641
235 721
235 755
235 779
235 785
235 820
235 859
235 871
235 989
236 252
236 336
236 523
236 590
236 716
236 749
236 840
236 975
237 275
237 388
237 499
237 519
237 694
237 697
237 859
237 873
237 884
237 888
237 891
237 952
237 961
238 277
238 286
238 349
238 387
238 390
238 411
238 507
238 581
238 627
238 932
238 955
238 1023
239 264
239 303
239 376
239 440
239 560
239 566
239 745
239 825
239 920
239 928
239 942
239 997
240 250
240 342
240 349
240 508
240 718
240 723
240 812
240 906
240 964
240 991
240 1001
241 263
241 392
241 394
241 421
241 646
241 700
241 716
241 743
241 754
241 778
241 808
241 873
241 887
241 935
241 938
241 953
241 984
241 995
242 437
242 469
242 860
242 862
242 865
242 940
242 979
242 1008
243 379
243 423
243 638
243 645
243 818
243 875
243 932
243 1006
243 1009
244 261
244 270
244 348
244 490
244 760
244 773
244 819
244 871
244 948
245 279
245 333
245 352
245 420
245 441
245 458
245 469
245 604
245 655
245 747
245 787
245 812
245 958
245 962
245 990
246 309
246 331
246 335
246 383
246 455
246 469
246 511
246 518
246 566
246 652
246 714
246 746
246 818
246 832
246 890
246 922
246 923
246 924
247 288
247 315
247 344
247 395
247 430
247 553
247 555
247 621
247 672
247 785
247 849
247 910
247 986
248 288
248 385
248 490
248 511
248 513
248 611
248 913
248 917
248 954
248 973
249 262
249 317
249 355
249 362
249 363
249 386
249 503
249 562
249 699
249 715
249 718
249 761
249 772
249 950
249 955
250 268
250 398
250 405
250 459
250 633
250 763
250 806
250 878
250 919
250 976
250 1023
251 257
251 270
251 310
251 388
251 634
251 660
251 715
251 724
251 741
251 758
251 847
251 848
251 854
251 861
252 321
252 420
252 571
252 604
252 688
252 795
252 802
252 804
252 825
252 829
252 899
252 966
252 971
252 992
253 287
253 310
253 321
253 444
253 460
253 474
253 477
253 652
253 737
253 796
253 825
253 828
253 836
253 927
253 1022
254 262
254 295
254 330
254 406
254 446
254 512
254 579
254 612
254 635
254 731
254 753
254 812
254 848
254 958
255 262
255 295
255 345
255 453
255 461
255 474
255 516
255 653
255 735
255 741
255 763
255 794
255 802
255 820
255 831
255 843
255 850
255 858
255 899
255 955
256 263
256 287
256 296
256 315
256 350
256 410
256 589
256 632
256 660
256 674
256 728
256 784
256 818
256 823
256 954
256 962
257 262
257 320
257 646
257 830
257 942
257 969
258 338
258 346
258 370
258 428
258 429
258 450
258 482
258 534
258 683
258 807
258 841
258 876
258 952
258 996
258 1011
259 319
259 373
259 392
259 456
259 509
259 535
259 562
259 566
259 619
259 648
259 653
259 728
259 782
259 911
260 301
260 302
260 310
260 467
260 547
260 595
260 669
260 768
260 785
260 882
261 273
261 314
261 413
261 445
261 474
261 479
261 556
261 593
261 597
261 743
261 772
261 796
261 843
261 917
261 959
262 269
262 302
262 368
262 407
262 408
262 504
262 538
262 539
262 665
262 692
262 696
262 775
262 870
262 895
262 946
262 949
263 314
263 348
263 462
263 481
263 521
263 642
263 674
263 703
263 815
263 966
263 969
264 336
264 434
264 452
264 488
264 503
264 615
264 640
264 667
264 700
264 712
264 732
264 858
264 894
264 917
264 919
264 983
265 361
265 428
265 459
265 516
265 614
265 655
265 766
265 836
265 839
265 846
265 869
265 901
265 954
265 959
266 292
266 329
266 389
266 422
266 528
266 585
266 675
266 708
266 809
266 822
266 907
266 985
267 318
267 344
267 347
267 366
267 396
267 401
267 500
267 568
267 570
267 577
267 637
267 681
267 764
267 766
267 820
267 835
267 892
267 919
267 943
267 965
267 988
267 1009
268 297
268 341
268 369
268 805
268 935
268 965
269 303
269 304
269 306
269 315
269 524
269 543
269 553
269 572
269 621
269 627
269 631
269 691
269 721
269 731
269 789
269 813
269 814
269 865
269 964
270 336
270 360
270 370
270 381
270 437
270 520
270 527
270 538
270 550
270 670
270 674
270 696
270 820
270 821
270 910
271 333
271 431
271 451
271 563
271 574
271 653
271 718
271 726
271 746
271 750
271 789
271 823
271 830
271 833
271 884
271 897
271 937
272 341
272 357
272 438
272 494
272 500
272 603
272 668
272 688
272 852
272 876
272 1015
273 317
273 319
273 329
273 479
273 486
273 517
273 618
273 636
273 672
273 695
273 722
273 726
273 772
273 869
273 908
273 914
274 276
274 314
274 364
274 425
274 456
274 491
274 571
274 730
274 796
274 875
274 920
274 955
275 303
275 308
275 458
275 533
275 583
275 747
275 783
275 798
275 801
275 826
275 921
275 986
276 310
276 400
276 457
276 461
276 481
276 494
276 539
276 564
276 567
276 699
276 729
276 741
276 814
276 834
276 909
277 333
277 351
277 436
277 453
277 572
277 767
277 816
277 907
278 453
278 468
278 477
278 532
278 585
278 616
278 622
278 742
278 763
278 791
278 804
278 822
278 862
278 936
278 939
278 945
278 949
279 343
279 424
279 524
279 555
279 595
279 804
279 888
279 959
279 968
279 994
279 997
280 336
280 466
280 597
280 621
280 647
280 690
280 748
280 761
280 791
280 830
280 854
280 870
280 914
280 946
280 1013
280 1016
281 319
281 359
281 363
281 457
281 563
281 649
281 673
281 804
281 828
281 849
281 896
281 948
281 965
281 1012
282 288
282 312
282 319
282 339
282 369
282 403
282 494
282 639
282 644
282 693
282 697
282 793
282 840
282 848
282 894
282 938
282 990
282 1002
283 314
283 316
283 449
283 587
283 681
283 767
283 973
283 1004
284 302
284 380
284 446
284 485
284 522
284 594
284 609
284 905
284 1023
285 310
285 375
285 442
285 620
285 680
285 727
285 774
285 850
285 851
285 969
285 975
285 989
285 994
285 999
286 340
286 342
286 375
286 381
286 405
286 498
286 533
286 608
286 667
286 878
286 883
287 303
287 358
287 446
287 489
287 593
287 779
287 968
287 999
288 314
288 435
288 470
288 569
288 624
288 644
288 725
288 757
288 789
289 309
289 312
289 337
289 424
289 460
289 509
289 771
289 807
289 809
289 815
289 854
289 856
289 898
289 905
289 913
289 916
289 959
289 973
290 354
290 410
290 462
290 558
290 581
290 781
290 880
290 980
291 307
291 323
291 331
291 394
291 431
291 440
291 470
291 561
291 595
291 649
291 694
291 817
291 875
291 917
291 921
291 925
291 949
291 1021
292 304
292 440
292 480
292 493
292 541
292 572
292 657
292 793
292 804
292 892
292 898
292 978
293 345
293 376
293 381
293 584
293 664
293 781
293 800
293 841
293 852
293 882
293 914
293 946
293 991
294 368
294 656
294 730
294 778
294 892
294 905
294 996
295 479
295 493
295 510
295 568
295 638
295 779
295 886
295 955
295 958
296 452
296 638
296 661
296 867
296 881
297 321
297 322
297 399
297 585
297 596
297 624
297 632
297 633
297 776
297 786
297 802
297 842
297 847
297 880
297 882
297 902
297 910
297 926
297 945
297 973
298 305
298 326
298 350
298 374
298 422
298 502
298 551
298 580
298 613
298 716
298 765
298 768
298 775
298 784
298 793
298 877
298 897
298 994
299 413
299 461
299 519
299 578
299 638
299 685
299 809
299 823
299 828
299 845
299 852
299 880
299 950
300 316
300 454
300 490
300 579
300 585
300 609
300 738
300 744
300 754
300 814
300 855
300 886
300 940
300 1010
301 340
301 397
301 398
301 452
301 536
301 585
301 624
301 660
301 736
301 921
301 934
301 978
302 343
302 380
302 394
302 624
302 628
302 655
302 678
302 732
302 761
302 774
302 794
302 810
302 824
302 887
302 946
302 995
303 330
303 338
303 399
303 486
303 529
303 557
303 678
303 763
303 870
303 933
303 955
303 1023
304 424
304 549
304 611
304 631
304 655
304 699
304 754
304 898
304 937
305 318
305 401
305 433
305 537
305 612
305 631
305 650
305 693
305 698
305 708
305 805
305 808
305 813
305 893
305 915
305 1013
306 399
306 533
306 603
306 651
306 663
306 812
306 830
306 832
306 848
306 857
306 892
306 903
306 945
306 989
306 996
306 1015
307 348
307 383
307 397
307 455
307 560
307 570
307 596
307 627
307 739
307 783
307 840
307 851
307 934
307 949
307 970
307 981
307 992
307 1008
308 314
308 348
308 367
308 457
308 531
308 570
308 682
308 693
308 883
308 944
308 979
309 333
309 346
309 374
309 409
309 526
309 528
309 532
309 586
309 602
309 626
309 855
309 891
309 928
309 942
309 985
310 378
310 407
310 589
310 625
310 677
310 715
310 726
310 735
310 757
310 914
310 923
310 1000
310 1012
311 369
311 424
311 482
311 631
311 771
311 788
311 804
311 925
312 321
312 406
312 425
312 444
312 448
312 471
312 484
312 611
312 625
312 697
312 850
312 867
312 927
312 929
312 989
312 1023
313 436
313 566
313 575
313 602
313 630
313 682
313 851
313 979
314 444
314 515
314 529
314 553
314 595
314 613
314 616
314 773
314 827
314 925
314 928
314 955
314 979
314 1022
315 333
315 392
315 541
315 600
315 630
315 644
315 681
315 690
315 816
315 969
316 362
316 369
316 417
316 433
316 525
316 542
316 623
316 640
316 680
316 783
316 869
316 978
317 400
317 407
317 434
317 443
317 475
317 517
317 637
317 668
317 727
317 1008
318 353
318 380
318 605
318 685
318 698
318 915
318 957
318 967
318 998
319 380
319 459
319 470
319 497
319 574
319 578
319 601
319 630
319 671
319 713
319 780
319 782
319 861
319 911
319 964
319 971
319 1018
320 426
320 434
320 448
320 471
320 548
320 582
320 584
320 663
320 680
320 702
320 758
320 795
320 799
320 834
320 973
320 1019
321 341
321 446
321 448
321 580
321 759
321 820
321 823
322 329
322 353
322 393
322 479
322 536
322 579
322 663
322 719
322 767
322 812
322 869
322 882
323 409
323 420
323 542
323 557
323 581
323 586
323 591
323 593
323 654
323 668
323 696
323 715
323 763
323 799
323 807
323 816
323 845
323 867
323 932
323 966
323 1005
324 375
324 561
324 609
324 630
324 667
324 677
324 701
324 726
324 798
324 886
324 914
324 920
324 953
324 990
325 373
325 411
325 440
325 450
325 522
325 549
325 580
325 638
325 673
325 685
325 739
325 746
325 863
325 907
325 929
326 365
326 446
326 485
326 558
326 589
326 630
326 642
326 714
326 825
327 328
327 346
327 381
327 386
327 391
327 428
327 505
327 575
327 625
327 760
327 830
327 920
327 939
327 949
327 981
327 996
328 385
328 394
328 402
328 420
328 546
328 746
328 778
328 1022
329 335
329 528
329 545
329 661
329 701
329 724
329 730
329 743
329 783
329 875
329 889
329 904
329 933
329 954
329 957
329 1012
330 373
330 518
330 543
330 695
330 841
330 887
330 902
330 945
330 1002
331 335
331 400
331 491
331 576
331 597
331 659
331 756
331 783
331 811
331 823
331 871
331 976
331 998
331 1010
332 457
332 508
332 515
332 580
332 659
332 778
332 845
332 915
332 927
333 346
333 381
333 426
333 490
333 505
333 530
333 614
333 622
333 690
333 811
333 863
334 405
334 410
334 429
334 439
334 589
334 602
334 625
334 652
334 729
334 731
334 759
334 891
334 998
335 378
335 385
335 481
335 484
335 491
335 533
335 542
335 567
335 582
335 725
335 813
335 882
336 437
336 470
336 474
336 480
336 481
336 514
336 515
336 544
336 561
336 601
336 775
336 787
336 878
336 961
337 390
337 425
337 446
337 466
337 471
337 507
337 603
337 664
337 717
337 722
337 724
337 751
337 812
337 846
337 942
337 987
337 998
338 365
338 391
338 420
338 526
338 537
338 544
338 620
338 677
338 752
338 763
338 837
338 903
338 954
338 969
338 983
338 990
339 527
339 529
339 550
339 653
339 738
339 751
339 755
339 838
339 861
339 900
340 355
340 403
340 411
340 420
340 604
340 849
340 974
340 985
340 1016
341 435
341 442
341 513
341 540
341 559
341 630
341 716
341 723
341 762
341 809
341 830
341 859
341 961
342 385
342 406
342 470
342 481
342 490
342 521
342 699
342 764
342 795
342 860
342 980
342 1002
343 443
343 451
343 460
343 565
343 611
343 687
343 752
343 764
343 819
343 842
343 920
343 952
344 359
344 425
344 442
344 462
344 576
344 597
344 727
344 954
344 1000
345 459
345 575
345 624
345 728
345 829
345 833
345 834
345 888
345 943
346 366
346 375
346 496
346 625
346 640
346 675
346 718
346 723
346 810
346 851
346 903
346 967
346 1012
346 1022
347 575
347 686
347 780
347 785
347 838
347 872
347 902
347 948
348 404
348 466
348 474
348 496
348 599
348 679
348 900
348 927
348 952
349 417
349 422
349 430
349 483
349 503
349 777
349 830
349 856
349 865
349 911
349 925
349 1008
350 366
350 476
350 486
350 523
350 568
350 624
350 655
350 702
350 708
350 737
350 761
350 922
350 927
350 1012
351 363
351 385
351 434
351 443
351 661
351 665
351 667
351 693
351 744
351 815
351 916
351 919
351 940
351 978
351 1019
352 369
352 471
352 485
352 527
352 543
352 676
352 779
352 787
352 913
352 943
352 949
352 990
353 391
353 396
353 448
353 452
353 485
353 794
353 859
353 863
353 935
354 356
354 392
354 404
354 437
354 438
354 450
354 468
354 491
354 492
354 581
354 621
354 623
354 658
354 680
354 694
354 715
354 717
354 749
354 780
354 845
354 886
354 891
354 929
354 986
355 362
355 408
355 603
355 666
355 685
355 943
355 985
356 427
356 554
356 658
356 671
356 672
356 974
356 996
357 395
357 421
357 435
357 459
357 506
357 533
357 557
357 559
357 692
357 702
357 742
357 749
357 771
357 774
357 784
357 871
357 891
357 1001
357 1023
358 359
358 460
358 487
358 499
358 506
358 511
358 546
358 589
358 700
358 809
358 811
358 816
358 944
358 991
359 572
359 583
359 609
359 706
359 835
359 948
359 951
360 396
360 403
360 427
360 472
360 476
360 596
360 821
360 856
360 860
360 861
360 915
360 916
361 421
361 466
361 485
361 572
361 579
361 590
361 742
361 767
361 782
361 835
361 966
362 367
362 448
362 519
362 527
362 620
362 626
362 653
362 707
362 785
362 958
363 409
363 520
363 552
363 588
363 596
363 607
363 614
363 650
363 756
363 805
363 845
363 878
363 897
363 913
363 939
363 947
363 964
363 1008
364 514
364 567
364 570
364 718
364 719
364 756
364 786
364 810
364 897
364 936
364 999
365 440
365 456
365 463
365 466
365 471
365 491
365 496
365 531
365 570
365 646
365 651
365 674
365 688
365 771
365 876
365 898
365 902
366 478
366 489
366 607
366 670
366 767
366 788
366 796
366 885
366 895
366 912
366 1006
366 1023
367 405
367 468
367 476
367 587
367 871
367 879
367 933
368 490
368 524
368 538
368 582
368 843
369 412
369 436
369 503
369 570
369 612
369 617
369 648
369 684
369 775
369 779
369 796
369 920
369 957
370 422
370 436
370 590
370 599
370 648
370 712
370 725
370 763
370 768
370 827
370 884
370 908
370 932
370 945
370 981
371 385
371 447
371 491
371 500
371 543
371 595
371 605
371 681
371 711
371 714
371 790
371 805
372 380
372 439
372 440
372 453
372 514
372 518
372 541
372 592
372 684
372 709
372 755
372 1005
372 1015
373 384
373 413
373 452
373 471
373 512
373 808
373 859
373 961
374 384
374 394
374 760
374 814
374 860
374 880
374 884
374 887
374 928
374 932
374 964
374 996
374 1012
375 458
375 484
375 653
375 687
375 719
375 724
375 733
375 762
375 791
375 803
375 813
375 817
375 874
375 907
375 952
375 956
375 974
376 422
376 432
376 518
376 522
376 542
376 562
376 606
376 620
376 656
376 677
376 693
376 776
376 818
376 897
376 908
376 1001
377 421
377 452
377 454
377 519
377 670
377 778
377 835
377 928
377 942
377 1001
377 1021
378 411
378 422
378 517
378 580
378 618
378 630
378 911
378 1000
378 1008
379 449
379 483
379 498
379 561
379 580
379 835
379 891
379 997
379 1020
380 473
380 564
380 577
380 584
380 634
380 842
380 860
380 924
380 1002
380 1019
381 418
381 428
381 557
381 599
381 693
381 706
381 867
381 940
382 403
382 418
382 522
382 625
382 641
382 685
382 764
382 780
382 986
383 434
383 539
383 554
383 555
383 625
383 743
383 785
383 794
383 844
383 846
383 915
383 971
384 387
384 401
384 488
384 490
384 585
384 614
384 651
384 840
384 842
384 971
385 449
385 457
385 481
385 587
385 594
385 663
385 791
385 802
385 827
385 833
385 976
385 978
385 1015
386 396
386 402
386 473
386 519
386 520
386 537
386 604
386 680
386 714
386 747
386 755
386 798
386 836
386 877
386 933
386 976
387 409
387 493
387 562
387 569
387 693
387 799
387 868
387 924
387 975
388 391
388 416
388 431
388 454
388 480
388 483
388 573
388 661
388 715
388 918
388 937
388 983
389 411
389 446
389 453
389 555
389 602
389 614
389 634
389 635
389 682
389 898
389 999
390 392
390 404
390 430
390 508
390 528
390 555
390 634
390 718
390 785
390 876
390 878
390 935
390 998
391 435
391 465
391 495
391 530
391 566
391 660
391 702
391 704
391 763
391 787
391 789
391 798
391 871
391 886
391 888
391 935
391 983
392 422
392 452
392 497
392 507
392 556
392 607
392 614
392 625
392 869
392 968
392 976
393 552
393 553
393 569
393 581
393 650
393 667
393 738
393 743
393 761
393 823
393 853
393 932
393 957
394 459
394 530
394 549
394 607
394 615
394 635
394 661
394 800
394 850
394 916
395 399
395 433
395 454
395 460
395 494
395 544
395 546
395 713
395 741
395 788
395 818
395 827
395 869
396 478
396 532
396 587
396 630
396 667
396 765
396 942
396 948
396 969
396 982
396 1001
397 425
397 598
397 607
397 681
397 858
397 895
397 929
397 974
397 1012
397 1017
398 400
398 459
398 468
398 499
398 563
398 603
398 644
398 656
398 665
398 705
398 738
398 837
398 845
398 970
398 988
399 515
399 517
399 533
399 547
399 714
399 809
399 884
399 918
399 941
400 431
400 445
400 635
400 654
400 772
400 800
400 841
400 882
400 916
400 987
400 1003
401 425
401 516
401 517
401 518
401 606
401 611
401 703
401 706
401 718
401 764
401 774
401 788
401 909
402 451
402 477
402 546
402 566
402 574
402 584
402 586
402 711
402 825
402 840
402 864
403 425
403 498
403 616
403 628
403 636
403 669
403 837
404 412
404 472
404 511
404 587
404 595
404 600
404 755
404 765
404 817
404 834
404 843
404 860
404 878
404 926
404 984
405 467
405 474
405 516
405 651
405 659
405 775
405 846
405 865
405 869
405 878
406 467
406 601
406 640
406 684
406 692
406 707
406 781
406 842
406 865
406 938
406 960
407 464
407 536
407 547
407 649
407 703
407 790
407 802
407 939
407 969
407 1002
407 1008
408 453
408 504
408 650
408 753
408 789
408 798
408 874
408 909
408 925
408 947
408 995
408 1014
409 414
409 486
409 492
409 542
409 581
409 622
409 712
409 792
409 813
409 843
409 982
410 503
410 586
410 592
410 606
410 674
410 726
410 871
410 894
410 897
410 922
411 474
411 656
411 683
411 701
411 867
411 933
411 940
412 414
412 469
412 502
412 510
412 555
412 699
412 707
412 774
412 829
412 855
412 863
412 899
413 463
413 534
413 561
413 635
413 748
413 760
413 821
413 858
413 899
413 912
413 915
413 929
413 963
414 536
414 568
414 586
414 627
414 705
414 722
414 744
414 788
414 814
414 821
414 850
414 869
414 988
414 990
415 477
415 504
415 521
415 752
415 753
415 806
415 975
416 456
416 636
416 684
416 717
416 754
416 842
416 877
416 918
416 937
416 961
417 514
417 705
417 867
418 566
418 614
418 651
418 691
418 747
418 768
418 805
418 834
418 934
419 445
419 473
419 604
419 704
419 792
419 800
419 831
419 844
419 897
419 900
419 972
419 1002
420 548
420 557
420 558
420 633
420 640
420 746
420 874
420 947
420 1000
421 467
421 473
421 511
421 715
421 766
421 873
421 918
422 588
422 706
422 739
422 747
422 867
422 878
422 966
422 981
423 521
423 548
423 589
423 636
423 650
423 720
423 743
423 798
423 812
423 927
424 433
424 461
424 479
424 510
424 654
424 781
424 799
424 815
424 837
424 890
424 907
424 908
424 918
424 1013
425 542
425 611
425 767
425 855
425 895
425 928
425 1012
426 465
426 467
426 533
426 564
426 638
426 711
426 899
426 984
427 453
427 562
427 596
427 604
427 682
427 723
427 748
427 790
427 803
427 953
427 956
427 957
427 970
427 986
428 508
428 510
428 539
428 558
428 686
428 694
428 779
428 862
428 921
428 967
429 512
429 594
429 693
429 706
429 710
430 611
430 679
430 795
430 818
430 869
430 878
430 880
430 938
430 977
430 993
431 459
431 543
431 619
431 695
431 696
431 711
431 854
431 945
431 1017
432 434
432 484
432 499
432 650
432 931
432 972
432 1022
433 438
433 520
433 544
433 570
433 573
433 663
433 701
433 814
433 868
433 954
433 955
433 1004
433 1008
434 444
434 482
434 558
434 598
434 600
434 618
434 622
434 635
434 671
434 700
434 733
434 743
434 746
434 756
434 785
434 832
434 943
435 480
435 559
435 623
435 653
435 703
435 869
435 876
435 893
435 935
435 943
435 951
435 966
435 997
436 496
436 499
436 534
436 654
436 715
436 716
436 729
436 741
436 886
436 916
436 962
436 1012
437 489
437 627
437 687
437 697
437 784
437 795
437 803
437 918
438 470
438 486
438 583
438 717
438 926
438 946
438 954
438 959
439 484
439 506
439 592
439 606
439 691
439 831
439 852
439 895
439 904
439 913
439 958
439 998
439 1009
440 458
440 482
440 672
440 729
440 770
440 924
440 946
440 1006
441 504
441 545
441 595
441 606
441 622
441 698
441 744
441 798
442 523
442 538
442 585
442 614
442 745
442 860
442 873
442 900
442 908
442 940
442 949
442 982
442 996
443 445
443 488
443 606
443 639
443 649
443 671
443 734
444 505
444 567
444 637
444 737
444 789
444 864
445 494
445 511
445 536
445 548
445 552
445 641
445 665
445 736
445 794
445 838
445 910
445 995
446 464
446 491
446 493
446 844
446 1001
447 499
447 601
447 664
447 704
447 753
447 801
447 828
447 895
447 944
447 959
447 986
448 626
448 631
448 637
448 705
448 727
448 728
448 748
448 756
448 763
448 868
448 897
448 1002
449 460
449 596
449 686
449 712
449 786
449 830
449 971
449 983
450 494
450 643
450 667
450 674
450 684
450 715
450 727
450 729
450 735
450 797
450 918
450 925
451 464
451 477
451 547
451 596
451 608
451 659
451 714
451 750
451 929
451 1008
452 468
452 515
452 531
452 600
452 626
452 729
453 468
453 524
453 563
453 582
453 635
453 715
453 777
453 864
453 967
454 506
454 512
454 578
454 654
454 665
454 856
454 858
454 962
454 1013
454 1020
455 534
455 554
455 610
455 623
455 661
455 716
455 743
455 772
455 805
455 835
455 844
455 942
455 945
455 1001
456 485
456 543
456 565
456 587
456 593
456 699
456 712
456 720
456 754
456 791
456 883
456 932
456 954
457 485
457 512
457 520
457 657
457 723
457 826
457 868
457 871
457 923
458 503
458 514
458 688
458 797
458 948
459 489
459 497
459 566
459 574
459 691
459 778
459 808
459 813
459 819
459 828
459 878
459 912
459 946
459 960
460 625
460 637
460 738
460 818
460 826
460 830
460 970
460 1004
461 493
461 511
461 613
461 679
461 706
461 847
461 898
461 906
461 974
462 664
462 709
462 757
462 769
462 909
462 945
462 1004
462 1006
463 541
463 555
463 657
463 678
463 729
463 803
463 839
463 893
463 955
463 1006
463 1017
464 472
464 585
464 597
464 608
464 649
464 683
464 857
464 981
465 511
465 543
465 567
465 594
465 658
465 697
465 739
465 793
465 866
465 1007
465 1010
466 507
466 516
466 523
466 770
466 830
466 898
466 905
466 917
466 951
466 962
466 975
466 1013
467 481
467 550
467 600
467 634
467 659
467 682
467 743
467 946
467 1007
467 1017
468 470
468 517
468 567
468 590
468 633
468 680
468 787
468 810
468 846
468 907
468 930
468 967
469 496
469 645
469 944
469 964
469 988
469 999
470 485
470 524
470 558
470 564
470 576
470 603
470 628
470 676
470 807
470 877
470 937
470 942
471 572
471 654
471 740
471 792
471 870
471 963
472 620
472 623
472 735
472 741
472 775
472 780
472 826
472 828
472 875
472 980
472 1002
473 482
473 510
473 632
473 634
473 656
473 694
473 886
473 928
473 940
473 1002
474 572
474 636
474 695
474 723
474 753
474 759
474 774
474 785
474 871
475 534
475 611
475 626
475 856
475 886
475 903
475 904
475 917
475 979
476 523
476 528
476 800
476 814
476 817
476 869
476 919
476 1022
477 502
477 556
477 600
477 631
477 845
477 870
477 933
477 961
477 995
478 484
478 564
478 573
478 753
478 841
478 864
478 909
478 959
478 962
479 649
479 750
479 789
479 839
479 874
479 962
479 988
480 497
480 502
480 509
480 585
480 604
480 676
480 734
480 740
480 795
480 948
480 967
481 587
481 604
481 608
481 609
481 778
481 820
481 849
481 854
481 870
481 891
481 947
481 979
481 992
482 499
482 590
482 626
482 649
482 689
482 728
482 746
482 769
482 776
482 832
482 899
482 900
482 958
483 539
483 706
483 746
483 767
483 778
483 858
483 862
483 863
483 962
483 970
483 985
484 527
484 571
484 572
484 580
484 684
484 700
485 489
485 497
485 503
485 593
485 600
485 728
485 741
485 779
485 798
485 802
485 878
485 902
485 1002
485 1003
486 487
486 503
486 512
486 576
486 841
486 944
487 556
487 624
487 629
487 630
487 639
487 681
487 826
487 876
487 963
488 513
488 543
488 577
488 584
488 639
488 713
488 741
488 831
488 968
489 541
489 564
489 629
489 650
489 666
489 766
489 831
489 838
489 906
489 977
490 683
490 692
490 715
490 759
490 786
490 794
490 813
490 851
490 852
490 955
490 964
490 965
490 1018
491 513
491 644
491 707
491 826
491 878
491 993
492 579
492 580
492 686
492 740
492 779
492 830
492 871
492 877
492 929
492 977
493 500
493 530
493 595
493 691
493 728
493 768
493 951
493 979
493 984
494 521
494 528
494 533
494 535
494 556
494 633
494 719
494 725
494 774
494 845
494 849
494 866
494 916
494 996
494 1018
495 582
495 592
495 733
495 744
495 809
495 881
495 894
495 950
495 965
495 1009
496 590
496 683
496 702
496 748
496 808
496 878
496 936
496 957
496 1011
497 569
497 736
497 737
497 877
497 948
497 1019
498 577
498 639
498 908
498 912
498 938
498 940
498 1004
499 561
499 567
499 584
499 594
499 610
499 653
499 713
499 800
499 869
499 876
499 904
500 538
500 560
500 610
500 662
500 736
500 768
500 856
501 791
501 818
501 979
502 504
502 508
502 797
502 812
502 858
502 966
503 563
503 586
503 598
503 599
503 608
503 676
503 759
503 766
503 791
503 876
503 911
503 938
503 945
503 950
504 650
504 659
504 666
504 731
504 955
504 963
505 535
505 596
505 709
505 722
505 724
505 860
505 1017
506 509
506 530
506 623
506 794
506 864
506 929
506 988
507 524
507 642
507 744
507 841
507 898
507 949
507 960
507 969
507 1013
508 514
508 569
508 666
508 730
508 854
508 991
508 996
508 1011
509 614
509 657
509 736
509 800
509 858
509 881
509 930
509 948
509 993
509 997
509 1001
509 1010
510 614
510 643
510 814
510 860
510 888
510 904
510 934
511 607
511 704
511 722
511 769
511 771
511 800
511 924
511 947
511 949
512 612
512 707
512 764
512 956
512 977
513 533
513 585
513 602
513 658
513 661
513 834
513 862
513 1011
514 532
514 547
514 617
514 814
514 843
514 919
514 954
514 994
514 1022
515 577
515 587
515 655
515 741
515 795
515 804
515 998
516 644
516 681
516 749
516 830
516 929
516 1011
516 1012
516 1016
517 556
517 562
517 742
517 797
517 839
517 864
517 872
517 874
517 1006
518 577
518 629
518 668
518 683
518 696
518 762
518 818
518 872
518 891
518 907
518 955
518 956
519 668
519 713
519 917
519 949
519 953
519 1000
520 565
520 711
520 782
520 821
520 859
520 903
520 979
520 992
521 591
521 648
521 871
521 944
521 1013
522 673
522 683
522 788
522 806
522 855
522 988
523 542
523 682
523 692
523 718
523 846
523 867
523 897
523 953
523 969
523 1011
524 565
524 642
524 656
524 676
524 708
524 724
524 729
524 809
524 890
524 895
525 621
525 824
525 863
525 875
525 940
525 972
526 555
526 622
526 775
526 834
526 862
526 875
526 901
526 924
526 984
526 1009
527 596
527 743
527 880
527 998
528 701
528 748
528 756
528 791
528 891
528 922
528 1010
529 707
529 731
529 790
529 792
529 847
529 888
529 902
529 912
529 965
529 976
529 1008
530 553
530 563
530 856
530 906
530 962
531 547
531 627
531 637
531 656
531 663
531 680
531 737
531 838
531 901
531 909
531 915
531 958
532 575
532 594
532 662
532 728
532 810
532 819
533 537
533 552
533 803
533 810
533 822
533 849
533 894
534 613
534 672
534 700
534 806
534 842
534 927
534 959
535 589
535 664
535 665
535 945
536 637
536 655
536 675
536 703
536 726
536 740
536 765
536 788
536 900
536 916
536 925
536 978
536 1022
537 682
537 729
537 801
537 835
537 843
537 918
538 551
538 566
538 570
538 626
538 661
538 690
538 703
538 720
538 730
538 765
538 860
538 989
538 994
539 554
539 570
539 691
539 897
539 983
539 992
539 995
540 553
540 573
540 595
540 723
540 905
540 975
540 981
540 1004
540 1007
541 571
541 670
541 733
541 781
541 937
541 947
541 1001
541 1012
542 638
542 668
542 723
542 736
542 771
542 779
542 791
542 963
542 965
543 547
543 589
543 599
543 704
543 753
543 784
543 804
543 808
543 843
543 855
543 865
543 885
543 890
543 937
543 1013
544 559
544 584
544 603
544 634
544 650
544 739
544 760
544 839
544 863
544 875
544 899
544 947
544 963
545 581
545 661
545 711
545 728
545 763
545 836
545 954
545 959
546 551
546 607
546 623
546 637
546 706
546 711
546 769
546 850
546 888
546 937
546 998
547 552
547 615
547 631
547 730
547 801
547 939
547 945
547 966
547 982
547 984
547 1002
548 566
548 655
548 878
548 888
548 955
548 969
549 621
549 693
549 821
549 834
549 850
549 882
549 891
549 957
549 1007
550 559
550 606
550 614
550 637
550 697
550 700
550 728
550 754
550 787
550 798
550 820
550 955
550 963
551 575
551 588
551 861
551 893
551 918
551 931
551 955
551 957
552 562
552 607
552 740
552 745
552 878
552 915
552 934
552 1020
553 642
553 780
553 785
553 943
553 959
553 1014
554 598
554 613
554 693
554 743
554 784
554 786
554 804
554 833
554 887
554 956
554 985
554 996
555 564
555 573
555 622
555 743
555 756
555 779
555 828
555 930
555 977
555 996
556 615
556 682
556 684
556 724
556 801
556 979
557 574
557 602
557 671
557 687
557 713
557 741
557 816
557 839
557 849
557 881
557 906
557 911
558 569
558 572
558 691
558 724
558 792
558 837
558 853
558 895
558 939
558 961
558 972
559 577
559 610
559 639
559 659
559 689
559 715
559 885
559 942
560 644
560 654
560 745
560 844
560 902
560 940
560 1009
561 566
561 574
561 577
561 639
561 750
561 883
561 923
561 964
561 1019
562 644
562 662
562 684
562 740
562 779
562 862
562 925
562 941
563 681
563 685
563 780
563 816
563 927
563 979
564 565
564 613
564 699
564 785
564 799
564 851
564 855
564 935
564 998
564 999
565 582
565 590
565 665
565 668
565 685
565 724
565 906
565 927
565 968
565 988
566 594
566 603
566 664
566 724
566 761
566 774
566 849
566 895
566 975
566 982
567 584
567 590
567 636
567 662
567 692
567 956
567 979
568 601
568 608
568 718
568 845
568 850
568 906
568 937
568 978
568 998
569 628
569 659
569 714
569 728
569 743
569 775
570 572
570 580
570 613
570 676
570 711
570 712
570 879
570 933
570 941
570 970
570 987
571 701
571 717
571 761
571 832
571 882
571 965
572 667
572 702
572 736
572 778
572 809
572 841
572 895
572 924
572 1023
573 674
573 736
573 814
573 953
574 630
574 655
574 680
574 702
574 706
574 900
574 958
575 621
575 685
575 748
575 768
575 781
575 804
575 825
575 902
575 922
575 975
576 717
576 764
576 792
576 855
576 872
576 921
576 923
577 611
577 616
577 647
577 696
577 733
577 818
577 912
577 957
577 967
578 600
578 649
578 808
578 879
578 891
578 963
579 599
579 662
579 830
579 899
579 987
579 1003
580 591
580 622
580 655
580 708
580 766
580 777
580 931
580 970
580 1011
581 584
581 588
581 618
581 694
581 761
581 808
581 848
581 855
581 862
581 991
581 1003
582 652
582 704
582 758
582 788
582 831
582 867
582 979
583 596
583 616
583 658
583 712
583 733
583 764
584 594
584 635
584 671
584 854
584 863
584 878
584 960
585 602
585 643
585 650
585 684
585 740
585 757
585 834
585 875
585 881
585 900
585 906
585 944
585 976
585 988
585 1013
586 598
586 634
586 677
586 686
586 705
586 764
586 818
586 872
586 909
586 922
586 939
586 1003
586 1020
587 696
587 981
588 675
588 719
588 798
588 873
588 910
588 987
588 1000
589 600
589 659
589 681
589 714
589 716
589 816
589 868
589 896
589 913
589 1012
589 1019
590 593
590 701
590 761
590 822
590 933
590 966
590 990
590 1015
591 596
591 638
591 698
591 854
591 858
591 882
591 896
591 939
591 940
591 982
592 675
592 776
592 823
592 902
592 910
592 928
592 969
593 648
593 709
593 739
593 755
593 873
593 882
593 884
594 639
594 702
594 708
594 978
594 984
594 1020
594 1022
595 609
595 673
595 674
595 685
595 709
595 713
596 886
596 989
597 620
597 674
597 729
597 767
597 800
597 831
597 976
598 738
598 747
598 835
598 909
598 965
598 1009
599 626
599 633
599 695
599 777
599 796
599 821
599 851
599 853
599 939
599 975
600 737
600 747
600 859
600 1002
600 1005
601 636
601 662
601 786
601 805
601 857
601 982
601 994
602 693
602 721
602 781
602 832
602 880
603 636
603 809
603 916
603 965
603 993
604 617
604 664
604 680
604 717
604 777
604 791
604 866
604 876
604 924
605 632
605 688
605 692
605 752
605 762
605 816
605 872
605 901
605 922
606 867
606 957
606 959
607 729
607 754
607 867
607 898
607 919
608 737
608 798
608 801
609 706
609 707
609 721
609 905
609 906
609 965
610 685
610 747
610 766
610 783
610 801
610 835
610 848
610 861
610 880
610 985
611 621
611 681
611 783
611 804
611 809
611 901
611 929
611 957
612 623
612 824
612 926
612 978
613 616
613 643
613 685
613 742
613 930
614 695
614 825
614 993
615 638
615 667
615 686
615 911
615 1001
615 1006
616 712
616 753
616 761
616 928
616 987
617 773
617 803
617 912
618 715
618 815
618 852
618 908
618 934
618 996
618 1014
619 631
619 657
619 660
619 689
619 737
619 790
619 844
619 870
619 913
619 940
619 946
619 954
619 962
619 1011
620 637
620 638
620 681
620 745
620 793
620 831
620 861
620 932
620 972
620 987
621 625
621 635
621 677
621 682
621 766
621 959
622 637
622 672
622 728
622 784
622 839
622 968
622 996
623 635
623 638
623 752
623 773
623 870
623 986
623 1002
623 1005
623 1006
623 1009
624 632
624 734
624 776
624 891
624 897
624 994
625 665
625 674
625 687
625 725
625 761
625 906
625 958
626 660
626 694
626 779
626 856
626 916
626 946
626 950
627 949
627 974
628 651
628 777
628 835
628 918
628 1004
629 658
629 692
629 720
629 841
630 801
630 817
630 824
630 830
630 845
630 856
630 870
630 910
631 657
631 671
631 776
631 838
631 886
631 905
632 682
632 717
632 934
632 940
632 980
632 1000
633 656
633 833
633 850
633 857
633 950
634 717
634 728
634 744
634 777
634 805
634 851
634 855
634 929
634 945
635 662
635 689
635 739
635 800
635 836
635 840
635 853
635 859
635 863
635 884
635 897
635 930
635 931
635 965
636 648
636 675
636 864
636 872
636 924
636 929
637 682
637 731
637 743
637 829
637 848
637 963
637 977
637 1005
638 783
638 785
638 852
638 1010
639 761
639 790
639 846
639 862
639 907
640 662
640 679
640 706
640 712
640 718
640 782
640 823
640 861
640 865
640 960
640 1003
641 642
641 644
641 669
641 760
641 889
641 913
641 951
641 1013
641 1020
642 663
642 719
642 732
642 819
642 890
642 891
642 927
643 742
643 779
643 841
643 1006
644 728
644 744
644 760
644 809
644 836
644 891
644 992
644 1016
644 1021
645 695
645 716
645 744
645 797
645 799
645 834
645 918
645 938
646 748
646 800
646 877
646 898
646 955
646 1010
647 705
647 842
647 861
647 867
647 903
647 947
648 661
648 690
648 723
648 741
648 830
648 846
648 888
648 915
648 936
648 941
648 944
649 654
649 689
649 784
649 831
649 870
649 877
649 919
649 960
650 672
650 683
650 706
650 884
650 927
650 986
650 1001
651 667
651 670
651 709
651 717
651 773
651 887
652 653
652 677
652 682
652 813
652 884
652 911
652 977
653 657
653 678
653 697
653 743
653 792
653 801
653 828
653 937
653 958
654 672
654 689
654 724
654 734
654 768
654 851
654 883
654 893
654 943
654 953
655 670
655 800
655 838
655 845
655 849
655 894
656 722
656 728
656 803
656 812
656 995
656 998
656 1005
657 712
657 717
657 752
657 776
657 913
657 968
658 696
658 748
658 765
658 804
658 983
658 984
658 995
658 999
658 1004
659 709
659 789
659 827
659 887
660 690
660 761
660 794
660 803
660 819
660 901
660 972
660 985
661 789
661 1011
662 699
662 700
662 878
662 905
662 927
662 948
663 718
663 877
663 930
663 991
664 904
664 972
665 673
665 728
665 759
665 777
665 852
665 873
665 963
666 699
666 763
666 770
666 848
666 887
667 712
667 724
667 731
667 792
667 810
667 936
668 715
668 828
668 879
668 904
668 908
668 954
668 964
668 970
668 972
668 977
668 1016
669 765
669 1003
670 724
670 763
670 781
670 862
670 926
670 933
670 935
670 1002
671 810
671 888
671 918
671 937
672 712
672 775
672 855
672 860
672 890
672 895
672 925
672 954
672 993
673 718
673 754
673 802
673 920
673 954
673 956
674 712
674 877
674 882
674 906
674 962
675 683
675 719
675 765
675 786
675 796
675 1013
676 688
676 742
676 745
676 803
676 840
676 873
676 924
676 937
676 968
676 983
677 768
677 853
677 930
677 948
678 698
678 799
678 872
678 889
679 787
679 859
679 865
679 875
680 682
680 713
680 733
680 735
680 793
680 858
680 861
680 952
680 1020
681 717
681 730
681 879
681 966
682 718
682 737
682 746
682 813
682 824
682 867
682 880
682 888
682 918
682 946
683 747
683 748
683 798
683 881
683 923
683 989
684 826
684 827
684 862
684 902
684 922
684 958
684 999
685 706
685 761
685 785
685 827
685 896
685 908
685 910
685 929
685 957
686 726
686 754
686 791
686 819
686 824
686 842
686 883
686 894
686 961
686 988
687 821
687 831
687 843
687 939
687 949
687 968
688 774
688 775
688 798
688 843
688 958
689 722
689 844
690 721
690 775
690 873
690 929
690 990
691 750
691 822
691 836
691 838
691 864
691 944
691 963
691 990
691 1017
692 710
692 815
692 817
692 881
692 974
692 1011
693 741
693 836
693 883
693 923
693 990
693 994
693 1000
694 709
694 761
694 892
694 907
694 912
694 958
694 964
694 969
695 708
695 717
695 808
695 865
695 892
695 919
695 938
695 960
695 996
696 733
696 814
696 818
696 907
696 912
696 966
696 978
697 710
697 723
697 753
697 754
697 767
697 790
697 868
697 899
697 935
697 948
697 1020
698 860
698 999
698 1021
699 716
699 742
699 781
699 959
700 738
700 767
700 805
700 836
700 877
700 878
700 1008
701 715
701 798
701 839
701 898
701 906
702 713
702 732
702 752
702 764
702 813
702 840
702 928
702 952
703 717
703 812
703 930
703 940
703 976
703 983
703 1012
704 716
704 772
704 901
704 943
704 997
705 767
705 860
705 868
705 948
705 950
705 969
705 993
705 1011
706 812
706 889
706 946
706 1020
707 717
707 753
707 887
707 999
708 722
708 762
708 819
708 882
709 782
709 912
709 932
709 952
709 970
709 976
710 779
710 813
710 875
710 888
711 756
711 758
711 814
711 898
711 951
711 977
711 1013
712 755
712 847
712 900
712 941
712 964
712 981
713 718
713 730
713 767
713 814
713 816
713 890
713 923
713 935
713 1019
714 835
715 720
715 892
715 918
715 957
715 968
716 766
716 858
716 879
716 951
716 954
717 893
718 730
718 810
718 844
718 881
718 913
719 741
719 872
719 878
719 891
719 892
719 943
720 750
720 850
720 910
720 949
720 960
721 759
721 968
721 1019
722 760
722 776
722 827
722 962
723 744
723 762
723 770
723 834
723 932
723 952
723 991
724 813
724 849
724 869
724 871
724 888
724 932
724 952
724 1015
725 908
726 737
726 868
726 909
726 939
726 946
726 977
726 979
726 999
727 777
727 993
727 997
727 1003
728 740
728 840
728 954
728 983
728 987
729 778
729 900
729 913
729 922
730 789
730 956
731 797
731 800
731 881
731 932
732 734
732 767
732 811
732 846
732 863
732 911
732 945
732 1021
733 772
733 781
733 922
733 952
733 999
733 1012
734 787
734 874
734 905
734 918
734 924
734 937
734 980
734 983
735 839
735 957
735 998
736 774
736 808
736 993
737 742
737 767
737 777
737 925
738 740
738 765
738 770
738 809
738 856
738 871
738 899
738 909
738 978
739 947
739 967
740 762
740 785
740 839
740 862
740 884
740 942
740 944
741 797
741 799
741 808
741 813
741 827
741 872
741 886
741 945
741 960
742 811
742 869
742 905
742 925
742 941
742 971
742 973
742 990
743 938
744 755
744 1011
745 862
745 947
745 953
745 1004
746 752
746 756
746 804
746 811
746 836
747 776
747 811
747 871
747 995
748 762
748 774
748 873
749 824
749 891
749 897
749 915
749 933
749 970
749 1008
750 785
750 798
750 847
750 932
750 943
750 976
751 784
751 802
751 861
751 894
751 922
751 994
751 1011
752 776
752 788
752 830
752 845
752 914
752 929
752 963
752 967
752 1002
753 789
753 838
753 839
753 850
753 853
753 933
753 1018
753 1021
754 755
754 826
754 828
754 904
754 944
755 834
755 855
755 856
755 888
755 947
755 950
756 783
756 807
756 874
757 771
757 936
758 852
758 862
758 870
758 1005
759 766
760 778
760 900
760 921
761 787
761 861
761 862
761 926
761 977
762 763
762 1018
763 807
763 816
763 863
763 931
763 940
763 986
763 994
764 930
764 954
765 768
765 783
765 788
765 794
765 869
765 939
765 957
765 983
765 987
766 772
766 774
766 794
766 827
766 851
766 870
766 910
766 928
766 1017
767 781
767 827
767 906
767 923
767 947
768 812
768 850
768 964
769 960
769 969
769 1018
770 812
770 876
770 952
771 774
771 816
771 897
771 977
772 843
772 894
772 919
772 935
773 826
773 887
773 910
773 913
773 944
773 948
774 814
774 845
774 864
774 876
774 898
774 942
775 810
775 824
775 834
775 904
775 933
775 975
776 800
776 932
776 939
776 954
776 1005
776 1012
776 1018
777 905
777 944
777 948
777 963
778 833
778 846
778 902
778 921
778 991
779 826
779 896
779 992
780 807
780 823
780 866
780 953
781 832
781 848
781 882
782 820
783 826
783 835
783 846
783 875
783 886
783 898
783 912
783 946
784 785
784 827
784 966
785 846
785 872
785 925
785 956
785 980
785 1017
786 800
787 825
787 841
787 899
787 913
787 946
787 979
787 981
787 998
788 799
788 845
788 881
788 901
788 911
788 914
788 968
789 859
789 877
789 922
789 958
789 1009
789 1012
790 895
790 929
791 855
791 879
791 936
791 1010
792 805
792 845
792 878
792 896
792 943
792 976
792 980
792 998
793 956
794 872
794 890
794 956
794 969
794 993
794 1006
795 824
795 858
795 882
795 930
795 973
795 1016
796 800
796 867
796 958
796 985
796 1020
797 838
797 922
797 952
798 829
798 892
798 996
799 840
799 895
800 897
800 908
800 942
800 955
800 1007
800 1014
801 827
801 928
801 929
801 935
801 945
801 994
801 1011
802 950
802 969
802 987
803 848
803 850
803 885
804 816
804 846
804 890
804 893
804 947
805 808
805 877
805 880
805 887
805 898
805 1012
806 831
806 837
806 875
806 950
806 1002
807 813
807 914
808 817
808 1006
809 835
810 894
811 884
811 938
811 957
812 864
812 974
813 951
813 958
813 969
813 985
813 993
813 1010
814 887
814 966
814 995
814 1000
815 831
816 870
816 898
816 922
816 978
817 843
817 852
817 878
817 903
817 948
817 957
817 980
818 848
818 849
818 975
818 985
818 991
819 836
820 835
820 922
820 992
820 1008
820 1020
821 850
821 963
821 975
822 940
822 1016
823 906
823 922
823 969
824 948
824 985
825 863
825 886
825 890
825 960
826 840
826 865
826 931
827 873
827 932
827 940
827 1002
828 845
828 925
828 941
828 1002
829 887
829 915
829 938
829 1018
829 1021
830 864
830 922
830 950
831 918
831 926
831 951
831 971
832 859
832 967
832 1003
833 854
833 938
833 953
833 982
833 1002
834 848
834 852
834 920
834 933
835 840
835 906
835 976
836 855
836 925
837 841
838 928
838 939
838 942
838 951
838 975
839 884
839 967
840 891
840 916
840 935
840 941
842 911
842 933
842 1014
843 857
843 873
843 895
844 891
844 896
844 899
844 934
845 902
845 967
845 990
846 890
846 986
847 946
847 973
847 980
847 988
847 1000
848 955
849 875
849 980
850 972
850 1009
851 933
851 982
852 880
852 905
852 956
853 950
853 989
855 860
855 892
855 924
857 864
857 873
857 920
857 992
857 1001
857 1010
857 1011
858 863
858 878
858 922
858 983
858 1019
859 917
859 927
860 863
860 902
861 929
862 896
862 938
862 941
863 1022
864 865
864 879
864 912
865 967
865 993
866 893
866 914
867 936
867 955
868 879
868 963
868 1014
869 890
869 899
869 903
869 963
870 877
870 938
871 896
872 929
872 941
873 910
873 935
873 1023
874 879
874 936
875 901
875 928
876 913
876 941
876 943
876 964
876 974
876 992
877 926
877 943
877 965
877 972
877 1012
878 894
878 908
878 936
879 917
879 944
880 983
881 884
882 947
882 986
882 1007
882 1016
883 1003
884 893
884 958
884 1008
885 892
885 964
886 898
886 920
887 957
889 937
889 944
889 954
889 993
890 946
891 913
891 955
891 973
891 1011
892 922
892 949
892 1007
892 1019
893 997
894 990
895 932
895 964
895 992
896 909
896 1013
896 1016
897 902
897 977
898 980
898 989
898 995
899 926
899 948
899 953
899 986
899 1015
900 947
900 954
900 961
900 964
900 990
901 961
901 991
901 1004
903 997
903 998
903 1009
904 1012
905 955
905 1000
906 943
908 915
908 967
909 947
909 948
909 982
909 1006
911 915
911 949
913 926
913 994
914 938
915 939
917 930
917 967
917 995
918 963
918 1001
918 1017
919 975
919 995
919 1011
920 952
920 1003
921 983
921 1009
924 934
924 1000
925 934
925 940
925 941
925 1006
927 930
927 947
927 972
927 1021
928 991
929 986
930 955
930 974
930 999
932 968
933 942
933 945
933 988
934 942
934 962
935 987
937 983
937 1021
939 961
939 993
939 1004
941 983
941 1000
941 1014
942 964
942 991
944 994
944 1019
945 992
945 1001
947 957
947 979
947 1012
947 1022
949 962
949 971
949 1007
950 1020
952 956
952 968
952 987
953 1013
955 975
956 958
956 979
957 970
958 983
962 1004
962 1011
963 1020
965 970
965 1006
965 1010
965 1011
965 1020
966 968
966 989
966 1000
967 973
967 1012
968 988
968 995
968 1017
970 996
970 1001
971 998
972 998
972 1007
972 1013
973 1000
974 1015
974 1016
975 1008
976 1021
977 983
978 988
981 1018
983 994
985 1014
986 1006
987 1021
988 1011
991 1001
996 1002
997 1022
998 1002
1000 1023
1001 1019
1002 1004
1002 1006
1002 1017
1006 1007
1007 1011
