0 9
0 10
0 11
0 12
0 13
0 15
0 16
0 23
0 35
0 51
0 55
0 60
0 65
0 69
0 70
0 73
0 75
0 79
0 81
0 82
0 91
0 93
0 97
0 98
0 122
0 131
0 136
0 142
0 159
0 174
0 187
0 194
0 200
0 205
0 209
0 210
0 220
0 222
0 229
0 235
0 242
0 244
0 247
0 253
0 259
0 260
0 262
0 267
0 270
0 290
0 301
0 319
0 323
0 326
0 354
0 376
0 378
0 389
0 395
0 414
0 421
0 431
0 442
0 443
0 465
0 475
0 480
0 489
0 494
0 508
1 9
1 10
1 11
1 12
1 13
1 14
1 15
1 16
1 26
1 30
1 38
1 43
1 54
1 56
1 60
1 61
1 65
1 81
1 84
1 88
1 96
1 99
1 101
1 102
1 103
1 104
1 109
1 111
1 128
1 131
1 132
1 139
1 140
1 157
1 161
1 170
1 172
1 179
1 187
1 188
1 194
1 203
1 205
1 222
1 230
1 234
1 269
1 271
1 272
1 299
1 302
1 321
1 334
1 392
1 398
1 410
1 417
1 419
1 430
1 450
1 471
1 486
1 499
1 509
2 9
2 10
2 11
2 12
2 13
2 14
2 15
2 16
2 18
2 19
2 21
2 24
2 25
2 26
2 35
2 36
2 41
2 53
2 55
2 58
2 68
2 72
2 73
2 92
2 94
2 106
2 125
2 127
2 152
2 162
2 228
2 241
2 261
2 266
2 276
2 286
2 289
2 295
2 303
2 314
2 332
2 336
2 363
2 407
2 494
2 510
3 9
3 10
3 11
3 12
3 13
3 14
3 17
3 19
3 22
3 28
3 38
3 44
3 66
3 69
3 81
3 82
3 107
3 122
3 130
3 148
3 166
3 167
3 212
3 233
3 250
3 287
3 487
4 9
4 10
4 42
4 50
4 95
4 114
4 121
4 127
4 176
4 177
4 214
4 323
4 326
4 390
4 431
4 474
5 9
5 10
5 11
5 12
5 14
5 17
5 18
5 19
5 20
5 22
5 23
5 29
5 30
5 31
5 36
5 37
5 44
5 45
5 51
5 55
5 59
5 63
5 64
5 65
5 70
5 79
5 100
5 106
5 115
5 117
5 133
5 134
5 144
5 150
5 157
5 170
5 176
5 197
5 205
5 208
5 251
5 261
5 296
5 303
5 323
5 337
5 341
5 367
5 376
5 378
5 384
5 385
5 414
5 427
5 432
5 477
5 506
6 9
6 10
6 11
6 12
6 13
6 16
6 20
6 24
6 30
6 34
6 41
6 42
6 44
6 45
6 47
6 48
6 49
6 51
6 76
6 78
6 87
6 89
6 92
6 108
6 119
6 126
6 136
6 146
6 152
6 157
6 166
6 188
6 189
6 191
6 209
6 237
6 257
6 263
6 272
6 276
6 283
6 287
6 293
6 314
6 325
6 329
6 337
6 338
6 341
6 344
6 352
6 394
6 410
6 428
6 430
6 442
6 455
7 9
7 10
7 14
7 15
7 17
7 21
7 25
7 31
7 33
7 35
7 38
7 67
7 69
7 80
7 94
7 125
7 184
7 187
7 196
7 198
7 247
7 257
7 277
7 340
7 341
7 404
7 413
7 428
7 455
7 465
8 9
8 11
8 13
8 27
8 48
8 128
8 138
8 219
8 262
8 272
8 301
8 362
8 396
8 420
8 502
9 10
9 11
9 12
9 13
9 14
9 15
9 16
9 17
9 18
9 19
9 20
9 22
9 23
9 24
9 25
9 26
9 28
9 29
9 30
9 31
9 33
9 35
9 37
9 40
9 41
9 44
9 54
9 58
9 59
9 62
9 64
9 67
9 72
9 74
9 76
9 77
9 81
9 89
9 93
9 97
9 100
9 101
9 103
9 128
9 131
9 138
9 143
9 149
9 150
9 151
9 156
9 158
9 160
9 169
9 177
9 180
9 181
9 185
9 195
9 196
9 200
9 202
9 205
9 207
9 210
9 215
9 217
9 230
9 232
9 235
9 238
9 240
9 249
9 262
9 288
9 298
9 305
9 308
9 323
9 328
9 342
9 347
9 363
9 364
9 372
9 379
9 393
9 405
9 409
9 410
9 412
9 441
9 451
9 472
9 484
9 489
9 492
9 499
9 501
9 504
9 505
9 509
9 511
10 11
10 12
10 13
10 14
10 15
10 16
10 17
10 18
10 19
10 20
10 21
10 22
10 24
10 25
10 26
10 27
10 28
10 29
10 30
10 31
10 34
10 36
10 39
10 44
10 46
10 47
10 48
10 53
10 55
10 58
10 61
10 66
10 67
10 69
10 71
10 73
10 79
10 81
10 86
10 88
10 95
10 97
10 98
10 103
10 104
10 107
10 113
10 126
10 132
10 133
10 136
10 139
10 143
10 154
10 158
10 162
10 169
10 171
10 172
10 173
10 174
10 175
10 178
10 179
10 181
10 182
10 198
10 199
10 209
10 211
10 213
10 214
10 233
10 239
10 242
10 244
10 251
10 257
10 259
10 281
10 285
10 304
10 305
10 307
10 310
10 316
10 326
10 340
10 343
10 354
10 357
10 383
10 395
10 396
10 408
10 409
10 411
10 413
10 423
10 425
10 427
10 436
10 449
10 456
10 461
10 462
10 469
10 471
10 473
10 476
10 485
10 487
10 488
10 489
10 490
10 509
11 12
11 14
11 15
11 16
11 17
11 18
11 19
11 20
11 21
11 22
11 24
11 28
11 29
11 31
11 34
11 39
11 40
11 42
11 43
11 44
11 51
11 52
11 56
11 78
11 87
11 88
11 99
11 102
11 105
11 109
11 111
11 116
11 123
11 124
11 130
11 131
11 139
11 144
11 153
11 168
11 199
11 207
11 213
11 224
11 227
11 229
11 230
11 232
11 247
11 248
11 257
11 258
11 260
11 265
11 272
11 274
11 281
11 305
11 308
11 323
11 334
11 337
11 338
11 341
11 353
11 356
11 361
11 362
11 373
11 382
11 383
11 392
11 397
11 418
11 423
11 429
11 466
11 468
11 483
11 504
12 13
12 15
12 18
12 19
12 21
12 23
12 28
12 32
12 36
12 38
12 42
12 46
12 49
12 57
12 59
12 64
12 75
12 76
12 81
12 94
12 96
12 102
12 108
12 109
12 110
12 115
12 119
12 122
12 131
12 135
12 136
12 140
12 142
12 143
12 151
12 157
12 161
12 168
12 172
12 173
12 175
12 181
12 186
12 190
12 197
12 198
12 206
12 214
12 215
12 220
12 225
12 242
12 243
12 256
12 258
12 269
12 275
12 279
12 289
12 291
12 292
12 295
12 299
12 307
12 309
12 316
12 324
12 348
12 364
12 367
12 368
12 369
12 398
12 411
12 418
12 446
12 451
12 457
12 459
12 484
12 498
13 14
13 16
13 17
13 19
13 21
13 22
13 23
13 24
13 25
13 26
13 27
13 28
13 31
13 32
13 34
13 47
13 49
13 52
13 56
13 69
13 70
13 71
13 73
13 77
13 79
13 87
13 90
13 94
13 95
13 98
13 100
13 102
13 105
13 109
13 148
13 150
13 154
13 158
13 162
13 176
13 179
13 181
13 192
13 200
13 204
13 216
13 223
13 225
13 236
13 239
13 243
13 252
13 254
13 256
13 258
13 264
13 277
13 283
13 322
13 354
13 357
13 361
13 362
13 377
13 384
13 388
13 392
13 398
13 405
13 408
13 418
13 420
13 433
13 457
13 482
13 487
13 488
14 15
14 16
14 17
14 18
14 20
14 21
14 22
14 23
14 27
14 29
14 30
14 32
14 33
14 34
14 35
14 41
14 44
14 45
14 46
14 48
14 49
14 50
14 55
14 61
14 64
14 67
14 68
14 79
14 80
14 83
14 85
14 91
14 98
14 99
14 106
14 107
14 110
14 117
14 123
14 129
14 130
14 132
14 135
14 136
14 141
14 144
14 148
14 156
14 167
14 168
14 176
14 224
14 233
14 238
14 239
14 248
14 256
14 257
14 281
14 297
14 314
14 332
14 335
14 345
14 361
14 380
14 415
14 419
14 427
14 450
14 456
14 470
14 475
14 486
14 490
15 17
15 18
15 20
15 21
15 24
15 26
15 27
15 31
15 33
15 34
15 37
15 46
15 50
15 56
15 58
15 60
15 68
15 75
15 80
15 84
15 85
15 104
15 105
15 110
15 115
15 132
15 133
15 135
15 154
15 155
15 162
15 167
15 172
15 176
15 185
15 190
15 198
15 216
15 269
15 270
15 278
15 287
15 332
15 334
15 344
15 391
15 408
15 434
15 457
15 458
15 461
15 472
15 485
15 501
15 503
15 510
16 18
16 20
16 22
16 24
16 26
16 30
16 38
16 39
16 44
16 47
16 48
16 50
16 57
16 61
16 63
16 65
16 67
16 68
16 72
16 78
16 79
16 92
16 94
16 95
16 105
16 112
16 120
16 126
16 136
16 137
16 149
16 151
16 158
16 200
16 201
16 221
16 235
16 237
16 247
16 270
16 276
16 278
16 294
16 296
16 300
16 322
16 342
16 346
16 360
16 377
16 386
16 397
16 398
16 399
16 400
16 401
16 416
16 426
16 439
16 445
16 461
16 463
16 467
16 496
17 20
17 32
17 36
17 40
17 47
17 49
17 61
17 68
17 95
17 113
17 123
17 134
17 159
17 163
17 207
17 220
17 227
17 231
17 273
17 274
17 286
17 287
17 318
17 442
17 444
17 470
17 484
17 510
18 19
18 21
18 27
18 29
18 31
18 35
18 37
18 40
18 41
18 46
18 57
18 60
18 64
18 66
18 70
18 71
18 75
18 77
18 80
18 82
18 83
18 86
18 96
18 98
18 102
18 112
18 118
18 121
18 130
18 135
18 146
18 150
18 156
18 165
18 169
18 173
18 181
18 191
18 193
18 194
18 201
18 214
18 229
18 240
18 247
18 259
18 275
18 277
18 282
18 286
18 288
18 293
18 304
18 308
18 319
18 372
18 378
18 383
18 405
18 406
18 420
18 426
18 431
18 440
18 441
18 449
18 453
18 463
18 471
18 472
18 492
18 503
19 23
19 26
19 29
19 32
19 34
19 35
19 38
19 39
19 40
19 45
19 49
19 54
19 55
19 61
19 67
19 76
19 77
19 78
19 81
19 91
19 98
19 109
19 123
19 141
19 145
19 149
19 157
19 164
19 171
19 192
19 210
19 213
19 226
19 237
19 245
19 252
19 257
19 276
19 287
19 306
19 317
19 325
19 355
19 401
19 464
19 466
19 482
20 23
20 24
20 25
20 26
20 28
20 29
20 32
20 41
20 50
20 52
20 57
20 58
20 59
20 60
20 63
20 64
20 69
20 75
20 78
20 80
20 82
20 85
20 88
20 89
20 96
20 99
20 114
20 115
20 119
20 120
20 130
20 133
20 138
20 140
20 141
20 144
20 152
20 158
20 159
20 160
20 172
20 177
20 180
20 184
20 185
20 188
20 193
20 218
20 227
20 233
20 240
20 255
20 260
20 267
20 294
20 305
20 309
20 315
20 317
20 322
20 360
20 369
20 379
20 392
20 394
20 401
20 412
20 428
20 444
20 445
20 468
20 489
20 508
21 22
21 23
21 25
21 28
21 29
21 36
21 41
21 42
21 47
21 52
21 54
21 62
21 65
21 76
21 84
21 103
21 105
21 107
21 145
21 147
21 148
21 180
21 197
21 205
21 242
21 250
21 251
21 261
21 264
21 270
21 273
21 304
21 327
21 338
21 365
21 415
21 442
21 448
21 467
21 476
21 477
21 493
22 25
22 27
22 32
22 33
22 39
22 41
22 46
22 49
22 55
22 56
22 58
22 60
22 66
22 83
22 86
22 92
22 94
22 99
22 108
22 112
22 114
22 117
22 124
22 129
22 133
22 135
22 145
22 147
22 149
22 158
22 170
22 176
22 180
22 192
22 210
22 211
22 223
22 241
22 248
22 254
22 263
22 272
22 279
22 280
22 282
22 288
22 295
22 317
22 318
22 321
22 327
22 331
22 339
22 348
22 364
22 366
22 372
22 389
22 416
22 429
22 436
22 444
22 507
23 28
23 30
23 35
23 37
23 39
23 47
23 50
23 54
23 58
23 72
23 74
23 76
23 86
23 89
23 92
23 93
23 95
23 99
23 100
23 101
23 122
23 137
23 141
23 153
23 181
23 191
23 193
23 198
23 202
23 211
23 214
23 217
23 229
23 232
23 239
23 258
23 264
23 273
23 282
23 297
23 310
23 333
23 340
23 353
23 390
23 406
23 410
23 415
23 437
23 452
23 500
23 507
24 25
24 33
24 38
24 40
24 43
24 45
24 57
24 58
24 66
24 68
24 77
24 83
24 93
24 96
24 108
24 110
24 120
24 124
24 131
24 140
24 159
24 171
24 180
24 182
24 222
24 226
24 233
24 243
24 254
24 282
24 287
24 296
24 306
24 316
24 343
24 350
24 351
24 370
24 394
24 446
24 452
24 456
24 465
24 469
24 502
24 505
25 27
25 31
25 34
25 38
25 43
25 56
25 59
25 62
25 63
25 69
25 74
25 87
25 89
25 99
25 125
25 129
25 137
25 178
25 179
25 232
25 243
25 245
25 249
25 254
25 276
25 324
25 328
25 352
25 356
25 368
25 393
25 400
25 403
25 447
25 454
25 466
25 467
25 477
25 484
25 489
26 27
26 30
26 34
26 36
26 42
26 52
26 53
26 54
26 65
26 71
26 84
26 91
26 102
26 116
26 120
26 167
26 183
26 190
26 207
26 208
26 293
26 300
26 315
26 319
26 328
26 331
26 343
26 356
26 366
26 402
26 421
26 500
27 36
27 37
27 43
27 45
27 53
27 63
27 70
27 71
27 86
27 90
27 91
27 104
27 106
27 110
27 113
27 141
27 152
27 155
27 165
27 186
27 191
27 193
27 194
27 200
27 222
27 224
27 226
27 258
27 276
27 285
27 290
27 314
27 328
27 357
27 381
27 385
27 388
27 393
27 405
27 407
27 411
27 422
27 428
27 436
27 461
27 480
28 33
28 39
28 46
28 50
28 51
28 55
28 62
28 67
28 68
28 71
28 80
28 114
28 119
28 122
28 126
28 127
28 142
28 160
28 170
28 174
28 184
28 199
28 206
28 211
28 214
28 229
28 260
28 275
28 293
28 310
28 320
28 331
28 353
28 359
28 368
28 369
28 382
28 398
28 434
28 435
28 444
28 446
28 449
28 459
28 469
28 490
29 32
29 53
29 71
29 73
29 82
29 111
29 178
29 188
29 210
29 212
29 222
29 228
29 280
29 290
29 296
29 305
29 320
29 329
29 334
29 341
29 368
29 424
29 425
29 426
29 462
29 468
30 32
30 33
30 37
30 54
30 62
30 87
30 92
30 107
30 121
30 148
30 193
30 219
30 220
30 250
30 267
30 298
30 299
30 305
30 308
30 327
30 339
30 341
30 354
30 371
30 387
30 434
30 437
30 451
30 462
30 494
31 33
31 35
31 37
31 41
31 42
31 43
31 45
31 50
31 57
31 59
31 61
31 78
31 83
31 88
31 91
31 93
31 96
31 100
31 105
31 106
31 110
31 117
31 119
31 124
31 127
31 129
31 136
31 137
31 162
31 168
31 193
31 196
31 203
31 216
31 218
31 219
31 225
31 226
31 233
31 238
31 239
31 248
31 251
31 281
31 292
31 293
31 296
31 312
31 331
31 333
31 355
31 359
31 365
31 374
31 406
31 417
31 424
31 439
31 451
31 482
31 495
31 497
32 36
32 38
32 51
32 53
32 59
32 70
32 103
32 111
32 123
32 128
32 132
32 151
32 155
32 160
32 162
32 165
32 167
32 182
32 215
32 298
32 299
32 336
32 387
32 418
32 469
32 486
32 502
32 509
33 42
33 43
33 71
33 77
33 78
33 84
33 89
33 96
33 97
33 109
33 118
33 123
33 142
33 144
33 169
33 192
33 244
33 246
33 270
33 274
33 276
33 279
33 292
33 312
33 319
33 358
33 377
33 392
33 433
33 484
33 495
34 40
34 47
34 62
34 90
34 97
34 104
34 107
34 112
34 118
34 137
34 174
34 181
34 240
34 252
34 303
34 378
34 411
34 420
34 431
34 460
34 464
34 491
35 40
35 42
35 44
35 54
35 56
35 60
35 63
35 84
35 95
35 108
35 112
35 116
35 117
35 118
35 120
35 121
35 129
35 144
35 146
35 156
35 157
35 160
35 161
35 162
35 168
35 179
35 185
35 220
35 224
35 237
35 239
35 246
35 253
35 265
35 283
35 286
35 313
35 318
35 321
35 327
35 331
35 349
35 359
35 367
35 369
35 377
35 415
35 422
35 426
35 427
35 455
35 465
35 497
36 37
36 46
36 52
36 53
36 61
36 63
36 72
36 74
36 77
36 82
36 83
36 88
36 100
36 102
36 105
36 109
36 124
36 127
36 133
36 134
36 138
36 140
36 143
36 147
36 173
36 186
36 195
36 202
36 223
36 238
36 258
36 260
36 264
36 266
36 268
36 282
36 299
36 312
36 315
36 330
36 353
36 384
36 392
36 409
36 443
36 446
36 447
36 450
37 39
37 78
37 85
37 87
37 89
37 94
37 100
37 113
37 115
37 132
37 155
37 164
37 167
37 169
37 175
37 197
37 209
37 236
37 238
37 256
37 266
37 285
37 313
37 325
37 381
37 466
37 483
37 490
37 494
38 39
38 53
38 56
38 57
38 62
38 66
38 114
38 116
38 126
38 186
38 197
38 202
38 212
38 248
38 312
38 336
38 419
38 430
38 431
38 459
38 502
39 40
39 43
39 48
39 54
39 65
39 66
39 74
39 80
39 87
39 98
39 121
39 135
39 137
39 138
39 154
39 165
39 199
39 204
39 206
39 217
39 218
39 223
39 231
39 240
39 249
39 268
39 279
39 307
39 312
39 318
39 324
39 336
39 348
39 370
39 433
39 445
39 478
39 498
39 505
39 509
40 45
40 51
40 52
40 56
40 66
40 75
40 88
40 95
40 122
40 132
40 222
40 253
40 311
40 329
40 499
40 505
41 45
41 48
41 62
41 67
41 83
41 90
41 104
41 116
41 138
41 146
41 175
41 225
41 228
41 234
41 245
41 302
41 325
41 328
41 336
41 347
41 352
41 375
41 415
41 422
41 446
41 475
41 509
42 43
42 63
42 89
42 92
42 106
42 119
42 126
42 144
42 153
42 163
42 178
42 185
42 187
42 197
42 208
42 220
42 221
42 244
42 261
42 277
42 283
42 302
42 313
42 317
42 334
42 335
42 353
42 357
42 363
42 366
42 376
42 386
42 393
42 433
42 447
42 450
42 452
42 481
42 492
42 495
42 500
42 511
43 48
43 63
43 67
43 69
43 72
43 75
43 80
43 92
43 157
43 166
43 222
43 224
43 226
43 236
43 242
43 251
43 320
43 333
43 351
43 367
43 408
43 454
43 465
44 52
44 75
44 92
44 103
44 105
44 111
44 224
44 232
44 239
44 250
44 268
44 269
44 298
44 359
44 390
44 391
44 416
44 428
44 458
44 479
44 482
44 498
45 46
45 47
45 48
45 51
45 64
45 70
45 73
45 97
45 100
45 123
45 128
45 133
45 134
45 139
45 147
45 163
45 186
45 192
45 194
45 216
45 219
45 222
45 226
45 266
45 278
45 298
45 307
45 340
45 342
45 383
45 425
45 449
45 454
45 462
45 473
45 485
45 494
45 498
46 49
46 50
46 60
46 62
46 65
46 66
46 72
46 99
46 114
46 115
46 125
46 160
46 167
46 171
46 174
46 181
46 201
46 236
46 366
47 51
47 57
47 59
47 79
47 83
47 108
47 138
47 143
47 152
47 171
47 172
47 205
47 215
47 226
47 235
47 254
47 329
47 340
47 466
48 49
48 52
48 53
48 61
48 84
48 91
48 97
48 126
48 133
48 148
48 166
48 180
48 195
48 202
48 238
48 261
48 280
48 281
48 310
48 312
48 332
48 360
48 404
48 493
49 58
49 70
49 76
49 156
49 163
49 174
49 184
49 231
49 236
49 280
49 286
49 296
49 323
49 348
49 381
49 421
50 60
50 79
50 85
50 93
50 98
50 101
50 107
50 108
50 119
50 124
50 125
50 142
50 149
50 206
50 219
50 264
50 265
50 301
50 302
50 448
50 481
50 499
51 55
51 73
51 79
51 86
51 124
51 150
51 154
51 155
51 164
51 177
51 184
51 189
51 236
51 263
51 273
51 295
51 303
51 335
51 345
51 358
51 400
51 418
52 73
52 121
52 128
52 153
52 164
52 173
52 190
52 212
52 332
52 333
52 343
52 356
52 393
53 68
53 75
53 87
53 111
53 120
53 141
53 153
53 159
53 165
53 170
53 182
53 187
53 206
53 237
53 251
53 300
53 340
53 352
53 371
53 390
53 400
53 402
53 437
54 65
54 71
54 81
54 85
54 90
54 113
54 121
54 122
54 163
54 231
54 277
54 313
54 322
54 355
54 422
55 57
55 78
55 80
55 91
55 167
55 195
55 204
55 241
55 257
55 268
55 283
55 349
55 382
55 451
55 501
56 103
56 166
56 234
56 267
56 271
56 336
56 351
56 397
56 475
57 64
57 76
57 122
57 126
57 134
57 161
57 198
57 204
57 213
57 315
57 328
57 405
57 417
57 447
57 464
57 473
57 485
57 500
58 59
58 77
58 85
58 94
58 120
58 127
58 129
58 146
58 173
58 219
58 240
58 244
58 249
58 278
58 317
58 322
58 330
58 339
58 364
58 370
58 436
58 473
58 479
58 490
58 494
59 94
59 147
59 160
59 180
59 196
59 201
59 221
59 243
59 327
59 330
59 351
59 477
59 502
60 69
60 142
60 166
60 177
60 183
60 238
60 266
60 280
60 301
60 382
60 419
60 423
61 64
61 77
61 82
61 85
61 121
61 133
61 150
61 151
61 164
61 171
61 178
61 201
61 203
61 217
61 226
61 232
61 265
61 290
61 308
61 322
61 352
61 371
61 403
61 405
62 68
62 149
62 175
62 305
63 74
63 101
63 102
63 105
63 114
63 140
63 154
63 162
63 165
63 218
63 224
63 334
63 352
63 358
63 398
63 443
63 471
63 492
64 76
64 93
64 106
64 123
64 191
64 235
64 256
64 284
64 285
64 346
64 350
64 438
64 475
64 478
65 104
65 114
65 124
65 132
65 153
65 204
65 207
65 223
65 253
65 258
65 262
65 269
65 291
65 294
65 295
65 324
65 336
65 348
65 386
65 404
65 406
65 435
66 72
66 85
66 103
66 109
66 112
66 127
66 135
66 173
66 184
66 227
66 242
66 274
66 353
66 355
66 396
66 453
66 455
67 73
67 101
67 117
67 139
67 147
67 269
67 280
67 293
67 342
67 358
67 377
68 70
68 72
68 74
68 89
68 96
68 99
68 103
68 128
68 129
68 136
68 141
68 143
68 152
68 153
68 159
68 166
68 168
68 170
68 178
68 182
68 186
68 203
68 212
68 235
68 254
68 273
68 314
68 319
68 363
68 370
68 381
68 389
68 396
68 402
68 407
68 437
68 438
68 445
68 452
68 476
68 477
68 488
68 499
69 93
69 139
69 155
69 205
69 250
69 255
69 262
69 394
69 460
70 82
70 168
70 195
70 229
70 258
70 299
70 314
70 352
70 397
71 96
71 128
71 215
71 225
71 242
71 330
71 373
71 400
71 468
71 507
72 74
72 108
72 132
72 134
72 142
72 148
72 167
72 182
72 209
72 232
72 251
72 282
72 338
72 423
72 424
72 441
72 499
73 74
73 82
73 87
73 113
73 116
73 118
73 125
73 147
73 176
73 201
73 216
73 286
73 288
73 308
73 327
73 346
73 349
73 368
73 373
73 376
73 451
74 154
74 188
74 194
74 209
74 255
74 284
74 295
74 304
74 354
74 362
74 371
74 408
74 449
75 97
75 110
75 117
75 166
75 179
75 194
75 233
75 249
75 293
76 95
76 113
76 118
76 174
76 179
76 213
76 216
76 218
76 266
76 303
76 386
76 390
76 403
76 404
76 432
76 433
76 484
76 486
77 86
77 111
77 152
77 161
77 196
77 218
77 250
77 281
77 328
77 346
77 379
77 430
77 438
77 457
77 470
77 486
78 157
78 170
78 183
78 270
78 315
78 325
78 469
79 81
79 101
79 106
79 130
79 190
79 254
79 256
79 298
79 316
79 332
79 364
79 395
79 460
80 84
80 90
80 107
80 112
80 117
80 134
80 149
80 164
80 200
80 201
80 208
80 221
80 243
80 318
80 329
80 333
80 345
80 360
80 373
80 381
80 399
80 408
80 409
80 441
81 83
81 90
81 130
81 157
81 292
81 294
81 343
82 97
82 113
82 129
82 140
82 210
82 249
82 250
82 283
82 339
82 453
82 479
82 488
83 84
83 86
83 88
83 108
83 111
83 120
83 121
83 140
83 144
83 153
83 200
83 208
83 246
83 401
83 419
83 442
83 455
83 472
83 480
83 496
84 90
84 102
84 115
84 118
84 127
84 130
84 142
84 161
84 178
84 185
84 193
84 196
84 207
84 218
84 228
84 241
84 245
84 246
84 261
84 273
84 297
84 342
84 356
84 413
84 415
84 421
84 436
84 438
84 447
84 450
84 477
84 493
84 501
85 86
85 88
85 91
85 104
85 116
85 119
85 140
85 180
85 189
85 229
85 231
85 271
85 289
85 291
85 313
85 345
85 359
85 368
85 375
85 384
85 403
85 507
85 511
86 90
86 112
86 115
86 125
86 149
86 197
86 209
86 211
86 338
86 380
86 418
86 445
86 474
86 478
86 501
87 101
87 104
87 130
87 131
87 146
87 202
87 211
87 295
87 299
87 306
87 317
87 381
87 396
87 458
87 467
87 478
88 100
88 147
88 155
88 177
88 191
88 193
88 195
88 335
88 443
89 93
89 110
89 118
89 119
89 183
89 211
89 216
89 259
89 262
89 277
89 344
89 436
89 441
89 467
89 468
89 470
90 114
90 116
90 137
90 151
90 169
90 174
90 186
90 208
90 228
90 243
90 249
90 252
90 255
90 261
90 275
90 292
90 295
90 297
90 304
90 309
90 314
90 331
90 332
90 333
90 349
90 384
90 393
90 467
90 490
90 502
90 506
91 101
91 118
91 137
91 154
91 165
91 180
91 203
91 219
91 230
91 246
91 267
91 268
91 346
91 350
91 395
91 416
91 421
91 460
91 463
92 98
92 148
92 177
92 221
92 256
92 341
92 406
92 425
92 430
92 495
92 501
93 106
93 107
93 183
93 203
93 238
93 242
93 275
93 283
93 306
93 308
93 328
93 388
93 405
93 451
93 473
94 128
94 138
94 143
94 171
94 203
94 308
94 382
94 394
94 395
94 426
94 429
94 481
95 129
95 183
95 200
95 311
95 326
95 369
95 466
95 480
96 115
96 222
96 271
96 337
96 378
96 433
96 461
97 131
97 151
97 182
97 215
97 371
97 485
98 217
98 239
98 269
98 312
98 495
99 112
99 168
99 193
99 196
99 202
99 206
99 213
99 214
99 217
99 231
99 250
99 256
99 280
99 281
99 312
99 412
99 460
99 511
100 134
100 144
100 145
100 160
100 186
100 189
100 217
100 252
100 253
100 287
100 358
100 361
100 376
100 377
100 380
100 428
100 440
100 444
100 454
101 125
101 131
101 199
101 241
101 285
101 291
101 387
102 110
102 169
102 255
102 274
102 290
102 300
102 348
102 367
102 417
102 474
102 498
103 148
103 155
103 223
103 280
103 337
103 344
103 387
103 399
103 407
103 477
103 498
104 124
104 138
104 139
104 175
104 192
104 199
104 224
104 230
104 309
104 311
104 385
104 420
104 421
104 435
104 474
105 141
105 171
105 198
105 235
105 271
105 318
105 506
106 122
106 152
106 185
106 212
106 263
106 297
106 359
106 363
106 368
106 395
106 480
107 153
107 175
107 188
107 237
107 288
107 303
107 311
107 329
107 339
107 362
107 458
107 469
107 489
107 508
108 109
108 125
108 142
108 177
108 187
108 300
108 324
108 382
108 401
108 437
108 474
109 111
109 123
109 134
109 143
109 174
109 175
109 183
109 290
109 330
109 350
109 372
109 375
109 419
109 464
109 496
109 508
110 116
110 135
110 139
110 146
110 196
110 236
110 255
110 260
110 267
110 313
110 374
110 375
110 404
110 415
110 420
110 423
110 482
110 503
111 113
111 161
111 168
111 194
111 215
111 267
111 282
111 335
111 345
111 362
111 429
111 435
111 462
112 145
112 213
112 218
112 302
112 316
112 325
112 347
112 431
112 432
112 477
113 145
113 159
113 178
113 221
113 303
113 329
113 395
113 439
113 459
113 482
114 117
114 137
114 188
114 227
114 244
114 272
114 277
114 318
114 365
114 379
114 387
114 409
114 438
115 291
115 369
115 471
116 120
116 126
116 150
116 151
116 184
116 226
116 236
116 247
116 287
116 300
116 323
116 335
116 385
116 396
116 451
116 481
117 166
117 176
117 286
117 424
117 434
117 446
118 145
118 151
118 156
118 162
118 196
118 227
118 274
118 304
118 353
118 386
118 483
119 214
119 347
119 403
119 413
120 220
120 230
120 267
120 300
120 336
120 452
121 218
121 312
121 387
121 391
121 422
121 432
121 441
121 453
121 462
121 479
121 492
122 161
122 208
122 212
122 246
122 248
122 324
122 347
122 359
122 363
122 372
122 378
122 491
122 495
123 127
123 141
123 173
123 210
123 215
123 249
123 264
123 273
123 288
123 330
123 364
123 393
123 439
123 468
124 163
124 210
124 239
124 243
124 247
124 260
124 294
124 377
124 395
124 412
125 156
125 232
125 251
125 274
125 321
125 341
125 384
125 402
125 409
125 440
126 164
126 187
126 297
126 327
126 334
126 380
126 430
126 432
126 474
126 491
127 145
127 175
127 190
127 262
127 311
127 360
127 425
127 441
127 496
128 145
128 172
128 289
128 296
128 301
128 392
128 411
128 412
128 421
128 453
129 150
129 225
129 282
129 291
129 404
130 135
130 159
130 203
130 227
130 236
130 256
130 344
130 356
130 384
130 405
130 419
131 136
131 149
131 160
131 171
131 176
131 177
131 285
131 310
131 412
131 470
131 472
131 501
132 143
132 185
132 186
132 241
132 284
132 293
132 341
132 349
132 350
132 371
133 185
133 189
133 195
133 240
133 259
133 278
133 303
133 331
133 400
134 154
134 197
134 216
134 241
134 275
134 386
134 441
135 163
135 169
135 199
135 209
135 338
135 343
135 347
135 418
135 470
135 504
136 146
136 187
136 230
136 323
136 475
136 511
137 139
137 269
137 360
137 361
137 463
137 510
138 158
138 246
138 372
138 382
138 471
138 479
138 507
139 206
139 225
139 227
139 253
139 259
139 397
139 399
139 453
139 507
140 158
140 215
140 217
140 258
140 282
140 313
140 316
140 321
140 333
140 357
140 363
140 387
140 493
141 161
141 257
141 362
141 365
141 396
141 425
142 146
142 147
142 163
142 211
142 221
142 252
142 280
142 320
142 325
142 333
142 356
142 449
142 454
143 150
143 152
143 207
143 245
143 253
143 284
143 311
143 378
143 380
143 459
144 164
144 170
144 179
144 203
144 264
144 292
144 297
144 337
144 338
144 374
144 385
145 159
145 163
145 198
145 248
145 265
145 386
145 397
145 416
146 158
146 164
146 199
146 388
146 445
146 504
147 225
147 300
147 318
147 362
147 468
148 156
148 170
148 204
148 228
148 292
148 301
148 331
148 479
148 486
148 500
149 187
149 221
149 250
149 251
149 350
149 400
149 403
149 425
149 493
150 156
150 211
150 221
150 235
150 270
150 399
150 406
150 410
150 444
150 510
151 155
151 183
151 223
151 320
151 366
151 428
151 504
151 505
152 191
152 216
152 217
152 229
152 231
152 263
152 288
152 302
152 320
152 373
152 376
152 401
152 471
152 487
153 228
153 268
153 456
153 468
154 190
154 197
154 204
154 208
154 244
154 309
154 314
154 447
155 198
155 219
155 278
155 297
155 313
155 358
156 165
156 262
156 339
157 182
157 183
157 189
157 192
157 271
157 314
157 315
157 383
157 390
157 397
158 245
158 264
158 279
158 285
159 205
159 234
159 238
159 418
159 426
159 477
159 490
160 189
160 190
160 195
160 309
160 465
160 506
161 188
161 278
161 286
161 298
161 321
161 330
161 334
161 399
161 409
161 442
161 458
161 493
162 173
162 178
162 179
162 188
162 204
162 284
162 343
162 345
162 380
162 410
162 413
162 481
163 165
163 172
163 223
163 287
163 307
163 348
164 201
164 357
164 383
164 502
164 505
165 234
165 299
165 315
165 407
165 447
165 480
166 265
166 354
167 181
167 184
167 189
167 233
167 353
167 358
167 389
167 393
167 406
167 476
168 169
168 207
168 269
168 289
168 317
168 374
168 435
168 442
169 172
169 182
169 189
169 192
169 200
169 230
169 234
169 247
169 271
169 290
169 296
169 334
169 364
169 374
169 389
169 400
169 510
170 184
170 194
170 315
170 340
170 351
170 367
170 377
170 396
170 424
170 490
171 220
171 306
171 360
171 361
171 479
171 497
172 195
172 255
172 265
172 283
172 319
172 328
172 413
172 468
172 476
173 209
173 220
173 240
173 241
173 257
173 259
173 311
173 384
173 398
173 460
174 208
174 229
174 231
174 237
174 245
174 284
175 206
175 224
175 232
175 252
175 277
175 279
175 307
175 346
175 349
175 428
175 434
175 476
175 488
175 496
176 268
176 274
176 385
176 394
176 481
177 191
177 201
177 214
177 237
177 247
177 284
177 321
177 370
177 373
177 397
177 408
177 411
177 439
178 191
178 337
178 370
178 391
178 394
178 406
179 212
179 246
179 267
179 310
179 363
179 373
179 450
179 463
180 234
180 275
180 276
180 281
181 289
181 304
181 319
181 402
182 285
182 319
182 326
182 432
182 473
182 482
183 190
183 249
183 420
184 206
184 212
184 213
184 252
184 350
184 355
184 464
185 271
185 367
186 202
186 415
186 429
187 202
187 437
187 452
188 199
188 207
188 219
188 246
188 263
188 296
188 298
188 382
188 433
188 491
188 493
188 505
189 192
189 255
190 411
191 302
191 307
192 234
192 240
192 335
192 381
192 430
192 502
193 204
193 228
193 265
193 268
193 332
193 349
193 354
193 386
193 417
193 507
193 508
194 237
194 242
194 263
194 333
194 360
194 454
194 497
194 500
195 347
195 439
195 470
196 241
196 259
196 306
196 339
196 422
196 429
196 453
196 462
197 205
197 244
197 288
197 298
197 302
197 378
197 379
197 443
198 338
198 351
198 354
198 410
198 414
199 225
200 210
200 227
200 228
200 248
200 279
200 291
200 320
200 324
200 365
200 467
201 252
201 344
201 380
202 254
202 294
202 302
202 439
202 454
203 383
203 502
204 248
204 289
204 387
204 484
205 233
205 260
205 270
205 375
205 377
205 403
205 409
205 472
205 492
206 213
206 260
206 307
206 389
206 456
207 488
207 496
209 281
209 283
209 340
209 357
209 379
209 454
210 288
211 234
211 510
212 223
212 279
212 360
212 368
212 374
212 413
212 499
213 235
213 276
213 286
213 383
213 392
213 448
213 496
214 309
215 310
215 337
215 364
215 390
216 231
216 268
216 272
216 311
216 324
216 389
216 429
216 431
216 448
216 460
217 375
217 397
217 463
218 320
219 272
219 321
219 327
219 346
219 434
220 277
220 317
220 378
220 418
220 444
221 278
221 413
221 436
221 485
222 230
222 270
222 284
222 303
222 311
222 337
222 344
222 362
222 501
223 291
223 352
223 444
224 324
224 457
224 476
224 506
225 278
225 375
226 285
226 322
226 379
226 409
226 423
226 450
227 243
227 309
227 412
228 355
228 430
229 259
229 262
229 330
229 429
229 496
230 275
231 433
232 294
232 321
232 339
232 465
232 493
232 498
233 263
233 266
233 273
233 342
233 459
234 261
234 307
234 326
234 353
234 376
234 387
234 474
235 253
235 265
235 306
235 330
235 391
235 407
235 414
235 458
235 478
236 275
236 388
236 486
237 255
237 412
238 323
238 402
238 425
238 445
238 448
238 488
239 317
239 411
239 435
240 244
241 245
241 253
241 279
241 325
241 368
241 507
242 293
242 441
243 325
243 511
244 245
244 254
244 266
244 336
244 383
244 448
245 344
245 398
245 483
246 322
246 347
246 381
246 401
246 422
246 447
248 322
248 329
248 351
248 414
248 506
249 261
249 304
249 305
249 374
249 497
250 346
250 379
250 470
250 494
250 511
251 300
252 301
252 327
252 358
252 443
252 461
253 272
255 263
255 354
255 373
255 489
255 508
256 329
256 351
256 446
257 264
257 266
257 365
257 386
257 398
257 497
258 310
258 335
258 367
258 432
258 479
259 294
259 305
260 318
260 376
260 379
260 457
260 487
261 284
261 292
261 370
261 449
262 273
262 316
262 445
262 454
263 291
263 371
263 380
263 399
263 437
263 446
263 495
264 274
264 301
264 332
264 342
264 366
264 399
264 437
264 456
264 483
264 504
265 343
265 375
265 381
265 385
265 394
265 417
265 440
265 455
265 485
266 292
266 369
266 405
266 451
266 481
267 440
268 271
268 306
268 489
269 391
269 462
270 290
270 346
270 393
270 401
270 411
270 420
271 464
271 488
272 369
272 439
273 294
273 299
273 348
273 372
273 401
273 458
273 490
274 350
274 423
275 308
275 344
275 376
275 487
276 402
276 496
276 506
277 290
277 389
277 492
278 313
278 478
279 301
280 413
280 460
281 331
281 356
281 425
281 442
282 289
282 326
282 400
283 297
283 367
283 442
284 449
284 475
285 316
285 343
286 289
286 356
286 359
286 404
286 432
286 450
287 347
287 414
288 295
289 335
289 489
290 374
290 503
291 389
291 462
292 380
293 338
293 371
293 424
294 355
294 461
295 326
295 416
295 420
295 440
295 466
295 484
295 494
296 495
296 503
297 310
297 427
297 504
298 359
298 436
299 326
299 427
300 464
301 456
302 306
302 357
302 390
303 304
303 319
303 361
303 388
303 491
304 402
305 370
305 430
306 309
306 352
306 395
306 408
306 440
306 457
306 469
306 478
307 384
307 482
308 385
309 350
309 394
309 491
310 320
311 485
312 408
312 452
313 416
313 434
313 456
314 315
314 345
314 388
314 390
314 424
314 494
315 316
315 391
317 459
317 500
318 429
318 431
319 464
320 365
320 407
320 414
320 419
320 484
321 349
321 373
321 427
321 450
321 455
321 485
322 498
323 363
323 374
324 340
325 404
326 345
326 361
326 366
327 351
327 438
327 472
327 508
328 465
329 345
329 365
329 433
329 483
330 366
330 372
331 365
331 407
331 481
331 498
332 339
332 342
332 348
332 371
332 483
333 414
333 443
334 342
334 472
335 357
335 457
336 361
336 402
337 483
338 349
339 487
340 358
340 431
340 453
341 403
341 432
341 438
341 443
343 448
344 445
345 355
345 421
345 505
346 364
346 366
346 466
346 478
348 412
348 444
349 372
349 434
349 461
350 470
350 479
350 483
351 369
351 439
351 469
351 503
353 392
353 427
353 438
353 461
353 481
354 355
355 506
356 452
356 508
357 423
358 459
358 478
359 436
360 426
360 437
361 410
362 455
362 487
363 388
364 385
364 503
366 370
367 422
368 456
370 399
370 419
371 375
371 388
372 438
372 476
373 424
373 457
373 480
373 507
374 391
374 434
374 446
376 452
379 509
380 414
380 486
380 487
381 382
381 391
381 476
382 459
384 396
385 407
385 417
385 424
385 491
386 491
387 426
387 435
387 471
387 510
388 416
388 448
388 458
388 466
388 467
388 469
388 480
389 423
389 428
389 473
390 427
390 471
390 493
391 488
392 426
392 440
392 463
392 500
393 410
393 415
394 422
395 497
396 440
397 463
398 421
398 504
401 403
401 455
401 475
401 480
403 404
403 406
403 417
404 508
406 510
407 465
407 492
408 495
411 417
412 449
415 416
415 505
416 453
416 464
418 435
418 497
419 458
428 448
429 443
429 474
432 504
433 467
433 511
434 435
434 486
436 460
436 503
437 472
437 473
439 447
439 506
441 475
442 497
443 474
444 499
445 511
448 491
455 463
460 499
466 473
470 482
472 500
472 509
475 509
483 492
486 501
494 503
