0 10
0 11
0 13
0 15
0 16
0 17
0 19
0 20
0 33
0 34
0 37
0 42
0 56
0 61
0 65
0 93
0 97
0 134
0 166
0 170
0 177
0 204
0 207
0 211
0 214
0 240
0 280
0 285
0 331
0 338
0 356
0 357
0 377
0 385
0 408
1 9
1 10
1 11
1 13
1 15
1 17
1 21
1 23
1 33
1 36
1 48
1 49
1 50
1 53
1 56
1 57
1 60
1 64
1 72
1 73
1 86
1 97
1 101
1 109
1 122
1 130
1 215
1 216
1 247
1 251
1 288
1 289
1 291
1 293
1 319
1 329
1 378
1 404
1 407
1 415
1 436
1 498
2 10
2 11
2 12
2 14
2 16
2 18
2 23
2 25
2 27
2 29
2 31
2 36
2 38
2 39
2 55
2 59
2 82
2 91
2 99
2 124
2 125
2 147
2 153
2 160
2 165
2 173
2 177
2 182
2 245
2 299
2 309
2 315
2 339
2 348
2 394
2 397
2 416
2 420
2 432
2 465
2 471
2 481
2 501
2 506
2 509
3 9
3 10
3 12
3 19
3 22
3 28
3 37
3 38
3 46
3 58
3 72
3 74
3 76
3 79
3 90
3 95
3 105
3 113
3 122
3 123
3 139
3 157
3 184
3 218
3 239
3 261
3 264
3 286
3 296
3 297
3 298
3 300
3 338
3 401
3 423
3 426
3 430
3 442
3 463
3 466
3 483
4 9
4 11
4 15
4 18
4 22
4 23
4 24
4 26
4 35
4 39
4 40
4 48
4 53
4 77
4 100
4 140
4 157
4 188
4 198
4 201
4 220
4 227
4 232
4 266
4 277
4 300
4 354
4 362
4 363
4 374
4 441
4 460
4 467
4 480
4 490
5 9
5 10
5 11
5 15
5 16
5 18
5 19
5 20
5 21
5 26
5 28
5 47
5 62
5 64
5 74
5 79
5 83
5 90
5 97
5 98
5 99
5 115
5 116
5 123
5 125
5 131
5 141
5 144
5 149
5 151
5 163
5 169
5 189
5 191
5 197
5 203
5 217
5 219
5 246
5 263
5 295
5 331
5 343
5 351
5 370
5 386
5 404
5 420
5 433
5 439
5 441
5 442
5 446
5 457
5 458
5 461
5 497
6 9
6 13
6 21
6 25
6 27
6 31
6 37
6 58
6 101
6 134
6 156
6 205
6 209
6 230
6 263
6 275
6 290
6 341
6 358
6 398
6 448
6 480
6 488
6 491
7 10
7 11
7 13
7 14
7 15
7 19
7 20
7 28
7 30
7 50
7 52
7 65
7 86
7 92
7 100
7 122
7 127
7 136
7 137
7 171
7 195
7 199
7 212
7 250
7 278
7 295
7 328
7 329
7 358
7 360
7 397
7 405
7 415
7 420
7 425
7 471
7 501
8 17
8 25
8 29
8 35
8 59
8 63
8 128
8 146
8 171
8 190
8 296
8 320
8 449
9 10
9 11
9 13
9 14
9 17
9 18
9 19
9 63
9 73
9 105
9 135
9 144
9 151
9 173
9 207
9 214
9 221
9 223
9 225
9 231
9 233
9 239
9 258
9 288
9 323
9 336
9 345
9 360
9 399
9 457
9 503
9 510
10 11
10 13
10 15
10 17
10 19
10 20
10 24
10 25
10 28
10 29
10 31
10 35
10 36
10 38
10 49
10 59
10 73
10 74
10 84
10 87
10 102
10 104
10 119
10 126
10 131
10 148
10 157
10 159
10 166
10 178
10 215
10 222
10 228
10 239
10 243
10 246
10 249
10 253
10 256
10 261
10 272
10 294
10 308
10 324
10 326
10 327
10 334
10 365
10 366
10 378
10 385
10 393
10 416
10 442
10 450
10 461
10 488
10 495
11 12
11 13
11 14
11 16
11 17
11 18
11 26
11 27
11 30
11 32
11 37
11 38
11 45
11 49
11 50
11 53
11 56
11 70
11 72
11 78
11 85
11 91
11 97
11 102
11 117
11 133
11 137
11 164
11 167
11 168
11 174
11 184
11 186
11 189
11 198
11 204
11 243
11 248
11 251
11 258
11 281
11 283
11 304
11 318
11 363
11 395
11 431
11 436
11 441
11 442
11 453
11 463
11 483
11 484
11 491
11 509
11 511
12 13
12 18
12 23
12 24
12 27
12 30
12 32
12 43
12 44
12 54
12 64
12 69
12 90
12 91
12 93
12 113
12 118
12 121
12 124
12 154
12 168
12 172
12 204
12 209
12 210
12 221
12 223
12 227
12 229
12 231
12 257
12 266
12 268
12 273
12 302
12 332
12 372
12 398
12 422
12 445
12 475
12 480
12 486
12 496
13 15
13 20
13 21
13 22
13 23
13 24
13 31
13 34
13 36
13 46
13 47
13 51
13 58
13 59
13 66
13 71
13 73
13 74
13 75
13 82
13 84
13 94
13 98
13 104
13 107
13 112
13 117
13 120
13 124
13 133
13 142
13 143
13 148
13 159
13 165
13 174
13 177
13 183
13 192
13 197
13 251
13 254
13 259
13 308
13 315
13 319
13 330
13 342
13 346
13 347
13 357
13 360
13 369
13 370
13 377
13 380
13 392
13 410
13 416
13 417
13 418
13 454
13 455
13 473
13 474
13 483
13 506
13 508
14 16
14 17
14 23
14 24
14 35
14 36
14 38
14 40
14 44
14 53
14 54
14 63
14 75
14 81
14 87
14 91
14 101
14 109
14 132
14 148
14 150
14 155
14 160
14 164
14 166
14 170
14 182
14 183
14 192
14 212
14 215
14 217
14 218
14 223
14 228
14 244
14 259
14 265
14 268
14 269
14 276
14 278
14 285
14 295
14 299
14 303
14 314
14 315
14 360
14 374
14 376
14 380
14 409
14 421
14 437
14 438
14 464
14 492
15 18
15 22
15 23
15 34
15 36
15 43
15 50
15 56
15 67
15 72
15 78
15 86
15 93
15 96
15 110
15 124
15 133
15 141
15 144
15 162
15 193
15 200
15 201
15 208
15 213
15 218
15 236
15 243
15 256
15 272
15 285
15 295
15 328
15 362
15 366
15 384
15 394
15 414
15 426
15 429
15 446
15 462
15 495
15 501
16 19
16 21
16 24
16 25
16 26
16 32
16 34
16 35
16 40
16 48
16 53
16 67
16 74
16 75
16 83
16 84
16 94
16 97
16 111
16 115
16 123
16 128
16 130
16 139
16 150
16 168
16 189
16 194
16 238
16 245
16 270
16 307
16 308
16 322
16 326
16 340
16 347
16 364
16 376
16 435
16 461
16 493
17 18
17 22
17 25
17 26
17 29
17 35
17 36
17 37
17 43
17 44
17 49
17 51
17 61
17 62
17 80
17 87
17 89
17 110
17 121
17 125
17 127
17 136
17 140
17 150
17 169
17 173
17 174
17 181
17 190
17 200
17 270
17 312
17 313
17 320
17 321
17 372
17 389
17 422
17 439
17 449
17 459
17 465
17 510
18 26
18 28
18 30
18 33
18 39
18 50
18 53
18 56
18 63
18 80
18 91
18 111
18 121
18 127
18 133
18 137
18 151
18 165
18 173
18 183
18 244
18 246
18 256
18 257
18 271
18 291
18 298
18 309
18 400
18 404
18 408
18 481
18 482
18 483
19 27
19 29
19 42
19 90
19 91
19 99
19 113
19 116
19 118
19 130
19 145
19 149
19 153
19 167
19 178
19 185
19 186
19 262
19 298
19 301
19 309
19 384
19 393
19 408
19 410
19 457
20 27
20 32
20 36
20 37
20 47
20 59
20 65
20 85
20 91
20 104
20 117
20 161
20 165
20 176
20 179
20 187
20 190
20 195
20 219
20 230
20 249
20 269
20 325
20 364
20 388
20 399
20 430
20 505
21 30
21 33
21 37
21 39
21 42
21 43
21 44
21 46
21 47
21 52
21 60
21 61
21 71
21 74
21 79
21 80
21 110
21 118
21 125
21 126
21 140
21 160
21 164
21 168
21 171
21 173
21 177
21 193
21 196
21 201
21 202
21 205
21 234
21 249
21 287
21 303
21 309
21 325
21 330
21 340
21 374
21 381
21 387
21 407
21 482
21 486
22 24
22 31
22 33
22 42
22 46
22 80
22 86
22 89
22 90
22 95
22 97
22 103
22 126
22 159
22 178
22 193
22 201
22 216
22 226
22 271
22 291
22 310
22 337
22 345
22 384
22 389
22 460
22 504
23 27
23 32
23 40
23 47
23 56
23 57
23 71
23 76
23 83
23 111
23 114
23 121
23 134
23 137
23 153
23 170
23 180
23 184
23 201
23 216
23 235
23 250
23 276
23 278
23 292
23 311
23 318
23 329
23 343
23 356
23 377
23 390
23 400
23 414
23 421
23 423
23 437
23 510
24 25
24 26
24 27
24 28
24 29
24 30
24 34
24 35
24 54
24 67
24 72
24 73
24 76
24 85
24 92
24 124
24 131
24 147
24 154
24 157
24 161
24 167
24 173
24 183
24 186
24 192
24 224
24 238
24 337
24 340
24 429
24 458
24 469
25 32
25 38
25 51
25 52
25 54
25 57
25 75
25 76
25 77
25 79
25 82
25 101
25 102
25 170
25 217
25 228
25 282
25 290
25 323
25 377
25 389
25 414
25 427
25 457
25 478
26 32
26 38
26 46
26 63
26 70
26 77
26 111
26 117
26 118
26 165
26 209
26 219
26 229
26 234
26 235
26 330
26 349
26 365
26 469
26 492
26 506
27 43
27 44
27 64
27 68
27 89
27 94
27 99
27 105
27 116
27 127
27 135
27 156
27 163
27 198
27 218
27 221
27 235
27 303
27 326
27 392
27 409
27 427
27 441
27 488
27 491
28 34
28 36
28 41
28 63
28 89
28 107
28 129
28 142
28 179
28 201
28 266
28 267
28 325
28 334
28 342
28 488
29 45
29 49
29 50
29 56
29 92
29 103
29 120
29 152
29 195
29 197
29 205
29 229
29 274
29 327
29 397
29 470
30 32
30 55
30 62
30 66
30 68
30 81
30 107
30 110
30 116
30 145
30 179
30 190
30 210
30 217
30 271
30 330
30 357
30 362
30 368
30 375
30 382
30 398
30 417
30 451
30 462
31 40
31 45
31 46
31 55
31 66
31 69
31 70
31 150
31 161
31 182
31 207
31 210
31 216
31 226
31 271
31 419
31 436
32 44
32 54
32 60
32 65
32 98
32 108
32 115
32 132
32 137
32 138
32 161
32 181
32 185
32 274
32 314
32 328
32 378
33 35
33 45
33 46
33 62
33 88
33 152
33 199
33 274
33 279
33 321
33 371
33 386
33 387
33 399
33 501
33 508
34 43
34 51
34 53
34 59
34 62
34 66
34 69
34 76
34 89
34 123
34 148
34 168
34 183
34 193
34 202
34 208
34 228
34 270
34 301
34 314
34 334
34 364
34 413
34 425
34 434
34 445
34 495
35 55
35 73
35 78
35 80
35 98
35 104
35 108
35 115
35 138
35 141
35 163
35 169
35 170
35 195
35 196
35 302
35 316
35 415
35 423
36 37
36 45
36 48
36 54
36 55
36 58
36 69
36 90
36 93
36 103
36 144
36 148
36 168
36 191
36 197
36 199
36 203
36 232
36 241
36 249
36 255
36 337
36 349
36 359
36 372
36 390
36 399
36 429
36 503
37 45
37 57
37 115
37 120
37 123
37 132
37 198
37 223
37 293
37 305
37 330
37 489
38 57
38 69
38 81
38 88
38 90
38 102
38 129
38 139
38 158
38 162
38 244
38 248
38 359
38 364
38 386
38 392
38 403
38 409
38 424
38 469
38 496
39 43
39 44
39 47
39 52
39 61
39 108
39 112
39 129
39 151
39 158
39 160
39 178
39 187
39 226
39 230
39 240
39 245
39 262
39 275
39 304
39 306
39 346
39 393
39 427
39 443
39 448
39 460
39 464
39 484
39 492
40 49
40 70
40 110
40 111
40 113
40 131
40 145
40 162
40 164
40 167
40 188
40 199
40 204
40 213
40 224
40 232
40 246
40 298
40 311
40 335
40 354
40 383
40 394
40 396
40 421
40 472
41 42
41 45
41 71
41 86
41 87
41 91
41 95
41 96
41 105
41 135
41 153
41 157
41 161
41 192
41 221
41 339
41 394
41 412
41 459
41 500
42 54
42 58
42 59
42 60
42 61
42 95
42 112
42 136
42 145
42 203
42 220
42 225
42 254
42 271
42 323
42 378
42 489
42 507
43 78
43 98
43 117
43 118
43 136
43 228
43 232
43 284
43 333
43 361
43 382
43 389
44 62
44 75
44 90
44 93
44 105
44 106
44 118
44 138
44 169
44 180
44 229
44 231
44 240
44 267
44 280
44 282
44 326
44 362
44 373
44 434
44 461
44 462
45 50
45 67
45 70
45 114
45 127
45 139
45 172
45 197
45 207
45 252
45 367
45 386
45 424
45 452
46 52
46 57
46 69
46 71
46 72
46 83
46 112
46 119
46 143
46 227
46 263
46 317
46 341
46 361
46 399
46 511
47 48
47 51
47 52
47 84
47 109
47 147
47 174
47 182
47 205
47 213
47 229
47 233
47 234
47 257
47 278
47 294
47 306
47 316
47 325
47 463
47 473
47 491
47 507
48 49
48 62
48 68
48 95
48 100
48 102
48 118
48 129
48 136
48 141
48 162
48 165
48 176
48 177
48 188
48 224
48 233
48 258
48 265
48 328
48 367
48 369
48 380
48 410
48 414
48 452
48 459
48 465
48 479
48 484
48 509
49 54
49 71
49 78
49 135
49 182
49 187
49 272
49 283
49 287
49 355
49 397
50 76
50 113
50 117
50 122
50 130
50 177
50 194
50 218
50 224
50 268
50 269
50 352
50 408
50 432
50 457
50 467
50 487
51 52
51 58
51 83
51 171
51 198
51 238
51 276
51 314
51 328
51 330
51 338
51 352
51 378
51 413
51 441
51 459
51 470
52 80
52 82
52 83
52 84
52 103
52 127
52 175
52 185
52 194
52 213
52 214
52 230
52 240
52 244
52 251
52 262
52 267
52 270
52 290
52 306
52 310
52 311
52 346
52 376
52 403
52 429
52 505
53 83
53 139
53 265
53 288
53 292
53 392
53 401
53 416
53 422
53 452
54 70
54 82
54 156
54 207
54 278
54 325
54 338
54 407
54 430
55 56
55 60
55 65
55 96
55 106
55 112
55 123
55 166
55 173
55 206
55 220
55 222
55 237
55 294
55 313
55 332
55 359
55 361
55 406
55 423
55 486
56 57
56 62
56 68
56 99
56 123
56 131
56 160
56 162
56 163
56 166
56 183
56 202
56 222
56 244
56 267
56 279
56 283
56 297
56 303
56 379
56 442
56 444
56 463
57 84
57 127
57 136
57 155
57 158
57 210
57 220
57 234
57 261
57 294
57 312
57 366
57 399
57 463
58 71
58 96
58 100
58 106
58 159
58 160
58 175
58 203
58 205
58 345
58 351
58 367
58 383
58 401
58 456
59 68
59 72
59 73
59 77
59 89
59 107
59 109
59 116
59 121
59 128
59 175
59 334
59 377
59 380
59 405
60 66
60 92
60 117
60 144
60 163
60 188
60 208
60 231
60 247
60 260
60 288
61 65
61 79
61 87
61 108
61 140
61 149
61 155
61 192
61 245
61 253
61 324
61 351
61 417
61 440
61 443
61 469
61 481
62 64
62 93
62 142
62 156
62 174
62 205
62 242
62 349
62 353
62 461
62 487
63 73
63 75
63 76
63 77
63 98
63 104
63 120
63 131
63 134
63 184
63 196
63 207
63 210
63 237
63 296
63 357
63 361
63 401
63 405
63 421
63 460
63 468
63 474
63 481
63 509
64 66
64 81
64 101
64 107
64 132
64 140
64 154
64 165
64 181
64 192
64 263
64 312
64 330
64 342
64 385
64 413
64 434
64 446
64 476
64 508
65 69
65 106
65 171
65 187
65 197
65 208
65 217
65 291
65 353
65 417
65 435
65 483
66 116
66 133
66 161
66 218
66 324
66 405
66 427
66 428
66 431
66 502
66 511
67 86
67 94
67 102
67 110
67 231
67 248
67 253
67 277
67 286
67 296
67 376
67 378
67 473
68 70
68 101
68 124
68 162
68 179
68 186
68 229
68 284
68 324
68 343
68 353
68 356
68 372
68 458
68 507
69 71
69 120
69 135
69 274
69 329
69 353
69 442
69 455
69 497
69 506
70 74
70 78
70 81
70 83
70 87
70 88
70 105
70 112
70 120
70 171
70 219
70 307
70 316
70 377
71 167
71 207
71 282
71 284
71 402
71 470
71 499
72 77
72 99
72 107
72 119
72 128
72 136
72 176
72 177
72 209
72 234
72 244
72 287
72 292
72 346
72 354
72 355
72 504
73 161
73 184
73 212
73 213
73 227
73 394
73 439
74 103
74 128
74 201
74 256
74 280
74 287
74 292
74 382
74 433
75 76
75 113
75 121
75 159
75 197
75 211
75 228
75 243
75 338
75 370
75 412
75 419
75 426
75 427
75 438
75 446
75 455
76 115
76 128
76 136
76 138
76 164
76 185
76 200
76 237
76 276
76 306
76 335
76 350
77 122
77 175
77 445
77 494
78 98
78 106
78 146
78 180
78 186
78 225
78 250
78 282
78 339
78 409
78 418
78 486
79 114
79 121
79 142
79 148
79 153
79 174
79 195
79 242
79 268
79 279
79 313
79 322
79 339
79 406
79 436
79 493
80 129
80 148
80 178
80 227
80 255
80 307
80 342
80 349
80 360
80 451
80 470
81 164
81 192
81 261
81 309
81 310
81 388
81 401
81 411
81 416
81 453
82 119
82 179
82 180
82 191
82 227
82 472
83 157
83 209
83 290
83 306
83 332
83 493
84 90
84 92
84 118
84 185
84 191
84 192
84 204
84 210
84 239
84 277
84 279
84 350
84 355
84 388
84 390
84 398
84 430
84 479
85 86
85 92
85 101
85 142
85 147
85 159
85 172
85 174
85 247
85 281
85 307
85 318
85 353
85 447
86 101
86 110
86 135
86 200
86 206
86 247
86 260
86 266
86 273
86 275
86 276
86 297
86 373
86 418
86 425
86 445
86 485
86 500
87 110
87 176
87 304
87 308
87 312
87 385
87 396
87 427
88 112
88 113
88 117
88 119
88 123
88 173
88 178
88 386
89 114
89 143
89 154
89 237
89 241
89 314
89 332
89 333
89 393
89 407
89 459
90 118
90 148
90 164
90 215
90 257
90 264
90 325
90 391
90 428
90 437
90 473
90 475
91 95
91 104
91 109
91 175
91 194
91 248
91 296
91 337
91 364
91 400
91 462
92 117
92 138
92 142
92 145
92 153
92 187
92 257
92 459
92 462
93 138
93 169
93 172
93 198
93 250
93 275
93 293
93 308
93 346
93 357
93 377
93 455
93 479
93 511
94 122
94 130
94 210
94 272
94 302
94 352
94 508
95 103
95 108
95 114
95 116
95 129
95 133
95 149
95 179
95 475
96 141
96 146
96 175
96 198
96 234
96 349
96 419
96 447
96 454
97 130
97 154
97 186
97 234
97 253
97 336
97 359
97 379
97 390
97 425
97 428
97 454
98 108
98 123
98 142
98 193
98 248
98 252
98 309
98 324
98 350
98 395
99 155
99 163
99 198
99 243
99 244
99 245
99 259
99 260
99 284
99 286
99 385
99 414
100 237
100 238
100 262
100 299
100 350
100 357
100 391
100 481
101 131
101 170
101 188
101 203
101 371
101 373
102 126
102 138
102 139
102 171
102 184
102 239
102 247
102 329
102 399
102 419
102 436
102 442
102 504
103 115
103 126
103 137
103 142
103 187
103 242
103 254
103 358
103 422
103 438
104 124
104 141
104 209
104 295
104 384
104 473
104 477
104 499
105 129
105 263
105 283
105 292
105 299
105 465
105 498
106 111
106 124
106 152
106 182
106 191
106 287
106 296
106 342
106 428
106 436
106 448
107 139
107 233
107 260
107 297
107 345
107 356
107 486
108 199
109 187
109 361
109 479
109 494
109 506
110 131
110 156
110 242
110 252
110 318
110 344
110 348
111 202
111 389
112 113
112 116
112 119
112 129
112 133
112 208
112 219
112 338
112 345
112 350
112 383
112 401
112 409
112 411
112 473
113 195
113 196
113 256
113 316
113 371
113 373
113 374
113 420
113 470
114 196
114 331
114 410
114 510
115 164
115 166
115 169
115 254
115 275
115 280
115 331
115 390
115 414
115 434
115 480
115 498
116 128
116 176
116 209
116 289
117 186
117 490
118 126
118 182
118 303
118 312
118 339
118 340
118 375
118 506
119 178
119 358
119 472
120 125
120 150
120 230
120 439
120 466
120 489
121 141
121 225
121 254
122 139
122 147
122 149
122 152
122 200
122 264
122 267
122 292
122 364
123 162
123 211
123 291
123 293
124 181
124 200
124 322
124 373
125 152
125 155
125 175
125 186
125 222
125 248
125 302
125 347
125 368
125 402
126 293
126 317
126 423
126 487
127 152
127 238
127 331
127 338
127 395
127 412
127 427
127 450
128 129
128 194
128 232
128 279
128 460
129 151
129 211
129 242
129 310
129 329
129 453
129 479
130 143
130 262
130 298
130 310
130 387
130 430
130 456
130 493
131 160
131 399
131 400
131 460
131 510
132 276
132 315
132 337
132 363
133 140
133 181
133 432
133 462
134 180
134 202
134 221
134 226
134 234
134 346
134 387
134 403
134 405
134 444
134 450
135 223
135 225
135 235
135 326
135 333
135 440
136 159
136 185
136 194
136 211
136 214
136 279
136 333
136 390
137 197
137 254
137 385
137 418
137 439
137 460
138 208
138 308
138 333
138 362
138 401
138 451
138 461
138 490
139 155
139 189
139 190
139 215
139 217
139 227
139 248
139 289
139 308
139 309
139 343
139 441
139 479
140 158
140 175
140 204
140 215
140 253
140 273
140 336
140 340
140 341
140 349
140 411
140 423
140 489
140 511
141 222
141 236
141 427
141 448
142 151
142 189
142 223
142 224
142 347
142 464
142 509
143 212
143 219
143 335
144 149
144 157
144 181
144 262
144 318
144 369
144 476
145 173
145 250
145 362
145 425
146 373
146 501
147 168
147 272
147 296
147 314
148 152
148 163
148 199
148 210
148 351
148 382
150 155
150 335
150 478
151 166
151 181
151 288
151 382
151 387
151 412
151 511
152 212
152 327
152 366
152 389
152 415
153 165
153 171
153 258
153 412
153 433
153 475
154 185
154 290
154 326
154 335
155 240
155 242
155 295
155 337
155 382
155 409
155 418
155 420
155 422
155 455
155 472
155 496
156 203
156 230
156 266
156 270
156 489
157 252
157 278
157 286
157 374
157 394
158 220
158 255
158 288
158 452
159 172
159 196
159 203
159 212
159 222
159 237
159 244
159 246
159 276
159 301
159 320
159 409
159 474
160 194
160 200
160 367
160 394
160 444
160 451
160 485
161 180
161 207
161 216
161 233
162 282
162 320
162 342
164 168
164 245
164 309
164 323
164 474
164 496
165 166
165 256
165 273
166 228
166 325
166 411
166 429
168 199
168 251
168 388
168 432
168 440
168 494
168 502
168 507
169 195
169 214
169 271
170 176
170 207
170 285
170 297
170 374
170 411
170 415
171 193
171 303
171 317
172 275
172 471
173 236
173 318
173 354
173 421
174 188
174 272
174 311
174 397
174 437
174 477
176 402
177 183
177 214
177 334
177 372
177 464
178 197
179 238
179 275
179 283
179 393
179 482
180 191
180 259
180 448
180 458
181 199
181 206
181 259
181 270
181 321
181 355
181 375
181 382
181 392
181 403
181 458
182 263
182 388
183 192
183 196
183 212
183 235
183 277
183 283
183 284
183 310
183 321
184 275
184 306
184 371
184 404
185 193
185 292
185 358
185 432
186 371
186 387
187 190
187 219
187 220
187 227
187 317
187 319
187 389
187 413
187 428
187 445
187 475
187 498
188 202
188 205
188 296
188 324
188 348
188 379
188 397
188 424
188 437
189 211
189 313
190 243
190 385
191 372
191 398
191 497
192 251
192 332
192 340
192 346
193 269
193 333
193 371
194 463
195 265
195 274
195 323
196 225
196 436
196 499
197 259
197 332
197 343
197 352
197 375
197 485
197 502
198 241
198 372
199 220
199 256
199 338
200 202
200 216
200 264
200 312
200 426
200 455
201 258
201 390
202 224
202 234
202 250
202 253
202 307
202 311
202 328
202 390
202 400
202 402
203 295
203 322
203 370
203 424
203 456
204 205
204 299
204 495
204 511
205 292
207 419
208 230
208 293
208 305
208 396
208 416
208 428
208 489
209 324
209 499
211 438
211 464
211 466
212 486
214 217
214 495
215 276
215 301
215 345
215 366
215 419
215 493
215 505
216 258
216 323
217 233
217 408
217 451
217 507
219 282
219 321
219 350
219 496
220 316
220 454
221 362
221 448
222 230
222 257
222 266
222 281
222 311
222 498
223 274
224 315
224 364
225 229
225 264
225 331
225 434
225 480
226 376
226 422
227 375
227 497
228 289
229 238
229 274
229 503
229 505
230 251
231 249
231 426
232 236
232 326
233 302
233 352
233 392
233 467
233 479
234 286
234 332
234 380
237 273
237 365
237 489
238 273
238 487
239 289
239 321
239 396
239 469
239 509
241 289
241 340
242 259
242 399
242 506
243 307
243 357
243 407
244 269
244 289
244 298
244 313
244 457
244 461
244 501
245 277
245 383
245 452
246 295
246 320
246 357
246 365
246 400
246 495
247 305
247 315
247 367
247 446
248 288
248 326
249 270
249 320
250 416
250 482
251 287
251 288
251 368
251 407
251 411
251 413
251 473
252 363
252 494
253 303
253 318
253 424
253 478
254 344
254 438
255 298
255 346
256 389
257 308
257 404
257 463
258 387
259 301
259 314
259 335
259 354
259 411
259 435
260 268
262 275
262 296
262 378
262 398
262 441
262 492
263 266
264 478
265 302
265 387
266 277
266 407
266 447
267 268
267 358
267 381
267 429
268 315
269 271
269 282
269 405
269 407
269 430
270 305
271 351
271 501
272 291
272 457
273 290
273 304
274 344
274 448
275 284
275 325
275 344
275 379
275 464
276 327
277 395
279 290
279 304
279 412
280 370
280 449
281 331
281 354
281 433
281 507
282 349
282 444
283 356
283 384
283 396
284 470
285 439
286 328
286 445
286 477
287 359
288 431
289 320
289 370
289 471
291 300
291 370
291 375
291 481
292 447
293 431
294 323
294 456
297 301
299 344
299 487
300 397
300 446
300 496
302 324
302 410
303 354
304 356
304 446
304 485
304 496
305 422
306 351
306 359
306 408
307 472
308 343
308 402
309 385
309 396
309 496
310 369
311 384
311 453
312 466
312 493
313 402
313 404
313 454
313 482
314 350
314 388
314 406
317 383
317 505
318 360
318 414
319 397
320 475
321 444
322 348
322 367
322 380
323 361
324 334
324 393
325 359
326 372
326 427
326 497
328 333
328 365
328 381
328 395
328 422
328 494
328 510
329 491
330 496
330 504
331 343
332 369
332 438
333 412
334 348
334 443
335 348
337 389
338 442
340 453
341 417
341 429
342 476
343 487
344 391
344 418
344 465
344 474
345 367
345 368
345 477
345 498
346 472
347 402
348 406
348 485
349 350
350 395
353 449
354 439
355 462
355 468
355 500
356 469
356 489
359 418
359 485
360 477
361 459
361 491
362 367
362 456
363 483
363 488
364 401
364 469
365 413
365 445
366 443
366 475
367 382
368 497
369 404
370 497
371 374
371 451
371 492
372 456
372 490
373 453
377 465
378 457
378 479
379 397
382 405
384 454
384 461
384 503
385 506
386 491
387 510
388 445
389 396
389 417
390 391
390 392
390 452
391 406
392 458
394 432
394 462
394 490
395 453
396 410
398 446
399 426
400 502
401 403
401 440
401 471
402 431
402 474
402 477
403 468
406 433
406 467
408 497
409 411
411 476
412 447
412 472
418 470
421 481
421 505
423 474
426 447
430 500
435 500
436 510
440 449
441 502
442 490
443 452
445 503
445 508
450 509
452 510
459 479
460 476
464 484
465 507
469 478
471 473
472 486
472 499
473 481
473 483
474 499
479 507
483 487
490 492
492 501
503 507
