0 10
0 11
0 13
0 14
0 15
0 16
0 17
0 18
0 24
0 25
0 26
0 27
0 28
0 30
0 32
0 35
0 39
0 41
0 45
0 49
0 50
0 51
0 57
0 62
0 63
0 67
0 70
0 71
0 77
0 80
0 81
0 87
0 91
0 94
0 95
0 96
0 97
0 104
0 112
0 117
0 121
0 139
0 141
0 142
0 155
0 160
0 163
0 165
0 168
0 169
0 179
0 182
0 185
0 188
0 202
0 207
0 214
0 219
0 222
0 223
0 224
0 225
0 239
0 245
0 264
0 265
0 272
0 280
0 291
0 298
0 311
0 320
0 325
0 328
0 334
0 337
0 338
0 375
0 415
0 430
0 437
0 453
0 456
0 471
0 478
0 479
0 481
0 487
0 536
0 537
0 543
0 566
0 577
0 599
0 622
0 626
0 630
0 664
0 688
0 718
0 740
0 748
0 753
0 767
0 777
0 784
0 801
0 836
0 841
0 884
0 894
0 903
0 943
0 944
0 947
0 953
0 983
1 10
1 11
1 12
1 13
1 14
1 17
1 19
1 26
1 31
1 40
1 42
1 43
1 44
1 46
1 48
1 49
1 56
1 59
1 64
1 71
1 72
1 74
1 77
1 79
1 83
1 89
1 94
1 96
1 101
1 112
1 122
1 123
1 126
1 128
1 137
1 153
1 155
1 161
1 165
1 168
1 174
1 181
1 185
1 197
1 214
1 221
1 222
1 223
1 230
1 235
1 239
1 263
1 267
1 269
1 278
1 298
1 301
1 312
1 321
1 332
1 360
1 367
1 381
1 406
1 416
1 420
1 442
1 447
1 478
1 494
1 505
1 518
1 522
1 523
1 524
1 530
1 541
1 554
1 560
1 578
1 587
1 588
1 609
1 614
1 621
1 628
1 631
1 634
1 643
1 670
1 672
1 725
1 731
1 759
1 769
1 816
1 820
1 881
1 889
1 954
1 1023
2 10
2 11
2 12
2 13
2 14
2 15
2 16
2 17
2 18
2 19
2 22
2 23
2 24
2 25
2 35
2 39
2 45
2 47
2 53
2 57
2 61
2 65
2 70
2 75
2 79
2 93
2 109
2 110
2 127
2 137
2 151
2 157
2 176
2 189
2 190
2 194
2 199
2 201
2 223
2 225
2 226
2 245
2 249
2 263
2 297
2 298
2 324
2 325
2 332
2 345
2 357
2 410
2 435
2 446
2 448
2 471
2 482
2 488
2 490
2 549
2 570
2 588
2 607
2 612
2 618
2 631
2 632
2 662
2 679
2 692
2 703
2 731
2 736
2 764
2 784
2 795
2 839
2 864
2 882
2 885
2 887
2 913
2 940
2 969
2 1010
3 10
3 11
3 18
3 19
3 20
3 32
3 36
3 38
3 48
3 51
3 54
3 57
3 63
3 77
3 79
3 84
3 104
3 114
3 170
3 171
3 179
3 186
3 191
3 236
3 257
3 274
3 300
3 304
3 343
3 352
3 423
3 470
3 492
3 516
3 539
3 563
3 573
3 589
3 615
3 640
3 642
3 675
3 676
3 699
3 705
3 710
3 715
3 765
3 769
3 793
3 801
3 807
3 903
3 922
3 1014
4 10
4 11
4 12
4 14
4 16
4 19
4 20
4 21
4 32
4 34
4 37
4 42
4 67
4 88
4 130
4 131
4 145
4 162
4 163
4 166
4 168
4 185
4 229
4 234
4 235
4 245
4 250
4 261
4 265
4 279
4 291
4 296
4 319
4 373
4 388
4 395
4 413
4 459
4 553
4 577
4 582
4 632
4 658
4 685
4 725
4 782
4 793
4 818
4 826
4 868
4 909
4 924
4 941
4 946
4 953
4 1012
5 10
5 12
5 13
5 14
5 16
5 17
5 21
5 23
5 24
5 26
5 28
5 29
5 33
5 36
5 38
5 42
5 47
5 51
5 55
5 60
5 65
5 68
5 84
5 85
5 96
5 97
5 102
5 105
5 107
5 129
5 131
5 148
5 151
5 166
5 174
5 181
5 194
5 215
5 226
5 234
5 241
5 244
5 270
5 271
5 276
5 302
5 330
5 344
5 352
5 355
5 371
5 372
5 397
5 399
5 404
5 414
5 422
5 426
5 429
5 468
5 477
5 496
5 500
5 529
5 570
5 581
5 601
5 618
5 622
5 637
5 643
5 670
5 706
5 713
5 718
5 735
5 736
5 744
5 747
5 749
5 751
5 772
5 773
5 788
5 811
5 850
5 855
5 871
5 875
5 889
5 900
5 908
5 937
5 939
5 942
5 964
5 1008
6 10
6 11
6 12
6 13
6 14
6 15
6 17
6 18
6 21
6 22
6 23
6 24
6 27
6 28
6 29
6 31
6 47
6 60
6 64
6 66
6 73
6 80
6 83
6 86
6 101
6 106
6 114
6 115
6 138
6 167
6 187
6 192
6 194
6 214
6 216
6 238
6 243
6 253
6 261
6 317
6 330
6 351
6 374
6 378
6 379
6 383
6 404
6 421
6 457
6 485
6 534
6 579
6 607
6 631
6 636
6 658
6 681
6 726
6 732
6 737
6 744
6 750
6 758
6 786
6 792
6 852
6 857
6 895
6 896
6 905
6 984
6 1014
7 10
7 11
7 12
7 13
7 15
7 19
7 20
7 21
7 23
7 25
7 28
7 31
7 35
7 41
7 42
7 47
7 48
7 52
7 54
7 58
7 60
7 61
7 65
7 68
7 70
7 74
7 77
7 79
7 81
7 82
7 97
7 98
7 121
7 122
7 135
7 169
7 174
7 186
7 199
7 217
7 219
7 247
7 257
7 259
7 271
7 284
7 294
7 304
7 307
7 353
7 369
7 370
7 389
7 415
7 430
7 441
7 449
7 453
7 457
7 461
7 479
7 492
7 538
7 549
7 560
7 590
7 607
7 671
7 678
7 693
7 767
7 773
7 774
7 791
7 805
7 815
7 824
7 851
7 859
7 861
7 879
7 892
7 897
7 924
7 945
7 957
7 963
7 970
7 988
7 994
7 1008
8 10
8 11
8 12
8 14
8 16
8 36
8 38
8 43
8 44
8 49
8 54
8 75
8 80
8 86
8 111
8 136
8 139
8 164
8 180
8 249
8 263
8 264
8 291
8 317
8 545
8 556
8 569
8 575
8 577
8 604
8 613
8 724
8 743
8 768
8 791
8 879
8 888
8 997
8 1011
8 1023
9 10
9 11
9 12
9 13
9 15
9 19
9 20
9 32
9 35
9 39
9 45
9 66
9 69
9 70
9 79
9 93
9 125
9 131
9 139
9 152
9 169
9 188
9 191
9 193
9 194
9 203
9 208
9 313
9 364
9 381
9 398
9 403
9 506
9 516
9 602
9 624
9 630
9 653
9 691
9 699
9 710
9 769
9 823
9 902
9 911
9 916
9 933
10 11
10 12
10 13
10 14
10 15
10 16
10 17
10 18
10 19
10 21
10 22
10 23
10 24
10 27
10 28
10 30
10 32
10 33
10 34
10 35
10 36
10 40
10 42
10 43
10 48
10 50
10 51
10 53
10 56
10 59
10 60
10 61
10 62
10 66
10 69
10 70
10 76
10 80
10 81
10 85
10 90
10 92
10 106
10 108
10 110
10 120
10 123
10 126
10 127
10 129
10 135
10 151
10 152
10 154
10 159
10 161
10 163
10 165
10 167
10 168
10 170
10 171
10 172
10 173
10 178
10 181
10 186
10 196
10 197
10 198
10 207
10 214
10 220
10 224
10 225
10 228
10 240
10 248
10 251
10 281
10 287
10 288
10 301
10 302
10 308
10 311
10 312
10 313
10 314
10 333
10 339
10 366
10 374
10 440
10 442
10 463
10 473
10 485
10 503
10 512
10 528
10 530
10 535
10 540
10 548
10 552
10 569
10 576
10 578
10 587
10 594
10 613
10 618
10 626
10 639
10 642
10 645
10 648
10 649
10 653
10 654
10 656
10 663
10 669
10 679
10 689
10 708
10 715
10 718
10 736
10 758
10 773
10 777
10 783
10 798
10 799
10 800
10 837
10 838
10 846
10 850
10 889
10 903
10 907
10 911
10 917
10 932
10 935
10 948
10 976
10 987
10 1001
10 1017
10 1018
11 12
11 13
11 14
11 15
11 16
11 17
11 18
11 20
11 21
11 22
11 24
11 25
11 26
11 27
11 28
11 30
11 31
11 33
11 34
11 36
11 40
11 43
11 44
11 45
11 46
11 47
11 48
11 49
11 52
11 57
11 58
11 61
11 62
11 65
11 69
11 70
11 71
11 73
11 75
11 86
11 90
11 91
11 93
11 95
11 96
11 98
11 101
11 103
11 104
11 107
11 113
11 116
11 121
11 136
11 137
11 141
11 143
11 144
11 147
11 148
11 165
11 174
11 176
11 185
11 193
11 207
11 208
11 215
11 225
11 231
11 239
11 240
11 254
11 263
11 266
11 268
11 269
11 270
11 271
11 275
11 280
11 282
11 284
11 286
11 298
11 304
11 307
11 311
11 315
11 317
11 321
11 336
11 339
11 354
11 368
11 372
11 391
11 405
11 428
11 463
11 482
11 484
11 494
11 495
11 511
11 519
11 537
11 539
11 543
11 548
11 572
11 573
11 586
11 594
11 628
11 629
11 630
11 639
11 662
11 698
11 699
11 701
11 704
11 710
11 713
11 741
11 752
11 757
11 777
11 797
11 804
11 807
11 812
11 815
11 838
11 863
11 866
11 877
11 890
11 891
11 913
11 918
11 957
11 968
11 979
11 993
11 1000
11 1004
12 13
12 14
12 15
12 16
12 17
12 18
12 19
12 20
12 22
12 27
12 30
12 31
12 34
12 35
12 39
12 40
12 42
12 48
12 55
12 60
12 61
12 63
12 64
12 67
12 69
12 71
12 73
12 75
12 83
12 93
12 101
12 102
12 103
12 106
12 128
12 129
12 132
12 147
12 160
12 169
12 183
12 186
12 189
12 197
12 202
12 204
12 209
12 211
12 212
12 218
12 224
12 229
12 233
12 236
12 239
12 240
12 247
12 248
12 261
12 284
12 295
12 308
12 314
12 318
12 330
12 353
12 356
12 371
12 397
12 398
12 409
12 412
12 426
12 436
12 437
12 445
12 449
12 495
12 497
12 504
12 508
12 520
12 527
12 533
12 536
12 619
12 633
12 642
12 644
12 648
12 655
12 668
12 724
12 725
12 746
12 767
12 770
12 865
12 880
12 917
12 924
12 939
12 940
12 971
12 982
12 985
12 990
13 15
13 16
13 17
13 21
13 22
13 25
13 29
13 30
13 31
13 33
13 34
13 35
13 36
13 41
13 46
13 48
13 52
13 53
13 56
13 61
13 65
13 70
13 74
13 78
13 80
13 81
13 82
13 87
13 88
13 89
13 92
13 102
13 103
13 105
13 109
13 119
13 127
13 131
13 134
13 144
13 147
13 149
13 150
13 154
13 159
13 160
13 167
13 181
13 193
13 194
13 200
13 201
13 204
13 210
13 214
13 215
13 218
13 221
13 232
13 235
13 244
13 255
13 256
13 259
13 265
13 277
13 278
13 281
13 293
13 299
13 308
13 313
13 319
13 329
13 330
13 337
13 341
13 344
13 350
13 391
13 426
13 438
13 442
13 457
13 459
13 467
13 468
13 476
13 480
13 484
13 485
13 487
13 519
13 531
13 545
13 554
13 559
13 588
13 589
13 591
13 602
13 630
13 655
13 658
13 677
13 698
13 701
13 734
13 745
13 757
13 769
13 772
13 776
13 777
13 780
13 796
13 830
13 832
13 839
13 848
13 862
13 867
13 868
13 871
13 876
13 881
13 882
13 885
13 911
13 918
13 942
13 957
13 966
13 986
14 15
14 18
14 19
14 20
14 22
14 23
14 28
14 33
14 40
14 41
14 43
14 49
14 50
14 52
14 55
14 59
14 64
14 66
14 68
14 69
14 84
14 85
14 86
14 90
14 92
14 100
14 104
14 119
14 122
14 125
14 127
14 135
14 141
14 142
14 147
14 148
14 152
14 154
14 159
14 170
14 176
14 179
14 197
14 199
14 201
14 208
14 210
14 226
14 227
14 228
14 260
14 265
14 270
14 273
14 275
14 279
14 282
14 285
14 287
14 288
14 294
14 303
14 304
14 308
14 309
14 312
14 313
14 334
14 340
14 350
14 364
14 371
14 387
14 394
14 396
14 402
14 410
14 415
14 424
14 426
14 428
14 440
14 443
14 450
14 463
14 471
14 477
14 478
14 480
14 485
14 487
14 503
14 507
14 523
14 524
14 526
14 533
14 535
14 536
14 539
14 549
14 553
14 555
14 573
14 592
14 598
14 604
14 616
14 627
14 632
14 647
14 650
14 651
14 652
14 706
14 707
14 712
14 722
14 729
14 732
14 737
14 760
14 775
14 794
14 801
14 811
14 815
14 843
14 921
14 940
14 946
14 953
14 962
14 973
14 980
14 990
15 16
15 17
15 18
15 20
15 26
15 27
15 33
15 35
15 36
15 37
15 38
15 39
15 42
15 45
15 64
15 69
15 73
15 75
15 78
15 87
15 89
15 90
15 92
15 94
15 100
15 101
15 102
15 105
15 109
15 110
15 111
15 115
15 118
15 123
15 124
15 126
15 132
15 152
15 163
15 188
15 190
15 191
15 196
15 197
15 198
15 208
15 211
15 244
15 251
15 255
15 260
15 262
15 267
15 278
15 280
15 294
15 296
15 321
15 330
15 335
15 339
15 344
15 352
15 359
15 361
15 362
15 392
15 393
15 429
15 455
15 460
15 464
15 474
15 481
15 482
15 484
15 508
15 513
15 514
15 517
15 524
15 543
15 553
15 562
15 583
15 585
15 586
15 616
15 646
15 648
15 679
15 682
15 686
15 691
15 692
15 696
15 712
15 714
15 757
15 762
15 778
15 780
15 787
15 817
15 849
15 851
15 863
15 892
15 907
15 909
15 914
15 916
15 964
15 1012
15 1015
16 18
16 20
16 21
16 22
16 24
16 29
16 30
16 32
16 34
16 37
16 38
16 40
16 41
16 45
16 50
16 51
16 55
16 63
16 70
16 71
16 73
16 74
16 75
16 81
16 85
16 87
16 90
16 91
16 93
16 94
16 95
16 100
16 104
16 105
16 108
16 113
16 117
16 119
16 121
16 126
16 134
16 141
16 142
16 144
16 145
16 146
16 151
16 157
16 159
16 174
16 175
16 182
16 187
16 196
16 200
16 201
16 209
16 229
16 233
16 235
16 256
16 260
16 273
16 278
16 283
16 291
16 297
16 302
16 309
16 310
16 311
16 344
16 348
16 349
16 361
16 366
16 388
16 408
16 414
16 444
16 455
16 470
16 474
16 475
16 478
16 488
16 503
16 506
16 514
16 527
16 541
16 563
16 565
16 566
16 593
16 620
16 629
16 632
16 633
16 635
16 641
16 643
16 645
16 667
16 690
16 692
16 699
16 729
16 739
16 742
16 757
16 760
16 765
16 768
16 770
16 774
16 792
16 821
16 843
16 846
16 850
16 858
16 876
16 886
16 892
16 894
16 900
16 927
16 938
16 955
16 962
16 967
16 1023
17 20
17 23
17 25
17 26
17 29
17 30
17 31
17 36
17 37
17 38
17 39
17 40
17 49
17 50
17 51
17 53
17 64
17 83
17 88
17 108
17 112
17 153
17 180
17 195
17 213
17 233
17 234
17 242
17 249
17 270
17 290
17 305
17 332
17 381
17 396
17 411
17 417
17 430
17 435
17 438
17 441
17 508
17 525
17 536
17 544
17 550
17 565
17 567
17 617
17 618
17 646
17 663
17 711
17 714
17 741
17 750
17 760
17 788
17 813
17 816
17 828
17 841
17 855
17 895
17 902
17 945
17 991
17 1009
17 1019
18 19
18 22
18 23
18 25
18 27
18 28
18 29
18 30
18 34
18 37
18 38
18 39
18 42
18 45
18 46
18 47
18 54
18 55
18 56
18 59
18 67
18 69
18 70
18 78
18 80
18 82
18 84
18 92
18 94
18 95
18 96
18 97
18 99
18 103
18 106
18 108
18 110
18 120
18 125
18 131
18 145
18 146
18 159
18 171
18 180
18 182
18 198
18 200
18 206
18 227
18 251
18 259
18 260
18 267
18 282
18 285
18 290
18 296
18 313
18 316
18 320
18 322
18 330
18 331
18 347
18 362
18 373
18 390
18 414
18 417
18 447
18 449
18 463
18 469
18 474
18 475
18 491
18 492
18 493
18 514
18 545
18 564
18 567
18 575
18 593
18 651
18 684
18 735
18 740
18 753
18 834
18 839
18 847
18 907
18 912
18 945
18 960
18 984
18 997
19 21
19 22
19 25
19 26
19 27
19 28
19 33
19 34
19 38
19 46
19 50
19 51
19 60
19 62
19 72
19 73
19 84
19 95
19 97
19 99
19 100
19 107
19 113
19 114
19 118
19 120
19 133
19 136
19 158
19 161
19 166
19 175
19 177
19 184
19 202
19 203
19 217
19 223
19 233
19 245
19 252
19 260
19 267
19 275
19 281
19 292
19 294
19 311
19 336
19 340
19 348
19 358
19 364
19 367
19 378
19 387
19 393
19 404
19 410
19 426
19 458
19 461
19 466
19 474
19 483
19 540
19 546
19 554
19 577
19 578
19 580
19 583
19 588
19 593
19 597
19 609
19 622
19 666
19 717
19 761
19 773
19 803
19 808
19 815
19 835
19 884
19 893
19 904
19 905
19 940
19 996
19 1004
19 1005
20 21
20 23
20 24
20 25
20 26
20 29
20 31
20 32
20 34
20 37
20 40
20 41
20 42
20 44
20 51
20 56
20 74
20 78
20 80
20 81
20 89
20 92
20 120
20 129
20 138
20 142
20 151
20 157
20 164
20 172
20 185
20 187
20 189
20 195
20 198
20 202
20 212
20 231
20 236
20 250
20 252
20 264
20 279
20 290
20 295
20 302
20 304
20 325
20 348
20 349
20 383
20 406
20 412
20 414
20 459
20 486
20 497
20 564
20 573
20 630
20 654
20 655
20 751
20 756
20 773
20 824
20 844
20 925
20 936
20 952
20 962
20 977
20 998
20 1002
21 23
21 26
21 27
21 35
21 37
21 43
21 52
21 53
21 58
21 66
21 68
21 73
21 76
21 91
21 94
21 98
21 100
21 103
21 117
21 127
21 140
21 150
21 157
21 206
21 211
21 217
21 228
21 229
21 244
21 245
21 251
21 265
21 276
21 278
21 280
21 287
21 308
21 314
21 317
21 334
21 353
21 356
21 397
21 398
21 400
21 420
21 453
21 458
21 460
21 483
21 489
21 495
21 542
21 550
21 552
21 566
21 568
21 585
21 597
21 618
21 657
21 705
21 711
21 724
21 738
21 746
21 768
21 775
21 781
21 795
21 832
21 904
21 920
21 1006
22 24
22 26
22 28
22 29
22 31
22 36
22 37
22 39
22 51
22 54
22 61
22 82
22 86
22 88
22 98
22 108
22 110
22 114
22 115
22 130
22 145
22 151
22 154
22 158
22 165
22 175
22 197
22 239
22 241
22 248
22 250
22 261
22 266
22 282
22 286
22 287
22 301
22 305
22 316
22 344
22 346
22 354
22 380
22 384
22 422
22 424
22 430
22 447
22 455
22 456
22 501
22 512
22 526
22 538
22 543
22 569
22 586
22 616
22 617
22 621
22 624
22 667
22 669
22 713
22 723
22 761
22 776
22 845
22 849
22 853
22 882
22 890
22 940
22 977
22 1005
22 1015
22 1023
23 24
23 29
23 33
23 34
23 41
23 43
23 48
23 54
23 59
23 71
23 101
23 102
23 108
23 109
23 112
23 123
23 125
23 130
23 131
23 141
23 152
23 153
23 232
23 234
23 236
23 238
23 245
23 250
23 259
23 266
23 285
23 333
23 337
23 352
23 355
23 362
23 382
23 412
23 433
23 475
23 509
23 512
23 517
23 581
23 590
23 612
23 614
23 655
23 672
23 739
23 779
23 796
23 875
23 928
23 930
23 932
23 974
23 980
23 1002
24 25
24 29
24 33
24 35
24 37
24 52
24 55
24 60
24 76
24 83
24 85
24 116
24 126
24 134
24 139
24 155
24 161
24 187
24 192
24 197
24 207
24 212
24 213
24 214
24 238
24 243
24 256
24 275
24 278
24 295
24 302
24 316
24 347
24 348
24 363
24 370
24 428
24 437
24 470
24 492
24 493
24 533
24 577
24 588
24 596
24 601
24 632
24 649
24 651
24 743
24 747
24 759
24 765
24 788
24 806
24 828
24 861
24 862
24 886
24 914
24 934
24 936
24 1000
25 30
25 31
25 39
25 83
25 102
25 106
25 185
25 209
25 212
25 217
25 252
25 322
25 331
25 337
25 380
25 422
25 479
25 535
25 591
25 623
25 626
25 667
25 670
25 681
25 691
25 707
25 772
25 791
25 860
26 27
26 32
26 44
26 54
26 64
26 88
26 109
26 116
26 121
26 122
26 124
26 130
26 139
26 211
26 228
26 249
26 257
26 268
26 271
26 301
26 329
26 347
26 351
26 394
26 407
26 411
26 538
26 592
26 611
26 727
26 740
26 763
26 852
26 976
26 977
26 1013
27 32
27 40
27 41
27 46
27 49
27 50
27 68
27 89
27 94
27 98
27 99
27 102
27 103
27 114
27 124
27 127
27 143
27 146
27 165
27 172
27 192
27 216
27 224
27 247
27 255
27 290
27 339
27 367
27 398
27 401
27 402
27 404
27 427
27 451
27 521
27 532
27 546
27 594
27 606
27 611
27 731
27 769
27 782
27 786
27 828
27 847
27 884
27 917
27 920
27 928
27 934
27 935
27 936
27 1005
28 30
28 45
28 47
28 59
28 67
28 77
28 86
28 100
28 115
28 116
28 118
28 126
28 135
28 150
28 157
28 186
28 197
28 213
28 230
28 310
28 311
28 313
28 317
28 333
28 341
28 363
28 368
28 414
28 443
28 444
28 460
28 579
28 583
28 605
28 611
28 623
28 683
28 723
28 724
28 753
28 828
28 869
28 882
28 895
28 905
28 908
28 918
28 952
28 978
29 32
29 33
29 38
29 46
29 49
29 53
29 56
29 62
29 65
29 79
29 105
29 110
29 124
29 149
29 227
29 229
29 233
29 256
29 276
29 307
29 359
29 435
29 486
29 515
29 549
29 551
29 592
29 605
29 614
29 619
29 626
29 656
29 662
29 722
29 793
29 901
29 930
29 945
29 1012
30 40
30 43
30 48
30 52
30 56
30 57
30 67
30 76
30 78
30 81
30 83
30 104
30 107
30 112
30 113
30 119
30 140
30 172
30 193
30 202
30 265
30 306
30 388
30 391
30 473
30 537
30 573
30 594
30 620
30 637
30 720
30 732
30 739
30 798
30 802
30 871
30 906
30 980
30 981
30 1000
30 1002
31 41
31 45
31 53
31 60
31 75
31 101
31 102
31 116
31 131
31 196
31 241
31 243
31 259
31 262
31 277
31 302
31 307
31 316
31 343
31 383
31 386
31 450
31 470
31 502
31 504
31 507
31 516
31 533
31 599
31 622
31 699
31 822
31 835
31 972
31 979
32 37
32 41
32 42
32 46
32 54
32 57
32 62
32 66
32 78
32 85
32 87
32 90
32 92
32 103
32 104
32 106
32 111
32 115
32 117
32 139
32 144
32 150
32 159
32 162
32 169
32 171
32 175
32 193
32 195
32 199
32 216
32 227
32 240
32 246
32 261
32 286
32 301
32 325
32 340
32 346
32 352
32 373
32 388
32 405
32 446
32 463
32 498
32 530
32 533
32 543
32 572
32 590
32 607
32 621
32 630
32 634
32 636
32 673
32 674
32 687
32 705
32 714
32 729
32 787
32 849
32 876
32 890
32 898
32 939
32 945
32 957
32 1016
33 36
33 44
33 45
33 50
33 58
33 59
33 62
33 63
33 66
33 71
33 72
33 76
33 80
33 123
33 132
33 150
33 194
33 211
33 224
33 238
33 243
33 262
33 269
33 291
33 308
33 312
33 326
33 331
33 346
33 359
33 364
33 369
33 372
33 375
33 388
33 390
33 406
33 409
33 419
33 435
33 440
33 444
33 493
33 494
33 498
33 499
33 504
33 538
33 540
33 544
33 556
33 599
33 612
33 623
33 664
33 666
33 680
33 685
33 686
33 693
33 743
33 744
33 748
33 786
33 812
33 842
33 848
33 863
33 883
33 959
33 1019
34 39
34 44
34 46
34 55
34 56
34 58
34 68
34 71
34 76
34 82
34 125
34 126
34 133
34 138
34 140
34 143
34 150
34 173
34 206
34 210
34 215
34 218
34 222
34 239
34 242
34 248
34 249
34 259
34 262
34 269
34 273
34 294
34 311
34 318
34 320
34 344
34 365
34 375
34 388
34 419
34 421
34 430
34 431
34 451
34 474
34 486
34 499
34 536
34 547
34 562
34 571
34 610
34 631
34 634
34 638
34 642
34 652
34 659
34 669
34 678
34 680
34 682
34 692
34 701
34 722
34 764
34 821
34 828
34 832
34 851
34 865
34 949
34 970
34 976
34 984
34 1005
35 44
35 57
35 89
35 117
35 146
35 159
35 171
35 176
35 220
35 231
35 354
35 392
35 407
35 590
35 597
35 652
35 653
35 690
35 754
35 787
35 837
35 842
35 936
36 44
36 52
36 53
36 55
36 57
36 65
36 67
36 78
36 87
36 89
36 97
36 105
36 111
36 126
36 134
36 145
36 156
36 157
36 165
36 177
36 180
36 187
36 188
36 208
36 211
36 218
36 223
36 247
36 266
36 278
36 315
36 327
36 328
36 336
36 341
36 343
36 348
36 359
36 378
36 455
36 501
36 517
36 526
36 594
36 673
36 684
36 687
36 701
36 714
36 746
36 763
36 809
36 841
36 880
36 929
36 966
36 980
36 981
36 988
36 991
37 38
37 43
37 44
37 46
37 47
37 48
37 49
37 51
37 52
37 54
37 55
37 57
37 59
37 63
37 67
37 73
37 78
37 81
37 84
37 93
37 103
37 108
37 128
37 138
37 142
37 147
37 162
37 180
37 184
37 194
37 205
37 210
37 222
37 227
37 240
37 247
37 254
37 255
37 271
37 279
37 295
37 298
37 303
37 306
37 309
37 322
37 324
37 336
37 360
37 362
37 395
37 396
37 433
37 439
37 446
37 453
37 460
37 497
37 520
37 524
37 546
37 598
37 607
37 615
37 618
37 629
37 664
37 672
37 684
37 689
37 695
37 721
37 730
37 734
37 735
37 737
37 748
37 755
37 756
37 775
37 785
37 807
37 818
37 825
37 831
37 838
37 846
37 858
37 880
37 900
37 911
37 925
37 930
37 934
37 944
37 963
37 979
38 43
38 65
38 68
38 74
38 92
38 100
38 103
38 109
38 128
38 132
38 142
38 151
38 190
38 191
38 200
38 201
38 210
38 222
38 223
38 236
38 243
38 247
38 255
38 271
38 305
38 324
38 327
38 329
38 332
38 335
38 345
38 352
38 355
38 358
38 374
38 401
38 436
38 484
38 485
38 499
38 506
38 553
38 573
38 586
38 645
38 646
38 671
38 701
38 702
38 714
38 730
38 743
38 756
38 761
38 791
38 797
38 833
38 860
38 877
38 899
38 914
38 922
38 929
38 943
38 992
38 999
39 50
39 76
39 85
39 98
39 105
39 106
39 110
39 121
39 162
39 177
39 180
39 182
39 260
39 262
39 263
39 296
39 322
39 334
39 348
39 355
39 394
39 402
39 416
39 521
39 540
39 545
39 564
39 671
39 716
39 775
39 820
39 862
39 907
39 972
39 986
39 1007
40 56
40 61
40 62
40 68
40 77
40 82
40 104
40 111
40 112
40 160
40 262
40 288
40 312
40 371
40 390
40 434
40 442
40 452
40 477
40 509
40 525
40 601
40 628
40 683
40 878
40 923
40 938
40 944
40 981
40 1022
41 47
41 56
41 59
41 60
41 63
41 183
41 189
41 192
41 193
41 209
41 223
41 236
41 249
41 277
41 278
41 284
41 309
41 317
41 326
41 367
41 368
41 410
41 413
41 417
41 421
41 493
41 506
41 509
41 520
41 534
41 548
41 558
41 561
41 583
41 609
41 644
41 647
41 662
41 671
41 691
41 736
41 755
41 804
41 819
41 904
41 991
42 49
42 58
42 93
42 95
42 97
42 128
42 134
42 138
42 139
42 161
42 163
42 170
42 290
42 293
42 423
42 459
42 495
42 497
42 500
42 545
42 554
42 562
42 581
42 590
42 605
42 669
42 711
42 781
42 862
43 59
43 69
43 80
43 98
43 132
43 141
43 166
43 183
43 201
43 242
43 244
43 264
43 394
43 510
43 529
43 540
43 574
43 579
43 591
43 698
43 717
43 719
43 888
43 956
44 54
44 66
44 77
44 127
44 142
44 143
44 149
44 160
44 168
44 199
44 235
44 241
44 246
44 251
44 280
44 283
44 292
44 368
44 386
44 486
44 491
44 493
44 636
44 669
44 674
44 679
44 686
44 713
44 745
44 781
44 789
44 802
44 840
44 892
44 903
44 999
44 1007
45 47
45 60
45 101
45 121
45 129
45 133
45 139
45 162
45 183
45 201
45 210
45 238
45 281
45 285
45 286
45 314
45 323
45 335
45 353
45 372
45 379
45 405
45 447
45 450
45 453
45 469
45 473
45 480
45 485
45 501
45 583
45 593
45 594
45 671
45 682
45 702
45 703
45 729
45 785
45 796
45 797
45 798
45 810
45 819
45 829
45 834
45 835
45 842
45 875
45 876
45 910
45 913
45 922
45 989
46 74
46 76
46 96
46 99
46 102
46 106
46 114
46 144
46 190
46 196
46 207
46 225
46 241
46 271
46 281
46 296
46 306
46 324
46 359
46 397
46 402
46 431
46 443
46 455
46 463
46 475
46 489
46 565
46 610
46 706
46 710
46 716
46 724
46 754
46 772
46 785
46 797
46 824
46 857
46 865
46 924
46 926
46 943
46 970
46 976
46 994
47 52
47 53
47 55
47 58
47 65
47 70
47 72
47 76
47 83
47 84
47 98
47 111
47 114
47 119
47 140
47 150
47 157
47 165
47 176
47 178
47 181
47 191
47 208
47 209
47 211
47 242
47 254
47 259
47 283
47 287
47 292
47 297
47 324
47 326
47 333
47 341
47 353
47 358
47 373
47 399
47 465
47 485
47 500
47 502
47 639
47 648
47 655
47 675
47 722
47 747
47 761
47 785
47 799
47 820
47 887
47 943
47 948
47 994
48 58
48 64
48 66
48 82
48 87
48 88
48 90
48 100
48 115
48 126
48 135
48 136
48 145
48 153
48 156
48 163
48 172
48 180
48 183
48 191
48 199
48 210
48 225
48 226
48 240
48 266
48 273
48 326
48 335
48 336
48 363
48 377
48 389
48 415
48 456
48 462
48 605
48 622
48 631
48 635
48 659
48 693
48 708
48 709
48 725
48 736
48 742
48 750
48 760
48 782
48 818
48 833
48 837
48 887
48 911
48 948
48 951
48 954
49 50
49 53
49 63
49 69
49 95
49 102
49 106
49 111
49 120
49 132
49 141
49 152
49 153
49 160
49 175
49 205
49 207
49 230
49 239
49 246
49 258
49 312
49 339
49 394
49 467
49 496
49 510
49 542
49 563
49 595
49 600
49 603
49 609
49 620
49 625
49 627
49 644
49 647
49 712
49 726
49 731
49 767
49 772
49 810
49 816
49 855
49 859
49 996
49 1014
50 65
50 84
50 142
50 177
50 179
50 183
50 189
50 220
50 222
50 267
50 327
50 351
50 406
50 423
50 439
50 445
50 449
50 520
50 580
50 585
50 590
50 606
50 611
50 616
50 821
50 909
50 938
51 58
51 63
51 64
51 74
51 90
51 92
51 105
51 116
51 123
51 148
51 154
51 159
51 162
51 164
51 167
51 168
51 169
51 195
51 200
51 202
51 212
51 220
51 229
51 234
51 255
51 277
51 311
51 357
51 365
51 377
51 398
51 404
51 419
51 422
51 424
51 428
51 429
51 459
51 461
51 474
51 477
51 487
51 505
51 513
51 547
51 563
51 588
51 595
51 598
51 667
51 679
51 683
51 691
51 751
51 784
51 798
51 809
51 866
51 929
51 952
51 961
52 57
52 72
52 78
52 79
52 91
52 94
52 96
52 99
52 105
52 107
52 117
52 118
52 119
52 130
52 138
52 159
52 161
52 178
52 180
52 187
52 204
52 207
52 225
52 238
52 254
52 273
52 283
52 290
52 293
52 309
52 318
52 323
52 352
52 353
52 359
52 360
52 372
52 376
52 406
52 408
52 427
52 457
52 465
52 468
52 483
52 508
52 573
52 578
52 638
52 687
52 696
52 697
52 708
52 728
52 738
52 861
52 873
52 882
52 893
52 915
52 939
52 955
52 972
52 981
52 1000
53 72
53 77
53 89
53 95
53 97
53 99
53 100
53 105
53 109
53 118
53 171
53 184
53 200
53 203
53 207
53 211
53 226
53 232
53 264
53 268
53 274
53 315
53 345
53 376
53 488
53 509
53 689
53 792
53 794
53 795
53 824
53 830
53 905
53 939
53 941
53 968
53 1019
54 68
54 77
54 78
54 86
54 87
54 96
54 111
54 143
54 162
54 182
54 205
54 216
54 232
54 243
54 248
54 268
54 272
54 300
54 322
54 333
54 339
54 357
54 371
54 382
54 393
54 419
54 425
54 442
54 503
54 511
54 538
54 548
54 556
54 570
54 576
54 577
54 625
54 638
54 667
54 706
54 731
54 803
54 827
54 879
54 993
55 62
55 63
55 74
55 75
55 107
55 112
55 116
55 117
55 119
55 133
55 205
55 213
55 284
55 286
55 306
55 325
55 354
55 395
55 408
55 410
55 413
55 417
55 458
55 473
55 498
55 503
55 504
55 530
55 532
55 565
55 571
55 582
55 583
55 585
55 640
55 670
55 677
55 690
55 705
55 762
55 812
55 904
55 922
55 1015
56 58
56 67
56 72
56 74
56 86
56 91
56 99
56 127
56 160
56 161
56 220
56 265
56 266
56 300
56 318
56 412
56 448
56 457
56 459
56 497
56 498
56 533
56 570
56 584
56 612
56 634
56 660
56 802
56 840
57 61
57 68
57 81
57 121
57 138
57 160
57 187
57 199
57 251
57 258
57 264
57 276
57 299
57 305
57 311
57 353
57 356
57 363
57 390
57 394
57 446
57 478
57 528
57 576
57 589
57 615
57 638
57 711
57 719
57 754
57 771
57 873
57 923
57 943
57 975
58 66
58 107
58 136
58 208
58 312
58 334
58 420
58 433
58 452
58 498
58 529
58 572
58 668
58 813
58 831
58 837
58 867
58 880
58 885
58 896
59 61
59 77
59 82
59 103
59 131
59 150
59 164
59 195
59 216
59 232
59 241
59 315
59 320
59 325
59 338
59 341
59 420
59 434
59 523
59 528
59 556
59 560
59 597
59 601
59 621
59 835
59 926
59 1011
59 1022
60 72
60 79
60 85
60 93
60 100
60 129
60 146
60 153
60 156
60 170
60 182
60 184
60 250
60 263
60 329
60 350
60 359
60 361
60 363
60 487
60 511
60 513
60 557
60 564
60 587
60 613
60 635
60 677
60 762
60 817
60 835
60 838
60 868
60 878
60 883
60 938
60 985
61 62
61 69
61 75
61 82
61 87
61 107
61 115
61 124
61 128
61 129
61 153
61 167
61 170
61 174
61 180
61 189
61 194
61 204
61 206
61 215
61 218
61 219
61 224
61 243
61 275
61 298
61 302
61 305
61 327
61 328
61 347
61 370
61 373
61 389
61 409
61 441
61 451
61 461
61 463
61 466
61 486
61 492
61 498
61 530
61 535
61 547
61 561
61 579
61 609
61 612
61 623
61 633
61 715
61 769
61 779
61 801
61 865
61 874
61 893
61 909
61 930
61 942
61 943
61 982
61 1009
61 1015
62 72
62 75
62 88
62 111
62 126
62 127
62 144
62 156
62 158
62 176
62 248
62 253
62 273
62 331
62 342
62 390
62 488
62 503
62 525
62 539
62 561
62 604
62 703
62 736
62 768
62 789
62 844
62 899
62 964
62 965
63 64
63 81
63 94
63 110
63 136
63 145
63 152
63 155
63 206
63 219
63 258
63 265
63 305
63 347
63 350
63 362
63 365
63 372
63 384
63 513
63 521
63 537
63 539
63 554
63 645
63 652
63 684
63 692
63 705
63 716
63 813
63 837
63 856
63 932
63 936
63 960
64 67
64 73
64 79
64 85
64 87
64 91
64 110
64 113
64 119
64 124
64 163
64 166
64 185
64 261
64 268
64 272
64 305
64 312
64 324
64 369
64 393
64 431
64 584
64 589
64 594
64 599
64 614
64 634
64 643
64 660
64 683
64 714
64 721
64 735
64 751
64 762
64 805
64 814
64 855
64 857
64 858
64 892
64 901
64 930
64 932
64 950
64 993
64 1015
65 114
65 138
65 191
65 192
65 221
65 329
65 413
65 476
65 481
65 637
66 71
66 147
66 153
66 167
66 171
66 172
66 179
66 215
66 236
66 270
66 297
66 312
66 313
66 349
66 380
66 432
66 499
66 525
66 623
66 628
66 680
67 84
67 101
67 110
67 125
67 140
67 170
67 186
67 202
67 208
67 213
67 232
67 233
67 288
67 294
67 359
67 383
67 458
67 509
67 521
67 941
68 88
68 96
68 104
68 113
68 117
68 118
68 122
68 125
68 158
68 171
68 173
68 221
68 231
68 245
68 288
68 293
68 295
68 327
68 340
68 351
68 377
68 418
68 443
68 502
68 554
68 557
68 570
68 705
68 750
68 783
68 806
68 853
68 876
68 1013
69 79
69 83
69 109
69 113
69 116
69 138
69 140
69 151
69 167
69 205
69 219
69 234
69 247
69 250
69 334
69 360
69 392
69 421
69 437
69 592
69 595
69 629
69 633
69 665
69 689
69 728
69 772
69 790
69 815
69 888
69 949
69 951
69 961
69 975
69 987
69 1020
70 71
70 72
70 98
70 142
70 148
70 150
70 154
70 181
70 189
70 196
70 197
70 224
70 229
70 272
70 294
70 310
70 316
70 341
70 350
70 370
70 534
70 585
70 674
70 721
70 797
70 833
70 840
70 854
70 1007
70 1013
71 120
71 156
71 164
71 176
71 178
71 189
71 200
71 206
71 220
71 248
71 297
71 302
71 304
71 306
71 325
71 351
71 395
71 405
71 415
71 427
71 443
71 464
71 566
71 599
71 600
71 651
71 714
71 726
71 777
71 801
71 861
71 870
71 891
71 913
71 937
71 938
71 995
71 1019
72 73
72 76
72 86
72 93
72 98
72 104
72 117
72 128
72 132
72 161
72 214
72 215
72 235
72 250
72 263
72 272
72 342
72 356
72 363
72 386
72 411
72 463
72 503
72 572
72 663
72 700
72 717
72 728
72 758
72 760
72 812
72 827
72 845
72 868
72 907
72 1014
73 99
73 135
73 165
73 231
73 237
73 286
73 289
73 324
73 380
73 383
73 411
73 454
73 613
73 625
73 633
73 690
73 777
73 864
73 874
73 892
74 83
74 90
74 94
74 97
74 99
74 116
74 135
74 154
74 178
74 190
74 230
74 273
74 284
74 297
74 345
74 347
74 370
74 383
74 449
74 452
74 492
74 528
74 529
74 637
74 639
74 720
74 722
74 733
74 800
74 832
74 851
74 963
74 976
75 82
75 91
75 107
75 115
75 137
75 140
75 149
75 177
75 184
75 199
75 219
75 250
75 266
75 277
75 313
75 338
75 439
75 472
75 486
75 508
75 515
75 522
75 525
75 532
75 533
75 556
75 569
75 590
75 604
75 620
75 641
75 645
75 662
75 670
75 717
75 742
75 782
75 854
75 856
75 920
76 80
76 85
76 125
76 133
76 139
76 147
76 177
76 213
76 229
76 250
76 252
76 260
76 274
76 283
76 285
76 290
76 328
76 331
76 350
76 362
76 384
76 403
76 423
76 434
76 451
76 489
76 496
76 505
76 529
76 545
76 547
76 552
76 596
76 701
76 737
76 741
76 778
76 816
76 847
76 863
76 879
76 892
76 908
76 973
76 983
77 176
77 184
77 203
77 204
77 212
77 239
77 240
77 260
77 276
77 299
77 345
77 439
77 440
77 516
77 534
77 558
77 603
77 641
77 664
77 697
77 744
77 747
77 849
77 856
77 901
77 929
77 976
77 985
77 1021
78 91
78 112
78 124
78 145
78 149
78 205
78 242
78 280
78 309
78 328
78 348
78 387
78 416
78 431
78 452
78 511
78 572
78 589
78 591
78 637
78 689
78 760
78 857
78 928
78 959
79 88
79 132
79 135
79 146
79 172
79 222
79 249
79 507
79 568
79 631
79 659
79 663
79 743
79 786
79 856
79 1011
80 95
80 113
80 118
80 236
80 237
80 337
80 355
80 486
80 515
80 605
80 718
80 881
80 913
80 947
80 998
81 86
81 146
81 164
81 177
81 258
81 262
81 287
81 319
81 323
81 362
81 436
81 492
81 545
81 559
81 592
81 741
81 786
81 892
81 977
82 92
82 107
82 130
82 164
82 185
82 246
82 403
82 468
82 569
82 812
83 84
83 89
83 108
83 135
83 155
83 170
83 216
83 230
83 269
83 281
83 331
83 342
83 360
83 541
83 572
83 691
83 694
83 696
83 752
83 759
83 865
83 877
83 970
83 980
83 988
83 1001
84 132
84 310
84 414
84 422
84 455
84 476
84 490
84 525
84 951
84 1017
85 91
85 95
85 121
85 130
85 133
85 142
85 146
85 152
85 159
85 183
85 188
85 191
85 241
85 366
85 374
85 386
85 420
85 546
85 655
85 659
85 734
85 745
85 792
85 852
85 860
85 864
85 961
85 1015
86 112
86 120
86 129
86 137
86 144
86 203
86 221
86 226
86 248
86 261
86 299
86 310
86 316
86 336
86 361
86 375
86 456
86 462
86 467
86 590
86 687
86 693
86 703
86 789
86 802
86 838
86 870
86 910
86 935
86 1019
87 88
87 108
87 130
87 176
87 184
87 304
87 307
87 400
87 420
87 431
87 478
87 599
87 616
87 623
87 779
87 853
87 996
88 89
88 122
88 124
88 128
88 136
88 144
88 151
88 161
88 170
88 184
88 193
88 200
88 205
88 237
88 253
88 254
88 267
88 291
88 293
88 295
88 304
88 358
88 366
88 427
88 438
88 504
88 536
88 550
88 553
88 584
88 657
88 704
88 752
88 756
88 810
88 837
88 874
88 883
88 946
88 1017
88 1018
89 90
89 101
89 128
89 130
89 151
89 185
89 188
89 210
89 212
89 241
89 319
89 335
89 367
89 495
89 496
89 568
89 608
89 620
89 693
89 707
89 718
89 757
89 839
89 847
89 848
89 926
90 93
90 118
90 125
90 136
90 169
90 186
90 198
90 208
90 237
90 293
90 305
90 372
90 443
90 493
90 518
90 638
90 653
90 677
90 840
90 978
91 114
91 192
91 202
91 204
91 223
91 228
91 257
91 288
91 372
91 377
91 417
91 477
91 583
91 614
91 710
91 755
91 790
91 807
91 839
91 851
91 880
91 888
91 931
91 971
92 99
92 119
92 122
92 146
92 219
92 228
92 277
92 316
92 322
92 349
92 354
92 366
92 378
92 397
92 447
92 477
92 487
92 489
92 557
92 608
92 702
92 801
92 875
92 893
92 952
93 109
93 174
93 175
93 239
93 240
93 299
93 321
93 412
93 419
93 448
93 472
93 508
93 520
93 529
93 542
93 597
93 634
93 668
93 695
93 948
94 96
94 144
94 154
94 163
94 171
94 182
94 193
94 320
94 324
94 332
94 369
94 376
94 382
94 407
94 438
94 482
94 502
94 518
94 586
94 609
94 675
94 677
94 725
94 767
94 795
94 870
94 897
94 952
95 108
95 113
95 178
95 215
95 237
95 240
95 288
95 299
95 316
95 362
95 483
95 505
95 700
95 939
96 97
96 120
96 122
96 128
96 143
96 149
96 155
96 156
96 184
96 235
96 247
96 265
96 323
96 332
96 364
96 399
96 422
96 438
96 473
96 580
96 659
96 665
96 678
96 803
96 830
96 904
96 939
96 951
96 965
96 991
97 119
97 129
97 174
97 177
97 217
97 232
97 233
97 243
97 245
97 246
97 257
97 303
97 331
97 342
97 343
97 347
97 369
97 376
97 388
97 427
97 469
97 491
97 508
97 521
97 531
97 551
97 577
97 707
97 730
97 822
97 930
97 987
98 114
98 129
98 294
98 617
98 646
98 697
98 852
98 940
98 1006
99 111
99 116
99 136
99 143
99 216
99 237
99 262
99 275
99 293
99 338
99 367
99 404
99 416
99 447
99 587
99 615
99 657
99 721
99 799
99 811
99 912
99 989
100 125
100 130
100 154
100 187
100 234
100 237
100 254
100 365
100 482
100 542
100 618
100 685
100 694
100 697
100 703
100 710
100 762
100 777
100 794
100 843
100 889
100 989
100 992
101 120
101 189
101 276
101 287
101 317
101 348
101 369
101 371
101 404
101 600
101 710
101 722
101 790
101 860
101 961
101 982
102 109
102 134
102 202
102 213
102 221
102 244
102 271
102 368
102 439
102 559
102 766
102 856
102 864
102 946
103 106
103 118
103 152
103 164
103 170
103 175
103 183
103 220
103 244
103 289
103 318
103 322
103 329
103 332
103 358
103 377
103 389
103 403
103 455
103 500
103 520
103 538
103 552
103 654
103 725
103 728
103 741
103 777
103 793
103 859
103 860
103 905
103 910
103 973
103 974
103 988
103 996
104 172
104 230
104 283
104 304
104 315
104 353
104 365
104 379
104 381
104 501
104 505
104 649
104 670
104 827
104 959
104 969
104 1008
104 1013
104 1019
105 195
105 287
105 307
105 330
105 339
105 438
105 452
105 479
105 494
105 628
105 799
105 968
105 980
106 118
106 134
106 158
106 181
106 184
106 188
106 220
106 261
106 315
106 411
106 497
106 526
106 562
106 579
106 586
106 675
106 726
106 747
106 782
106 794
106 842
106 958
106 964
107 131
107 133
107 148
107 168
107 186
107 197
107 210
107 293
107 344
107 364
107 385
107 389
107 395
107 423
107 457
107 470
107 498
107 566
107 574
107 584
107 608
107 616
107 651
107 702
107 816
107 839
107 845
107 846
107 896
107 904
107 914
107 938
108 113
108 115
108 123
108 143
108 172
108 186
108 196
108 217
108 247
108 300
108 328
108 341
108 392
108 418
108 434
108 443
108 484
108 507
108 587
108 646
108 696
108 707
108 897
108 1018
109 121
109 156
109 228
109 230
109 269
109 289
109 296
109 410
109 449
109 528
109 535
109 658
109 690
109 763
109 814
109 862
109 878
109 980
110 132
110 137
110 209
110 219
110 379
110 381
110 400
110 402
110 408
110 456
110 537
110 551
110 619
110 621
110 645
110 686
110 696
110 844
110 911
110 926
110 963
111 112
111 115
111 145
111 155
111 164
111 173
111 178
111 203
111 205
111 282
111 352
111 429
111 452
111 491
111 560
111 606
111 629
111 643
111 683
111 782
111 824
111 841
111 860
111 911
111 915
111 940
111 942
111 954
111 978
111 982
111 986
112 165
112 166
112 179
112 273
112 280
112 303
112 415
112 421
112 431
112 433
112 549
112 561
112 610
112 624
112 649
112 743
112 773
112 774
112 877
112 916
113 137
113 162
113 224
113 349
113 364
113 365
113 389
113 402
113 403
113 431
113 471
113 484
113 523
113 966
113 987
114 123
114 216
114 310
114 343
114 346
114 370
114 378
114 694
114 849
115 123
115 134
115 149
115 173
115 225
115 242
115 271
115 276
115 284
115 333
115 414
115 416
115 512
115 553
115 571
115 576
115 636
115 644
115 667
115 722
115 776
115 807
115 843
115 879
115 918
115 1003
116 117
116 122
116 124
116 133
116 141
116 147
116 148
116 149
116 213
116 220
116 228
116 229
116 253
116 302
116 326
116 380
116 426
116 464
116 493
116 550
116 551
116 579
116 585
116 604
116 609
116 621
116 699
116 755
116 869
116 955
117 122
117 243
117 268
117 276
117 279
117 303
117 314
117 355
117 356
117 396
117 416
117 491
117 534
117 568
117 574
117 601
117 605
117 617
117 636
117 673
117 746
117 921
117 1017
118 137
118 173
118 206
118 221
118 235
118 361
118 384
118 390
118 397
118 410
118 504
118 527
118 579
118 585
118 681
118 684
118 784
118 866
118 916
118 987
119 120
119 127
119 131
119 133
119 137
119 147
119 181
119 192
119 198
119 203
119 255
119 263
119 278
119 361
119 415
119 448
119 460
119 490
119 519
119 615
119 666
119 746
119 773
119 812
119 890
119 901
119 971
119 987
119 996
119 999
119 1014
120 143
120 155
120 157
120 160
120 188
120 230
120 259
120 272
120 279
120 282
120 325
120 329
120 369
120 443
120 475
120 510
120 542
120 576
120 589
120 705
120 835
120 994
121 123
121 124
121 143
121 195
121 237
121 252
121 295
121 319
121 347
121 366
121 448
121 548
121 579
121 600
121 633
121 665
121 669
121 779
121 972
122 164
122 173
122 177
122 179
122 187
122 190
122 406
122 546
122 641
122 694
122 926
122 931
122 958
122 1009
122 1013
123 162
123 188
123 191
123 198
123 235
123 252
123 253
123 274
123 364
123 375
123 377
123 384
123 415
123 443
123 487
123 493
123 543
123 559
123 618
123 697
123 774
123 784
123 851
123 872
123 907
123 962
123 1018
124 146
124 149
124 205
124 280
124 298
124 327
124 517
124 624
124 636
124 652
124 699
124 735
124 933
124 952
125 134
125 150
125 163
125 232
125 301
125 333
125 445
125 515
125 527
125 575
125 651
125 652
125 668
125 676
125 753
125 779
125 912
125 1006
126 133
126 200
126 222
126 296
126 300
126 513
126 852
126 890
127 137
127 145
127 158
127 160
127 166
127 180
127 215
127 368
127 423
127 462
127 550
127 555
127 649
127 826
127 887
128 136
128 138
128 182
128 233
128 257
128 263
128 324
128 407
128 439
128 567
128 649
128 717
128 727
128 813
129 135
129 148
129 285
129 360
129 371
129 438
129 446
129 481
129 519
129 688
129 790
129 857
129 933
130 140
130 224
130 343
130 362
130 429
130 489
130 529
130 657
130 668
130 700
130 782
130 821
131 156
131 174
131 218
131 264
131 749
131 879
131 963
132 134
132 139
132 144
132 203
132 231
132 281
132 286
132 292
132 333
132 371
132 395
132 446
132 447
132 450
132 472
132 476
132 515
132 523
132 530
132 534
132 571
132 612
132 722
132 803
132 825
132 843
132 844
132 874
132 877
132 982
133 178
133 179
133 190
133 199
133 214
133 223
133 237
133 288
133 322
133 326
133 342
133 348
133 422
133 432
133 462
133 501
133 513
133 617
133 619
133 698
133 740
133 992
133 993
134 256
134 257
134 454
134 456
134 499
134 509
134 524
134 567
134 596
134 660
134 668
134 687
134 808
134 886
135 177
135 178
135 275
135 321
135 336
135 388
135 429
135 440
135 445
135 539
135 610
135 654
135 754
135 755
135 758
135 763
135 882
135 1012
135 1015
136 156
136 178
136 252
136 258
136 338
136 385
136 512
136 595
136 600
136 675
136 687
136 776
136 813
136 854
137 140
137 141
137 148
137 158
137 206
137 226
137 228
137 233
137 235
137 274
137 283
137 289
137 318
137 338
137 373
137 394
137 502
137 519
137 552
137 668
137 715
137 738
137 758
137 792
137 830
137 835
137 900
137 951
137 964
137 967
137 1022
138 140
138 161
138 196
138 199
138 212
138 227
138 256
138 320
138 350
138 358
138 569
138 664
138 678
138 685
138 695
138 804
138 808
138 833
138 869
138 971
139 147
139 149
139 168
139 249
139 314
139 396
139 456
139 481
139 502
139 547
139 557
139 568
139 574
139 665
139 680
139 860
139 984
140 141
140 202
140 212
140 239
140 285
140 337
140 385
140 474
140 516
140 543
140 555
140 563
140 576
140 650
140 723
140 749
140 1002
141 155
141 157
141 158
141 166
141 173
141 179
141 204
141 238
141 261
141 270
141 285
141 423
141 425
141 558
141 566
141 571
141 592
141 647
141 681
141 700
141 720
141 753
141 755
141 772
141 805
141 870
141 1012
142 156
142 157
142 175
142 223
142 226
142 231
142 244
142 246
142 250
142 321
142 357
142 375
142 380
142 424
142 441
142 446
142 483
142 507
142 522
142 588
142 602
142 624
142 654
142 693
142 710
142 788
142 796
142 845
142 925
142 950
142 1011
143 175
143 215
143 331
143 473
143 635
143 872
143 873
144 185
144 249
144 257
144 338
144 347
144 357
144 461
144 537
144 558
144 597
144 613
144 741
145 246
145 253
145 256
145 372
145 427
145 520
145 609
145 676
145 783
145 837
145 859
145 935
145 973
145 1023
146 152
146 167
146 192
146 274
146 276
146 284
146 332
146 380
146 411
146 451
146 477
146 648
146 666
146 669
146 682
146 691
146 888
146 1021
147 148
147 153
147 183
147 214
147 226
147 245
147 268
147 309
147 380
147 385
147 397
147 408
147 451
147 459
147 467
147 509
147 544
147 580
147 582
147 654
147 656
147 661
147 691
147 711
147 788
147 791
147 888
147 930
147 995
148 154
148 168
148 171
148 173
148 179
148 195
148 201
148 286
148 324
148 369
148 374
148 432
148 457
148 494
148 513
148 560
148 659
148 883
148 974
149 153
149 155
149 216
149 287
149 303
149 320
149 558
149 581
149 619
149 626
149 962
150 158
150 210
150 230
150 260
150 313
150 341
150 535
150 543
150 560
150 680
150 709
150 739
150 740
150 783
150 799
150 817
150 839
150 957
151 163
151 166
151 167
151 196
151 217
151 276
151 284
151 287
151 291
151 300
151 346
151 349
151 403
151 526
151 544
151 553
151 562
151 675
151 734
151 745
151 747
151 830
151 833
151 839
151 845
152 193
152 201
152 288
152 366
152 370
152 402
152 405
152 491
152 496
152 531
152 607
152 633
152 866
152 964
152 994
153 166
153 176
153 188
153 192
153 236
153 243
153 263
153 266
153 282
153 412
153 444
153 460
153 483
153 514
153 527
153 557
153 562
153 569
153 590
153 604
153 678
153 695
153 699
153 704
153 756
153 911
153 1004
154 168
154 183
154 211
154 270
154 382
154 387
154 393
154 424
154 450
154 454
155 162
155 363
155 367
155 393
155 400
155 428
155 433
155 462
155 517
155 519
155 536
155 585
155 631
155 726
155 823
155 911
155 931
155 1007
156 214
156 221
156 236
156 241
156 248
156 268
156 277
156 286
156 301
156 350
156 369
156 379
156 382
156 433
156 490
156 500
156 532
156 587
156 620
156 685
156 709
156 816
156 846
156 863
156 891
156 913
156 916
156 1023
157 158
157 205
157 232
157 246
157 259
157 270
157 309
157 400
157 402
157 451
157 458
157 466
157 473
157 485
157 525
157 540
157 787
157 821
157 834
158 187
158 198
158 207
158 218
158 227
158 299
158 372
158 387
158 414
158 475
158 524
158 603
158 651
158 708
158 713
158 715
158 754
158 756
158 796
158 908
158 914
158 923
158 961
159 422
159 476
159 515
159 614
159 656
159 671
159 732
159 760
159 808
159 854
160 169
160 192
160 218
160 246
160 247
160 272
160 296
160 297
160 327
160 346
160 352
160 356
160 369
160 393
160 397
160 409
160 427
160 578
160 583
160 668
160 699
160 702
160 770
160 798
160 799
160 844
160 895
161 169
161 182
161 295
161 317
161 391
161 394
161 410
161 465
161 627
161 672
161 730
161 947
161 993
162 190
162 233
162 238
162 254
162 267
162 269
162 315
162 323
162 326
162 531
162 543
162 651
162 805
163 167
163 169
163 319
163 468
163 546
163 640
163 653
163 692
163 918
163 930
163 944
163 978
164 333
164 399
164 627
164 932
164 1007
165 181
165 232
165 359
165 379
165 419
165 449
165 548
165 581
165 593
165 671
165 794
165 819
165 823
165 964
165 991
166 191
166 329
166 368
166 385
166 434
166 450
166 453
166 464
166 480
166 493
166 499
166 550
166 557
166 610
166 648
166 704
166 744
166 799
166 949
166 969
167 190
167 194
167 204
167 222
167 261
167 277
167 359
167 386
167 426
167 589
167 601
167 615
167 629
167 709
167 832
167 906
167 915
168 172
168 200
168 219
168 234
168 251
168 274
168 281
168 323
168 354
168 357
168 409
168 573
168 698
168 791
168 894
169 198
169 344
169 345
169 379
169 392
169 408
169 470
169 546
169 637
169 645
169 657
169 725
169 800
169 820
169 902
169 965
169 1002
170 207
170 219
170 231
170 237
170 242
170 258
170 275
170 328
170 331
170 342
170 365
170 388
170 399
170 401
170 419
170 451
170 472
170 484
170 499
170 531
170 532
170 706
170 713
170 781
170 854
170 967
171 173
171 316
171 398
171 402
171 438
171 471
171 552
171 619
171 637
171 669
171 704
171 759
171 936
171 957
172 174
172 195
172 289
172 326
172 331
172 540
172 696
172 728
172 763
172 865
172 974
173 283
173 314
173 367
173 575
173 626
173 1011
174 175
174 186
174 206
174 231
174 332
174 456
174 472
174 476
174 501
174 507
174 581
174 600
174 640
174 674
174 703
174 765
174 875
174 954
174 1004
175 230
175 323
175 365
175 418
175 419
175 478
175 514
175 568
175 615
175 667
175 757
175 775
175 803
175 958
175 968
176 227
176 253
176 267
176 272
176 364
176 472
176 499
176 695
176 726
176 735
176 769
176 828
176 999
177 234
177 272
177 282
177 358
177 410
177 555
177 608
177 676
177 723
177 974
178 181
178 182
178 190
178 198
178 203
178 209
178 242
178 270
178 284
178 285
178 317
178 382
178 399
178 442
178 454
178 465
178 505
178 513
178 525
178 528
178 564
178 576
178 584
178 595
178 621
178 625
178 636
178 746
178 788
178 844
178 860
178 909
178 948
178 977
178 978
179 256
179 279
179 296
179 300
179 464
179 873
179 928
180 216
180 228
180 274
180 322
180 409
180 419
180 453
180 717
180 746
180 816
180 938
180 952
180 955
180 1019
181 279
181 289
181 416
181 481
181 577
181 611
181 628
181 783
181 883
181 1001
182 225
182 234
182 373
182 402
182 415
182 469
182 506
182 566
182 603
182 642
182 676
182 683
182 693
182 736
182 813
182 825
182 827
182 853
183 289
183 314
183 420
183 494
183 504
183 565
183 627
183 716
183 873
183 920
183 936
183 964
184 193
184 221
184 251
184 258
184 290
184 321
184 479
184 718
184 766
185 300
185 343
185 833
185 957
186 189
186 217
186 225
186 258
186 292
186 375
186 394
186 419
186 473
186 516
186 541
186 657
186 674
186 694
186 695
186 724
186 784
186 822
186 858
186 861
186 894
186 898
186 905
186 929
186 981
187 195
187 298
187 329
187 425
187 506
187 863
188 289
188 340
188 506
188 546
188 564
188 578
188 631
188 637
188 640
188 679
188 766
188 788
188 796
188 829
188 841
188 895
188 972
188 994
189 209
189 275
189 357
189 374
189 383
189 498
189 528
189 573
189 581
189 671
189 818
189 925
190 196
190 227
190 269
190 303
190 306
190 376
190 386
190 395
190 439
190 454
190 465
190 499
190 533
190 596
190 633
190 814
190 855
190 902
190 924
191 254
191 289
191 374
191 396
191 399
191 551
191 559
191 586
191 767
191 781
191 823
191 966
192 212
192 299
192 301
192 303
192 308
192 326
192 328
192 351
192 395
192 408
192 425
192 442
192 525
192 550
192 715
192 724
192 730
192 752
192 765
192 953
192 1016
193 194
193 227
193 241
193 275
193 279
193 282
193 310
193 338
193 356
193 428
193 464
193 498
193 587
193 607
193 662
193 673
193 694
193 786
193 789
193 862
193 875
193 885
193 913
193 915
193 957
194 577
194 738
194 992
195 201
195 204
195 266
195 301
195 306
195 357
195 437
195 450
195 541
195 723
195 752
195 763
195 884
195 969
196 203
196 213
196 307
196 339
196 356
196 385
196 405
196 489
196 646
196 691
196 843
196 960
197 208
197 209
197 213
197 257
197 290
197 305
197 306
197 432
197 440
197 698
197 776
197 844
198 204
198 244
198 271
198 315
198 323
198 389
198 427
198 452
198 464
198 481
198 558
198 574
198 719
198 884
198 934
198 993
199 283
199 298
199 300
199 382
199 435
199 695
199 927
200 252
200 264
200 332
200 346
200 518
200 603
200 611
200 721
200 742
200 778
200 862
201 218
201 242
201 262
201 274
201 292
201 294
201 334
201 335
201 383
201 392
201 424
201 429
201 455
201 532
201 554
201 566
201 640
201 656
201 673
201 766
201 787
201 806
201 829
201 955
201 1018
202 211
202 297
202 401
202 676
203 206
203 238
203 248
203 255
203 260
203 273
203 318
203 328
203 341
203 409
203 413
203 424
203 435
203 447
203 457
203 583
203 598
203 602
203 652
203 704
203 721
203 732
203 747
203 762
203 766
203 769
203 771
203 969
204 307
204 380
204 393
204 598
204 635
204 743
204 749
204 798
204 889
204 947
204 1002
205 278
205 306
205 381
205 417
205 520
205 522
205 672
206 218
206 290
206 339
206 390
206 428
206 446
206 593
206 621
206 764
207 209
207 220
207 280
207 404
207 436
207 523
207 571
207 580
207 663
207 741
207 931
207 958
207 997
208 217
208 274
208 286
208 292
208 328
208 335
208 405
208 467
208 497
208 565
208 574
208 601
208 613
208 619
208 641
208 732
208 793
208 844
208 921
208 945
209 221
209 224
209 255
209 368
209 507
209 606
209 689
209 707
209 792
209 876
210 320
210 381
210 389
210 398
210 417
210 511
210 716
210 1003
211 229
211 376
211 387
211 405
211 526
211 541
211 622
211 647
211 660
211 665
211 729
211 744
211 793
211 808
211 815
211 856
211 927
211 953
211 955
211 967
212 226
212 327
212 349
212 398
212 439
212 519
212 688
212 778
212 851
212 862
212 866
213 238
213 244
213 253
213 518
213 624
213 625
213 665
213 689
213 830
214 217
214 319
214 370
214 417
214 459
214 465
214 479
214 495
214 757
215 363
215 554
215 683
215 864
215 903
215 906
215 990
216 329
216 339
216 387
216 417
216 418
216 430
216 497
216 565
216 867
216 878
216 927
216 934
216 953
217 296
217 343
217 391
217 446
217 479
217 559
217 582
217 840
218 258
218 357
218 401
218 507
218 567
218 686
218 704
218 791
219 222
219 253
219 270
219 308
219 345
219 349
219 399
219 407
219 490
219 676
219 679
219 762
219 976
220 272
220 421
220 491
220 510
220 712
220 928
220 1022
221 254
221 256
221 293
221 317
221 326
221 370
221 408
221 424
221 435
221 445
221 448
221 455
221 466
221 471
221 503
221 509
221 552
221 558
221 677
221 691
221 723
221 746
221 789
221 870
221 884
222 277
222 386
222 425
222 541
222 570
222 588
222 602
222 672
222 761
222 818
223 249
223 302
223 344
223 531
223 660
223 713
223 844
223 874
224 253
224 256
224 268
224 340
224 366
224 375
224 378
224 488
224 508
224 515
224 527
224 562
224 571
224 581
224 591
224 668
224 709
224 738
224 748
224 778
224 812
224 860
224 889
224 912
224 983
224 985
224 1019
225 310
225 403
225 416
225 461
225 556
225 768
225 788
225 840
225 935
226 288
226 400
226 407
226 450
226 596
226 742
226 756
226 944
227 231
227 352
227 362
227 561
227 635
227 684
227 746
227 825
227 884
227 903
228 266
228 310
228 334
228 462
228 593
228 608
228 614
228 632
228 771
228 877
228 927
228 951
229 258
229 528
229 547
229 571
229 899
230 281
230 356
230 386
230 398
230 472
230 500
230 635
230 753
231 245
231 269
231 406
231 429
231 492
231 502
231 525
231 547
231 563
231 658
231 673
231 696
231 759
231 795
231 808
231 814
231 837
231 871
231 873
231 925
231 997
232 246
232 318
232 319
232 506
232 613
232 663
232 688
232 1006
233 279
233 301
233 319
233 360
233 361
233 632
233 751
233 827
233 887
234 251
234 265
234 292
234 410
234 411
234 708
234 860
234 877
234 1009
235 285
235 441
235 469
235 480
235 614
235 660
235 665
235 749
235 758
235 779
235 796
235 871
235 876
235 896
235 1010
236 269
236 360
236 576
236 660
236 727
236 737
237 240
237 257
237 434
237 461
237 489
237 492
237 582
237 721
237 771
237 810
238 242
238 300
238 312
238 507
238 704
238 733
238 803
238 889
238 900
238 1022
239 255
239 291
239 401
239 457
239 578
239 625
239 728
239 809
239 819
239 831
239 848
239 893
239 931
240 295
240 311
240 354
240 385
240 387
240 412
240 441
240 478
240 494
240 620
240 634
240 685
240 759
240 804
240 809
240 906
241 306
241 351
241 377
241 468
241 540
241 542
241 597
241 655
241 729
241 828
241 952
242 259
242 358
242 423
242 627
242 958
243 251
243 273
243 305
243 313
243 396
243 439
243 470
243 570
243 617
243 680
243 681
243 794
243 815
243 896
243 960
243 973
243 998
243 1014
243 1018
244 321
244 354
244 360
244 361
244 375
244 442
244 459
244 468
244 600
244 742
244 765
244 810
244 823
244 892
244 973
245 254
245 392
245 814
245 822
245 904
245 947
245 964
246 434
246 483
246 549
246 563
246 622
246 650
246 716
246 756
246 870
246 872
246 1001
247 281
247 282
247 342
247 389
247 425
247 546
247 567
247 613
247 804
247 836
248 291
248 490
248 572
248 584
248 596
248 639
248 678
248 721
248 734
248 745
248 834
248 923
248 988
248 1009
249 386
249 622
249 675
250 252
250 267
250 291
250 315
250 368
250 390
250 424
250 434
250 436
250 465
250 483
250 490
250 565
250 567
250 574
250 626
250 661
250 688
250 724
250 754
250 781
250 878
250 916
251 252
251 264
251 283
251 323
251 325
251 370
251 383
251 444
251 603
251 988
252 264
252 277
252 347
252 425
252 461
252 523
252 586
252 597
252 992
252 1018
253 366
253 426
253 477
253 496
253 514
253 617
253 640
253 666
253 713
253 740
253 954
253 982
254 488
254 563
254 683
254 713
254 714
254 723
254 728
254 736
254 950
254 952
254 996
254 1019
255 268
255 309
255 315
255 357
255 373
255 375
255 398
255 428
255 461
255 636
255 639
255 819
255 833
255 858
255 897
255 918
255 973
255 996
256 292
256 304
256 381
256 384
256 386
256 463
256 482
256 509
256 518
256 526
256 528
256 642
256 644
256 667
256 704
256 808
256 864
257 297
257 318
257 337
257 409
257 443
257 451
257 489
257 522
257 532
257 541
257 654
257 664
257 679
257 697
257 703
257 709
257 711
257 768
257 787
257 869
257 871
257 888
257 908
257 919
257 927
258 377
258 572
259 348
259 366
259 466
259 480
259 519
259 580
259 827
259 918
259 962
260 297
260 299
260 303
260 415
260 427
260 449
260 484
260 537
260 580
260 726
260 776
260 790
260 800
260 894
261 262
261 267
261 354
261 403
261 413
261 461
261 471
261 601
261 645
261 690
261 919
261 928
262 318
262 319
262 334
262 338
262 423
262 937
262 1006
263 294
263 308
263 309
263 351
263 403
263 407
263 411
263 436
263 453
263 455
263 557
263 601
263 789
263 972
263 1019
264 298
264 337
264 379
264 453
264 480
264 534
264 579
264 627
264 654
264 657
264 680
264 703
264 706
264 987
265 528
265 551
265 616
265 617
265 858
265 880
265 914
265 991
266 365
266 404
266 479
266 582
266 755
266 775
266 903
266 1012
267 320
267 367
267 394
267 412
267 533
267 653
267 740
267 802
267 863
267 927
268 518
268 552
268 581
268 669
268 754
268 896
269 340
269 409
269 441
269 561
269 578
269 612
269 676
269 735
269 910
269 966
270 295
270 342
270 346
270 349
270 467
270 500
270 658
270 675
270 682
270 800
270 821
270 838
270 854
270 855
271 292
271 412
271 689
271 751
271 772
272 421
272 628
272 700
272 814
272 843
272 889
273 496
273 556
273 770
273 809
273 814
274 307
274 408
274 534
274 628
274 643
274 650
274 654
274 838
274 923
274 970
274 988
275 364
275 401
275 512
275 519
275 693
275 725
275 979
276 299
276 303
276 397
276 462
276 520
276 582
276 598
276 599
276 656
276 705
276 738
276 749
276 757
276 831
276 839
276 886
276 986
276 1003
277 280
277 333
277 355
277 378
277 404
277 405
277 421
277 487
277 560
277 608
277 610
277 630
277 838
277 851
277 857
277 867
277 888
277 999
278 346
278 612
278 965
279 330
279 342
279 391
279 393
279 501
279 516
279 565
279 586
279 599
279 614
279 651
279 789
279 933
280 444
280 466
280 471
280 494
280 495
280 904
281 293
281 361
281 376
281 409
281 467
281 602
281 609
281 645
281 686
281 720
281 832
281 940
282 325
282 354
282 355
282 363
282 434
282 437
282 449
282 478
282 500
282 606
282 638
282 726
282 834
282 835
282 845
282 1007
282 1017
283 308
283 391
283 453
283 471
283 592
283 641
283 676
283 701
283 778
283 809
283 842
283 886
283 894
283 899
283 900
283 912
283 941
283 968
283 1005
283 1021
284 345
284 395
284 532
284 574
284 660
284 858
285 321
285 361
285 377
285 472
285 510
285 522
285 866
285 887
285 899
285 946
285 985
286 321
286 335
286 336
286 337
286 345
286 379
286 418
286 435
286 564
286 680
286 723
286 737
286 780
286 801
286 827
286 829
286 960
287 289
287 342
287 408
287 491
287 569
287 596
287 690
287 693
287 750
288 358
288 407
288 437
288 486
288 516
288 527
288 544
288 582
288 764
288 809
288 840
288 898
288 1004
289 368
289 401
289 454
289 463
289 499
289 515
289 576
289 586
289 786
289 827
289 931
290 323
290 338
290 418
290 458
290 500
290 530
290 598
290 633
290 637
290 650
290 683
290 694
290 771
290 901
291 307
291 400
291 423
291 468
291 659
291 798
291 995
292 340
292 344
292 431
292 448
292 629
292 800
292 910
292 915
293 351
293 396
293 399
293 629
293 630
293 871
294 340
294 390
294 400
294 472
294 514
294 517
294 593
294 695
294 783
294 815
294 1017
295 314
295 395
295 795
296 320
296 327
296 350
296 373
296 378
296 384
296 406
296 441
296 465
296 474
296 480
296 550
296 604
296 607
296 713
296 817
296 831
296 835
296 878
296 922
296 927
296 968
296 1003
296 1016
297 384
297 516
297 530
297 551
297 618
297 663
297 667
297 776
297 816
297 939
298 465
298 514
298 523
298 562
298 775
298 805
298 852
298 968
298 1004
299 477
299 530
299 559
299 600
299 864
300 327
300 429
300 467
300 481
300 498
300 560
300 562
300 628
300 653
300 702
300 716
300 826
300 921
301 393
301 420
301 515
301 557
301 641
301 690
301 825
301 991
302 336
302 337
302 436
302 512
302 635
302 965
303 346
303 406
303 437
303 555
303 811
303 861
303 909
304 316
304 405
304 417
304 495
304 541
304 591
304 613
304 661
304 719
304 731
304 944
304 965
304 971
305 365
305 505
305 646
306 391
306 392
306 400
306 441
306 445
306 550
306 626
306 642
306 681
306 712
306 820
306 1005
307 363
307 384
307 638
307 655
307 753
307 780
307 783
307 975
308 569
308 620
308 721
308 786
308 974
308 1009
309 310
309 334
309 374
309 495
309 510
309 606
309 761
309 770
309 817
309 866
309 947
310 335
310 390
310 435
310 531
310 575
310 715
310 815
310 928
310 937
311 314
311 428
311 440
311 564
311 594
312 330
312 335
312 343
312 427
312 436
312 494
312 504
312 509
312 518
312 533
312 535
312 566
312 570
312 658
312 741
312 742
312 783
312 848
312 865
312 890
313 360
313 733
314 396
314 517
314 698
314 768
314 822
314 990
315 355
315 501
315 570
315 706
315 794
315 881
315 975
316 425
316 433
316 464
316 467
316 490
316 522
316 596
316 632
316 672
316 739
316 798
316 869
317 341
317 444
317 503
317 517
317 536
317 552
317 589
317 721
317 763
317 819
317 830
317 852
318 397
318 407
318 418
318 442
318 476
318 521
318 580
318 588
318 933
318 934
318 937
318 991
318 998
319 376
319 380
319 429
319 444
319 700
319 787
319 842
319 976
319 987
320 322
320 471
320 595
320 649
320 681
321 575
321 782
321 941
322 330
322 353
322 384
322 818
322 849
322 895
322 995
323 356
323 531
323 544
323 555
323 559
323 567
323 875
323 910
323 972
324 472
324 502
324 542
324 560
324 592
324 627
324 739
324 759
324 1013
325 385
325 445
325 548
325 764
325 792
325 810
325 894
326 355
326 575
326 692
326 806
327 353
327 358
327 465
327 823
327 903
328 374
328 484
328 512
328 608
328 785
328 942
329 454
329 497
329 514
329 625
329 657
329 696
329 712
329 715
329 716
329 869
329 894
329 901
330 340
330 345
330 350
330 430
330 466
330 766
330 811
330 863
330 981
330 1008
331 373
331 425
331 436
331 466
331 505
331 532
331 557
331 649
331 734
331 737
331 791
331 830
331 856
331 886
331 924
331 999
332 382
332 388
332 469
332 482
332 505
332 597
332 717
332 890
332 893
332 945
333 401
333 422
333 483
333 522
333 583
333 590
333 774
333 776
333 840
333 882
333 959
333 984
334 349
334 376
334 379
334 447
334 484
334 547
334 600
334 711
334 729
334 1001
335 336
335 382
335 383
335 535
335 804
335 921
336 371
336 376
336 391
336 412
336 442
336 485
336 568
336 656
336 719
336 754
336 789
336 806
336 823
336 905
336 940
336 990
337 385
337 416
337 456
337 505
337 604
337 825
337 826
337 890
337 950
338 653
338 702
338 783
338 868
338 962
338 1016
339 457
339 610
339 678
339 916
339 951
339 989
340 422
340 452
340 482
340 794
340 898
340 960
341 343
341 414
341 432
341 562
341 861
341 945
341 1023
342 392
342 616
342 687
342 882
342 926
343 381
344 644
344 648
344 688
344 761
345 371
345 535
345 574
346 378
346 413
346 435
346 682
346 797
346 828
346 891
347 433
347 743
347 780
347 808
347 942
348 510
348 537
348 589
348 612
348 918
349 351
349 381
349 399
349 407
349 441
349 445
349 474
349 554
349 624
349 628
349 672
349 688
349 755
349 850
349 977
350 473
350 573
350 648
350 846
350 884
350 956
350 1006
351 985
352 377
352 385
352 413
352 469
352 647
352 747
352 796
352 847
352 931
352 937
352 957
352 963
352 966
352 968
353 707
353 906
354 460
354 534
354 545
354 568
354 777
354 783
354 999
355 640
355 685
355 718
355 756
355 821
356 421
356 432
356 454
356 585
356 839
357 440
357 658
357 687
357 923
358 396
358 411
358 542
358 754
358 814
358 880
358 910
358 960
358 976
358 980
358 1002
358 1010
358 1021
359 367
359 513
359 708
359 887
359 896
359 969
360 428
360 504
360 566
360 709
360 749
360 813
360 854
360 925
360 959
361 391
361 418
361 537
361 538
361 670
361 970
362 411
362 475
362 491
362 587
362 668
362 728
362 795
362 829
362 1010
363 454
363 469
363 539
363 686
363 817
364 389
364 406
364 529
364 549
364 758
364 967
365 392
365 467
365 552
365 595
365 624
365 736
365 865
365 866
365 929
365 949
366 476
366 511
366 547
366 595
366 631
366 661
366 673
366 732
366 764
366 865
366 891
366 902
366 966
366 982
367 479
367 529
367 595
367 684
367 760
367 935
367 949
367 1003
368 517
368 848
369 430
369 431
369 611
369 652
369 829
369 846
369 973
370 589
370 680
370 682
370 731
370 932
370 983
371 430
371 468
371 985
372 387
372 432
372 843
372 872
372 1006
372 1008
373 374
373 378
373 413
373 440
373 458
373 512
373 522
373 536
373 649
373 655
373 692
373 773
373 797
373 850
373 877
373 934
373 941
374 426
374 450
374 521
374 659
374 795
374 902
374 926
374 932
374 953
374 964
374 983
374 1012
375 401
375 418
375 510
375 548
375 680
375 836
375 893
376 387
376 488
376 872
376 895
377 582
378 434
378 437
378 480
378 539
378 575
378 594
378 612
378 829
378 926
378 965
379 449
379 475
379 808
379 907
379 1001
380 382
380 630
380 670
380 971
380 987
380 991
381 444
381 448
381 459
381 481
381 582
381 584
381 818
382 478
382 487
382 546
382 550
382 662
382 855
382 1020
383 432
383 452
383 636
383 730
383 785
384 437
384 438
384 452
384 806
384 915
385 418
385 445
385 558
385 811
385 848
385 934
386 403
386 470
386 477
386 497
386 806
386 878
386 1015
387 752
388 784
389 485
389 670
389 717
390 458
390 770
390 828
391 440
391 474
391 602
391 810
391 887
391 1017
393 803
393 906
394 462
394 584
394 611
394 621
394 690
394 833
394 842
394 961
395 511
395 516
395 666
395 758
395 843
395 876
395 975
396 413
396 542
396 545
396 878
396 978
397 431
397 460
398 400
398 421
398 553
398 635
398 698
398 728
398 773
398 805
398 807
398 849
398 945
399 514
399 544
399 555
399 599
399 636
399 666
399 698
399 705
399 708
399 851
399 862
400 424
400 433
400 496
400 508
400 574
400 623
400 658
400 659
400 930
401 490
401 779
401 805
401 998
402 458
402 476
402 556
402 608
402 623
402 664
402 708
402 779
402 827
402 891
402 956
403 517
403 837
403 921
404 430
404 479
404 619
404 630
404 656
404 712
404 737
405 518
405 567
405 670
405 688
405 750
405 806
405 960
405 995
405 1003
406 506
406 515
406 539
406 615
406 742
406 918
406 970
407 414
407 468
407 521
407 605
407 724
407 730
408 513
408 959
409 416
409 420
409 677
409 735
409 767
409 768
410 432
410 520
410 542
410 644
410 703
410 770
410 858
410 896
410 898
411 466
411 511
411 580
411 650
411 770
411 826
412 450
413 486
413 616
413 637
413 665
413 679
413 685
413 745
413 793
413 867
413 868
413 912
413 933
414 488
415 491
415 575
415 617
415 958
416 464
416 490
416 667
416 726
416 934
416 937
417 448
417 629
417 800
418 420
418 432
418 470
418 487
418 544
418 601
418 602
418 645
418 681
418 706
418 743
418 805
418 996
418 1000
418 1006
419 426
419 433
419 523
419 622
419 723
419 1022
420 439
420 445
420 492
420 547
420 568
420 643
420 648
420 709
420 731
421 448
421 460
421 521
421 524
421 540
421 570
421 631
421 748
421 846
421 855
422 425
422 438
422 470
422 538
422 549
422 640
422 943
422 1004
422 1021
423 446
423 522
423 524
423 587
423 597
423 686
423 725
423 875
423 1003
424 466
424 534
424 551
424 658
424 742
424 757
424 845
424 982
424 997
425 518
425 559
425 624
425 818
426 592
426 716
427 674
427 933
428 458
428 462
428 482
428 493
428 596
428 610
428 719
428 730
428 760
428 804
428 883
428 895
428 904
428 979
429 444
429 456
429 529
429 564
429 606
429 745
429 946
430 531
430 580
430 603
430 638
430 765
431 501
432 527
432 785
432 787
432 970
433 607
433 801
433 871
433 948
434 436
434 489
434 561
434 734
434 845
434 895
434 936
434 954
434 997
434 1011
435 475
435 480
435 506
435 508
435 548
435 710
435 729
435 776
435 857
435 873
435 893
435 956
435 982
435 986
435 1022
436 460
436 554
436 859
436 981
437 451
437 488
437 632
437 634
437 732
437 749
437 982
438 454
438 684
438 687
438 917
438 922
438 949
439 543
439 564
439 600
439 625
440 464
440 606
440 706
440 755
441 469
441 639
441 929
442 447
442 571
442 609
442 661
442 745
442 750
443 854
443 949
444 462
444 576
444 591
444 599
444 620
444 638
444 684
444 694
444 870
445 507
445 738
445 890
446 483
446 673
446 732
446 994
447 604
447 802
447 998
448 526
448 598
448 607
448 796
448 853
448 900
448 919
448 960
448 966
449 635
449 661
449 755
449 780
449 804
449 828
449 886
450 481
450 604
450 650
450 784
450 825
450 861
451 558
451 766
451 778
451 826
451 934
451 950
452 475
452 703
452 742
452 883
452 935
452 975
453 598
453 727
453 794
453 807
453 898
453 951
453 971
454 502
454 545
454 646
454 663
454 708
454 763
454 764
454 801
454 821
454 825
454 894
454 924
455 488
455 579
455 603
455 653
455 714
455 716
455 824
455 889
455 907
455 909
456 558
456 611
456 626
456 655
456 717
456 746
456 820
456 868
456 903
457 473
457 551
457 555
457 572
457 677
457 764
457 767
457 820
457 831
457 909
457 917
457 919
457 954
458 510
458 664
458 753
458 883
458 941
459 837
459 853
459 897
460 711
460 750
460 785
460 942
461 561
461 639
461 657
461 662
462 585
462 593
462 644
462 914
462 965
463 512
463 531
463 627
463 662
463 825
463 864
463 901
463 921
463 1005
464 540
464 669
464 692
464 826
464 959
465 602
465 650
465 897
466 675
466 748
466 803
466 979
466 990
467 469
467 496
467 524
467 619
467 720
467 778
467 915
468 634
468 650
468 832
468 890
468 901
469 476
469 556
469 642
469 646
469 648
469 686
469 892
469 947
470 652
470 661
470 673
470 723
470 790
470 793
470 807
470 928
471 544
471 777
471 906
472 494
472 526
472 638
472 644
472 661
472 815
472 924
472 1014
473 482
473 538
473 572
473 873
474 730
474 731
475 489
475 603
475 666
475 844
476 829
476 906
477 629
477 977
478 521
478 557
478 857
478 886
478 920
478 927
478 944
478 990
479 577
479 639
479 907
480 581
480 596
480 676
480 782
480 881
480 901
481 623
481 768
481 787
482 846
482 936
482 948
482 1007
483 688
483 997
484 495
484 722
484 752
484 853
484 950
485 486
485 911
485 965
485 1001
486 496
486 651
486 665
486 731
486 790
486 857
486 1016
487 561
487 1000
487 1018
488 701
488 886
488 955
489 715
489 730
490 511
490 663
490 822
490 893
490 909
490 923
490 1005
491 504
491 615
491 632
491 749
492 738
493 502
493 750
494 541
494 664
494 802
494 850
495 500
495 501
495 539
495 575
495 639
495 709
495 753
495 872
495 938
496 532
496 956
497 970
497 972
498 510
498 511
498 549
498 553
498 565
499 503
499 537
499 960
499 1008
501 772
502 544
502 553
502 555
502 563
502 611
502 665
502 700
502 748
502 804
503 526
503 578
503 762
503 990
504 695
504 822
504 836
505 551
505 568
505 689
505 766
505 810
505 914
505 953
505 967
505 1002
506 530
506 569
506 591
506 681
506 849
506 932
506 984
507 695
507 714
507 819
507 850
507 883
508 915
509 535
509 803
509 852
509 908
509 940
510 994
510 1007
511 617
512 549
512 610
512 644
512 650
512 812
512 853
512 915
512 1016
513 584
513 622
513 634
513 788
513 836
513 926
513 1007
514 674
514 899
515 519
515 527
515 702
515 733
515 761
515 774
515 802
515 858
515 870
515 897
515 937
515 958
515 961
515 1017
515 1023
516 548
516 854
516 885
517 697
518 748
518 816
518 850
518 915
518 961
518 988
518 1000
519 523
519 571
519 641
519 718
519 802
519 813
520 697
520 718
520 801
520 834
520 867
521 524
521 561
521 621
521 626
521 720
521 944
521 1015
522 776
522 848
522 904
523 536
523 587
523 592
523 647
523 693
523 734
523 748
523 759
523 771
523 887
523 927
524 578
524 602
524 623
524 666
524 679
524 741
524 979
524 1013
525 608
525 625
525 775
525 797
525 802
525 824
525 868
525 935
525 958
525 992
526 527
526 1021
527 715
527 748
527 1001
528 642
528 809
528 842
529 588
529 674
530 563
530 603
530 690
530 739
531 643
531 656
531 843
532 555
532 584
532 619
532 653
532 891
533 861
533 950
534 559
534 834
534 869
534 878
534 903
534 919
535 929
536 538
536 598
536 761
537 708
537 764
537 1021
538 701
538 799
538 820
538 893
538 930
538 994
538 1003
539 833
539 920
540 614
540 725
540 784
540 852
541 773
541 789
541 819
542 593
542 627
542 751
542 787
542 795
542 822
543 556
543 594
544 689
544 984
545 694
545 850
545 906
545 946
546 560
546 605
546 686
546 845
546 902
546 1012
547 567
547 620
547 672
547 677
547 758
547 881
547 983
548 591
548 682
549 678
549 758
549 864
549 874
549 951
550 595
550 616
551 608
551 697
551 712
551 873
551 956
551 1014
552 962
553 696
553 719
553 941
553 998
554 711
554 811
554 920
554 939
555 606
555 685
555 719
556 674
556 856
556 936
557 640
557 671
557 674
557 849
557 868
557 1002
558 641
558 675
558 710
558 910
558 1010
559 728
559 898
559 992
559 997
560 618
560 1022
561 643
561 766
561 885
562 869
562 910
562 986
563 700
563 835
564 647
564 707
564 743
564 751
564 855
564 1009
565 874
566 646
567 606
567 836
567 881
568 734
568 1013
569 733
569 969
570 656
570 744
570 762
570 792
570 968
570 1000
571 643
571 688
571 727
572 610
572 752
572 870
572 999
572 1021
573 591
573 706
573 785
573 942
574 647
575 633
575 995
575 1011
576 867
576 914
576 958
577 863
578 988
579 652
579 832
580 752
581 744
581 751
581 790
581 845
581 854
581 932
581 981
581 984
581 1009
582 712
582 720
582 847
583 625
583 790
583 811
584 733
584 744
584 786
584 827
584 983
584 993
585 687
585 735
585 778
586 694
586 701
587 605
587 705
587 769
587 859
588 660
588 684
588 733
589 719
590 759
590 767
590 831
590 950
591 685
591 830
591 895
593 720
593 988
594 613
594 661
594 702
594 822
594 942
594 971
595 811
595 935
596 823
596 877
596 907
596 910
596 953
596 998
597 1022
598 649
598 672
598 770
598 950
600 917
602 985
603 922
604 605
604 615
604 727
604 902
605 677
605 738
605 846
605 888
606 810
606 978
608 741
608 859
609 702
609 820
609 996
610 733
610 790
610 798
610 881
610 885
611 704
611 739
611 848
612 724
612 866
612 1016
613 739
613 762
613 989
614 765
614 819
614 821
614 1003
616 779
617 624
617 700
617 996
618 641
619 1006
620 682
620 700
620 938
620 974
621 661
621 663
621 747
621 855
621 912
621 925
622 642
622 937
622 1001
623 678
623 719
623 1006
624 1004
626 754
626 887
626 954
627 654
627 865
627 886
628 657
628 698
628 753
628 800
628 817
628 866
628 993
628 1020
629 825
630 775
630 814
630 817
631 816
631 898
632 880
632 947
632 958
633 905
634 647
634 733
634 760
634 819
634 872
634 883
634 917
634 955
636 947
637 720
637 823
637 867
638 664
638 671
639 767
641 697
641 834
641 841
641 919
642 727
642 938
643 737
643 771
643 809
643 997
644 956
645 929
646 812
646 872
647 709
647 766
648 662
648 734
648 805
649 832
649 841
649 922
650 780
651 659
651 885
652 692
652 849
652 916
652 944
653 842
653 884
653 968
654 696
654 727
654 836
654 896
656 660
656 681
656 732
656 771
656 811
656 1012
657 781
660 729
660 925
661 739
661 750
661 770
661 1001
662 851
662 878
662 905
662 992
663 666
663 727
663 740
663 831
663 924
663 967
664 765
664 919
664 922
664 1014
665 774
666 793
666 840
666 880
666 885
666 950
667 678
667 859
667 972
667 991
668 673
668 778
668 975
669 971
669 973
670 781
670 818
670 977
670 985
670 1020
671 834
672 682
672 920
673 729
674 781
674 807
674 919
674 967
675 683
675 963
676 733
676 798
676 820
677 898
677 1020
678 772
678 812
679 756
679 1020
680 717
680 791
680 894
682 740
682 899
683 954
684 736
684 781
685 962
686 726
686 786
686 809
686 856
686 897
686 921
687 699
687 711
688 826
688 857
688 955
690 847
691 780
691 885
693 943
694 720
694 764
694 774
694 858
695 832
695 836
695 863
695 897
695 926
696 707
696 712
696 995
697 817
698 876
699 707
699 956
700 749
700 841
701 740
701 973
703 744
705 769
705 818
705 829
706 727
706 797
706 803
706 941
706 1008
708 718
708 856
708 977
709 780
709 949
709 952
710 808
711 771
712 779
712 806
712 842
712 881
713 747
713 763
713 994
714 908
714 1014
714 1023
715 840
715 852
715 864
715 880
715 959
715 987
717 768
717 928
719 859
720 722
720 757
720 833
720 879
720 925
720 943
722 735
722 737
722 738
722 877
722 882
723 774
724 824
724 941
724 975
727 780
728 956
729 745
729 847
730 853
730 891
731 759
731 847
733 861
733 939
733 1003
734 752
734 763
734 813
734 937
735 765
735 771
735 792
735 897
735 989
735 992
736 774
738 884
738 913
738 942
739 1000
740 793
741 946
742 961
743 745
743 1004
744 782
744 822
745 751
748 826
748 830
748 870
748 980
749 814
749 898
750 847
750 1008
750 1017
752 799
752 979
753 826
754 836
754 995
755 795
755 796
755 908
756 761
756 901
756 948
756 1010
757 810
757 1020
758 824
758 924
759 824
760 794
761 998
762 831
762 931
763 921
766 785
766 1017
768 1009
769 912
770 797
770 969
771 775
772 799
773 947
773 992
774 788
774 850
774 882
775 800
775 957
776 784
777 906
777 917
778 867
780 831
781 805
781 908
782 888
782 899
784 789
784 848
784 944
784 997
785 838
786 792
786 813
786 933
786 963
786 966
786 1023
787 800
787 914
787 916
788 791
788 804
788 873
788 990
788 1016
790 836
791 909
793 868
793 872
795 841
795 871
796 1020
797 859
797 913
797 948
797 979
798 985
799 806
799 923
799 969
800 834
800 1010
801 919
801 975
801 1022
803 821
803 823
803 956
803 981
804 862
806 807
806 974
807 948
807 977
808 875
808 959
808 981
808 989
809 918
809 931
810 841
811 989
812 872
812 879
812 900
812 986
812 1005
813 902
814 817
814 993
815 838
815 951
818 969
821 963
823 829
823 853
823 874
823 891
823 983
827 922
827 1008
828 916
829 891
830 975
832 874
836 899
836 976
837 900
837 978
838 945
838 963
839 875
839 1010
841 929
843 999
844 1007
845 876
845 954
846 869
846 900
846 917
848 946
848 1013
851 867
851 912
851 959
852 874
852 917
853 879
854 933
855 925
856 980
857 912
857 983
857 984
857 1012
858 978
858 1011
859 1011
861 889
861 931
861 999
862 869
864 871
867 1011
869 921
869 923
869 1010
872 1010
873 989
874 879
874 881
874 920
876 949
877 935
877 986
878 949
879 899
879 905
880 902
880 1018
881 1013
885 1004
886 972
888 971
888 989
889 913
891 896
891 920
892 955
895 962
895 1018
902 965
904 919
905 953
906 908
908 967
910 923
910 1020
911 1021
912 1016
915 974
916 933
918 932
918 974
919 986
920 928
920 1005
923 961
923 990
926 943
928 995
933 1000
935 1020
937 946
937 966
937 967
944 970
945 993
951 983
952 1009
960 978
963 1002
971 998
974 986
975 979
978 1016
983 984
984 995
995 1008
1000 1021
1005 1015
