0 9
0 10
0 11
0 12
0 13
0 15
0 16
0 19
0 22
0 24
0 32
0 33
0 36
0 38
0 43
0 45
0 46
0 54
0 59
0 78
0 79
0 85
0 88
0 109
0 112
0 119
0 146
0 155
0 158
0 176
0 177
0 184
0 190
0 197
0 211
0 213
0 226
0 234
0 251
0 252
0 262
0 276
0 279
0 282
0 285
0 294
0 300
0 306
0 312
0 316
0 336
0 337
0 342
0 359
0 360
0 367
0 390
0 392
0 439
0 456
0 460
0 461
0 465
0 471
0 508
0 511
1 9
1 12
1 17
1 18
1 28
1 29
1 30
1 31
1 52
1 56
1 63
1 106
1 194
1 266
1 286
1 423
1 448
2 9
2 10
2 11
2 13
2 21
2 22
2 24
2 26
2 56
2 58
2 63
2 78
2 109
2 118
2 136
2 166
2 173
2 197
2 212
2 227
2 268
2 288
2 292
2 328
2 352
2 386
2 453
2 455
3 9
3 10
3 11
3 12
3 13
3 14
3 16
3 17
3 18
3 19
3 20
3 22
3 23
3 25
3 30
3 31
3 35
3 42
3 49
3 57
3 60
3 65
3 70
3 73
3 75
3 77
3 84
3 86
3 88
3 96
3 110
3 111
3 134
3 147
3 178
3 185
3 205
3 209
3 237
3 240
3 249
3 259
3 279
3 298
3 311
3 333
3 336
3 352
3 376
3 394
3 408
3 430
3 431
3 445
3 454
3 464
3 466
3 468
3 471
3 481
3 501
4 9
4 10
4 11
4 13
4 15
4 20
4 25
4 28
4 35
4 40
4 64
4 85
4 105
4 118
4 122
4 132
4 133
4 134
4 139
4 144
4 149
4 156
4 164
4 194
4 221
4 235
4 259
4 273
4 280
4 289
4 296
4 309
4 315
4 320
4 372
4 382
4 391
4 394
4 396
4 442
4 479
4 482
5 9
5 10
5 11
5 12
5 13
5 14
5 15
5 16
5 21
5 27
5 39
5 53
5 58
5 70
5 71
5 83
5 123
5 153
5 161
5 174
5 237
5 305
5 442
6 9
6 10
6 11
6 14
6 15
6 27
6 38
6 46
6 51
6 69
6 74
6 92
6 104
6 106
6 112
6 126
6 161
6 176
6 178
6 188
6 214
6 229
6 245
6 250
6 263
6 266
6 296
6 326
6 338
6 350
6 365
6 435
6 477
6 503
6 504
6 510
7 9
7 10
7 12
7 14
7 16
7 19
7 21
7 25
7 32
7 34
7 45
7 47
7 87
7 96
7 98
7 115
7 127
7 131
7 152
7 160
7 163
7 165
7 168
7 170
7 181
7 184
7 202
7 213
7 221
7 293
7 310
7 313
7 339
7 341
7 344
7 349
7 358
7 372
7 442
7 447
7 458
7 465
7 468
7 473
7 479
8 9
8 10
8 11
8 12
8 13
8 18
8 22
8 28
8 29
8 33
8 42
8 53
8 69
8 73
8 75
8 86
8 107
8 128
8 130
8 137
8 149
8 151
8 154
8 165
8 172
8 193
8 203
8 233
8 239
8 254
8 266
8 302
8 311
8 325
8 422
8 440
8 502
9 10
9 11
9 12
9 13
9 14
9 15
9 16
9 17
9 18
9 19
9 20
9 22
9 23
9 24
9 25
9 26
9 28
9 29
9 31
9 32
9 33
9 36
9 37
9 42
9 43
9 44
9 50
9 52
9 56
9 59
9 61
9 68
9 70
9 77
9 79
9 84
9 87
9 92
9 93
9 94
9 99
9 101
9 102
9 104
9 108
9 109
9 111
9 116
9 117
9 123
9 124
9 129
9 133
9 147
9 149
9 151
9 153
9 158
9 160
9 163
9 166
9 169
9 175
9 195
9 196
9 200
9 203
9 209
9 218
9 226
9 227
9 228
9 229
9 236
9 244
9 246
9 250
9 251
9 252
9 262
9 265
9 271
9 274
9 284
9 294
9 295
9 299
9 303
9 308
9 316
9 319
9 331
9 338
9 345
9 352
9 356
9 366
9 394
9 399
9 409
9 415
9 416
9 426
9 434
9 445
9 453
9 461
9 466
9 468
9 472
9 473
9 474
9 476
9 482
9 483
9 497
10 11
10 12
10 13
10 14
10 15
10 16
10 17
10 18
10 21
10 27
10 29
10 32
10 34
10 36
10 39
10 44
10 47
10 49
10 50
10 60
10 63
10 66
10 74
10 83
10 93
10 94
10 103
10 104
10 105
10 119
10 122
10 131
10 132
10 137
10 146
10 153
10 157
10 172
10 177
10 190
10 193
10 199
10 204
10 205
10 206
10 216
10 223
10 225
10 240
10 244
10 246
10 250
10 256
10 257
10 259
10 266
10 269
10 273
10 277
10 278
10 298
10 308
10 309
10 315
10 321
10 322
10 333
10 345
10 351
10 363
10 392
10 406
10 408
10 422
10 425
10 427
10 429
10 433
10 442
10 457
10 458
10 465
10 470
10 478
10 479
10 481
10 496
10 504
11 12
11 14
11 15
11 16
11 17
11 18
11 19
11 21
11 23
11 28
11 29
11 30
11 31
11 32
11 35
11 38
11 39
11 43
11 44
11 47
11 53
11 54
11 57
11 59
11 69
11 73
11 85
11 87
11 97
11 98
11 103
11 105
11 106
11 112
11 116
11 119
11 121
11 133
11 145
11 153
11 161
11 163
11 171
11 172
11 179
11 183
11 189
11 198
11 202
11 209
11 226
11 233
11 242
11 253
11 271
11 275
11 283
11 297
11 314
11 321
11 322
11 337
11 349
11 361
11 362
11 364
11 365
11 402
11 403
11 416
11 418
11 425
11 430
11 438
11 449
11 477
11 488
11 489
12 13
12 14
12 15
12 17
12 18
12 21
12 22
12 25
12 28
12 34
12 35
12 36
12 37
12 38
12 43
12 55
12 59
12 64
12 65
12 66
12 70
12 75
12 76
12 81
12 82
12 86
12 88
12 93
12 95
12 100
12 103
12 108
12 111
12 114
12 118
12 119
12 123
12 125
12 129
12 133
12 150
12 155
12 157
12 160
12 181
12 185
12 186
12 197
12 204
12 205
12 207
12 212
12 216
12 227
12 236
12 244
12 247
12 249
12 252
12 258
12 265
12 273
12 283
12 284
12 301
12 309
12 310
12 320
12 323
12 329
12 332
12 333
12 338
12 339
12 353
12 356
12 364
12 386
12 393
12 403
12 404
12 414
12 434
12 438
12 439
12 444
12 445
12 449
12 452
12 456
12 466
12 469
12 472
12 497
12 498
12 502
12 508
12 511
13 14
13 15
13 16
13 17
13 18
13 19
13 20
13 22
13 23
13 24
13 25
13 26
13 31
13 35
13 36
13 39
13 40
13 41
13 47
13 48
13 53
13 56
13 58
13 59
13 60
13 62
13 66
13 69
13 75
13 78
13 81
13 85
13 91
13 95
13 101
13 102
13 113
13 118
13 119
13 120
13 121
13 127
13 128
13 150
13 160
13 162
13 163
13 165
13 169
13 184
13 190
13 191
13 196
13 203
13 204
13 211
13 223
13 235
13 241
13 258
13 269
13 276
13 289
13 295
13 317
13 321
13 339
13 348
13 355
13 363
13 371
13 374
13 383
13 387
13 389
13 403
13 404
13 406
13 415
13 423
13 424
13 430
13 431
13 443
13 448
13 457
13 461
13 480
13 486
13 510
14 17
14 20
14 22
14 25
14 26
14 27
14 29
14 30
14 37
14 42
14 43
14 50
14 66
14 67
14 75
14 93
14 96
14 104
14 106
14 109
14 110
14 111
14 121
14 123
14 124
14 127
14 131
14 134
14 149
14 158
14 175
14 194
14 195
14 196
14 245
14 253
14 291
14 314
14 326
14 329
14 340
14 343
14 364
14 378
14 381
14 415
14 418
14 441
14 442
14 450
14 465
14 473
14 477
14 501
14 507
15 16
15 19
15 20
15 21
15 23
15 26
15 27
15 29
15 30
15 32
15 34
15 35
15 39
15 40
15 44
15 48
15 49
15 50
15 53
15 54
15 55
15 56
15 62
15 64
15 68
15 72
15 81
15 85
15 88
15 89
15 90
15 99
15 105
15 108
15 120
15 145
15 168
15 169
15 176
15 194
15 197
15 203
15 215
15 229
15 237
15 258
15 283
15 288
15 291
15 299
15 305
15 345
15 347
15 349
15 353
15 359
15 372
15 384
15 387
15 403
15 416
15 426
15 448
15 449
15 450
15 453
15 454
15 459
15 487
15 511
16 17
16 18
16 19
16 20
16 21
16 23
16 24
16 25
16 27
16 29
16 30
16 32
16 33
16 34
16 35
16 36
16 37
16 38
16 39
16 42
16 45
16 48
16 53
16 54
16 60
16 64
16 70
16 74
16 78
16 81
16 91
16 92
16 93
16 94
16 96
16 102
16 108
16 111
16 114
16 116
16 117
16 121
16 127
16 128
16 130
16 140
16 145
16 148
16 151
16 153
16 156
16 158
16 160
16 177
16 184
16 189
16 191
16 192
16 203
16 209
16 214
16 219
16 222
16 228
16 233
16 248
16 251
16 258
16 263
16 267
16 275
16 294
16 311
16 331
16 333
16 335
16 341
16 346
16 355
16 362
16 388
16 391
16 401
16 411
16 414
16 436
16 444
16 468
16 482
16 489
17 20
17 23
17 26
17 37
17 38
17 41
17 46
17 49
17 51
17 64
17 86
17 110
17 111
17 123
17 142
17 148
17 158
17 166
17 168
17 177
17 194
17 198
17 206
17 217
17 228
17 230
17 244
17 262
17 272
17 303
17 309
17 320
17 369
17 384
17 392
17 402
17 407
17 436
17 458
17 486
17 494
17 506
17 509
18 19
18 24
18 26
18 30
18 33
18 38
18 39
18 40
18 41
18 43
18 49
18 54
18 56
18 65
18 67
18 68
18 70
18 73
18 82
18 88
18 89
18 93
18 94
18 98
18 99
18 102
18 105
18 109
18 117
18 119
18 125
18 137
18 143
18 145
18 147
18 160
18 161
18 163
18 167
18 172
18 175
18 179
18 180
18 182
18 187
18 190
18 192
18 196
18 198
18 201
18 210
18 225
18 227
18 240
18 246
18 261
18 263
18 272
18 274
18 278
18 287
18 323
18 334
18 342
18 343
18 345
18 347
18 352
18 353
18 367
18 368
18 382
18 392
18 405
18 415
18 417
18 424
18 430
18 433
18 457
18 469
18 478
18 486
18 487
18 493
18 498
18 511
19 20
19 21
19 24
19 28
19 29
19 30
19 31
19 34
19 37
19 40
19 41
19 49
19 51
19 55
19 60
19 61
19 62
19 66
19 67
19 74
19 78
19 80
19 88
19 112
19 124
19 131
19 151
19 162
19 169
19 171
19 179
19 187
19 194
19 235
19 241
19 269
19 318
19 323
19 328
19 332
19 343
19 367
19 370
19 375
19 387
19 416
19 419
19 443
19 470
20 22
20 23
20 24
20 26
20 31
20 33
20 34
20 36
20 40
20 58
20 60
20 61
20 62
20 71
20 76
20 91
20 104
20 107
20 118
20 135
20 141
20 148
20 156
20 166
20 183
20 207
20 210
20 231
20 232
20 253
20 262
20 289
20 295
20 318
20 338
20 360
20 362
20 389
20 415
20 423
20 432
20 433
20 437
20 463
20 485
20 495
20 510
21 23
21 24
21 26
21 27
21 34
21 37
21 51
21 58
21 62
21 68
21 71
21 76
21 77
21 92
21 95
21 102
21 109
21 117
21 120
21 131
21 142
21 143
21 152
21 174
21 190
21 193
21 209
21 247
21 261
21 281
21 292
21 299
21 307
21 308
21 313
21 337
21 349
21 351
21 357
21 365
21 376
21 378
21 380
21 382
21 399
21 412
21 446
21 472
21 476
21 501
22 27
22 28
22 32
22 33
22 39
22 58
22 69
22 75
22 76
22 84
22 90
22 92
22 98
22 101
22 103
22 110
22 114
22 129
22 138
22 174
22 191
22 213
22 214
22 220
22 225
22 231
22 277
22 281
22 284
22 299
22 301
22 308
22 356
22 370
22 402
22 422
22 427
22 435
22 451
22 459
23 30
23 33
23 35
23 39
23 41
23 44
23 45
23 50
23 51
23 54
23 55
23 57
23 62
23 77
23 78
23 81
23 94
23 106
23 109
23 114
23 116
23 117
23 121
23 123
23 133
23 135
23 138
23 141
23 153
23 162
23 168
23 174
23 179
23 183
23 202
23 210
23 220
23 226
23 242
23 260
23 267
23 292
23 294
23 296
23 336
23 341
23 372
23 379
23 394
23 399
23 405
23 433
23 438
23 450
23 457
23 473
23 484
23 504
24 25
24 28
24 31
24 36
24 41
24 43
24 44
24 45
24 46
24 47
24 51
24 52
24 55
24 62
24 63
24 65
24 79
24 91
24 96
24 100
24 102
24 113
24 115
24 124
24 125
24 128
24 129
24 136
24 152
24 157
24 172
24 175
24 178
24 195
24 198
24 205
24 208
24 211
24 212
24 222
24 229
24 237
24 243
24 244
24 246
24 256
24 257
24 260
24 262
24 264
24 265
24 270
24 318
24 322
24 325
24 329
24 334
24 343
24 355
24 357
24 358
24 359
24 385
24 399
24 403
24 414
24 450
24 458
25 27
25 35
25 36
25 40
25 41
25 42
25 44
25 52
25 73
25 85
25 87
25 91
25 98
25 104
25 111
25 132
25 144
25 146
25 150
25 155
25 156
25 162
25 171
25 186
25 207
25 249
25 260
25 268
25 296
25 315
25 361
25 396
25 429
25 448
25 453
25 481
25 485
25 487
25 509
26 32
26 43
26 46
26 48
26 55
26 58
26 62
26 65
26 91
26 107
26 113
26 117
26 143
26 159
26 173
26 175
26 189
26 190
26 209
26 238
26 246
26 248
26 267
26 293
26 294
26 299
26 352
26 384
26 417
26 472
26 490
26 504
27 43
27 54
27 56
27 93
27 96
27 105
27 116
27 159
27 164
27 170
27 191
27 199
27 202
27 210
27 215
27 238
27 249
27 283
27 298
27 311
27 335
27 352
27 354
27 362
27 366
27 402
27 453
27 511
28 37
28 38
28 45
28 48
28 58
28 68
28 70
28 73
28 77
28 87
28 96
28 97
28 130
28 135
28 137
28 183
28 185
28 191
28 201
28 205
28 218
28 223
28 231
28 253
28 255
28 267
28 302
28 378
28 380
28 392
28 400
28 403
28 405
28 457
28 466
28 477
29 33
29 34
29 60
29 61
29 63
29 76
29 82
29 84
29 116
29 122
29 132
29 141
29 143
29 164
29 165
29 180
29 182
29 184
29 188
29 202
29 224
29 244
29 247
29 286
29 303
29 304
29 323
29 357
29 454
29 480
29 509
30 31
30 42
30 47
30 48
30 55
30 66
30 80
30 97
30 154
30 170
30 181
30 240
30 280
30 427
30 448
30 491
31 57
31 63
31 67
31 76
31 77
31 100
31 101
31 115
31 118
31 120
31 128
31 139
31 152
31 199
31 214
31 215
31 222
31 233
31 234
31 237
31 238
31 255
31 256
31 262
31 277
31 284
31 292
31 296
31 318
31 320
31 356
31 361
31 370
31 371
31 404
31 412
31 421
31 426
31 429
31 446
31 478
31 482
31 492
31 505
32 40
32 44
32 48
32 52
32 54
32 61
32 62
32 64
32 65
32 66
32 75
32 80
32 150
32 154
32 159
32 178
32 197
32 204
32 288
32 289
32 321
32 390
32 391
32 402
32 451
32 481
32 494
32 499
32 502
33 40
33 42
33 53
33 57
33 66
33 67
33 71
33 78
33 87
33 89
33 92
33 99
33 105
33 109
33 113
33 115
33 153
33 155
33 196
33 197
33 254
33 263
33 282
33 293
33 307
33 317
33 327
33 329
33 363
33 367
33 376
33 395
33 434
33 438
33 458
33 460
33 471
33 476
34 37
34 42
34 46
34 47
34 48
34 55
34 56
34 64
34 69
34 91
34 117
34 122
34 123
34 126
34 128
34 140
34 142
34 152
34 161
34 166
34 171
34 190
34 202
34 223
34 231
34 232
34 235
34 263
34 266
34 268
34 279
34 294
34 302
34 329
34 346
34 368
34 384
34 397
34 410
34 434
34 463
34 481
34 484
34 495
34 508
35 38
35 49
35 50
35 52
35 53
35 60
35 74
35 82
35 83
35 84
35 87
35 100
35 131
35 142
35 162
35 164
35 182
35 188
35 195
35 199
35 233
35 236
35 238
35 248
35 286
35 304
35 336
35 381
35 384
35 394
35 405
35 425
35 429
35 436
35 440
35 453
35 462
35 488
35 504
36 45
36 46
36 49
36 61
36 67
36 69
36 83
36 99
36 112
36 115
36 147
36 176
36 177
36 179
36 192
36 201
36 213
36 233
36 247
36 261
36 265
36 279
36 280
36 316
36 326
36 342
36 359
36 414
36 445
36 499
37 47
37 49
37 64
37 80
37 86
37 110
37 112
37 120
37 156
37 157
37 170
37 176
37 183
37 254
37 273
37 291
37 292
37 324
37 328
37 348
37 413
37 434
37 485
38 41
38 52
38 59
38 74
38 75
38 78
38 80
38 84
38 85
38 90
38 99
38 106
38 114
38 118
38 122
38 129
38 132
38 138
38 180
38 220
38 239
38 240
38 255
38 302
38 327
38 336
38 340
38 376
38 418
38 419
38 425
38 443
38 453
38 486
38 498
38 506
39 41
39 46
39 88
39 91
39 107
39 172
39 175
39 183
39 221
39 253
39 256
39 260
39 276
39 287
39 325
39 348
39 385
39 394
39 395
39 397
39 406
39 409
39 420
39 428
39 439
39 441
39 453
39 476
40 51
40 54
40 78
40 95
40 127
40 133
40 140
40 143
40 201
40 241
40 269
40 272
40 313
40 355
40 390
40 408
40 467
40 475
41 44
41 45
41 65
41 68
41 82
41 93
41 98
41 115
41 135
41 137
41 139
41 142
41 143
41 154
41 184
41 211
41 213
41 214
41 217
41 242
41 266
41 293
41 295
41 305
41 325
41 341
41 347
41 354
41 355
41 372
41 381
41 407
41 456
41 464
41 468
41 474
41 505
42 52
42 59
42 87
42 89
42 116
42 125
42 132
42 151
42 192
42 198
42 210
42 212
42 235
42 306
42 329
42 374
42 384
42 413
42 431
42 457
42 460
42 463
42 464
43 48
43 50
43 59
43 65
43 67
43 82
43 89
43 90
43 108
43 110
43 130
43 143
43 144
43 156
43 168
43 174
43 176
43 255
43 275
43 289
43 330
43 334
43 374
43 418
43 471
44 45
44 46
44 47
44 50
44 55
44 57
44 58
44 71
44 72
44 74
44 84
44 98
44 145
44 148
44 149
44 159
44 216
44 225
44 241
44 243
44 305
44 313
44 319
44 332
44 347
44 350
44 395
44 493
45 51
45 57
45 70
45 71
45 72
45 73
45 134
45 184
45 188
45 227
45 253
45 305
45 314
45 365
45 367
45 432
46 51
46 63
46 76
46 81
46 83
46 93
46 100
46 102
46 122
46 128
46 138
46 207
46 236
46 237
46 270
46 281
46 310
46 335
46 352
46 377
46 380
46 381
46 395
46 397
46 410
46 422
46 434
46 451
46 483
46 485
46 495
47 50
47 71
47 95
47 124
47 194
47 201
47 269
47 327
47 381
47 405
47 459
47 477
47 492
48 52
48 53
48 57
48 64
48 67
48 69
48 73
48 81
48 104
48 107
48 113
48 150
48 167
48 170
48 184
48 187
48 189
48 205
48 207
48 210
48 221
48 241
48 248
48 271
48 278
48 281
48 347
48 350
48 371
48 372
48 392
48 393
48 398
48 400
48 410
48 412
48 423
48 471
48 499
49 65
49 69
49 83
49 95
49 99
49 104
49 117
49 121
49 146
49 175
49 181
49 182
49 195
49 230
49 234
49 236
49 286
49 287
49 303
49 304
49 313
49 315
49 347
49 356
49 375
49 416
49 429
49 438
49 447
49 451
49 475
49 500
49 507
50 56
50 68
50 72
50 84
50 89
50 101
50 103
50 144
50 148
50 156
50 198
50 208
50 231
50 270
50 287
50 288
50 292
50 307
50 351
50 365
50 375
50 385
50 389
50 426
51 71
51 76
51 90
51 96
51 97
51 119
51 136
51 165
51 206
51 225
51 239
51 265
51 297
51 363
51 422
52 79
52 92
52 115
52 173
52 177
52 224
52 225
52 229
52 247
52 248
52 279
52 290
52 299
52 301
52 307
52 349
53 63
53 67
53 72
53 80
53 98
53 125
53 129
53 137
53 149
53 163
53 178
53 215
53 221
53 222
53 231
53 251
53 411
53 468
53 484
54 57
54 68
54 73
54 74
54 79
54 87
54 90
54 95
54 99
54 110
54 122
54 138
54 139
54 147
54 157
54 158
54 164
54 169
54 182
54 190
54 215
54 223
54 248
54 264
54 266
54 288
54 303
54 323
54 406
54 435
54 438
55 59
55 76
55 85
55 128
55 149
55 177
55 187
55 193
55 199
55 285
55 332
55 356
55 372
55 445
56 79
56 150
56 176
56 206
56 232
56 239
56 347
56 351
56 427
56 442
57 60
57 61
57 70
57 72
57 79
57 81
57 86
57 95
57 103
57 106
57 123
57 127
57 141
57 147
57 152
57 164
57 180
57 206
57 236
57 237
57 257
57 264
57 274
57 278
57 284
57 313
57 323
57 336
57 353
57 370
57 375
57 402
57 453
57 464
57 465
58 61
58 77
58 82
58 100
58 103
58 107
58 108
58 112
58 114
58 127
58 131
58 140
58 146
58 155
58 209
58 229
58 288
58 291
58 297
58 307
58 322
58 330
58 338
58 344
58 365
58 379
58 398
58 466
59 83
59 86
59 89
59 94
59 99
59 123
59 157
59 187
59 201
59 238
59 245
59 303
59 411
60 61
60 80
60 127
60 136
60 141
60 154
60 161
60 181
60 182
60 192
60 210
60 213
60 284
60 345
60 401
60 467
60 494
61 63
61 119
61 168
61 192
61 197
61 200
61 205
61 211
61 241
61 266
61 270
61 273
61 431
61 459
61 473
61 478
61 483
61 489
61 503
61 509
62 72
62 77
62 97
62 113
62 119
62 122
62 134
62 140
62 160
62 161
62 184
62 198
62 270
62 311
62 337
62 346
62 353
62 418
62 427
62 441
62 454
63 68
63 94
63 96
63 130
63 189
63 192
63 193
63 235
63 243
63 318
63 335
63 358
63 360
63 368
63 392
63 476
64 66
64 83
64 88
64 89
64 97
64 101
64 136
64 180
64 208
64 210
64 215
64 246
64 277
64 349
64 370
64 372
64 373
64 379
64 386
64 401
64 443
64 447
64 464
64 483
65 79
65 94
65 120
65 160
65 161
65 173
65 180
65 188
65 205
65 274
65 340
65 476
65 480
65 481
65 496
66 85
66 106
66 110
66 121
66 140
66 142
66 158
66 247
66 259
66 260
66 261
66 277
66 283
66 300
66 301
66 309
66 312
66 324
66 420
66 432
66 456
66 463
67 71
67 86
67 104
67 109
67 113
67 124
67 139
67 161
67 203
67 265
67 316
67 326
67 343
67 366
67 463
68 72
68 77
68 79
68 80
68 113
68 114
68 126
68 145
68 146
68 165
68 226
68 229
68 231
68 280
68 284
68 342
68 362
68 374
68 415
68 435
68 452
68 504
69 72
69 88
69 97
69 106
69 127
69 148
69 180
69 182
69 224
69 340
69 344
69 386
69 496
70 74
70 75
70 80
70 89
70 101
70 107
70 111
70 125
70 134
70 140
70 174
70 186
70 189
70 218
70 235
70 245
70 300
70 305
70 317
70 385
70 407
70 420
70 427
70 441
70 461
70 484
71 90
71 153
71 274
71 293
72 95
72 100
72 108
72 141
72 145
72 167
72 174
72 191
72 238
72 319
72 321
72 354
72 358
72 488
72 501
73 137
73 141
73 188
73 216
73 275
73 383
73 409
73 496
74 82
74 114
74 129
74 136
74 142
74 173
74 187
74 371
74 420
74 423
74 424
74 432
74 435
74 451
75 81
75 86
75 98
75 100
75 113
75 157
75 179
75 182
75 233
75 318
75 451
75 488
76 83
76 90
76 102
76 105
76 107
76 129
76 133
76 147
76 165
76 174
76 185
76 193
76 196
76 220
76 227
76 231
76 242
76 267
76 273
76 281
76 302
76 310
76 321
76 338
76 346
76 373
76 377
76 388
76 400
76 456
77 97
77 148
77 223
77 236
77 275
77 298
77 314
77 370
78 134
78 138
78 206
78 232
78 234
78 318
78 369
78 414
79 84
79 92
79 105
79 112
79 158
79 172
79 361
79 376
79 399
79 419
79 421
79 467
80 195
80 252
80 317
80 320
80 331
80 359
80 360
80 473
80 492
81 82
81 92
81 100
81 126
81 134
81 135
81 166
81 171
81 178
81 240
81 285
81 287
81 327
81 330
81 334
81 375
81 415
81 446
81 494
82 114
82 417
82 420
82 452
82 484
83 159
83 163
83 179
83 183
83 226
83 253
83 261
83 272
83 306
83 324
83 383
84 90
84 115
84 126
84 130
84 131
84 146
84 165
84 176
84 230
84 234
84 249
84 250
84 257
84 276
84 370
84 387
84 388
84 409
84 417
84 421
84 428
84 448
84 452
85 168
85 170
85 256
85 302
85 334
85 354
85 475
85 488
85 495
86 97
86 101
86 110
86 112
86 120
86 132
86 139
86 145
86 156
86 171
86 219
86 229
86 238
86 254
86 269
86 270
86 272
86 275
86 277
86 285
86 301
86 337
86 358
86 413
86 428
87 91
87 139
87 142
87 146
87 187
87 224
87 328
87 434
87 464
88 101
88 118
88 129
88 132
88 163
88 206
88 258
88 270
88 281
88 309
88 411
88 428
88 466
88 492
89 125
89 142
89 174
89 193
89 230
89 237
89 285
89 316
89 341
89 383
89 437
90 107
90 167
90 168
90 186
90 220
90 245
90 261
90 265
90 273
90 286
90 298
90 299
90 366
90 368
90 380
90 390
90 429
90 433
90 437
90 450
90 490
91 108
91 126
91 135
91 151
91 152
91 164
91 167
91 212
91 218
91 220
91 259
91 270
91 312
91 318
91 319
91 338
91 361
91 456
91 466
91 502
92 131
92 135
92 150
92 162
92 185
92 199
92 202
92 219
92 310
92 314
92 360
92 417
92 462
92 470
92 492
93 94
93 108
93 133
93 138
93 217
93 225
93 257
93 306
93 426
93 501
94 102
94 124
94 257
94 272
94 329
94 353
94 391
94 400
95 103
95 111
95 118
95 120
95 124
95 130
95 150
95 202
95 243
95 250
95 256
95 263
95 282
95 292
95 329
95 373
95 379
95 390
95 471
95 503
96 160
96 164
96 177
96 189
96 196
96 200
96 204
96 212
96 232
96 236
96 363
96 367
96 419
96 421
96 455
97 117
97 130
97 138
97 149
97 201
97 206
97 207
97 259
97 456
97 493
98 116
98 153
98 215
98 222
98 235
98 306
98 311
98 333
98 401
98 421
98 476
99 219
99 331
99 361
100 103
100 136
100 137
100 188
100 208
100 278
100 316
100 317
100 324
100 369
100 377
100 476
100 510
101 186
101 204
101 245
101 272
101 292
101 301
101 306
101 374
101 389
102 125
102 145
102 151
102 159
102 194
102 196
102 200
102 215
102 218
102 219
102 222
102 224
102 232
102 278
102 282
102 327
102 346
102 354
102 357
102 375
102 411
102 449
102 452
102 461
102 484
102 487
102 488
102 498
102 503
103 116
103 121
103 133
103 169
103 170
103 175
103 181
103 195
103 241
103 338
103 374
103 383
103 387
104 128
104 200
104 209
104 223
104 259
104 289
104 317
104 341
104 380
104 442
104 455
104 499
104 510
105 134
105 138
105 144
105 165
105 178
105 189
105 197
105 221
105 225
105 226
105 243
105 247
105 280
105 302
105 322
105 340
105 421
105 431
105 450
105 459
105 488
106 120
106 121
106 122
106 148
106 211
106 248
106 257
106 308
106 376
106 379
106 381
106 393
106 426
106 497
107 196
107 242
107 246
107 311
108 126
108 258
108 268
108 290
108 369
108 419
108 505
109 177
109 198
109 316
109 356
110 144
110 169
110 193
110 199
110 315
110 330
110 343
110 396
110 412
111 169
111 176
111 185
111 221
111 239
111 252
111 276
111 335
111 376
111 377
111 505
112 115
112 154
112 191
112 219
112 295
112 309
112 478
112 503
112 506
113 147
113 216
113 227
113 260
113 300
113 304
113 348
113 357
113 384
113 407
114 132
114 135
114 136
114 179
114 264
114 276
114 282
114 285
114 294
115 124
115 143
115 159
115 171
115 189
115 224
115 329
115 335
115 355
115 478
116 125
116 162
116 172
116 232
116 245
116 285
116 310
116 510
117 144
117 159
117 305
117 357
117 393
117 400
117 431
118 126
118 179
118 200
118 211
118 240
118 254
118 266
118 268
118 269
118 319
118 364
118 369
118 399
118 408
118 439
118 445
118 473
118 480
118 492
119 155
119 169
119 199
119 203
119 222
119 233
119 243
119 248
119 254
119 255
119 257
119 306
119 313
119 347
119 350
119 382
119 393
119 397
119 440
119 487
120 197
120 205
120 262
120 279
120 340
120 494
121 198
121 224
121 242
121 278
121 297
121 311
121 433
121 497
121 505
122 130
122 139
122 154
122 217
122 220
122 239
122 250
122 258
122 267
122 271
122 304
122 307
122 462
123 147
123 151
123 202
123 204
123 228
123 324
123 330
123 407
123 462
124 162
124 170
124 343
124 346
124 423
125 126
125 148
125 157
125 164
125 186
125 243
125 250
125 253
125 254
125 271
125 295
125 302
125 389
125 391
125 424
125 454
125 459
125 464
125 471
125 475
126 135
126 136
126 194
126 229
126 230
126 376
126 410
126 418
126 446
127 218
127 224
127 286
127 304
127 351
127 403
127 435
127 480
128 140
128 150
128 163
128 173
128 289
128 300
128 328
128 387
128 437
128 487
128 497
129 146
129 158
129 185
129 207
129 233
129 281
129 319
129 325
129 367
129 377
129 395
130 156
130 159
130 167
130 180
130 220
130 230
130 232
130 291
130 360
130 366
130 395
130 413
130 419
130 438
130 487
130 491
131 137
131 178
131 255
131 305
131 364
131 426
131 447
132 152
132 186
132 264
132 302
132 332
132 354
132 366
132 418
132 445
132 494
132 498
133 143
133 201
133 204
133 207
133 214
133 246
133 417
133 437
133 489
133 505
134 141
134 227
134 326
134 347
134 373
134 396
134 404
134 405
134 414
135 214
135 228
135 252
135 256
135 278
135 332
135 348
135 377
135 384
135 386
135 476
136 139
136 141
136 287
136 326
136 359
136 405
136 490
136 504
137 217
137 277
137 354
137 466
138 154
138 182
138 230
138 274
138 317
139 140
139 144
139 180
139 260
139 275
139 363
139 469
140 155
140 192
140 210
140 216
140 234
140 355
141 144
141 264
141 501
142 162
142 166
142 200
142 326
142 331
142 402
143 155
143 173
143 191
143 214
143 277
143 430
143 447
143 499
144 183
144 244
144 296
144 340
145 149
145 151
145 168
145 173
145 200
145 249
145 267
145 300
145 320
145 339
145 354
145 449
146 152
146 206
146 219
146 254
146 274
146 288
146 301
146 314
146 344
146 369
146 421
146 436
146 455
147 171
147 172
147 282
147 286
147 508
148 154
148 155
148 204
148 223
148 244
148 259
148 296
148 427
149 166
149 171
149 193
149 254
149 259
149 280
149 382
149 474
150 181
150 245
150 290
150 304
150 306
150 308
150 322
150 363
150 397
150 449
150 465
151 201
151 275
151 297
151 351
151 469
151 505
152 191
152 252
152 256
152 296
152 362
152 373
152 386
152 394
152 409
153 167
153 170
153 220
153 265
153 283
153 295
153 303
153 333
153 397
153 424
154 157
154 175
154 352
154 425
154 449
154 477
155 178
155 188
155 216
155 260
155 342
155 431
155 506
156 173
156 262
157 187
157 208
157 209
157 217
157 226
157 284
157 294
157 312
157 314
157 319
157 351
157 378
157 430
157 448
157 467
158 195
158 212
158 222
158 238
158 353
158 455
160 167
160 186
160 251
160 264
160 290
160 370
160 396
160 410
161 250
161 288
162 166
162 188
162 273
163 279
163 315
163 386
163 455
164 228
164 237
164 332
164 374
164 410
164 505
165 241
165 267
165 424
165 480
165 490
166 167
166 190
166 238
166 243
166 273
166 280
166 391
167 211
167 232
167 415
167 470
167 479
167 502
168 186
168 218
168 386
168 404
168 428
168 479
168 481
168 501
169 208
169 221
169 227
169 269
169 380
169 509
170 203
170 223
170 283
170 299
170 352
170 402
171 211
171 216
171 263
171 287
171 324
171 328
171 385
171 422
171 487
172 217
172 350
172 358
172 399
172 471
173 274
174 185
174 187
174 208
174 291
174 344
174 354
174 422
174 440
175 199
175 200
175 226
175 276
175 312
175 336
175 349
175 398
175 425
175 432
175 463
175 511
176 212
176 293
176 339
176 472
176 475
176 502
177 269
177 289
177 386
177 420
178 181
178 185
178 215
178 261
178 278
178 280
178 337
178 362
178 365
178 390
178 436
178 437
178 438
178 472
178 497
179 181
179 231
179 252
179 293
179 409
179 478
180 280
180 307
180 326
181 192
181 214
181 239
181 243
181 255
181 274
181 279
181 312
181 356
181 469
181 509
182 183
182 217
182 286
182 331
182 332
182 377
182 418
183 258
184 213
184 251
184 292
184 304
184 323
184 334
184 339
184 360
185 249
185 257
185 298
185 320
185 376
185 380
185 433
186 212
186 216
186 249
186 297
186 334
186 395
186 401
186 450
186 496
187 219
187 224
187 311
187 335
187 338
188 245
188 508
189 195
189 263
189 297
189 345
189 483
189 500
189 511
190 240
190 291
190 313
190 330
190 345
190 360
190 403
190 465
190 495
190 506
191 235
191 346
191 447
192 208
192 234
192 300
192 449
193 203
193 234
193 239
193 286
193 356
194 228
194 306
194 315
194 335
194 342
194 392
194 417
194 440
194 480
195 234
195 244
195 464
197 248
197 290
197 351
197 382
197 457
197 460
197 473
198 252
198 365
199 213
199 406
199 482
200 208
200 213
200 217
200 230
200 256
200 308
200 314
200 317
200 335
200 361
201 271
201 290
201 327
201 409
201 413
201 472
201 474
202 412
203 236
203 297
203 390
203 419
203 458
203 480
203 494
204 276
204 323
204 387
204 437
204 452
204 474
204 498
205 228
205 295
205 307
205 324
205 337
205 341
205 379
205 398
205 444
205 460
205 463
206 207
206 281
208 225
208 228
208 230
208 246
208 251
208 255
208 281
208 368
208 413
208 464
209 218
209 253
209 264
209 374
209 413
209 422
209 495
209 502
210 221
210 263
210 348
210 428
211 222
211 247
211 287
211 295
211 298
211 320
211 350
211 358
211 360
211 389
211 396
211 497
211 503
212 285
212 404
212 490
212 494
213 219
213 287
213 325
213 340
213 420
213 483
213 500
213 505
214 267
214 303
215 218
215 251
215 277
215 388
216 261
216 328
216 385
216 388
216 439
216 498
217 312
217 326
217 336
217 468
218 241
218 439
218 450
218 462
218 478
218 488
219 242
219 319
219 368
219 373
219 393
219 491
220 239
220 260
220 296
220 314
220 350
220 401
220 426
220 471
221 272
221 299
221 373
221 479
222 247
222 285
222 288
222 308
222 408
222 422
222 440
223 240
223 350
223 424
223 468
223 510
224 293
224 417
225 276
225 304
225 328
225 344
225 350
225 410
225 483
225 503
226 242
226 250
226 341
226 421
226 432
226 470
226 472
226 496
227 421
228 445
228 474
228 479
229 268
229 303
229 312
229 313
229 489
230 270
230 385
230 432
230 446
230 448
230 507
231 242
231 249
231 262
231 268
231 272
231 289
231 291
231 294
231 310
231 322
231 327
231 395
231 452
231 467
231 485
231 496
232 255
232 283
232 316
232 322
232 337
232 407
232 427
233 444
234 265
234 271
234 451
235 460
235 482
236 435
237 412
237 445
237 506
238 308
238 345
238 349
238 358
238 435
238 472
239 436
240 344
240 380
240 398
241 271
241 331
241 348
241 379
241 396
241 463
242 258
242 344
242 381
242 469
243 301
243 322
244 251
244 298
244 332
244 465
244 500
244 508
245 462
246 325
246 368
246 373
246 458
246 508
247 275
247 371
247 406
248 393
248 437
248 443
248 500
249 290
249 300
249 331
249 341
249 361
249 380
249 447
250 416
250 483
251 268
251 298
251 423
251 431
251 506
252 261
252 384
252 412
252 455
252 469
253 371
253 382
253 415
253 455
254 319
254 348
254 368
254 378
254 397
255 310
255 345
255 454
256 315
256 331
256 416
256 434
256 460
256 475
257 383
257 467
258 333
258 339
258 368
258 389
258 394
258 407
258 411
259 264
259 268
259 271
259 500
260 290
260 291
260 297
260 378
260 469
261 362
261 382
262 300
262 301
262 359
262 369
262 398
262 462
262 475
262 478
263 321
263 336
263 388
263 390
263 490
263 510
264 293
264 330
264 379
264 404
265 282
265 377
265 490
266 279
266 284
266 381
267 290
267 353
267 393
268 282
268 309
268 424
268 459
269 379
269 489
270 307
270 339
270 357
270 389
270 460
270 481
270 500
271 321
271 367
271 457
271 493
272 343
272 401
272 489
274 333
276 419
276 428
277 333
277 337
277 401
277 404
277 408
277 436
277 441
278 396
279 408
279 454
280 282
280 315
280 343
280 346
280 406
281 283
281 316
281 342
281 344
281 378
281 402
281 424
281 441
282 309
282 373
282 406
282 432
283 328
283 367
283 405
283 474
284 325
284 381
284 431
284 440
286 454
286 507
287 397
287 425
287 474
287 482
288 429
289 355
289 504
290 310
290 394
290 444
291 339
291 400
292 318
294 346
294 391
294 413
294 417
294 446
296 327
297 388
298 400
298 444
298 466
299 414
299 430
300 409
301 324
301 366
302 370
302 371
302 374
302 441
303 410
303 486
304 305
304 317
304 334
304 359
304 400
304 423
304 441
304 462
305 363
305 493
306 323
306 412
306 447
306 459
306 500
307 324
307 325
307 342
307 391
308 312
308 508
309 330
310 342
312 425
312 490
313 365
313 375
313 507
315 348
315 364
315 467
315 491
316 375
317 383
317 406
317 412
318 320
318 321
319 378
319 442
321 349
321 414
322 327
322 430
322 503
322 504
323 330
323 439
323 458
323 501
323 502
324 361
324 369
324 388
324 414
325 408
325 460
325 484
326 485
327 411
327 473
328 372
329 511
330 385
330 485
331 340
331 357
331 428
331 488
332 334
332 375
333 383
333 397
334 401
334 420
335 383
335 499
337 355
337 364
337 366
337 433
337 475
337 477
337 498
337 507
338 411
338 416
338 448
338 491
339 353
340 385
341 446
342 364
342 399
342 409
343 452
344 371
344 437
344 485
346 411
346 479
346 489
347 357
347 359
347 461
348 444
348 470
348 495
349 438
349 497
350 351
350 408
350 425
350 467
351 363
351 392
351 429
351 475
351 501
351 509
352 364
352 428
352 446
353 358
353 366
353 382
354 387
354 404
355 362
355 369
355 387
355 395
355 432
355 507
356 399
356 440
356 474
357 389
357 390
357 427
357 443
359 446
359 449
359 485
359 509
360 371
360 407
360 461
361 378
361 442
362 470
362 482
363 377
363 410
363 418
363 467
363 495
364 400
364 403
364 482
366 393
366 419
366 465
366 486
367 489
367 496
368 391
368 407
368 498
370 405
371 452
373 426
373 443
374 510
375 451
375 503
378 398
380 420
380 433
382 388
383 398
384 439
385 440
385 444
386 459
386 481
387 463
388 396
390 486
391 492
393 423
395 483
396 429
397 398
397 450
399 435
401 492
402 416
402 436
402 491
405 457
405 506
407 436
407 443
407 477
410 413
410 461
410 462
411 443
411 444
411 455
411 487
411 502
414 484
414 492
415 486
417 430
417 454
417 508
418 456
419 434
419 480
420 484
422 447
423 500
424 509
428 439
431 456
432 495
433 441
435 461
437 507
438 493
438 507
439 458
439 479
441 499
446 486
447 477
447 499
448 468
449 451
454 491
455 493
456 469
458 506
463 470
463 490
464 493
465 470
472 496
473 499
477 491
479 491
480 493
480 494
489 497
509 511
