0 160
0 253
0 330
0 423
0 502
0 615
0 657
0 676
0 793
0 824
0 837
0 886
1 12
1 103
1 141
1 185
1 348
1 474
1 567
1 608
1 696
1 802
1 984
1 1019
2 93
2 197
2 247
2 408
2 473
2 479
2 540
2 673
2 681
2 736
2 904
2 941
3 63
3 336
3 382
3 504
3 549
3 591
3 604
3 666
3 713
3 755
3 770
3 989
4 99
4 120
4 412
4 450
4 459
4 484
4 492
4 916
5 446
5 477
5 531
5 541
5 565
5 592
5 618
5 625
5 643
5 667
5 674
5 796
6 86
6 227
6 273
6 341
6 354
6 433
6 443
6 525
6 542
6 793
6 895
6 900
6 932
7 45
7 110
7 288
7 362
7 391
7 599
7 709
7 778
7 804
7 835
7 873
7 905
8 11
8 111
8 136
8 142
8 231
8 235
8 482
8 491
8 575
8 610
8 660
8 671
8 703
8 729
8 731
8 773
8 907
8 969
8 1017
9 63
9 98
9 205
9 285
9 396
9 444
9 712
9 713
9 809
9 822
9 857
9 883
9 956
10 46
10 66
10 67
10 268
10 275
10 287
10 339
10 439
10 554
10 733
10 739
10 780
10 904
10 960
10 962
11 32
11 45
11 70
11 102
11 204
11 310
11 398
11 509
11 574
11 695
11 696
11 701
11 828
12 27
12 112
12 123
12 191
12 200
12 220
12 229
12 267
12 335
12 336
12 430
12 735
12 746
12 763
12 808
12 869
12 885
12 981
13 198
13 204
13 232
13 241
13 348
13 361
13 370
13 374
13 491
13 580
13 609
13 706
13 734
13 765
13 833
14 147
14 237
14 281
14 302
14 306
14 332
14 359
14 374
14 492
14 605
14 632
14 740
14 743
14 765
14 820
14 844
14 851
14 852
14 927
14 972
14 1023
15 16
15 92
15 98
15 131
15 209
15 253
15 255
15 259
15 328
15 415
15 558
15 632
15 693
15 695
15 806
15 958
15 1023
16 38
16 154
16 393
16 507
16 645
16 707
16 874
16 1003
17 183
17 196
17 369
17 378
17 418
17 485
17 503
17 665
17 673
17 828
17 960
18 21
18 40
18 214
18 260
18 264
18 304
18 396
18 498
18 508
18 576
18 579
18 713
18 729
18 738
18 827
18 936
19 71
19 190
19 333
19 389
19 418
19 732
20 144
20 211
20 252
20 316
20 444
20 528
20 560
20 593
20 636
20 669
20 742
20 793
20 846
21 242
21 520
21 524
21 533
21 657
21 716
21 726
21 902
21 1023
22 131
22 155
22 216
22 240
22 291
22 330
22 430
22 530
22 665
22 693
22 721
22 738
22 782
22 866
23 35
23 42
23 89
23 319
23 401
23 443
23 452
23 461
23 511
23 653
23 668
23 681
23 750
23 790
23 929
23 1022
24 38
24 69
24 236
24 249
24 313
24 343
24 609
24 708
24 711
24 745
24 791
24 823
24 872
24 1002
25 39
25 57
25 256
25 393
25 431
25 474
25 566
25 657
25 730
25 758
25 767
25 781
25 856
25 994
25 1005
26 44
26 126
26 272
26 289
26 295
26 298
26 354
26 381
26 408
26 461
26 660
26 676
26 825
26 851
26 1009
27 30
27 85
27 132
27 222
27 234
27 336
27 356
27 478
27 506
27 582
27 585
27 619
27 635
27 710
27 817
27 830
27 877
27 928
27 962
28 48
28 251
28 409
28 517
28 552
28 613
28 634
28 651
28 653
28 765
28 830
28 952
28 1019
29 64
29 76
29 104
29 115
29 130
29 133
29 168
29 345
29 488
29 499
29 597
29 598
29 641
29 962
29 968
30 114
30 142
30 156
30 330
30 558
30 561
30 571
30 668
30 762
30 797
30 901
30 948
31 168
31 216
31 277
31 283
31 316
31 399
31 423
31 724
31 822
31 873
31 942
31 1005
32 136
32 219
32 241
32 410
32 477
32 528
32 531
32 534
32 566
32 583
32 604
32 607
32 639
32 680
32 686
32 701
32 827
32 852
32 872
32 998
32 1012
33 248
33 351
33 598
33 722
33 833
33 868
33 951
33 987
33 995
34 37
34 93
34 141
34 186
34 209
34 240
34 308
34 324
34 363
34 437
34 560
34 666
34 678
34 695
34 709
34 898
34 909
34 937
34 958
35 133
35 535
35 606
35 808
35 841
35 1000
35 1011
36 88
36 157
36 270
36 317
36 335
36 360
36 417
36 494
36 521
36 719
36 793
36 811
36 816
36 844
36 852
36 1021
37 64
37 138
37 284
37 296
37 340
37 399
37 553
37 907
37 962
37 991
38 58
38 110
38 161
38 181
38 193
38 614
38 735
38 758
38 785
38 802
38 867
38 958
38 969
39 253
39 319
39 376
39 509
39 678
39 706
39 710
39 724
39 750
39 759
39 782
39 796
39 849
39 894
40 58
40 126
40 190
40 515
40 541
40 622
40 720
40 926
40 952
40 972
40 973
41 185
41 232
41 247
41 322
41 514
41 532
41 568
41 629
41 818
41 891
42 110
42 224
42 402
42 514
42 739
42 743
42 795
42 897
42 912
42 959
42 972
42 975
43 105
43 143
43 186
43 264
43 308
43 386
43 400
43 458
43 501
43 613
43 638
43 723
43 729
43 774
43 878
43 911
43 968
44 174
44 250
44 349
44 350
44 439
44 491
44 549
44 670
44 705
44 821
44 831
44 884
44 939
45 132
45 301
45 366
45 436
45 448
45 495
45 616
45 626
45 758
45 811
45 828
45 860
45 871
45 876
45 994
46 104
46 184
46 222
46 272
46 316
46 456
46 509
46 537
46 657
46 677
46 881
46 885
47 129
47 185
47 224
47 237
47 240
47 443
47 503
47 598
47 669
47 739
47 792
47 849
47 858
47 943
48 90
48 132
48 309
48 352
48 385
48 469
48 591
48 720
48 830
48 857
48 876
48 926
49 66
49 131
49 286
49 320
49 341
49 542
49 634
49 684
49 695
49 727
49 729
49 903
49 909
50 276
50 287
50 371
50 380
50 439
50 466
50 555
50 645
50 826
50 862
50 886
50 944
50 1018
51 174
51 389
51 402
51 644
51 700
51 744
51 813
51 936
52 110
52 137
52 251
52 316
52 525
52 544
52 733
52 769
52 782
52 787
52 861
52 877
52 1022
53 157
53 229
53 401
53 414
53 640
53 748
53 749
53 951
53 983
53 1021
54 99
54 120
54 200
54 216
54 464
54 484
54 579
54 666
54 804
54 846
54 854
55 156
55 280
55 324
55 355
55 464
55 505
55 746
55 869
55 990
56 164
56 188
56 224
56 332
56 524
56 571
56 735
56 752
56 781
56 968
57 74
57 117
57 230
57 256
57 300
57 341
57 433
57 501
57 696
57 785
57 862
57 893
57 924
58 102
58 338
58 429
58 430
58 433
58 583
58 608
58 695
58 761
58 785
59 228
59 252
59 320
59 361
59 462
59 536
59 545
59 657
59 666
59 768
59 834
59 960
60 80
60 106
60 114
60 159
60 292
60 468
60 628
60 679
60 689
60 729
60 747
60 773
60 802
60 876
60 1001
61 120
61 345
61 409
61 440
61 519
61 551
61 748
61 825
61 869
61 887
61 913
61 916
61 948
61 1001
62 69
62 86
62 220
62 234
62 237
62 246
62 268
62 327
62 359
62 364
62 564
62 585
62 604
62 623
62 625
62 644
62 707
62 753
62 807
62 905
62 953
63 74
63 77
63 121
63 157
63 188
63 199
63 237
63 255
63 301
63 318
63 361
63 433
63 492
63 503
63 588
63 653
63 692
63 719
63 725
63 742
63 819
63 838
63 945
63 978
64 161
64 535
64 746
64 914
64 939
64 957
65 89
65 118
65 199
65 264
65 370
65 372
65 398
65 465
65 608
65 671
65 674
65 683
65 694
65 999
66 135
66 163
66 304
66 347
66 373
66 457
66 482
66 606
66 756
66 758
66 803
66 837
66 851
66 920
66 1005
66 1012
67 92
67 150
67 185
67 194
67 271
67 323
67 364
67 436
67 527
67 584
67 610
67 659
67 673
67 740
67 806
67 836
67 842
67 916
67 941
68 251
68 328
68 402
68 467
68 532
68 544
68 609
68 617
68 886
68 934
68 983
69 378
69 495
69 660
69 665
69 679
69 729
69 825
69 836
69 995
70 205
70 230
70 370
70 380
70 410
70 448
70 495
70 549
70 570
70 799
70 811
70 854
70 863
71 192
71 235
71 377
71 419
71 606
71 652
71 743
71 823
71 882
71 970
71 1014
72 154
72 158
72 356
72 362
72 394
72 608
72 694
72 782
72 785
72 799
72 808
72 888
72 928
73 242
73 262
73 385
73 397
73 458
73 568
73 577
73 657
73 848
73 889
73 921
73 953
73 966
74 116
74 150
74 310
74 311
74 391
74 621
74 635
74 772
74 832
75 114
75 208
75 309
75 510
75 668
75 689
75 766
75 791
75 969
75 1012
75 1018
76 130
76 167
76 269
76 281
76 321
76 328
76 351
76 408
76 441
76 452
76 538
76 752
76 849
76 857
77 112
77 155
77 159
77 203
77 409
77 646
77 703
77 756
77 882
77 903
77 958
77 1012
78 113
78 432
78 447
78 522
78 598
78 652
78 679
78 760
78 774
78 854
78 900
78 902
78 924
78 948
79 100
79 108
79 132
79 177
79 299
79 332
79 358
79 360
79 365
79 473
79 566
79 684
79 716
79 721
79 761
80 142
80 214
80 289
80 378
80 397
80 541
80 591
80 632
80 753
80 756
80 861
80 872
80 889
80 950
81 158
81 260
81 296
81 352
81 479
81 621
81 854
81 962
81 966
82 99
82 106
82 196
82 246
82 425
82 481
82 500
82 505
82 518
82 569
82 587
82 667
82 676
82 720
82 793
82 878
82 1010
83 107
83 118
83 135
83 249
83 340
83 353
83 380
83 392
83 409
83 597
83 674
83 692
83 704
83 716
83 778
83 851
83 853
83 860
83 952
84 100
84 173
84 228
84 556
84 579
85 141
85 176
85 355
85 494
85 642
85 667
85 719
85 844
85 849
85 880
86 107
86 117
86 174
86 376
86 412
86 445
86 518
86 630
86 689
86 734
86 750
86 773
86 788
86 959
87 120
87 266
87 294
87 306
87 553
87 565
87 588
87 718
87 847
87 855
87 862
87 903
88 282
88 454
88 488
88 785
88 950
88 952
88 1000
89 118
89 204
89 308
89 504
89 602
89 616
89 621
89 637
89 641
89 687
89 689
89 710
89 736
89 987
90 307
90 404
90 483
90 638
90 669
90 724
90 757
90 833
90 873
91 362
91 451
91 540
91 586
91 630
91 740
91 927
92 113
92 130
92 143
92 215
92 301
92 395
92 396
92 422
92 452
92 538
92 597
92 952
93 97
93 366
93 420
93 444
93 462
93 509
93 586
93 725
93 731
93 815
93 912
93 919
93 1017
94 142
94 170
94 178
94 208
94 271
94 294
94 307
94 357
94 628
94 844
94 890
94 981
94 990
95 310
95 339
95 519
95 614
95 723
95 885
95 932
95 994
96 133
96 153
96 238
96 362
96 471
96 488
96 531
96 602
96 643
96 653
96 678
96 762
96 811
96 912
97 216
97 241
97 259
97 303
97 353
97 383
97 404
97 553
97 561
97 589
97 675
97 701
97 814
97 910
97 1022
98 140
98 144
98 220
98 284
98 289
98 336
98 379
98 421
98 458
98 606
98 649
98 716
98 752
98 754
98 858
98 905
98 951
99 125
99 250
99 340
99 390
99 630
99 760
99 855
99 883
99 1004
100 118
100 258
100 323
100 493
100 527
100 567
100 587
100 588
100 641
100 676
100 758
100 982
100 990
101 158
101 306
101 320
101 605
101 638
101 643
101 865
101 898
101 899
101 900
101 902
102 109
102 119
102 134
102 187
102 255
102 283
102 353
102 364
102 564
102 600
102 621
102 680
102 794
102 902
103 155
103 317
103 380
103 404
103 436
103 495
103 531
103 590
103 649
103 836
103 861
104 126
104 162
104 181
104 251
104 256
104 295
104 388
104 457
104 587
104 846
104 908
104 926
104 995
105 356
105 444
105 478
105 565
105 567
105 683
105 687
105 771
105 790
105 959
105 990
106 130
106 135
106 184
106 220
106 331
106 392
106 397
106 401
106 442
106 711
106 727
106 783
106 811
106 812
106 884
106 978
107 109
107 196
107 212
107 272
107 518
107 529
107 649
107 681
107 688
107 808
107 866
107 883
107 962
107 980
107 1005
108 156
108 284
108 295
108 306
108 411
108 604
108 673
108 702
108 761
108 822
108 836
108 912
109 247
109 250
109 275
109 350
109 402
109 421
109 454
109 485
109 513
109 533
109 536
109 593
109 650
109 708
109 713
109 887
109 893
109 969
110 124
110 367
110 462
110 508
110 551
110 567
110 695
110 707
110 713
110 794
111 285
111 559
111 590
111 596
111 650
111 837
111 891
111 901
111 903
111 996
111 1017
112 232
112 235
112 310
112 325
112 349
112 611
112 778
112 822
112 929
112 1013
113 340
113 479
113 503
113 551
113 560
113 605
113 619
113 622
113 747
113 929
113 997
113 1011
114 143
114 152
114 159
114 316
114 338
114 497
114 516
114 532
114 559
114 721
114 823
114 967
114 1011
114 1012
114 1013
114 1020
115 122
115 149
115 241
115 262
115 274
115 330
115 338
115 442
115 451
115 522
115 536
115 545
115 583
115 607
115 622
115 647
115 649
115 715
115 726
115 819
115 994
116 199
116 206
116 265
116 313
116 346
116 438
116 455
116 587
116 644
116 647
116 675
116 736
116 972
116 981
117 132
117 153
117 269
117 309
117 426
117 446
117 513
117 556
117 596
117 821
117 881
117 884
117 908
117 969
117 1016
118 285
118 495
118 559
118 742
118 747
118 847
118 997
119 195
119 211
119 245
119 315
119 355
119 368
119 423
119 449
119 507
119 536
119 635
119 676
119 746
119 754
119 928
119 1009
120 131
120 207
120 213
120 370
120 451
120 465
120 468
120 567
120 738
120 817
120 864
120 921
120 939
121 377
121 432
121 459
121 505
121 534
121 635
121 819
121 869
121 899
121 928
122 249
122 293
122 294
122 433
122 469
122 712
122 714
122 914
122 983
123 152
123 156
123 167
123 215
123 235
123 266
123 366
123 416
123 431
123 447
123 505
123 654
123 705
123 825
123 834
123 850
123 869
123 875
123 896
123 942
124 147
124 313
124 357
124 506
124 537
124 605
124 636
124 747
124 752
124 758
124 773
124 796
124 843
124 891
124 899
124 914
124 976
124 1007
125 242
125 363
125 415
125 559
125 615
125 695
125 699
125 733
125 749
125 900
125 910
126 213
126 337
126 538
126 547
126 562
126 566
126 568
126 638
126 690
126 857
126 947
126 1008
127 175
127 203
127 213
127 228
127 318
127 553
127 752
127 862
128 218
128 230
128 268
128 284
128 324
128 383
128 503
128 584
128 593
128 719
128 960
128 1013
129 143
129 157
129 165
129 377
129 513
129 624
129 650
129 719
129 797
129 855
129 914
129 990
129 993
130 213
130 316
130 339
130 646
130 670
130 700
130 708
130 754
130 766
130 868
131 186
131 206
131 217
131 259
131 331
131 382
131 612
131 894
132 303
132 393
132 483
132 507
132 538
132 560
132 843
132 860
132 864
132 947
132 991
133 167
133 290
133 293
133 345
133 481
133 508
133 597
133 654
133 727
133 744
133 760
133 779
133 802
133 820
133 924
133 986
134 231
134 266
134 283
134 312
134 753
134 871
134 920
134 944
135 223
135 246
135 461
135 538
135 836
135 939
135 957
136 142
136 281
136 302
136 406
136 444
136 498
136 561
136 621
136 779
136 840
136 893
136 982
137 211
137 295
137 371
137 525
137 622
137 645
137 946
138 139
138 145
138 372
138 413
138 468
138 587
138 656
138 667
138 715
138 754
138 831
138 841
138 847
138 882
138 924
138 942
138 1010
139 155
139 419
139 581
139 582
139 632
139 733
139 867
139 920
139 924
140 254
140 379
140 401
140 457
140 493
140 494
140 529
140 619
140 669
140 727
140 731
140 848
140 1012
141 162
141 214
141 285
141 370
141 403
141 423
141 446
141 562
141 627
141 649
141 690
141 693
141 713
141 788
141 1004
141 1005
142 144
142 154
142 221
142 254
142 280
142 323
142 465
142 563
142 664
142 951
142 962
143 211
143 224
143 263
143 291
143 365
143 439
143 539
143 573
143 614
143 632
143 715
143 936
143 987
144 320
144 321
144 344
144 351
144 486
144 494
144 532
144 540
144 675
144 709
144 759
144 791
144 810
144 932
145 421
145 473
145 641
145 738
145 817
145 881
146 181
146 280
146 290
146 353
146 459
146 527
146 561
146 748
146 836
146 902
147 427
147 544
147 689
147 716
147 867
147 869
147 879
147 882
147 920
147 970
148 161
148 221
148 454
148 556
148 623
148 649
148 753
148 779
148 828
148 945
148 994
148 1012
149 159
149 174
149 355
149 702
149 893
149 928
149 1001
150 394
150 469
150 686
150 690
150 694
150 763
150 998
151 167
151 271
151 302
151 398
151 407
151 449
151 473
151 743
151 842
151 848
152 153
152 157
152 362
152 389
152 490
152 497
152 538
152 600
152 682
152 732
152 822
152 896
152 932
152 933
152 960
152 1009
152 1022
153 212
153 253
153 449
153 694
153 697
153 759
153 839
153 848
153 876
153 932
153 934
153 964
154 176
154 407
154 471
154 474
154 553
154 627
154 709
154 716
154 741
154 757
154 829
155 159
155 398
155 593
155 608
155 843
155 915
155 1007
156 271
156 322
156 339
156 367
156 442
156 466
156 487
156 532
156 802
156 807
156 821
156 928
156 945
156 991
157 230
157 260
157 333
157 524
157 550
157 563
157 576
157 618
157 674
157 858
157 915
157 992
158 215
158 218
158 256
158 261
158 297
158 324
158 327
158 338
158 500
158 620
158 673
158 812
158 861
158 867
158 905
158 919
159 181
159 187
159 193
159 300
159 405
159 436
159 488
159 582
159 731
159 825
159 868
159 906
159 956
160 289
160 361
160 465
160 499
160 528
160 589
160 615
160 652
160 658
160 758
160 851
160 981
161 202
161 242
161 384
161 425
161 437
161 485
161 503
161 646
161 716
161 724
161 870
161 974
162 220
162 332
162 415
162 433
162 473
162 563
162 739
162 744
162 759
162 854
162 1005
163 269
163 275
163 305
163 403
163 434
163 546
163 581
163 598
163 601
163 633
163 717
163 718
163 793
163 846
163 1011
164 176
164 211
164 364
164 406
164 441
164 510
164 698
164 776
164 938
165 362
165 388
165 513
165 558
165 605
165 693
165 711
165 797
165 822
165 904
166 176
166 198
166 215
166 267
166 296
166 406
166 503
166 579
166 614
166 636
166 811
166 869
166 965
166 967
167 179
167 227
167 276
167 403
167 439
167 624
167 754
167 811
167 905
167 951
168 172
168 173
168 195
168 232
168 252
168 451
168 502
168 526
168 550
168 868
168 969
169 247
169 288
169 344
169 413
169 419
169 530
169 586
169 628
169 695
169 791
169 887
169 948
170 264
170 442
170 493
170 643
171 216
171 282
171 283
171 392
171 527
171 572
171 605
171 840
171 942
171 964
171 999
172 296
172 581
172 603
172 659
172 714
172 755
172 827
172 839
172 847
172 854
172 887
172 963
172 971
172 1012
173 251
173 444
173 508
173 540
173 597
173 753
173 800
173 946
173 960
173 993
174 350
174 378
174 441
174 600
174 636
174 643
174 726
174 812
174 825
174 837
174 882
174 884
174 892
175 187
175 199
175 238
175 307
175 321
175 366
175 596
175 859
175 865
175 875
175 876
175 910
175 963
175 1015
176 195
176 253
176 296
176 359
176 453
176 501
176 635
176 718
176 839
176 918
176 952
177 204
177 207
177 263
177 342
177 384
177 391
177 410
177 443
177 503
177 784
177 812
177 828
177 856
177 958
178 209
178 216
178 234
178 274
178 467
178 560
178 829
178 841
178 875
179 229
179 253
179 269
179 359
179 382
179 383
179 528
179 555
179 714
179 741
179 758
179 792
179 824
179 955
180 220
180 261
180 349
180 431
180 613
180 632
180 722
180 784
180 993
181 305
181 315
181 328
181 354
181 409
181 414
181 495
181 502
181 680
181 806
181 941
182 230
182 259
182 339
182 655
182 673
182 732
182 864
182 872
182 893
182 935
182 973
183 220
183 248
183 289
183 314
183 365
183 397
183 471
183 584
183 608
183 650
183 663
183 667
183 768
183 774
183 900
183 912
183 918
183 927
183 971
183 1007
183 1010
184 254
184 279
184 294
184 371
184 513
184 527
184 547
184 583
184 596
184 641
184 649
184 707
184 969
185 191
185 196
185 283
185 287
185 403
185 514
185 608
185 800
185 812
185 835
185 884
186 415
186 569
186 732
186 749
186 857
186 928
186 946
186 1020
187 329
187 517
187 564
187 601
187 650
187 669
187 694
187 730
187 772
187 818
187 826
187 876
187 969
188 320
188 339
188 360
188 384
188 603
188 608
188 652
188 722
188 816
188 863
188 866
188 945
188 968
188 974
189 291
189 327
189 419
189 445
189 529
189 872
189 909
189 952
189 975
190 192
190 236
190 257
190 323
190 343
190 351
190 572
190 778
190 821
190 904
191 352
191 516
191 578
191 614
191 637
191 648
191 773
191 891
191 934
192 218
192 241
192 313
192 359
192 475
192 580
192 751
192 754
192 938
192 956
193 204
193 393
193 411
193 441
193 459
193 565
193 664
193 854
193 916
193 921
194 352
194 404
194 440
194 533
194 616
194 625
194 670
194 681
194 738
194 814
194 817
194 901
194 1022
195 206
195 289
195 297
195 327
195 358
195 531
195 553
195 584
195 599
195 658
195 880
196 215
196 326
196 387
196 389
196 446
196 472
196 600
196 613
196 811
196 855
196 921
196 974
197 225
197 369
197 473
197 612
197 641
197 738
197 829
197 966
198 233
198 246
198 272
198 274
198 391
198 428
198 429
198 543
198 694
198 715
199 249
199 342
199 404
199 456
199 604
199 618
199 693
199 923
199 1002
199 1017
200 216
200 256
200 369
200 464
200 506
200 600
200 640
200 654
200 724
200 759
200 811
200 816
200 823
200 829
200 852
200 883
200 884
200 915
200 997
201 278
201 325
201 433
201 471
201 472
201 480
201 508
201 569
201 580
201 590
201 634
201 682
201 684
201 720
201 753
201 784
201 885
201 903
202 392
202 414
202 477
202 538
202 561
202 582
202 638
202 697
202 933
202 945
202 997
202 1002
203 217
203 327
203 405
203 436
203 540
203 584
203 666
203 733
203 786
203 859
203 881
203 915
203 944
204 228
204 282
204 339
204 349
204 369
204 494
204 665
204 681
204 683
204 735
204 764
204 834
204 900
204 972
204 989
205 294
205 311
205 373
205 431
205 475
205 731
205 887
205 1000
206 264
206 295
206 796
206 847
206 891
206 912
206 965
207 278
207 371
207 405
207 501
207 617
207 638
207 730
207 817
207 886
207 894
207 909
207 1013
208 235
208 286
208 304
208 309
208 456
208 666
208 675
208 862
208 863
208 899
208 908
208 937
209 216
209 340
209 507
209 539
209 566
209 609
209 628
209 661
209 691
209 714
209 736
209 839
209 884
209 947
209 963
210 346
210 465
210 534
210 569
210 777
210 831
210 967
211 319
211 483
211 585
211 591
211 616
211 623
211 631
211 744
211 774
211 788
211 812
211 834
211 853
211 986
212 298
212 311
212 312
212 349
212 363
212 436
212 468
212 477
212 547
212 720
212 731
212 748
212 1007
213 300
213 452
213 487
213 610
213 706
213 747
213 872
213 908
213 953
214 536
214 544
214 612
214 658
214 724
214 822
214 826
214 848
214 900
214 1015
215 264
215 345
215 434
215 435
215 453
215 499
215 655
215 663
215 685
215 699
215 743
215 752
215 762
215 804
215 878
215 895
215 904
215 988
216 274
216 388
216 401
216 413
216 432
216 518
216 633
216 739
216 763
216 842
216 903
217 364
217 405
217 434
217 501
217 538
217 591
217 627
217 634
217 715
217 764
217 899
217 1013
218 365
218 582
218 600
218 661
218 863
218 888
218 895
218 961
218 988
219 274
219 324
219 625
219 627
219 639
219 781
219 791
220 442
220 598
220 609
220 637
220 682
220 765
220 875
221 355
221 436
221 456
221 482
221 580
221 662
221 745
221 750
221 767
221 822
221 927
221 928
221 1023
222 269
222 316
222 389
222 410
222 428
222 459
222 508
222 536
222 544
222 572
222 628
222 632
222 694
222 745
222 805
222 814
222 840
222 921
223 241
223 476
223 524
223 616
223 634
223 841
223 845
224 254
224 430
224 458
224 480
224 618
224 666
224 679
224 693
224 719
224 763
224 783
224 806
224 811
225 367
225 441
225 492
225 533
225 636
225 639
225 744
226 378
226 381
226 491
226 539
226 540
226 545
226 638
226 820
226 865
226 975
227 411
227 446
227 586
227 649
227 653
227 733
227 797
227 829
227 900
227 946
227 976
227 1006
228 256
228 389
228 428
228 433
228 435
228 548
228 683
228 808
228 969
228 978
228 980
229 267
229 353
229 483
229 666
229 699
229 738
229 880
230 468
230 502
230 506
230 533
230 570
230 626
230 897
231 258
231 326
231 367
231 467
231 501
231 509
231 680
231 682
231 753
231 770
231 980
231 981
231 1016
232 291
232 384
232 435
232 470
232 486
232 508
232 534
232 690
232 774
232 822
232 835
232 971
232 1021
233 240
233 422
233 445
233 615
233 831
233 960
233 1007
233 1023
234 363
234 380
234 400
234 439
234 540
234 554
234 678
234 740
234 776
234 865
234 956
234 976
235 361
235 543
235 659
235 795
235 808
235 920
235 967
235 970
236 243
236 356
236 384
236 400
236 418
236 437
236 465
236 478
236 501
236 622
236 745
236 758
236 795
236 857
236 980
237 354
237 517
237 624
237 688
237 695
237 834
237 854
237 958
237 991
238 246
238 421
238 445
238 480
238 481
238 485
238 514
238 582
238 676
238 708
238 893
238 916
238 923
238 995
239 304
239 390
239 478
239 605
239 856
239 933
240 356
240 360
240 496
240 511
240 620
240 693
240 719
240 741
240 767
240 924
240 1006
240 1012
241 446
241 487
241 651
241 658
241 660
241 716
241 831
241 978
242 283
242 288
242 302
242 543
242 748
242 901
242 910
242 916
242 993
243 335
243 396
243 419
243 434
243 453
243 565
243 668
243 699
243 784
243 815
244 350
244 535
244 557
244 564
244 595
244 636
244 749
244 954
245 339
245 567
245 690
245 785
245 904
245 1001
246 314
246 354
246 457
246 478
246 552
246 601
246 624
246 629
246 663
246 762
246 792
246 812
246 834
246 911
246 921
246 967
246 986
247 366
247 383
247 389
247 421
247 518
247 636
247 770
247 927
247 936
248 272
248 322
248 457
248 494
248 564
248 588
248 597
248 865
248 956
248 993
249 267
249 328
249 461
249 491
249 572
249 682
249 696
249 715
249 727
249 763
249 777
249 786
250 277
250 389
250 455
250 470
250 493
250 674
250 860
250 867
250 870
250 918
250 973
250 1010
251 252
251 361
251 574
251 697
251 757
251 808
251 862
251 978
251 989
252 359
252 360
252 451
252 462
252 538
252 595
252 762
252 864
252 880
252 883
252 892
252 943
253 381
253 404
253 412
253 509
253 602
253 718
253 801
253 824
253 916
254 276
254 452
254 598
254 607
254 629
254 690
254 693
254 716
254 790
254 820
254 867
254 872
254 923
254 930
254 950
254 956
255 287
255 295
255 314
255 369
255 486
255 620
255 656
255 1007
256 381
256 385
256 417
256 601
256 688
256 715
256 963
257 365
257 422
257 583
257 747
257 803
257 927
258 306
258 407
258 439
258 447
258 505
258 572
258 595
258 704
258 717
258 732
258 733
258 932
258 937
259 297
259 354
259 357
259 618
259 669
259 945
260 294
260 391
260 392
260 401
260 447
260 616
260 626
260 745
260 786
260 850
260 869
260 983
260 998
261 575
261 626
261 651
261 705
261 787
261 802
261 955
261 956
262 280
262 526
262 536
262 561
262 622
262 631
262 683
262 719
262 765
262 837
263 350
263 458
263 618
263 620
263 639
263 652
263 780
263 824
263 966
263 968
264 317
264 363
264 496
264 650
264 745
264 770
264 838
264 903
264 919
264 1007
265 409
265 427
265 449
265 603
265 774
265 827
265 976
266 352
266 510
266 639
266 972
267 380
267 414
267 438
267 881
267 994
268 352
268 412
268 595
268 651
268 719
268 745
268 828
268 856
268 859
268 868
268 882
268 992
269 322
269 375
269 408
269 552
269 553
269 606
269 610
269 705
269 821
269 894
269 908
269 949
269 954
270 284
270 288
270 299
270 388
270 418
270 467
270 478
270 479
270 666
270 732
270 803
270 892
270 957
270 1009
271 275
271 428
271 443
271 455
271 537
271 688
271 743
271 752
271 773
271 789
271 814
271 934
272 400
272 448
272 488
272 542
272 884
272 964
273 321
273 378
273 405
273 440
273 624
273 749
273 886
273 953
273 964
273 982
273 993
274 331
274 477
274 539
274 658
274 724
274 753
274 771
274 885
274 962
274 990
275 279
275 324
275 496
275 525
275 528
275 541
275 567
275 589
275 611
275 689
275 746
275 795
275 873
275 900
275 975
276 293
276 309
276 396
276 413
276 414
276 432
276 460
276 464
276 468
276 469
276 472
276 627
276 693
276 720
276 775
276 857
276 941
277 453
277 480
277 526
277 627
277 687
277 718
277 753
277 757
277 791
278 300
278 307
278 325
278 330
278 354
278 382
278 507
278 707
278 757
278 870
278 885
278 1017
279 354
279 411
279 648
279 790
279 819
279 846
279 847
279 865
279 891
279 982
279 1020
280 481
280 505
280 511
280 532
280 581
280 627
280 635
280 638
280 703
280 708
280 807
280 906
280 908
280 948
280 1008
281 289
281 454
281 496
281 652
281 731
281 783
281 893
281 933
281 991
281 997
281 1010
282 429
282 525
282 773
282 792
282 816
282 821
282 830
283 284
283 395
283 409
283 411
283 731
283 904
284 359
284 554
284 793
284 808
284 870
284 976
285 373
285 516
285 529
285 683
285 793
285 796
285 833
285 862
285 874
286 297
286 532
286 545
286 565
286 796
286 920
286 927
286 949
286 969
286 973
287 292
287 307
287 326
287 400
287 475
287 514
287 734
287 867
287 874
287 901
287 966
287 969
287 998
287 1012
288 348
288 382
288 494
288 563
288 582
288 629
288 633
288 650
288 828
288 882
288 949
288 964
289 375
289 418
289 499
289 534
289 577
289 607
289 642
289 797
289 818
289 917
289 929
289 968
290 297
290 383
290 387
290 430
290 442
290 462
290 531
290 595
290 665
290 813
290 897
290 960
291 318
291 420
291 441
291 463
291 486
291 574
291 590
291 600
291 612
291 634
291 674
291 804
291 940
291 995
292 352
292 460
292 567
292 580
292 581
292 645
292 706
292 811
292 837
292 845
292 887
292 893
292 901
292 907
292 943
292 957
292 990
293 526
293 621
293 651
293 658
293 910
293 960
294 469
294 640
294 650
294 663
294 689
294 713
294 799
294 849
294 866
294 906
294 936
294 961
294 983
294 989
295 420
295 495
295 497
295 707
295 722
295 732
295 789
295 833
295 910
295 969
296 346
296 416
296 427
296 435
296 474
296 635
296 759
297 415
297 432
297 641
297 762
297 908
298 386
298 414
298 420
298 488
298 736
298 797
298 822
298 829
298 873
298 881
298 896
298 930
299 552
299 629
299 680
299 841
299 925
299 1004
300 405
300 430
300 533
300 625
300 639
300 666
300 758
300 760
300 860
300 940
300 1002
301 485
301 499
301 608
301 627
301 718
301 731
301 802
301 875
301 898
301 908
301 953
301 971
302 349
302 377
302 405
302 435
302 588
302 815
302 839
302 842
302 846
302 871
303 345
303 383
303 477
303 512
303 528
303 713
303 739
303 902
303 920
303 929
303 934
303 970
304 315
304 316
304 333
304 351
304 427
304 510
304 539
304 567
304 646
304 726
304 742
304 975
305 444
305 544
305 604
305 638
305 654
305 661
305 698
305 712
305 714
305 744
305 884
305 947
305 959
305 996
306 489
306 521
306 547
306 590
306 605
306 653
306 707
306 823
306 990
307 420
307 526
307 568
307 584
307 589
307 642
307 676
307 941
307 966
307 974
307 978
308 340
308 592
308 654
308 674
308 816
308 826
308 861
309 408
309 409
309 413
309 507
309 524
309 546
309 552
309 714
309 740
309 903
309 1007
310 412
310 445
310 529
310 689
310 712
310 726
310 912
310 919
310 1015
311 342
311 404
311 451
311 487
311 509
311 552
311 638
311 677
311 715
311 793
311 808
311 826
311 855
311 935
312 325
312 360
312 433
312 474
312 619
312 657
312 728
312 806
312 921
312 947
313 319
313 508
313 574
313 622
313 634
313 687
313 736
313 738
313 752
313 771
313 801
313 904
313 912
313 982
314 322
314 338
314 370
314 442
314 609
314 681
314 726
314 835
315 376
315 559
315 709
315 730
315 763
315 827
315 840
315 871
315 891
315 933
315 940
316 324
316 430
316 522
316 664
316 766
316 838
316 874
316 973
317 433
317 504
317 597
317 626
317 820
317 923
317 973
317 988
318 327
318 335
318 354
318 548
318 587
318 628
318 718
318 971
319 417
319 429
319 453
319 631
319 635
319 772
319 821
319 849
319 852
319 907
320 367
320 372
320 441
320 450
320 669
320 707
320 714
320 740
320 785
320 792
320 856
320 931
320 992
320 1018
320 1020
321 396
321 456
321 487
321 517
321 518
321 692
321 704
321 706
321 715
321 771
321 887
321 902
321 903
322 405
322 408
322 555
322 589
322 751
322 845
322 980
323 335
323 360
323 434
323 541
323 563
323 590
323 615
323 638
323 789
323 795
323 840
323 931
324 359
324 453
324 635
324 718
324 755
324 763
324 799
324 894
324 990
325 397
325 433
325 458
325 488
325 538
325 617
325 657
325 672
325 788
325 809
325 862
325 865
325 895
325 981
326 558
327 424
327 459
327 514
327 547
327 602
327 654
327 668
327 672
327 867
327 877
327 923
327 924
327 981
327 993
328 429
328 521
328 571
328 602
328 776
328 811
328 899
328 901
328 964
329 368
329 409
329 419
329 423
329 572
329 595
329 599
329 861
329 906
329 982
330 340
330 377
330 530
330 535
330 549
330 551
330 658
330 679
330 682
330 720
330 903
330 909
331 501
331 681
331 684
331 718
331 844
331 847
331 958
332 335
332 375
332 441
332 470
332 472
332 479
332 482
332 588
332 752
332 760
332 777
332 800
332 805
332 902
332 907
332 972
332 978
332 983
333 577
333 586
333 634
333 640
333 645
333 709
333 722
334 351
334 365
334 366
334 453
334 481
334 620
334 672
334 701
334 725
334 741
334 799
334 804
334 843
334 919
335 405
335 503
335 504
335 513
335 524
335 551
335 573
335 604
335 761
335 919
335 974
336 351
336 395
336 441
336 614
336 677
336 897
337 353
337 363
337 459
337 491
337 521
337 530
337 630
337 709
337 813
337 831
338 612
338 835
338 991
339 455
339 540
339 549
339 550
339 561
339 667
339 777
339 781
339 812
339 831
339 851
339 974
339 1002
340 381
340 466
340 694
340 758
340 838
340 852
340 856
340 857
340 928
340 990
341 414
341 591
341 710
341 758
341 1002
342 398
342 416
342 614
342 638
342 684
342 685
342 769
342 844
342 922
343 381
343 458
343 489
343 491
343 540
343 542
343 558
343 600
343 704
343 734
343 871
343 903
343 912
343 934
343 987
344 387
344 401
344 621
344 734
344 752
344 798
344 802
344 1003
345 397
345 430
345 477
345 537
345 579
345 658
345 758
345 810
345 866
345 974
345 1004
345 1009
346 397
346 535
346 565
346 575
346 601
346 658
346 666
346 865
346 931
346 969
347 520
347 585
347 679
348 513
348 532
348 541
348 611
348 743
348 784
348 859
348 873
348 881
348 962
348 987
349 493
349 592
349 645
349 780
349 823
349 977
349 980
349 1019
350 363
350 367
350 371
350 499
350 523
350 594
350 600
350 602
350 771
350 780
350 806
351 353
351 447
351 582
351 585
351 598
351 686
351 689
351 843
352 366
352 470
352 518
352 561
352 591
352 674
352 758
352 770
352 886
352 1020
353 367
353 380
353 393
353 463
353 498
353 531
353 591
353 599
353 687
353 715
353 848
354 380
354 514
354 579
354 627
354 689
354 694
354 720
354 778
354 791
354 887
354 1006
354 1023
355 372
355 377
355 437
355 489
355 618
355 887
356 481
356 529
356 550
356 602
356 696
356 731
356 759
356 782
356 951
356 957
357 381
357 624
357 633
357 748
357 812
357 838
357 980
357 989
358 438
358 457
358 502
358 507
358 523
358 609
358 710
358 816
358 868
358 925
359 374
359 384
359 441
359 534
359 541
359 620
359 624
359 657
359 723
359 743
359 775
359 799
359 842
359 966
359 1003
360 417
360 467
360 644
360 682
360 797
360 837
360 863
360 1006
360 1019
361 517
361 560
361 625
361 633
361 723
361 778
361 930
361 951
362 452
362 465
362 506
362 546
362 584
362 650
362 764
362 921
362 935
362 960
363 375
363 387
363 424
363 572
363 825
363 911
363 985
364 367
364 396
364 415
364 426
364 515
364 589
364 590
364 664
364 697
364 754
364 864
364 902
364 959
365 624
365 684
365 741
365 762
365 791
365 839
365 856
365 880
365 925
365 949
365 952
366 586
366 779
366 800
366 840
366 901
367 397
367 413
367 447
367 521
367 530
367 558
367 605
367 680
367 737
367 852
367 943
367 979
367 1014
367 1021
368 447
368 503
368 510
368 515
368 595
368 656
368 718
368 738
368 783
368 805
368 910
368 995
369 392
369 427
369 465
369 545
369 716
369 881
369 955
369 987
369 1016
370 441
370 452
370 516
370 670
370 771
370 907
370 926
370 974
370 1008
371 451
371 543
371 634
371 779
371 825
371 861
371 985
372 407
372 508
372 545
372 551
372 578
372 629
372 648
372 775
372 797
372 816
372 881
373 480
373 553
373 600
373 831
373 896
374 377
374 378
374 492
374 513
374 572
374 770
374 844
374 948
374 1003
375 413
375 473
375 480
375 486
375 502
375 514
375 544
375 640
375 716
375 728
375 737
375 744
375 978
375 981
376 388
376 596
376 654
376 672
376 768
377 421
377 701
377 794
377 869
377 902
377 911
377 1017
378 533
378 545
378 876
378 879
378 887
378 929
379 407
379 522
379 541
379 556
379 594
379 637
379 786
379 809
379 887
379 926
379 953
380 443
380 466
380 473
380 555
380 592
380 663
380 710
380 745
380 762
380 953
380 970
381 382
381 567
381 610
381 894
381 1020
382 395
382 419
382 442
382 455
382 467
382 612
382 764
382 783
383 634
383 689
383 733
383 752
383 823
383 867
383 1018
384 390
384 399
384 415
384 508
384 546
384 619
384 660
384 755
384 778
384 816
384 818
384 897
384 949
384 1013
385 457
385 461
385 492
385 518
385 555
385 619
385 712
385 825
386 495
386 601
386 653
386 697
386 827
386 857
386 904
387 395
387 685
387 755
387 762
387 775
387 800
387 942
387 999
387 1009
388 447
388 639
388 725
388 765
388 798
388 918
388 934
389 420
389 677
389 692
389 925
389 984
390 486
390 604
390 677
390 688
390 723
390 938
391 658
391 869
391 892
391 942
391 984
392 403
392 551
392 601
392 900
392 915
393 525
393 687
393 784
393 785
393 818
393 895
393 945
394 473
394 490
394 574
394 778
394 820
394 828
394 871
394 918
394 935
394 969
395 446
395 500
395 535
395 551
395 772
395 830
395 927
395 944
395 947
395 1019
396 601
396 672
396 725
396 726
396 745
396 761
396 773
396 928
397 414
397 488
397 508
397 588
397 610
397 704
397 768
397 943
397 980
398 509
398 601
398 607
398 609
398 791
398 833
398 878
398 904
398 922
398 1023
399 448
399 463
399 498
399 503
399 510
399 541
399 542
399 624
399 728
399 882
399 884
400 405
400 456
400 494
400 505
400 585
400 609
400 633
400 763
400 884
400 993
400 1003
401 449
401 475
401 648
401 712
401 769
401 815
401 816
401 880
402 480
402 509
402 540
402 630
402 670
402 966
402 982
403 430
403 434
403 540
403 577
403 740
403 744
403 759
403 780
403 874
403 948
403 963
403 980
403 1022
404 459
404 716
404 757
404 894
404 990
404 1000
405 648
405 943
405 1000
405 1018
406 474
406 832
406 838
406 937
406 940
407 436
407 488
407 516
407 680
407 960
407 1016
408 437
408 625
408 804
409 575
409 684
409 755
409 774
409 1009
410 674
410 721
410 765
410 829
410 836
410 851
410 925
410 983
410 996
411 462
411 551
411 571
411 658
411 680
411 727
411 728
411 757
411 887
411 896
411 1015
412 525
412 539
412 567
412 631
412 638
412 640
412 644
412 668
412 741
412 788
412 795
412 872
412 948
412 1003
412 1020
413 423
413 524
413 773
413 878
414 415
414 583
415 474
415 629
415 655
415 721
415 778
415 788
415 790
415 852
415 1013
416 446
416 486
416 499
416 585
416 616
416 625
416 665
416 856
416 858
416 905
416 910
416 912
416 934
416 946
416 959
417 510
417 568
417 716
417 737
417 859
417 947
417 989
417 992
417 1010
418 454
418 503
418 738
418 869
418 953
419 441
419 524
419 671
419 708
420 534
420 682
420 749
420 799
420 819
420 890
421 523
421 533
421 582
421 631
421 688
421 743
421 777
421 965
421 973
421 1010
422 574
422 584
422 688
422 751
422 809
422 857
422 858
422 940
423 434
423 538
423 645
423 715
423 800
423 813
423 900
423 973
424 527
424 628
424 634
424 692
424 711
424 875
424 928
424 975
424 997
425 504
425 536
425 566
425 620
425 637
425 975
426 462
426 479
426 513
426 527
426 694
426 749
427 428
427 431
427 434
427 495
427 511
427 536
427 562
427 639
427 785
427 932
427 996
427 997
428 433
428 603
428 608
428 613
428 662
428 677
428 732
428 778
429 445
429 553
429 608
429 623
429 639
429 689
429 819
429 854
429 867
429 947
430 467
430 495
430 662
430 756
430 818
430 895
430 976
431 494
431 508
431 618
431 624
431 632
431 733
431 783
431 865
431 1000
432 555
432 595
432 655
432 718
432 967
433 470
433 473
433 654
433 671
433 695
433 700
433 778
433 786
433 832
433 838
433 953
433 975
434 492
434 495
434 568
434 799
434 899
434 934
435 538
435 548
435 604
435 615
435 638
435 650
435 761
435 971
435 1021
436 460
436 495
436 614
436 622
436 701
436 730
436 871
436 933
436 934
436 1002
437 459
437 472
437 709
437 763
437 769
437 793
438 488
438 709
438 711
438 806
438 814
438 990
439 455
439 627
439 685
439 769
439 894
439 900
439 946
439 961
439 1011
440 517
440 591
440 594
440 656
440 675
440 788
440 812
440 813
440 871
440 927
441 633
441 724
441 731
441 749
441 799
442 578
442 602
442 674
442 769
442 848
442 861
443 541
443 613
443 629
443 704
443 760
443 806
443 834
443 872
443 999
444 480
444 485
444 594
444 746
444 824
444 971
445 461
445 475
445 523
445 656
445 777
445 798
445 836
445 872
445 920
445 946
445 963
445 988
445 1002
446 488
446 721
446 988
446 1019
447 507
447 557
447 692
447 709
447 849
447 867
447 868
447 908
447 970
447 1000
447 1015
448 508
448 586
448 617
449 621
449 627
449 632
449 652
449 661
449 857
449 877
449 878
449 907
449 947
449 996
450 463
450 545
450 579
450 599
450 623
450 636
450 670
450 687
450 779
450 896
450 911
450 920
451 463
451 469
451 518
451 552
451 581
451 636
451 679
451 782
451 845
451 864
451 959
452 508
452 578
452 581
452 728
452 784
452 796
452 813
452 882
452 978
453 454
453 586
453 662
453 702
453 739
453 797
453 828
453 832
453 876
454 569
454 578
454 834
454 899
454 939
455 493
455 523
455 678
455 746
455 760
455 810
456 615
456 696
456 718
456 812
456 827
456 830
456 877
456 923
456 984
456 991
457 625
457 671
457 713
457 890
457 942
457 993
458 480
458 624
458 643
458 736
458 843
458 893
458 928
459 464
459 605
459 639
459 694
459 695
459 760
459 801
459 819
459 827
459 891
460 490
460 508
460 554
460 580
460 597
460 672
460 689
460 782
460 871
460 936
460 964
460 1000
461 480
461 626
461 651
461 672
461 692
461 925
461 981
462 486
462 489
462 542
462 581
462 693
462 766
462 835
462 910
462 930
462 1002
463 550
463 551
463 667
463 750
463 833
464 492
464 869
464 924
465 479
465 523
465 609
466 515
466 650
466 828
466 886
466 953
466 988
466 1022
467 478
467 490
467 528
467 535
467 560
467 565
467 638
467 720
467 735
467 742
467 871
467 910
467 1006
468 509
468 561
468 643
468 765
468 887
469 471
469 534
469 594
469 608
469 651
469 787
469 790
469 795
469 841
469 881
469 888
470 475
470 562
470 594
470 735
470 767
470 843
470 981
471 527
471 579
471 758
471 778
471 810
471 837
471 977
472 715
472 717
472 910
472 915
472 945
472 993
472 1005
473 596
473 644
473 648
473 686
473 848
473 897
473 1005
474 494
474 502
474 504
474 759
474 914
475 486
475 504
475 652
475 676
475 704
475 864
475 1021
476 633
476 654
476 771
476 869
476 873
476 939
476 1012
477 482
477 563
477 640
477 752
477 806
477 876
478 503
478 567
478 573
478 625
478 752
478 992
478 1019
478 1021
479 537
479 638
479 742
479 891
479 910
479 966
479 983
479 1012
480 517
480 519
480 635
480 751
480 878
480 1008
481 688
481 837
481 940
482 573
482 844
483 594
483 598
483 649
483 651
483 757
483 908
483 1004
484 515
484 624
484 675
484 775
484 807
484 854
484 861
484 889
484 890
485 506
485 526
485 688
485 734
485 886
485 889
485 1008
486 652
486 751
486 778
486 838
486 863
486 895
486 973
487 572
487 579
487 611
487 676
487 686
487 847
487 911
488 500
488 535
488 541
488 728
488 742
488 744
488 776
488 793
488 810
488 898
488 961
489 678
489 752
489 855
489 938
489 986
490 497
490 525
490 558
490 580
490 606
490 707
490 782
490 922
490 955
490 1015
491 523
491 525
491 641
491 702
491 775
491 841
491 875
491 961
491 982
491 983
492 531
492 555
492 579
492 627
492 679
492 714
492 715
492 726
492 778
492 913
493 707
493 722
493 740
493 745
493 821
493 845
493 849
493 903
494 543
494 730
494 732
494 864
494 944
495 562
495 604
495 738
495 927
495 936
495 987
495 1005
496 685
496 908
497 532
497 640
497 974
497 992
498 507
498 518
498 529
498 723
498 743
498 759
498 771
498 915
498 964
498 993
499 523
499 589
499 597
499 633
499 651
499 672
499 695
499 700
499 774
499 936
499 953
499 1016
500 757
500 780
500 849
500 925
500 1014
501 802
501 829
501 876
501 908
501 989
501 995
502 621
502 669
502 731
502 831
502 895
502 987
502 1016
503 551
503 577
503 620
503 623
503 631
503 710
503 908
503 920
504 620
504 679
504 682
504 739
504 755
504 782
504 788
504 803
504 904
504 950
504 975
504 983
505 514
505 587
505 605
505 664
505 668
505 816
505 995
506 515
506 665
506 818
506 864
507 516
507 526
507 942
507 1012
508 554
508 619
508 653
508 677
508 861
509 585
509 732
509 770
509 817
509 851
509 972
509 995
510 566
510 620
510 649
510 668
510 859
510 924
510 975
510 996
511 623
511 681
511 684
511 709
511 877
511 917
511 953
511 1004
511 1009
512 528
512 595
512 679
512 714
512 782
512 881
512 919
513 570
513 589
513 673
513 737
513 754
513 763
513 866
513 889
513 904
513 939
513 942
514 530
514 748
514 766
514 770
514 774
514 866
514 903
515 635
515 649
515 662
515 856
515 1009
516 533
516 588
516 623
516 791
516 905
516 950
516 960
517 574
517 624
517 710
517 751
517 926
517 959
518 520
518 544
518 551
518 858
518 916
518 999
519 859
520 647
520 718
520 753
520 798
520 805
520 909
520 948
521 579
521 607
521 650
521 694
521 798
521 911
522 689
522 698
522 850
522 982
523 634
523 635
523 688
523 892
523 942
523 979
524 547
524 653
524 691
524 701
524 710
524 800
524 868
524 890
524 977
524 1013
524 1014
525 555
525 668
525 684
525 692
525 796
525 892
525 907
525 921
525 952
526 540
526 595
526 931
526 945
526 1002
526 1021
527 554
527 567
527 572
527 731
527 797
528 606
528 699
528 701
528 742
528 797
528 822
528 827
528 869
528 915
528 936
528 948
528 984
529 550
529 672
529 674
529 739
529 816
529 888
529 958
529 973
530 581
530 617
530 699
530 871
530 914
530 960
531 701
531 765
531 848
531 890
531 940
531 977
531 986
532 548
532 563
532 660
532 719
532 769
532 806
533 617
533 646
533 655
533 753
533 856
533 1021
533 1023
534 592
534 601
534 702
534 727
534 845
534 888
534 903
534 920
534 994
534 1006
535 562
535 578
535 602
535 641
535 654
535 771
535 827
535 832
535 846
535 865
535 965
535 981
536 541
536 626
536 667
536 716
536 718
536 752
536 880
536 952
536 973
536 1009
537 728
537 767
537 780
537 828
537 854
538 660
538 675
538 698
538 710
538 712
538 917
538 925
538 930
539 599
539 675
539 705
539 726
539 786
539 801
539 829
539 841
539 937
539 999
540 736
540 840
540 877
540 902
540 1009
540 1018
541 548
541 816
541 829
541 877
541 890
541 925
541 933
541 964
542 647
542 757
542 778
542 782
542 792
542 941
542 992
543 570
543 746
543 758
543 789
543 850
543 875
543 890
544 587
544 630
544 651
544 660
544 715
544 759
544 823
544 882
544 948
544 966
544 1017
545 641
545 654
545 734
545 783
545 804
546 577
546 596
546 624
546 662
546 875
546 898
546 983
546 1017
547 652
547 699
547 721
547 722
547 763
547 854
547 1007
548 696
548 701
548 705
548 746
548 762
548 901
548 954
549 568
549 602
549 625
549 632
549 664
549 674
549 700
549 729
549 748
549 756
549 813
549 903
549 954
549 985
550 574
550 776
550 810
550 902
551 818
551 908
551 966
551 970
551 995
552 577
552 624
552 699
552 796
552 825
552 897
553 559
553 582
553 607
553 666
553 671
553 756
553 777
553 849
553 894
553 925
553 960
553 1008
553 1010
553 1023
554 643
554 754
554 837
554 906
554 908
555 700
555 726
555 849
555 911
555 928
555 960
556 586
556 811
556 868
556 873
556 967
556 987
557 649
557 799
557 890
557 933
558 569
558 808
558 822
558 920
558 968
558 1019
559 598
559 648
559 724
559 806
559 939
559 973
559 992
560 644
561 575
561 576
561 587
561 608
561 634
561 715
561 742
561 763
561 793
561 872
561 973
562 565
562 696
562 721
562 798
562 799
562 904
562 924
562 933
563 581
563 616
563 675
563 681
563 736
563 737
563 792
563 834
563 1017
564 625
564 696
564 701
564 788
564 827
564 850
564 892
564 982
564 1022
565 604
565 634
565 723
565 726
565 775
565 935
566 644
566 773
566 843
566 869
566 992
566 1017
567 596
567 617
567 642
567 674
567 958
568 595
568 620
568 651
568 681
568 724
568 905
568 960
568 988
569 608
569 948
570 580
570 741
570 785
570 806
570 819
570 841
570 876
570 886
570 955
570 966
570 989
570 1004
571 586
571 609
571 654
571 741
571 834
571 908
572 740
572 898
572 987
572 1022
573 589
573 652
573 696
573 788
573 854
573 918
573 971
573 977
574 576
574 599
574 688
574 696
574 704
574 717
574 748
574 755
574 911
574 982
575 616
575 628
575 830
575 963
575 1001
575 1021
576 733
576 795
576 961
576 978
577 650
577 689
577 690
577 704
577 710
577 730
577 731
577 743
577 972
577 986
578 584
578 616
578 640
578 654
578 772
578 815
578 818
578 931
579 690
579 923
579 1003
579 1017
580 622
580 641
580 665
580 705
580 745
580 781
580 959
580 1012
581 586
581 635
581 820
581 831
581 1016
582 635
582 734
582 768
582 788
582 823
582 911
582 931
582 976
582 985
582 1013
583 602
583 644
583 687
583 720
583 737
583 780
583 789
583 911
583 925
583 946
584 697
584 795
584 803
584 845
584 895
584 907
585 669
585 721
585 739
585 790
585 943
586 620
586 674
586 955
586 997
587 753
587 904
587 930
587 964
588 610
588 654
588 690
588 793
588 823
589 742
589 779
589 827
589 849
589 866
589 869
589 879
589 881
589 950
589 1013
590 731
590 817
591 603
591 805
591 852
591 909
591 969
591 1001
592 596
592 758
592 847
592 886
592 907
592 916
593 654
593 657
593 678
594 659
594 740
594 742
594 753
594 763
594 868
594 889
594 901
594 931
594 942
594 951
594 958
595 597
595 626
595 652
595 671
595 680
595 707
595 797
595 970
596 618
596 657
596 695
596 791
596 907
596 953
597 716
597 731
597 744
597 769
597 818
597 835
597 852
597 954
598 760
598 835
598 851
598 928
598 937
598 988
599 661
599 876
599 898
599 933
599 949
600 698
600 892
600 911
600 947
600 949
601 608
601 640
601 708
601 751
601 767
601 869
601 1020
602 608
602 673
602 765
602 771
602 829
602 837
602 845
602 920
603 636
603 668
603 721
603 725
603 785
603 802
603 876
603 1007
604 611
604 709
604 854
605 715
605 736
605 749
606 649
606 732
606 887
606 913
606 999
607 695
607 998
608 623
608 645
608 709
608 787
608 841
608 935
609 663
609 761
609 762
609 849
609 951
610 619
610 733
610 807
610 848
610 938
610 988
611 625
611 654
611 668
611 738
611 822
611 845
611 888
611 889
611 900
611 936
611 1005
612 656
612 791
612 839
612 846
612 854
612 881
613 687
613 761
613 772
613 790
613 931
613 934
613 942
614 660
614 684
614 784
614 892
614 931
614 932
615 672
615 854
615 1017
616 693
616 726
616 756
616 821
616 909
616 924
616 929
616 944
616 999
617 632
617 790
618 626
618 762
618 822
619 736
620 647
620 704
620 904
620 1020
621 648
621 878
621 923
621 978
621 982
621 1023
622 642
622 710
622 752
622 902
622 1011
623 686
623 722
623 750
623 807
623 835
623 847
623 854
623 906
623 907
623 955
624 667
624 692
624 769
624 785
624 853
624 855
624 996
625 772
625 855
625 935
626 666
626 672
626 757
626 824
626 830
627 645
627 692
627 714
627 849
627 919
627 953
628 733
628 743
628 769
628 852
628 853
628 875
628 972
629 762
629 914
629 986
630 716
630 728
630 853
630 909
630 1007
631 729
631 832
631 872
632 809
632 832
632 834
632 843
633 776
633 813
633 833
633 841
633 889
633 893
633 982
634 797
634 881
634 924
634 927
635 722
635 989
635 996
636 670
636 676
637 642
637 900
637 914
637 968
637 1011
637 1014
638 707
638 728
638 842
638 872
638 876
639 723
639 966
639 1000
640 670
640 722
640 744
641 763
641 795
641 892
641 941
641 1008
642 843
642 1014
643 647
643 734
643 755
643 848
643 867
643 991
643 995
643 1004
644 646
644 658
644 663
644 709
644 747
644 771
644 784
644 791
644 796
644 824
644 830
644 878
644 918
644 926
645 657
645 679
645 697
645 775
645 826
645 871
645 909
645 984
645 1009
646 724
646 767
646 806
646 819
646 900
647 717
647 885
647 973
647 1004
648 671
648 700
648 709
648 819
648 982
648 994
649 695
649 877
649 908
649 928
649 1018
650 683
650 729
650 876
650 938
651 671
651 728
651 813
651 852
651 910
651 912
652 664
652 741
652 830
652 858
652 878
652 976
652 1002
653 769
653 797
653 907
653 997
654 699
654 799
654 825
655 797
655 912
655 923
655 1016
656 798
656 961
657 668
657 771
657 850
659 683
659 694
659 1006
660 766
660 908
660 920
660 938
660 942
660 981
660 1012
661 664
661 741
661 901
661 932
661 966
661 999
661 1003
661 1014
662 747
662 874
663 732
663 1006
664 818
664 856
664 920
664 995
664 1012
665 701
665 730
665 809
665 813
666 823
666 831
666 869
666 963
667 713
667 755
667 803
667 868
668 866
669 751
669 780
669 833
669 955
670 685
670 740
670 788
670 821
670 830
670 846
670 874
670 896
670 920
670 929
670 1003
671 690
671 709
672 818
672 869
672 984
673 840
673 914
673 927
673 971
674 786
674 873
674 877
674 934
674 1012
675 743
675 814
675 902
675 912
676 721
676 768
676 808
676 887
676 895
676 929
677 839
678 874
678 1009
679 711
679 968
680 689
680 864
680 866
680 908
681 741
681 868
681 927
681 930
681 955
681 1002
681 1016
682 725
682 909
682 957
683 684
683 711
683 731
683 775
683 816
683 824
683 908
684 864
684 886
684 913
684 1011
685 714
685 868
685 909
685 979
686 695
686 799
686 800
686 954
686 1009
687 756
687 978
688 714
688 807
688 850
688 857
689 714
689 749
689 811
689 891
689 903
689 969
689 1018
690 709
690 722
690 736
690 830
690 855
690 864
691 724
691 735
691 752
691 1011
692 867
692 880
693 790
693 858
694 744
694 965
695 700
695 773
695 835
695 837
695 889
696 718
696 722
696 807
696 813
696 818
696 834
697 786
697 862
697 882
697 952
697 966
697 1001
698 823
698 972
699 726
699 752
699 766
699 896
699 925
700 805
700 856
700 869
700 914
700 921
701 737
701 755
701 800
701 857
701 860
701 996
702 708
702 729
702 749
702 841
702 931
702 959
703 722
703 756
703 874
703 907
703 984
703 999
704 805
704 908
705 1004
705 1015
706 715
706 759
706 777
706 794
706 891
707 715
707 860
707 880
707 913
707 934
707 965
707 972
707 1022
708 980
709 903
709 922
709 1002
710 746
710 823
710 856
710 864
710 876
710 898
710 974
710 997
711 778
711 789
711 818
711 949
711 994
712 756
712 908
712 935
713 792
713 805
713 844
713 898
713 899
713 992
713 1016
714 812
714 845
715 747
715 812
715 991
715 995
716 717
716 761
716 840
716 845
716 935
716 983
717 726
717 796
717 962
717 1016
718 901
718 916
719 802
719 824
719 873
720 764
720 953
721 876
721 1012
722 754
722 813
722 892
722 937
722 1014
723 735
725 726
725 826
725 869
725 880
725 966
726 1012
726 1023
727 809
727 861
727 944
727 948
727 978
728 830
728 993
729 810
729 842
729 873
729 986
730 794
730 805
730 821
731 771
731 814
731 841
731 925
731 1020
732 794
732 906
732 963
732 990
733 763
733 817
733 899
733 1002
734 766
734 833
734 944
734 965
734 997
734 1015
735 755
735 781
735 867
735 892
735 922
736 762
736 786
736 847
736 851
736 870
736 875
736 915
736 921
736 960
736 976
736 983
736 1010
737 758
737 835
737 840
737 967
737 986
738 827
738 835
738 845
738 952
738 970
738 979
739 772
739 811
739 1006
739 1020
740 784
740 793
740 804
740 883
741 789
741 852
742 783
742 855
743 873
743 876
743 947
743 965
744 779
744 916
744 956
745 917
746 789
746 803
746 865
746 915
747 895
747 932
747 1004
747 1016
748 900
748 944
748 951
748 987
749 768
749 806
749 1017
750 776
750 777
750 798
750 892
751 752
751 781
751 830
751 875
751 885
751 897
751 943
751 974
752 868
752 929
752 958
752 983
752 1022
753 767
753 784
753 808
753 820
753 902
753 1013
754 869
754 992
755 861
755 872
755 928
755 958
755 996
756 770
756 907
756 967
757 846
757 866
757 973
758 800
758 811
758 1019
759 815
759 861
759 890
759 906
759 931
759 951
759 952
759 970
760 812
760 950
760 968
760 985
760 1019
761 765
761 884
762 836
762 846
762 878
763 774
763 884
764 802
764 997
765 773
765 797
765 815
765 817
765 887
765 948
765 971
765 994
766 819
766 877
766 889
766 981
766 999
767 824
769 811
769 928
769 972
770 798
770 970
770 985
770 1017
771 836
771 914
771 917
771 918
772 813
772 839
773 782
773 783
773 805
773 873
773 885
773 941
774 777
774 1006
775 802
775 862
775 872
775 884
775 923
776 803
776 812
776 841
776 898
776 943
776 971
777 865
777 876
777 1004
778 785
778 877
778 996
778 1000
779 839
779 971
780 891
780 953
780 1013
780 1016
781 842
781 950
781 984
782 907
782 921
782 953
782 998
783 914
783 1001
784 838
784 938
785 818
785 835
785 948
785 991
786 933
786 949
786 988
787 824
787 865
787 882
788 1012
789 873
790 861
790 911
790 987
791 792
791 904
792 801
792 819
792 929
792 957
793 893
793 900
793 907
793 954
794 821
794 888
795 806
795 902
795 959
795 967
796 917
796 996
797 896
797 927
797 960
797 978
798 845
798 921
798 955
799 997
800 982
801 808
801 1007
802 807
802 1007
802 1014
803 809
804 954
805 811
805 950
806 950
806 967
807 973
808 1008
809 900
809 966
810 831
810 857
811 871
811 954
812 826
812 834
812 883
813 835
813 915
813 991
814 839
814 845
814 1018
815 827
815 1019
816 818
816 822
816 949
816 997
817 837
817 891
817 987
817 989
817 997
818 848
818 861
818 937
819 820
819 873
819 917
819 959
819 970
819 1009
820 825
820 879
820 1018
821 914
821 955
821 968
822 938
822 989
823 836
823 907
823 940
823 1016
824 976
825 878
826 881
826 952
826 994
827 950
827 1008
828 877
828 985
829 869
830 854
830 863
830 974
831 837
831 873
831 964
832 910
832 954
832 989
833 877
833 878
833 886
833 952
833 988
834 956
834 986
835 872
836 883
836 894
836 899
836 923
836 1008
837 932
837 992
838 871
838 937
839 866
839 906
839 937
839 965
840 1019
841 885
841 892
842 918
842 983
843 849
844 847
844 961
844 971
845 922
845 950
845 1013
846 848
846 885
846 896
846 915
846 941
846 982
847 864
848 855
848 964
849 877
849 882
849 975
850 851
850 907
850 957
851 871
851 933
851 1012
852 921
852 967
852 984
854 855
854 884
854 886
854 1012
855 954
856 858
856 901
856 913
856 998
857 946
857 991
858 893
858 978
858 989
859 966
859 985
859 1003
860 861
860 869
860 872
860 889
860 918
861 960
861 969
862 875
862 961
862 972
862 994
863 962
863 1005
864 876
865 937
865 969
866 951
867 882
867 1009
868 970
869 882
869 968
869 977
870 887
870 944
870 950
870 973
870 1022
872 980
873 886
873 888
874 963
875 979
875 984
876 916
876 974
877 903
877 952
879 918
879 925
879 1001
879 1005
881 991
881 1000
882 890
882 904
883 966
884 1004
885 967
886 940
887 906
887 917
887 949
890 937
891 1016
892 988
893 929
893 946
893 979
894 989
895 897
895 958
896 957
897 995
899 952
899 1000
899 1021
900 945
900 1002
902 932
902 984
903 938
903 959
903 1000
904 914
905 933
905 976
906 996
907 981
908 1020
909 951
910 947
910 961
911 984
911 985
913 1017
914 922
914 953
914 982
915 1014
918 946
918 971
918 1002
919 1020
920 1003
921 989
921 1008
925 945
926 929
926 943
928 933
928 968
928 979
928 996
928 1018
929 954
929 974
929 977
929 993
931 1021
933 990
933 1004
934 954
935 976
936 949
936 954
938 1000
939 953
939 963
940 946
940 957
940 959
941 973
941 1008
943 967
943 984
944 990
945 946
945 983
945 1007
945 1021
947 1015
948 982
949 998
951 964
951 999
953 973
954 979
954 1014
956 1013
957 987
957 1009
958 970
959 984
960 1018
962 1009
963 1006
964 1006
966 972
967 987
968 1018
973 985
973 993
977 979
977 982
977 987
979 986
980 992
989 998
990 1023
995 997
995 1007
1004 1023
1005 1015
1009 1013
1010 1020
1012 1021
