0 189
0 204
0 223
0 241
0 278
0 285
0 348
0 349
0 403
0 483
0 531
0 536
0 542
0 779
0 899
0 911
0 1003
0 1014
1 40
1 58
1 104
1 118
1 127
1 130
1 237
1 273
1 285
1 289
1 299
1 336
1 364
1 397
1 460
1 588
1 615
1 688
1 756
1 871
1 902
2 33
2 36
2 101
2 141
2 157
2 169
2 176
2 291
2 461
2 621
2 635
2 688
2 740
2 744
2 771
2 782
2 803
2 886
2 932
2 943
3 17
3 63
3 97
3 234
3 256
3 317
3 333
3 403
3 449
3 554
3 581
3 690
3 706
3 718
3 867
3 937
3 946
4 21
4 136
4 200
4 201
4 217
4 225
4 412
4 536
4 695
4 798
4 799
4 813
4 956
4 993
5 12
5 120
5 151
5 203
5 237
5 247
5 259
5 275
5 290
5 338
5 414
5 563
5 796
5 800
5 820
5 945
5 956
5 1005
5 1016
6 207
6 274
6 291
6 386
6 466
6 480
6 554
6 604
6 658
6 688
6 712
6 752
6 795
6 836
6 842
6 898
6 960
6 969
6 976
7 80
7 201
7 219
7 227
7 337
7 370
7 408
7 409
7 429
7 469
7 578
7 684
7 733
7 870
7 892
7 914
7 927
7 936
7 1017
8 37
8 80
8 100
8 156
8 204
8 213
8 242
8 261
8 277
8 339
8 353
8 359
8 471
8 644
8 667
8 678
8 733
8 747
8 856
8 860
8 967
8 1001
9 76
9 124
9 149
9 229
9 251
9 270
9 340
9 353
9 365
9 419
9 430
9 496
9 511
9 809
9 965
9 982
10 95
10 189
10 195
10 236
10 274
10 442
10 541
10 565
10 754
10 816
10 854
10 923
10 938
10 970
11 110
11 153
11 229
11 385
11 461
11 482
11 510
11 592
11 598
11 619
11 704
11 731
11 789
11 860
11 878
11 980
11 999
11 1017
12 60
12 218
12 233
12 308
12 411
12 443
12 506
12 566
12 602
12 635
12 808
12 828
12 887
12 916
12 931
12 945
12 1014
13 83
13 121
13 164
13 180
13 183
13 245
13 250
13 315
13 407
13 411
13 432
13 606
13 622
13 631
13 678
13 743
13 779
13 868
13 870
14 51
14 97
14 151
14 235
14 269
14 289
14 311
14 365
14 382
14 436
14 493
14 506
14 592
14 924
14 994
15 170
15 213
15 286
15 323
15 365
15 515
15 575
15 595
15 646
15 661
15 727
15 754
15 805
15 865
15 912
16 19
16 69
16 86
16 132
16 247
16 276
16 285
16 330
16 331
16 332
16 346
16 386
16 435
16 509
16 546
16 637
16 686
16 851
16 889
16 989
17 26
17 52
17 66
17 266
17 371
17 380
17 479
17 499
17 512
17 559
17 591
17 630
17 687
17 721
17 794
17 855
17 869
17 882
17 950
18 69
18 142
18 230
18 384
18 453
18 573
18 598
18 658
18 683
18 684
18 692
18 697
18 737
18 749
18 810
18 811
18 865
18 906
18 945
18 959
19 25
19 111
19 125
19 167
19 191
19 263
19 313
19 317
19 439
19 450
19 451
19 582
19 633
19 699
19 719
19 756
19 769
19 822
19 882
19 919
19 943
19 955
19 965
20 44
20 130
20 174
20 375
20 418
20 451
20 519
20 558
20 622
20 756
20 791
20 812
20 952
20 999
20 1007
21 72
21 125
21 152
21 210
21 215
21 307
21 321
21 370
21 384
21 470
21 593
21 609
21 631
21 787
21 847
21 927
22 102
22 147
22 182
22 363
22 394
22 472
22 484
22 524
22 653
22 682
22 852
22 871
22 909
22 962
22 989
23 44
23 73
23 106
23 177
23 186
23 277
23 372
23 398
23 399
23 544
23 665
23 725
23 755
23 867
23 882
23 887
23 922
23 952
23 981
23 1023
24 32
24 91
24 120
24 152
24 191
24 235
24 272
24 281
24 287
24 327
24 468
24 480
24 531
24 572
24 578
24 591
24 660
24 756
24 875
24 923
24 955
24 969
24 974
25 92
25 97
25 237
25 267
25 279
25 283
25 445
25 472
25 475
25 645
25 731
25 782
25 861
25 902
25 919
26 92
26 104
26 105
26 118
26 191
26 249
26 253
26 409
26 547
26 607
26 724
26 792
26 799
26 851
26 871
26 959
26 972
26 973
26 989
27 110
27 169
27 226
27 234
27 239
27 270
27 418
27 478
27 597
27 606
27 634
27 653
27 710
27 716
27 817
27 875
27 881
28 154
28 176
28 214
28 216
28 252
28 291
28 355
28 377
28 399
28 474
28 565
28 612
28 705
28 712
28 779
28 920
28 927
28 1002
29 62
29 92
29 164
29 188
29 302
29 329
29 387
29 418
29 487
29 505
29 513
29 561
29 684
29 755
29 788
29 883
29 958
29 960
30 82
30 101
30 124
30 145
30 187
30 264
30 270
30 287
30 326
30 407
30 414
30 422
30 434
30 450
30 531
30 533
30 557
30 719
30 802
30 981
30 986
31 52
31 98
31 180
31 212
31 278
31 288
31 314
31 354
31 365
31 487
31 496
31 543
31 660
31 770
31 771
31 782
31 875
31 904
31 919
32 61
32 100
32 104
32 208
32 222
32 288
32 295
32 321
32 352
32 389
32 496
32 527
32 567
32 576
32 620
32 632
32 640
32 826
32 842
32 953
32 975
33 280
33 301
33 381
33 413
33 423
33 502
33 523
33 582
33 602
33 607
33 667
33 744
33 762
33 896
33 986
33 1010
33 1011
34 40
34 82
34 140
34 163
34 166
34 171
34 179
34 195
34 326
34 489
34 596
34 626
34 631
34 634
34 654
34 678
34 870
34 947
34 960
34 970
35 57
35 125
35 140
35 244
35 274
35 393
35 517
35 566
35 568
35 598
35 619
35 646
35 773
35 789
35 801
35 965
35 971
36 284
36 468
36 480
36 522
36 669
36 805
36 894
36 1010
37 52
37 82
37 114
37 135
37 207
37 231
37 268
37 293
37 578
37 584
37 655
37 720
37 843
38 50
38 103
38 176
38 371
38 382
38 389
38 396
38 521
38 647
38 709
38 724
38 780
38 849
38 940
38 984
38 990
39 109
39 193
39 213
39 353
39 369
39 375
39 416
39 440
39 613
39 638
39 641
39 853
39 859
39 899
40 54
40 105
40 121
40 169
40 175
40 188
40 360
40 361
40 522
40 674
40 764
40 768
40 961
40 999
41 85
41 174
41 208
41 217
41 225
41 270
41 282
41 303
41 357
41 529
41 539
41 568
41 613
41 662
41 690
41 741
41 773
41 809
41 824
41 851
41 858
41 987
41 1014
42 82
42 130
42 134
42 191
42 289
42 457
42 632
42 661
42 696
42 713
42 773
42 892
42 932
42 974
42 984
43 51
43 62
43 293
43 342
43 428
43 548
43 582
43 603
43 615
43 655
43 694
43 767
43 820
43 989
43 1016
44 94
44 119
44 155
44 167
44 215
44 322
44 398
44 431
44 491
44 564
44 652
44 743
44 747
44 754
44 787
44 803
44 856
44 912
44 917
44 967
45 51
45 155
45 159
45 169
45 170
45 263
45 299
45 417
45 439
45 447
45 562
45 695
45 756
45 824
45 854
45 891
45 892
45 894
45 963
46 190
46 197
46 330
46 362
46 396
46 428
46 622
46 793
46 1019
47 99
47 269
47 384
47 444
47 542
47 638
47 673
47 697
47 830
47 857
47 881
47 899
47 1008
48 161
48 197
48 198
48 235
48 263
48 469
48 482
48 530
48 589
48 658
48 746
48 775
48 792
48 945
49 67
49 96
49 97
49 101
49 106
49 170
49 248
49 288
49 361
49 396
49 431
49 485
49 596
49 676
49 865
49 912
50 60
50 162
50 213
50 275
50 325
50 335
50 387
50 388
50 419
50 430
50 646
50 655
50 662
50 706
50 845
50 881
50 963
50 990
51 92
51 206
51 342
51 424
51 558
51 562
51 681
51 705
51 784
51 948
51 988
52 62
52 138
52 191
52 225
52 259
52 260
52 339
52 346
52 434
52 436
52 553
52 575
52 596
52 668
52 669
52 705
52 769
52 787
52 845
52 868
52 1008
53 56
53 68
53 96
53 223
53 244
53 363
53 395
53 512
53 528
53 535
53 550
53 592
53 606
53 638
53 646
53 668
53 692
53 794
53 833
53 870
53 995
54 67
54 123
54 158
54 194
54 206
54 383
54 386
54 429
54 518
54 637
54 659
54 701
54 805
54 822
54 858
55 106
55 155
55 171
55 175
55 180
55 248
55 268
55 292
55 300
55 350
55 376
55 394
55 421
55 438
55 479
55 537
55 578
55 637
55 729
55 735
55 912
55 921
55 948
55 984
56 68
56 89
56 196
56 241
56 249
56 260
56 289
56 292
56 393
56 420
56 494
56 496
56 582
56 779
56 822
56 832
56 834
56 842
56 863
56 867
56 923
57 75
57 91
57 142
57 183
57 191
57 231
57 232
57 355
57 356
57 363
57 557
57 586
57 635
57 662
57 682
57 718
57 805
57 822
57 873
57 999
57 1012
58 140
58 325
58 351
58 389
58 396
58 436
58 481
58 594
58 655
58 694
58 816
58 840
58 925
58 992
59 103
59 165
59 178
59 366
59 403
59 466
59 526
59 682
59 791
59 913
59 1004
60 69
60 122
60 174
60 271
60 453
60 578
60 617
60 656
60 781
60 822
60 864
60 879
60 925
60 957
60 978
60 1000
60 1021
61 67
61 180
61 314
61 321
61 416
61 566
61 609
61 626
61 779
61 835
61 854
61 857
61 887
61 957
61 995
62 66
62 83
62 123
62 136
62 224
62 229
62 254
62 323
62 408
62 437
62 675
62 748
62 839
62 849
62 860
62 867
62 918
62 940
62 968
63 92
63 171
63 192
63 261
63 335
63 499
63 558
63 576
63 660
63 668
63 811
63 880
63 911
63 967
64 89
64 130
64 138
64 147
64 165
64 202
64 225
64 236
64 251
64 262
64 339
64 371
64 377
64 414
64 428
64 459
64 570
64 686
64 712
64 792
64 944
64 989
64 1018
65 223
65 237
65 311
65 320
65 339
65 347
65 387
65 399
65 414
65 417
65 641
65 647
65 682
65 698
65 704
65 740
65 820
65 828
65 835
65 907
65 961
65 993
66 121
66 200
66 544
66 570
66 640
66 889
66 892
66 915
66 944
67 117
67 135
67 144
67 145
67 249
67 262
67 357
67 461
67 495
67 700
67 702
67 707
67 811
67 840
67 864
67 946
67 959
67 983
67 1012
68 72
68 112
68 148
68 290
68 419
68 469
68 540
68 640
68 697
68 756
68 810
68 845
68 914
68 937
68 950
68 995
69 118
69 200
69 315
69 326
69 359
69 443
69 456
69 459
69 466
69 498
69 616
69 639
69 732
69 734
69 757
69 779
69 813
69 850
69 1007
70 80
70 107
70 159
70 207
70 264
70 287
70 319
70 325
70 409
70 485
70 492
70 537
70 570
70 631
70 663
70 679
70 690
70 759
70 995
71 122
71 274
71 301
71 336
71 358
71 520
71 805
71 807
71 896
71 986
71 1014
71 1020
72 191
72 343
72 380
72 509
72 537
72 605
72 787
72 792
72 830
72 853
72 953
73 289
73 332
73 348
73 432
73 475
73 489
73 498
73 550
73 627
73 665
73 709
73 728
73 796
73 819
73 925
74 109
74 141
74 221
74 341
74 380
74 409
74 426
74 505
74 575
74 690
74 709
74 822
74 826
74 857
74 875
74 912
74 928
74 939
74 975
74 983
74 988
74 1004
74 1015
75 122
75 160
75 195
75 247
75 260
75 282
75 358
75 472
75 499
75 503
75 533
75 598
75 631
75 737
75 747
75 808
75 866
75 968
75 972
75 1011
76 77
76 78
76 203
76 259
76 267
76 337
76 338
76 354
76 375
76 531
76 930
76 933
76 941
76 1003
77 96
77 175
77 210
77 224
77 238
77 239
77 313
77 354
77 416
77 432
77 478
77 517
77 558
77 594
77 677
77 827
77 871
77 899
77 985
77 1000
77 1007
77 1016
78 243
78 276
78 419
78 456
78 526
78 576
78 602
78 771
78 794
78 970
78 1010
78 1012
79 213
79 221
79 328
79 391
79 481
79 496
79 545
79 614
79 695
79 703
79 730
79 759
79 871
79 888
80 113
80 181
80 198
80 239
80 411
80 443
80 457
80 540
80 542
80 549
80 604
80 618
80 705
80 772
80 788
80 844
80 864
80 875
80 942
80 971
81 92
81 293
81 359
81 416
81 438
81 528
81 592
81 603
81 604
81 662
81 849
81 871
81 934
81 982
82 85
82 236
82 258
82 272
82 302
82 303
82 404
82 429
82 450
82 531
82 798
82 831
82 916
82 992
83 133
83 227
83 284
83 396
83 404
83 578
83 641
83 738
83 760
83 761
83 824
83 855
84 87
84 114
84 118
84 128
84 143
84 154
84 203
84 208
84 292
84 348
84 360
84 385
84 411
84 458
84 470
84 544
84 551
84 594
84 643
85 113
85 117
85 155
85 163
85 220
85 292
85 298
85 459
85 503
85 586
85 627
85 702
85 791
85 848
85 907
86 94
86 151
86 237
86 284
86 390
86 478
86 605
86 651
86 655
86 681
86 752
86 810
86 947
86 987
87 92
87 121
87 125
87 129
87 163
87 184
87 244
87 524
87 571
87 592
87 594
87 627
87 676
87 683
87 894
87 982
88 145
88 278
88 331
88 334
88 340
88 354
88 413
88 416
88 451
88 498
88 508
88 665
88 794
88 901
88 982
89 145
89 189
89 190
89 288
89 303
89 497
89 502
89 644
89 687
89 884
89 906
89 912
89 973
90 91
90 99
90 115
90 200
90 243
90 280
90 506
90 694
90 869
90 875
90 891
90 969
91 270
91 342
91 417
91 436
91 445
91 500
91 651
91 686
91 716
91 808
91 910
91 939
91 967
91 1000
91 1019
92 118
92 263
92 267
92 290
92 336
92 461
92 489
92 618
92 687
92 809
92 842
92 990
92 999
93 100
93 115
93 124
93 138
93 156
93 191
93 252
93 355
93 381
93 531
93 584
93 622
93 686
93 693
93 731
93 775
93 957
93 1015
94 98
94 211
94 223
94 316
94 385
94 392
94 421
94 439
94 465
94 507
94 529
94 602
94 639
94 666
94 752
94 841
94 894
94 909
95 102
95 126
95 127
95 155
95 168
95 172
95 266
95 308
95 352
95 416
95 524
95 533
95 606
95 630
95 644
95 779
95 858
95 900
95 935
96 117
96 145
96 252
96 267
96 268
96 298
96 343
96 345
96 369
96 479
96 498
96 579
96 698
96 699
96 916
96 937
96 986
97 136
97 156
97 180
97 270
97 338
97 344
97 490
97 542
97 551
97 561
97 700
97 758
97 795
97 798
97 803
97 812
97 816
97 987
97 989
98 166
98 272
98 390
98 406
98 442
98 489
98 533
98 605
98 766
98 824
98 838
98 854
98 945
98 985
99 133
99 259
99 269
99 459
99 486
99 598
99 657
99 692
99 808
99 854
99 934
99 990
100 141
100 206
100 319
100 348
100 397
100 468
100 642
100 945
100 955
100 968
100 1005
101 423
101 454
101 484
101 643
101 657
101 733
101 752
101 815
102 158
102 191
102 224
102 284
102 355
102 505
102 538
102 618
102 737
102 743
102 855
102 921
102 947
103 152
103 212
103 273
103 311
103 340
103 530
103 549
103 693
103 794
103 907
103 945
103 964
103 993
103 1014
104 163
104 164
104 186
104 393
104 427
104 450
104 483
104 522
104 584
104 599
104 737
104 759
104 816
104 860
104 915
104 962
104 983
105 136
105 347
105 536
105 601
105 730
105 732
105 972
106 175
106 423
106 627
106 687
106 740
106 748
106 799
106 844
106 991
106 993
107 113
107 175
107 327
107 453
107 523
107 548
107 550
107 665
107 680
107 681
107 695
107 729
107 768
107 789
107 918
107 1021
108 178
108 206
108 251
108 367
108 396
108 431
108 543
108 602
108 622
108 642
108 783
108 813
108 852
108 866
108 912
108 919
108 920
108 1007
109 151
109 161
109 336
109 399
109 406
109 410
109 438
109 599
109 667
109 752
109 788
109 888
110 185
110 298
110 312
110 357
110 368
110 422
110 500
110 585
110 636
110 650
110 651
110 746
110 818
110 823
110 926
110 935
110 1000
110 1010
111 291
111 331
111 385
111 398
111 399
111 527
111 575
111 604
111 607
111 648
111 659
111 732
111 745
111 750
111 752
111 822
112 147
112 212
112 230
112 264
112 374
112 392
112 394
112 410
112 564
112 585
112 714
112 827
112 840
112 885
112 890
112 903
112 973
113 118
113 140
113 183
113 214
113 231
113 366
113 399
113 404
113 418
113 487
113 491
113 570
113 766
113 880
113 916
113 928
114 129
114 193
114 427
114 502
114 522
114 543
114 557
114 649
114 650
114 707
114 788
114 853
114 889
115 129
115 175
115 251
115 254
115 268
115 304
115 307
115 316
115 350
115 515
115 519
115 540
115 566
115 692
115 778
115 814
115 889
115 898
115 919
115 975
116 159
116 190
116 267
116 363
116 434
116 467
116 700
116 713
116 890
116 948
116 971
117 119
117 230
117 310
117 314
117 328
117 434
117 505
117 534
117 561
117 600
117 674
117 684
117 732
117 762
117 1023
118 137
118 210
118 211
118 427
118 447
118 540
118 551
118 556
118 584
118 587
118 634
118 680
118 712
118 896
118 954
119 201
119 261
119 342
119 430
119 681
119 701
119 730
119 842
119 859
119 932
119 969
119 988
120 121
120 162
120 184
120 221
120 263
120 267
120 272
120 291
120 313
120 316
120 364
120 383
120 428
120 477
120 492
120 634
120 757
120 824
120 828
120 833
120 860
120 874
120 906
120 934
120 936
120 1003
120 1011
121 157
121 407
121 419
121 727
121 735
121 777
121 856
121 868
121 872
121 903
121 908
121 913
121 977
121 995
121 1003
121 1010
122 167
122 173
122 465
122 627
122 641
122 644
122 742
122 791
122 842
122 943
123 154
123 242
123 280
123 334
123 345
123 395
123 396
123 459
123 467
123 522
123 560
123 610
123 622
123 827
123 946
124 191
124 227
124 240
124 253
124 350
124 360
124 400
124 416
124 537
124 572
124 584
124 592
124 642
124 714
124 723
124 786
124 793
124 810
124 948
125 178
125 183
125 292
125 306
125 343
125 452
125 549
125 729
125 737
125 866
125 877
125 1011
125 1019
126 222
126 250
126 317
126 341
126 346
126 366
126 485
126 503
126 505
126 545
126 548
126 561
126 577
126 668
126 701
126 745
126 768
126 778
126 790
126 931
127 136
127 222
127 403
127 597
127 681
127 796
127 866
127 953
127 1002
127 1007
128 181
128 215
128 266
128 490
128 791
128 818
128 858
128 884
128 917
128 965
128 969
128 978
128 1002
129 149
129 195
129 227
129 231
129 295
129 346
129 387
129 406
129 510
129 525
129 545
129 549
129 582
129 606
129 636
129 645
129 666
129 709
129 722
129 789
129 897
129 920
130 135
130 143
130 175
130 227
130 338
130 361
130 362
130 376
130 456
130 689
130 773
130 788
130 819
130 827
130 882
130 888
130 973
131 137
131 233
131 243
131 276
131 333
131 480
131 498
131 583
131 639
131 649
131 675
131 763
132 194
132 215
132 293
132 301
132 357
132 439
132 476
132 551
132 563
132 661
132 682
132 853
133 167
133 479
133 485
133 502
133 567
133 593
133 775
133 793
133 881
133 899
133 936
133 1022
134 166
134 221
134 283
134 486
134 589
134 602
134 635
134 703
134 715
134 798
134 816
134 834
134 880
134 917
135 171
135 187
135 210
135 224
135 413
135 426
135 451
135 541
135 589
135 694
135 730
135 821
135 887
136 218
136 225
136 249
136 295
136 337
136 374
136 493
136 505
136 611
136 678
136 715
136 789
136 813
136 821
136 825
136 846
136 891
136 929
136 933
137 142
137 152
137 155
137 240
137 264
137 287
137 410
137 419
137 426
137 449
137 599
137 636
137 658
137 698
137 722
137 909
138 196
138 219
138 299
138 317
138 368
138 373
138 451
138 467
138 545
138 565
138 583
138 621
138 624
138 685
138 701
138 725
138 742
138 743
138 824
138 878
138 903
138 929
139 241
139 322
139 326
139 367
139 399
139 428
139 585
139 762
139 766
139 793
139 794
139 933
139 957
140 203
140 268
140 337
140 444
140 455
140 465
140 764
140 780
140 789
140 831
140 843
140 972
141 237
141 369
141 390
141 401
141 406
141 498
141 539
141 645
141 692
141 706
141 748
141 786
141 846
141 890
141 911
141 1011
142 148
142 201
142 204
142 230
142 333
142 338
142 356
142 473
142 562
142 582
142 636
142 672
142 727
142 735
142 801
142 891
142 906
143 182
143 204
143 250
143 285
143 297
143 333
143 523
143 530
143 559
143 638
143 745
143 781
143 850
143 901
143 957
144 244
144 280
144 331
144 332
144 412
144 427
144 433
144 527
144 537
144 564
144 567
144 569
144 651
144 658
144 668
144 692
144 736
144 754
144 868
144 939
144 982
145 171
145 172
145 202
145 210
145 226
145 301
145 311
145 314
145 316
145 326
145 329
145 341
145 359
145 407
145 422
145 503
145 538
145 568
145 574
145 685
145 711
145 729
145 886
145 911
145 961
146 183
146 247
146 267
146 299
146 345
146 468
146 570
146 661
146 749
146 885
146 916
146 929
147 151
147 203
147 332
147 394
147 397
147 476
147 526
147 551
147 620
147 641
147 755
147 763
147 790
147 836
147 878
147 971
147 980
148 265
148 375
148 428
148 476
148 493
148 532
148 644
148 648
148 678
148 717
148 790
148 801
148 813
148 866
148 984
148 1009
149 163
149 164
149 165
149 250
149 283
149 308
149 384
149 409
149 503
149 560
149 637
149 664
149 829
149 839
149 874
149 886
149 902
149 956
149 963
149 1000
149 1022
150 322
150 357
150 358
150 370
150 433
150 446
150 496
150 643
150 669
150 695
150 733
150 823
150 958
150 972
150 993
150 995
151 234
151 255
151 272
151 311
151 449
151 606
151 625
151 731
151 766
151 820
151 859
151 886
151 967
151 984
152 196
152 216
152 217
152 232
152 405
152 418
152 486
152 594
152 743
152 757
152 777
152 823
152 996
152 999
152 1010
153 201
153 270
153 275
153 301
153 442
153 468
153 560
153 659
153 708
153 781
153 826
153 915
153 917
153 946
153 948
153 984
154 322
154 371
154 593
154 633
154 669
154 710
154 882
154 888
154 945
154 985
154 995
154 1012
155 169
155 196
155 269
155 278
155 331
155 429
155 454
155 533
155 546
155 704
155 710
155 742
155 756
155 786
155 1014
156 227
156 264
156 266
156 301
156 338
156 349
156 382
156 388
156 436
156 957
156 988
157 179
157 197
157 220
157 321
157 327
157 328
157 339
157 343
157 506
157 512
157 560
157 672
157 773
157 793
157 811
157 994
157 1020
158 161
158 200
158 210
158 214
158 368
158 387
158 397
158 400
158 471
158 543
158 597
158 665
158 817
159 218
159 227
159 269
159 291
159 365
159 506
159 543
159 606
159 611
159 682
159 685
159 717
159 735
159 744
159 807
159 812
159 913
159 992
159 999
160 161
160 193
160 220
160 229
160 335
160 364
160 372
160 526
160 532
160 564
160 664
160 706
160 728
160 781
160 804
160 853
160 862
160 1006
161 181
161 329
161 334
161 394
161 419
161 475
161 501
161 551
161 576
161 585
161 595
161 596
161 658
161 908
161 941
162 197
162 226
162 276
162 316
162 385
162 443
162 510
162 844
162 919
162 973
163 226
163 241
163 412
163 528
163 543
163 550
163 572
163 713
163 744
163 814
163 821
163 889
163 913
163 926
163 965
164 186
164 202
164 249
164 320
164 353
164 395
164 413
164 460
164 468
164 634
164 649
164 759
164 774
165 173
165 240
165 415
165 628
165 673
165 680
165 755
165 828
165 885
166 174
166 228
166 236
166 254
166 379
166 406
166 452
166 497
166 501
166 721
166 761
166 763
166 790
166 955
166 997
167 228
167 291
167 317
167 335
167 407
167 435
167 440
167 456
167 486
167 623
167 636
167 679
167 729
167 773
167 777
167 822
167 843
167 844
167 847
167 875
167 1001
167 1011
168 204
168 325
168 401
168 426
168 443
168 455
168 493
168 523
168 535
168 623
168 645
168 659
168 749
168 879
168 903
168 986
169 189
169 208
169 215
169 236
169 242
169 266
169 307
169 342
169 370
169 500
169 507
169 638
169 854
169 901
169 956
170 186
170 315
170 335
170 370
170 402
170 564
170 576
170 582
170 587
170 716
170 736
170 869
170 983
171 178
171 226
171 256
171 285
171 336
171 356
171 359
171 364
171 446
171 514
171 580
171 609
171 610
171 659
171 690
171 693
171 696
171 857
171 862
171 943
172 218
172 224
172 268
172 350
172 362
172 368
172 557
172 599
172 652
172 675
172 709
172 862
172 863
172 956
172 997
172 1002
172 1019
173 177
173 321
173 424
173 426
173 522
173 568
173 586
173 685
173 740
173 802
173 885
173 1009
174 219
174 244
174 252
174 309
174 336
174 384
174 469
174 497
174 577
174 631
174 783
174 786
174 878
174 909
174 913
174 1002
175 212
175 247
175 395
175 467
175 543
175 553
175 557
175 565
175 604
175 742
175 768
175 822
175 826
175 917
175 1000
176 247
176 335
176 351
176 412
176 446
176 470
176 493
176 498
176 525
176 596
176 644
176 705
176 756
176 792
176 820
176 832
176 869
176 1014
176 1021
177 252
177 341
177 442
177 482
177 575
177 582
177 635
177 650
177 690
177 790
177 803
177 809
177 879
178 226
178 424
178 472
178 487
178 493
178 610
178 809
178 890
178 989
179 224
179 267
179 366
179 468
179 499
179 606
179 699
179 715
179 793
179 913
179 922
179 998
179 1023
180 181
180 268
180 321
180 339
180 372
180 394
180 395
180 421
180 458
180 476
180 714
180 719
180 758
180 781
180 860
180 962
180 1010
181 488
181 489
181 581
181 588
181 624
181 686
181 818
181 994
182 217
182 237
182 241
182 248
182 286
182 359
182 400
182 401
182 433
182 438
182 440
182 516
182 523
182 679
182 740
182 765
182 879
182 880
182 959
182 1002
182 1017
183 235
183 280
183 287
183 340
183 367
183 387
183 422
183 550
183 746
183 751
183 792
183 853
183 909
184 206
184 208
184 209
184 227
184 307
184 337
184 393
184 543
184 597
184 599
184 621
184 631
184 641
184 909
184 964
184 1015
185 191
185 259
185 273
185 300
185 346
185 408
185 414
185 457
185 539
185 564
185 611
185 629
185 631
185 639
185 702
185 823
185 837
185 848
185 898
185 932
185 981
185 982
185 1013
186 228
186 283
186 378
186 416
186 417
186 435
186 484
186 516
186 623
186 635
186 731
186 765
186 771
186 843
186 882
186 952
187 206
187 252
187 254
187 308
187 320
187 362
187 615
187 687
187 717
187 747
187 752
187 806
188 195
188 349
188 355
188 601
188 618
188 725
188 768
188 782
188 885
189 250
189 337
189 341
189 366
189 367
189 426
189 485
189 567
189 617
189 626
189 698
189 866
189 913
189 969
190 485
190 487
190 505
190 540
190 574
190 583
190 591
190 957
190 968
191 298
191 395
191 415
191 483
191 505
191 526
191 544
191 633
191 781
191 797
191 827
191 834
191 850
191 874
191 1013
192 321
192 337
192 346
192 454
192 503
192 654
192 685
192 711
192 720
192 805
192 912
192 916
192 927
192 959
192 960
192 968
193 296
193 317
193 350
193 459
193 487
193 591
193 626
193 668
193 671
193 678
193 763
193 777
193 795
193 882
193 902
193 913
193 940
193 952
194 202
194 283
194 290
194 329
194 341
194 373
194 410
194 454
194 455
194 534
194 686
194 692
194 875
195 228
195 336
195 359
195 418
195 459
195 471
195 483
195 650
195 652
195 699
195 785
195 897
195 898
195 902
196 342
196 352
196 364
196 373
196 584
196 663
196 680
196 809
196 814
196 848
196 944
196 1020
197 376
197 389
197 489
197 577
197 581
197 663
197 1009
198 266
198 270
198 291
198 402
198 447
198 692
198 715
198 746
198 758
198 839
198 989
198 1007
199 242
199 270
199 292
199 293
199 303
199 354
199 369
199 374
199 401
199 513
199 550
199 709
199 753
199 930
199 1013
200 434
200 527
200 582
200 664
200 753
200 962
200 968
201 309
201 372
201 418
201 617
201 625
201 732
201 851
201 866
201 941
201 991
202 243
202 269
202 288
202 335
202 379
202 399
202 530
202 576
202 596
202 653
202 668
202 692
202 727
202 780
202 803
203 222
203 258
203 301
203 345
203 350
203 450
203 456
203 464
203 528
203 532
203 553
203 629
203 652
203 708
203 709
203 798
203 840
203 864
203 962
203 984
204 302
204 425
204 551
204 552
204 720
204 748
204 749
204 943
204 954
205 228
205 257
205 296
205 377
205 425
205 441
205 464
205 477
205 512
205 548
205 606
205 645
205 691
205 695
205 704
205 716
205 736
205 828
205 894
205 927
205 954
206 352
206 372
206 427
206 562
206 786
206 810
206 837
206 985
206 995
206 996
206 1023
207 251
207 268
207 271
207 371
207 373
207 392
207 430
207 513
207 576
207 690
207 694
207 715
207 802
207 993
207 1009
208 230
208 302
208 321
208 415
208 439
208 712
208 772
208 791
208 849
208 905
208 985
209 229
209 237
209 250
209 322
209 570
209 761
209 766
209 859
209 959
209 979
210 412
210 461
210 566
210 580
210 614
210 787
210 851
210 889
210 892
210 906
210 918
210 1007
211 260
211 413
211 439
211 509
211 558
211 621
211 642
211 808
211 816
211 822
211 837
211 985
211 1014
211 1017
212 219
212 283
212 392
212 428
212 460
212 509
212 588
212 610
212 616
212 714
212 720
212 794
212 942
212 993
213 555
213 623
213 696
213 708
213 713
213 724
213 733
213 881
213 892
213 925
213 943
214 249
214 289
214 395
214 405
214 497
214 624
214 686
214 699
214 726
214 750
214 776
214 875
214 901
214 929
214 937
214 939
214 949
214 1023
215 308
215 441
215 505
215 522
215 536
215 592
215 607
215 634
215 665
215 718
215 722
215 746
215 794
215 813
215 941
215 968
215 1013
216 250
216 314
216 318
216 320
216 361
216 406
216 524
216 680
216 695
216 730
216 745
216 754
216 934
216 940
217 373
217 411
217 574
217 646
217 786
217 824
217 825
217 898
217 940
217 977
217 1004
218 306
218 334
218 368
218 466
218 474
218 559
218 579
218 600
218 624
218 659
218 669
218 695
218 767
218 799
218 863
218 968
218 1013
219 221
219 282
219 303
219 331
219 346
219 409
219 436
219 477
219 479
219 680
219 872
219 886
219 969
219 1014
220 360
220 382
220 426
220 454
220 544
220 558
220 562
220 594
220 671
220 679
220 743
220 770
220 783
220 857
220 933
220 959
220 992
221 300
221 327
221 333
221 456
221 681
221 693
221 722
221 920
222 244
222 398
222 399
222 409
222 416
222 498
222 584
222 633
222 705
222 718
222 748
222 889
222 967
223 229
223 292
223 399
223 572
223 619
223 689
223 711
223 718
223 735
223 802
223 838
223 958
223 1011
224 232
224 333
224 407
224 410
224 477
224 627
224 690
224 715
224 751
224 757
224 768
224 892
224 911
225 236
225 278
225 329
225 499
225 521
225 594
225 604
225 655
225 660
225 670
225 712
225 732
225 825
225 881
225 897
225 976
225 1001
225 1009
226 404
226 448
226 467
226 526
226 600
226 646
226 713
226 777
226 790
226 806
226 846
226 849
226 858
226 902
226 945
227 367
227 458
227 465
227 486
227 545
227 546
227 722
227 768
227 806
227 881
227 882
227 884
228 323
228 477
228 509
228 512
228 589
228 627
228 774
228 860
228 868
228 937
229 260
229 345
229 354
229 452
229 533
229 551
229 568
229 689
229 863
229 942
230 231
230 281
230 290
230 392
230 510
230 553
230 576
230 617
230 621
230 623
230 683
230 709
230 921
231 340
231 363
231 438
231 760
231 762
231 775
231 801
231 842
231 888
232 290
232 299
232 374
232 480
232 510
232 581
232 621
232 648
232 684
232 685
232 689
232 708
232 775
232 907
232 933
232 972
232 995
232 996
232 1005
233 336
233 347
233 394
233 446
233 471
233 550
233 604
233 645
233 663
233 780
233 808
233 864
233 893
233 917
233 961
234 245
234 313
234 341
234 372
234 438
234 471
234 549
234 571
234 597
234 708
234 724
234 753
234 889
234 939
234 952
234 957
234 1008
235 358
235 422
235 485
235 612
235 712
235 898
235 1005
235 1018
236 332
236 352
236 360
236 430
236 453
236 483
236 516
236 587
236 658
236 712
236 727
236 745
236 746
236 751
236 755
236 765
236 787
236 913
236 933
236 965
236 971
236 974
237 250
237 386
237 400
237 420
237 435
237 453
237 456
237 589
237 596
237 611
237 615
237 621
237 636
237 638
237 713
237 726
237 737
237 763
237 817
237 819
237 890
237 968
237 994
238 319
238 419
238 445
238 453
238 552
238 591
238 704
238 733
238 812
238 920
238 977
238 985
239 314
239 418
239 458
239 677
239 697
239 816
239 989
239 990
239 998
240 272
240 287
240 557
240 570
240 621
240 686
240 736
240 745
240 818
240 867
240 1001
240 1018
241 325
241 362
241 425
241 448
241 491
241 522
241 622
241 646
241 697
241 758
241 772
241 788
241 796
241 804
241 809
241 849
241 856
241 931
242 332
242 368
242 395
242 403
242 536
242 539
242 545
242 585
242 708
242 719
242 732
242 851
242 863
242 940
242 985
242 1017
243 302
243 406
243 445
243 502
243 507
243 525
243 551
243 552
243 553
243 554
243 642
243 643
243 675
243 747
243 778
243 868
243 884
243 940
243 991
244 287
244 295
244 324
244 353
244 387
244 399
244 464
244 519
244 574
244 641
244 793
244 905
244 1015
245 305
245 310
245 326
245 364
245 570
245 597
245 653
245 752
245 769
245 880
245 883
245 939
245 951
245 965
245 1014
246 277
246 350
246 403
246 483
246 494
246 564
246 570
246 585
246 610
246 654
246 673
246 679
246 703
246 787
246 803
246 825
246 916
246 1017
247 255
247 448
247 472
247 585
247 724
247 726
247 936
247 1001
247 1013
248 440
248 478
248 563
248 673
248 722
248 841
248 940
248 965
248 979
249 285
249 327
249 354
249 358
249 449
249 482
249 486
249 556
249 587
249 631
249 737
249 800
249 839
249 915
250 316
250 321
250 505
250 572
250 576
250 609
250 638
250 737
250 753
250 819
250 895
250 942
251 266
251 409
251 451
251 473
251 475
251 510
251 563
251 606
251 652
251 658
251 700
251 729
251 851
251 869
251 896
251 943
251 974
251 1001
252 384
252 575
252 651
252 773
252 803
252 824
252 875
252 891
252 894
253 280
253 343
253 346
253 787
253 791
253 819
253 947
253 967
253 968
254 304
254 494
254 566
254 792
254 818
254 880
254 928
254 988
255 376
255 377
255 399
255 446
255 512
255 519
255 572
255 596
255 633
255 654
255 722
255 746
255 799
255 800
255 818
255 819
255 847
255 888
255 925
255 966
255 968
256 342
256 363
256 541
256 542
256 614
256 699
256 775
256 797
256 858
256 993
256 1012
257 325
257 335
257 404
257 495
257 582
257 600
257 770
257 789
257 867
257 878
257 902
257 904
257 1017
258 266
258 273
258 286
258 334
258 354
258 374
258 375
258 378
258 408
258 444
258 513
258 520
258 553
258 558
258 579
258 602
258 648
258 688
258 720
258 730
258 757
258 889
258 929
258 966
259 265
259 362
259 388
259 538
259 570
259 613
259 697
259 796
259 797
259 848
260 272
260 586
260 591
260 676
260 735
260 777
260 890
260 999
260 1013
261 451
261 485
261 569
261 627
261 675
261 720
261 745
261 801
261 841
261 923
261 982
261 999
262 302
262 460
262 468
262 475
262 489
262 500
262 542
262 548
262 581
262 583
262 718
262 783
262 797
262 862
262 934
262 940
262 944
262 972
262 976
262 1005
263 334
263 538
263 591
263 594
263 625
263 727
263 859
263 918
264 469
264 481
264 534
264 535
264 647
264 653
264 721
264 895
265 283
265 320
265 330
265 351
265 362
265 436
265 480
265 489
265 502
265 540
265 582
265 661
265 672
265 682
265 700
265 768
265 812
265 962
265 981
265 986
265 987
266 277
266 379
266 382
266 458
266 546
266 559
266 740
266 785
266 821
266 966
267 271
267 315
267 456
267 517
267 551
267 669
267 835
267 844
267 863
267 875
267 897
268 311
268 384
268 478
268 615
268 719
268 726
268 727
268 769
269 324
269 359
269 376
269 429
269 444
269 532
269 545
269 693
269 699
269 798
269 811
269 974
269 997
270 273
270 283
270 303
270 398
270 401
270 508
270 622
270 747
270 820
270 869
270 913
270 1022
271 322
271 386
271 427
271 433
271 519
271 527
271 586
271 602
271 620
271 669
271 699
271 700
271 797
271 810
271 835
271 841
272 352
272 433
272 471
272 483
272 490
272 495
272 623
272 627
272 677
272 685
272 695
272 696
272 734
272 831
272 872
272 963
273 306
273 363
273 364
273 417
273 449
273 499
273 500
273 507
273 688
273 709
273 741
273 800
273 811
273 880
273 895
273 919
274 322
274 332
274 366
274 386
274 525
274 575
274 718
274 745
274 885
274 934
275 289
275 336
275 432
275 461
275 500
275 539
275 571
275 713
275 731
275 746
275 805
275 937
275 997
276 358
276 447
276 542
276 576
276 602
276 782
276 871
276 889
276 902
276 967
276 970
277 369
277 416
277 420
277 486
277 490
277 511
277 586
277 671
277 716
277 789
277 842
277 858
277 878
277 957
277 999
277 1010
278 382
278 437
278 472
278 526
278 575
278 700
278 719
278 793
278 809
278 875
278 948
278 969
279 281
279 303
279 340
279 442
279 524
279 540
279 544
279 676
279 734
279 792
279 822
279 864
279 887
279 909
279 960
279 975
280 487
280 548
280 589
280 612
280 809
280 854
280 906
280 923
280 1011
281 321
281 354
281 405
281 450
281 527
281 722
281 777
281 821
281 937
281 953
282 425
282 472
282 510
282 518
282 567
282 719
282 744
282 783
282 812
282 913
282 931
282 976
282 1004
283 284
283 340
283 411
283 553
283 746
283 860
283 912
283 1017
284 349
284 409
284 485
284 597
284 686
284 696
284 780
284 824
284 911
284 924
284 954
284 959
285 295
285 340
285 446
285 504
285 512
285 551
285 586
285 635
285 642
285 655
285 675
285 679
285 745
285 772
285 846
285 855
286 366
286 445
286 490
286 567
286 581
286 584
286 784
286 849
286 850
286 945
287 310
287 319
287 395
287 409
287 485
287 543
287 738
287 786
287 790
287 898
287 918
288 301
288 334
288 360
288 473
288 530
288 587
288 600
288 718
288 725
288 767
288 779
288 928
288 1023
289 311
289 356
289 358
289 374
289 386
289 415
289 420
289 442
289 480
289 645
289 862
289 881
289 923
289 953
289 954
289 977
290 466
290 512
290 527
290 607
290 618
290 675
290 699
290 806
290 864
290 985
291 314
291 359
291 492
291 607
291 648
291 651
291 808
291 922
291 939
291 952
291 966
291 984
291 995
292 333
292 396
292 401
292 413
292 425
292 446
292 489
292 688
292 696
292 708
292 723
292 768
292 786
292 842
293 338
293 385
293 392
293 468
293 529
293 629
293 773
293 901
293 907
293 914
293 1005
293 1008
294 300
294 317
294 378
294 429
294 438
294 453
294 471
294 505
294 525
294 527
294 541
294 840
294 891
294 958
295 317
295 378
295 402
295 436
295 449
295 460
295 466
295 497
295 583
295 593
295 729
295 744
295 916
295 921
296 514
296 538
296 560
296 620
296 676
296 927
296 928
296 935
296 995
297 302
297 426
297 543
297 566
297 586
297 627
297 760
297 831
297 849
297 898
297 900
297 987
298 307
298 321
298 359
298 362
298 391
298 417
298 480
298 507
298 536
298 550
298 686
298 726
298 837
298 960
298 1000
299 312
299 322
299 331
299 357
299 379
299 400
299 403
299 464
299 468
299 546
299 549
299 582
299 669
299 713
299 740
299 766
299 789
299 818
299 837
300 315
300 365
300 547
300 579
300 592
300 628
300 685
300 787
300 832
300 856
300 912
300 984
301 360
301 367
301 401
301 408
301 414
301 450
301 517
301 527
301 566
301 578
301 621
301 703
301 745
301 976
301 982
302 351
302 413
302 539
302 591
302 595
302 604
302 624
302 661
302 672
302 872
302 982
302 1022
303 350
303 355
303 527
303 557
303 618
303 650
303 692
303 740
303 760
303 770
303 821
303 890
303 900
303 952
303 958
303 971
303 981
304 408
304 433
304 577
304 768
304 800
304 826
304 912
304 937
304 941
304 976
304 994
305 332
305 381
305 390
305 503
305 571
305 663
305 723
305 774
305 829
305 840
305 853
305 876
305 904
305 925
305 980
306 381
306 444
306 482
306 500
306 616
306 633
306 688
306 780
306 791
306 949
307 312
307 314
307 344
307 390
307 406
307 439
307 482
307 488
307 516
307 527
307 545
307 793
307 922
307 994
308 398
308 432
308 490
308 527
308 555
308 718
308 744
308 811
308 842
308 941
309 399
309 403
309 456
309 528
309 578
309 615
309 650
309 683
309 713
309 758
309 817
309 917
309 958
309 990
310 315
310 441
310 470
310 534
310 612
310 756
310 870
310 898
310 911
310 916
310 954
310 970
311 339
311 346
311 482
311 530
311 559
311 587
311 624
311 669
311 722
311 724
311 771
311 891
311 908
311 1002
311 1005
312 401
312 414
312 422
312 617
312 630
312 641
312 686
312 732
312 771
312 796
313 329
313 406
313 412
313 439
313 473
313 481
313 516
313 555
313 603
313 612
313 646
313 701
313 741
313 848
313 1022
314 343
314 355
314 366
314 378
314 456
314 492
314 502
314 608
314 624
314 658
314 694
314 723
314 758
314 786
314 905
314 918
314 929
314 988
314 1020
315 371
315 427
315 444
315 476
315 512
315 584
315 592
315 603
315 647
315 700
315 715
315 717
315 787
315 856
315 879
315 881
315 985
315 986
315 992
316 384
316 398
316 822
316 863
316 885
316 892
316 962
317 362
317 408
317 423
317 485
317 610
317 641
317 681
317 861
317 865
317 871
317 914
318 342
318 451
318 456
318 533
318 544
318 584
318 655
318 722
318 755
318 768
318 806
318 920
318 1002
319 343
319 351
319 362
319 475
319 535
319 589
319 652
319 656
319 757
319 792
319 853
319 870
319 966
319 1004
320 401
320 414
320 550
320 571
320 605
320 606
320 709
320 814
320 849
320 904
320 937
320 959
321 344
321 357
321 410
321 427
321 437
321 444
321 477
321 488
321 679
321 696
321 698
321 703
321 736
321 753
321 771
321 819
321 824
321 825
321 894
321 933
322 344
322 370
322 418
322 507
322 577
322 578
322 652
322 805
322 876
322 883
322 950
323 566
323 593
323 656
323 672
323 786
323 829
323 890
323 907
323 949
323 990
323 1016
324 345
324 420
324 445
324 550
324 606
324 791
324 801
324 808
324 829
324 997
325 342
325 414
325 448
325 630
325 641
325 696
325 725
325 794
325 885
325 954
326 378
326 452
326 456
326 521
326 609
326 674
326 721
326 912
326 964
326 999
327 359
327 481
327 532
327 537
327 562
327 567
327 630
327 733
327 866
327 964
328 346
328 365
328 419
328 468
328 489
328 573
328 582
328 598
328 630
328 752
328 795
328 966
328 986
329 366
329 407
329 423
329 455
329 549
329 582
329 680
329 754
329 825
329 848
329 905
329 983
330 498
330 503
330 505
330 559
330 673
330 685
330 715
330 737
330 785
330 811
330 828
330 858
331 393
331 473
331 570
331 590
331 666
331 686
331 712
331 713
331 737
331 759
331 770
331 788
331 829
331 831
331 875
331 961
331 1005
331 1006
332 344
332 365
332 478
332 509
332 596
332 635
332 636
332 671
332 710
332 734
332 761
332 820
332 822
332 902
333 460
333 509
333 621
333 635
333 747
333 816
333 824
333 908
333 971
333 1010
334 527
334 529
334 685
334 716
334 765
334 802
334 841
334 926
334 1006
334 1010
335 386
335 391
335 411
335 482
335 487
335 492
335 681
335 796
335 814
335 911
335 920
336 340
336 378
336 419
336 479
336 525
336 548
336 560
336 599
336 607
336 740
336 757
336 762
336 811
336 966
336 982
337 371
337 490
337 588
337 637
337 658
337 677
337 858
337 927
337 950
338 386
338 415
338 460
338 496
338 805
338 810
338 895
339 340
339 410
339 411
339 414
339 494
339 547
339 552
339 567
339 627
339 647
339 674
339 681
339 690
339 697
339 745
339 805
339 832
339 942
339 951
340 428
340 494
340 521
340 670
340 707
340 866
340 878
340 907
340 936
341 349
341 367
341 529
341 584
341 615
341 656
341 663
341 665
341 731
341 773
341 997
342 553
342 556
342 563
342 719
342 768
342 796
342 819
342 882
342 889
342 980
342 1007
343 391
343 396
343 404
343 459
343 515
343 552
343 612
343 619
343 620
343 688
343 715
343 719
343 749
343 871
343 878
343 917
343 932
343 958
344 384
344 450
344 519
344 538
344 565
344 669
344 744
344 770
344 826
344 899
344 937
344 967
345 504
345 514
345 515
345 567
345 655
345 779
345 785
345 788
345 840
345 874
345 1003
346 380
346 401
346 460
346 630
346 634
346 665
346 804
346 941
346 973
346 1008
347 433
347 438
347 474
347 613
347 738
347 778
347 880
347 889
348 399
348 422
348 441
348 479
348 526
348 547
348 589
348 617
348 633
348 700
348 702
348 728
348 796
348 825
348 845
348 953
348 968
348 1020
349 358
349 389
349 533
349 552
349 577
349 595
349 643
349 653
349 757
349 842
349 877
349 918
349 977
350 359
350 370
350 389
350 395
350 413
350 441
350 547
350 562
350 608
350 614
350 634
350 641
350 685
350 696
350 836
350 876
351 354
351 416
351 467
351 501
351 565
351 704
351 831
351 871
351 945
352 415
352 424
352 466
352 494
352 572
352 717
352 763
352 829
352 832
353 475
353 528
353 570
353 592
353 617
353 628
353 681
353 816
353 833
353 862
353 920
353 927
353 941
353 981
353 992
353 997
354 380
354 441
354 450
354 490
354 492
354 523
354 528
354 539
354 556
354 568
354 654
354 769
354 770
354 795
354 884
354 929
354 931
354 964
354 1019
354 1022
355 394
355 468
355 533
355 567
355 665
355 666
355 705
355 733
355 954
356 394
356 486
356 562
356 594
356 732
356 753
356 764
356 853
356 939
357 459
357 470
357 520
357 545
357 672
357 790
357 812
357 895
357 913
357 938
357 939
357 946
358 383
358 561
358 604
358 648
358 651
358 677
358 777
358 793
358 797
358 816
358 880
358 917
359 379
359 457
359 492
359 574
359 635
359 737
359 834
359 880
359 888
359 924
359 1011
360 453
360 489
360 528
360 541
360 553
360 586
360 601
360 717
360 779
360 881
360 884
360 886
360 889
360 893
360 923
360 935
360 995
361 392
361 407
361 421
361 487
361 512
361 529
361 616
361 724
361 781
361 795
361 839
361 846
361 863
361 1013
362 495
362 683
362 755
362 911
362 916
362 1005
362 1014
362 1020
363 421
363 502
363 511
363 567
363 634
363 641
363 728
363 805
363 850
363 854
363 941
363 946
363 963
363 966
363 1020
364 395
364 407
364 463
364 715
364 811
364 824
364 881
364 926
364 927
364 939
364 965
364 1010
365 374
365 403
365 683
365 849
365 866
365 989
365 1015
366 410
366 422
366 477
366 489
366 707
366 798
366 866
366 891
366 894
366 940
367 711
367 835
367 839
367 849
367 895
367 967
367 975
368 383
368 413
368 493
368 636
368 637
368 705
368 769
368 770
368 794
368 853
368 879
368 882
368 917
368 959
368 961
368 983
369 419
369 590
369 681
369 689
369 717
369 720
369 787
369 860
369 943
369 959
369 1013
369 1017
370 420
370 449
370 507
370 537
370 596
370 718
370 870
370 878
370 902
370 930
370 931
370 946
371 471
371 572
371 576
371 607
371 634
371 661
371 692
371 694
371 788
371 793
371 832
371 884
371 889
371 971
371 991
371 995
371 1018
372 420
372 438
372 544
372 546
372 559
372 614
372 616
372 625
372 658
372 673
372 709
372 741
372 811
372 904
373 483
373 509
373 570
373 638
373 678
373 679
373 690
373 722
373 738
373 837
373 890
373 893
373 1000
373 1002
373 1008
374 465
374 519
374 536
374 589
374 686
374 690
374 814
374 878
374 897
374 986
374 1003
375 497
375 521
375 561
375 573
375 697
375 751
375 803
375 818
375 939
376 624
376 634
376 662
376 683
376 747
376 854
376 916
377 381
377 399
377 402
377 447
377 562
377 604
377 622
377 695
377 744
377 813
377 831
377 852
377 909
377 918
377 996
378 420
378 463
378 481
378 619
378 705
378 799
378 809
378 879
379 432
379 476
379 478
379 488
379 525
379 570
379 592
379 614
379 615
379 627
379 681
379 685
379 716
379 735
379 762
379 816
379 864
379 883
379 918
380 442
380 463
380 524
380 534
380 598
380 650
380 701
380 723
380 762
380 998
381 567
381 570
381 679
381 809
381 822
381 859
381 865
381 933
381 983
382 424
382 444
382 462
382 534
382 589
382 730
382 747
382 759
382 794
382 825
382 912
382 946
383 576
383 650
383 745
383 829
383 892
383 981
384 424
384 463
384 470
384 476
384 528
384 596
384 681
384 698
384 741
384 957
384 966
384 978
384 986
384 1012
385 400
385 458
385 517
385 531
385 596
385 768
385 778
385 805
385 821
385 861
385 882
386 474
386 498
386 532
386 564
386 744
386 758
386 777
387 614
387 668
387 672
387 708
387 719
387 950
387 999
388 435
388 487
388 632
388 651
388 707
388 886
388 972
388 991
388 1021
389 406
389 416
389 524
389 573
389 591
389 632
389 831
389 869
390 406
390 414
390 549
390 554
390 556
390 595
390 761
390 776
390 795
390 829
390 842
391 463
391 482
391 631
391 639
391 645
391 765
391 821
391 858
391 887
391 963
391 985
391 1011
392 534
392 620
392 657
392 835
393 472
393 519
393 522
393 551
393 604
393 695
393 782
393 831
393 930
393 980
394 402
394 423
394 458
394 472
394 476
394 518
394 547
394 563
394 640
394 647
394 844
394 877
394 902
394 931
394 943
394 1003
394 1004
394 1008
394 1023
395 419
395 499
395 547
395 596
395 749
395 797
395 876
396 463
396 627
396 746
396 765
396 799
397 409
397 468
397 472
397 477
397 504
397 544
397 622
397 623
397 747
397 767
397 771
397 839
397 850
397 871
397 915
397 933
397 941
397 962
398 428
398 456
398 772
398 842
398 878
398 931
398 996
399 441
399 475
399 494
399 600
399 605
399 649
399 674
399 772
399 815
400 410
400 413
400 423
400 473
400 515
400 521
400 549
400 589
400 624
400 679
400 745
400 861
400 963
401 418
401 522
401 529
401 614
401 632
401 686
401 736
401 745
401 830
401 851
401 961
401 971
401 1018
402 468
402 469
402 534
402 535
402 545
402 601
402 653
402 754
402 781
402 876
402 955
402 976
402 988
402 1019
403 422
403 542
403 556
403 563
403 569
403 681
403 773
403 857
403 930
403 938
403 983
404 461
404 479
404 590
404 593
404 604
404 695
404 718
404 807
404 846
404 866
404 873
404 993
405 426
405 427
405 433
405 542
405 543
405 613
405 643
405 646
405 650
405 652
405 688
405 928
405 1018
406 447
406 565
406 633
406 645
406 671
406 700
406 706
406 707
406 708
406 826
406 951
406 1005
406 1016
407 910
407 912
407 919
407 935
408 489
408 528
408 540
408 561
408 659
408 685
408 699
408 843
408 935
408 941
408 958
409 467
409 492
409 559
409 571
409 656
409 692
409 716
409 761
409 945
409 967
410 467
410 506
410 567
410 699
410 779
410 785
410 815
410 852
410 856
410 890
410 952
411 490
411 583
411 836
411 849
412 508
412 597
412 613
412 624
412 647
412 699
412 729
412 740
412 769
412 786
412 858
412 862
412 869
412 942
412 999
412 1002
412 1020
413 451
413 496
413 512
413 539
413 618
413 624
413 629
413 699
413 720
413 724
413 782
413 832
413 927
413 949
413 993
414 468
414 474
414 475
414 493
414 509
414 560
414 565
414 697
414 742
414 760
414 807
414 818
414 844
414 863
414 891
414 998
415 440
415 456
415 464
415 474
415 482
415 504
415 532
415 709
415 712
415 726
415 972
415 983
415 995
416 426
416 427
416 442
416 491
416 509
416 657
416 672
416 673
416 773
416 794
416 940
416 955
416 988
416 999
416 1005
416 1022
417 471
417 497
417 505
417 530
417 536
417 539
417 549
417 734
417 748
417 840
417 888
417 990
417 995
417 1011
418 420
418 430
418 453
418 498
418 515
418 550
418 671
418 947
418 973
419 650
419 653
419 673
419 705
419 763
419 904
419 959
420 425
420 463
420 497
420 502
420 673
420 683
420 703
420 751
420 794
420 929
420 945
421 449
421 482
421 531
421 570
421 628
421 685
421 749
421 784
421 828
421 836
421 863
421 865
421 959
421 984
421 1001
422 497
422 499
422 513
422 519
422 694
422 845
422 899
422 966
422 968
422 974
422 1009
423 552
423 618
423 639
423 716
423 848
423 942
423 1010
424 440
424 497
424 511
424 525
424 558
424 685
424 772
424 808
424 926
424 1021
425 509
425 515
425 524
425 635
425 666
425 698
425 706
425 713
425 802
425 947
425 967
425 996
426 436
426 592
426 665
426 707
426 709
426 753
426 916
426 980
426 994
426 1011
427 477
427 565
427 646
427 655
427 678
427 716
427 733
427 816
427 909
427 912
428 591
428 650
428 720
428 881
428 905
429 437
429 612
429 648
429 745
429 783
429 852
429 947
429 954
430 522
430 556
430 570
430 580
430 614
430 622
430 852
430 864
430 874
430 895
430 896
430 901
430 969
430 972
430 991
431 444
431 446
431 452
431 515
431 585
431 586
431 600
431 658
431 684
431 796
431 816
431 849
431 861
431 867
431 868
431 990
432 434
432 534
432 586
432 607
432 617
432 730
432 735
432 751
432 808
432 836
432 903
432 934
432 1014
433 438
433 461
433 550
433 554
433 613
433 632
433 685
433 689
433 765
433 826
433 828
433 835
433 922
433 923
433 978
434 474
434 501
434 535
434 553
434 570
434 606
434 610
434 635
434 641
434 740
434 831
434 920
435 447
435 490
435 512
435 531
435 552
435 612
435 669
435 679
435 817
435 844
435 845
435 855
435 957
435 972
436 474
436 521
436 539
436 543
436 580
436 590
436 639
436 640
436 738
436 762
436 817
436 826
436 885
436 934
436 948
436 992
437 488
437 489
437 658
437 669
437 739
437 778
437 811
437 883
437 920
437 932
438 510
438 543
438 579
438 609
438 637
438 657
438 742
438 753
438 759
438 773
438 794
438 812
438 868
438 982
438 1019
439 867
439 882
439 967
440 463
440 494
440 573
440 630
440 731
440 817
440 885
441 460
441 554
441 566
441 661
441 821
441 872
441 956
441 976
441 1018
442 451
442 480
442 688
442 739
442 908
442 960
443 451
443 493
443 495
443 503
443 575
443 621
443 770
443 804
443 842
443 854
443 895
443 967
443 1005
444 453
444 612
444 659
444 677
444 707
444 756
444 820
444 837
444 842
444 850
444 890
444 899
444 933
444 944
444 970
445 446
445 535
445 553
445 621
445 653
445 707
445 747
445 786
445 821
445 833
445 841
445 929
445 1023
446 452
446 468
446 629
446 643
446 885
446 951
446 979
446 993
446 994
446 1003
446 1019
447 580
447 581
447 667
447 694
447 817
448 466
448 471
448 476
448 521
448 621
448 764
448 914
448 938
448 1010
448 1013
449 537
449 608
449 614
449 642
449 720
449 730
449 768
449 803
449 823
449 878
450 593
450 727
450 784
450 806
450 977
451 530
451 569
451 650
451 673
451 720
451 816
451 833
451 863
451 894
451 899
451 961
451 1022
452 517
452 525
452 546
452 547
452 553
452 569
452 614
452 634
452 642
452 693
452 712
452 756
452 763
452 890
452 926
453 483
453 527
453 536
453 567
453 576
453 620
453 647
453 693
453 713
453 742
453 747
453 786
453 898
453 937
454 589
454 729
454 748
454 813
454 835
454 874
454 927
455 502
455 514
455 529
455 555
455 578
455 693
455 861
455 929
455 935
455 990
456 530
456 609
456 618
456 823
456 878
456 895
456 948
456 991
456 1009
457 474
457 593
457 686
457 768
457 774
457 802
457 852
457 868
457 936
457 954
457 985
457 1007
458 565
458 615
458 632
458 733
458 736
458 833
458 910
458 935
458 968
458 991
459 495
459 496
459 508
459 555
459 560
459 573
459 584
459 602
459 629
459 667
459 674
459 677
459 684
459 694
459 701
459 723
459 764
459 872
459 881
460 511
460 644
460 691
460 693
460 715
460 801
460 814
460 856
460 862
460 885
460 942
461 469
461 491
461 492
461 493
461 549
461 558
461 597
461 734
461 772
461 780
461 799
461 884
461 954
462 464
462 491
462 522
462 717
462 791
462 795
462 812
462 835
462 882
462 907
462 1004
463 473
463 489
463 548
463 572
463 592
463 789
463 802
463 831
463 984
463 1003
463 1015
464 477
464 549
464 557
464 558
464 560
464 580
464 696
464 723
464 778
465 501
465 508
465 536
465 554
465 619
465 664
465 699
465 731
465 875
465 890
465 904
465 922
465 930
466 512
466 518
466 584
466 585
466 736
466 748
466 812
466 881
466 973
467 533
467 596
467 635
467 744
467 895
467 904
467 972
468 555
468 570
468 577
468 738
468 739
468 915
468 970
468 1008
469 513
469 531
469 623
469 755
469 773
469 788
469 936
469 1003
469 1014
470 486
470 570
470 586
470 605
470 607
470 674
470 692
470 770
470 794
470 859
470 864
470 873
471 549
471 558
471 586
471 597
471 664
471 813
471 943
471 965
472 611
472 680
472 787
472 802
472 856
472 915
472 921
473 539
473 562
473 572
473 599
473 614
473 642
473 668
473 804
473 817
473 926
473 936
473 954
473 971
473 1004
474 536
474 574
474 582
474 729
474 731
474 755
474 807
474 839
474 849
474 852
474 902
474 925
474 985
474 1015
475 483
475 605
475 606
475 623
475 633
475 726
475 733
475 811
475 817
475 838
475 866
475 909
475 927
475 951
475 967
475 1005
476 562
476 702
476 707
476 712
476 759
476 771
476 829
476 886
476 941
476 1015
477 543
477 567
477 581
477 597
477 606
477 618
477 625
477 654
477 695
477 781
477 838
477 879
478 483
478 561
478 598
478 610
478 672
478 675
478 703
478 786
478 878
478 936
478 968
478 1001
479 610
479 844
479 855
479 901
479 907
480 544
480 576
480 607
480 618
480 677
480 708
480 752
480 786
480 867
480 897
480 937
480 949
480 950
480 991
480 1001
480 1005
481 643
481 648
481 681
481 713
481 726
481 736
481 786
481 873
481 1009
482 577
482 604
482 618
482 622
482 627
482 670
482 708
482 800
482 866
482 875
482 893
482 938
482 959
482 984
483 498
483 534
483 572
483 623
483 734
483 880
483 911
483 951
483 974
484 520
484 621
484 740
484 831
484 880
484 1002
485 641
485 657
485 698
485 713
485 837
485 859
485 881
485 932
485 986
485 990
485 1006
485 1022
486 576
486 617
486 622
486 865
486 867
486 869
486 927
486 973
486 976
486 982
486 987
487 529
487 605
487 616
487 722
487 744
487 782
487 868
487 885
487 906
487 947
487 953
488 512
488 515
488 590
488 637
488 675
488 731
488 760
488 779
488 792
488 847
488 866
488 927
489 522
489 546
489 568
489 697
489 754
489 766
489 795
489 857
489 898
489 910
489 914
489 941
489 1023
490 550
490 809
490 850
490 866
490 903
490 948
490 950
490 963
490 997
491 555
491 622
491 680
491 826
491 842
491 948
491 984
491 1019
492 508
492 517
492 533
492 595
492 640
492 663
492 744
493 511
493 518
493 545
493 605
493 671
493 762
493 891
493 900
493 931
493 935
494 531
494 550
494 618
494 644
494 739
494 759
494 791
494 832
494 876
495 539
495 636
495 667
495 757
495 788
495 811
495 835
495 932
495 954
495 1017
496 503
496 506
496 548
496 691
496 758
496 801
496 819
496 959
496 968
497 513
497 600
497 722
497 926
497 972
498 507
498 567
498 578
498 589
498 827
498 832
498 902
498 942
498 966
499 648
499 696
499 713
499 816
499 855
499 912
499 1015
500 535
500 655
500 657
500 673
500 699
500 748
500 757
500 794
500 848
500 852
500 864
500 892
500 909
501 527
501 678
501 680
501 792
501 810
502 544
502 569
502 587
502 636
502 638
502 660
502 806
502 840
502 886
503 632
503 705
503 756
503 760
503 806
503 854
503 933
504 542
504 736
504 749
504 812
504 850
504 893
504 907
504 999
504 1004
505 552
505 554
505 693
505 769
506 524
506 559
506 651
506 675
506 684
506 829
506 848
506 867
507 513
507 556
507 592
507 681
507 777
507 780
507 788
507 827
507 838
507 908
507 948
508 541
508 596
508 682
508 687
508 691
508 732
508 744
508 995
508 1015
509 523
509 557
509 707
509 708
509 826
509 866
509 914
509 1017
510 512
510 713
510 797
510 934
510 947
510 980
510 1020
511 518
511 537
511 682
511 772
511 896
512 601
512 704
512 775
512 777
512 807
512 834
512 861
512 908
512 911
512 982
513 629
513 630
513 657
513 683
513 769
513 778
513 919
513 930
513 956
513 959
514 595
514 634
514 671
514 755
514 944
515 526
515 608
515 621
515 637
515 642
515 780
515 849
515 892
515 952
516 604
516 613
516 636
516 743
516 749
516 794
516 855
516 928
516 973
516 997
517 524
517 541
517 566
517 620
517 681
517 710
517 742
517 750
517 806
517 812
517 941
517 977
518 539
518 587
518 594
518 646
518 657
518 683
518 714
518 718
518 801
518 814
518 843
518 980
519 634
519 683
519 730
519 870
519 939
519 1008
520 528
520 546
520 636
520 687
520 695
520 706
520 763
520 824
520 960
520 966
521 532
521 557
521 630
521 664
521 740
521 750
521 765
521 793
521 849
521 976
522 534
522 588
522 656
522 671
522 677
522 680
522 717
522 728
522 940
522 982
522 989
522 1011
522 1022
523 524
523 617
523 618
523 657
523 735
523 814
523 833
523 934
523 982
523 994
524 600
524 605
524 641
524 716
524 850
524 893
524 917
524 922
524 990
524 993
525 707
525 775
525 830
525 844
526 682
526 685
526 751
526 755
526 853
526 881
526 1010
527 547
527 550
527 670
527 690
527 741
527 766
527 809
527 825
527 902
528 538
528 580
528 639
528 683
528 796
528 836
528 855
529 619
529 628
529 681
529 776
529 783
529 805
530 579
530 625
530 644
530 988
531 548
531 673
531 746
531 749
531 776
531 869
531 873
531 931
532 593
532 599
532 657
532 661
532 763
532 783
532 945
532 948
533 542
533 582
533 621
533 651
533 825
533 883
533 964
533 978
533 1007
534 568
534 623
534 625
534 638
534 679
534 727
534 993
535 690
535 694
535 820
535 835
535 870
535 878
535 916
535 942
535 943
535 993
536 604
536 656
536 690
536 699
536 898
536 916
536 982
536 991
536 1023
537 595
537 624
537 672
537 781
537 953
537 966
538 552
538 566
538 630
538 640
538 643
538 704
538 713
538 715
538 773
538 833
538 885
538 931
538 943
538 1012
538 1018
539 625
539 707
539 713
539 850
539 931
539 957
540 584
540 634
540 677
540 692
540 800
540 818
540 881
541 591
541 635
541 655
541 657
541 755
541 760
541 770
541 800
541 821
541 851
541 994
542 616
542 662
542 671
542 679
542 681
542 690
542 697
542 819
542 964
542 972
542 984
543 604
543 716
543 735
543 742
543 752
543 775
543 790
543 817
543 848
543 857
543 877
543 890
543 987
544 579
544 707
544 708
544 733
544 810
544 814
544 879
544 944
544 946
544 992
545 558
545 723
545 731
545 747
545 781
545 793
545 809
545 937
545 943
546 560
546 676
546 746
546 822
546 889
546 955
546 985
546 1022
547 564
547 581
547 673
547 678
547 719
547 752
547 765
547 829
547 935
547 985
548 559
548 583
548 586
548 714
548 825
548 979
548 991
549 607
549 646
549 659
549 660
549 724
549 735
549 834
549 853
549 872
549 897
549 921
549 935
549 982
550 646
550 721
550 807
550 845
550 860
550 914
550 986
550 997
551 628
551 633
551 690
551 784
551 797
551 826
551 873
551 879
551 905
551 921
551 957
551 991
551 994
552 741
552 957
553 600
553 618
553 621
553 654
553 669
553 707
553 718
553 746
553 757
553 787
553 837
553 863
553 866
553 911
553 948
554 556
554 606
554 692
554 757
554 759
554 922
554 957
554 972
555 578
555 593
555 811
555 828
555 940
555 964
555 983
555 1013
555 1023
556 601
556 610
556 636
556 656
556 672
556 722
556 808
556 854
556 924
557 646
557 670
557 674
557 696
557 712
557 741
557 866
557 956
557 977
558 570
558 714
558 787
558 805
558 827
558 929
558 945
559 627
559 647
559 773
559 799
559 814
559 816
559 1019
560 603
560 651
560 671
560 718
560 762
560 808
560 854
560 997
561 762
561 770
561 815
561 951
561 978
561 980
562 629
562 678
562 746
562 765
562 944
562 968
563 604
563 668
563 790
563 794
563 857
563 1023
564 611
564 663
564 669
564 818
564 861
564 966
565 589
565 625
565 679
565 811
565 849
565 878
565 885
565 915
565 944
566 667
566 950
566 987
567 635
567 674
567 699
567 745
567 823
567 830
567 898
567 979
567 1021
568 606
568 693
568 694
568 700
568 716
568 777
568 782
568 824
568 842
568 860
568 912
568 933
569 640
569 679
569 764
569 808
569 812
569 972
569 1004
570 694
570 737
570 750
570 771
570 839
570 851
570 876
570 886
570 888
570 893
570 895
570 926
570 981
570 1007
570 1020
571 627
571 650
571 656
571 739
571 778
571 930
571 981
571 994
572 668
572 692
572 699
572 803
572 960
572 979
573 695
573 835
573 904
573 928
573 954
573 980
573 1012
574 613
574 668
575 634
575 655
575 697
575 721
575 728
576 709
576 743
576 762
576 820
576 903
576 965
576 989
577 679
577 737
577 784
577 883
577 906
577 910
577 986
578 604
578 701
578 710
578 728
578 781
578 795
578 811
578 835
578 849
578 963
578 979
579 631
579 640
579 682
579 689
579 707
579 905
579 974
579 990
580 594
580 596
580 644
580 685
580 696
580 703
580 751
580 773
580 785
580 788
580 894
580 926
580 996
581 588
581 669
581 802
581 815
581 838
581 851
581 890
582 641
582 836
582 839
582 890
582 936
583 649
583 807
583 915
583 957
583 992
584 831
584 942
585 638
585 681
585 703
585 813
585 862
585 983
585 1004
586 610
586 619
586 676
586 683
586 758
586 791
586 874
586 900
586 966
587 738
587 789
587 805
587 812
587 915
587 948
587 1003
588 740
588 767
588 836
588 841
588 939
588 1001
589 615
589 630
589 765
589 775
589 817
589 985
589 1005
590 643
590 699
590 737
590 759
590 966
591 617
591 705
591 755
591 875
591 918
591 951
591 980
591 1017
592 766
592 945
592 989
593 596
593 611
593 696
593 701
593 735
593 788
593 820
593 933
593 945
593 959
593 960
593 978
593 1020
594 623
594 790
594 850
594 999
594 1020
595 604
595 668
595 673
595 814
595 834
595 914
595 964
595 983
596 608
596 624
596 638
596 718
596 768
596 860
596 917
597 663
597 717
597 778
597 818
597 944
597 955
598 625
598 666
598 889
598 935
598 959
598 972
598 996
598 998
598 1005
599 641
599 642
599 726
599 819
599 859
599 861
599 890
599 939
599 1000
600 689
600 767
600 787
600 823
600 937
600 941
601 604
601 628
601 674
601 908
601 927
601 964
601 965
601 992
601 1001
602 652
602 714
602 732
602 827
602 876
602 969
602 994
603 651
603 698
603 705
603 825
603 831
603 899
603 906
604 643
604 687
604 717
604 967
604 999
604 1003
605 617
605 636
605 686
605 757
605 761
605 767
605 773
605 888
605 1014
606 776
606 826
606 897
607 624
607 670
607 744
607 785
607 879
607 917
607 921
607 943
607 966
607 975
608 624
608 751
608 759
608 852
608 858
608 893
608 924
608 1007
609 629
609 696
609 793
609 805
609 858
609 865
609 965
610 685
610 700
610 835
610 867
610 886
610 921
610 951
610 996
611 634
611 665
611 724
611 735
611 844
611 849
611 984
612 639
612 708
612 713
612 742
612 788
612 820
612 837
612 966
613 624
613 635
613 702
613 759
613 875
613 958
614 616
614 796
614 855
614 870
614 945
614 946
614 987
615 699
615 700
615 750
615 756
615 835
615 840
615 910
615 977
616 796
617 706
617 760
617 764
617 806
617 810
617 811
617 841
618 640
618 754
618 794
618 809
618 892
618 900
618 906
618 926
619 717
619 722
619 728
619 768
619 778
619 869
619 987
619 1013
620 656
620 778
620 904
620 983
621 655
621 659
621 660
621 760
621 837
621 886
622 762
622 796
622 923
622 975
622 1014
623 788
623 806
623 859
623 866
623 873
623 883
623 926
623 939
623 960
623 976
624 633
624 634
624 687
624 737
624 826
624 966
624 973
624 976
625 632
625 748
625 755
625 789
625 798
625 848
625 943
626 755
626 866
626 984
626 1018
627 815
627 841
627 843
627 859
627 1022
628 647
628 827
628 881
628 935
629 650
629 668
629 691
629 693
629 805
630 742
630 792
630 845
630 961
630 967
630 968
631 683
631 726
631 790
631 819
631 892
631 980
632 638
632 653
632 661
632 718
632 721
632 729
632 778
632 811
632 819
632 878
632 913
632 927
632 956
632 960
632 975
632 977
632 996
632 1007
633 639
633 665
633 694
633 750
633 784
633 831
633 860
633 975
634 679
634 690
634 716
634 866
634 889
634 963
634 976
635 697
635 739
635 828
635 850
635 890
635 918
635 922
635 923
636 702
636 721
636 833
636 866
636 912
636 920
636 933
637 668
637 697
637 712
637 774
637 844
637 905
637 1004
638 649
638 650
638 709
638 715
638 733
638 752
638 796
638 814
638 900
639 645
639 704
639 705
639 778
639 910
639 941
639 970
639 982
639 988
640 671
640 779
640 903
640 942
640 971
640 990
640 997
640 1016
641 717
641 734
641 811
641 921
641 943
641 954
641 963
642 735
642 825
642 879
642 898
642 973
642 991
643 655
643 657
643 793
643 820
643 829
643 864
643 900
643 934
643 1015
644 753
644 756
644 765
644 813
644 835
645 701
645 723
645 833
645 846
645 862
645 955
645 978
645 1015
646 663
646 664
646 738
646 744
646 781
646 790
646 934
646 994
647 673
647 741
647 773
647 821
647 874
647 884
647 933
647 959
647 960
647 973
647 976
647 993
647 1023
648 652
648 701
648 719
648 813
648 862
648 947
648 968
649 669
649 742
649 750
649 761
649 818
649 822
649 846
649 919
649 1013
650 751
650 754
650 761
650 788
650 920
650 925
650 926
650 955
650 1022
651 673
651 730
651 774
651 846
651 854
651 893
651 933
651 980
652 736
652 744
652 766
652 772
652 838
652 840
652 964
653 663
653 667
653 690
653 728
653 882
653 935
654 667
654 675
654 680
654 702
654 705
654 759
654 763
654 770
654 807
654 835
654 892
654 922
654 979
654 993
655 746
655 802
655 845
655 880
655 882
655 888
655 926
655 973
656 677
656 727
656 802
656 805
656 830
656 847
656 895
656 920
656 979
657 813
657 914
657 965
657 989
657 1015
658 706
658 737
658 742
658 780
658 867
658 910
658 947
658 969
658 978
658 1004
659 743
659 866
659 896
659 944
660 676
660 734
660 744
660 771
660 773
660 872
660 974
660 993
660 1020
661 713
661 724
661 851
661 864
661 916
662 825
662 893
662 957
662 958
662 960
663 817
663 853
663 938
663 971
663 978
663 983
664 683
664 758
664 795
664 842
665 705
665 738
665 782
665 837
665 867
666 775
666 796
666 834
666 837
667 705
667 749
667 786
667 907
667 940
668 673
668 820
668 853
668 900
668 948
668 974
668 990
669 672
669 693
669 723
669 768
669 806
669 838
669 986
669 1009
669 1018
670 728
670 813
670 829
670 877
670 913
670 949
670 1002
670 1023
671 702
671 751
671 903
671 925
672 725
672 759
672 781
672 804
672 851
672 991
673 714
673 726
673 728
673 802
673 918
673 1010
673 1012
674 720
674 725
674 798
674 815
674 886
674 911
674 957
675 728
675 823
675 912
675 936
676 689
676 757
676 967
676 995
677 802
677 882
677 931
678 679
678 708
678 775
678 782
678 841
678 900
678 903
679 762
679 774
679 806
679 927
679 984
679 1005
679 1017
679 1019
681 812
681 844
681 924
681 967
681 987
681 1012
682 704
682 721
682 931
682 936
682 965
683 879
683 911
683 966
684 688
684 708
684 730
684 898
684 910
684 934
684 968
685 774
686 754
686 785
686 819
686 825
686 831
686 929
687 709
687 758
687 874
687 882
687 959
687 971
688 860
688 875
688 939
688 955
689 795
689 800
689 807
689 957
689 991
689 1000
689 1002
690 750
690 769
690 833
690 911
690 921
690 987
690 1007
690 1008
691 714
691 718
691 726
691 740
691 769
691 960
692 749
692 769
692 863
692 877
692 907
693 724
693 741
693 793
693 805
693 824
693 993
693 1001
694 709
694 720
694 768
694 796
694 824
694 959
694 978
694 990
694 998
695 734
695 739
695 748
695 845
695 1002
695 1010
695 1016
696 723
696 733
696 905
696 945
696 986
696 1010
697 883
697 947
697 1010
698 752
698 768
698 805
698 864
698 938
699 746
699 765
699 835
699 843
700 786
700 820
700 968
701 765
701 893
701 1018
702 747
702 750
702 759
702 780
702 809
702 811
702 841
702 862
702 921
703 819
703 822
703 826
703 864
703 901
703 914
703 921
704 817
704 819
704 846
704 905
704 919
705 707
705 754
705 791
706 707
706 716
706 842
706 855
706 941
706 952
706 1007
707 773
707 777
707 870
707 942
707 968
708 725
708 755
708 858
708 866
708 871
708 1007
709 830
709 880
709 897
709 990
710 816
711 830
711 849
711 873
711 913
711 919
711 937
711 980
711 1007
712 714
712 825
712 881
712 905
712 1004
713 725
713 779
713 806
714 752
714 776
714 838
714 881
714 1009
715 768
715 777
715 817
715 903
715 984
716 816
716 843
716 899
717 803
717 836
717 852
717 884
717 885
717 934
717 971
717 976
718 746
718 759
718 788
718 884
718 886
718 904
719 736
719 851
719 923
719 1012
720 766
720 820
720 870
720 948
720 1021
721 802
721 1008
721 1010
722 814
722 819
722 910
722 943
723 737
723 803
723 834
723 836
723 845
723 895
724 756
724 852
724 971
724 994
724 1005
724 1017
725 776
725 803
725 820
725 839
725 892
725 960
725 973
726 766
726 894
726 944
726 957
727 743
727 828
727 841
727 953
728 738
728 784
728 875
728 881
728 908
728 956
729 830
729 909
729 1019
730 862
730 896
730 1018
731 868
731 929
731 958
731 982
732 845
732 853
732 865
732 871
732 885
732 1019
733 738
733 773
733 978
734 786
734 798
734 863
734 871
734 902
734 918
734 994
734 1022
735 759
735 761
735 770
735 848
735 932
735 941
736 797
736 803
736 838
736 890
736 897
736 931
736 956
736 966
736 986
737 772
737 797
737 798
737 810
737 970
737 976
738 817
738 869
738 877
738 879
738 903
738 952
738 1013
738 1021
739 767
739 797
739 808
739 865
739 910
739 1001
740 752
740 778
740 788
740 809
740 860
740 979
741 761
741 776
741 798
741 849
741 894
741 969
741 986
741 1012
741 1016
742 758
742 794
742 823
742 947
742 1005
742 1021
743 860
743 958
743 971
743 977
743 985
744 765
744 1014
745 762
745 862
746 800
746 840
746 861
746 895
746 951
746 1002
747 801
748 763
748 858
748 863
748 879
748 888
748 963
748 982
749 797
749 809
749 930
749 956
750 765
750 789
750 842
750 852
750 907
750 953
750 997
751 818
751 849
751 882
751 951
751 958
751 991
752 803
752 814
752 856
752 876
752 880
753 766
753 858
753 868
753 918
753 952
754 794
754 813
754 972
754 991
755 857
755 904
755 921
755 945
755 973
756 843
756 902
756 914
756 942
756 946
756 956
756 962
756 989
756 1005
757 805
757 821
757 874
757 898
757 989
757 1020
758 809
758 924
758 991
759 861
759 864
759 904
759 931
760 771
760 802
760 830
760 946
760 959
760 987
761 768
761 817
762 770
762 791
762 825
762 904
762 959
763 829
763 847
763 909
763 931
763 1020
764 880
764 955
764 1004
765 783
765 957
765 963
765 996
766 832
766 846
766 853
766 856
766 956
766 993
767 779
767 808
767 913
767 938
767 1011
767 1017
768 779
768 813
768 831
768 863
768 1011
769 808
769 829
769 873
770 788
770 804
770 957
770 976
770 1007
771 785
771 786
772 834
773 797
773 903
773 948
773 1006
773 1022
774 977
775 832
775 986
775 1023
776 910
776 952
776 984
777 787
777 799
777 852
777 868
777 969
778 791
778 851
778 903
778 986
779 842
779 900
779 903
779 947
780 783
780 866
780 881
780 904
780 954
780 1004
781 862
781 866
781 870
781 952
781 1002
782 788
782 824
782 907
782 928
782 969
782 982
782 996
783 845
783 897
783 924
783 971
784 866
784 943
784 968
784 1021
785 909
785 912
785 926
786 957
786 992
787 788
787 802
787 888
787 970
788 794
789 798
789 804
790 808
790 813
790 878
790 954
790 1010
791 829
791 860
791 872
791 885
791 946
791 949
791 977
791 978
791 1001
792 852
792 868
792 892
793 810
793 889
793 900
793 910
794 999
795 801
795 806
795 883
795 1003
796 821
796 852
796 893
796 997
796 1017
797 872
797 875
797 935
798 804
798 814
798 905
798 922
798 952
798 989
799 815
799 831
799 873
799 888
799 948
799 950
800 840
800 852
800 871
800 978
801 816
801 906
801 1020
802 877
802 915
802 916
802 976
802 1002
803 820
803 920
803 926
803 1003
804 828
804 869
804 906
805 905
805 948
806 807
806 884
806 904
806 916
806 963
807 825
807 849
807 864
807 901
807 914
807 926
807 999
807 1010
808 816
808 856
808 861
808 884
808 979
809 828
809 893
809 985
810 832
810 837
810 853
810 863
810 875
810 935
810 958
810 980
811 826
811 898
811 977
812 821
812 964
813 848
813 946
813 947
813 956
814 909
815 832
815 883
815 995
815 1009
816 841
816 854
816 894
816 943
816 948
816 1001
817 857
817 892
817 916
817 930
817 968
817 973
817 1011
818 922
819 938
819 955
819 989
820 822
820 1016
821 859
822 838
822 886
823 870
823 902
823 925
823 928
823 929
823 941
824 862
824 871
825 908
825 922
825 1016
826 890
826 939
826 947
826 983
827 892
827 904
827 908
827 944
827 966
827 997
827 1002
828 831
828 1004
829 940
829 1011
830 1009
831 888
831 954
832 935
832 973
832 1022
833 854
833 857
833 867
833 875
833 889
833 945
833 950
833 1023
834 866
834 937
834 969
834 994
835 870
835 964
835 995
836 879
836 887
836 964
837 910
837 932
837 1020
838 1023
839 854
839 898
840 842
840 893
840 1004
841 848
841 883
841 887
841 911
841 949
841 1015
842 881
843 871
843 895
843 974
843 989
844 873
844 887
844 917
844 922
844 924
844 1020
845 958
845 986
845 1015
846 904
846 941
846 970
846 1004
847 918
847 925
847 984
848 881
849 926
849 970
849 1007
850 896
851 863
851 912
851 992
852 870
852 875
852 968
853 864
853 949
854 864
854 887
854 955
855 868
855 874
855 916
855 939
855 999
856 864
856 868
856 886
856 951
856 986
856 987
856 1003
856 1016
857 896
857 900
857 931
857 945
858 897
858 941
858 980
859 936
860 915
860 930
860 1021
861 886
861 897
861 930
861 935
862 967
862 1017
863 945
863 988
863 1020
864 894
864 897
864 905
864 920
864 1010
865 874
865 936
865 945
867 886
867 912
868 911
868 916
868 969
869 875
869 898
869 940
869 967
870 931
870 970
870 973
871 921
871 958
871 972
871 986
871 994
871 1003
872 919
872 965
873 930
873 966
874 889
874 962
875 956
875 1007
876 879
876 906
877 936
877 944
877 986
877 989
878 898
878 904
879 930
879 945
879 964
880 948
880 969
880 993
880 1010
880 1023
881 953
881 997
882 969
883 927
883 980
884 888
884 911
884 989
885 970
885 999
885 1014
886 942
886 962
887 962
887 971
887 1013
887 1023
888 903
888 947
888 1017
889 918
889 984
890 897
890 899
890 934
891 927
891 948
891 992
891 1005
892 909
892 926
892 968
892 1007
893 989
893 998
894 931
894 1002
894 1016
895 953
895 964
895 993
895 1006
896 912
896 989
896 995
897 949
897 958
898 986
898 991
899 902
900 936
900 951
901 905
902 950
902 996
902 1006
903 926
903 940
903 944
903 952
903 1023
906 909
906 971
906 981
906 1012
906 1020
907 960
907 980
907 994
907 1004
908 926
908 983
908 1017
909 984
910 944
914 921
915 916
915 954
916 936
916 960
916 991
917 948
917 985
918 962
919 929
919 1010
921 996
921 1006
922 931
922 989
922 1023
923 1021
924 929
924 937
924 947
924 964
925 986
926 975
927 969
927 983
927 1012
928 969
930 1019
931 953
932 970
932 1009
932 1011
933 943
933 989
933 998
934 940
934 942
935 1001
936 1000
936 1016
940 992
940 993
940 1018
941 958
943 1010
944 985
947 987
950 983
951 964
951 971
951 978
951 983
952 956
952 969
952 987
953 961
954 1017
956 957
956 964
957 1016
958 960
959 1001
959 1008
960 993
963 972
964 1010
965 995
968 970
968 1017
969 975
970 990
971 991
971 1004
971 1010
972 990
972 999
972 1005
974 1012
975 1009
976 997
976 1018
978 993
979 1020
980 987
981 1011
983 985
983 1017
984 986
985 1012
987 993
988 1003
988 1009
990 1004
994 1015
998 1008
1000 1009
1001 1002
1007 1015
1007 1020
1013 1021
1014 1022
