0 27
0 37
0 110
0 144
0 171
0 173
0 177
0 188
0 191
0 210
0 277
0 301
0 378
0 409
0 415
0 419
0 476
0 501
0 503
1 9
1 10
1 16
1 26
1 36
1 65
1 166
1 187
1 396
1 398
1 404
1 429
1 453
1 488
2 7
2 39
2 138
2 172
2 181
2 259
2 262
2 380
2 401
2 420
3 27
3 189
3 207
3 224
3 314
3 318
3 367
3 371
3 377
3 472
3 475
3 501
4 48
4 74
4 75
4 111
4 134
4 160
4 183
4 224
4 261
4 269
4 349
4 475
5 9
5 47
5 67
5 85
5 86
5 93
5 98
5 116
5 176
5 183
5 206
5 286
5 300
5 303
5 352
5 390
6 136
6 144
6 233
6 295
6 332
6 349
6 352
6 353
6 367
6 372
6 426
6 429
6 462
7 62
7 70
7 78
7 87
7 169
7 307
7 328
7 331
7 341
7 431
8 45
8 61
8 121
8 222
8 250
8 298
8 299
8 325
8 328
8 367
9 14
9 17
9 73
9 132
9 166
9 184
9 186
9 270
9 275
9 300
9 362
9 370
9 387
9 403
9 485
10 27
10 85
10 137
10 168
10 180
10 184
10 190
10 217
10 221
10 244
10 245
10 263
10 265
10 281
10 314
10 315
10 360
10 431
10 497
10 502
10 507
11 41
11 43
11 121
11 143
11 230
11 278
11 300
11 304
11 354
11 362
11 363
11 379
11 435
11 450
11 510
12 20
12 129
12 168
12 185
12 217
12 228
12 306
12 309
12 344
12 393
12 485
13 52
13 69
13 81
13 84
13 97
13 120
13 140
13 154
13 201
13 301
13 331
13 361
13 427
13 455
13 457
13 469
13 472
14 49
14 161
14 186
14 208
14 257
14 325
14 335
14 384
14 387
14 394
14 400
14 410
14 463
14 466
15 110
15 138
15 245
15 286
15 301
15 339
15 353
15 355
15 389
15 422
15 434
15 471
15 487
16 53
16 55
16 61
16 73
16 99
16 163
16 186
16 277
16 293
16 351
16 380
16 423
16 509
17 34
17 74
17 152
17 279
17 290
17 304
17 395
17 443
17 462
17 481
17 490
17 491
17 497
18 43
18 44
18 60
18 78
18 96
18 97
18 167
18 176
18 179
18 180
18 191
18 281
18 297
18 302
18 309
18 328
18 329
18 380
18 482
19 30
19 198
19 208
19 211
19 235
19 249
19 251
19 280
19 330
19 374
19 413
19 494
19 498
20 101
20 202
20 211
20 232
20 239
20 249
20 355
20 443
20 482
20 499
21 26
21 31
21 107
21 172
21 221
21 250
21 282
21 297
21 324
21 359
21 390
21 404
21 433
21 491
22 24
22 39
22 57
22 83
22 136
22 141
22 214
22 413
22 427
22 446
22 501
22 508
23 40
23 75
23 103
23 104
23 210
23 222
23 234
23 263
23 311
23 315
23 337
23 354
23 389
23 421
23 434
23 466
24 56
24 70
24 128
24 161
24 174
24 222
24 253
24 325
24 393
24 425
24 483
25 32
25 83
25 85
25 127
25 132
25 161
25 203
25 243
25 261
25 263
25 289
25 297
25 311
25 313
25 334
25 368
25 371
25 378
25 408
25 426
25 461
25 482
25 499
26 53
26 64
26 83
26 85
26 95
26 112
26 155
26 178
26 210
26 221
26 270
26 293
26 336
26 342
26 347
26 372
26 399
26 432
26 459
26 476
27 29
27 56
27 137
27 171
27 174
27 175
27 182
27 245
27 248
27 254
27 316
27 377
27 409
27 501
28 32
28 79
28 80
28 86
28 100
28 145
28 216
28 220
28 234
28 281
28 417
28 436
28 481
28 484
29 44
29 49
29 102
29 163
29 191
29 230
29 232
29 252
29 269
29 422
29 449
29 473
30 82
30 122
30 146
30 183
30 238
30 261
30 285
30 311
30 369
30 389
30 391
30 409
30 469
30 510
31 41
31 42
31 79
31 100
31 124
31 132
31 134
31 155
31 245
31 284
31 314
31 389
31 435
31 438
32 36
32 51
32 101
32 144
32 195
32 228
32 233
32 304
32 322
32 344
32 345
32 359
32 370
32 375
32 394
32 459
32 464
33 93
33 104
33 122
33 149
33 226
33 240
33 356
33 365
33 413
33 448
33 477
34 110
34 134
34 302
34 322
34 360
34 372
34 392
34 415
34 437
34 499
34 507
34 511
35 86
35 89
35 118
35 147
35 205
35 274
35 415
35 440
35 476
36 78
36 88
36 121
36 204
36 262
36 282
36 362
36 366
36 392
36 476
36 479
36 483
37 38
37 77
37 115
37 126
37 199
37 268
37 280
37 290
37 310
37 314
37 379
37 393
37 421
37 428
37 430
37 457
37 458
37 467
37 481
37 499
38 66
38 68
38 72
38 114
38 149
38 166
38 183
38 188
38 209
38 263
38 270
38 284
38 308
38 346
38 395
38 405
38 435
38 441
38 461
38 471
38 475
38 476
38 511
39 62
39 90
39 123
39 163
39 189
39 190
39 249
39 280
39 325
39 362
39 405
39 407
39 441
39 456
39 475
39 499
40 85
40 120
40 199
40 224
40 295
40 298
40 333
40 349
40 362
40 435
40 502
41 145
41 148
41 170
41 234
41 237
41 242
41 250
41 310
41 347
41 378
41 419
41 454
42 61
42 83
42 141
42 153
42 166
42 167
42 193
42 253
42 285
42 309
42 313
42 344
42 416
43 58
43 62
43 148
43 221
43 237
43 238
43 242
43 246
43 281
43 289
43 292
43 296
43 310
43 339
43 341
43 350
43 427
43 467
43 477
43 490
44 50
44 63
44 147
44 166
44 171
44 205
44 218
44 243
44 250
44 300
44 341
44 382
44 411
44 448
44 472
44 482
45 113
45 121
45 127
45 139
45 141
45 167
45 209
45 226
45 286
45 321
45 358
45 415
45 421
46 102
46 117
46 142
46 150
46 153
46 159
46 165
46 167
46 234
46 244
46 288
46 316
46 326
46 358
46 457
46 464
46 487
46 509
47 51
47 79
47 87
47 88
47 118
47 150
47 156
47 181
47 236
47 241
47 254
47 255
47 291
47 358
47 370
47 391
47 448
48 52
48 174
48 203
48 330
48 347
48 358
48 381
48 400
48 417
48 465
48 502
48 510
49 83
49 94
49 156
49 193
49 266
49 267
49 309
49 331
49 344
49 468
49 510
50 70
50 107
50 110
50 122
50 163
50 172
50 196
50 217
50 240
50 415
50 492
51 103
51 114
51 148
51 167
51 230
51 234
51 309
51 310
51 328
51 338
51 383
51 407
51 422
51 454
52 67
52 124
52 152
52 176
52 194
52 232
52 283
52 284
52 340
52 344
52 499
53 109
53 126
53 186
53 200
53 243
53 371
53 406
53 407
53 445
53 456
53 459
53 470
53 476
53 490
54 59
54 162
54 196
54 252
54 308
54 341
54 370
54 382
54 430
54 484
54 485
54 509
55 60
55 67
55 73
55 159
55 186
55 255
55 271
55 385
55 392
55 462
56 97
56 134
56 170
56 183
56 202
56 206
56 213
56 243
56 270
56 383
56 394
56 460
56 467
56 471
57 76
57 183
57 185
57 193
57 207
57 281
57 294
57 341
57 349
57 381
57 419
57 427
57 454
57 468
57 497
58 60
58 95
58 166
58 186
58 196
58 199
58 222
58 286
58 332
58 339
59 73
59 138
59 161
59 284
59 341
59 357
59 377
59 382
59 404
59 434
59 468
59 480
59 497
60 63
60 76
60 186
60 198
60 203
60 221
60 255
60 269
60 272
60 295
60 358
60 381
60 382
60 423
60 425
60 443
60 472
60 475
60 478
60 501
60 505
60 510
61 100
61 127
61 168
61 288
61 292
61 340
61 356
61 370
61 389
61 408
61 453
61 500
62 69
62 85
62 184
62 255
62 287
62 325
62 361
62 398
62 408
62 412
62 426
62 450
62 472
63 102
63 163
63 190
63 200
63 221
63 234
63 255
63 262
63 410
63 448
63 476
63 498
63 507
64 104
64 137
64 151
64 254
64 302
64 368
64 399
64 442
64 469
65 126
65 132
65 135
65 144
65 277
65 341
65 380
65 401
65 432
65 463
65 464
65 490
66 74
66 78
66 110
66 196
66 212
66 246
66 280
66 315
66 322
66 360
66 368
66 405
66 435
67 125
67 146
67 202
67 223
67 252
67 268
67 280
67 359
67 500
68 154
68 157
68 226
68 230
68 246
68 251
68 257
68 358
68 374
68 445
68 483
69 73
69 139
69 208
69 220
69 238
69 298
69 305
69 317
69 326
69 339
69 354
69 388
69 390
69 408
69 473
69 506
70 75
70 99
70 123
70 162
70 224
70 231
70 245
70 290
70 297
70 323
70 354
70 477
70 478
71 76
71 111
71 148
71 156
71 183
71 186
71 267
71 268
71 287
71 332
71 392
71 422
72 106
72 123
72 131
72 154
72 187
72 191
72 198
72 219
72 223
72 245
72 262
72 288
72 308
72 394
72 407
72 467
72 484
73 94
73 108
73 119
73 142
73 161
73 167
73 194
73 216
73 304
73 367
73 416
73 496
74 121
74 174
74 189
74 210
74 225
74 259
74 270
74 312
74 324
74 358
74 453
74 455
74 469
74 498
75 123
75 131
75 137
75 221
75 231
75 299
75 330
75 354
75 421
75 497
76 81
76 84
76 213
76 229
76 329
76 360
76 403
76 428
76 472
76 487
76 494
76 496
77 80
77 125
77 142
77 165
77 286
77 360
77 388
77 419
77 445
77 481
77 484
77 507
78 88
78 167
78 214
78 231
78 280
78 318
78 343
78 350
78 395
78 458
78 469
78 472
78 475
78 496
78 499
78 509
79 194
79 217
79 239
79 283
79 284
79 293
79 302
79 324
79 333
79 383
79 401
79 418
79 424
79 431
79 483
79 506
80 132
80 139
80 171
80 200
80 203
80 206
80 237
80 264
80 275
80 276
80 284
80 413
80 443
80 497
80 507
81 126
81 182
81 218
81 249
81 292
81 301
81 340
81 361
81 377
81 443
81 506
82 186
82 224
82 309
82 317
82 400
82 425
82 455
82 458
82 485
83 107
83 187
83 214
83 257
83 258
83 343
83 373
83 415
83 496
84 117
84 129
84 223
84 224
84 248
84 252
84 262
84 306
84 481
84 488
84 494
84 497
85 136
85 142
85 146
85 148
85 162
85 180
85 251
85 262
85 294
85 366
85 392
85 403
85 470
85 495
86 114
86 135
86 154
86 161
86 186
86 242
86 274
86 363
86 455
86 471
86 499
87 132
87 188
87 208
87 251
87 257
87 415
87 447
87 468
87 494
88 203
88 204
88 273
88 291
88 297
88 319
88 371
88 380
88 391
88 403
88 438
88 456
88 469
88 494
89 155
89 190
89 247
89 266
89 301
89 415
89 444
89 471
89 487
89 494
90 169
90 179
90 180
90 201
90 209
90 214
90 269
90 331
90 345
90 428
90 493
90 501
91 147
91 148
91 220
91 230
91 353
91 375
91 463
92 109
92 152
92 250
92 282
92 309
92 330
92 340
92 344
92 374
92 388
92 402
92 419
92 481
93 202
93 236
93 497
94 106
94 118
94 135
94 163
94 171
94 210
94 265
94 273
94 283
94 295
94 297
94 326
94 346
94 467
94 497
95 143
95 193
95 200
95 226
95 241
95 281
95 288
95 333
95 363
95 396
95 431
95 453
96 116
96 126
96 136
96 168
96 176
96 307
96 316
96 328
96 454
96 458
97 136
97 150
97 170
97 217
97 218
97 227
97 229
97 249
97 320
97 338
97 414
97 440
97 477
98 113
98 155
98 161
98 164
98 244
98 278
98 295
98 345
98 366
98 370
98 412
98 422
98 423
98 447
98 449
98 468
98 495
99 109
99 169
99 212
99 229
99 355
99 374
99 387
99 424
99 479
99 480
99 481
100 146
100 178
100 288
100 293
100 294
100 295
100 326
100 359
100 373
100 402
100 403
100 428
100 440
100 501
101 134
101 176
101 225
101 246
101 250
101 299
101 303
101 325
101 358
101 392
101 412
101 472
101 488
102 137
102 224
102 234
102 238
102 311
102 329
102 331
102 458
102 466
103 126
103 164
103 223
103 240
103 273
103 287
103 345
103 355
103 479
104 112
104 115
104 179
104 199
104 217
104 229
104 242
104 290
104 304
104 336
104 402
104 418
104 444
104 469
104 496
105 119
105 141
105 152
105 163
105 221
105 274
105 282
105 311
105 321
105 337
105 347
105 397
105 414
105 423
105 455
105 468
106 128
106 143
106 335
106 384
106 389
106 404
106 417
106 442
106 452
106 493
107 125
107 148
107 159
107 179
107 185
107 198
107 220
107 305
107 360
107 403
107 416
107 426
107 463
108 195
108 201
108 209
108 290
108 345
108 347
108 349
108 368
108 407
108 463
108 469
109 114
109 128
109 148
109 170
109 263
109 269
109 304
109 312
109 337
109 465
109 471
109 485
109 489
110 124
110 157
110 295
110 390
110 407
110 414
110 454
110 506
111 175
111 193
111 243
111 295
111 301
111 329
111 435
111 488
111 505
112 115
112 189
112 202
112 221
112 255
112 355
112 384
112 387
112 388
112 407
112 478
113 168
113 190
113 197
113 209
113 235
113 258
113 268
113 273
113 299
113 333
113 350
113 415
113 426
113 431
113 470
113 481
113 494
113 507
114 128
114 170
114 184
114 197
114 244
114 288
114 336
114 347
114 403
114 428
115 150
115 152
115 161
115 171
115 216
115 323
115 411
115 498
116 161
116 170
116 177
116 209
116 237
116 401
116 410
116 492
117 136
117 141
117 176
117 195
117 198
117 226
117 237
117 285
117 299
117 312
117 317
117 402
117 403
117 419
117 442
117 505
117 510
118 126
118 173
118 184
118 243
118 266
118 269
118 281
118 358
118 360
118 362
118 391
118 392
118 405
118 458
118 477
119 142
119 165
119 171
119 174
119 191
119 194
119 195
119 228
119 341
119 418
120 121
120 167
120 169
120 191
120 287
120 344
120 354
120 366
120 387
120 390
120 428
120 469
120 470
121 146
121 153
121 154
121 192
121 205
121 229
121 275
121 320
121 346
121 349
121 373
121 419
121 470
121 507
122 151
122 184
122 200
122 352
122 396
122 398
122 401
122 412
122 430
122 435
122 473
122 483
123 152
123 157
123 180
123 191
123 242
123 288
123 375
123 384
123 393
123 403
123 425
123 446
124 162
124 178
124 205
124 283
124 314
124 351
124 377
124 498
124 504
125 130
125 133
125 139
125 179
125 182
125 248
125 262
125 304
125 307
125 318
125 326
125 351
125 367
125 397
125 407
125 419
125 478
125 480
125 504
125 506
126 132
126 209
126 278
126 281
126 381
126 392
126 395
126 450
126 468
127 134
127 238
127 242
127 297
127 330
127 331
127 355
127 364
127 371
127 380
127 386
127 387
127 423
127 428
127 449
128 142
128 185
128 244
128 302
128 328
128 343
128 396
128 424
128 465
128 466
128 473
128 488
128 501
129 160
129 199
129 274
129 402
129 421
129 459
130 149
130 167
130 216
130 300
130 302
130 427
130 443
130 505
130 506
130 507
130 509
131 197
131 207
131 304
131 364
131 386
131 422
132 172
132 245
132 259
132 347
132 356
132 372
132 388
132 428
132 435
132 450
132 461
133 138
133 186
133 206
133 244
133 303
133 308
133 398
133 414
133 418
133 430
133 455
133 466
134 164
134 171
134 192
134 194
134 206
134 315
134 346
134 373
134 389
134 416
134 442
134 481
135 159
135 163
135 172
135 196
135 248
135 336
135 358
135 402
135 478
136 151
136 158
136 180
136 212
136 214
136 235
136 243
136 304
136 326
136 327
136 351
137 163
137 211
137 213
137 221
137 228
137 243
137 296
137 411
137 436
137 439
137 455
138 145
138 149
138 163
138 173
138 220
138 223
138 231
138 266
138 305
138 315
138 326
138 388
138 393
138 414
138 455
139 148
139 170
139 193
139 251
139 255
139 279
139 288
139 358
139 393
139 404
139 405
139 483
140 227
140 246
140 270
140 274
140 291
140 293
140 295
140 307
140 312
140 323
140 344
140 353
140 389
140 437
140 477
141 189
141 194
141 220
141 231
141 232
141 237
141 244
141 255
141 373
141 383
141 403
141 449
141 461
141 483
141 509
142 175
142 186
142 223
142 272
142 351
142 368
142 372
142 414
142 487
143 173
143 187
143 195
143 241
143 248
143 320
143 324
143 347
143 379
143 383
143 389
143 403
143 467
144 187
144 208
144 227
144 349
144 387
144 448
144 453
145 154
145 191
145 221
145 245
145 309
145 388
145 401
145 405
145 433
146 219
146 293
146 296
146 423
146 440
146 441
146 493
146 509
147 150
147 244
147 248
147 312
147 327
147 341
147 347
147 374
147 385
147 409
148 152
148 177
148 243
148 267
148 269
148 335
148 345
148 356
148 360
148 495
149 166
149 204
149 214
149 215
149 279
149 374
149 400
149 422
149 428
149 431
149 496
150 173
150 175
150 272
150 294
150 319
150 334
150 414
150 463
150 491
151 168
151 196
151 261
151 301
151 312
151 315
151 375
151 404
151 436
151 456
151 458
151 473
151 491
152 158
152 171
152 176
152 273
152 285
152 354
152 362
152 469
152 473
153 276
153 310
153 332
153 333
153 376
153 420
153 461
153 483
153 490
154 172
154 307
154 331
154 339
154 432
154 448
154 495
155 186
155 348
155 390
155 447
155 457
155 458
155 467
155 493
156 171
156 176
156 185
156 202
156 260
156 268
156 316
156 380
156 428
156 477
156 495
156 497
157 184
157 272
157 277
157 290
157 291
157 346
157 378
157 413
157 442
157 459
158 201
158 251
158 259
158 305
158 311
158 321
158 373
158 405
158 429
158 433
158 443
158 496
158 501
158 510
159 161
159 170
159 176
159 182
159 203
159 222
159 230
159 273
159 320
159 350
159 371
159 480
160 164
160 181
160 245
160 340
160 470
160 493
161 220
161 223
161 241
161 418
161 430
161 438
161 465
162 281
162 288
162 312
162 327
162 336
162 385
162 450
162 494
162 505
163 200
163 210
163 267
163 337
163 378
163 411
163 421
163 441
163 453
163 489
164 184
164 268
164 300
164 320
164 373
164 379
164 406
164 473
164 495
164 497
164 501
165 205
165 207
165 210
165 228
165 259
165 265
165 321
165 345
165 363
165 470
165 494
166 191
166 194
166 212
166 230
166 241
166 258
166 310
166 377
166 394
166 483
166 499
167 216
167 265
167 274
167 291
167 301
167 357
167 422
167 424
167 425
167 449
167 488
167 493
167 497
167 508
168 208
168 213
168 224
168 244
168 291
168 361
168 390
168 423
168 427
168 439
168 448
168 502
168 505
168 509
169 328
169 344
169 358
169 378
169 412
169 437
169 489
170 183
170 277
170 309
170 357
170 383
170 384
170 468
171 236
171 295
171 329
171 365
171 431
171 441
171 469
171 478
171 481
171 486
171 497
171 509
171 510
172 204
172 232
172 251
172 296
172 304
172 310
172 337
172 396
172 501
173 184
173 200
173 248
173 281
173 287
173 288
173 329
173 474
174 231
174 239
174 261
174 372
174 439
174 475
174 500
175 185
175 272
175 284
175 340
175 347
175 361
175 375
175 384
175 426
175 457
175 486
176 207
176 277
176 320
176 334
176 384
176 451
176 454
176 469
177 219
177 221
177 251
177 336
177 422
178 186
178 197
178 314
178 317
178 353
178 429
178 441
179 336
179 366
179 368
179 426
179 449
180 195
180 237
180 243
180 293
180 310
180 343
180 375
180 405
180 423
180 429
180 474
180 497
181 184
181 224
181 233
181 234
181 235
181 248
181 280
181 369
181 384
181 412
181 422
181 507
182 229
182 235
182 263
182 428
183 222
183 281
183 300
183 309
183 343
183 364
183 438
183 446
183 493
183 500
184 187
184 213
184 233
184 244
184 298
184 308
184 322
184 327
184 334
184 391
184 445
185 238
185 240
185 256
185 260
185 263
185 325
185 362
185 416
185 445
185 456
185 467
185 502
186 235
186 330
186 351
186 355
186 364
186 468
187 227
187 236
187 273
187 285
187 328
187 351
187 359
187 392
187 433
187 484
188 255
188 303
188 309
188 315
188 343
188 383
188 386
188 435
188 500
189 351
189 389
189 438
189 439
189 446
190 219
190 316
190 336
190 369
190 416
190 426
190 473
191 260
191 335
191 360
191 425
191 477
191 481
191 483
191 490
191 501
192 226
192 257
192 345
192 356
192 420
192 431
192 465
192 471
192 500
193 212
193 277
193 298
193 305
193 317
193 321
193 328
193 356
193 390
193 393
193 493
194 203
194 205
194 207
194 228
194 327
194 346
194 357
194 391
194 403
194 431
194 450
194 461
194 480
194 486
194 496
195 198
195 215
195 419
195 431
196 264
196 295
196 411
196 419
197 257
197 265
197 347
197 500
198 231
198 251
198 295
198 301
198 320
198 338
198 371
198 382
198 389
198 429
198 434
198 443
198 451
198 455
198 474
198 484
199 226
199 227
199 239
199 266
199 283
199 310
199 337
199 403
200 289
200 308
200 333
200 373
200 473
200 475
200 480
200 499
201 203
201 223
201 294
201 333
201 335
201 337
201 375
201 388
201 399
201 471
201 496
202 208
202 246
202 267
202 309
202 321
202 338
202 410
203 232
203 250
203 282
203 288
203 350
203 360
203 389
203 449
203 471
203 495
203 502
204 210
204 229
204 237
204 244
204 416
204 428
204 457
204 485
205 252
205 291
205 299
205 361
205 380
205 391
205 472
206 209
206 302
206 316
206 417
207 218
207 308
207 381
207 420
207 455
207 462
207 492
207 496
207 503
208 253
208 280
208 349
208 360
208 382
208 396
209 241
209 316
209 337
209 346
209 374
209 457
209 472
210 286
210 360
210 385
210 442
210 471
210 482
211 237
211 273
211 289
211 295
211 381
211 409
211 452
211 475
211 497
211 499
212 252
212 291
212 294
212 311
212 334
212 358
212 443
212 458
212 489
213 215
213 239
213 242
213 246
213 260
213 278
213 297
213 405
213 451
213 478
214 266
214 281
214 329
214 336
214 415
214 418
214 431
215 235
215 264
215 313
215 324
215 333
215 342
215 347
215 419
215 433
215 444
215 460
215 496
216 233
216 240
216 255
216 291
216 308
216 358
216 375
216 431
216 464
217 225
217 232
217 276
217 292
217 353
217 370
217 384
217 400
217 403
217 426
217 487
218 225
218 299
218 438
219 256
219 317
219 318
219 328
219 352
219 377
219 388
219 389
219 402
219 410
219 453
219 462
219 466
220 315
220 319
220 344
220 349
220 366
220 483
220 485
221 227
221 321
221 349
221 366
221 400
221 456
221 487
222 241
222 252
222 300
222 322
222 358
222 379
222 426
222 438
222 456
222 459
223 246
223 251
223 436
224 226
224 242
224 363
224 401
224 407
224 487
224 491
225 312
225 369
225 441
225 456
226 245
226 246
226 268
226 312
226 385
226 418
226 426
226 448
226 477
226 489
227 245
227 253
227 286
227 342
227 357
227 363
227 394
227 395
228 301
228 346
228 350
228 362
228 403
228 437
228 458
228 473
228 497
229 281
229 307
229 381
229 415
229 478
229 492
230 259
230 267
230 444
230 458
230 469
230 475
230 507
231 243
231 316
231 328
231 347
231 413
231 487
231 494
231 507
232 247
232 292
232 294
232 318
232 371
232 378
232 382
232 409
232 436
232 502
233 260
233 405
233 505
234 237
234 278
234 343
234 400
234 429
234 493
234 495
235 261
235 287
235 304
235 308
235 312
235 350
235 401
236 316
236 342
236 364
236 373
236 389
236 482
237 265
237 304
237 338
237 344
237 368
237 397
237 408
237 451
238 246
238 284
238 324
238 329
238 344
238 360
238 367
238 391
238 398
238 495
238 509
239 269
239 290
239 352
239 401
239 439
239 479
240 246
240 307
240 314
240 346
240 347
240 349
240 367
240 394
240 435
240 488
241 272
241 275
241 284
241 289
241 291
241 312
241 364
241 441
241 483
242 244
242 253
242 258
242 290
242 301
242 307
242 331
242 333
242 352
242 359
242 367
242 378
242 379
242 400
242 431
242 487
242 496
243 251
243 293
243 305
243 361
243 413
243 432
244 259
244 330
244 342
244 363
244 382
244 440
245 249
245 342
245 367
245 369
245 402
245 458
245 510
246 272
246 300
246 359
246 391
246 435
246 437
246 493
247 308
247 335
247 367
247 436
247 451
247 476
248 273
248 387
248 419
248 423
248 435
248 466
249 267
249 359
249 379
249 381
249 416
249 485
249 492
250 268
250 302
250 308
250 312
250 375
250 495
251 255
251 270
251 374
251 398
251 459
251 464
251 485
252 268
252 306
252 325
252 342
252 370
252 384
252 395
252 422
252 456
252 482
252 485
253 255
253 277
253 407
253 424
253 470
253 487
254 255
254 274
254 283
254 286
254 315
254 373
254 408
254 473
254 497
254 506
255 331
255 355
255 421
255 457
255 488
255 500
255 502
256 260
256 294
256 299
256 414
256 432
256 435
256 450
257 271
257 279
257 282
257 285
257 286
257 299
257 334
257 417
258 333
258 370
258 387
258 440
258 455
258 473
258 493
258 502
259 297
259 321
259 357
259 423
259 431
259 432
259 484
259 506
259 508
259 509
260 303
260 307
260 332
260 336
260 370
260 421
260 460
260 464
261 284
261 309
261 311
261 393
261 400
261 411
261 475
262 272
262 279
262 398
262 510
263 335
263 485
264 269
264 291
264 297
264 342
264 344
264 361
264 367
264 481
265 331
265 356
265 361
265 463
265 484
266 474
266 511
267 333
267 372
267 373
267 378
267 381
268 279
268 282
268 307
268 323
268 333
268 356
268 469
268 495
269 289
269 312
269 371
269 379
269 389
269 405
269 410
269 412
269 465
269 494
270 282
270 287
270 308
270 324
270 328
270 369
270 396
270 438
270 469
270 477
271 338
271 339
271 374
271 467
272 288
272 311
272 336
272 394
272 509
273 296
273 329
273 440
273 476
273 489
273 499
274 277
274 321
274 323
274 334
274 339
274 378
274 381
274 392
274 401
274 485
275 293
275 338
275 363
275 463
275 469
275 472
275 502
276 280
276 307
276 339
276 346
276 357
276 379
276 381
276 412
276 418
276 422
276 427
277 278
277 396
277 414
277 421
277 425
277 434
277 454
278 291
278 305
278 327
278 334
278 363
278 371
278 404
278 405
278 413
278 509
279 366
279 384
279 401
279 402
279 413
279 416
279 463
279 507
280 283
280 291
280 311
280 336
280 401
280 403
280 480
280 483
280 501
281 284
281 298
281 301
281 333
281 392
281 399
281 421
281 436
282 287
282 335
282 435
283 314
283 316
283 338
283 373
283 438
284 305
284 322
284 354
284 358
284 366
284 408
284 422
284 424
284 443
285 322
285 428
285 461
285 489
286 300
286 359
286 379
286 407
286 424
286 441
286 496
287 333
287 384
287 392
287 421
287 439
287 447
287 468
287 493
288 295
288 330
288 388
288 406
288 431
288 450
288 511
289 303
289 308
289 394
289 404
289 441
290 313
290 340
290 350
290 400
290 408
290 413
290 430
290 449
291 340
291 454
291 494
291 506
292 353
292 373
292 393
293 327
293 398
293 414
293 456
293 459
294 296
294 361
294 383
294 402
294 451
294 500
294 511
295 296
295 306
295 315
295 323
295 375
295 413
295 416
295 450
295 474
295 492
295 502
296 316
296 323
296 329
296 499
297 318
297 328
297 343
297 365
297 410
297 421
297 441
297 451
297 483
298 321
298 332
298 362
298 391
298 405
298 416
298 456
298 479
298 494
298 508
299 362
299 469
299 490
300 357
300 410
300 485
301 308
301 316
301 379
301 387
301 397
301 410
301 457
302 309
302 313
302 353
302 434
302 459
302 461
302 504
302 505
303 316
303 318
303 325
303 380
303 429
303 445
303 499
304 324
304 339
304 344
304 480
305 327
305 355
305 511
306 316
306 361
307 324
307 338
307 364
307 388
308 340
308 368
308 382
308 441
308 445
308 488
309 398
309 471
310 334
310 380
310 393
310 428
310 456
310 468
310 476
311 333
311 340
311 397
311 438
311 448
311 510
312 325
312 341
312 366
312 416
312 419
312 457
312 458
312 476
312 511
313 403
313 441
313 442
313 461
313 467
313 507
314 427
314 438
314 447
315 329
315 333
315 395
315 398
315 408
315 440
315 485
315 497
316 326
316 361
316 462
317 320
317 350
317 362
317 404
317 484
318 347
318 380
318 398
318 410
318 462
319 327
319 397
319 421
319 439
319 471
320 351
320 369
320 376
320 392
320 427
320 483
320 496
320 502
321 330
321 347
321 466
321 468
322 350
322 406
322 465
323 338
323 371
323 380
323 502
324 336
324 407
324 440
324 487
324 502
324 505
325 433
325 473
325 484
326 332
326 379
326 381
326 435
327 376
327 385
327 405
327 424
327 428
327 443
327 445
327 470
327 480
327 496
328 385
328 447
329 346
329 393
329 410
329 446
329 463
329 488
330 377
330 378
330 388
330 401
330 490
331 362
331 364
331 417
331 423
331 444
331 506
332 430
333 356
333 390
333 421
333 423
333 476
334 350
334 442
334 487
334 504
335 411
337 342
337 385
337 404
337 449
337 491
337 502
338 385
338 386
338 409
338 425
338 494
338 509
339 354
339 357
339 418
339 431
339 438
339 457
339 468
339 475
339 498
340 342
340 351
340 404
340 465
340 491
340 502
341 349
341 377
341 394
341 400
341 422
341 442
341 473
341 487
342 423
342 472
342 478
343 367
343 399
343 417
343 430
343 479
343 500
344 347
344 348
344 377
344 414
344 481
345 388
345 414
345 416
345 417
345 418
345 479
345 494
346 422
346 431
346 432
346 463
346 477
347 400
347 486
347 489
347 490
348 368
348 407
348 411
348 422
348 435
348 479
349 382
349 412
349 414
349 426
349 502
350 410
350 436
350 507
351 360
351 406
351 497
351 500
352 418
352 470
352 482
352 483
353 354
353 395
353 441
353 448
353 465
353 479
353 492
353 507
353 510
354 397
354 404
354 465
354 483
355 380
355 408
356 387
356 447
358 370
358 459
358 475
359 375
359 455
359 469
359 483
360 380
360 446
360 452
360 468
360 493
361 405
361 448
361 460
361 499
362 367
362 376
362 447
363 391
363 404
363 407
363 451
363 454
363 481
363 496
364 416
364 427
364 461
364 497
365 385
365 442
365 444
365 464
365 472
365 506
366 450
366 459
367 396
368 420
368 444
368 449
368 505
369 392
369 444
370 375
370 379
370 484
371 424
371 440
371 464
372 412
372 453
372 461
373 378
373 413
373 438
374 393
374 411
374 421
374 476
374 477
374 496
375 399
376 394
376 482
377 387
377 488
377 505
378 396
378 510
379 393
379 505
379 508
379 509
380 384
380 452
380 473
381 416
381 461
381 472
382 436
382 493
383 418
383 419
383 459
384 397
384 425
384 500
385 410
385 420
386 400
386 443
386 490
387 415
387 449
387 461
388 389
388 448
388 453
388 454
389 478
389 493
390 404
390 409
390 444
391 404
391 430
392 403
392 405
392 408
392 506
393 471
393 485
393 508
394 437
394 451
394 481
394 498
395 404
395 420
395 435
395 436
395 454
396 455
396 463
397 410
397 424
397 427
397 432
397 480
398 463
398 481
399 428
399 431
399 438
399 441
400 498
400 508
401 429
401 473
401 482
402 431
402 455
402 473
402 496
403 406
403 433
403 454
403 473
404 439
404 454
405 478
406 430
406 436
406 469
406 483
406 510
407 425
408 427
408 430
408 474
408 496
408 499
409 422
409 480
409 511
410 421
410 478
410 511
411 436
411 451
411 508
412 436
412 445
413 420
413 453
413 505
415 473
415 480
415 491
416 437
416 442
417 439
417 444
417 490
418 422
418 429
418 445
418 508
419 470
420 436
420 455
422 442
422 451
422 466
422 503
422 508
423 441
423 448
423 487
424 435
424 442
424 457
425 467
425 488
426 446
426 449
426 469
426 497
428 459
428 487
428 510
429 438
429 466
431 449
431 478
432 451
432 498
432 508
433 456
433 467
434 447
434 471
434 494
435 443
435 453
435 466
435 491
436 502
437 445
437 452
438 468
439 446
439 462
439 465
440 465
441 471
441 489
442 476
442 479
442 491
444 511
446 469
446 473
446 498
447 452
448 454
448 461
452 460
452 493
453 471
453 483
453 509
454 470
454 492
454 502
454 503
455 466
455 480
455 501
456 460
456 506
457 458
459 500
460 462
460 484
461 487
463 507
464 467
464 476
464 495
464 505
466 469
466 497
467 488
468 472
468 508
469 493
469 504
470 479
471 484
471 489
472 489
475 478
475 495
475 507
476 498
476 502
479 490
479 498
479 503
480 487
480 509
481 498
485 504
489 492
492 498
492 510
493 504
493 505
496 501
496 504
500 504
501 503
501 508
509 511
