0 10
0 11
0 12
0 13
0 15
0 20
0 21
0 23
0 25
0 33
0 42
0 50
0 57
0 60
0 62
0 67
0 68
0 73
0 80
0 82
0 86
0 87
0 93
0 107
0 108
0 120
0 124
0 142
0 153
0 182
0 185
0 193
0 203
0 221
0 237
0 264
0 296
0 308
0 345
0 354
0 374
0 375
0 376
0 384
0 389
0 400
0 401
0 411
0 453
0 456
0 464
0 472
0 495
1 9
1 10
1 11
1 16
1 18
1 19
1 21
1 27
1 32
1 35
1 36
1 39
1 41
1 42
1 44
1 46
1 48
1 54
1 65
1 88
1 105
1 129
1 135
1 160
1 188
1 202
1 204
1 207
1 227
1 233
1 242
1 248
1 277
1 282
1 283
1 303
1 308
1 310
1 318
1 320
1 357
1 358
1 379
1 399
1 433
1 474
1 488
1 494
1 502
2 9
2 11
2 12
2 16
2 19
2 23
2 24
2 87
2 91
2 98
2 106
2 108
2 109
2 119
2 140
2 155
2 212
2 272
2 314
2 322
2 348
2 424
3 9
3 10
3 11
3 12
3 13
3 14
3 16
3 18
3 20
3 21
3 22
3 23
3 35
3 37
3 38
3 42
3 46
3 52
3 55
3 58
3 68
3 81
3 89
3 100
3 108
3 111
3 122
3 127
3 128
3 129
3 133
3 149
3 156
3 159
3 205
3 207
3 222
3 234
3 247
3 254
3 256
3 283
3 284
3 317
3 345
3 359
3 375
3 399
3 406
3 412
3 418
3 431
3 442
3 447
3 475
3 510
4 9
4 10
4 12
4 13
4 16
4 34
4 35
4 82
4 88
4 140
4 143
4 152
4 159
4 176
4 181
4 192
4 208
4 236
4 249
4 301
4 307
4 326
4 380
4 428
4 434
4 479
5 9
5 10
5 11
5 12
5 13
5 14
5 15
5 16
5 20
5 29
5 30
5 31
5 33
5 43
5 50
5 51
5 54
5 57
5 59
5 69
5 107
5 134
5 137
5 138
5 150
5 167
5 172
5 177
5 201
5 203
5 206
5 210
5 236
5 243
5 273
5 315
5 316
5 323
5 324
5 325
5 333
5 340
5 364
5 365
5 392
5 398
5 402
5 410
5 427
5 435
5 487
5 506
6 9
6 10
6 11
6 13
6 15
6 17
6 18
6 20
6 21
6 23
6 24
6 28
6 31
6 32
6 34
6 39
6 51
6 52
6 53
6 54
6 55
6 56
6 59
6 62
6 69
6 70
6 101
6 104
6 110
6 113
6 123
6 130
6 132
6 137
6 148
6 156
6 168
6 178
6 185
6 189
6 196
6 202
6 204
6 216
6 218
6 220
6 232
6 234
6 247
6 263
6 266
6 285
6 298
6 329
6 349
6 367
6 411
6 442
6 449
6 460
6 489
6 493
7 9
7 10
7 12
7 17
7 31
7 70
7 75
7 88
7 110
7 122
7 152
7 162
7 299
7 441
7 508
8 9
8 10
8 14
8 15
8 16
8 18
8 21
8 22
8 25
8 28
8 29
8 30
8 33
8 34
8 36
8 39
8 49
8 57
8 63
8 67
8 68
8 76
8 77
8 81
8 87
8 92
8 96
8 97
8 110
8 120
8 123
8 135
8 136
8 169
8 174
8 178
8 179
8 194
8 212
8 215
8 220
8 225
8 232
8 240
8 245
8 249
8 250
8 275
8 276
8 285
8 306
8 343
8 360
8 372
8 387
8 397
8 399
8 413
8 420
8 439
8 442
8 453
8 456
8 458
8 476
8 480
9 10
9 11
9 12
9 13
9 14
9 15
9 17
9 18
9 19
9 21
9 24
9 27
9 31
9 32
9 33
9 37
9 38
9 43
9 44
9 45
9 47
9 50
9 54
9 58
9 60
9 61
9 63
9 67
9 69
9 72
9 74
9 77
9 80
9 98
9 108
9 118
9 119
9 121
9 124
9 136
9 142
9 151
9 155
9 162
9 164
9 172
9 187
9 192
9 193
9 201
9 208
9 210
9 216
9 221
9 232
9 234
9 240
9 270
9 272
9 273
9 282
9 295
9 297
9 300
9 303
9 324
9 337
9 339
9 348
9 364
9 368
9 391
9 403
9 411
9 415
9 428
9 437
9 455
9 466
9 469
9 473
9 493
9 496
9 497
9 502
9 506
9 511
10 11
10 12
10 13
10 14
10 16
10 17
10 18
10 20
10 23
10 26
10 27
10 29
10 31
10 34
10 35
10 37
10 39
10 42
10 43
10 45
10 47
10 55
10 58
10 59
10 62
10 67
10 71
10 74
10 75
10 79
10 83
10 85
10 92
10 94
10 98
10 114
10 117
10 118
10 125
10 134
10 139
10 147
10 150
10 152
10 162
10 170
10 185
10 187
10 189
10 191
10 203
10 211
10 225
10 232
10 234
10 249
10 256
10 264
10 279
10 281
10 286
10 287
10 297
10 300
10 308
10 311
10 329
10 332
10 334
10 361
10 365
10 377
10 385
10 387
10 401
10 409
10 411
10 426
10 438
10 453
10 456
10 473
10 484
10 492
10 503
11 12
11 13
11 14
11 15
11 17
11 21
11 23
11 26
11 28
11 32
11 35
11 41
11 42
11 45
11 48
11 50
11 68
11 74
11 77
11 83
11 89
11 114
11 117
11 130
11 131
11 132
11 133
11 147
11 151
11 153
11 170
11 179
11 197
11 208
11 229
11 237
11 238
11 263
11 266
11 270
11 272
11 280
11 283
11 300
11 302
11 305
11 310
11 317
11 324
11 334
11 337
11 350
11 362
11 364
11 370
11 376
11 390
11 394
11 415
11 417
11 421
11 423
11 445
11 489
12 13
12 14
12 15
12 17
12 19
12 22
12 24
12 28
12 29
12 30
12 32
12 33
12 35
12 40
12 42
12 49
12 52
12 55
12 58
12 60
12 64
12 65
12 69
12 73
12 77
12 84
12 90
12 99
12 106
12 109
12 112
12 118
12 142
12 146
12 151
12 152
12 154
12 162
12 164
12 165
12 185
12 206
12 207
12 214
12 219
12 220
12 246
12 291
12 295
12 298
12 323
12 328
12 330
12 336
12 341
12 344
12 367
12 379
12 384
12 405
12 416
12 431
12 432
12 452
12 453
12 458
12 497
12 500
12 508
13 14
13 15
13 18
13 19
13 20
13 21
13 22
13 23
13 25
13 26
13 29
13 36
13 38
13 40
13 41
13 42
13 45
13 47
13 50
13 52
13 53
13 59
13 61
13 63
13 64
13 65
13 68
13 70
13 72
13 78
13 79
13 81
13 82
13 88
13 92
13 96
13 99
13 108
13 115
13 116
13 126
13 129
13 130
13 132
13 138
13 141
13 145
13 147
13 155
13 158
13 166
13 168
13 169
13 176
13 179
13 182
13 193
13 194
13 195
13 208
13 212
13 216
13 217
13 226
13 227
13 234
13 236
13 238
13 241
13 243
13 246
13 257
13 266
13 274
13 275
13 279
13 284
13 287
13 300
13 301
13 303
13 307
13 312
13 320
13 338
13 359
13 360
13 361
13 362
13 373
13 374
13 376
13 377
13 390
13 395
13 402
13 422
13 426
13 430
13 431
13 435
13 439
13 445
13 446
13 450
13 451
13 459
13 461
13 465
13 468
13 505
13 507
14 15
14 18
14 19
14 25
14 26
14 31
14 33
14 37
14 44
14 45
14 48
14 51
14 54
14 55
14 56
14 57
14 59
14 60
14 71
14 72
14 74
14 75
14 87
14 89
14 116
14 118
14 126
14 127
14 141
14 143
14 147
14 159
14 177
14 182
14 195
14 197
14 208
14 210
14 214
14 218
14 224
14 226
14 242
14 255
14 260
14 269
14 273
14 279
14 280
14 289
14 291
14 292
14 294
14 310
14 319
14 327
14 344
14 363
14 419
14 422
14 464
14 486
14 505
15 17
15 19
15 26
15 28
15 33
15 40
15 45
15 47
15 49
15 54
15 61
15 64
15 80
15 91
15 92
15 96
15 118
15 124
15 125
15 126
15 128
15 130
15 135
15 141
15 142
15 143
15 150
15 151
15 181
15 191
15 204
15 206
15 209
15 211
15 234
15 235
15 240
15 243
15 246
15 259
15 285
15 287
15 291
15 303
15 313
15 317
15 343
15 344
15 352
15 372
15 377
15 378
15 423
15 444
15 450
15 468
15 502
15 505
15 508
15 510
15 511
16 19
16 20
16 26
16 28
16 29
16 30
16 41
16 44
16 47
16 67
16 70
16 76
16 79
16 82
16 87
16 97
16 121
16 122
16 139
16 146
16 150
16 156
16 175
16 176
16 177
16 182
16 185
16 186
16 191
16 192
16 194
16 239
16 240
16 249
16 253
16 271
16 295
16 333
16 344
16 346
16 378
16 402
16 412
16 455
16 468
16 483
16 488
17 18
17 20
17 22
17 23
17 25
17 29
17 30
17 32
17 37
17 40
17 46
17 48
17 50
17 53
17 56
17 57
17 58
17 61
17 66
17 67
17 80
17 82
17 83
17 86
17 88
17 100
17 101
17 105
17 107
17 115
17 118
17 119
17 125
17 126
17 136
17 160
17 170
17 171
17 173
17 179
17 180
17 187
17 188
17 189
17 190
17 195
17 209
17 224
17 231
17 240
17 253
17 257
17 260
17 271
17 275
17 293
17 301
17 306
17 323
17 333
17 351
17 371
17 379
17 380
17 385
17 403
17 405
17 417
17 429
17 432
17 440
17 441
17 450
17 462
17 463
17 468
17 481
17 494
18 19
18 28
18 32
18 41
18 65
18 66
18 76
18 101
18 116
18 125
18 127
18 133
18 163
18 170
18 171
18 178
18 202
18 213
18 239
18 249
18 253
18 265
18 280
18 287
18 296
18 298
18 307
18 309
18 327
18 341
18 393
18 427
18 452
18 460
18 467
19 20
19 22
19 24
19 30
19 34
19 44
19 48
19 49
19 50
19 54
19 59
19 71
19 86
19 93
19 95
19 113
19 145
19 153
19 165
19 212
19 222
19 233
19 293
19 365
19 421
19 442
19 492
19 495
19 497
19 499
20 21
20 24
20 25
20 27
20 32
20 36
20 39
20 47
20 49
20 65
20 74
20 83
20 85
20 86
20 98
20 100
20 106
20 128
20 149
20 172
20 192
20 215
20 218
20 353
20 383
20 384
20 413
20 423
20 446
20 454
20 492
21 22
21 35
21 38
21 40
21 53
21 66
21 67
21 73
21 96
21 101
21 105
21 187
21 220
21 223
21 230
21 277
21 292
21 296
21 382
21 387
22 26
22 28
22 30
22 36
22 38
22 41
22 44
22 47
22 86
22 90
22 93
22 98
22 99
22 117
22 122
22 150
22 166
22 183
22 184
22 222
22 230
22 245
22 255
22 263
22 268
22 309
22 335
22 354
22 411
22 447
22 452
22 466
22 493
22 505
23 24
23 31
23 34
23 38
23 55
23 58
23 65
23 69
23 72
23 75
23 79
23 93
23 99
23 102
23 109
23 123
23 127
23 136
23 144
23 164
23 165
23 170
23 176
23 183
23 187
23 188
23 199
23 201
23 214
23 249
23 265
23 273
23 291
23 294
23 318
23 327
23 375
23 388
23 390
23 396
23 427
23 436
23 440
23 476
23 485
23 494
24 25
24 26
24 27
24 30
24 33
24 35
24 37
24 40
24 41
24 42
24 53
24 82
24 91
24 101
24 103
24 121
24 131
24 134
24 137
24 147
24 159
24 176
24 187
24 190
24 191
24 204
24 210
24 216
24 219
24 233
24 240
24 241
24 248
24 250
24 267
24 281
24 287
24 297
24 298
24 312
24 313
24 326
24 340
24 342
24 344
24 358
24 366
24 368
24 377
24 404
24 428
24 472
24 477
24 482
24 494
24 508
25 28
25 29
25 37
25 46
25 50
25 56
25 63
25 66
25 81
25 92
25 106
25 110
25 201
25 212
25 220
25 237
25 249
25 329
25 342
25 351
25 387
25 407
25 501
25 509
26 27
26 38
26 47
26 49
26 51
26 53
26 55
26 63
26 74
26 77
26 85
26 112
26 115
26 134
26 145
26 148
26 165
26 183
26 201
26 228
26 232
26 238
26 242
26 263
26 305
26 332
26 360
26 364
26 371
26 374
26 391
26 408
26 410
26 437
26 439
26 448
26 466
26 469
26 484
26 510
27 31
27 39
27 62
27 64
27 93
27 111
27 114
27 139
27 153
27 155
27 157
27 164
27 194
27 403
27 436
27 461
27 486
28 29
28 39
28 46
28 57
28 63
28 89
28 91
28 94
28 95
28 100
28 104
28 112
28 129
28 134
28 143
28 146
28 154
28 155
28 181
28 189
28 238
28 249
28 262
28 269
28 284
28 294
28 311
28 325
28 334
28 365
28 393
28 395
28 402
28 465
28 468
28 507
29 34
29 36
29 39
29 51
29 53
29 84
29 86
29 89
29 124
29 167
29 170
29 186
29 192
29 206
29 209
29 221
29 255
29 318
29 351
29 376
29 380
29 385
29 401
29 441
29 443
29 448
29 473
29 481
30 45
30 55
30 60
30 61
30 68
30 81
30 98
30 102
30 115
30 128
30 133
30 135
30 138
30 153
30 156
30 168
30 191
30 193
30 264
30 278
30 286
30 294
30 300
30 358
30 402
30 410
30 430
30 468
30 495
31 40
31 60
31 81
31 97
31 107
31 149
31 172
31 204
31 210
31 224
31 257
31 259
31 275
31 330
31 435
31 436
31 445
31 453
31 480
32 33
32 35
32 40
32 44
32 45
32 54
32 62
32 65
32 73
32 83
32 92
32 101
32 120
32 122
32 148
32 160
32 163
32 164
32 182
32 190
32 197
32 205
32 249
32 368
32 380
32 382
32 387
32 418
32 436
32 460
32 500
32 510
33 43
33 49
33 51
33 66
33 71
33 78
33 88
33 105
33 109
33 125
33 153
33 166
33 191
33 192
33 211
33 214
33 236
33 261
33 263
33 350
33 362
33 387
34 58
34 73
34 85
34 87
34 99
34 112
34 122
34 181
34 197
34 205
34 218
34 229
34 275
34 303
34 316
34 335
34 338
34 360
34 372
34 414
35 56
35 117
35 146
35 152
35 154
35 175
35 200
35 251
35 254
35 280
35 292
35 303
35 304
35 328
35 351
35 384
35 391
35 421
36 43
36 56
36 62
36 70
36 72
36 74
36 75
36 83
36 103
36 121
36 126
36 159
36 171
36 180
36 187
36 241
36 251
36 345
36 413
36 438
36 441
36 483
36 509
37 41
37 44
37 46
37 52
37 80
37 113
37 156
37 174
37 175
37 214
37 221
37 234
37 239
37 246
37 267
37 271
37 320
37 356
37 393
37 404
37 469
37 492
38 48
38 49
38 61
38 71
38 74
38 75
38 76
38 79
38 82
38 83
38 85
38 86
38 87
38 93
38 95
38 96
38 98
38 99
38 102
38 118
38 153
38 157
38 160
38 175
38 182
38 201
38 219
38 224
38 251
38 288
38 298
38 301
38 311
38 327
38 342
38 354
38 378
38 391
38 400
38 482
38 484
38 499
39 49
39 53
39 73
39 75
39 113
39 116
39 130
39 186
39 193
39 203
39 276
39 295
39 336
39 349
39 351
39 409
39 485
39 505
40 45
40 79
40 94
40 110
40 113
40 116
40 131
40 145
40 172
40 185
40 186
40 250
40 297
40 362
40 372
40 375
40 402
40 430
40 449
40 463
40 473
40 475
40 481
41 52
41 58
41 61
41 73
41 84
41 86
41 89
41 92
41 94
41 95
41 96
41 116
41 133
41 158
41 197
41 198
41 209
41 221
41 226
41 262
41 289
41 312
41 332
41 338
41 358
41 364
41 373
41 381
41 427
41 431
41 434
41 439
41 447
41 461
41 490
41 508
42 43
42 51
42 73
42 84
42 85
42 103
42 117
42 119
42 140
42 141
42 153
42 188
42 200
42 238
42 243
42 266
42 284
42 373
42 390
42 399
42 473
42 478
42 496
43 53
43 61
43 62
43 68
43 90
43 110
43 111
43 112
43 116
43 117
43 133
43 135
43 136
43 172
43 174
43 185
43 225
43 266
43 268
43 326
43 342
43 356
43 358
43 398
43 399
43 413
43 464
43 466
43 498
43 505
44 51
44 57
44 60
44 63
44 64
44 72
44 79
44 85
44 93
44 104
44 118
44 120
44 126
44 144
44 154
44 167
44 188
44 201
44 207
44 216
44 228
44 239
44 246
44 251
44 252
44 253
44 259
44 260
44 264
44 282
44 308
44 313
44 317
44 335
44 346
44 392
44 401
44 415
44 435
44 504
45 46
45 48
45 64
45 89
45 97
45 124
45 175
45 183
45 194
45 258
45 269
45 273
45 304
45 412
46 58
46 203
46 252
46 270
46 316
46 319
46 324
46 333
46 336
46 370
46 383
46 397
46 448
47 52
47 73
47 76
47 103
47 105
47 139
47 140
47 141
47 171
47 178
47 195
47 226
47 227
47 256
47 277
47 313
47 321
47 329
47 331
47 339
47 369
47 371
47 424
47 449
48 57
48 59
48 69
48 70
48 93
48 96
48 105
48 108
48 114
48 117
48 129
48 132
48 137
48 138
48 141
48 155
48 170
48 189
48 195
48 272
48 289
48 291
48 321
48 367
48 369
48 373
48 376
48 390
48 397
48 471
48 476
49 52
49 91
49 96
49 144
49 244
49 255
49 269
49 331
49 345
49 347
49 392
50 55
50 69
50 114
50 151
50 162
50 165
50 174
50 194
50 222
50 236
50 252
50 316
50 319
50 423
50 468
50 502
51 69
51 74
51 106
51 110
51 111
51 122
51 131
51 173
51 184
51 198
51 229
51 231
51 245
51 271
51 325
51 327
51 362
51 373
51 389
51 424
51 470
52 56
52 60
52 68
52 90
52 94
52 100
52 133
52 162
52 165
52 202
52 228
52 260
52 272
52 274
52 309
52 310
52 334
52 337
52 370
52 386
52 394
52 420
52 422
52 455
52 484
52 506
53 59
53 71
53 89
53 93
53 98
53 114
53 115
53 131
53 166
53 173
53 178
53 180
53 184
53 198
53 208
53 209
53 215
53 216
53 220
53 233
53 257
53 279
53 289
53 347
53 371
53 374
53 375
53 387
54 59
54 65
54 75
54 90
54 161
54 174
54 187
54 197
54 215
54 310
54 319
54 322
54 325
54 414
55 68
55 78
55 80
55 85
55 95
55 100
55 117
55 119
55 124
55 147
55 150
55 157
55 168
55 181
55 196
55 225
55 232
55 244
55 251
55 317
55 330
55 349
55 497
56 61
56 72
56 78
56 107
56 151
56 159
56 195
56 218
56 264
56 294
56 299
56 311
56 333
56 370
56 378
56 425
56 477
56 478
56 486
57 94
57 109
57 177
57 179
57 242
57 262
57 295
57 340
57 363
57 412
57 446
57 449
58 66
58 75
58 127
58 140
58 152
58 221
58 276
58 279
58 283
58 306
58 332
58 336
58 352
58 381
58 393
58 409
58 484
58 503
59 91
59 112
59 124
59 137
59 247
59 266
59 278
59 284
59 289
59 298
59 397
59 414
59 419
59 470
59 493
60 63
60 64
60 76
60 77
60 104
60 112
60 114
60 129
60 137
60 164
60 168
60 196
60 222
60 228
60 270
60 283
60 291
60 306
60 325
60 395
60 407
60 416
60 451
60 470
60 474
61 64
61 72
61 261
61 277
61 281
61 293
61 335
61 424
61 426
61 433
61 479
61 482
61 504
62 63
62 79
62 84
62 87
62 103
62 104
62 108
62 119
62 131
62 137
62 148
62 169
62 171
62 180
62 202
62 203
62 211
62 217
62 227
62 230
62 241
62 251
62 287
62 314
62 357
62 409
62 421
62 427
62 433
62 457
62 492
62 493
63 76
63 82
63 83
63 140
63 145
63 159
63 167
63 171
63 223
63 232
63 236
63 265
63 280
63 332
63 333
63 339
63 358
63 363
63 385
63 410
63 413
63 465
64 65
64 94
64 123
64 276
64 378
64 436
64 471
65 69
65 77
65 82
65 84
65 90
65 96
65 109
65 128
65 189
65 222
65 238
65 315
65 330
65 377
65 388
65 442
65 446
65 451
65 469
66 78
66 102
66 146
66 172
66 205
66 209
66 215
66 224
66 228
66 258
66 293
66 337
66 343
66 352
66 386
66 409
66 440
66 449
66 459
66 471
66 508
67 78
67 97
67 143
67 146
67 223
67 289
67 306
67 312
67 325
67 340
67 420
68 95
68 103
68 111
68 121
68 177
68 195
68 199
68 221
68 287
68 302
68 305
68 323
68 390
68 455
68 481
68 501
69 70
69 100
69 103
69 104
69 120
69 161
69 176
69 186
69 314
69 354
69 414
69 441
69 481
70 80
70 85
70 107
70 158
70 173
70 241
70 257
70 304
70 391
70 403
70 414
70 464
70 466
70 492
71 72
71 94
71 119
71 128
71 148
71 162
71 230
71 315
71 338
71 443
71 459
72 87
72 102
72 125
72 128
72 136
72 163
72 166
72 258
72 290
72 302
72 307
72 313
72 383
72 435
72 450
72 490
72 500
73 77
73 81
73 88
73 97
73 128
73 132
73 144
73 154
73 160
73 163
73 165
73 167
73 168
73 173
73 179
73 186
73 199
73 203
73 248
73 282
73 351
73 358
73 359
73 387
73 418
73 474
73 485
74 123
74 141
74 189
74 196
74 250
74 345
74 354
74 389
74 448
74 509
75 81
75 99
75 107
75 133
75 142
75 156
75 187
75 194
75 200
75 212
75 217
75 223
75 244
75 246
75 279
75 286
75 288
75 307
75 366
75 406
75 415
75 430
75 439
75 456
76 95
76 107
76 135
76 158
76 199
76 227
76 244
76 274
76 304
76 322
76 383
76 384
76 416
76 471
76 480
77 90
77 91
77 121
77 143
77 147
77 161
77 188
77 207
77 217
77 235
77 256
77 292
77 311
77 316
77 323
77 327
77 354
77 380
77 381
77 455
77 504
78 80
78 101
78 104
78 108
78 110
78 122
78 138
78 203
78 350
78 366
78 370
78 372
78 392
78 404
78 501
79 80
79 100
79 106
79 111
79 115
79 154
79 155
79 157
79 196
79 213
79 225
79 257
79 281
79 404
79 417
79 472
79 485
80 84
80 95
80 98
80 146
80 147
80 166
80 203
80 245
80 314
80 321
80 362
80 432
80 433
81 86
81 97
81 120
81 130
81 158
81 163
81 174
81 241
81 332
81 357
81 365
81 374
81 378
81 400
81 426
81 458
82 84
82 92
82 111
82 121
82 152
82 245
82 259
82 470
82 491
83 103
83 119
83 122
83 135
83 136
83 138
83 142
83 211
83 244
83 257
83 290
83 330
83 337
83 369
83 396
83 397
83 435
83 463
83 478
83 488
83 510
84 102
84 112
84 116
84 132
84 138
84 163
84 200
84 236
84 336
84 346
84 451
84 484
85 94
85 123
85 134
85 149
85 243
85 295
85 324
85 507
86 109
86 112
86 130
86 180
86 235
86 284
86 356
86 371
86 407
86 450
86 454
86 508
87 105
87 121
87 157
87 161
87 189
87 217
87 233
87 235
87 247
87 323
87 331
87 339
87 405
87 440
87 493
87 498
88 108
88 127
88 177
88 213
88 234
88 238
88 254
88 261
88 277
88 346
88 353
88 359
88 389
88 493
88 503
89 95
89 99
89 129
89 168
89 195
89 296
89 314
89 317
89 322
89 366
89 398
89 498
89 507
90 91
90 151
90 184
90 255
90 265
90 278
90 322
90 367
90 376
90 385
90 469
90 504
91 139
91 140
91 144
91 149
91 164
91 191
91 219
91 272
91 346
91 360
91 423
91 469
92 127
92 144
92 171
92 180
92 183
92 198
92 210
92 231
92 294
92 297
92 325
92 369
92 422
92 435
92 462
92 463
93 125
93 231
93 309
93 323
93 394
93 411
94 101
94 115
94 167
94 190
94 237
94 259
94 279
94 321
94 361
94 420
94 449
94 457
94 466
95 100
95 111
95 130
95 134
95 178
95 179
95 230
95 340
95 341
95 398
95 421
95 476
96 139
96 301
96 395
96 411
96 509
97 133
97 146
97 148
97 152
97 168
97 173
97 182
97 191
97 227
97 242
97 245
97 247
97 287
97 332
97 403
97 434
98 107
98 109
98 115
98 116
98 120
98 123
98 128
98 135
98 185
98 196
98 221
98 255
98 267
98 271
98 288
98 335
98 371
98 408
98 472
98 487
99 125
99 126
99 139
99 172
99 175
99 177
99 199
99 267
99 268
99 270
99 274
99 278
99 330
99 372
99 384
99 415
99 447
99 458
99 465
99 474
99 485
99 488
99 489
99 503
100 153
100 176
100 188
100 200
100 217
100 230
100 251
100 263
100 298
100 319
100 344
100 350
100 385
100 438
100 452
100 465
101 138
101 157
101 186
101 223
101 287
101 314
101 319
101 368
101 374
101 390
101 498
102 145
102 167
102 250
102 288
102 302
102 303
102 316
102 318
102 392
102 506
103 126
103 136
103 169
103 182
103 227
103 233
103 260
103 261
103 277
103 298
103 397
103 413
103 430
103 471
103 490
104 120
104 169
104 177
104 205
104 209
104 248
104 251
104 299
104 373
104 443
104 491
105 113
105 132
105 159
105 160
105 248
105 262
105 263
105 312
105 318
105 400
105 406
105 413
105 511
106 119
106 132
106 200
106 210
106 231
106 235
106 352
106 360
107 158
107 168
107 184
107 267
107 275
107 280
107 290
107 311
107 367
108 113
108 174
108 183
108 194
108 302
108 322
108 338
108 394
108 414
108 484
109 121
109 123
109 131
109 190
109 218
109 228
109 230
109 240
109 274
109 320
109 322
109 375
109 448
109 506
110 126
110 252
110 314
110 343
110 355
110 426
110 479
111 148
111 167
111 293
111 475
112 113
112 145
112 202
112 283
112 289
112 337
112 349
112 449
112 491
113 117
113 134
113 169
113 286
113 288
113 347
113 429
114 118
114 132
114 154
114 178
114 202
114 245
114 260
114 262
114 313
114 319
114 375
114 380
114 418
114 424
115 125
115 137
115 205
115 226
115 305
115 324
115 349
115 401
115 478
116 155
116 175
116 206
116 262
116 288
116 358
116 446
116 472
116 479
116 491
117 144
117 183
117 352
117 380
117 489
118 161
118 181
118 215
118 252
118 344
118 395
118 452
119 216
119 296
119 351
119 406
119 408
120 139
120 149
120 158
120 190
120 193
120 208
120 224
120 302
120 326
120 338
120 341
120 345
120 429
120 438
120 498
121 158
121 164
121 170
121 181
121 185
121 214
121 277
121 313
121 334
121 352
121 396
121 420
121 474
122 162
122 256
122 271
122 321
122 369
122 484
122 491
123 127
123 142
123 143
123 198
123 224
123 264
123 281
123 308
123 347
123 366
123 429
123 456
123 470
123 486
124 131
124 148
124 174
124 278
124 402
124 405
124 411
124 458
124 459
125 191
125 213
125 239
125 288
125 292
125 308
125 310
125 364
125 367
125 387
125 396
125 460
125 477
125 509
126 177
126 188
126 217
126 253
126 288
126 310
126 353
126 357
126 403
126 425
126 437
127 182
127 228
127 399
127 507
128 129
128 320
128 444
128 486
129 140
129 142
129 158
129 160
129 224
129 294
129 301
129 309
129 355
129 506
130 190
130 196
130 213
130 231
130 240
130 265
130 349
130 428
130 462
130 483
131 165
131 213
131 268
131 361
131 379
131 412
131 480
132 197
132 211
132 300
133 246
133 261
133 327
133 388
134 230
134 254
134 299
134 316
134 363
134 424
135 150
135 302
135 320
135 350
136 139
136 202
136 232
136 238
136 264
136 269
136 288
136 386
136 417
136 429
136 469
137 184
137 196
137 223
137 266
137 286
137 311
137 366
137 370
137 377
137 392
138 151
138 159
138 171
138 179
138 206
138 239
138 251
138 263
138 322
138 331
138 340
138 346
138 363
138 427
138 503
139 143
139 156
139 162
139 171
139 192
139 228
139 243
139 259
139 299
139 347
139 458
139 470
139 503
140 160
140 178
140 209
140 282
140 304
140 353
140 356
140 424
141 145
141 206
141 290
141 318
141 397
141 412
141 454
142 144
142 157
142 190
142 209
142 212
142 215
142 286
142 305
142 339
143 390
143 489
144 147
144 150
144 157
144 199
144 220
144 229
144 239
144 264
144 304
144 335
144 361
144 368
144 374
144 451
144 476
144 499
145 416
146 208
146 230
146 365
147 155
147 252
147 253
147 337
147 418
148 160
148 163
148 235
148 259
148 267
148 398
149 151
149 176
149 267
149 269
149 278
149 281
149 282
149 423
149 430
149 450
150 189
150 247
151 161
151 224
151 278
151 335
151 339
151 397
151 415
152 161
152 200
152 297
152 341
152 361
152 391
152 396
152 426
153 154
153 200
153 254
153 262
153 265
153 293
153 349
153 357
153 408
153 444
153 454
154 482
154 499
155 186
155 394
155 496
156 222
156 409
156 471
157 167
157 175
157 259
157 502
158 161
158 170
158 179
158 229
158 259
158 269
158 309
158 406
158 419
158 421
158 426
158 445
158 473
158 481
159 204
160 163
160 175
160 205
160 219
160 242
160 254
160 356
160 449
161 199
161 235
161 275
161 276
161 391
161 393
161 507
162 165
162 166
162 201
162 215
162 241
162 354
162 369
162 425
162 492
162 499
163 225
163 355
164 166
164 181
164 204
164 207
164 225
164 321
164 370
164 386
164 410
164 504
165 312
165 329
165 338
165 355
165 452
165 462
165 464
166 169
166 340
167 172
167 178
167 303
167 381
168 234
168 297
168 408
168 447
168 479
168 501
169 180
169 183
169 235
169 240
169 254
169 362
169 485
170 216
170 219
170 220
170 258
170 260
170 393
170 403
170 407
170 443
170 474
170 488
171 214
171 425
172 231
172 233
172 343
173 205
173 220
173 277
173 454
173 461
173 482
173 497
174 228
174 441
174 464
174 511
175 223
175 256
175 297
175 335
175 382
175 393
175 408
176 493
176 502
177 273
177 298
177 469
177 474
178 184
178 212
178 239
178 247
178 291
178 443
178 464
179 184
179 225
179 305
179 417
179 462
180 193
180 197
180 202
180 274
180 315
180 417
181 253
181 271
181 476
181 507
182 214
182 216
182 334
182 507
183 198
183 239
183 282
183 450
184 460
185 218
185 325
185 408
185 482
186 285
186 302
186 357
186 360
186 377
187 200
187 219
187 248
187 434
187 452
187 467
188 198
188 248
188 286
188 352
188 416
188 457
189 267
189 307
189 326
189 406
189 433
190 204
190 242
190 268
190 274
190 363
190 444
190 457
190 475
191 285
191 342
191 367
191 413
191 457
192 211
192 219
192 255
192 333
192 342
192 364
192 379
192 390
192 427
192 445
193 215
193 281
193 346
193 388
193 434
193 511
194 218
194 320
194 327
194 331
195 254
195 256
196 271
196 395
196 499
197 226
197 300
197 489
198 201
198 217
198 237
198 321
198 371
199 252
199 396
199 417
199 440
199 501
200 293
200 315
201 231
201 256
201 273
201 284
201 318
201 330
201 388
201 435
201 465
202 242
202 384
202 453
202 475
203 218
203 280
203 284
203 296
203 316
204 236
204 237
204 336
205 207
205 289
205 373
206 265
206 304
206 402
206 406
206 446
206 460
208 217
208 261
208 386
208 432
209 255
209 328
209 337
209 338
209 353
209 376
209 437
210 306
210 319
211 246
211 266
211 279
211 309
211 462
211 477
212 214
213 226
213 254
213 264
213 292
213 303
213 333
213 347
213 348
213 357
213 399
213 504
214 223
214 257
214 328
214 347
214 389
214 416
214 425
214 441
214 463
214 491
216 241
216 281
216 311
216 336
216 408
216 410
216 437
216 480
217 331
217 359
217 383
217 393
217 417
217 467
218 244
218 306
218 324
218 432
219 227
219 319
219 322
219 334
219 341
219 382
219 389
219 455
219 457
219 483
219 505
220 293
220 362
220 365
220 467
221 258
221 277
221 388
221 398
221 421
221 454
221 487
221 506
222 225
222 478
223 406
223 441
224 265
224 366
224 382
225 276
225 324
225 416
225 472
225 495
227 233
227 276
227 290
227 313
227 315
227 347
227 462
228 294
228 401
228 413
229 270
229 291
229 308
229 320
229 331
229 404
229 454
230 274
230 405
231 273
231 368
231 456
231 474
232 244
232 245
232 418
233 235
233 314
234 315
234 359
234 430
234 433
235 305
235 329
235 430
235 497
236 256
236 330
236 456
236 500
237 281
237 425
239 252
239 258
239 299
239 300
239 314
239 385
239 511
240 267
240 283
240 331
240 505
241 253
241 258
241 353
241 391
241 442
241 483
242 395
242 457
242 498
243 321
243 383
243 444
243 494
244 270
244 375
244 461
245 295
245 326
245 376
246 323
246 345
246 401
247 453
247 481
248 280
248 304
248 316
248 336
248 348
249 308
249 409
251 381
251 423
251 429
252 299
252 379
252 468
253 272
253 332
254 382
254 401
254 407
254 447
255 265
255 302
255 317
255 401
255 414
255 437
255 450
255 500
256 394
256 476
257 297
257 312
258 307
258 344
259 326
259 383
259 405
259 478
260 328
260 365
260 369
260 488
260 497
261 269
261 282
261 332
261 439
262 263
262 334
262 359
262 418
262 477
263 326
263 475
263 490
264 270
264 306
264 350
264 470
264 495
265 388
265 395
265 421
265 434
265 479
266 307
266 371
266 431
267 350
267 394
268 368
268 371
268 412
268 475
270 299
270 395
270 485
271 276
271 438
272 351
272 452
272 496
273 279
273 364
273 366
274 489
275 467
276 348
276 382
276 508
277 285
277 354
277 375
277 400
278 294
278 310
278 368
278 477
278 491
279 290
279 305
279 307
279 389
280 353
280 357
280 369
280 466
281 292
281 328
281 377
281 502
282 407
282 495
283 318
283 331
283 348
284 329
284 339
284 372
284 414
284 458
285 386
285 426
285 467
286 342
286 348
286 434
287 506
288 305
288 432
290 385
290 451
291 427
292 444
293 356
293 423
293 425
293 471
294 419
295 296
295 338
295 374
295 378
295 404
295 436
295 447
296 343
296 355
296 389
296 487
296 510
297 501
298 461
298 490
299 445
299 458
300 341
300 358
300 377
300 439
300 482
301 309
301 339
301 355
301 361
301 396
302 438
302 455
303 335
303 420
303 504
304 373
304 471
305 342
305 407
306 317
306 425
306 434
306 470
307 311
307 334
307 364
307 479
307 510
308 367
309 437
309 475
310 482
311 372
311 386
312 419
313 465
315 429
316 448
317 321
317 361
317 431
318 416
319 488
320 381
320 490
320 499
321 342
321 397
322 456
323 472
323 483
323 511
324 480
325 362
326 353
326 511
327 328
327 443
327 456
328 341
328 360
328 381
328 420
328 446
329 392
330 355
330 392
331 436
332 343
332 353
332 376
333 443
334 369
334 480
335 378
335 459
336 352
336 415
336 451
337 438
338 356
338 448
338 478
339 359
339 496
340 431
341 350
341 363
341 379
341 405
341 480
342 345
343 498
344 429
344 492
345 373
345 448
345 472
347 442
349 382
349 444
349 447
350 357
350 361
350 487
355 496
356 380
358 408
358 433
358 454
359 384
359 458
360 441
360 494
361 501
362 374
364 464
365 465
365 505
365 510
366 415
368 476
368 501
369 442
369 468
371 400
371 414
372 404
372 440
372 498
374 393
375 442
375 482
376 388
376 439
376 500
378 386
379 479
381 490
381 493
382 383
382 396
382 494
383 405
383 499
383 501
384 399
386 398
386 412
386 438
386 440
386 443
386 459
386 489
386 509
387 418
387 499
390 496
390 508
393 451
394 419
394 427
395 399
395 467
396 415
396 419
397 444
398 424
399 433
400 409
400 455
400 466
401 404
401 417
401 430
401 487
403 423
403 429
403 437
403 462
404 409
404 460
404 467
405 453
408 440
409 411
411 432
412 446
413 488
414 420
415 432
415 477
415 480
416 444
417 450
417 471
418 477
419 460
421 463
421 465
424 467
425 433
425 486
428 504
435 460
435 495
436 448
436 483
437 506
438 459
439 451
439 490
442 469
442 476
443 474
445 502
451 497
451 507
452 487
455 488
456 498
461 463
462 463
465 479
465 483
467 494
468 485
468 492
469 484
471 473
471 502
486 509
489 510
493 495
497 500
498 503
501 503
