0 10
0 11
0 12
0 14
0 15
0 16
0 18
0 21
0 22
0 30
0 32
0 34
0 36
0 45
0 50
0 54
0 56
0 63
0 64
0 66
0 88
0 92
0 95
0 102
0 105
0 114
0 153
0 154
0 159
0 180
0 183
0 190
0 197
0 213
0 220
0 238
0 246
0 247
0 259
0 264
0 285
0 302
0 303
0 305
0 323
0 347
0 352
0 374
0 382
0 386
0 403
0 421
0 430
0 432
0 451
0 464
0 495
0 509
0 514
0 526
0 534
0 560
0 580
0 600
0 606
0 657
0 658
0 677
0 678
0 711
0 724
0 733
0 770
0 771
0 777
0 820
0 829
0 835
0 842
0 847
0 857
0 858
0 864
0 885
0 907
0 912
0 920
0 935
0 992
0 995
1 10
1 11
1 14
1 17
1 39
1 42
1 80
1 85
1 141
1 142
1 145
1 239
1 257
1 264
1 301
1 302
1 308
1 329
1 341
1 343
1 344
1 359
1 393
1 404
1 455
1 482
1 490
1 502
1 515
1 537
1 557
1 690
1 717
1 719
1 725
1 733
1 794
1 823
1 856
1 859
1 897
1 917
2 10
2 11
2 13
2 21
2 31
2 54
2 73
2 79
2 102
2 107
2 122
2 123
2 128
2 144
2 150
2 161
2 169
2 222
2 226
2 256
2 303
2 305
2 312
2 339
2 383
2 384
2 412
2 444
2 459
2 482
2 554
2 574
2 576
2 646
2 661
2 663
2 673
2 747
2 761
2 765
2 767
2 878
2 881
2 925
2 992
2 1016
3 10
3 11
3 12
3 13
3 14
3 16
3 19
3 20
3 21
3 27
3 31
3 33
3 41
3 45
3 46
3 52
3 62
3 64
3 76
3 91
3 92
3 99
3 107
3 113
3 114
3 130
3 157
3 158
3 166
3 170
3 171
3 201
3 215
3 219
3 230
3 251
3 265
3 266
3 282
3 306
3 308
3 311
3 317
3 324
3 328
3 357
3 358
3 360
3 369
3 389
3 392
3 399
3 401
3 414
3 415
3 450
3 459
3 467
3 480
3 486
3 495
3 507
3 516
3 520
3 539
3 546
3 557
3 609
3 657
3 662
3 675
3 690
3 705
3 722
3 730
3 742
3 755
3 813
3 817
3 825
3 905
3 919
3 927
3 972
3 973
3 1006
4 10
4 11
4 12
4 13
4 14
4 15
4 16
4 19
4 21
4 22
4 26
4 32
4 35
4 38
4 44
4 47
4 49
4 51
4 53
4 55
4 56
4 59
4 60
4 65
4 68
4 75
4 81
4 84
4 90
4 94
4 96
4 100
4 101
4 105
4 112
4 127
4 131
4 134
4 139
4 142
4 144
4 151
4 152
4 153
4 155
4 174
4 178
4 181
4 182
4 191
4 196
4 202
4 211
4 212
4 224
4 227
4 235
4 254
4 255
4 269
4 271
4 283
4 297
4 301
4 309
4 315
4 319
4 325
4 333
4 336
4 354
4 361
4 362
4 375
4 377
4 381
4 442
4 470
4 483
4 497
4 507
4 524
4 531
4 541
4 545
4 556
4 569
4 589
4 591
4 612
4 624
4 630
4 635
4 643
4 648
4 650
4 668
4 683
4 709
4 717
4 732
4 735
4 751
4 768
4 778
4 789
4 797
4 834
4 838
4 847
4 849
4 865
4 876
4 902
4 905
4 945
4 946
4 947
4 954
4 964
4 966
4 984
4 986
4 997
5 10
5 11
5 12
5 13
5 15
5 16
5 18
5 19
5 25
5 26
5 27
5 37
5 39
5 41
5 46
5 54
5 55
5 58
5 60
5 67
5 69
5 78
5 108
5 115
5 153
5 166
5 178
5 197
5 199
5 209
5 231
5 244
5 296
5 333
5 337
5 338
5 345
5 368
5 381
5 387
5 419
5 422
5 429
5 502
5 541
5 545
5 598
5 599
5 617
5 663
5 684
5 692
5 705
5 741
5 764
5 788
5 794
5 841
5 851
5 921
5 926
5 958
5 1001
6 10
6 11
6 12
6 13
6 14
6 18
6 20
6 22
6 23
6 28
6 29
6 43
6 52
6 55
6 74
6 75
6 91
6 103
6 110
6 119
6 137
6 162
6 181
6 203
6 212
6 227
6 231
6 239
6 243
6 271
6 298
6 345
6 348
6 382
6 406
6 412
6 436
6 449
6 454
6 462
6 475
6 519
6 526
6 597
6 636
6 670
6 706
6 743
6 756
6 794
6 832
6 837
6 856
6 925
7 10
7 11
7 12
7 13
7 15
7 17
7 18
7 24
7 25
7 28
7 30
7 31
7 33
7 35
7 39
7 49
7 58
7 59
7 64
7 68
7 69
7 70
7 76
7 84
7 95
7 97
7 99
7 105
7 107
7 116
7 123
7 124
7 133
7 140
7 142
7 163
7 166
7 172
7 173
7 192
7 194
7 218
7 255
7 274
7 279
7 282
7 301
7 308
7 318
7 320
7 335
7 342
7 354
7 388
7 428
7 472
7 478
7 485
7 500
7 503
7 514
7 540
7 556
7 559
7 567
7 571
7 575
7 603
7 614
7 617
7 628
7 632
7 665
7 684
7 696
7 697
7 701
7 745
7 766
7 806
7 821
7 849
7 877
7 905
7 937
7 950
7 1009
8 10
8 12
8 15
8 23
8 83
8 99
8 100
8 120
8 123
8 202
8 231
8 292
8 293
8 295
8 308
8 333
8 377
8 403
8 481
8 497
8 527
8 561
8 565
8 569
8 578
8 616
8 624
8 677
8 911
8 921
8 993
9 10
9 11
9 12
9 13
9 14
9 15
9 17
9 19
9 21
9 22
9 25
9 27
9 32
9 33
9 38
9 40
9 42
9 43
9 45
9 46
9 47
9 49
9 51
9 55
9 61
9 63
9 73
9 77
9 80
9 83
9 84
9 85
9 90
9 96
9 102
9 108
9 113
9 121
9 122
9 128
9 133
9 145
9 173
9 183
9 194
9 196
9 208
9 210
9 221
9 231
9 241
9 245
9 253
9 261
9 266
9 272
9 278
9 291
9 294
9 299
9 301
9 310
9 335
9 344
9 348
9 350
9 352
9 353
9 382
9 383
9 388
9 392
9 394
9 404
9 424
9 435
9 440
9 445
9 460
9 463
9 474
9 517
9 519
9 525
9 533
9 540
9 548
9 551
9 570
9 577
9 589
9 603
9 615
9 621
9 623
9 626
9 662
9 674
9 718
9 736
9 810
9 816
9 818
9 819
9 822
9 823
9 843
9 844
9 887
9 921
9 943
9 946
9 948
9 952
9 975
9 984
9 998
9 1001
9 1004
9 1013
9 1020
10 11
10 12
10 13
10 14
10 15
10 16
10 17
10 18
10 19
10 20
10 21
10 23
10 25
10 32
10 33
10 34
10 41
10 43
10 44
10 46
10 48
10 50
10 51
10 52
10 57
10 63
10 64
10 66
10 67
10 68
10 70
10 71
10 72
10 76
10 82
10 87
10 88
10 97
10 103
10 104
10 115
10 121
10 125
10 127
10 150
10 154
10 167
10 181
10 187
10 196
10 209
10 210
10 218
10 229
10 244
10 251
10 260
10 262
10 263
10 264
10 273
10 313
10 328
10 331
10 334
10 349
10 351
10 364
10 375
10 391
10 399
10 436
10 468
10 508
10 531
10 535
10 544
10 582
10 615
10 617
10 622
10 632
10 640
10 642
10 650
10 651
10 681
10 700
10 709
10 716
10 718
10 725
10 727
10 741
10 756
10 768
10 782
10 790
10 844
10 846
10 853
10 855
10 863
10 870
10 883
10 901
10 906
10 914
10 922
10 935
10 936
10 963
10 978
10 990
10 1023
11 12
11 13
11 14
11 16
11 17
11 19
11 20
11 21
11 22
11 23
11 25
11 26
11 27
11 28
11 30
11 32
11 34
11 35
11 36
11 38
11 40
11 42
11 43
11 50
11 59
11 60
11 61
11 62
11 63
11 66
11 68
11 69
11 70
11 72
11 78
11 87
11 98
11 103
11 107
11 108
11 111
11 120
11 122
11 125
11 134
11 135
11 148
11 149
11 153
11 154
11 156
11 157
11 159
11 160
11 167
11 169
11 173
11 175
11 192
11 194
11 195
11 198
11 208
11 214
11 221
11 235
11 246
11 247
11 277
11 282
11 289
11 300
11 301
11 302
11 303
11 309
11 318
11 321
11 324
11 331
11 334
11 335
11 348
11 354
11 360
11 365
11 366
11 369
11 387
11 422
11 428
11 430
11 439
11 441
11 451
11 454
11 456
11 457
11 469
11 470
11 472
11 483
11 484
11 488
11 492
11 500
11 502
11 506
11 515
11 522
11 555
11 561
11 566
11 622
11 631
11 642
11 661
11 685
11 690
11 696
11 713
11 722
11 727
11 736
11 751
11 752
11 763
11 785
11 793
11 794
11 809
11 812
11 847
11 867
11 874
11 877
11 905
11 906
11 922
11 932
11 934
11 944
11 953
11 955
11 961
11 974
11 992
11 1004
11 1018
12 13
12 14
12 15
12 16
12 17
12 18
12 22
12 23
12 28
12 32
12 33
12 35
12 44
12 47
12 51
12 54
12 57
12 58
12 60
12 70
12 71
12 72
12 74
12 80
12 97
12 99
12 103
12 105
12 106
12 107
12 117
12 118
12 123
12 135
12 139
12 144
12 158
12 165
12 168
12 169
12 173
12 185
12 194
12 198
12 203
12 204
12 212
12 220
12 228
12 232
12 241
12 259
12 284
12 294
12 305
12 306
12 308
12 313
12 314
12 319
12 380
12 389
12 392
12 393
12 399
12 434
12 437
12 438
12 441
12 456
12 468
12 473
12 479
12 480
12 481
12 491
12 525
12 532
12 533
12 536
12 539
12 548
12 549
12 561
12 565
12 581
12 589
12 598
12 638
12 650
12 673
12 679
12 689
12 730
12 753
12 756
12 830
12 836
12 840
12 856
12 887
12 891
12 893
12 897
12 924
12 933
12 961
12 1006
12 1021
13 14
13 15
13 16
13 17
13 18
13 19
13 20
13 22
13 23
13 24
13 25
13 26
13 27
13 28
13 29
13 30
13 31
13 35
13 37
13 39
13 40
13 41
13 42
13 43
13 45
13 46
13 48
13 50
13 51
13 52
13 54
13 55
13 59
13 62
13 63
13 66
13 67
13 71
13 75
13 82
13 84
13 85
13 87
13 90
13 91
13 93
13 94
13 98
13 101
13 105
13 106
13 109
13 117
13 118
13 119
13 120
13 122
13 126
13 132
13 134
13 135
13 136
13 142
13 148
13 152
13 156
13 177
13 178
13 179
13 189
13 191
13 203
13 205
13 206
13 207
13 212
13 217
13 228
13 237
13 238
13 240
13 245
13 247
13 256
13 258
13 266
13 272
13 281
13 283
13 287
13 296
13 311
13 321
13 328
13 332
13 337
13 365
13 372
13 373
13 374
13 379
13 391
13 398
13 406
13 410
13 414
13 429
13 431
13 441
13 447
13 452
13 454
13 459
13 470
13 483
13 487
13 494
13 508
13 509
13 551
13 562
13 564
13 576
13 583
13 597
13 625
13 628
13 652
13 659
13 662
13 672
13 699
13 706
13 710
13 727
13 733
13 734
13 750
13 762
13 767
13 779
13 781
13 806
13 818
13 848
13 865
13 872
13 883
13 911
13 917
13 921
13 930
13 931
13 932
13 937
13 985
13 1022
14 15
14 16
14 17
14 18
14 19
14 20
14 23
14 24
14 26
14 27
14 28
14 29
14 30
14 36
14 37
14 39
14 41
14 42
14 46
14 48
14 50
14 51
14 53
14 63
14 65
14 70
14 74
14 76
14 79
14 83
14 84
14 86
14 91
14 109
14 111
14 112
14 113
14 126
14 130
14 133
14 136
14 149
14 150
14 156
14 162
14 172
14 173
14 178
14 179
14 181
14 185
14 201
14 211
14 215
14 228
14 230
14 250
14 252
14 256
14 260
14 265
14 267
14 270
14 281
14 283
14 290
14 295
14 310
14 320
14 335
14 365
14 371
14 373
14 379
14 385
14 391
14 404
14 416
14 417
14 420
14 438
14 461
14 474
14 479
14 490
14 497
14 507
14 512
14 530
14 531
14 560
14 565
14 597
14 609
14 617
14 632
14 647
14 649
14 691
14 741
14 765
14 776
14 783
14 796
14 833
14 935
14 937
14 940
14 998
14 1004
15 16
15 17
15 18
15 20
15 21
15 25
15 26
15 27
15 29
15 32
15 40
15 45
15 47
15 50
15 51
15 52
15 62
15 71
15 77
15 78
15 82
15 95
15 113
15 114
15 115
15 117
15 144
15 153
15 158
15 166
15 175
15 181
15 183
15 185
15 190
15 207
15 224
15 240
15 245
15 268
15 271
15 276
15 286
15 293
15 305
15 311
15 337
15 342
15 357
15 364
15 366
15 383
15 398
15 430
15 434
15 441
15 452
15 469
15 480
15 481
15 483
15 486
15 496
15 506
15 522
15 537
15 538
15 545
15 547
15 548
15 601
15 608
15 614
15 632
15 639
15 642
15 648
15 655
15 668
15 678
15 696
15 715
15 720
15 722
15 730
15 740
15 742
15 805
15 817
15 821
15 858
15 915
15 917
15 929
15 935
15 940
15 943
15 954
15 957
15 971
15 976
15 990
15 995
15 998
15 1010
16 17
16 18
16 20
16 22
16 24
16 30
16 31
16 33
16 34
16 36
16 37
16 38
16 39
16 40
16 42
16 43
16 44
16 45
16 47
16 50
16 53
16 55
16 56
16 57
16 59
16 67
16 68
16 72
16 73
16 74
16 76
16 80
16 81
16 83
16 87
16 91
16 106
16 107
16 112
16 114
16 123
16 125
16 129
16 130
16 132
16 135
16 147
16 160
16 162
16 163
16 169
16 172
16 183
16 187
16 188
16 189
16 195
16 198
16 204
16 214
16 224
16 233
16 244
16 246
16 250
16 258
16 259
16 267
16 273
16 275
16 284
16 288
16 295
16 296
16 299
16 314
16 315
16 317
16 324
16 327
16 328
16 336
16 337
16 338
16 355
16 361
16 370
16 372
16 373
16 375
16 397
16 410
16 414
16 418
16 424
16 426
16 428
16 433
16 444
16 455
16 458
16 467
16 476
16 478
16 488
16 498
16 499
16 505
16 513
16 517
16 521
16 546
16 552
16 579
16 582
16 584
16 591
16 596
16 599
16 613
16 676
16 677
16 697
16 701
16 706
16 760
16 761
16 771
16 791
16 797
16 804
16 806
16 812
16 814
16 831
16 859
16 861
16 870
16 882
16 899
16 908
16 914
16 919
16 932
16 952
16 977
16 985
16 993
16 994
16 1004
16 1016
17 19
17 21
17 22
17 24
17 28
17 29
17 30
17 31
17 36
17 38
17 53
17 78
17 79
17 87
17 88
17 96
17 103
17 113
17 116
17 117
17 141
17 145
17 151
17 159
17 171
17 186
17 195
17 222
17 234
17 304
17 315
17 361
17 362
17 385
17 390
17 401
17 413
17 419
17 429
17 450
17 454
17 471
17 496
17 508
17 510
17 511
17 512
17 536
17 545
17 562
17 575
17 585
17 593
17 624
17 630
17 631
17 637
17 656
17 674
17 676
17 730
17 753
17 767
17 787
17 788
17 832
17 882
17 887
17 929
17 997
18 19
18 20
18 21
18 24
18 26
18 27
18 28
18 29
18 33
18 40
18 44
18 49
18 58
18 59
18 62
18 67
18 69
18 79
18 101
18 102
18 109
18 121
18 140
18 167
18 175
18 178
18 180
18 184
18 191
18 205
18 225
18 241
18 246
18 285
18 327
18 362
18 371
18 413
18 438
18 500
18 510
18 546
18 553
18 578
18 611
18 631
18 649
18 675
18 695
18 724
18 737
18 763
18 835
18 841
18 891
18 904
18 916
18 919
18 943
18 1000
18 1003
18 1012
19 20
19 24
19 26
19 33
19 34
19 37
19 43
19 46
19 57
19 59
19 62
19 78
19 80
19 83
19 86
19 88
19 89
19 92
19 93
19 94
19 100
19 122
19 126
19 130
19 138
19 147
19 159
19 160
19 175
19 176
19 177
19 190
19 193
19 207
19 213
19 215
19 217
19 229
19 265
19 270
19 276
19 280
19 308
19 318
19 331
19 339
19 352
19 374
19 376
19 398
19 403
19 413
19 421
19 441
19 442
19 467
19 471
19 490
19 515
19 518
19 524
19 532
19 557
19 587
19 594
19 598
19 600
19 645
19 646
19 655
19 685
19 687
19 760
19 814
19 834
19 854
19 869
19 965
19 966
19 990
19 1019
20 22
20 23
20 24
20 25
20 27
20 30
20 31
20 40
20 43
20 45
20 54
20 56
20 57
20 58
20 60
20 61
20 70
20 74
20 77
20 80
20 88
20 89
20 94
20 102
20 103
20 106
20 107
20 114
20 121
20 129
20 135
20 153
20 158
20 176
20 179
20 182
20 188
20 196
20 199
20 200
20 201
20 204
20 215
20 221
20 225
20 231
20 260
20 262
20 263
20 275
20 285
20 324
20 325
20 329
20 330
20 334
20 340
20 346
20 355
20 358
20 364
20 373
20 390
20 405
20 423
20 432
20 439
20 455
20 489
20 500
20 502
20 515
20 544
20 549
20 554
20 560
20 564
20 566
20 583
20 588
20 594
20 611
20 648
20 662
20 663
20 673
20 684
20 685
20 702
20 742
20 745
20 776
20 794
20 851
20 854
20 863
20 864
20 865
20 878
20 885
20 886
20 894
20 922
20 923
20 1007
20 1010
20 1012
20 1019
20 1021
20 1023
21 23
21 24
21 35
21 36
21 44
21 73
21 76
21 79
21 80
21 81
21 82
21 83
21 89
21 92
21 93
21 94
21 112
21 113
21 115
21 117
21 122
21 152
21 159
21 163
21 164
21 166
21 169
21 174
21 175
21 185
21 194
21 229
21 231
21 239
21 240
21 247
21 257
21 261
21 269
21 286
21 287
21 303
21 316
21 317
21 329
21 331
21 350
21 353
21 413
21 421
21 426
21 427
21 428
21 453
21 492
21 579
21 595
21 735
21 764
21 770
21 781
21 795
21 802
21 815
21 830
21 843
21 845
21 874
21 879
21 893
21 900
21 916
21 920
21 936
21 976
21 1014
22 23
22 24
22 25
22 26
22 28
22 29
22 31
22 36
22 37
22 38
22 39
22 41
22 42
22 43
22 46
22 49
22 51
22 61
22 63
22 71
22 72
22 74
22 81
22 86
22 88
22 89
22 91
22 96
22 97
22 99
22 105
22 106
22 107
22 109
22 112
22 134
22 136
22 142
22 157
22 160
22 163
22 165
22 168
22 171
22 172
22 174
22 183
22 188
22 190
22 191
22 192
22 193
22 195
22 205
22 212
22 218
22 219
22 226
22 227
22 232
22 239
22 243
22 248
22 251
22 255
22 268
22 271
22 274
22 282
22 287
22 288
22 303
22 304
22 311
22 313
22 323
22 325
22 351
22 357
22 360
22 366
22 369
22 372
22 373
22 387
22 396
22 400
22 401
22 402
22 413
22 414
22 423
22 437
22 438
22 466
22 475
22 482
22 491
22 492
22 503
22 509
22 510
22 514
22 515
22 522
22 539
22 540
22 547
22 565
22 583
22 594
22 602
22 609
22 626
22 634
22 641
22 645
22 654
22 655
22 658
22 665
22 675
22 677
22 679
22 694
22 700
22 702
22 708
22 718
22 719
22 725
22 742
22 763
22 767
22 821
22 822
22 834
22 864
22 866
22 871
22 878
22 883
22 885
22 900
22 906
22 908
22 909
22 920
22 936
22 940
22 948
22 954
22 959
22 970
22 996
23 26
23 29
23 31
23 32
23 33
23 35
23 42
23 44
23 53
23 56
23 57
23 61
23 77
23 79
23 88
23 89
23 98
23 99
23 104
23 110
23 111
23 120
23 126
23 134
23 136
23 138
23 147
23 151
23 163
23 165
23 182
23 187
23 193
23 202
23 209
23 218
23 226
23 239
23 249
23 254
23 255
23 263
23 268
23 279
23 291
23 302
23 305
23 307
23 318
23 326
23 339
23 374
23 383
23 387
23 412
23 494
23 497
23 505
23 512
23 517
23 525
23 542
23 545
23 553
23 558
23 571
23 572
23 592
23 621
23 622
23 636
23 695
23 697
23 702
23 707
23 719
23 734
23 744
23 755
23 775
23 786
23 792
23 817
23 827
23 843
23 854
23 907
23 911
23 936
23 973
23 976
23 992
23 1002
24 25
24 29
24 32
24 34
24 49
24 84
24 95
24 102
24 130
24 137
24 146
24 165
24 170
24 177
24 246
24 257
24 321
24 355
24 356
24 375
24 383
24 384
24 390
24 423
24 477
24 480
24 501
24 504
24 626
24 676
24 677
24 793
24 827
24 848
24 930
24 954
25 30
25 33
25 38
25 42
25 48
25 56
25 58
25 60
25 65
25 76
25 114
25 128
25 136
25 142
25 143
25 159
25 164
25 169
25 192
25 196
25 197
25 210
25 215
25 223
25 244
25 255
25 259
25 309
25 310
25 314
25 357
25 364
25 370
25 373
25 378
25 395
25 415
25 448
25 452
25 455
25 471
25 495
25 509
25 532
25 595
25 653
25 658
25 671
25 690
25 744
25 758
25 811
25 822
25 839
25 842
25 881
25 899
25 912
25 964
25 985
26 27
26 35
26 37
26 41
26 45
26 47
26 50
26 57
26 61
26 65
26 66
26 71
26 76
26 77
26 82
26 93
26 96
26 99
26 108
26 125
26 128
26 131
26 138
26 154
26 156
26 180
26 186
26 238
26 262
26 299
26 331
26 389
26 392
26 403
26 422
26 436
26 443
26 449
26 468
26 477
26 543
26 558
26 579
26 580
26 594
26 595
26 614
26 698
26 721
26 725
26 776
26 783
26 811
26 838
26 839
26 884
26 914
26 979
26 989
26 996
26 1012
27 28
27 37
27 41
27 56
27 62
27 68
27 71
27 87
27 114
27 122
27 124
27 126
27 127
27 128
27 130
27 139
27 140
27 148
27 150
27 155
27 160
27 199
27 211
27 249
27 263
27 291
27 294
27 298
27 320
27 322
27 324
27 328
27 355
27 407
27 432
27 443
27 447
27 501
27 511
27 610
27 613
27 627
27 664
27 674
27 706
27 720
27 748
27 750
27 757
27 758
27 774
27 786
27 789
27 821
27 822
27 872
27 880
27 882
27 889
27 988
28 29
28 34
28 35
28 39
28 45
28 46
28 48
28 49
28 57
28 66
28 75
28 84
28 97
28 101
28 115
28 119
28 145
28 146
28 147
28 150
28 163
28 167
28 170
28 186
28 193
28 199
28 203
28 228
28 247
28 248
28 272
28 284
28 330
28 347
28 408
28 432
28 443
28 475
28 491
28 548
28 551
28 555
28 565
28 583
28 608
28 621
28 653
28 658
28 744
28 755
28 813
28 829
28 845
28 846
28 852
28 881
28 909
28 913
28 945
28 981
28 988
29 30
29 31
29 32
29 34
29 35
29 36
29 37
29 38
29 40
29 49
29 51
29 52
29 55
29 64
29 65
29 67
29 68
29 72
29 74
29 75
29 80
29 82
29 84
29 93
29 95
29 97
29 99
29 101
29 103
29 109
29 110
29 116
29 127
29 147
29 154
29 156
29 160
29 162
29 168
29 182
29 184
29 198
29 210
29 230
29 236
29 259
29 261
29 262
29 271
29 284
29 290
29 298
29 306
29 318
29 320
29 332
29 334
29 337
29 342
29 343
29 373
29 375
29 384
29 385
29 398
29 402
29 419
29 421
29 432
29 442
29 446
29 455
29 508
29 519
29 544
29 549
29 554
29 587
29 599
29 608
29 629
29 638
29 639
29 656
29 687
29 717
29 732
29 747
29 752
29 754
29 756
29 760
29 795
29 806
29 822
29 828
29 836
29 847
29 865
29 868
29 885
29 913
29 942
29 943
29 947
29 971
29 1002
30 38
30 44
30 69
30 98
30 104
30 113
30 115
30 132
30 143
30 153
30 168
30 207
30 209
30 229
30 239
30 262
30 276
30 277
30 278
30 287
30 303
30 317
30 330
30 333
30 348
30 349
30 361
30 362
30 363
30 365
30 382
30 383
30 391
30 399
30 435
30 494
30 535
30 542
30 554
30 568
30 590
30 599
30 644
30 659
30 664
30 681
30 686
30 695
30 743
30 770
30 795
30 798
30 803
30 900
30 923
30 956
30 961
30 989
31 34
31 39
31 42
31 65
31 66
31 67
31 74
31 83
31 90
31 100
31 113
31 119
31 137
31 139
31 156
31 167
31 173
31 177
31 191
31 199
31 246
31 247
31 249
31 254
31 260
31 272
31 310
31 344
31 363
31 371
31 409
31 435
31 437
31 444
31 454
31 468
31 501
31 506
31 527
31 543
31 551
31 561
31 588
31 593
31 616
31 629
31 632
31 644
31 650
31 660
31 684
31 709
31 776
31 781
31 783
31 910
31 950
31 967
31 975
32 43
32 52
32 54
32 63
32 72
32 78
32 100
32 108
32 144
32 157
32 163
32 170
32 182
32 196
32 205
32 223
32 258
32 266
32 277
32 299
32 306
32 313
32 326
32 327
32 346
32 363
32 374
32 379
32 384
32 386
32 404
32 408
32 428
32 436
32 448
32 449
32 451
32 465
32 495
32 526
32 553
32 554
32 571
32 588
32 595
32 596
32 600
32 602
32 611
32 631
32 642
32 647
32 651
32 761
32 803
32 826
32 842
32 871
32 878
32 925
32 935
32 968
33 34
33 36
33 41
33 47
33 48
33 53
33 64
33 73
33 90
33 96
33 97
33 104
33 116
33 121
33 127
33 128
33 143
33 183
33 186
33 210
33 231
33 240
33 243
33 248
33 267
33 312
33 331
33 334
33 372
33 393
33 409
33 410
33 425
33 436
33 451
33 457
33 474
33 594
33 607
33 670
33 671
33 686
33 696
33 705
33 739
33 746
33 809
33 832
33 891
33 932
33 959
33 992
33 1013
34 45
34 47
34 55
34 59
34 70
34 73
34 75
34 83
34 86
34 87
34 89
34 92
34 101
34 102
34 106
34 107
34 110
34 112
34 114
34 123
34 155
34 158
34 166
34 167
34 190
34 195
34 204
34 211
34 215
34 225
34 231
34 236
34 242
34 249
34 251
34 252
34 253
34 254
34 261
34 264
34 268
34 285
34 291
34 292
34 301
34 307
34 316
34 317
34 322
34 350
34 379
34 384
34 393
34 409
34 411
34 417
34 419
34 420
34 423
34 425
34 430
34 436
34 437
34 441
34 460
34 461
34 492
34 502
34 505
34 526
34 529
34 543
34 544
34 582
34 585
34 589
34 612
34 613
34 623
34 630
34 645
34 661
34 665
34 670
34 694
34 695
34 702
34 708
34 725
34 746
34 750
34 752
34 771
34 784
34 802
34 829
34 848
34 863
34 867
34 876
34 880
34 887
34 896
34 905
34 921
34 924
34 930
34 973
34 994
34 1008
35 36
35 61
35 62
35 64
35 73
35 75
35 79
35 87
35 171
35 182
35 193
35 197
35 212
35 216
35 229
35 281
35 301
35 310
35 332
35 345
35 346
35 348
35 352
35 353
35 359
35 385
35 401
35 448
35 476
35 490
35 504
35 506
35 512
35 518
35 529
35 555
35 577
35 605
35 608
35 727
35 745
35 754
35 787
35 855
35 875
35 922
35 923
35 942
35 947
35 969
35 1007
35 1008
36 37
36 38
36 39
36 40
36 48
36 53
36 56
36 60
36 65
36 70
36 78
36 90
36 118
36 123
36 132
36 142
36 144
36 150
36 194
36 219
36 221
36 224
36 225
36 233
36 241
36 244
36 245
36 257
36 263
36 278
36 312
36 323
36 339
36 341
36 357
36 378
36 391
36 399
36 408
36 421
36 423
36 445
36 483
36 485
36 488
36 498
36 523
36 525
36 551
36 581
36 591
36 620
36 627
36 664
36 712
36 738
36 788
36 796
36 813
36 866
36 942
36 960
36 1005
37 41
37 47
37 48
37 58
37 76
37 79
37 86
37 90
37 95
37 118
37 137
37 156
37 174
37 178
37 200
37 206
37 207
37 208
37 242
37 248
37 250
37 265
37 284
37 290
37 343
37 365
37 378
37 389
37 399
37 407
37 418
37 421
37 460
37 472
37 491
37 530
37 532
37 559
37 561
37 603
37 604
37 629
37 641
37 662
37 663
37 667
37 676
37 701
37 707
37 711
37 772
37 787
37 801
37 803
37 813
37 910
37 920
37 929
37 933
37 934
37 943
37 946
37 955
37 1007
37 1017
38 53
38 81
38 85
38 96
38 101
38 102
38 111
38 114
38 120
38 151
38 162
38 163
38 182
38 224
38 226
38 233
38 235
38 236
38 265
38 283
38 290
38 302
38 320
38 340
38 406
38 495
38 527
38 573
38 588
38 611
38 618
38 633
38 683
38 695
38 713
38 775
38 805
38 827
38 878
38 893
38 986
38 1003
39 40
39 44
39 46
39 53
39 54
39 55
39 75
39 82
39 87
39 91
39 98
39 108
39 116
39 120
39 129
39 132
39 136
39 151
39 154
39 157
39 176
39 180
39 184
39 186
39 213
39 219
39 263
39 269
39 277
39 309
39 332
39 349
39 350
39 386
39 434
39 440
39 458
39 460
39 465
39 493
39 497
39 509
39 524
39 530
39 538
39 570
39 571
39 575
39 672
39 680
39 682
39 690
39 703
39 715
39 740
39 749
39 777
39 786
39 797
39 812
39 813
39 846
39 867
39 935
39 936
39 951
39 961
39 973
39 1000
39 1002
39 1021
40 44
40 48
40 61
40 77
40 81
40 85
40 91
40 93
40 100
40 124
40 131
40 133
40 135
40 137
40 145
40 154
40 161
40 171
40 195
40 199
40 245
40 253
40 318
40 329
40 356
40 364
40 442
40 447
40 453
40 500
40 508
40 513
40 545
40 611
40 644
40 663
40 679
40 730
40 792
40 801
40 852
40 875
40 911
40 912
40 980
40 1007
40 1019
41 47
41 48
41 49
41 50
41 77
41 143
41 148
41 150
41 154
41 182
41 196
41 211
41 222
41 234
41 243
41 288
41 298
41 321
41 330
41 349
41 396
41 401
41 458
41 461
41 474
41 521
41 564
41 625
41 655
41 709
41 739
41 799
41 819
41 845
41 862
41 888
41 900
41 906
41 907
41 926
41 932
41 1006
41 1022
42 50
42 56
42 58
42 67
42 68
42 84
42 111
42 124
42 129
42 136
42 137
42 157
42 162
42 183
42 188
42 197
42 206
42 208
42 224
42 237
42 246
42 248
42 256
42 260
42 277
42 365
42 390
42 401
42 415
42 425
42 457
42 459
42 522
42 539
42 541
42 553
42 563
42 565
42 570
42 585
42 617
42 673
42 674
42 691
42 697
42 725
42 769
42 808
42 835
42 837
42 840
42 845
42 896
42 933
42 970
42 975
42 990
43 60
43 70
43 71
43 72
43 81
43 114
43 117
43 140
43 174
43 241
43 286
43 304
43 313
43 329
43 337
43 345
43 360
43 363
43 372
43 380
43 382
43 388
43 397
43 413
43 418
43 457
43 458
43 463
43 500
43 542
43 552
43 558
43 569
43 603
43 703
43 714
43 726
43 735
43 768
43 843
43 859
43 880
43 978
43 997
44 74
44 105
44 131
44 155
44 189
44 222
44 266
44 293
44 367
44 377
44 404
44 420
44 479
44 485
44 511
44 592
44 636
44 643
44 651
44 677
44 692
44 963
45 52
45 57
45 64
45 71
45 72
45 81
45 90
45 126
45 147
45 164
45 188
45 223
45 225
45 228
45 252
45 278
45 283
45 290
45 309
45 316
45 319
45 323
45 356
45 371
45 388
45 409
45 426
45 457
45 470
45 471
45 493
45 516
45 535
45 536
45 538
45 591
45 605
45 616
45 639
45 640
45 679
45 690
45 730
45 776
45 799
45 844
45 892
45 939
45 954
45 963
45 1014
46 51
46 69
46 73
46 76
46 77
46 83
46 85
46 95
46 102
46 110
46 119
46 121
46 142
46 212
46 286
46 293
46 318
46 375
46 402
46 405
46 416
46 477
46 492
46 519
46 564
46 577
46 663
46 674
46 736
46 737
46 794
46 807
46 841
46 941
46 973
46 1001
47 52
47 56
47 57
47 61
47 65
47 68
47 78
47 107
47 125
47 148
47 171
47 184
47 189
47 194
47 229
47 253
47 258
47 265
47 285
47 300
47 322
47 377
47 462
47 464
47 494
47 497
47 541
47 570
47 575
47 593
47 710
47 712
47 719
47 788
47 840
47 876
47 889
47 895
47 898
47 903
47 906
47 935
47 952
48 49
48 53
48 64
48 86
48 90
48 117
48 124
48 133
48 146
48 175
48 209
48 271
48 297
48 307
48 332
48 338
48 352
48 402
48 407
48 410
48 422
48 443
48 494
48 495
48 550
48 576
48 640
48 673
48 706
48 734
48 735
48 741
48 780
48 823
48 828
48 829
48 887
48 910
48 925
49 54
49 61
49 63
49 65
49 66
49 86
49 94
49 124
49 135
49 139
49 141
49 146
49 157
49 178
49 181
49 187
49 203
49 206
49 225
49 228
49 233
49 267
49 325
49 329
49 339
49 344
49 426
49 434
49 464
49 551
49 638
49 659
49 666
49 716
49 826
49 873
49 874
49 883
49 891
49 927
49 973
50 52
50 54
50 59
50 89
50 96
50 97
50 100
50 104
50 110
50 121
50 123
50 128
50 133
50 140
50 144
50 174
50 186
50 189
50 190
50 220
50 221
50 227
50 240
50 258
50 266
50 287
50 294
50 295
50 299
50 310
50 315
50 327
50 343
50 360
50 431
50 449
50 518
50 519
50 580
50 587
50 594
50 597
50 628
50 668
50 673
50 675
50 693
50 698
50 700
50 710
50 712
50 728
50 827
50 851
50 878
50 890
50 907
50 1012
50 1023
51 94
51 123
51 135
51 140
51 143
51 148
51 151
51 174
51 177
51 180
51 191
51 192
51 216
51 217
51 232
51 241
51 252
51 283
51 285
51 304
51 351
51 352
51 357
51 387
51 394
51 402
51 405
51 410
51 427
51 438
51 445
51 446
51 478
51 486
51 494
51 496
51 539
51 546
51 564
51 595
51 606
51 620
51 625
51 699
51 769
51 779
51 792
51 934
51 956
51 968
51 971
52 64
52 67
52 86
52 93
52 95
52 121
52 124
52 127
52 131
52 132
52 137
52 141
52 150
52 155
52 164
52 198
52 200
52 215
52 216
52 217
52 230
52 260
52 264
52 276
52 323
52 324
52 331
52 345
52 347
52 356
52 359
52 470
52 473
52 531
52 559
52 569
52 683
52 695
52 814
52 819
52 825
52 826
52 827
52 828
52 842
52 869
52 961
52 1015
53 58
53 60
53 85
53 94
53 118
53 128
53 151
53 165
53 190
53 195
53 216
53 221
53 235
53 245
53 267
53 269
53 306
53 322
53 346
53 369
53 376
53 408
53 414
53 489
53 507
53 562
53 582
53 689
53 699
53 711
53 714
53 722
53 780
53 815
53 852
53 895
53 901
53 958
53 1001
53 1021
54 55
54 60
54 62
54 70
54 82
54 83
54 86
54 88
54 95
54 96
54 98
54 99
54 118
54 147
54 150
54 163
54 172
54 177
54 190
54 194
54 202
54 205
54 212
54 214
54 215
54 235
54 267
54 286
54 306
54 319
54 320
54 325
54 335
54 356
54 367
54 376
54 392
54 403
54 415
54 417
54 425
54 458
54 481
54 482
54 499
54 514
54 535
54 543
54 550
54 562
54 637
54 640
54 657
54 664
54 694
54 697
54 698
54 707
54 719
54 729
54 737
54 758
54 761
54 808
54 840
54 892
54 906
54 942
54 980
54 988
55 59
55 63
55 80
55 89
55 104
55 111
55 115
55 125
55 145
55 166
55 247
55 266
55 288
55 291
55 297
55 323
55 353
55 367
55 466
55 475
55 508
55 532
55 544
55 583
55 595
55 596
55 598
55 609
55 628
55 654
55 655
55 684
55 760
55 784
55 905
56 58
56 62
56 69
56 91
56 106
56 118
56 120
56 129
56 136
56 148
56 156
56 161
56 176
56 186
56 202
56 205
56 207
56 225
56 242
56 243
56 246
56 249
56 250
56 253
56 255
56 256
56 265
56 271
56 276
56 280
56 288
56 341
56 351
56 393
56 417
56 426
56 448
56 489
56 494
56 515
56 536
56 550
56 559
56 568
56 601
56 603
56 626
56 636
56 685
56 793
56 797
56 850
56 917
56 947
56 985
56 997
56 1021
57 69
57 77
57 79
57 85
57 92
57 112
57 116
57 144
57 155
57 180
57 207
57 269
57 278
57 285
57 287
57 291
57 312
57 356
57 375
57 424
57 434
57 442
57 445
57 461
57 476
57 485
57 513
57 584
57 596
57 601
57 627
57 634
57 681
57 733
57 749
57 839
57 860
57 935
57 987
57 1014
58 69
58 87
58 97
58 126
58 144
58 156
58 203
58 409
58 438
58 462
58 540
58 648
58 678
58 745
58 839
58 929
58 957
58 987
59 65
59 74
59 88
59 102
59 104
59 109
59 138
59 139
59 170
59 191
59 197
59 213
59 250
59 273
59 279
59 290
59 297
59 402
59 432
59 433
59 435
59 437
59 452
59 453
59 454
59 472
59 486
59 567
59 594
59 668
59 697
59 843
59 883
59 923
59 963
59 1006
60 71
60 85
60 91
60 100
60 134
60 176
60 181
60 202
60 236
60 239
60 314
60 327
60 363
60 391
60 407
60 429
60 459
60 465
60 481
60 673
60 844
60 923
60 979
60 995
61 66
61 73
61 92
61 103
61 110
61 118
61 158
61 161
61 176
61 219
61 234
61 238
61 293
61 295
61 311
61 338
61 363
61 431
61 438
61 467
61 469
61 522
61 543
61 552
61 592
61 639
61 667
61 698
61 730
61 759
61 872
61 893
61 909
61 918
62 69
62 149
62 244
62 271
62 316
62 548
62 550
62 559
62 581
62 586
62 626
62 720
62 748
62 756
62 844
62 860
62 947
62 990
63 67
63 73
63 101
63 130
63 132
63 193
63 224
63 250
63 255
63 258
63 261
63 262
63 268
63 330
63 342
63 347
63 353
63 356
63 365
63 402
63 418
63 459
63 523
63 543
63 551
63 599
63 686
63 748
63 774
63 780
63 842
63 869
63 896
63 916
63 942
63 948
64 116
64 127
64 131
64 152
64 161
64 164
64 165
64 187
64 205
64 252
64 264
64 288
64 289
64 340
64 341
64 345
64 538
64 612
64 659
64 695
64 743
64 762
64 806
64 823
64 855
64 949
65 66
65 75
65 81
65 106
65 113
65 126
65 141
65 162
65 174
65 179
65 208
65 267
65 295
65 310
65 316
65 331
65 358
65 378
65 409
65 421
65 463
65 493
65 552
65 553
65 585
65 593
65 709
65 793
65 888
65 1002
65 1010
66 82
66 93
66 116
66 123
66 132
66 137
66 143
66 166
66 175
66 195
66 209
66 211
66 224
66 257
66 272
66 275
66 309
66 359
66 382
66 400
66 410
66 430
66 478
66 480
66 530
66 548
66 566
66 575
66 602
66 627
66 644
66 662
66 677
66 754
66 877
66 1007
67 68
67 92
67 100
67 105
67 127
67 131
67 149
67 168
67 189
67 211
67 220
67 240
67 242
67 291
67 350
67 372
67 376
67 387
67 430
67 1018
68 139
68 200
68 256
68 427
68 444
68 465
68 486
68 527
68 570
68 609
68 804
68 824
68 848
68 851
68 941
68 997
69 84
69 92
69 94
69 101
69 110
69 149
69 151
69 155
69 161
69 169
69 181
69 184
69 203
69 204
69 260
69 262
69 273
69 296
69 322
69 383
69 401
69 480
69 484
69 567
69 590
69 637
69 679
69 737
69 754
69 826
69 827
69 854
69 866
69 921
70 72
70 124
70 173
70 193
70 243
70 279
70 384
70 394
70 418
70 446
70 450
70 501
70 545
70 563
70 574
70 586
70 607
70 654
70 660
70 900
71 79
71 85
71 92
71 98
71 105
71 109
71 120
71 121
71 143
71 146
71 193
71 224
71 272
71 304
71 331
71 349
71 358
71 363
71 374
71 400
71 410
71 444
71 445
71 500
71 558
71 599
71 674
71 731
71 748
71 770
71 773
71 778
71 829
71 1003
72 75
72 98
72 122
72 125
72 146
72 152
72 164
72 179
72 187
72 198
72 268
72 281
72 282
72 287
72 288
72 307
72 333
72 338
72 368
72 456
72 514
72 518
72 569
72 587
72 588
72 599
72 633
72 740
72 805
72 830
72 871
72 872
72 885
72 891
72 908
72 923
72 965
72 976
72 995
72 1008
73 89
73 93
73 98
73 145
73 170
73 198
73 226
73 259
73 302
73 315
73 391
73 416
73 427
73 435
73 517
73 569
73 612
73 614
73 637
73 681
73 723
73 854
73 886
73 889
73 941
73 987
73 1002
73 1017
74 78
74 110
74 112
74 135
74 153
74 201
74 205
74 264
74 272
74 351
74 366
74 371
74 439
74 669
75 78
75 80
75 94
75 111
75 134
75 146
75 275
75 280
75 300
75 340
75 400
75 404
75 466
75 510
75 629
75 643
75 666
75 727
75 816
75 870
75 918
75 959
76 77
76 81
76 82
76 88
76 106
76 111
76 121
76 125
76 132
76 138
76 146
76 154
76 157
76 160
76 167
76 175
76 186
76 213
76 222
76 242
76 259
76 267
76 278
76 279
76 330
76 389
76 394
76 398
76 410
76 412
76 416
76 429
76 441
76 442
76 461
76 492
76 542
76 551
76 564
76 579
76 592
76 596
76 666
76 704
76 721
76 760
76 827
76 861
76 903
76 976
76 978
76 984
76 1020
76 1022
77 127
77 164
77 178
77 227
77 232
77 236
77 258
77 327
77 391
77 398
77 415
77 439
77 488
77 581
77 612
77 696
77 717
77 869
77 874
77 879
77 996
78 148
78 159
78 202
78 203
78 220
78 260
78 261
78 266
78 273
78 303
78 328
78 342
78 386
78 415
78 475
78 486
78 564
78 654
78 784
78 788
78 910
78 980
78 1020
79 86
79 104
79 106
79 108
79 111
79 119
79 143
79 145
79 166
79 170
79 187
79 248
79 289
79 294
79 333
79 376
79 380
79 451
79 503
79 530
79 554
79 604
79 774
79 793
79 820
79 852
79 861
79 930
79 934
79 948
79 950
79 962
79 984
79 994
80 90
80 95
80 112
80 117
80 130
80 131
80 133
80 149
80 169
80 177
80 188
80 206
80 212
80 252
80 388
80 410
80 542
80 558
80 646
80 727
80 850
80 901
80 989
80 1010
81 89
81 119
81 124
81 130
81 152
81 158
81 159
81 172
81 230
81 241
81 268
81 270
81 273
81 275
81 301
81 302
81 349
81 433
81 435
81 442
81 457
81 518
81 520
81 537
81 555
81 567
81 601
81 629
81 666
81 669
81 682
81 687
81 692
81 708
81 775
81 786
81 799
81 847
81 888
81 893
81 927
81 938
81 944
82 170
82 180
82 200
82 227
82 238
82 257
82 330
82 344
82 435
82 623
82 668
82 669
82 852
82 862
82 928
82 954
82 967
82 1001
83 108
83 110
83 118
83 120
83 129
83 133
83 134
83 147
83 169
83 194
83 211
83 239
83 247
83 313
83 320
83 325
83 332
83 350
83 355
83 356
83 390
83 477
83 503
83 517
83 619
83 764
83 841
83 914
83 922
83 925
84 103
84 104
84 163
84 172
84 185
84 189
84 213
84 214
84 240
84 273
84 303
84 306
84 371
84 388
84 422
84 433
84 437
84 481
84 532
84 546
84 591
84 696
84 729
84 824
84 838
84 911
84 957
84 994
84 1011
84 1013
85 117
85 119
85 177
85 206
85 221
85 234
85 237
85 266
85 274
85 292
85 315
85 341
85 373
85 385
85 533
85 555
85 564
85 588
85 647
85 655
85 727
85 763
85 772
85 855
86 149
86 197
86 198
86 223
86 278
86 325
86 364
86 393
86 429
86 509
86 538
86 572
86 588
86 619
86 621
86 678
86 697
86 714
86 721
86 744
86 832
86 834
86 844
86 880
86 896
86 913
86 918
86 939
86 957
86 958
86 965
86 977
86 1020
86 1022
87 140
87 152
87 183
87 513
87 517
87 550
87 591
87 635
87 693
87 709
87 910
87 928
88 100
88 116
88 221
88 228
88 234
88 242
88 351
88 512
88 606
88 740
88 785
88 838
88 845
88 885
88 972
88 980
89 104
89 192
89 199
89 214
89 217
89 233
89 251
89 259
89 305
89 347
89 357
89 359
89 395
89 411
89 427
89 463
89 469
89 471
89 506
89 522
89 554
89 600
89 643
89 672
89 694
89 742
89 748
89 762
89 879
89 928
89 941
89 953
89 959
90 99
90 108
90 134
90 151
90 173
90 198
90 217
90 226
90 256
90 281
90 464
90 484
90 488
90 498
90 570
90 638
90 717
90 722
90 750
91 97
91 105
91 141
91 176
91 195
91 221
91 293
91 473
91 512
91 535
91 681
91 724
91 820
91 903
91 914
91 964
92 93
92 161
92 165
92 219
92 295
92 371
92 423
92 463
92 465
92 476
92 539
92 546
92 593
92 625
92 643
92 736
92 757
92 899
92 951
93 148
93 300
93 323
93 349
93 366
93 468
93 472
93 538
93 577
93 608
93 618
93 800
93 802
93 823
93 858
93 972
94 96
94 109
94 141
94 160
94 178
94 181
94 229
94 284
94 287
94 295
94 304
94 347
94 395
94 413
94 423
94 433
94 434
94 462
94 469
94 484
94 504
94 578
94 666
94 671
94 699
94 710
94 761
94 900
94 1019
95 98
95 108
95 119
95 125
95 126
95 139
95 142
95 143
95 155
95 237
95 272
95 282
95 319
95 418
95 424
95 427
95 440
95 459
95 714
95 802
95 946
96 119
96 128
96 135
96 165
96 171
96 175
96 178
96 221
96 259
96 277
96 287
96 400
96 425
96 550
96 565
96 669
96 687
96 726
96 732
96 818
96 879
96 882
96 983
97 101
97 131
97 146
97 151
97 201
97 230
97 246
97 270
97 280
97 293
97 294
97 321
97 422
97 475
97 644
97 725
97 767
97 802
97 807
97 843
97 894
97 916
97 982
98 115
98 117
98 128
98 149
98 199
98 207
98 238
98 294
98 345
98 370
98 371
98 437
98 616
98 667
98 684
98 688
98 750
98 807
98 820
98 927
98 970
98 980
99 109
99 129
99 139
99 172
99 243
99 246
99 249
99 257
99 296
99 336
99 420
99 440
99 448
99 501
99 505
99 532
99 536
99 556
99 559
99 591
99 599
99 613
99 622
99 650
99 651
99 930
100 124
100 137
100 158
100 172
100 202
100 214
100 269
100 299
100 316
100 322
100 332
100 337
100 366
100 404
100 427
100 447
100 486
100 503
100 513
100 587
100 753
100 759
100 851
100 853
100 875
100 901
100 938
101 103
101 116
101 134
101 175
101 176
101 208
101 209
101 216
101 218
101 251
101 253
101 261
101 323
101 324
101 328
101 338
101 339
101 458
101 463
101 483
101 516
101 530
101 558
101 616
101 645
101 700
101 711
101 856
101 867
101 926
101 929
101 952
101 1004
102 109
102 112
102 118
102 138
102 141
102 145
102 205
102 229
102 274
102 314
102 346
102 353
102 363
102 367
102 379
102 396
102 473
102 635
102 646
102 658
102 688
102 704
102 748
102 759
102 809
102 856
102 881
102 956
102 996
103 113
103 130
103 136
103 168
103 183
103 200
103 204
103 217
103 258
103 323
103 354
103 402
103 405
103 407
103 414
103 443
103 464
103 590
103 653
103 708
103 809
103 819
103 841
103 865
103 934
103 987
104 111
104 161
104 191
104 201
104 248
104 284
104 292
104 333
104 380
104 414
104 439
104 501
104 509
104 511
104 520
104 533
104 534
104 630
104 648
104 660
104 685
104 749
104 763
104 785
104 848
105 149
105 152
105 158
105 164
105 188
105 254
105 269
105 276
105 340
105 404
105 424
105 461
105 505
105 630
105 632
105 672
105 676
105 683
105 721
105 752
105 810
105 850
105 901
105 907
105 934
105 1021
106 179
106 180
106 233
106 284
106 362
106 411
106 432
106 525
106 622
106 648
106 782
106 827
107 160
107 300
107 457
107 469
107 491
107 537
107 598
107 628
107 678
107 713
107 765
107 777
107 882
108 155
108 169
108 180
108 187
108 243
108 400
108 499
108 689
108 724
108 815
108 949
108 951
109 125
109 232
109 248
109 262
109 289
109 391
109 536
109 552
109 640
109 733
109 736
109 793
109 888
109 984
110 131
110 191
110 196
110 217
110 218
110 254
110 258
110 277
110 327
110 499
110 600
110 846
110 895
111 115
111 129
111 132
111 174
111 185
111 223
111 236
111 250
111 277
111 296
111 298
111 304
111 305
111 334
111 383
111 396
111 429
111 432
111 470
111 571
111 576
111 602
111 608
111 639
111 766
111 839
111 876
111 971
111 1008
112 115
112 209
112 251
112 339
112 399
112 406
112 416
112 539
112 572
112 619
112 650
112 716
112 762
112 770
112 774
112 1013
113 153
113 165
113 252
113 298
113 509
113 572
113 1021
114 145
114 168
114 176
114 195
114 218
114 222
114 359
114 364
114 368
114 443
114 492
114 524
114 555
114 574
114 585
114 599
114 633
114 653
114 671
114 679
114 683
114 701
114 770
114 795
114 986
115 122
115 147
115 252
115 271
115 308
115 336
115 398
115 501
115 514
115 811
115 937
115 951
116 129
116 146
116 159
116 164
116 170
116 187
116 255
116 300
116 306
116 313
116 364
116 421
116 450
116 459
116 466
116 481
116 527
116 551
116 662
116 674
116 683
116 807
116 824
116 854
116 878
116 929
116 953
116 989
116 1003
116 1008
116 1011
117 120
117 216
117 268
117 298
117 350
117 405
117 483
117 535
117 631
117 678
117 713
117 719
117 819
117 991
117 999
117 1012
118 202
118 203
118 360
118 457
118 506
118 537
118 615
118 840
118 862
118 905
119 214
119 273
119 333
119 336
119 343
119 354
119 355
119 384
119 419
119 422
119 437
119 496
119 547
119 561
119 597
119 623
119 654
119 697
119 805
119 810
119 865
119 904
119 962
119 978
119 1018
120 129
120 140
120 158
120 179
120 193
120 200
120 204
120 239
120 289
120 295
120 297
120 311
120 312
120 314
120 319
120 332
120 399
120 413
120 427
120 448
120 472
120 484
120 485
120 504
120 515
120 526
120 576
120 597
120 603
120 648
120 656
120 745
120 751
120 754
120 789
120 856
120 882
120 961
120 1017
121 122
121 127
121 138
121 164
121 168
121 171
121 191
121 196
121 200
121 213
121 234
121 249
121 251
121 270
121 297
121 353
121 419
121 491
121 511
121 574
121 585
121 597
121 651
121 671
121 720
121 745
121 750
121 787
121 789
121 821
121 901
121 908
122 126
122 142
122 160
122 182
122 215
122 240
122 258
122 323
122 353
122 378
122 384
122 414
122 438
122 470
122 516
122 542
122 585
122 724
122 729
122 780
122 786
122 795
122 814
122 815
122 944
122 1008
123 143
123 157
123 209
123 280
123 304
123 326
123 343
123 381
123 433
123 653
123 702
123 873
123 888
123 914
123 949
123 987
124 140
124 197
124 222
124 230
124 282
124 342
124 429
124 476
124 487
124 535
124 605
124 665
124 675
124 691
124 750
124 761
124 767
124 768
124 791
124 1003
124 1021
125 138
125 179
125 219
125 230
125 238
125 281
125 309
125 317
125 406
125 408
125 455
125 465
125 514
125 593
125 597
125 638
125 661
125 671
125 696
125 801
125 838
125 861
125 872
125 876
125 893
125 912
125 917
125 925
125 980
126 141
126 144
126 166
126 174
126 176
126 184
126 192
126 200
126 210
126 237
126 316
126 340
126 342
126 360
126 407
126 446
126 510
126 531
126 606
126 614
126 630
126 668
126 669
126 671
126 705
126 774
126 793
126 796
126 799
126 818
126 840
126 853
126 884
126 888
126 898
126 920
126 985
126 1014
127 138
127 141
127 149
127 150
127 153
127 157
127 280
127 356
127 444
127 521
127 618
127 681
127 706
127 738
127 758
127 813
127 840
127 857
127 895
127 987
127 1002
128 133
128 185
128 231
128 249
128 307
128 312
128 367
128 392
128 431
128 513
128 666
128 683
128 743
128 999
129 133
129 275
129 276
129 304
129 348
129 375
129 456
129 487
129 623
129 642
129 680
129 694
129 721
129 759
129 760
129 900
129 935
129 951
130 152
130 167
130 172
130 231
130 242
130 260
130 290
130 321
130 366
130 411
130 415
130 443
130 586
130 641
130 704
130 747
130 752
130 788
130 892
130 992
131 208
131 227
131 280
131 343
131 357
131 463
131 531
131 556
131 573
131 862
132 173
132 194
132 247
132 292
132 306
132 326
132 351
132 367
132 500
132 552
132 554
132 686
132 749
132 773
132 776
132 778
132 792
132 832
132 839
132 892
132 917
132 956
132 966
133 156
133 185
133 210
133 303
133 312
133 313
133 325
133 344
133 414
133 440
133 496
133 514
133 536
133 548
133 586
133 826
133 916
133 923
133 924
134 137
134 190
134 210
134 213
134 245
134 281
134 401
134 424
134 598
134 636
134 661
134 874
134 970
135 136
135 171
135 234
135 336
135 343
135 362
135 412
135 490
135 540
135 602
135 629
135 645
135 696
135 725
135 760
135 778
135 838
135 938
135 956
136 138
136 139
136 159
136 244
136 265
136 324
136 340
136 372
136 401
136 426
136 498
136 544
136 546
136 603
136 650
136 703
136 727
136 757
136 824
136 916
136 952
136 1006
136 1011
136 1017
136 1018
136 1023
137 140
137 152
137 188
137 197
137 206
137 256
137 308
137 332
137 422
137 498
137 555
137 584
137 619
137 731
137 746
137 753
137 830
137 849
137 948
137 969
137 992
137 1014
138 162
138 165
138 184
138 188
138 214
138 222
138 249
138 253
138 281
138 319
138 326
138 370
138 445
138 447
138 456
138 466
138 500
138 523
138 542
138 622
138 627
138 638
138 709
138 728
138 765
138 826
138 882
138 928
138 948
138 960
138 967
139 185
139 208
139 235
139 240
139 377
139 411
139 451
139 476
139 518
139 618
139 647
139 723
139 724
139 782
139 910
139 951
140 180
140 204
140 232
140 269
140 289
140 524
140 525
140 799
140 800
140 838
140 966
141 161
141 162
141 173
141 394
141 434
141 446
141 653
141 704
141 877
141 953
142 248
142 292
142 354
142 373
142 397
142 422
142 561
142 815
143 184
143 220
143 275
143 327
143 436
143 529
143 541
143 627
143 733
143 770
143 817
143 839
143 955
143 958
143 961
144 147
144 148
144 154
144 162
144 179
144 192
144 203
144 207
144 217
144 236
144 305
144 324
144 329
144 334
144 397
144 426
144 441
144 468
144 488
144 511
144 524
144 583
144 614
144 663
144 664
144 747
144 806
144 850
144 894
144 930
144 1012
144 1019
145 168
145 198
145 201
145 229
145 238
145 250
145 384
145 418
145 567
145 661
145 662
145 745
145 748
145 823
145 849
145 878
145 928
145 946
145 977
145 1000
146 155
146 190
146 242
146 277
146 280
146 334
146 427
146 455
146 478
146 512
146 563
146 648
146 680
146 707
146 759
146 828
146 868
146 899
146 902
146 903
146 968
147 170
147 234
147 320
147 471
147 507
147 568
147 668
147 726
147 736
147 751
147 1023
148 179
148 228
148 254
148 337
148 344
148 368
148 380
148 474
148 501
148 543
148 552
148 586
148 593
148 616
148 625
148 658
148 712
148 830
148 899
149 185
149 189
149 270
149 311
149 312
149 402
149 406
149 453
149 466
149 472
149 473
149 483
149 570
149 647
149 680
149 682
149 726
149 747
149 835
149 896
149 917
149 938
150 186
150 189
150 216
150 219
150 250
150 274
150 362
150 395
150 471
150 504
150 572
150 681
150 706
150 791
150 895
150 986
150 1011
151 302
151 374
151 577
151 606
151 705
151 871
151 958
152 177
152 230
152 245
152 641
152 989
153 196
153 238
153 257
153 279
153 285
153 296
153 434
153 447
153 463
153 468
153 506
153 549
153 566
153 581
153 806
153 995
154 192
154 248
154 261
154 263
154 309
154 368
154 447
154 596
154 603
154 747
154 812
154 820
154 868
154 1009
155 205
155 263
155 416
155 570
155 592
155 612
155 836
155 906
156 471
156 595
156 641
156 643
156 715
156 985
157 171
157 219
157 279
157 292
157 349
157 370
157 372
157 448
157 571
157 588
157 624
157 628
157 712
157 938
157 969
157 1006
158 167
158 168
158 177
158 220
158 346
158 703
158 708
158 956
159 161
159 207
159 281
159 288
159 292
159 333
159 372
159 376
159 414
159 454
159 550
159 569
159 826
159 851
159 931
159 949
159 999
160 291
160 510
160 556
160 562
160 598
160 864
161 220
161 229
161 234
161 274
161 342
161 346
161 361
161 389
161 406
161 417
161 451
161 463
161 523
161 542
161 635
161 651
161 702
161 811
161 957
161 1009
162 188
162 216
162 236
162 237
162 370
162 407
162 421
162 475
162 519
162 557
162 589
162 607
162 670
162 671
162 729
162 918
163 222
163 270
163 292
163 365
163 376
163 386
163 439
163 493
163 513
163 759
163 809
164 200
164 263
164 321
164 627
164 657
164 684
164 734
164 807
164 879
164 966
165 167
165 199
165 243
165 247
165 280
165 296
165 350
165 468
165 529
165 692
165 853
166 202
166 236
166 244
166 335
166 403
166 405
166 642
166 678
167 184
167 228
167 299
167 318
167 408
167 420
167 547
167 585
167 630
167 636
167 657
167 719
167 788
167 802
167 825
167 828
167 836
167 879
167 889
167 972
167 1011
168 214
168 245
168 368
168 539
168 793
169 186
169 278
169 314
169 326
169 469
169 526
169 578
169 672
169 1022
170 210
170 237
170 340
170 360
170 497
170 498
170 536
170 645
170 685
170 687
170 698
170 710
170 774
170 852
170 873
170 969
171 204
171 213
171 215
171 253
171 254
171 288
171 291
171 292
171 392
171 430
171 433
171 470
171 515
171 534
171 580
171 734
171 735
171 761
171 798
171 823
172 286
172 322
172 365
172 530
172 621
172 751
173 187
173 192
173 232
173 278
173 281
173 328
173 347
173 404
173 474
173 553
173 711
173 865
174 208
174 286
174 338
174 355
174 428
174 490
174 505
174 534
174 560
174 816
174 818
174 869
174 978
175 189
175 264
175 458
175 562
175 683
175 757
175 855
175 857
175 969
175 989
176 181
176 183
176 222
176 240
176 256
176 314
176 366
176 393
176 405
176 450
176 480
176 503
176 540
176 541
176 604
176 712
176 713
176 859
176 882
176 942
176 993
177 301
177 352
177 361
177 471
177 529
177 816
177 880
177 948
177 971
178 238
178 367
178 418
178 464
178 472
178 484
178 492
178 528
178 674
178 688
179 182
179 218
179 388
179 444
179 453
179 543
179 668
179 762
179 832
179 972
179 997
180 201
180 213
180 244
180 339
180 401
180 452
180 464
180 489
180 528
180 545
180 578
180 601
180 804
180 828
180 829
180 878
180 948
180 967
181 184
181 216
181 411
181 476
181 659
181 695
181 885
182 201
182 346
182 369
182 604
182 615
182 656
182 702
182 733
182 833
182 879
182 891
183 193
183 233
183 307
183 381
183 460
183 580
183 634
183 638
183 678
183 770
183 819
183 965
183 1018
184 211
184 241
184 264
184 276
184 279
184 293
184 370
184 423
184 429
184 584
184 592
184 621
184 921
184 945
184 950
185 310
185 330
185 431
185 528
185 570
185 582
185 592
185 596
185 612
185 801
185 857
185 913
185 952
186 253
186 265
186 303
186 486
186 520
186 572
186 590
186 630
186 632
186 691
186 791
186 795
186 804
186 926
187 336
187 344
187 381
187 385
187 407
187 417
187 452
187 499
187 533
187 621
187 663
187 915
188 315
188 407
188 558
188 576
188 686
188 845
189 197
189 204
189 214
189 218
189 311
189 346
189 451
189 538
189 703
189 744
189 750
189 831
189 1014
190 220
190 235
190 241
190 287
190 294
190 309
190 325
190 334
190 369
190 386
190 387
190 415
190 436
190 442
190 478
190 543
190 572
190 587
190 770
190 976
190 1004
191 348
191 376
191 403
191 419
191 447
191 459
191 582
191 619
191 817
191 867
191 902
191 924
191 999
192 224
192 227
192 263
192 290
192 312
192 348
192 367
192 614
192 693
193 206
193 210
193 226
193 295
193 370
193 450
193 462
193 668
193 705
193 755
193 763
193 781
193 840
193 881
194 206
194 208
194 283
194 317
194 344
194 474
194 507
194 608
194 659
194 679
194 751
194 879
195 199
195 235
195 372
195 420
195 604
195 635
195 797
196 220
196 225
196 233
196 274
196 313
196 322
196 365
196 394
196 438
196 458
196 520
196 606
196 615
196 630
196 640
196 661
196 736
196 739
196 785
196 863
196 969
196 986
196 1021
197 586
197 644
197 811
197 895
197 939
198 212
198 310
198 377
198 394
198 512
198 742
198 782
198 880
198 899
198 921
198 936
199 209
199 219
199 223
199 232
199 326
199 483
199 485
199 595
199 913
199 1020
200 201
200 232
200 310
200 315
200 328
200 352
200 362
200 439
200 469
200 561
200 574
200 600
200 666
200 757
200 770
200 797
200 805
200 839
200 977
200 993
200 999
201 345
201 369
201 390
201 408
201 444
201 479
201 494
201 574
201 639
201 641
201 647
201 715
201 767
201 837
201 902
201 912
201 939
201 974
202 206
202 218
202 227
202 272
202 330
202 412
202 461
202 516
202 793
202 961
203 225
203 277
203 371
203 394
203 395
203 419
203 462
203 498
203 557
203 613
203 615
203 645
203 691
203 757
203 766
203 772
203 777
203 904
204 230
204 237
204 278
204 320
204 416
204 418
204 451
204 479
204 710
204 716
204 840
204 842
204 981
204 986
204 1019
205 236
205 291
205 358
205 398
205 450
205 465
205 482
205 538
205 740
205 794
205 915
206 211
206 216
206 223
206 235
206 289
206 512
206 643
206 660
206 759
206 791
206 840
206 1011
207 308
207 319
207 376
207 382
207 408
207 417
207 418
207 461
207 531
207 589
207 602
207 654
207 898
207 921
207 941
208 331
208 360
208 491
208 524
208 573
208 783
208 898
209 261
209 269
209 285
209 286
209 381
209 386
209 490
209 493
209 736
209 816
209 842
210 304
210 382
210 392
210 481
210 491
210 544
210 659
210 849
210 969
211 273
211 283
211 464
211 501
211 521
211 619
211 664
211 891
212 226
212 286
212 364
212 396
212 400
212 527
212 597
212 771
212 907
213 326
213 360
213 381
213 399
213 420
213 493
213 613
213 858
213 870
213 877
214 256
214 280
214 545
214 685
215 217
215 223
215 227
215 275
215 283
215 446
215 519
215 547
215 606
215 1001
216 226
216 261
216 299
216 397
216 400
216 426
216 428
216 547
216 552
216 694
216 962
216 1003
217 223
217 259
217 359
217 445
217 521
217 644
217 675
218 223
218 228
218 235
218 367
218 411
218 516
218 528
218 563
218 607
218 662
218 717
218 723
218 926
218 975
218 1004
219 270
219 431
219 516
219 689
219 904
219 972
220 239
220 650
220 811
220 946
221 245
221 262
221 447
221 521
221 533
221 688
221 769
221 902
221 986
222 225
222 252
222 276
222 351
222 352
222 579
222 603
222 615
222 642
222 675
222 698
222 736
222 760
222 768
222 872
222 897
222 944
222 977
222 982
223 232
223 255
223 257
223 392
223 413
223 440
223 454
223 460
223 493
223 763
223 858
223 906
223 939
224 316
224 341
224 432
224 521
224 655
224 696
225 226
225 233
225 237
225 262
225 274
225 290
225 300
225 312
225 326
225 335
225 349
225 369
225 375
225 445
225 474
225 507
225 582
225 611
225 660
225 699
225 739
225 751
225 922
226 241
226 249
226 260
226 362
226 378
226 420
226 451
226 505
226 590
226 780
226 796
226 825
226 868
226 899
227 354
227 377
227 409
227 417
227 503
227 600
227 686
227 831
227 967
227 972
228 243
228 244
228 338
228 424
228 655
228 781
228 838
229 233
229 254
229 425
229 600
229 646
229 787
229 982
230 276
230 289
230 457
231 234
231 286
231 305
231 426
231 488
231 527
231 629
231 731
231 959
232 845
232 892
232 919
233 251
233 274
233 307
233 343
233 526
233 632
233 649
233 686
233 700
233 707
233 738
233 749
233 952
234 270
234 289
234 383
234 456
234 485
234 813
235 242
235 254
235 275
235 289
235 322
235 369
235 374
235 467
235 472
235 512
235 534
235 569
235 570
235 694
235 786
235 965
236 237
236 251
236 301
236 336
236 353
236 408
236 466
236 487
236 534
236 571
236 612
236 638
236 689
236 706
236 734
236 781
236 944
236 959
237 250
237 284
237 317
237 556
237 622
237 649
237 907
237 953
238 270
238 299
238 305
238 309
238 361
238 382
238 386
238 409
238 528
238 542
238 582
238 642
238 729
238 803
238 824
239 279
239 319
239 335
239 406
239 479
239 499
239 556
239 590
239 647
239 749
239 780
239 969
240 242
240 252
240 268
240 302
240 366
240 377
240 397
240 529
240 548
240 607
240 623
240 643
240 651
240 784
240 804
240 809
240 876
240 931
240 973
240 992
241 282
241 521
241 726
241 783
241 815
241 830
242 265
242 440
242 504
242 517
242 538
242 698
242 841
242 1019
243 298
243 416
243 468
243 484
243 507
243 815
243 912
244 290
244 298
244 378
244 385
244 439
244 720
244 966
244 1001
245 267
245 268
245 274
245 547
245 558
245 681
245 775
246 255
246 266
246 316
246 338
246 602
246 621
246 666
246 719
246 724
246 735
246 828
246 1005
247 308
247 377
247 679
247 764
247 827
247 886
247 912
247 990
248 253
248 358
248 462
248 514
248 571
248 883
248 909
249 307
249 334
249 348
249 448
249 479
249 567
249 649
249 729
249 854
249 1022
250 412
250 430
250 522
250 583
250 720
250 765
250 848
250 884
251 435
251 670
251 791
251 1014
252 297
252 321
252 388
252 429
252 452
252 518
252 580
252 680
253 257
253 294
253 379
253 399
253 491
253 495
253 525
253 573
253 577
253 584
253 649
253 652
253 726
253 779
253 826
253 957
253 970
253 1009
254 459
254 475
254 781
254 810
254 837
254 892
254 894
254 925
255 269
255 272
255 285
255 294
255 402
255 408
255 425
255 444
255 453
255 563
255 606
255 623
255 658
255 715
255 778
255 863
255 934
255 940
255 958
255 983
255 1007
256 387
256 388
256 495
256 580
256 688
256 703
256 741
256 861
256 873
257 297
257 314
257 412
257 532
257 544
257 634
257 635
257 657
257 715
257 766
257 873
257 1013
258 345
258 358
258 394
258 417
258 428
258 455
258 686
258 728
258 741
258 774
259 343
259 505
259 529
259 568
259 688
259 982
260 293
260 306
260 379
260 380
260 490
260 522
260 525
260 544
260 593
260 601
260 604
260 605
260 779
260 787
260 796
260 938
261 356
261 425
261 435
261 473
261 488
261 531
261 621
261 801
261 886
261 940
261 957
261 962
262 264
262 296
262 492
262 526
262 566
262 663
262 698
262 807
262 868
262 1005
262 1006
263 267
263 440
263 532
263 575
263 705
263 769
263 775
263 776
263 784
263 790
263 873
263 936
263 991
263 1008
263 1018
264 296
264 300
264 474
264 493
264 556
264 578
264 699
264 781
264 849
265 353
265 406
265 466
265 560
265 699
265 734
265 895
265 896
266 282
266 384
266 396
266 453
266 718
266 777
266 881
266 908
266 947
266 959
267 271
267 298
267 302
267 327
267 465
267 467
267 510
267 524
267 557
267 620
267 710
267 828
267 931
267 965
268 327
268 340
268 487
268 502
268 505
268 507
268 511
268 522
268 634
268 723
268 735
268 865
268 886
268 947
268 1022
269 351
269 470
269 473
269 636
269 667
269 685
269 802
269 870
269 1023
270 282
270 315
270 379
270 396
270 404
270 405
270 439
270 482
270 546
270 626
270 658
270 714
270 750
270 844
270 875
270 928
270 944
270 967
270 1016
271 328
271 976
272 273
272 321
272 422
272 488
272 574
272 576
272 601
272 806
272 889
272 966
273 275
273 368
273 390
273 478
273 562
273 604
273 633
273 714
273 734
273 812
273 895
274 329
274 354
274 531
274 533
274 541
274 651
274 653
274 700
274 764
274 773
275 311
275 324
275 339
275 425
275 434
275 485
275 499
275 502
275 516
275 549
275 557
275 610
275 631
275 635
275 640
275 702
275 721
275 791
275 800
275 881
275 932
275 958
275 993
276 344
276 390
276 395
276 409
276 456
276 969
277 346
277 381
277 385
277 467
277 532
278 279
278 398
278 557
278 561
278 610
278 634
278 654
278 785
278 817
278 880
279 284
279 293
279 381
279 420
279 499
279 517
279 547
279 668
279 746
279 752
279 823
279 885
279 1015
280 359
280 400
280 403
280 497
280 544
280 553
281 321
281 326
281 335
281 363
281 502
281 685
281 707
281 743
281 762
281 812
281 818
281 979
281 989
282 283
282 313
282 348
282 461
282 487
282 560
282 756
282 778
283 318
283 468
283 523
283 559
283 577
283 821
284 430
284 453
284 714
284 765
284 778
284 814
284 887
285 288
285 300
285 528
285 605
285 709
285 729
285 789
285 983
286 393
286 536
286 586
286 946
287 297
287 341
287 504
287 508
287 543
287 624
287 820
287 834
287 965
288 311
288 424
288 484
288 487
288 541
288 581
288 617
288 618
288 631
288 647
288 812
288 888
288 978
288 1006
289 299
289 495
289 537
289 710
289 754
289 828
289 831
289 866
289 874
289 947
289 974
289 1023
290 454
290 509
290 535
290 578
290 658
290 903
290 942
291 317
291 333
291 358
291 361
291 456
291 523
291 601
291 607
291 730
291 789
291 894
291 926
291 1001
292 300
292 357
292 430
292 449
292 573
292 665
292 788
292 996
292 1000
293 660
293 957
294 297
294 376
294 520
294 546
294 592
294 746
294 860
294 931
294 978
295 322
295 464
295 505
295 531
295 554
295 587
295 589
295 739
295 799
295 857
295 898
295 991
296 342
296 345
296 367
296 456
296 487
296 546
296 561
296 562
296 676
296 810
296 888
296 1000
297 337
297 338
297 421
297 462
297 518
297 529
297 772
297 853
297 975
298 413
298 478
298 525
298 594
298 599
298 676
298 678
298 680
298 796
298 866
299 316
299 332
299 375
299 976
300 307
300 397
300 620
300 981
301 536
301 608
301 861
302 317
302 385
302 423
302 456
302 708
302 751
302 927
303 307
303 370
303 442
303 636
303 686
304 347
304 366
304 377
304 406
304 547
304 635
304 767
304 769
304 974
305 314
305 318
305 417
305 460
305 602
305 618
305 640
305 665
305 755
305 804
305 822
305 890
305 989
306 320
306 329
306 361
306 396
306 446
306 540
306 615
306 756
306 779
306 909
307 355
307 507
307 510
307 573
307 708
307 808
307 900
308 340
308 469
308 486
308 756
308 827
308 833
308 837
309 407
309 523
309 660
309 682
309 713
309 856
309 904
309 922
310 347
310 488
310 644
310 929
310 945
310 963
311 351
311 563
311 593
311 701
311 751
311 784
311 831
311 916
312 336
312 904
313 449
313 489
313 568
313 613
313 692
313 805
313 828
313 855
313 884
313 1003
314 315
314 393
314 431
314 497
314 523
314 530
314 602
314 726
314 893
314 908
314 1001
315 336
315 389
315 395
315 580
315 950
316 431
316 443
316 478
316 500
316 520
316 560
316 565
316 578
316 611
316 707
316 711
316 742
316 745
316 764
316 834
317 319
317 341
317 897
318 379
318 453
318 903
319 325
319 374
319 583
319 647
319 673
319 742
319 748
319 798
319 946
320 380
320 412
320 499
320 759
320 837
320 901
321 329
321 446
321 619
321 749
321 816
321 1008
322 465
322 574
322 578
322 600
322 772
322 800
322 954
323 339
323 385
323 445
323 494
323 777
323 819
323 1000
324 330
324 341
324 443
324 449
324 460
324 534
324 598
324 684
324 802
324 864
324 882
324 953
325 431
325 607
326 592
326 602
326 984
326 1018
327 380
327 571
328 335
328 473
328 588
328 601
328 666
328 844
328 885
328 931
328 978
329 352
329 354
329 368
329 378
329 381
329 403
329 460
329 472
329 477
329 479
329 508
329 534
329 629
329 630
329 732
329 737
329 1020
330 341
330 400
330 606
330 682
330 697
330 861
330 864
330 882
330 894
331 337
331 396
331 520
331 547
331 586
331 604
331 629
331 660
331 667
331 692
331 724
331 745
331 809
331 870
331 949
331 982
332 362
332 373
332 538
332 555
332 572
332 639
332 652
332 726
333 395
333 703
333 801
333 873
333 981
334 350
334 504
334 511
334 718
334 754
334 830
335 342
335 347
335 710
335 717
335 721
335 804
335 916
336 363
336 368
336 387
336 449
336 595
336 631
336 810
336 917
337 359
337 553
337 660
338 349
338 364
338 374
338 389
338 416
338 433
338 515
338 573
338 717
338 728
338 852
338 927
338 963
339 526
339 535
339 913
340 502
340 581
340 815
340 835
340 965
341 350
341 354
341 450
341 610
341 688
341 720
341 748
341 1019
342 553
342 789
343 475
343 480
343 493
343 586
343 860
343 957
344 481
344 485
344 560
344 605
344 752
344 791
344 886
344 1000
345 369
345 390
345 565
345 626
345 652
345 688
345 708
345 800
345 904
346 357
346 371
346 382
346 455
346 528
346 830
346 909
346 966
347 476
347 503
347 516
347 603
347 963
348 358
348 370
348 386
348 389
348 452
348 692
348 954
348 998
349 355
349 368
349 479
349 509
349 624
349 754
349 777
349 795
350 396
350 435
350 440
350 510
350 556
350 760
350 958
351 361
351 379
351 523
351 835
351 1012
352 355
352 358
352 391
352 420
353 359
353 654
353 747
353 907
353 1008
354 397
354 415
354 458
354 670
354 753
354 801
354 803
354 858
354 962
354 997
355 504
355 520
355 574
355 612
355 637
355 772
355 847
355 883
355 955
356 397
356 432
356 433
356 467
356 477
356 534
356 634
356 665
356 744
356 896
357 466
357 484
357 537
357 700
357 852
357 933
357 993
358 398
358 691
359 380
359 419
359 513
359 527
359 528
359 746
359 866
360 397
360 428
360 441
360 489
360 605
360 801
360 867
361 378
361 383
361 405
361 428
361 436
361 467
361 518
361 563
361 701
361 768
361 849
361 944
361 999
362 643
362 658
362 811
363 386
363 548
363 665
363 682
363 741
363 887
363 1019
364 395
364 412
364 445
364 580
364 627
364 642
364 704
364 767
364 965
365 403
365 788
365 874
365 910
365 1003
366 768
366 850
366 963
367 378
367 452
367 478
367 501
367 667
367 990
368 410
368 819
368 861
369 389
369 416
369 439
369 444
369 579
369 591
369 970
370 446
370 462
370 649
370 667
370 690
370 732
370 744
370 766
370 898
371 405
371 1010
372 390
372 563
372 674
372 712
372 776
373 436
373 498
373 613
373 690
373 776
373 803
373 854
373 981
374 395
374 787
374 855
374 856
374 918
374 928
374 988
374 1018
375 441
375 496
375 522
375 529
375 568
375 631
375 646
375 657
375 682
375 758
375 790
375 881
375 944
375 993
376 598
376 713
377 392
377 394
377 582
377 699
377 769
377 782
377 885
378 450
378 482
378 706
378 731
378 773
378 818
378 877
378 1016
379 380
379 387
379 388
379 423
379 530
379 537
379 564
379 631
379 636
379 755
379 968
380 438
380 484
380 517
380 534
380 568
380 595
380 596
380 622
380 723
380 727
380 732
380 764
380 823
380 945
381 434
381 448
381 549
381 552
381 566
381 584
381 703
381 772
381 800
381 818
381 911
382 437
382 448
382 487
382 537
382 598
382 662
382 718
382 832
382 907
382 962
383 449
383 460
383 489
383 635
383 689
383 964
384 637
384 641
384 784
384 785
384 943
384 949
384 973
385 784
385 825
385 860
386 576
386 846
386 979
387 449
387 458
387 601
387 609
387 737
387 796
387 798
387 977
387 988
387 1016
388 393
388 503
388 549
388 639
388 738
389 426
389 576
389 620
389 724
389 762
389 847
389 902
389 923
389 961
390 774
390 872
391 591
392 584
392 590
392 614
392 646
392 670
392 846
393 409
393 482
393 493
393 519
393 545
393 649
393 720
393 722
393 729
393 774
393 789
393 806
393 985
393 1000
394 589
395 497
395 656
395 765
395 974
395 1004
396 452
396 539
396 564
396 577
396 692
396 803
396 919
396 1015
397 425
397 485
397 549
397 687
397 722
397 734
397 813
397 826
398 411
398 721
398 873
399 440
399 482
399 541
399 619
399 714
399 771
399 805
399 810
399 831
399 933
399 1009
400 672
400 714
400 743
400 998
401 415
401 424
401 465
401 475
401 612
401 676
401 690
401 787
401 817
401 912
401 915
401 974
402 411
402 480
402 610
402 924
403 888
403 933
403 945
403 963
404 646
404 705
405 470
405 494
405 575
405 846
406 463
406 517
406 610
406 758
406 809
406 816
406 863
406 999
407 411
407 471
407 476
407 504
407 506
407 553
407 575
407 596
407 704
407 715
407 743
407 766
408 731
408 739
408 844
408 880
408 971
409 508
409 550
409 606
409 693
409 940
410 462
410 619
410 930
410 931
411 443
411 514
411 812
412 431
412 633
412 711
412 872
413 549
413 625
413 637
413 736
413 758
413 859
414 427
414 496
414 506
414 519
414 567
414 579
414 587
414 652
414 728
414 742
414 988
415 419
415 521
415 765
415 975
416 511
416 563
416 567
416 671
416 690
416 744
416 873
416 876
417 447
417 702
417 780
418 424
418 672
418 782
418 970
419 474
419 753
419 758
420 755
420 807
420 872
420 956
420 1018
421 566
421 670
421 747
422 433
422 437
422 450
422 461
422 480
422 557
422 617
422 626
422 628
422 688
422 785
422 803
422 886
423 457
423 693
423 866
423 867
423 990
424 845
424 938
425 581
425 605
425 719
425 723
426 467
426 492
426 542
426 632
426 650
426 698
426 783
426 787
427 516
427 558
427 617
427 692
427 815
427 966
427 980
428 496
428 558
428 654
428 738
428 757
429 446
429 469
429 569
429 579
429 637
429 749
429 794
430 569
430 740
430 832
430 990
430 1003
430 1016
431 623
432 453
432 618
432 636
432 693
432 785
433 672
433 723
433 875
433 896
433 897
433 901
433 922
433 989
434 466
434 644
434 654
434 1017
435 489
435 541
436 691
436 902
436 955
436 987
437 473
437 610
437 651
437 657
437 675
437 687
438 481
438 624
438 691
438 733
438 742
438 945
439 752
440 442
440 454
440 644
440 672
440 733
440 762
440 804
440 807
440 810
440 864
440 937
441 495
441 562
441 656
441 726
441 765
441 791
441 833
441 874
441 881
441 902
441 909
442 455
442 657
442 730
443 496
443 585
443 609
443 664
443 857
443 939
444 620
444 624
444 710
444 743
444 818
444 966
445 732
445 824
446 592
446 774
446 857
446 898
446 953
447 487
447 523
447 539
447 557
447 568
447 812
448 476
448 597
448 667
448 796
448 955
448 998
449 609
449 680
449 1002
449 1007
450 464
450 519
450 711
450 720
450 920
450 996
450 1007
451 486
451 524
451 605
451 614
451 639
451 897
452 540
452 608
452 724
453 477
453 490
453 586
453 685
454 623
454 625
454 757
454 819
454 822
455 477
455 489
455 559
455 661
455 669
455 871
456 513
456 568
456 826
456 1015
457 525
457 642
457 669
457 702
458 511
458 784
458 872
459 483
459 508
459 617
459 618
459 620
459 653
459 991
460 764
460 775
460 962
461 477
461 667
461 677
462 656
462 703
462 831
463 473
463 700
463 747
463 752
463 864
463 905
463 995
464 477
464 491
464 499
464 527
464 850
465 498
465 552
465 587
465 611
465 616
465 671
465 831
465 913
466 567
467 513
467 594
467 665
467 948
467 1017
468 482
468 584
468 649
468 698
468 701
468 735
468 782
468 980
468 987
468 1020
469 489
469 496
469 629
469 732
469 925
469 974
470 503
470 633
470 738
471 518
471 653
471 750
471 913
472 613
472 640
472 680
472 707
472 767
473 498
473 801
473 811
473 910
473 983
473 984
474 524
474 583
474 798
475 610
475 762
475 792
475 831
476 624
476 655
476 778
476 941
476 981
477 479
477 605
477 718
477 740
477 777
477 866
478 506
478 520
478 533
478 588
478 633
478 805
478 879
478 894
478 895
479 590
479 758
479 887
479 900
480 608
480 625
480 627
480 862
480 951
481 890
481 915
481 920
481 960
482 527
482 863
482 959
483 490
483 515
483 554
483 680
483 704
483 717
483 740
483 759
483 780
483 954
483 956
483 977
483 1010
484 521
484 621
484 628
484 841
485 510
485 540
485 763
485 772
485 836
485 890
485 898
486 540
486 549
486 706
486 746
486 844
486 963
486 976
487 640
487 659
487 705
487 709
487 725
487 871
487 939
487 998
487 1015
488 555
488 604
488 672
489 686
489 730
489 851
489 899
490 533
490 590
490 615
490 752
490 843
490 852
490 998
491 579
492 777
492 979
492 1022
493 656
493 657
493 809
493 855
493 890
494 535
494 611
494 622
494 785
494 850
494 1009
495 575
496 566
496 623
496 652
496 807
496 849
496 962
497 529
497 537
497 689
497 701
497 708
497 753
497 789
498 670
498 728
498 754
498 933
498 965
498 1006
499 526
499 550
499 704
499 790
499 973
499 1005
500 565
500 753
500 786
501 502
501 639
501 735
501 741
501 856
502 528
502 572
502 633
502 773
502 855
502 918
502 986
503 573
503 637
503 652
503 718
503 834
503 939
504 563
504 607
504 725
504 877
505 970
506 575
506 577
506 728
506 760
506 987
507 584
507 761
507 814
508 737
508 865
508 995
509 530
509 551
509 749
510 619
510 678
511 632
511 798
511 850
512 886
512 1016
513 611
513 749
513 800
513 880
514 614
514 715
515 528
515 842
516 589
516 771
516 787
517 613
517 628
517 659
517 684
517 688
517 759
517 808
517 846
518 579
518 607
518 616
518 704
518 783
518 818
518 842
518 875
519 567
519 633
519 652
519 726
519 906
519 926
519 942
519 1016
520 715
520 929
520 943
520 1003
521 548
521 731
521 773
521 921
521 975
522 594
522 610
523 792
523 816
523 1005
524 620
524 661
524 829
524 848
524 870
525 610
525 615
525 964
526 560
526 562
526 679
526 743
527 533
527 555
527 822
527 930
527 958
528 572
528 697
528 743
528 829
528 848
528 992
529 733
530 886
530 970
531 646
531 792
531 836
532 556
532 620
532 684
532 755
532 768
533 568
533 584
533 838
533 897
534 559
534 560
534 771
534 798
534 845
534 893
534 913
535 550
535 566
535 571
535 648
535 664
536 625
536 991
537 624
537 757
538 729
538 751
538 805
538 846
539 763
539 775
539 814
539 839
539 875
540 582
540 626
540 781
540 790
540 895
541 577
541 806
542 600
542 646
542 689
542 707
542 960
543 734
543 786
543 968
544 666
544 674
544 694
545 580
546 559
546 566
546 617
546 699
546 886
547 784
548 596
548 618
548 821
549 915
550 660
551 585
551 693
552 590
552 676
552 797
552 862
552 918
553 574
553 669
553 713
553 739
553 820
553 858
554 783
554 797
554 910
555 573
555 607
555 687
555 713
555 833
556 645
556 890
556 968
557 637
557 771
557 820
558 705
558 775
559 634
559 645
559 696
559 711
559 722
560 626
560 833
560 847
561 638
561 713
561 836
561 988
562 573
562 695
562 740
562 785
562 923
562 929
562 937
563 576
563 581
563 648
563 691
563 804
563 807
563 860
563 891
563 892
563 948
564 738
564 753
564 769
564 777
564 801
564 952
564 998
565 645
565 871
565 937
566 633
566 851
566 931
567 682
567 780
567 842
568 578
568 647
568 721
568 755
569 717
569 868
569 908
569 992
570 581
570 628
570 810
570 889
570 926
570 946
570 1007
570 1017
571 744
571 924
571 983
571 991
572 761
572 837
573 583
573 677
573 860
573 884
573 953
574 604
574 664
574 738
574 745
574 796
575 593
575 641
575 667
575 691
575 739
576 673
576 682
576 755
576 799
576 859
576 873
577 835
578 687
579 651
579 883
580 589
580 833
581 591
581 687
581 748
582 699
582 860
582 933
583 620
583 769
583 937
584 782
584 848
585 680
585 805
585 837
585 911
586 587
586 609
586 641
586 656
586 802
586 890
586 907
586 960
588 693
588 727
588 741
588 820
588 829
588 894
588 925
588 928
588 996
589 766
590 735
590 814
590 943
590 979
591 695
592 616
592 723
592 868
593 653
593 861
594 731
594 769
595 778
595 779
595 985
596 650
596 652
596 712
596 780
596 868
597 665
597 937
598 656
598 661
598 754
598 831
598 858
599 625
599 670
599 796
599 889
599 977
600 718
600 738
600 911
600 951
600 984
601 622
601 824
601 833
602 609
602 834
603 731
603 795
603 853
603 890
604 718
604 731
604 930
604 931
604 932
604 944
605 659
605 869
606 708
606 982
606 1004
606 1008
607 618
607 732
607 789
607 900
607 932
607 1002
607 1012
608 673
608 683
608 772
609 821
610 627
610 791
611 616
611 845
611 897
611 937
611 976
612 692
612 716
612 790
612 1015
613 737
613 753
613 771
613 825
613 913
613 971
613 978
613 1005
614 746
615 701
615 768
615 930
616 903
617 635
617 682
617 719
617 850
618 638
618 679
618 715
618 822
618 982
618 1005
619 716
619 874
619 894
620 808
620 880
621 643
621 663
621 823
621 974
622 641
622 677
622 707
622 728
622 799
622 964
623 681
623 825
624 857
626 790
626 855
627 634
627 652
627 675
627 683
627 906
628 866
629 634
629 649
629 655
629 871
629 887
630 786
630 994
631 924
631 947
633 700
633 909
634 815
635 766
635 869
635 980
635 998
636 744
636 853
636 889
636 941
638 778
638 901
639 676
639 853
640 949
640 1018
641 723
641 764
641 835
641 869
641 917
641 1009
642 664
642 811
642 825
642 854
643 693
643 763
643 792
643 877
644 681
644 689
644 714
644 803
644 955
644 1015
645 723
645 853
645 908
645 974
646 669
646 703
646 800
647 897
647 909
647 1005
648 1012
648 1016
648 1017
649 722
649 761
649 833
649 850
649 884
649 952
649 984
650 931
651 802
651 975
651 1017
652 919
652 1012
652 1014
653 700
653 817
653 912
653 967
654 728
654 858
655 701
655 958
656 808
656 841
656 951
657 669
657 837
658 694
658 812
658 813
659 975
660 810
661 870
661 878
661 936
662 918
663 786
663 1023
664 693
664 851
665 792
665 847
665 909
666 788
666 964
667 716
667 765
667 790
667 957
668 675
668 716
668 858
669 833
669 835
669 852
670 830
670 1002
671 790
673 832
673 967
673 1007
674 859
674 884
674 938
674 953
675 798
675 926
675 927
676 869
677 808
678 716
678 739
678 740
678 766
678 929
679 970
680 721
681 866
681 916
682 773
682 862
682 870
683 694
683 712
683 936
683 995
684 968
685 689
685 939
686 991
687 712
687 757
688 829
689 779
689 797
689 867
689 901
689 961
689 1009
689 1020
690 962
690 1010
691 739
691 741
691 794
691 868
691 956
691 1011
692 758
692 884
693 720
693 824
693 1015
694 711
694 722
694 738
694 871
694 1005
695 709
695 924
696 809
698 945
699 768
699 960
699 1013
700 766
700 861
700 914
700 1006
701 704
701 737
701 746
701 890
701 996
702 843
703 716
703 919
704 825
704 890
704 898
705 859
705 870
705 884
706 746
706 782
706 994
707 773
707 860
708 728
708 732
708 915
708 927
710 795
710 996
711 769
711 775
711 853
712 821
712 942
713 731
713 982
714 982
715 825
717 729
717 985
717 990
718 779
718 816
719 799
719 908
719 967
719 997
720 773
720 813
720 834
720 864
720 972
722 843
723 889
724 1010
724 1013
725 782
725 899
726 773
726 824
726 838
727 933
728 747
728 792
728 798
728 1011
729 800
730 762
730 790
730 832
730 911
730 928
731 781
732 764
732 771
732 794
733 1017
734 737
734 793
734 888
734 926
735 849
735 920
735 949
735 1001
736 971
737 915
737 934
737 997
738 969
739 756
739 795
740 819
740 905
740 932
740 1020
741 841
742 808
742 868
742 893
743 859
744 756
744 871
744 917
744 950
745 808
746 816
746 877
746 1022
747 783
747 980
747 1014
747 1020
748 779
748 860
748 892
748 936
750 772
750 776
750 803
750 817
750 864
750 876
750 903
750 910
750 979
751 893
751 964
753 959
753 973
754 920
754 986
755 779
755 986
755 1016
757 814
757 854
757 979
758 999
761 800
761 808
762 863
763 799
763 817
763 884
764 862
765 887
765 947
765 949
765 960
766 835
766 914
766 919
766 996
767 1023
769 889
769 905
769 945
770 997
771 798
771 902
773 775
773 984
774 830
775 783
775 863
775 941
775 983
776 915
777 820
777 879
777 999
778 875
779 839
780 877
780 988
781 994
782 919
784 814
784 897
784 940
784 964
786 836
786 846
787 865
789 857
789 974
790 797
790 981
794 811
794 876
794 935
796 950
796 1015
797 804
797 902
798 836
798 995
800 949
801 824
802 981
803 843
803 896
803 950
804 892
804 908
804 940
806 821
806 849
807 867
808 834
809 822
809 940
812 859
812 911
812 1000
814 837
815 857
815 883
815 955
816 993
816 1005
817 943
818 983
819 923
819 946
820 862
820 867
820 891
820 904
821 975
822 994
823 848
824 847
829 841
829 874
829 894
831 851
831 1002
832 1014
834 836
834 968
836 862
836 876
836 951
836 995
837 954
838 922
842 892
844 856
844 918
845 875
847 881
849 875
849 898
849 955
849 993
850 912
851 983
852 938
853 899
856 941
857 1021
858 934
859 903
859 922
859 933
859 955
859 994
860 918
861 863
864 869
866 904
867 891
867 971
868 914
870 987
870 994
871 903
871 920
872 883
872 924
876 914
876 952
876 1015
878 940
879 993
880 934
880 972
884 989
885 919
885 964
886 944
887 943
887 977
888 904
889 896
889 991
891 938
891 956
892 979
892 991
894 983
894 985
895 942
895 950
896 981
896 1000
897 960
898 916
899 950
900 988
901 988
901 999
904 932
905 915
905 945
907 983
911 953
912 924
913 928
917 939
921 925
921 927
922 927
923 959
926 981
928 971
929 941
929 979
931 962
931 1023
933 978
939 968
943 1013
945 972
946 1013
950 960
952 960
952 967
952 968
966 977
968 1013
969 1010
971 1010
974 1009
979 1009
981 982
983 1011
985 991
995 1011
1003 1004
1003 1019
1007 1022
