0 20
0 86
0 87
0 354
0 460
0 483
0 484
0 490
0 555
0 588
0 715
0 858
0 886
0 916
0 952
0 974
1 80
1 129
1 168
1 192
1 295
1 315
1 346
1 662
1 715
1 860
1 954
1 960
1 979
1 1007
2 85
2 282
2 284
2 432
2 445
2 483
2 514
2 548
2 625
2 628
2 652
2 748
2 789
2 813
2 824
2 868
2 915
3 41
3 62
3 72
3 88
3 95
3 155
3 186
3 212
3 277
3 303
3 363
3 535
3 560
3 573
3 733
3 955
3 1007
4 7
4 165
4 201
4 206
4 250
4 262
4 383
4 637
4 840
4 959
5 50
5 83
5 209
5 219
5 221
5 292
5 515
5 727
5 728
5 756
5 825
5 904
5 983
6 18
6 49
6 218
6 230
6 438
6 543
6 731
6 834
6 868
6 986
6 1002
7 44
7 144
7 146
7 255
7 286
7 320
7 497
7 533
7 564
7 579
7 722
7 823
7 877
8 54
8 112
8 148
8 159
8 260
8 323
8 352
8 473
8 527
8 535
8 591
8 769
8 829
8 837
9 23
9 66
9 150
9 241
9 297
9 318
9 455
9 481
9 504
9 552
9 603
9 617
9 640
9 744
9 803
9 834
9 853
9 957
10 39
10 80
10 84
10 105
10 198
10 469
10 587
10 645
10 718
10 740
10 799
10 915
10 923
11 286
11 291
11 505
11 516
11 519
11 625
11 637
11 688
11 700
11 729
11 817
11 878
11 888
11 942
12 54
12 102
12 249
12 256
12 272
12 303
12 321
12 340
12 354
12 402
12 454
12 476
12 557
12 632
12 822
12 837
12 881
12 934
13 36
13 43
13 157
13 164
13 365
13 424
13 471
13 517
13 752
13 802
14 125
14 143
14 155
14 171
14 180
14 190
14 204
14 255
14 259
14 382
14 524
14 569
14 577
14 623
14 628
14 715
14 719
14 724
14 740
14 754
14 924
14 1001
15 16
15 34
15 304
15 506
15 623
15 645
15 652
15 732
15 751
15 752
15 756
15 895
15 955
16 41
16 68
16 116
16 117
16 162
16 188
16 259
16 340
16 375
16 397
16 405
16 559
16 592
16 595
17 108
17 109
17 121
17 125
17 126
17 143
17 322
17 459
17 547
17 617
17 627
17 764
17 768
17 808
17 899
17 997
18 200
18 338
18 473
18 502
18 559
18 596
18 756
18 768
18 819
18 843
19 142
19 151
19 391
19 475
19 566
19 707
19 753
19 823
19 827
19 873
19 890
19 904
20 27
20 97
20 133
20 259
20 267
20 387
20 388
20 406
20 544
20 754
20 825
20 864
20 1017
21 201
21 225
21 250
21 322
21 434
21 490
21 535
21 560
21 572
21 664
21 801
21 864
21 910
21 927
21 972
21 1012
21 1019
22 141
22 158
22 327
22 478
22 581
22 634
22 696
22 887
22 998
23 61
23 99
23 278
23 312
23 433
23 441
23 568
23 618
23 757
23 891
23 960
24 137
24 150
24 199
24 330
24 331
24 344
24 410
24 557
24 590
24 763
24 785
25 52
25 64
25 141
25 299
25 355
25 363
25 529
25 607
25 696
25 714
25 722
25 838
25 881
25 894
25 1022
26 256
26 266
26 362
26 389
26 480
26 494
26 580
26 704
26 819
26 829
26 855
26 865
26 944
26 955
26 995
27 100
27 122
27 152
27 268
27 279
27 345
27 448
27 506
27 577
27 594
27 599
27 711
27 715
27 788
27 801
27 886
27 918
27 980
27 987
28 312
28 317
28 348
28 351
28 354
28 356
28 402
28 411
28 424
28 440
28 542
28 592
28 803
28 824
28 922
29 137
29 210
29 250
29 344
29 377
29 404
29 435
29 468
29 469
29 479
29 495
29 569
29 589
29 631
29 694
29 767
29 815
29 866
29 895
29 976
30 36
30 62
30 135
30 249
30 357
30 362
30 406
30 442
30 493
30 526
30 568
30 853
30 883
30 884
30 902
31 33
31 80
31 144
31 159
31 606
31 622
31 711
31 784
31 827
31 881
31 936
31 966
32 189
32 264
32 274
32 277
32 302
32 359
32 437
32 518
32 519
32 563
32 635
32 649
32 650
32 705
32 728
32 737
32 814
32 918
33 99
33 123
33 260
33 301
33 336
33 614
33 628
33 725
33 776
33 937
33 1000
33 1008
33 1011
34 131
34 153
34 181
34 188
34 275
34 399
34 438
34 551
34 614
34 670
34 671
34 855
35 88
35 200
35 249
35 342
35 360
35 503
35 513
35 768
35 788
35 812
35 813
35 902
35 952
35 959
36 109
36 127
36 187
36 227
36 347
36 365
36 400
36 513
36 568
36 662
36 683
36 736
36 758
36 877
37 343
37 398
37 559
37 649
37 669
37 684
37 690
37 717
37 733
37 852
37 953
38 125
38 193
38 229
38 315
38 452
38 463
38 465
38 551
38 644
38 656
38 685
38 812
38 850
38 883
38 911
39 82
39 84
39 142
39 147
39 193
39 235
39 292
39 341
39 419
39 473
39 619
39 659
39 941
39 958
40 114
40 193
40 223
40 235
40 428
40 449
40 579
40 737
40 750
40 757
40 860
40 942
40 1023
41 324
41 464
41 596
41 758
41 872
41 887
41 959
42 221
42 325
42 389
42 512
42 615
42 645
42 665
42 708
42 740
42 802
42 830
42 947
42 962
43 110
43 158
43 183
43 190
43 234
43 378
43 409
43 560
43 650
43 688
43 839
43 851
43 883
43 898
43 961
43 975
44 148
44 178
44 195
44 203
44 298
44 529
44 545
44 555
44 637
44 642
44 914
45 107
45 130
45 168
45 251
45 266
45 373
45 537
45 555
45 567
45 575
45 700
45 732
45 759
45 854
45 859
46 55
46 141
46 240
46 337
46 387
46 549
46 596
46 725
46 764
46 780
46 828
46 903
47 176
47 277
47 362
47 393
47 433
47 461
47 561
47 650
47 691
47 766
47 804
47 812
47 888
47 949
47 992
48 127
48 248
48 262
48 300
48 396
48 402
48 403
48 418
48 528
48 572
48 599
48 770
48 999
48 1004
49 75
49 87
49 117
49 357
49 384
49 385
49 398
49 403
49 612
49 618
49 646
49 739
49 840
49 853
49 869
49 916
49 958
50 59
50 114
50 160
50 230
50 279
50 293
50 469
50 521
50 586
50 624
50 626
50 730
50 872
50 882
51 109
51 399
51 455
51 514
51 557
51 578
51 741
51 776
51 807
51 834
51 990
51 1008
52 86
52 289
52 336
52 469
52 471
52 546
52 579
52 581
52 640
52 753
52 821
52 843
52 858
52 919
52 929
52 995
53 190
53 242
53 262
53 295
53 385
53 403
53 608
53 791
53 806
53 812
54 59
54 188
54 224
54 236
54 384
54 494
54 524
54 692
54 736
54 826
54 845
54 959
54 1023
55 110
55 132
55 243
55 348
55 525
55 526
55 554
55 795
55 797
55 834
55 870
55 993
56 70
56 99
56 153
56 221
56 275
56 290
56 304
56 350
56 359
56 479
56 483
56 513
56 520
56 574
56 758
56 845
56 905
57 69
57 115
57 129
57 144
57 230
57 253
57 286
57 316
57 343
57 574
57 964
57 968
57 979
58 344
58 363
58 449
58 512
58 554
58 612
58 682
58 710
58 726
58 752
58 757
58 804
58 865
58 910
58 976
58 992
59 74
59 193
59 299
59 379
59 447
59 515
59 672
59 877
59 924
59 990
60 109
60 192
60 237
60 280
60 329
60 332
60 343
60 378
60 423
60 429
60 537
60 539
60 637
60 646
60 693
60 694
60 707
60 734
60 760
60 786
60 792
60 824
60 898
61 69
61 174
61 188
61 194
61 195
61 253
61 283
61 288
61 328
61 460
61 579
61 656
61 665
61 702
61 755
61 878
61 924
61 940
61 994
62 97
62 104
62 133
62 307
62 343
62 458
62 566
62 625
62 851
62 897
62 957
63 66
63 69
63 87
63 102
63 169
63 196
63 255
63 343
63 352
63 375
63 408
63 470
63 519
63 578
63 594
63 684
63 710
63 775
63 822
63 834
63 960
63 986
64 150
64 153
64 193
64 284
64 435
64 451
64 486
64 516
64 684
64 689
64 813
64 847
64 863
64 898
64 905
65 172
65 308
65 323
65 386
65 430
65 470
65 589
65 593
65 622
65 635
65 678
65 915
66 112
66 191
66 269
66 419
66 431
66 721
66 819
66 860
66 1010
66 1016
67 175
67 197
67 255
67 290
67 406
67 427
67 561
67 662
67 700
67 774
67 798
67 876
67 891
67 906
67 922
67 996
68 71
68 86
68 155
68 267
68 360
68 376
68 445
68 485
68 510
68 660
68 698
68 738
68 808
68 829
68 860
68 896
68 974
69 193
69 246
69 247
69 338
69 350
69 459
69 516
69 541
69 549
69 552
69 734
69 902
69 990
70 177
70 278
70 587
70 693
70 749
70 750
70 824
70 825
71 168
71 179
71 358
71 364
71 375
71 558
71 607
71 639
71 671
71 768
71 966
71 1012
72 178
72 193
72 212
72 446
72 468
72 591
72 606
72 629
72 642
72 788
72 808
72 915
72 984
73 91
73 223
73 259
73 274
73 294
73 502
73 650
73 663
73 782
73 884
73 999
74 111
74 215
74 239
74 344
74 361
74 363
74 658
74 760
74 763
75 166
75 203
75 237
75 259
75 276
75 382
75 464
75 480
75 537
75 556
75 573
75 632
75 656
75 680
75 693
75 826
75 903
75 1005
75 1008
76 83
76 90
76 137
76 141
76 202
76 256
76 287
76 330
76 345
76 481
76 491
76 492
76 534
76 698
76 756
76 821
76 865
77 90
77 93
77 110
77 161
77 164
77 262
77 287
77 327
77 591
77 597
77 621
77 715
77 735
77 788
77 829
77 955
77 1014
78 112
78 124
78 176
78 207
78 235
78 369
78 446
78 462
78 467
78 547
78 551
78 560
78 727
78 972
78 985
79 108
79 150
79 388
79 474
79 499
79 658
79 698
79 857
79 903
79 922
79 936
79 937
79 938
79 982
80 106
80 201
80 304
80 334
80 492
80 590
80 610
80 724
80 735
80 806
80 870
80 934
80 938
80 989
80 1019
81 124
81 134
81 192
81 203
81 250
81 332
81 335
81 354
81 482
81 518
81 587
81 648
81 721
81 764
81 850
81 927
81 1006
82 312
82 381
82 701
82 717
82 800
82 830
82 896
83 129
83 171
83 191
83 208
83 225
83 333
83 349
83 357
83 380
83 499
83 522
83 524
83 594
83 637
83 740
83 839
83 885
83 1016
84 90
84 209
84 235
84 238
84 246
84 360
84 649
84 696
84 716
84 798
84 808
84 825
84 978
85 160
85 162
85 218
85 422
85 465
85 476
85 522
85 558
85 632
85 730
85 847
85 860
85 870
85 975
86 112
86 182
86 450
86 471
86 572
86 593
86 599
86 629
86 651
86 670
86 702
86 888
87 88
87 99
87 119
87 227
87 232
87 257
87 456
87 614
87 631
87 710
87 748
87 1007
88 355
88 385
88 437
88 454
88 503
88 512
88 581
88 668
88 751
88 755
88 859
88 904
88 916
89 131
89 248
89 259
89 277
89 297
89 298
89 317
89 463
89 500
89 542
89 560
89 667
89 806
89 895
89 910
90 100
90 139
90 198
90 222
90 254
90 308
90 326
90 399
90 474
90 646
90 659
90 666
90 961
90 973
90 1021
91 190
91 226
91 257
91 347
91 360
91 473
91 498
91 530
91 686
91 749
91 750
92 233
92 352
92 369
92 502
92 626
92 711
92 910
93 197
93 317
93 330
93 436
93 511
93 529
93 574
93 588
93 758
93 798
93 818
93 946
93 992
94 107
94 110
94 126
94 206
94 638
94 693
94 835
94 912
94 918
94 980
94 1015
95 217
95 374
95 377
95 423
95 592
95 644
95 717
95 719
95 747
95 752
95 805
95 969
96 132
96 250
96 254
96 344
96 477
96 579
96 594
96 616
96 679
96 709
96 759
96 904
96 930
96 970
97 114
97 176
97 195
97 228
97 231
97 243
97 293
97 297
97 335
97 394
97 457
97 562
97 683
97 700
97 837
97 887
97 928
97 929
97 1006
97 1020
98 178
98 190
98 198
98 306
98 309
98 349
98 365
98 406
98 417
98 458
98 533
98 763
98 785
98 926
98 931
98 973
99 114
99 251
99 268
99 313
99 658
99 765
99 815
99 1001
100 267
100 344
100 353
100 361
100 376
100 417
100 434
100 463
100 500
100 534
100 602
100 637
100 646
100 701
100 756
101 374
101 454
101 459
101 536
101 569
101 759
101 807
101 912
101 956
101 957
101 999
102 192
102 243
102 501
102 549
102 584
102 619
102 742
102 908
102 1019
103 150
103 203
103 262
103 397
103 485
103 600
103 754
103 826
103 843
103 956
104 107
104 228
104 392
104 397
104 423
104 428
104 478
104 574
104 663
104 705
104 865
104 887
104 938
105 115
105 131
105 138
105 320
105 338
105 408
105 443
105 664
105 689
105 704
105 724
105 789
105 805
105 871
105 881
105 895
105 900
105 903
106 110
106 112
106 135
106 229
106 232
106 285
106 604
106 653
106 665
106 695
106 707
106 812
106 813
106 906
106 918
106 924
107 275
107 457
107 462
107 524
107 534
107 930
107 1016
108 116
108 251
108 293
108 312
108 427
108 444
108 606
108 639
108 647
108 1012
109 124
109 134
109 153
109 232
109 258
109 314
109 325
109 504
109 574
109 593
109 640
109 878
109 989
109 996
109 1017
110 179
110 303
110 407
110 435
110 444
110 475
110 501
110 561
110 643
110 685
110 801
110 809
110 882
110 951
110 986
110 1002
111 173
111 300
111 345
111 373
111 387
111 556
111 633
111 644
111 726
111 746
111 801
111 856
112 164
112 411
112 445
112 575
112 662
112 752
112 779
112 786
112 820
112 838
112 904
112 985
112 994
112 1022
113 137
113 188
113 312
113 389
113 492
113 588
113 686
113 896
113 953
113 984
113 988
113 1020
114 169
114 269
114 455
114 462
114 579
114 587
114 790
114 877
114 930
115 147
115 195
115 244
115 275
115 328
115 461
115 553
115 633
115 734
115 742
115 743
115 820
115 828
115 905
115 925
115 970
115 975
116 302
116 328
116 354
116 361
116 400
116 404
116 405
116 410
116 476
116 498
116 528
116 676
116 688
116 738
116 972
117 123
117 178
117 346
117 368
117 410
117 476
117 502
117 511
117 528
117 538
117 577
117 601
117 618
117 649
117 683
117 1018
118 121
118 254
118 337
118 509
118 649
118 689
118 856
118 891
118 967
118 1004
119 138
119 382
119 495
119 599
119 619
119 634
119 824
119 873
119 897
119 1018
120 165
120 355
120 360
120 445
120 480
120 650
120 700
120 708
120 777
120 960
121 127
121 254
121 426
121 437
121 672
121 991
122 347
122 356
122 408
122 581
122 597
122 623
122 768
122 935
122 1001
123 159
123 216
123 421
123 540
123 770
123 772
123 813
123 936
124 215
124 225
124 246
124 253
124 393
124 589
124 630
124 636
124 663
124 692
124 723
124 785
124 998
125 177
125 360
125 412
125 536
125 543
125 633
125 864
125 930
125 946
125 955
125 981
126 156
126 326
126 348
126 357
126 392
126 439
126 571
126 668
126 776
126 992
126 998
126 1002
127 243
127 307
127 326
127 361
127 556
127 629
127 648
127 663
127 830
127 832
127 838
127 848
127 879
127 976
128 204
128 291
128 323
128 512
128 520
128 611
128 749
128 1006
129 318
129 331
129 447
129 514
129 570
129 592
129 1019
130 236
130 255
130 320
130 421
130 520
130 537
130 559
130 576
130 579
130 580
130 788
130 797
130 825
130 932
131 146
131 155
131 233
131 293
131 333
131 391
131 486
131 531
131 616
131 783
131 806
131 811
131 872
132 166
132 215
132 299
132 385
132 495
132 630
132 658
132 672
132 740
132 784
132 821
132 952
133 166
133 340
133 456
133 486
133 618
133 751
133 755
133 780
133 904
133 984
134 187
134 194
134 269
134 511
134 634
134 754
134 755
134 876
134 953
134 989
135 339
135 348
135 655
135 656
135 658
135 712
135 823
135 970
136 337
136 503
136 559
136 587
136 711
136 771
136 774
136 875
136 1005
136 1022
137 238
137 243
137 330
137 424
137 455
137 495
137 558
137 584
137 817
137 881
137 1001
138 195
138 298
138 304
138 347
138 440
138 804
138 826
139 188
139 199
139 238
139 244
139 267
139 393
139 520
139 543
139 648
139 674
139 698
139 702
139 725
139 736
139 762
139 806
139 817
140 185
140 252
140 264
140 270
140 356
140 394
140 528
140 639
140 654
140 662
140 680
140 712
140 737
140 759
140 775
140 863
140 881
140 925
140 972
141 142
141 161
141 178
141 308
141 397
141 403
141 413
141 433
141 455
141 575
141 692
141 832
141 850
141 905
141 973
142 156
142 251
142 296
142 522
142 585
142 673
142 765
142 784
142 838
142 948
142 982
143 310
143 347
143 414
143 469
143 500
143 733
143 752
144 172
144 257
144 274
144 474
144 488
144 489
144 734
144 761
144 838
145 147
145 293
145 820
145 836
145 842
145 852
145 880
145 891
145 905
145 960
145 995
145 1004
146 236
146 274
146 342
146 346
146 421
146 439
146 492
146 605
146 608
146 722
146 835
146 909
146 921
146 966
146 979
146 984
146 1016
146 1022
147 237
147 279
147 334
147 394
147 416
147 482
147 495
147 504
147 516
147 547
147 723
147 760
147 933
147 965
147 985
148 170
148 203
148 265
148 335
148 406
148 456
148 479
148 536
148 618
148 632
148 676
148 711
148 906
148 939
149 454
149 467
149 732
149 747
149 787
149 806
149 939
149 979
149 992
150 162
150 183
150 247
150 249
150 323
150 369
150 378
150 479
150 512
150 518
150 568
150 617
150 665
150 717
150 732
150 750
150 777
150 827
150 1021
151 193
151 237
151 247
151 354
151 362
151 403
151 633
151 655
151 722
151 765
151 806
151 868
151 875
151 913
151 944
151 965
152 170
152 192
152 229
152 345
152 523
152 552
152 557
152 573
152 611
152 626
152 707
152 763
152 825
152 972
153 202
153 216
153 280
153 402
153 415
153 582
153 595
153 633
153 635
153 655
153 683
153 719
153 789
153 865
153 906
153 954
153 1007
154 250
154 440
154 497
154 599
154 613
154 951
154 966
154 996
155 178
155 277
155 292
155 398
155 424
155 521
155 541
155 661
155 693
155 709
155 718
155 723
155 786
155 839
155 944
155 981
156 352
156 490
156 623
156 632
156 664
156 679
156 749
156 858
156 968
157 186
157 410
157 420
157 628
157 796
157 840
157 943
157 960
157 1004
158 219
158 259
158 263
158 361
158 452
158 534
158 864
159 297
159 411
159 503
159 521
159 538
159 641
159 852
159 887
159 911
160 190
160 286
160 322
160 339
160 364
160 370
160 456
160 527
160 603
160 679
160 702
160 745
161 198
161 233
161 270
161 298
161 326
161 406
161 513
161 549
161 574
161 616
161 662
161 663
161 780
161 809
161 918
162 511
162 514
162 540
162 543
162 646
162 656
162 730
162 847
163 202
163 269
163 382
163 443
163 463
163 508
163 794
163 836
164 215
164 246
164 303
164 364
164 786
164 787
164 808
165 176
165 322
165 478
165 513
165 542
165 699
165 716
165 930
166 228
166 360
166 424
166 563
166 580
166 600
166 605
166 905
167 194
167 325
167 388
167 635
167 801
167 865
168 195
168 271
168 319
168 456
168 505
168 508
168 544
168 567
168 712
168 818
168 892
168 978
169 226
169 232
169 415
169 425
169 647
169 665
169 705
169 752
169 962
170 332
170 363
170 459
170 509
170 545
170 552
170 666
170 717
170 838
170 943
171 304
171 374
171 402
171 640
171 726
171 852
172 202
172 204
172 210
172 211
172 246
172 405
172 445
172 569
172 613
172 886
172 895
172 944
172 949
172 1018
173 224
173 255
173 257
173 372
173 376
173 405
173 461
173 556
173 560
173 646
173 702
173 738
173 745
173 788
173 829
173 963
174 237
174 398
174 559
174 646
174 680
174 825
174 884
174 947
174 958
174 1001
174 1023
175 180
175 201
175 352
175 374
175 425
175 572
175 592
175 601
175 607
175 628
175 828
175 885
175 895
176 198
176 366
176 385
176 520
176 551
176 654
176 780
176 909
176 920
176 931
176 938
176 945
176 1008
177 286
177 299
177 314
177 338
177 508
177 613
177 620
177 661
177 694
177 766
177 830
177 864
177 911
177 1004
178 200
178 324
178 339
178 355
178 657
178 774
178 797
178 798
178 871
178 919
179 308
179 419
179 453
179 490
179 701
179 721
179 723
179 831
179 840
179 865
179 895
179 911
180 238
180 295
180 620
180 761
181 217
181 590
181 597
181 684
181 757
181 809
181 889
182 255
182 274
182 425
182 451
182 584
182 770
182 777
182 853
183 190
183 207
183 356
183 404
183 473
183 542
183 599
183 694
183 742
183 831
184 269
184 325
184 441
184 508
184 524
184 671
184 747
184 778
184 843
184 853
185 208
185 225
185 242
185 278
185 418
185 433
185 436
185 456
185 488
185 534
185 608
185 758
185 845
185 901
185 1016
186 188
186 225
186 244
186 405
186 423
186 628
186 649
186 791
186 848
186 901
186 916
186 938
186 983
187 236
187 286
187 384
187 438
187 462
187 517
187 688
187 748
187 803
187 884
187 1016
188 313
188 364
188 387
188 429
188 450
188 713
188 714
188 830
188 878
188 888
188 889
188 914
189 346
189 542
189 665
189 844
189 870
189 959
190 292
190 358
190 387
190 543
190 660
190 717
190 747
190 770
190 842
190 866
190 868
190 978
190 1014
191 205
191 229
191 317
191 575
191 584
191 646
191 674
191 686
191 708
191 726
191 832
191 833
191 867
191 1019
192 194
192 246
192 262
192 272
192 323
192 354
192 403
192 516
192 529
192 573
192 585
192 594
192 889
192 975
192 1005
193 203
193 267
193 294
193 299
193 409
193 417
193 448
193 455
193 485
193 596
193 608
193 753
193 869
194 240
194 282
194 415
194 417
194 548
194 639
194 672
194 706
194 714
194 773
194 933
194 949
194 967
195 306
195 313
195 369
195 378
195 382
195 507
195 531
195 545
195 558
195 588
195 621
195 731
195 1011
196 222
196 329
196 358
196 380
196 464
196 477
196 483
196 703
196 1023
197 207
197 244
197 385
197 409
197 712
197 797
197 959
197 963
197 983
197 1005
198 238
198 383
198 403
198 441
198 447
198 460
198 505
198 617
198 696
198 703
198 718
198 774
198 778
198 881
198 891
198 968
198 985
198 1019
199 240
199 344
199 527
199 579
199 907
200 208
200 333
200 467
200 515
200 522
200 585
200 772
200 894
200 908
200 976
200 978
201 212
201 250
201 254
201 322
201 490
201 634
201 714
201 846
201 903
201 1001
202 226
202 243
202 288
202 440
202 546
202 770
202 836
203 219
203 246
203 368
203 373
203 383
203 606
203 762
203 787
203 892
203 941
203 946
204 350
204 369
204 424
204 564
204 580
204 638
204 645
204 730
204 736
204 803
204 935
204 944
204 1023
205 275
205 286
205 383
205 481
205 593
205 602
205 644
205 652
205 732
205 739
205 784
205 827
205 948
205 1001
205 1018
206 267
206 357
206 502
206 630
206 655
206 687
206 708
206 743
206 778
206 786
206 895
206 1013
206 1014
207 413
207 698
207 752
207 880
207 886
207 889
207 953
208 252
208 253
208 282
208 324
208 433
208 481
208 599
208 621
208 830
208 875
208 973
208 995
209 303
209 310
209 410
209 585
209 713
209 1000
210 243
210 259
210 265
210 310
210 497
210 508
210 528
210 837
210 887
210 896
210 1001
211 254
211 283
211 587
211 715
211 739
211 756
211 791
211 845
211 862
211 884
211 898
212 250
212 290
212 411
212 474
212 478
212 546
212 554
212 667
212 752
212 915
212 946
213 255
213 465
213 598
213 642
213 645
213 672
213 682
213 685
213 758
213 866
213 1011
214 267
214 293
214 392
214 566
214 616
214 635
214 671
214 707
214 768
214 787
214 884
215 220
215 229
215 305
215 313
215 354
215 382
215 437
215 442
215 443
215 458
215 465
215 610
215 657
215 732
215 808
215 810
215 821
215 826
215 855
215 858
215 939
216 294
216 326
216 414
216 423
216 452
216 482
216 521
216 570
216 577
216 606
216 623
216 727
216 805
216 942
216 952
217 300
217 319
217 367
217 391
217 422
217 458
217 626
217 798
217 838
217 901
217 934
217 953
217 980
218 243
218 257
218 284
218 303
218 316
218 403
218 506
218 602
218 677
218 721
218 741
218 782
218 787
218 832
218 840
218 968
218 994
219 258
219 412
219 502
219 532
219 574
219 602
219 623
219 663
219 788
219 796
219 826
219 985
219 986
220 326
220 421
220 520
220 544
220 572
220 731
220 745
220 834
220 951
221 446
221 508
221 556
221 639
221 737
221 760
221 788
221 882
221 934
221 973
221 1009
222 256
222 336
222 462
222 473
222 655
222 657
222 813
222 840
222 875
222 934
222 951
223 232
223 253
223 287
223 299
223 306
223 338
223 601
223 617
223 707
223 847
223 997
224 296
224 375
224 437
224 514
224 598
224 672
224 714
224 832
224 926
224 956
224 970
225 240
225 336
225 397
225 453
225 473
225 537
225 565
225 585
225 650
225 657
225 662
225 808
225 881
225 888
225 923
226 340
226 481
226 560
226 638
226 656
226 734
226 770
226 789
226 1009
227 320
227 711
227 883
227 919
227 937
228 407
228 525
228 541
228 542
228 563
228 848
228 861
228 940
228 969
228 1009
229 234
229 525
229 549
229 565
229 603
229 637
229 752
229 781
229 802
229 830
229 896
229 959
229 978
229 1000
230 270
230 274
230 400
230 449
230 505
230 538
230 728
230 814
230 880
230 893
230 899
230 980
231 251
231 288
231 347
231 363
231 540
231 606
231 722
231 727
231 744
231 990
231 1018
231 1022
232 305
232 475
232 536
232 587
232 614
232 678
232 689
232 736
232 773
232 824
232 867
232 902
232 905
232 961
233 334
233 538
233 637
233 687
233 688
233 836
233 993
234 259
234 495
234 511
234 571
234 851
234 1021
235 239
235 280
235 351
235 409
235 528
235 531
235 660
235 745
235 797
235 820
235 830
235 1004
236 253
236 316
236 373
236 516
236 547
236 549
236 555
236 557
236 605
236 651
236 759
236 778
236 822
236 977
237 286
237 318
237 656
237 732
237 833
237 874
237 875
237 886
237 945
238 369
238 463
238 509
238 561
238 926
239 409
239 427
239 504
239 628
239 662
239 698
239 851
239 900
239 1005
240 248
240 268
240 821
240 928
240 973
240 1019
241 395
241 533
241 551
241 624
241 660
241 678
241 682
241 798
241 824
241 966
241 1008
242 252
242 279
242 329
242 341
242 405
242 415
242 435
242 513
242 617
242 967
243 263
243 340
243 379
243 406
243 434
243 590
243 712
243 763
243 815
244 442
244 446
244 484
244 506
244 634
244 681
244 775
244 928
245 278
245 362
245 366
245 576
245 682
245 720
245 786
245 855
246 260
246 347
246 452
246 493
246 588
246 619
246 627
246 637
246 654
246 853
246 887
247 538
247 738
247 751
247 796
248 392
248 398
248 525
248 629
248 706
248 719
248 793
248 954
248 978
249 284
249 292
249 297
249 400
249 604
249 638
249 640
249 655
249 741
249 1023
250 337
250 566
250 574
250 581
250 591
250 610
250 629
250 636
250 684
250 711
250 734
250 760
250 941
250 973
250 1021
251 568
251 651
251 683
251 723
251 732
251 745
251 829
251 926
252 414
252 430
252 473
252 711
252 863
252 864
252 931
252 950
253 371
253 436
253 574
253 702
253 725
253 962
254 295
254 317
254 466
254 493
254 843
254 889
254 906
255 286
255 334
255 348
255 350
255 521
255 551
255 604
255 713
255 787
255 829
255 904
255 945
255 995
256 266
256 327
256 472
256 520
256 644
256 728
256 807
256 875
256 964
257 515
257 608
257 649
257 657
257 666
257 802
257 893
257 994
258 292
258 544
258 596
258 639
258 680
258 826
258 836
259 266
259 279
259 489
259 732
259 733
259 759
259 846
259 865
259 891
259 905
259 944
260 380
260 405
260 534
260 543
260 598
260 626
260 730
260 887
260 984
261 294
261 413
261 521
261 622
261 646
261 652
261 659
261 758
261 858
261 884
261 904
261 965
261 995
262 456
262 580
262 637
262 800
262 871
262 876
262 881
262 896
263 354
263 393
263 431
263 517
263 547
263 623
263 655
263 691
263 777
263 870
263 943
263 955
263 956
263 1004
264 352
264 376
264 431
264 550
264 552
264 846
264 877
265 440
265 483
265 518
265 541
265 875
265 887
266 482
266 538
266 542
266 549
266 574
266 645
266 683
266 690
266 719
266 720
266 721
266 722
266 724
266 728
266 844
266 863
266 914
266 927
266 939
267 272
267 326
267 366
267 433
267 438
267 544
267 554
267 677
267 684
267 710
267 788
268 275
268 629
268 657
268 733
268 878
268 893
268 903
269 328
269 399
269 434
269 449
269 473
269 559
269 637
269 710
269 808
269 835
269 855
269 861
269 895
269 929
269 1017
270 323
270 342
270 373
270 383
270 498
270 588
270 737
270 858
270 867
270 907
271 305
271 339
271 387
271 462
271 584
271 594
271 627
271 687
271 749
271 909
272 320
272 491
272 510
272 528
272 556
272 563
272 633
272 722
272 743
272 765
272 936
272 975
273 344
273 449
273 719
273 731
273 844
273 854
274 309
274 327
274 419
274 426
274 447
274 484
274 510
274 599
274 713
274 717
274 725
274 765
274 933
275 312
275 349
275 366
275 403
275 705
275 744
275 774
275 785
275 786
275 866
275 959
276 286
276 297
276 313
276 325
276 389
276 413
276 449
276 589
276 625
276 684
276 775
276 779
276 822
276 872
276 906
277 290
277 306
277 355
277 440
277 547
277 560
277 785
277 797
277 855
277 964
278 430
278 446
278 591
278 607
278 762
278 784
278 950
278 1012
279 457
279 540
279 542
279 703
279 738
279 793
279 838
279 880
279 984
280 405
280 490
280 493
280 588
280 593
280 613
280 644
280 729
280 732
280 816
280 869
280 912
280 929
280 961
280 1021
281 350
281 434
281 465
281 502
281 570
281 677
281 810
281 861
281 901
281 910
281 946
281 955
281 961
282 325
282 421
282 456
282 667
282 789
282 934
282 1014
283 311
283 435
283 477
283 491
283 496
283 515
283 550
283 775
283 813
284 288
284 314
284 333
284 427
284 447
284 593
284 617
284 853
284 918
284 976
284 992
284 1008
285 305
285 483
285 503
285 714
285 719
285 847
285 855
285 880
285 948
285 986
286 287
286 311
286 352
286 437
286 477
286 489
286 536
286 973
287 490
287 563
287 607
287 737
287 738
287 751
287 754
287 849
287 923
287 925
288 289
288 380
288 404
288 414
288 533
288 548
288 950
288 980
288 1023
289 474
289 612
289 640
289 719
289 797
289 856
289 1009
290 315
290 367
290 386
290 472
290 496
290 753
290 772
290 793
290 858
290 930
290 974
290 1001
290 1004
291 338
291 386
291 461
291 517
291 683
291 733
291 773
291 778
291 846
291 872
291 918
291 967
291 1006
291 1021
292 307
292 308
292 519
292 570
292 577
292 666
292 771
292 858
292 859
292 870
292 873
292 875
292 880
292 940
293 366
293 398
293 634
293 828
293 857
293 893
293 916
293 927
293 939
293 972
294 414
294 467
294 485
294 537
294 617
294 621
294 635
294 645
294 646
294 667
294 723
294 740
294 822
294 864
294 912
295 299
295 306
295 377
295 399
295 568
295 710
295 732
295 869
295 912
295 937
295 954
295 1015
296 346
296 394
296 402
296 473
296 528
296 532
296 826
296 995
297 384
297 430
297 515
297 740
297 799
298 303
298 356
298 596
298 652
298 685
298 748
298 754
298 787
298 792
298 863
299 309
299 339
299 353
299 379
299 405
299 470
299 655
299 717
299 783
299 962
299 1023
300 325
300 331
300 336
300 337
300 366
300 412
300 445
300 466
300 616
300 630
300 702
300 857
300 961
300 977
301 511
301 520
301 568
301 694
301 742
301 833
301 844
301 904
301 935
301 1012
302 347
302 379
302 416
302 453
302 673
302 718
302 802
302 895
302 911
303 312
303 322
303 347
303 486
303 541
303 568
303 577
303 657
303 684
303 739
303 762
303 912
303 942
303 961
303 979
303 986
304 308
304 325
304 356
304 551
304 667
304 907
304 969
304 972
304 973
305 384
305 550
305 718
305 779
305 836
305 881
305 955
305 993
305 1022
306 434
306 437
306 459
306 460
306 685
306 697
306 724
306 728
306 861
306 1016
307 445
307 543
307 576
307 616
307 638
307 828
307 902
307 915
307 1005
307 1023
308 346
308 416
308 507
308 534
308 573
308 583
308 661
308 784
308 813
308 855
308 913
308 1018
308 1020
309 312
309 325
309 326
309 461
309 465
309 540
309 545
309 549
309 555
309 602
309 604
309 789
309 868
309 942
309 965
309 969
309 983
310 314
310 419
310 585
310 609
310 640
310 669
310 736
310 739
310 773
310 786
310 813
310 849
310 854
310 983
311 401
311 421
311 557
311 655
311 678
311 683
311 772
311 953
311 997
312 489
312 622
312 744
312 883
312 908
313 315
313 358
313 714
313 787
313 817
313 923
313 970
313 986
314 370
314 372
314 451
314 535
314 541
314 623
314 699
314 783
314 812
314 821
314 826
314 848
314 872
314 895
314 932
315 324
315 343
315 373
315 398
315 401
315 411
315 439
315 557
315 574
315 619
315 747
315 851
315 853
316 363
316 409
316 534
316 623
316 662
316 672
316 677
316 725
316 736
316 841
316 855
316 887
317 377
317 380
317 442
317 556
317 952
318 436
318 469
318 480
318 598
318 616
318 627
318 701
318 707
318 884
318 911
318 923
318 946
318 976
319 320
319 396
319 536
319 650
319 683
319 736
319 862
319 887
319 1016
320 327
320 331
320 348
320 360
320 489
320 500
320 627
320 658
320 666
320 689
320 692
320 737
320 882
320 956
320 988
321 475
321 490
321 558
321 598
321 767
321 855
321 883
321 982
322 376
322 423
322 426
322 455
322 607
322 672
322 702
323 419
323 439
323 493
323 572
323 647
323 707
323 813
323 875
323 887
324 403
324 644
324 718
324 899
324 906
324 978
324 999
325 397
325 684
325 737
326 399
326 436
326 514
326 673
326 780
326 786
326 925
326 993
326 1003
326 1012
327 368
327 377
327 477
327 627
327 654
327 766
327 853
327 943
327 994
327 1003
328 400
328 401
328 560
328 674
328 688
328 702
328 871
328 919
328 943
328 944
328 959
329 377
329 413
329 419
329 470
329 541
329 695
329 933
329 956
329 1015
330 374
330 462
330 470
330 482
330 530
330 849
330 882
330 921
330 1000
331 395
331 596
331 642
331 735
331 793
331 848
332 432
332 579
332 780
332 824
332 827
332 895
332 949
333 368
333 525
333 762
333 807
333 828
333 833
333 884
333 933
334 336
334 385
334 405
334 414
334 444
334 478
334 482
334 569
334 614
334 669
334 719
334 751
334 776
334 840
334 859
334 942
334 950
334 964
334 984
335 389
335 407
335 440
335 441
335 454
335 525
335 542
335 581
335 720
335 742
335 914
335 966
335 993
336 425
336 448
336 529
336 576
336 646
336 652
336 791
336 878
336 1004
337 369
337 525
337 543
337 645
337 787
337 793
337 814
337 820
337 823
337 848
337 888
337 897
337 902
337 922
337 993
337 1012
338 526
338 558
338 580
338 610
338 806
338 831
338 851
338 886
338 943
339 487
339 664
339 719
339 792
339 971
340 362
340 588
340 667
340 734
340 789
340 810
340 848
340 883
340 910
340 936
340 984
340 998
341 350
341 427
341 633
341 741
341 854
341 912
342 448
342 483
342 605
342 662
342 693
342 696
342 704
342 746
342 895
342 970
343 466
343 547
343 568
343 631
343 716
344 421
344 446
344 544
344 602
344 688
344 714
344 868
344 911
344 921
344 987
345 446
345 664
345 737
345 776
345 824
345 825
346 405
346 412
346 444
346 497
346 561
347 359
347 447
347 479
347 740
347 807
347 962
348 392
348 513
348 564
348 626
348 635
349 353
349 416
349 418
349 439
349 532
349 535
349 547
349 596
349 598
349 658
349 660
349 823
349 903
349 911
349 931
349 942
349 986
349 1000
349 1001
350 456
350 485
350 499
350 537
350 561
350 670
350 695
350 917
350 967
351 410
351 492
351 530
351 586
351 605
351 750
351 760
351 813
351 849
351 955
352 443
352 481
352 510
352 560
352 568
352 600
352 683
352 702
352 838
352 945
353 373
353 440
353 459
353 668
353 733
353 753
353 818
353 978
353 1010
354 417
354 470
354 486
354 629
354 673
354 695
354 797
354 876
354 892
354 997
355 382
355 410
355 536
355 549
355 608
355 695
355 740
355 894
355 926
355 932
355 971
356 605
356 646
356 665
356 682
356 727
356 736
356 767
356 888
356 939
356 957
357 378
357 469
357 770
357 1011
358 446
358 543
358 645
358 667
358 715
358 717
358 776
358 786
358 856
358 940
358 961
359 362
359 506
359 739
359 834
359 838
359 854
359 865
359 873
359 971
360 454
360 870
360 947
360 969
360 990
361 377
361 595
361 691
361 892
361 1008
362 496
362 498
362 610
362 645
362 648
362 654
362 664
362 725
362 779
362 790
362 810
362 851
362 861
362 963
363 450
363 487
363 589
363 599
363 703
363 827
363 881
363 1021
364 469
364 497
364 512
364 627
364 639
364 691
364 714
364 802
365 388
365 458
365 605
365 662
365 682
365 750
365 807
365 853
365 878
366 439
366 446
366 521
366 610
366 682
366 727
366 756
366 794
366 890
366 932
366 1022
367 378
367 515
367 536
367 544
367 578
367 822
367 830
367 889
367 960
367 1001
368 392
368 413
368 427
368 461
368 499
368 625
368 670
368 843
368 868
368 901
368 957
368 1005
368 1021
369 405
369 523
369 669
369 707
369 712
369 736
369 754
369 759
369 768
369 775
369 867
369 912
369 1021
370 394
370 577
370 605
370 630
370 770
370 774
370 866
370 970
370 1008
371 396
371 414
371 433
371 441
371 523
371 614
371 682
371 772
371 818
371 894
372 425
372 442
372 445
372 553
372 666
372 755
372 761
372 884
372 943
372 979
373 434
373 452
373 466
373 495
373 563
373 572
373 749
373 914
374 666
374 728
374 768
374 800
374 811
374 831
374 833
374 843
374 908
374 917
374 1000
375 447
375 485
375 555
375 577
375 750
375 985
376 416
376 675
376 733
376 737
376 769
376 797
376 883
376 915
376 998
376 1007
377 400
377 519
377 630
377 682
377 724
377 834
377 921
378 393
378 459
378 493
378 629
378 731
378 854
378 865
378 977
378 1013
379 423
379 462
379 525
379 622
379 638
379 693
379 748
379 821
379 824
380 479
380 541
380 590
380 629
380 657
380 756
380 986
380 994
380 995
381 417
381 437
381 469
381 523
381 554
381 628
381 633
381 709
381 813
381 831
381 851
381 926
381 947
382 402
382 420
382 510
382 571
382 834
382 957
383 518
383 576
383 598
383 617
383 781
383 835
383 894
383 991
384 431
384 474
384 477
384 635
384 678
384 763
384 806
384 995
384 1003
385 446
385 453
385 521
385 658
385 726
385 806
385 833
385 861
385 871
386 655
386 721
386 777
386 804
386 808
386 923
387 495
387 544
387 550
387 558
387 659
387 664
387 673
387 692
387 767
387 787
387 892
387 997
387 1002
387 1017
388 524
388 529
388 657
388 659
388 826
388 886
388 902
388 948
388 950
388 957
388 961
388 1007
389 395
389 429
389 439
389 492
389 558
389 561
389 623
389 638
389 742
389 745
389 787
389 823
389 1018
390 496
390 571
390 625
390 671
390 700
390 838
390 953
390 998
390 1021
391 454
391 484
391 498
391 517
391 564
391 675
391 680
391 794
391 806
391 824
391 873
391 1007
392 475
392 507
392 514
392 552
392 610
392 631
392 672
392 954
392 1007
392 1012
393 414
393 508
393 643
393 922
393 926
394 418
394 476
394 620
394 885
395 519
395 657
395 683
395 699
395 769
395 782
395 885
395 904
395 911
395 1004
396 817
396 864
396 876
396 886
396 923
396 954
396 995
396 1004
397 493
397 499
397 583
397 591
397 599
397 604
397 651
397 741
397 839
397 874
397 890
398 476
398 668
398 745
398 888
398 902
399 514
399 526
399 585
399 616
399 631
399 688
399 731
399 955
399 957
400 594
400 618
400 718
400 833
400 901
400 963
400 1012
401 437
401 493
401 613
401 616
401 639
401 705
401 921
402 440
402 485
402 704
402 725
402 774
402 785
402 888
402 892
402 982
402 1023
403 438
403 452
403 458
403 561
403 695
403 731
403 742
403 751
403 865
403 906
403 1003
404 424
404 615
404 653
404 687
404 732
404 746
404 811
404 916
405 450
405 502
405 522
405 545
405 550
405 739
405 773
405 778
405 820
405 832
405 923
405 965
405 1006
405 1009
405 1023
406 467
406 556
406 628
406 646
406 799
406 801
406 843
407 495
407 617
407 667
407 708
407 795
407 839
407 961
407 997
407 1000
407 1023
408 438
408 470
408 568
408 618
408 881
408 1011
409 506
409 591
409 665
409 708
409 760
409 767
409 806
409 901
409 939
409 983
409 998
410 438
410 533
410 554
410 707
410 727
410 778
410 1012
411 416
411 427
411 550
411 637
411 693
411 796
411 804
411 888
411 981
411 990
411 1012
412 451
412 547
412 809
412 841
412 868
412 905
412 921
413 424
413 528
413 566
413 708
413 733
413 807
413 882
413 1022
414 429
414 455
414 484
414 491
414 518
414 583
414 658
414 712
414 844
415 454
415 485
415 504
415 552
415 727
415 826
415 919
415 1019
416 419
416 443
416 517
416 607
416 621
416 648
416 711
416 732
416 765
416 838
417 445
417 481
417 512
417 515
417 567
417 590
417 673
417 690
417 693
417 749
417 762
417 810
417 818
417 872
417 925
418 437
418 447
418 468
418 487
418 494
418 609
418 777
418 912
418 1003
419 497
419 835
419 854
419 880
419 893
419 919
420 438
420 455
420 672
420 752
420 832
420 839
420 898
420 906
421 427
421 517
421 518
421 524
421 560
421 612
421 718
421 758
421 766
421 780
421 846
421 848
421 906
421 921
421 984
421 988
422 443
422 483
422 557
422 624
422 881
422 931
423 474
423 487
423 514
423 611
423 622
423 659
423 798
423 829
423 900
423 906
423 988
424 457
424 534
424 575
424 675
424 787
424 881
425 489
425 496
425 617
425 630
425 643
425 688
425 691
425 724
426 576
426 674
426 749
426 896
427 528
427 739
427 793
427 804
427 842
427 890
427 956
428 436
428 437
428 491
428 497
428 571
428 706
428 874
428 892
428 973
428 1018
429 458
429 519
429 551
429 593
429 644
429 650
429 692
429 708
429 795
429 972
429 990
430 681
430 682
430 944
431 581
431 615
431 651
431 664
431 829
431 881
431 919
431 988
432 472
432 544
432 621
432 653
432 654
432 674
432 679
432 689
432 814
432 979
433 455
433 549
433 585
433 873
433 970
433 991
434 545
434 555
434 568
434 572
434 626
434 638
434 719
434 839
434 934
434 947
434 975
435 454
435 462
435 510
435 539
435 542
435 595
435 674
435 717
435 984
436 452
436 463
436 478
436 496
436 547
436 767
436 851
436 853
436 879
436 944
436 950
436 983
436 995
436 1007
436 1020
437 570
437 582
437 592
437 618
437 646
437 715
437 745
437 871
437 951
437 963
438 492
438 546
438 553
438 608
438 714
438 721
438 733
438 840
438 876
438 929
438 1009
439 486
439 734
439 793
439 802
439 862
439 867
439 919
439 991
440 498
440 726
440 771
441 478
441 648
441 658
441 659
441 670
441 728
441 732
441 906
441 943
441 1005
442 516
442 668
442 676
442 930
442 970
442 1007
443 515
443 548
443 603
443 636
443 678
443 720
443 797
443 806
443 909
443 997
444 495
444 497
444 577
444 624
444 664
444 678
444 690
444 775
444 854
444 857
444 989
444 1010
444 1017
445 594
445 619
445 629
445 665
445 875
445 934
446 657
446 665
446 804
446 859
446 1000
446 1003
446 1010
447 450
447 468
447 536
447 597
447 667
447 764
447 791
447 827
447 869
447 1009
447 1019
448 504
448 558
448 693
448 823
448 826
448 905
448 917
448 963
448 1000
449 504
449 527
449 530
449 573
449 592
449 726
449 737
449 904
449 982
449 1010
449 1020
450 628
450 648
450 664
450 842
450 973
451 470
451 512
451 641
451 656
451 700
451 709
451 735
451 742
451 801
451 877
451 940
451 953
452 561
452 608
452 716
452 915
453 619
453 827
453 989
454 616
454 783
454 873
454 876
454 924
455 464
455 590
455 610
455 809
455 840
455 965
455 980
455 990
456 507
456 519
456 611
456 627
456 654
456 662
456 670
456 859
456 918
456 999
457 494
457 510
457 518
457 551
457 742
457 874
458 515
458 663
458 666
458 692
458 697
458 894
458 907
458 912
459 495
459 631
459 653
459 710
459 882
459 960
459 999
460 521
460 560
460 770
460 874
460 883
460 955
460 1007
461 501
461 526
461 559
461 563
461 599
461 819
461 828
461 933
461 1012
462 997
463 477
463 524
463 631
463 686
463 694
463 702
463 821
463 824
463 957
464 550
464 896
464 1000
464 1022
465 607
465 781
465 833
465 872
466 613
466 720
466 896
466 936
467 476
467 512
467 554
467 651
467 724
467 985
467 988
468 474
468 492
468 518
468 523
468 624
468 676
468 741
468 770
468 827
468 836
468 886
468 1013
468 1016
469 486
469 736
469 788
469 791
469 967
470 484
470 583
470 851
470 908
470 950
471 499
471 543
471 650
471 770
471 819
471 959
472 528
472 595
472 643
472 675
472 716
472 790
472 956
473 478
473 516
473 519
473 582
473 643
473 686
473 693
473 716
473 737
473 870
474 623
474 857
474 959
474 994
475 528
475 563
475 565
475 568
475 686
475 735
475 766
475 798
475 942
475 1023
476 525
476 536
476 608
476 631
476 743
476 752
477 598
477 629
477 703
477 743
477 763
477 1005
478 568
478 735
478 788
478 867
478 893
478 926
478 1006
479 682
479 716
479 1001
480 607
480 702
480 726
480 775
480 952
480 953
480 981
481 573
481 576
481 631
481 751
481 778
481 853
481 944
481 1009
481 1011
482 512
482 670
482 853
482 868
482 978
482 989
483 505
483 558
483 583
483 764
483 895
483 918
483 920
483 943
483 948
483 975
483 1002
484 581
484 627
484 648
484 712
484 755
484 877
484 1000
484 1015
485 567
485 609
485 709
485 796
485 800
485 815
485 819
485 845
485 870
486 520
486 522
486 623
486 635
486 656
486 788
486 936
486 979
486 1003
487 536
487 545
487 552
487 706
487 721
487 737
487 959
487 1007
487 1011
488 522
488 569
488 866
488 880
488 980
489 524
489 564
489 581
489 582
489 609
489 668
489 710
489 776
489 955
489 962
489 998
489 1012
489 1017
490 498
490 559
490 623
490 635
490 650
490 696
490 841
490 972
490 975
490 1001
490 1022
491 636
491 687
491 692
491 803
491 877
491 907
491 968
491 987
492 524
492 673
492 721
492 856
492 875
492 913
492 1003
493 552
493 650
493 699
493 735
493 786
493 836
493 911
493 914
493 932
494 498
494 526
494 665
494 739
494 779
494 852
494 887
494 933
495 567
495 631
495 718
495 831
495 913
495 987
495 994
496 550
496 698
496 712
496 778
496 900
496 932
496 967
496 990
497 506
497 673
497 684
497 738
497 785
497 813
497 887
497 895
498 505
498 542
498 674
498 708
498 746
498 799
498 1007
499 609
499 681
499 757
499 793
499 858
500 540
500 555
500 560
500 571
500 685
500 710
500 719
500 736
500 844
500 985
500 996
500 1015
501 559
501 577
501 638
501 721
501 728
501 741
501 831
501 884
501 970
502 552
502 619
502 628
502 633
502 809
502 880
502 894
502 914
503 524
503 552
503 563
503 676
503 699
503 794
503 883
504 534
504 671
504 689
504 693
504 879
504 901
504 906
504 931
505 572
505 664
505 913
506 554
506 634
506 648
506 695
506 891
506 944
506 963
506 999
507 552
507 722
507 768
507 865
507 906
508 552
508 813
508 846
508 966
509 537
509 643
509 788
509 807
509 850
509 878
509 927
509 970
510 704
510 874
510 897
510 955
511 564
511 829
511 854
511 862
511 892
511 894
511 997
511 1006
512 570
512 577
512 721
512 791
512 857
512 862
512 867
512 900
513 544
513 867
513 886
513 958
513 979
514 653
514 675
514 757
514 811
514 910
515 577
515 632
515 644
515 748
515 764
515 824
516 689
516 823
516 877
516 879
516 967
516 980
516 982
517 546
517 599
517 627
517 651
517 685
517 711
517 777
517 903
517 937
517 989
518 524
518 530
518 676
518 818
518 826
518 1008
519 765
519 820
519 989
519 1020
520 552
520 618
521 668
521 824
521 951
521 971
521 973
521 982
522 594
522 630
522 705
522 805
522 843
522 851
522 937
522 947
522 976
523 585
523 636
523 695
523 702
523 717
523 785
524 537
524 589
524 711
524 811
524 987
524 1013
525 555
525 568
525 677
525 789
525 795
525 810
525 971
526 549
526 610
526 640
526 695
526 784
526 897
526 918
526 974
527 707
527 817
527 962
527 1023
528 558
528 666
528 680
528 702
528 733
528 749
528 862
528 870
528 900
528 909
528 970
529 698
529 708
529 717
529 733
529 798
529 862
529 978
530 582
530 759
530 1021
531 746
531 784
531 812
531 887
531 942
532 573
532 606
532 631
532 839
532 852
533 610
533 615
533 669
533 676
533 694
533 869
533 1012
533 1015
534 601
534 689
534 736
534 739
534 761
534 784
534 846
534 890
535 572
535 637
535 798
535 887
535 982
535 1007
536 547
536 612
536 654
536 694
536 700
536 840
536 899
536 937
536 941
537 578
537 649
537 663
537 774
537 831
537 903
537 917
537 948
537 965
538 550
538 583
538 612
538 614
538 626
538 690
538 815
538 823
538 946
538 1009
539 571
539 652
539 975
540 619
540 626
540 689
540 750
540 809
540 832
541 672
541 704
541 859
541 912
541 957
541 977
541 978
541 1010
542 647
542 671
542 700
542 790
542 828
542 868
542 915
543 550
543 741
543 768
543 779
543 849
543 870
544 600
544 657
544 698
544 711
544 790
544 921
545 623
545 635
545 657
545 813
545 890
545 901
545 970
546 559
546 599
546 613
546 629
546 788
546 870
546 991
546 1013
547 618
547 641
547 717
547 776
547 785
547 906
547 1020
548 660
548 731
548 815
549 558
549 596
549 789
549 857
549 859
549 933
549 934
550 705
550 928
550 944
551 667
551 686
551 746
551 758
551 902
551 906
551 953
552 597
552 614
552 792
552 833
553 693
553 774
553 919
553 967
554 608
554 616
554 624
554 693
554 781
554 947
555 566
555 574
555 636
555 647
555 685
555 701
555 814
555 850
555 863
555 893
555 1001
555 1011
556 632
556 646
556 851
556 970
556 973
556 997
557 602
557 610
557 687
557 741
557 804
557 845
558 612
558 657
558 755
558 948
558 963
558 969
558 1007
559 704
559 866
559 958
560 685
560 861
560 961
561 588
561 702
561 730
561 849
561 980
562 654
562 750
562 756
562 765
562 786
562 885
562 953
562 993
562 1016
563 617
563 668
563 809
564 621
564 625
564 688
564 795
564 841
564 918
565 570
565 684
565 907
566 605
566 716
566 726
566 784
566 852
566 947
566 996
567 582
567 625
567 640
567 685
567 695
567 722
567 744
568 614
568 655
568 733
568 895
568 918
568 966
569 578
569 666
569 717
569 747
569 781
569 821
569 932
571 680
571 805
571 840
571 862
571 1001
572 742
572 752
572 784
572 888
572 946
572 957
572 993
573 696
573 772
573 815
573 845
573 944
573 1023
574 640
574 677
574 723
574 726
575 587
575 701
575 823
575 857
575 860
575 935
575 992
575 1015
576 830
576 857
576 1013
577 648
577 710
577 732
577 899
577 902
577 907
578 690
578 823
578 1003
578 1015
579 765
579 787
580 738
580 741
580 815
580 908
580 928
581 799
581 887
581 905
581 973
581 1019
582 616
582 743
582 779
582 791
582 912
582 918
582 956
583 590
583 625
583 765
583 795
583 854
583 939
583 945
583 993
584 885
584 919
584 955
584 1006
585 593
585 691
585 704
585 750
585 823
585 912
585 913
585 920
585 1020
586 690
586 733
586 753
586 762
586 793
586 850
586 856
586 930
586 963
587 780
587 935
587 956
588 726
588 746
588 762
588 816
588 835
588 857
588 894
588 902
588 930
589 819
589 917
589 927
590 618
590 665
590 682
590 838
590 856
590 941
590 981
590 1006
591 632
591 675
591 704
591 926
592 713
592 816
592 851
592 867
592 954
593 595
593 603
593 627
593 878
593 922
594 640
594 643
594 702
594 811
594 833
594 858
595 732
595 789
595 863
595 918
595 938
596 693
596 760
596 780
596 860
596 869
596 943
596 1011
597 694
597 727
597 915
597 952
598 682
598 775
598 780
598 829
598 839
598 921
598 924
599 636
599 703
599 810
599 864
599 880
599 885
599 927
599 940
599 961
600 619
600 729
600 822
600 838
600 873
601 663
601 867
602 753
602 785
602 837
602 874
602 911
602 932
602 958
602 998
602 1021
603 816
603 1008
604 716
604 873
604 883
604 943
604 960
605 625
605 638
605 643
605 685
605 728
605 805
605 961
605 964
606 614
606 749
606 772
606 779
606 780
606 804
606 940
606 1020
607 928
607 968
608 651
608 882
609 664
609 667
609 682
609 685
609 704
609 713
609 728
609 869
609 886
609 971
609 1004
610 614
610 633
610 771
610 819
610 871
611 641
611 663
611 783
611 801
611 853
611 868
611 895
611 972
611 975
612 787
613 626
613 829
613 880
613 895
613 950
613 963
613 974
613 1006
613 1022
614 684
614 777
614 872
614 889
614 974
615 662
615 717
615 734
615 746
615 894
615 955
616 658
616 693
616 877
616 878
616 989
617 674
617 721
617 849
617 870
617 988
618 619
618 794
618 929
618 972
619 648
619 741
619 751
619 809
619 888
619 922
619 942
619 961
619 994
619 1008
619 1023
620 683
620 710
620 723
620 877
620 907
620 922
620 935
621 626
621 633
621 656
621 699
621 714
621 792
621 845
621 867
621 939
621 980
622 655
622 667
622 669
622 687
622 859
622 1014
623 640
623 691
623 825
623 854
623 957
623 995
623 1004
624 735
624 739
624 782
624 809
624 946
625 632
625 700
625 717
625 761
625 827
625 864
626 640
626 649
626 784
626 826
626 870
626 941
627 666
627 758
627 778
627 815
627 968
627 975
627 996
628 815
628 846
628 861
628 958
628 964
629 673
629 675
629 752
629 761
629 781
629 944
629 950
629 971
630 637
630 721
630 821
630 824
631 800
631 815
631 817
632 715
632 727
632 732
632 974
633 711
633 841
633 875
633 906
634 736
634 747
634 785
634 796
634 843
634 875
634 977
635 649
635 710
635 735
636 682
636 914
636 961
636 965
637 642
637 691
637 727
637 872
637 885
638 742
638 838
638 852
638 864
638 893
639 778
639 960
639 1002
639 1003
640 662
640 764
640 865
640 914
640 968
641 744
641 754
641 797
642 654
642 692
642 765
642 790
642 805
643 755
643 775
643 836
643 859
643 861
643 872
644 663
644 693
644 752
644 767
644 862
644 877
644 879
645 795
645 854
645 957
645 987
646 708
646 791
646 824
646 956
647 681
647 732
647 743
647 758
647 771
647 778
647 987
648 700
648 734
648 750
648 809
648 980
648 999
649 805
649 807
649 923
649 932
650 757
650 857
650 934
650 936
651 705
651 753
651 890
651 971
652 855
653 657
653 745
653 879
653 961
653 975
653 1012
654 817
654 825
654 865
654 995
655 675
655 801
655 901
655 908
655 948
655 949
655 965
656 666
656 687
656 721
656 796
656 861
656 864
656 933
656 979
657 776
657 855
658 710
658 890
658 908
658 972
658 981
658 988
658 998
659 666
659 689
659 706
659 770
659 819
659 826
659 950
660 704
660 717
660 768
660 829
660 846
660 1004
661 766
661 781
661 852
661 911
661 946
661 963
661 1019
662 769
662 820
662 942
662 993
663 702
663 881
663 895
664 677
664 795
664 934
664 960
665 706
665 739
665 979
665 984
665 1023
666 815
666 929
667 677
667 683
667 694
667 834
667 903
667 962
668 737
668 854
668 943
669 671
669 720
669 821
669 951
669 955
670 672
670 691
670 706
670 953
671 682
671 712
671 978
671 1020
672 719
672 737
672 840
672 857
672 973
672 1023
673 716
673 734
673 773
673 779
673 954
674 771
674 807
674 868
674 1020
675 825
675 855
675 1017
676 774
676 794
676 798
676 953
676 993
676 1020
677 686
677 1006
677 1022
678 751
678 862
678 880
678 913
678 998
679 886
680 699
680 932
680 976
680 990
681 733
681 814
681 910
682 864
682 865
682 909
682 1009
683 801
683 852
683 916
683 926
683 948
684 751
684 829
684 877
684 919
684 969
685 740
685 748
685 862
685 989
685 1000
686 744
686 758
686 818
686 822
686 830
686 859
686 872
686 921
686 932
686 942
686 1012
687 698
687 722
687 769
687 862
687 889
687 897
687 904
687 906
687 916
687 978
688 699
688 782
689 690
689 733
689 741
689 755
689 806
689 859
689 872
689 913
689 914
689 993
689 1022
690 907
690 977
690 980
690 1009
691 694
691 819
691 924
691 948
692 777
692 801
692 862
692 875
693 850
693 877
693 900
693 941
693 977
694 701
694 844
694 908
694 957
695 776
695 812
696 811
696 952
697 826
697 846
698 699
698 765
699 784
699 930
700 727
700 792
700 913
701 971
702 820
702 851
702 866
702 868
702 905
703 795
703 1021
703 1022
704 749
704 817
704 994
704 1021
705 932
705 933
705 996
706 709
706 759
706 777
706 818
707 715
707 722
707 735
707 810
707 881
707 989
707 998
708 764
708 776
708 807
708 1000
709 728
709 883
709 897
710 777
710 819
710 830
710 832
710 929
710 1015
711 720
711 732
711 899
711 952
711 954
711 955
711 981
711 1008
712 736
712 827
712 833
712 845
712 855
712 862
713 749
713 756
713 893
713 943
714 824
714 919
714 928
715 815
715 918
715 934
716 725
716 761
716 929
716 970
717 806
717 818
717 846
717 858
717 884
718 766
718 971
719 744
719 827
719 960
720 822
720 826
720 945
720 954
721 732
721 1023
722 765
722 863
722 932
723 792
723 888
723 1002
724 819
724 829
724 848
724 860
724 877
724 943
724 969
725 751
725 776
725 805
725 977
726 836
726 866
726 934
726 1010
727 847
727 853
727 961
728 746
728 789
728 804
728 849
729 779
729 787
729 865
730 761
730 817
731 793
731 839
731 968
731 1011
732 774
732 791
732 837
732 838
732 998
732 1005
732 1023
733 756
733 778
733 906
733 933
733 941
733 944
734 739
734 806
734 907
734 983
734 1001
735 747
735 798
735 860
735 870
735 941
735 1023
736 753
736 797
736 804
736 881
736 921
737 740
737 791
737 833
737 893
737 940
737 1012
738 866
738 976
739 927
739 998
739 1009
740 884
740 961
740 1001
741 854
742 831
742 856
742 858
742 905
742 940
742 958
743 907
743 1002
744 889
744 926
745 804
746 748
746 751
746 791
746 802
746 984
746 989
746 992
747 829
747 879
747 908
747 932
748 816
748 847
748 1016
749 777
749 863
749 868
749 908
749 1023
750 782
750 958
750 1012
750 1019
751 815
751 853
751 954
751 996
752 908
752 935
752 984
753 760
753 891
753 936
754 885
754 908
754 931
755 797
755 809
755 857
755 865
755 1022
756 795
756 945
758 857
759 776
759 787
759 943
759 948
760 777
760 782
760 785
760 787
760 788
760 805
760 921
761 859
761 864
761 913
761 951
763 777
763 796
763 852
764 937
765 808
765 830
765 911
765 919
765 980
766 830
766 831
766 883
766 932
766 957
766 975
767 809
767 868
767 878
767 965
768 792
768 846
768 850
769 771
769 857
769 877
769 904
769 951
770 796
770 903
770 917
770 1019
771 908
771 911
771 1000
772 840
772 893
772 914
772 989
773 847
773 854
773 933
774 777
774 798
774 816
774 834
774 983
775 787
775 870
775 897
775 943
775 950
776 793
776 822
776 873
776 891
776 925
776 990
776 1008
777 917
777 960
777 1009
778 816
778 872
779 887
780 815
780 951
781 819
781 912
781 936
781 959
781 1019
782 802
782 820
782 933
783 811
783 896
784 830
784 847
784 1023
785 872
785 881
786 917
786 968
787 842
787 851
787 880
787 1001
788 914
788 928
789 902
789 932
790 868
790 927
790 932
790 967
791 825
792 824
792 851
792 926
793 852
793 901
794 805
794 933
794 973
794 982
795 870
795 934
795 942
795 1000
795 1013
796 804
796 904
796 990
797 926
797 993
798 870
800 968
801 876
802 849
802 1023
803 807
803 842
803 953
803 1002
804 864
804 922
804 984
804 997
804 1019
805 834
805 961
806 913
806 1007
807 833
807 933
807 971
807 987
808 909
808 955
809 987
810 884
811 927
811 930
812 844
812 879
812 957
813 907
813 951
814 823
814 930
814 951
815 828
815 963
816 935
816 969
817 872
817 948
817 959
819 825
819 866
819 889
819 971
820 885
820 934
820 937
820 968
821 851
821 904
822 843
822 908
824 858
824 955
825 835
825 852
825 900
825 926
826 844
826 866
827 858
827 919
828 846
828 959
829 882
830 895
831 876
831 1006
832 891
833 848
833 868
833 872
833 895
833 931
833 956
833 976
834 879
834 927
834 987
834 1015
835 839
835 842
835 845
835 955
835 1004
836 944
836 1015
837 909
837 945
837 984
837 1014
838 949
838 986
838 1023
839 921
840 848
840 883
840 917
840 960
840 1016
841 894
841 975
843 1018
844 845
844 893
844 974
845 870
845 909
845 973
845 980
845 1008
846 867
846 891
846 1002
847 1010
848 936
849 896
849 898
851 975
851 1022
852 873
852 910
852 954
853 874
853 885
853 907
855 861
855 909
855 994
856 934
857 941
857 955
857 985
858 859
858 906
858 970
860 869
860 882
860 894
860 973
861 940
861 1010
862 889
862 891
862 913
862 936
862 1022
863 876
863 923
863 925
863 1023
864 937
865 884
867 879
867 952
867 974
868 893
868 992
868 1001
870 933
870 981
871 872
871 898
871 927
871 947
872 917
872 935
872 960
872 965
873 930
873 936
873 959
873 962
874 878
876 994
876 1006
877 898
877 1002
879 935
879 1007
880 906
880 914
880 1011
881 899
881 1023
882 1021
883 918
883 1011
883 1016
884 892
884 915
885 899
885 904
885 976
886 903
886 999
887 954
889 897
889 1004
891 915
892 918
892 951
892 1016
893 916
893 949
893 1019
894 899
895 956
895 971
896 905
896 921
896 934
897 992
897 1006
897 1014
898 1005
898 1022
899 967
899 969
899 987
900 913
900 926
900 935
901 908
901 989
902 940
902 958
903 919
903 1014
904 914
905 906
905 918
905 944
905 975
905 1007
906 952
907 930
907 952
908 919
910 973
912 950
912 980
912 987
913 950
914 960
914 992
914 1006
914 1009
915 926
915 990
915 992
915 998
917 918
917 979
918 1000
918 1022
919 999
921 930
921 978
921 1006
922 927
922 972
922 996
924 977
925 950
925 976
925 1014
926 1020
929 1013
930 949
932 980
933 966
933 967
934 962
935 939
936 947
936 965
937 1003
939 961
941 954
942 952
942 960
944 980
946 963
946 999
949 994
951 985
952 987
953 981
954 977
957 964
957 982
957 1012
958 969
963 965
963 1010
966 1007
969 977
969 988
969 1016
971 988
972 973
972 1013
976 1014
977 1001
978 999
979 981
979 1006
980 1021
981 988
985 1011
986 988
986 1017
987 1006
989 997
990 1020
1002 1004
1007 1014
1007 1021
1012 1021
