0 5
0 63
0 66
0 119
0 145
0 158
0 178
0 216
0 217
0 273
0 344
0 379
0 408
0 414
0 426
0 476
0 479
0 508
1 76
1 114
1 133
1 345
1 361
1 457
1 490
1 491
2 178
2 253
2 292
2 341
2 366
2 385
2 395
2 461
2 463
2 467
2 471
2 482
3 28
3 47
3 124
3 171
3 190
3 202
3 244
3 268
3 271
3 407
3 503
4 17
4 35
4 132
4 160
4 183
4 243
4 338
4 349
4 370
4 389
4 395
4 431
4 454
4 464
4 485
5 8
5 44
5 81
5 90
5 103
5 118
5 182
5 204
5 268
5 305
5 429
5 431
5 472
5 485
6 114
6 139
6 173
6 206
6 265
6 286
6 347
6 359
6 418
6 431
6 436
6 490
7 33
7 35
7 191
7 200
7 261
7 406
7 428
7 430
7 441
7 456
7 496
7 502
8 46
8 88
8 102
8 117
8 215
8 236
8 240
8 276
8 305
8 386
8 448
8 491
8 498
9 31
9 38
9 69
9 77
9 102
9 128
9 242
9 300
9 308
9 349
9 365
9 379
9 395
9 426
9 442
9 450
9 468
9 500
10 30
10 49
10 80
10 148
10 209
10 217
10 228
10 243
10 402
10 423
10 464
10 507
11 16
11 17
11 41
11 45
11 71
11 84
11 112
11 134
11 145
11 212
11 234
11 244
11 341
11 423
11 429
11 474
11 495
11 501
12 29
12 41
12 67
12 78
12 82
12 110
12 252
12 275
12 276
12 278
12 295
12 318
12 372
12 375
12 480
12 485
12 507
13 198
13 225
13 232
13 240
13 269
13 278
13 311
13 313
13 345
13 360
13 362
13 373
13 440
13 451
13 475
13 493
14 28
14 76
14 79
14 143
14 147
14 212
14 221
14 268
14 290
14 379
14 422
14 428
14 480
15 197
15 297
15 364
15 470
16 35
16 41
16 135
16 148
16 150
16 170
16 191
16 201
16 253
16 263
16 282
16 312
16 397
16 450
16 479
17 43
17 44
17 87
17 91
17 92
17 191
17 200
17 334
17 362
17 475
18 24
18 82
18 125
18 136
18 211
18 253
18 288
18 342
18 348
18 355
18 386
18 398
18 412
18 438
18 473
19 55
19 56
19 116
19 246
19 254
19 331
19 354
19 367
19 409
19 493
20 51
20 93
20 144
20 159
20 197
20 201
20 229
20 295
20 347
20 359
20 376
20 401
20 444
20 483
21 61
21 68
21 75
21 95
21 128
21 239
21 249
21 262
21 314
21 331
21 350
21 375
21 398
21 414
21 470
21 493
22 58
22 102
22 189
22 216
22 228
22 244
22 260
22 321
22 328
22 414
22 417
22 424
22 457
22 470
23 24
23 40
23 46
23 96
23 108
23 135
23 185
23 279
23 330
23 345
23 347
23 372
23 426
23 468
23 511
24 35
24 69
24 98
24 100
24 134
24 155
24 252
24 260
24 323
24 417
24 428
24 431
25 42
25 76
25 104
25 108
25 117
25 161
25 162
25 163
25 165
25 184
25 296
25 302
25 310
25 344
25 373
25 377
25 465
25 479
25 500
25 509
26 36
26 39
26 61
26 70
26 110
26 114
26 131
26 138
26 168
26 171
26 189
26 230
26 265
26 268
26 310
26 319
26 449
26 493
27 34
27 73
27 81
27 122
27 145
27 196
27 211
27 237
27 255
27 302
27 313
27 336
27 378
27 403
27 459
28 122
28 145
28 240
28 248
28 298
28 364
28 390
28 448
28 452
28 484
29 61
29 152
29 221
29 225
29 252
29 263
29 278
29 290
29 295
29 323
29 354
29 356
29 390
29 459
29 461
29 486
30 130
30 132
30 214
30 258
30 298
30 321
30 332
30 366
30 367
30 388
30 393
30 448
31 42
31 172
31 196
31 213
31 215
31 217
31 238
31 279
31 303
31 318
31 338
31 344
31 356
31 359
31 405
31 425
31 438
31 481
31 500
32 44
32 54
32 81
32 142
32 257
32 260
32 320
32 356
32 387
32 402
32 403
32 411
32 412
32 441
32 466
32 488
33 56
33 125
33 139
33 166
33 252
33 253
33 258
33 391
33 473
34 60
34 99
34 172
34 236
34 270
34 275
34 282
34 310
34 334
34 362
34 385
34 389
34 393
34 452
34 471
34 491
34 509
35 102
35 117
35 167
35 219
35 244
35 246
35 292
35 316
35 347
35 364
35 408
35 446
36 108
36 127
36 132
36 225
36 247
36 319
36 377
36 472
36 491
37 47
37 62
37 74
37 76
37 118
37 207
37 268
37 289
37 295
37 299
37 304
37 350
37 376
37 388
37 511
38 60
38 86
38 98
38 104
38 121
38 132
38 145
38 155
38 189
38 260
38 289
38 326
38 411
38 426
38 467
38 492
39 91
39 96
39 130
39 134
39 216
39 305
39 356
39 433
39 502
40 46
40 125
40 137
40 191
40 198
40 231
40 244
40 251
40 257
40 262
40 282
40 286
40 331
40 348
40 357
40 371
40 378
40 416
41 54
41 66
41 107
41 141
41 221
41 259
41 289
41 328
41 355
41 475
41 503
41 505
42 52
42 59
42 78
42 83
42 148
42 190
42 311
42 335
42 347
42 351
42 356
42 365
42 374
42 496
43 45
43 66
43 116
43 134
43 174
43 177
43 217
43 269
43 272
43 293
43 335
43 390
43 459
43 486
44 54
44 65
44 113
44 126
44 147
44 151
44 185
44 189
44 195
44 260
44 279
44 359
44 468
44 495
45 51
45 159
45 234
45 239
45 281
45 315
45 329
45 391
45 430
45 446
45 462
45 476
45 492
46 71
46 139
46 159
46 309
46 405
46 409
46 415
47 50
47 121
47 124
47 296
47 307
47 311
47 340
47 369
47 393
47 430
47 433
47 438
47 449
48 65
48 85
48 103
48 111
48 127
48 213
48 280
48 310
48 323
48 342
48 348
48 365
48 442
49 57
49 81
49 125
49 147
49 183
49 215
49 252
49 260
49 271
49 278
49 318
49 380
49 420
49 491
50 340
50 357
50 374
50 408
50 412
50 445
50 456
50 457
51 104
51 153
51 158
51 211
51 223
51 227
51 250
51 269
51 359
51 371
51 431
51 499
52 87
52 147
52 177
52 204
52 209
52 213
52 285
52 325
52 329
52 367
53 60
53 75
53 115
53 136
53 226
53 248
53 288
53 341
53 342
53 359
53 491
53 509
54 63
54 67
54 70
54 72
54 140
54 193
54 215
54 224
54 298
54 403
54 456
54 500
55 111
55 122
55 132
55 147
55 169
55 213
55 372
56 78
56 111
56 186
56 190
56 221
56 225
56 257
56 269
56 273
56 294
56 360
56 386
56 403
56 411
56 457
57 162
57 200
57 219
57 224
57 256
57 322
57 352
57 408
57 415
57 439
57 460
57 502
58 90
58 142
58 158
58 163
58 195
58 454
58 484
58 504
59 74
59 188
59 221
59 233
59 252
59 299
59 314
59 374
59 408
59 410
59 460
59 462
59 489
59 508
60 64
60 77
60 78
60 119
60 120
60 138
60 165
60 168
60 174
60 207
60 233
60 364
60 368
60 380
60 441
60 447
61 67
61 94
61 98
61 110
61 112
61 121
61 252
61 282
61 291
61 292
61 301
61 306
61 314
61 391
62 126
62 156
62 170
62 211
62 236
62 272
62 335
62 351
62 403
62 413
62 435
63 146
63 147
63 192
63 255
63 260
63 264
63 291
63 296
63 311
63 318
63 321
63 327
63 337
63 360
63 367
63 370
63 387
63 393
63 401
63 437
64 92
64 162
64 200
64 217
64 219
64 331
64 342
64 357
64 465
64 509
65 92
65 98
65 115
65 125
65 155
65 256
65 353
65 379
65 410
65 442
65 450
66 91
66 94
66 186
66 216
66 231
66 241
66 294
66 311
66 380
66 410
66 463
67 71
67 95
67 133
67 181
67 184
67 188
67 215
67 216
67 241
67 271
67 280
67 307
67 309
67 310
67 438
67 455
68 72
68 79
68 192
68 216
68 219
68 285
68 342
68 376
68 383
68 413
68 485
69 82
69 98
69 100
69 158
69 187
69 222
69 223
69 253
69 257
69 312
69 413
69 419
69 427
69 495
70 74
70 96
70 103
70 120
70 149
70 152
70 154
70 193
70 218
70 266
70 286
70 314
70 369
70 396
70 416
70 417
70 418
70 471
70 474
70 483
71 112
71 120
71 259
71 268
71 285
71 286
71 319
71 341
71 430
72 87
72 112
72 157
72 194
72 197
72 230
72 236
72 246
72 280
72 312
72 361
72 390
72 391
72 441
72 464
72 488
73 74
73 77
73 112
73 114
73 132
73 134
73 140
73 161
73 170
73 230
73 343
73 365
73 379
73 410
73 437
73 478
73 495
74 81
74 83
74 91
74 96
74 101
74 127
74 154
74 187
74 233
74 241
74 290
74 292
74 326
74 332
74 460
75 80
75 107
75 139
75 146
75 159
75 166
75 189
75 251
75 333
75 338
75 393
75 418
75 437
75 448
75 477
75 491
76 78
76 85
76 96
76 134
76 135
76 197
76 269
76 270
76 365
76 395
76 410
76 425
76 478
77 101
77 104
77 130
77 181
77 183
77 205
77 227
77 235
77 260
77 298
77 331
77 352
77 364
77 370
77 439
77 448
77 449
77 452
77 468
77 472
77 501
78 116
78 175
78 180
78 338
78 365
78 509
79 136
79 146
79 147
79 195
79 253
79 267
79 347
79 357
79 486
80 142
80 172
80 188
80 220
80 420
80 428
80 462
80 493
80 502
80 507
81 122
81 196
81 275
81 311
81 360
81 412
81 426
81 437
81 506
82 136
82 172
82 173
82 375
82 393
83 87
83 153
83 171
83 198
83 237
83 286
83 288
83 293
83 295
83 303
83 364
83 370
83 409
83 434
83 456
83 479
84 190
84 241
84 245
84 409
84 430
84 485
85 89
85 108
85 122
85 130
85 153
85 296
85 367
85 384
85 434
85 446
85 470
85 511
86 139
86 156
86 188
86 193
86 204
86 217
86 391
86 401
87 88
87 167
87 222
87 241
87 285
87 352
87 373
87 378
87 460
88 100
88 130
88 147
88 226
88 298
88 363
88 366
88 369
88 427
88 440
89 155
89 183
89 250
89 304
89 335
89 347
89 430
89 464
89 501
90 92
90 94
90 174
90 198
90 213
90 217
90 241
90 254
90 264
90 304
90 309
90 426
90 432
90 503
90 506
91 120
91 158
91 176
91 233
91 243
91 272
91 284
91 285
91 389
91 461
91 496
91 497
92 173
92 204
92 275
92 296
92 304
92 323
92 341
92 356
92 369
92 390
92 406
92 410
92 422
92 431
92 460
92 471
93 136
93 146
93 164
93 187
93 240
93 258
93 289
93 387
93 398
93 489
93 494
93 500
93 508
94 100
94 212
94 224
94 289
94 300
94 344
94 356
94 417
94 435
94 447
94 465
94 495
95 105
95 170
95 181
95 194
95 209
95 217
95 254
95 322
95 343
95 350
95 391
95 393
95 396
95 469
95 472
95 490
95 494
96 188
96 201
96 213
96 247
96 316
96 372
96 401
96 447
96 467
96 488
96 504
96 505
96 506
97 116
97 121
97 129
97 130
97 250
97 287
97 323
97 375
97 401
97 413
97 444
97 463
98 144
98 230
98 286
98 308
98 343
98 445
98 472
99 117
99 128
99 170
99 177
99 199
99 227
99 292
99 332
99 342
99 353
99 422
99 505
100 110
100 143
100 197
100 213
100 218
100 280
100 286
100 351
100 361
100 372
100 374
100 424
100 443
100 472
100 488
101 113
101 131
101 183
101 221
101 252
101 297
101 298
101 314
101 359
101 400
101 455
101 459
101 486
102 164
102 169
102 199
102 248
102 250
102 256
102 290
102 379
102 400
102 420
102 469
102 486
102 487
102 488
103 150
103 187
103 195
103 199
103 242
103 270
103 293
103 355
103 385
103 405
103 409
103 499
103 505
104 114
104 156
104 207
104 214
104 240
104 252
104 339
104 361
104 390
104 422
104 489
105 282
105 331
105 383
105 400
105 499
106 128
106 211
106 232
106 262
106 279
106 298
106 320
106 345
106 368
106 453
106 457
106 468
107 110
107 136
107 152
107 154
107 185
107 196
107 210
107 217
107 242
107 277
107 286
107 356
107 431
107 479
107 497
108 135
108 142
108 197
108 368
108 388
108 483
108 499
109 143
109 167
109 207
109 297
109 366
109 367
109 393
109 407
109 408
109 422
109 495
110 113
110 121
110 131
110 132
110 147
110 169
110 208
110 209
110 243
110 251
110 293
110 302
110 304
110 450
110 503
111 120
111 144
111 151
111 209
111 224
111 237
111 238
111 282
111 318
111 398
111 418
111 436
111 492
112 114
112 145
112 168
112 223
112 251
112 291
112 396
112 412
112 452
113 183
113 196
113 239
113 264
113 284
113 324
113 341
113 446
113 461
113 472
114 119
114 136
114 162
114 165
114 187
114 269
114 311
114 313
114 332
114 375
114 387
114 398
114 406
114 429
115 129
115 146
115 168
115 246
115 294
115 318
115 334
115 384
115 389
115 468
115 471
116 118
116 157
116 206
116 227
116 284
116 309
116 349
116 350
116 369
116 477
116 500
117 134
117 252
117 257
117 282
117 308
117 504
118 163
118 169
118 195
118 242
118 264
118 277
118 336
118 346
118 351
118 395
118 399
118 434
119 224
119 319
119 322
119 374
119 380
119 396
119 428
119 486
119 492
120 204
120 235
120 256
120 264
120 284
120 293
120 382
120 428
120 489
121 143
121 165
121 261
121 270
121 324
121 338
121 387
121 411
121 423
121 428
121 473
121 495
121 499
122 164
122 181
122 189
122 201
122 214
122 268
122 270
122 336
122 398
122 425
122 453
122 494
123 154
123 165
123 205
123 247
123 395
123 402
123 430
124 172
124 207
124 247
124 248
124 365
124 395
124 416
124 441
124 481
124 489
125 129
125 164
125 165
125 173
125 186
125 252
125 273
125 293
125 302
125 322
125 340
125 343
125 344
125 353
125 369
125 413
125 419
125 428
125 436
125 442
126 172
126 240
126 259
126 263
126 283
126 298
126 324
126 344
126 363
126 418
126 424
126 432
126 442
126 508
127 152
127 164
127 227
127 236
127 246
127 266
127 276
127 403
127 430
127 472
127 474
127 489
127 502
128 148
128 167
128 178
128 217
128 303
128 341
128 452
128 495
129 157
129 203
129 237
129 286
129 343
129 400
129 419
129 503
130 174
130 178
130 184
130 193
130 246
130 280
130 296
130 335
130 341
130 362
130 388
130 413
130 449
130 483
130 487
131 135
131 136
131 285
131 325
131 330
131 351
131 371
131 416
131 417
131 488
131 493
132 169
132 269
132 282
132 291
132 325
132 327
132 337
132 339
132 378
132 385
132 402
132 417
132 421
132 432
133 159
133 173
133 206
133 208
133 238
133 248
133 285
133 301
133 313
133 324
133 402
133 405
133 459
133 498
134 200
134 248
134 328
134 377
134 391
134 422
134 505
135 136
135 137
135 245
135 279
135 305
135 362
135 417
135 418
135 420
135 458
135 477
135 487
136 174
136 269
136 289
136 302
136 311
136 335
136 376
136 393
136 406
136 410
136 463
136 498
136 511
137 143
137 155
137 186
137 196
137 216
137 218
137 219
137 290
137 303
137 355
137 396
137 402
137 469
138 144
138 243
138 255
138 361
138 397
138 421
138 442
138 455
138 473
138 486
139 164
139 186
139 188
139 209
139 212
139 216
139 241
139 253
139 347
139 349
139 353
139 372
139 405
139 416
139 423
139 470
140 145
140 150
140 171
140 206
140 217
140 276
140 287
140 337
140 364
140 402
140 464
140 510
141 203
141 225
141 279
141 318
141 344
141 394
141 454
141 464
142 176
142 193
142 211
142 297
142 300
142 330
142 345
142 492
143 148
143 207
143 234
143 236
143 248
143 270
143 274
143 306
143 315
143 324
143 332
143 383
143 463
143 488
144 240
144 346
144 356
145 211
145 231
145 245
145 261
145 325
145 327
145 357
145 358
145 361
145 388
145 389
145 397
145 487
145 499
146 160
146 165
146 187
146 190
146 232
146 268
146 274
146 310
146 325
146 337
146 419
146 426
146 452
146 469
146 474
146 490
146 493
147 148
147 160
147 204
147 237
147 262
147 297
147 324
147 361
147 461
147 470
147 475
147 493
148 202
148 266
148 273
148 282
148 340
148 383
148 396
148 414
148 468
148 503
149 157
149 177
149 188
149 202
149 207
149 308
149 340
149 352
149 385
149 420
149 472
149 509
150 186
150 218
150 232
150 278
150 287
150 292
150 342
150 353
150 354
150 377
150 394
150 474
151 152
151 194
151 222
151 227
151 250
151 293
151 337
151 346
151 436
151 465
151 491
152 261
152 266
152 274
152 323
152 338
152 360
152 362
152 366
152 377
152 445
152 452
152 465
153 162
153 216
153 286
153 291
153 364
153 414
153 431
153 432
154 155
154 213
154 251
154 271
154 317
154 345
154 368
154 383
154 406
154 417
154 454
155 158
155 231
155 297
155 310
155 334
155 346
155 358
155 366
155 369
155 394
155 401
155 476
155 500
156 184
156 188
156 206
156 351
156 359
156 371
156 395
156 396
156 408
156 458
156 466
156 475
156 492
156 510
157 258
157 269
157 270
157 289
157 302
157 318
157 335
157 368
157 406
157 433
157 482
157 491
157 502
158 173
158 183
158 205
158 222
158 290
158 305
158 358
158 365
158 388
158 421
158 461
159 175
159 222
159 226
159 244
159 248
159 265
159 279
159 293
159 318
159 321
159 346
159 398
159 416
159 421
159 446
159 454
159 470
159 477
160 203
160 228
160 336
160 340
160 360
160 372
160 434
160 444
160 456
161 200
161 209
161 217
161 270
161 443
161 466
161 488
162 180
162 197
162 245
162 287
162 313
162 335
162 401
162 448
162 499
163 209
163 211
163 236
163 338
163 368
163 406
163 412
163 421
163 466
163 476
163 508
163 510
164 197
164 200
164 209
164 240
164 280
164 292
164 325
164 383
164 419
165 183
165 208
165 221
165 235
165 273
165 336
165 387
165 390
165 440
165 497
166 171
166 232
166 241
166 250
166 265
166 293
166 314
166 355
166 372
166 379
166 402
166 424
166 433
166 457
166 460
166 472
167 202
167 237
167 297
167 374
167 388
167 432
167 448
167 461
167 467
167 473
167 475
168 212
168 304
168 309
168 393
168 404
168 421
168 428
168 445
168 492
169 202
169 251
169 291
169 314
169 323
169 341
169 344
169 348
169 460
169 482
170 171
170 182
170 219
170 329
171 174
171 191
171 200
171 202
171 204
171 242
171 292
171 315
171 319
171 323
171 417
171 426
171 442
171 480
172 177
172 222
172 352
172 417
172 447
172 463
172 470
172 488
173 192
173 197
173 198
173 208
173 239
173 332
173 343
173 348
173 394
173 438
173 441
173 468
174 282
174 325
174 326
174 375
174 400
174 410
174 415
174 424
174 440
174 442
175 231
175 241
175 277
175 281
175 285
175 338
175 378
175 421
176 187
176 248
176 252
176 298
176 318
176 342
176 343
176 344
176 366
176 393
177 185
177 191
177 227
177 234
177 382
177 439
177 457
177 483
178 185
178 194
178 249
178 287
178 313
178 411
178 430
178 439
178 465
178 496
178 498
179 192
179 212
179 247
179 281
179 288
179 300
179 320
179 367
179 417
179 427
179 483
179 484
179 498
180 221
180 230
180 298
180 350
180 358
180 389
180 395
180 421
180 428
180 462
180 474
181 278
181 282
181 288
181 294
181 335
181 418
181 428
181 448
182 195
182 295
182 322
182 431
182 440
182 502
182 509
183 243
183 290
183 303
183 330
183 334
183 348
183 355
183 421
183 430
183 431
183 458
183 469
184 210
184 220
184 249
184 259
184 261
184 317
184 382
184 394
184 427
184 431
185 336
185 356
185 406
185 409
185 431
185 433
185 483
186 198
186 277
186 297
186 321
186 331
186 338
186 442
186 448
187 219
187 223
187 250
187 259
187 310
187 354
187 363
187 444
187 454
187 455
187 509
188 189
188 208
188 241
188 316
188 330
188 353
188 368
188 380
188 443
188 444
189 202
189 273
189 299
189 304
189 436
189 440
189 443
189 458
190 197
190 258
190 272
190 305
190 328
190 331
190 336
190 350
190 450
190 504
190 510
190 511
191 210
191 284
191 317
191 324
191 344
191 439
192 244
192 293
192 294
192 296
192 351
192 449
192 471
193 199
193 206
193 377
193 395
193 449
193 457
193 460
193 477
193 481
193 494
193 504
194 211
194 250
194 269
194 271
194 282
194 310
194 348
194 355
194 406
194 432
194 469
194 471
194 497
195 199
195 214
195 240
195 288
195 316
195 332
195 378
195 405
195 433
195 453
195 464
195 487
196 199
196 202
196 205
196 288
196 314
196 359
196 402
196 487
196 507
197 207
197 215
197 232
197 248
197 260
197 319
197 332
197 333
197 355
197 373
197 377
197 392
197 408
197 410
197 419
197 430
197 491
197 497
198 199
198 229
198 309
198 313
198 415
198 430
198 480
198 492
199 294
199 308
199 356
199 364
199 435
199 457
199 458
199 490
200 248
200 254
200 274
200 281
200 318
200 370
200 375
200 399
200 439
200 467
200 470
201 237
201 265
201 281
201 316
201 334
201 377
201 385
201 424
201 463
202 260
202 267
202 286
202 331
202 344
202 354
202 379
202 505
203 210
203 319
203 325
203 364
203 391
203 422
203 427
203 456
203 476
203 510
204 229
204 235
204 316
204 318
204 328
204 339
204 394
204 409
204 433
204 472
204 474
204 487
204 488
204 502
205 254
205 312
205 323
205 327
205 329
205 343
205 380
205 455
206 220
206 264
206 267
206 276
206 324
206 352
206 394
206 398
206 435
206 438
206 508
207 223
207 238
207 276
207 302
207 314
207 316
207 329
207 474
208 252
208 356
208 416
208 442
208 496
209 271
209 298
209 441
209 449
209 486
209 503
210 276
210 313
210 330
210 341
210 368
210 400
210 415
211 217
211 233
211 294
211 307
211 346
211 399
211 457
211 492
211 504
212 260
212 270
212 274
212 282
212 285
212 375
212 393
212 394
213 279
213 294
213 359
213 367
213 448
213 454
213 460
213 461
213 490
214 230
214 240
214 281
214 294
214 391
214 402
214 431
214 503
215 249
215 258
215 284
215 307
215 353
215 355
215 374
215 379
215 391
215 394
215 415
215 466
215 470
215 486
216 242
216 247
216 263
216 270
216 277
216 278
216 282
216 337
216 353
216 361
216 364
216 402
216 407
216 453
216 468
217 258
217 262
217 367
217 412
217 421
217 423
218 281
218 320
218 371
218 445
218 448
219 291
219 320
219 353
219 365
219 398
219 409
219 441
220 224
220 281
220 309
220 316
220 323
220 330
220 363
220 395
220 417
220 438
220 440
221 260
221 267
221 271
221 292
221 301
221 323
221 409
221 442
221 459
221 470
221 481
221 504
222 234
222 249
222 278
222 352
222 429
222 469
222 510
223 232
223 256
223 305
223 313
223 375
223 378
223 390
223 417
223 427
223 499
224 266
224 341
224 362
224 418
224 504
225 331
225 351
225 371
225 393
225 413
226 254
226 267
226 270
226 299
226 390
226 423
226 434
226 461
226 474
227 268
227 356
227 385
227 439
227 479
227 510
228 240
228 252
228 306
228 370
228 391
228 446
228 482
228 506
228 511
229 239
229 241
229 243
229 253
229 287
229 365
229 383
229 482
230 330
230 350
230 422
231 292
231 358
231 376
231 415
231 419
231 456
231 481
231 503
232 247
232 311
232 359
232 434
232 444
232 494
233 267
233 341
233 379
233 394
233 481
233 498
234 256
234 272
234 295
234 299
234 315
234 360
234 363
234 457
234 493
235 248
235 259
235 320
235 336
235 348
235 354
235 388
235 435
235 449
236 243
236 300
236 323
236 336
236 344
236 389
236 390
236 398
236 460
236 466
236 489
237 266
237 297
237 369
237 379
237 418
237 459
237 478
237 493
238 294
238 300
238 448
238 450
238 470
238 503
239 252
239 303
239 367
239 373
239 386
239 387
239 417
240 241
240 267
240 273
240 277
240 295
240 297
240 319
240 341
240 359
240 455
240 471
240 483
240 504
241 245
241 339
241 396
241 468
241 501
242 270
242 289
242 306
242 312
242 325
242 330
242 351
242 364
242 387
242 392
242 444
242 446
242 495
243 255
243 371
243 458
244 342
244 438
244 450
244 508
245 256
245 286
245 314
245 369
245 451
246 257
246 272
246 368
246 487
246 495
247 291
247 299
247 332
247 395
247 429
247 510
248 254
248 300
248 306
248 319
248 357
248 373
248 379
248 436
248 449
249 296
249 401
249 449
249 472
249 483
250 282
250 385
250 387
250 389
250 393
250 420
250 426
250 443
250 453
250 468
251 299
251 303
251 331
251 430
251 437
251 450
251 466
252 260
252 303
252 310
252 330
252 358
252 373
252 412
252 415
252 422
252 434
252 498
253 413
253 509
254 264
254 291
254 300
254 307
254 316
254 329
254 332
254 335
254 365
254 450
254 467
254 506
255 256
255 301
255 350
255 373
255 402
255 477
256 291
256 305
256 387
256 393
256 399
256 455
256 469
256 470
256 474
257 271
257 323
257 325
257 352
257 363
257 493
257 494
258 272
258 292
258 316
258 319
258 322
258 348
258 384
258 447
259 305
259 366
259 369
259 408
259 421
259 486
260 366
260 408
260 462
260 464
260 483
261 293
261 442
261 451
261 473
261 481
261 484
262 351
262 366
262 379
262 403
262 410
262 430
262 485
262 505
263 278
263 298
263 335
263 336
263 402
263 427
263 486
264 282
264 311
264 333
264 448
264 487
264 502
264 508
265 285
265 324
265 392
265 502
265 504
266 278
266 281
266 351
266 403
266 479
266 494
266 505
267 290
267 325
267 403
267 432
267 485
268 274
268 276
268 339
268 416
268 431
268 435
268 438
268 453
268 484
268 506
268 509
269 321
269 336
269 360
269 393
269 402
269 433
269 484
269 507
270 356
270 369
270 449
270 456
270 461
270 467
270 502
271 335
271 369
271 425
271 470
271 503
271 508
272 296
272 298
272 304
272 311
272 333
272 401
272 434
272 457
272 492
273 276
273 308
273 315
273 317
273 346
273 357
273 413
273 419
273 429
273 437
274 295
274 364
274 403
274 454
274 467
275 285
275 301
275 305
275 318
275 377
275 397
275 407
275 452
276 350
276 423
276 426
276 427
276 476
276 492
276 503
277 411
277 430
277 445
277 479
277 488
278 284
278 351
278 356
278 392
278 403
278 415
279 324
279 349
279 402
279 406
279 458
279 460
280 305
280 306
280 326
280 329
280 350
280 364
280 406
280 426
280 493
281 282
281 332
281 333
281 396
281 436
281 494
282 287
282 321
282 368
282 376
282 496
282 506
283 294
283 339
283 350
283 406
283 440
283 456
283 476
284 295
284 316
284 329
284 331
284 402
284 468
284 485
284 505
285 317
285 318
285 331
285 344
285 378
285 410
285 508
286 335
286 367
286 385
286 429
287 301
287 323
287 414
287 456
288 302
288 313
288 342
288 441
288 496
289 339
289 341
289 464
290 313
290 360
290 392
290 475
290 502
291 308
291 342
291 368
291 378
291 500
292 303
292 358
292 419
292 478
292 484
293 317
293 322
293 406
293 430
293 449
293 450
293 471
293 504
294 347
294 456
294 474
294 495
294 508
294 510
295 326
295 351
295 373
295 414
295 452
295 483
295 493
296 315
296 505
297 301
297 449
298 324
298 406
298 511
299 337
299 357
299 382
299 388
299 411
299 414
299 420
299 471
300 311
300 357
300 361
300 383
300 404
300 461
300 479
300 485
300 488
300 501
301 371
301 401
301 430
301 439
302 366
302 394
302 450
302 454
302 457
302 496
303 357
303 435
303 496
304 325
304 338
304 350
304 440
304 461
304 487
305 314
305 326
305 337
305 387
305 449
305 459
305 486
306 307
306 310
306 350
306 360
306 371
306 391
306 405
306 409
306 453
306 477
307 357
307 380
307 423
307 442
307 443
307 462
307 465
307 475
307 495
308 309
308 338
308 384
308 399
308 461
308 490
308 494
309 312
309 321
309 355
309 369
309 425
309 426
309 491
310 322
310 326
310 342
310 349
310 411
310 491
311 331
311 350
311 395
311 406
311 417
311 425
311 429
311 484
312 331
312 394
312 439
312 464
312 483
313 335
313 387
313 391
313 397
313 500
314 331
314 366
314 421
314 437
314 451
314 469
315 407
315 415
315 469
316 369
316 372
316 400
316 442
317 393
317 467
317 477
317 490
318 345
318 383
318 403
319 329
319 334
319 376
319 388
319 423
320 331
320 339
320 348
320 366
320 372
320 387
320 397
320 399
320 422
320 429
320 448
320 450
320 482
320 498
321 348
321 383
321 422
321 429
321 463
322 344
322 388
322 417
322 426
322 454
322 471
322 501
323 333
323 406
323 424
323 459
323 464
323 481
323 491
324 389
324 395
324 476
324 482
325 339
325 351
325 366
325 391
325 424
325 507
326 330
326 392
326 405
326 472
327 332
327 380
327 424
327 453
327 490
328 330
328 465
328 499
329 356
329 440
329 466
329 469
329 499
330 356
330 472
330 480
331 454
331 455
331 460
331 463
331 472
332 361
332 375
332 384
332 392
332 409
332 440
332 493
332 498
333 363
333 364
333 369
333 403
333 420
333 428
333 459
333 481
333 482
333 484
334 359
334 390
334 419
334 463
334 479
335 363
335 373
335 428
335 442
335 447
335 462
336 391
337 397
337 401
337 436
337 473
338 431
338 435
338 443
338 449
339 363
339 391
339 396
339 405
339 428
340 383
340 421
340 468
342 377
342 411
342 431
342 435
342 441
342 452
342 476
342 483
343 349
343 385
343 443
343 445
343 479
344 363
344 416
344 506
345 371
345 392
345 404
345 482
345 487
345 499
346 365
346 403
346 479
346 511
347 353
347 483
348 353
348 360
348 439
348 445
348 491
348 492
348 501
349 394
349 412
349 415
349 435
349 443
349 496
350 354
350 359
350 370
350 386
350 424
350 460
350 467
350 498
351 357
351 380
351 404
351 405
351 412
351 414
351 449
351 455
352 421
352 450
352 501
353 363
353 397
353 415
353 426
353 470
354 388
354 402
354 419
354 496
355 358
355 401
355 431
355 486
355 487
356 383
356 429
356 433
356 446
357 427
357 450
358 454
358 466
358 472
358 480
358 488
359 397
359 424
359 429
359 450
359 478
360 456
360 505
361 377
361 412
361 424
361 484
361 485
362 408
362 491
362 497
362 500
363 386
363 440
363 445
363 456
363 461
363 468
364 366
364 429
364 454
364 474
365 375
365 450
365 452
365 485
365 486
366 373
366 397
366 413
366 420
366 431
366 441
366 445
367 457
367 458
367 473
367 475
367 506
368 445
368 469
368 503
369 396
369 403
369 410
369 415
369 422
369 429
370 387
370 428
370 430
371 399
371 486
371 493
372 389
372 399
372 419
373 416
373 451
373 481
373 503
373 506
374 375
374 386
374 418
374 438
374 456
374 475
375 385
375 391
375 402
375 435
375 437
376 388
376 412
376 414
376 485
376 496
376 504
377 380
378 437
378 452
378 469
378 491
379 385
379 402
379 427
379 455
379 492
379 496
380 382
380 420
380 423
380 433
380 437
380 468
380 471
380 479
381 383
381 392
381 420
381 457
381 510
382 396
382 414
382 422
382 442
383 390
383 432
383 440
383 451
383 458
383 459
383 462
383 502
384 396
384 407
384 440
384 466
385 421
385 460
386 404
386 420
386 491
388 390
388 428
389 392
389 408
389 424
389 454
389 478
389 501
390 421
390 434
390 500
391 396
391 398
391 453
391 457
391 504
392 411
392 427
392 449
392 482
393 436
393 452
394 405
394 414
394 465
394 492
395 441
395 466
395 498
396 485
397 500
398 404
398 448
399 492
400 465
400 466
401 439
402 421
402 443
402 455
402 504
403 421
403 441
403 462
403 464
403 507
404 440
404 449
405 414
405 468
405 489
405 494
406 408
406 409
406 414
406 417
406 427
407 422
407 453
407 482
407 499
408 417
408 497
409 434
409 446
409 480
410 454
410 502
411 443
411 448
411 474
411 500
412 433
412 447
412 482
413 462
413 463
413 494
413 496
414 422
414 457
414 459
415 445
416 429
416 477
416 479
417 430
417 434
417 454
418 483
419 445
420 422
420 439
420 466
421 509
422 443
422 453
423 494
423 506
424 436
424 492
424 502
425 437
425 439
425 481
425 485
427 433
427 479
428 447
428 455
428 459
428 490
429 458
429 478
429 492
430 459
430 480
430 484
431 434
431 491
431 499
431 505
432 466
432 509
433 472
433 504
434 448
434 459
435 466
435 486
436 475
436 499
437 480
437 488
439 484
440 484
441 444
442 461
442 467
442 510
443 445
443 464
443 485
443 501
443 510
444 455
445 453
445 471
445 485
445 489
447 455
447 498
448 487
451 486
451 493
452 456
452 467
452 471
452 480
452 500
453 471
453 487
453 492
454 480
455 456
457 462
457 469
458 500
459 468
459 469
459 491
459 507
459 509
460 485
461 475
462 484
462 506
463 478
464 504
465 481
465 511
466 472
466 481
466 490
467 483
468 488
468 495
469 475
471 504
471 510
472 480
473 482
476 507
478 481
483 491
483 505
486 498
487 488
487 501
488 491
488 499
492 494
492 501
493 509
495 511
499 506
500 505
507 511
