0 102
0 131
0 182
0 220
0 272
0 369
0 414
0 643
0 736
0 838
0 866
0 889
0 914
0 940
0 1023
1 119
1 178
1 203
1 292
1 299
1 570
1 710
1 749
1 797
1 852
1 917
1 931
1 961
1 1001
2 23
2 64
2 82
2 83
2 140
2 153
2 282
2 306
2 367
2 372
2 374
2 386
2 433
2 558
2 559
2 585
2 634
2 839
2 843
2 846
2 883
2 941
3 75
3 76
3 125
3 200
3 233
3 277
3 359
3 424
3 445
3 496
3 519
3 592
3 601
3 741
3 791
3 795
3 825
3 947
4 77
4 135
4 269
4 351
4 373
4 422
4 441
4 482
4 531
4 563
4 671
4 724
4 827
4 862
4 925
4 987
4 1000
5 21
5 168
5 266
5 272
5 277
5 454
5 582
5 595
5 663
5 699
5 833
5 896
5 975
5 980
5 1002
5 1013
5 1023
6 39
6 54
6 133
6 145
6 206
6 235
6 267
6 462
6 534
6 606
6 609
6 636
6 645
6 677
6 694
6 702
6 714
6 970
6 992
6 1014
7 16
7 136
7 153
7 234
7 310
7 316
7 428
7 686
7 762
7 815
7 921
7 925
7 964
7 990
7 999
7 1003
8 13
8 64
8 135
8 154
8 175
8 220
8 429
8 503
8 551
8 575
8 586
8 591
8 608
8 624
8 647
8 684
8 953
8 1003
9 153
9 251
9 253
9 401
9 608
9 628
9 746
9 750
9 790
9 803
9 945
9 980
9 982
10 51
10 105
10 194
10 217
10 226
10 336
10 401
10 456
10 809
10 871
10 897
10 1008
11 68
11 70
11 168
11 239
11 242
11 285
11 445
11 566
11 582
11 660
11 686
11 708
11 727
11 751
11 765
11 948
11 1001
12 92
12 208
12 224
12 248
12 293
12 304
12 568
12 688
12 760
12 791
12 875
12 906
12 913
13 151
13 404
13 425
13 436
13 459
13 460
13 653
13 721
13 733
13 917
13 931
14 75
14 167
14 335
14 348
14 350
14 394
14 433
14 443
14 575
14 600
14 770
14 808
14 864
14 885
14 993
14 997
15 29
15 81
15 246
15 279
15 296
15 323
15 377
15 436
15 468
15 535
15 568
15 570
15 644
15 690
15 805
15 972
16 76
16 186
16 290
16 349
16 383
16 431
16 433
16 484
16 534
16 567
16 657
16 679
16 694
16 708
16 716
16 880
17 51
17 203
17 265
17 308
17 386
17 422
17 509
17 581
17 621
17 647
17 704
17 758
17 766
17 809
17 935
17 946
17 957
17 959
17 1015
18 68
18 74
18 112
18 154
18 179
18 186
18 193
18 211
18 273
18 353
18 382
18 442
18 469
18 489
18 623
18 625
18 639
18 693
18 778
18 809
18 978
19 28
19 112
19 149
19 163
19 468
19 496
19 511
19 562
19 585
19 590
19 593
19 623
19 631
19 661
19 698
19 792
19 905
19 957
20 24
20 53
20 59
20 97
20 181
20 208
20 430
20 564
20 571
20 615
20 622
20 651
20 701
20 936
20 981
20 1013
20 1014
20 1023
21 52
21 150
21 165
21 443
21 466
21 483
21 550
21 551
21 613
21 630
21 637
21 646
21 776
21 796
21 820
21 821
21 904
22 183
22 343
22 423
22 560
22 659
22 912
22 926
22 965
22 974
22 988
22 1018
23 74
23 125
23 290
23 381
23 589
23 631
23 736
23 867
23 895
23 933
24 66
24 69
24 135
24 166
24 200
24 222
24 283
24 370
24 445
24 563
24 589
24 745
24 774
24 785
24 865
24 870
24 1023
25 28
25 67
25 94
25 136
25 149
25 242
25 332
25 382
25 387
25 422
25 456
25 471
25 519
25 570
25 678
25 684
25 689
25 952
25 964
26 51
26 220
26 248
26 351
26 384
26 569
26 662
26 842
26 908
26 911
27 39
27 166
27 190
27 200
27 248
27 250
27 270
27 383
27 414
27 428
27 449
27 545
27 597
27 693
27 750
27 970
28 60
28 95
28 161
28 184
28 192
28 194
28 220
28 223
28 234
28 292
28 325
28 411
28 463
28 464
28 525
28 606
28 670
28 676
28 696
28 705
28 882
28 898
28 943
28 944
29 153
29 241
29 396
29 470
29 494
29 525
29 671
29 743
29 845
29 989
29 991
29 997
30 94
30 130
30 173
30 216
30 321
30 537
30 703
30 820
30 950
30 969
30 1014
31 67
31 130
31 192
31 199
31 381
31 444
31 453
31 492
31 534
31 574
31 637
31 711
31 729
31 973
32 147
32 213
32 244
32 286
32 295
32 303
32 312
32 349
32 354
32 358
32 602
32 697
32 700
32 715
32 964
33 96
33 122
33 266
33 277
33 302
33 344
33 363
33 481
33 548
33 629
33 703
33 747
33 841
33 845
33 971
33 1002
34 55
34 117
34 148
34 200
34 219
34 229
34 266
34 268
34 275
34 288
34 356
34 411
34 441
34 507
34 545
34 559
34 719
34 913
34 927
35 134
35 185
35 258
35 360
35 430
35 504
35 604
35 620
35 836
35 860
35 898
35 960
36 372
36 401
36 410
36 422
36 426
36 442
36 495
36 533
36 539
36 699
36 986
36 1013
37 64
37 216
37 257
37 263
37 316
37 334
37 371
37 503
37 522
37 540
37 543
37 585
37 617
37 812
37 920
37 945
37 966
38 39
38 59
38 68
38 95
38 221
38 271
38 345
38 443
38 534
38 611
38 686
38 689
38 723
38 778
38 808
38 888
38 889
38 923
38 935
38 942
39 141
39 145
39 229
39 265
39 293
39 423
39 448
39 488
39 606
39 652
39 774
39 953
40 276
40 283
40 333
40 409
40 412
40 418
40 474
40 495
40 544
40 582
40 633
40 636
40 658
40 663
40 715
40 795
40 826
40 860
41 44
41 174
41 228
41 270
41 277
41 352
41 382
41 410
41 428
41 509
41 666
41 705
41 741
41 811
41 933
42 66
42 147
42 165
42 170
42 214
42 256
42 265
42 289
42 448
42 552
42 554
42 582
42 653
42 663
42 806
42 817
42 890
42 946
42 1014
43 99
43 108
43 109
43 119
43 264
43 267
43 357
43 538
43 575
43 597
43 626
43 672
43 742
43 793
43 1016
44 73
44 151
44 193
44 220
44 236
44 257
44 318
44 374
44 390
44 424
44 453
44 497
44 502
44 520
44 521
44 597
44 611
44 669
44 736
44 754
44 841
44 897
45 59
45 131
45 209
45 239
45 347
45 349
45 368
45 419
45 420
45 520
45 580
45 634
45 708
45 788
45 881
45 883
45 909
45 956
45 992
46 62
46 71
46 173
46 183
46 187
46 268
46 374
46 400
46 617
46 720
46 750
46 764
46 772
46 868
46 870
46 929
46 942
46 948
46 951
46 967
47 53
47 54
47 157
47 272
47 296
47 324
47 333
47 366
47 407
47 566
47 606
47 631
47 642
47 808
47 856
47 934
47 1022
47 1023
48 58
48 101
48 135
48 154
48 262
48 352
48 437
48 461
48 477
48 610
48 642
48 666
48 687
48 737
48 962
48 1020
49 87
49 97
49 130
49 155
49 212
49 216
49 319
49 521
49 532
49 657
49 687
49 717
49 923
49 938
49 981
50 109
50 141
50 142
50 147
50 148
50 215
50 285
50 361
50 384
50 436
50 568
50 570
50 753
50 756
50 809
50 847
50 925
50 938
51 107
51 154
51 180
51 199
51 247
51 359
51 408
51 422
51 456
51 478
51 503
51 681
51 782
51 924
51 1000
52 194
52 199
52 276
52 352
52 378
52 537
52 652
52 741
52 822
52 847
52 884
53 59
53 60
53 96
53 110
53 269
53 298
53 322
53 352
53 426
53 440
53 674
53 732
53 759
53 821
53 824
53 862
53 872
53 985
53 1005
53 1017
54 157
54 206
54 222
54 266
54 270
54 273
54 325
54 399
54 426
54 460
54 519
54 577
54 643
54 703
54 725
54 749
54 753
54 776
54 798
54 808
54 862
54 921
54 997
55 166
55 193
55 300
55 327
55 355
55 368
55 387
55 419
55 534
55 636
55 655
55 664
55 766
55 879
55 913
55 946
55 986
56 116
56 247
56 367
56 380
56 470
56 544
56 557
56 562
56 627
56 667
56 736
56 746
56 809
56 859
56 860
56 939
56 944
56 964
56 996
56 1005
57 103
57 198
57 214
57 249
57 454
57 551
57 578
57 619
57 803
57 870
57 874
57 879
57 892
58 89
58 128
58 347
58 379
58 420
58 522
58 616
58 695
58 763
58 766
58 853
58 855
58 988
59 80
59 202
59 416
59 429
59 470
59 641
59 655
59 756
59 880
59 947
59 990
60 89
60 109
60 213
60 256
60 273
60 290
60 332
60 386
60 480
60 496
60 572
60 637
60 707
60 710
60 728
60 743
60 756
60 795
60 799
60 890
60 901
60 992
61 76
61 134
61 339
61 697
61 720
61 761
61 799
61 883
61 898
62 165
62 188
62 227
62 295
62 477
62 503
62 641
62 761
62 905
62 974
63 116
63 173
63 225
63 228
63 331
63 371
63 402
63 509
63 525
63 629
63 666
63 676
63 765
63 874
63 908
64 68
64 73
64 86
64 218
64 227
64 232
64 313
64 327
64 382
64 419
64 433
64 435
64 459
64 584
64 672
64 727
64 864
64 987
64 994
65 158
65 205
65 295
65 299
65 336
65 352
65 355
65 366
65 386
65 440
65 503
65 578
65 596
65 599
65 657
65 682
65 775
65 910
65 915
65 948
65 954
65 997
66 155
66 202
66 216
66 270
66 350
66 389
66 486
66 519
66 527
66 552
66 584
66 661
66 721
66 738
66 843
66 872
66 962
66 1013
67 107
67 160
67 161
67 184
67 365
67 385
67 520
67 633
67 681
67 757
67 802
67 976
67 999
68 101
68 104
68 105
68 194
68 416
68 499
68 620
68 719
68 787
68 950
68 1007
69 148
69 151
69 152
69 186
69 222
69 262
69 410
69 554
69 604
69 673
69 722
69 857
69 945
69 989
70 139
70 324
70 332
70 357
70 468
70 502
70 555
70 677
70 714
70 749
70 1016
71 94
71 111
71 131
71 229
71 268
71 283
71 305
71 310
71 331
71 577
71 589
71 597
71 631
71 643
71 717
71 764
71 796
71 996
71 1013
72 126
72 141
72 154
72 193
72 201
72 274
72 279
72 309
72 324
72 402
72 436
72 438
72 450
72 558
72 565
72 576
72 703
72 715
72 723
72 729
72 950
72 1018
72 1022
73 429
73 560
73 640
73 681
73 714
73 774
73 937
73 1012
74 231
74 252
74 340
74 510
74 547
74 696
74 720
74 750
74 993
75 153
75 158
75 219
75 317
75 341
75 427
75 551
75 577
75 605
75 619
75 716
75 731
75 739
75 847
75 951
75 967
76 100
76 129
76 249
76 278
76 414
76 468
76 567
76 907
76 978
76 1011
77 90
77 139
77 250
77 347
77 391
77 424
77 509
77 525
77 777
77 823
77 995
77 1009
78 199
78 223
78 230
78 263
78 272
78 275
78 385
78 467
78 569
78 592
78 593
78 676
78 893
78 917
78 918
78 946
78 992
79 176
79 200
79 294
79 360
79 371
79 386
79 443
79 458
79 477
79 488
79 540
79 552
79 695
79 744
79 766
79 835
79 839
79 922
79 990
80 167
80 202
80 211
80 248
80 378
80 386
80 452
80 463
80 479
80 522
80 529
80 574
80 601
80 619
80 758
81 108
81 177
81 433
81 448
81 571
81 613
81 649
81 683
81 687
81 748
81 770
81 814
81 839
81 900
81 948
81 993
81 1014
82 132
82 162
82 259
82 324
82 436
82 443
82 516
82 517
82 545
82 629
82 810
82 866
82 892
82 1011
83 93
83 128
83 150
83 187
83 191
83 248
83 416
83 420
83 473
83 482
83 669
83 685
83 755
83 897
83 981
84 405
84 477
84 530
84 638
84 657
84 693
84 827
84 835
84 876
84 909
84 988
85 200
85 217
85 395
85 433
85 454
85 491
85 538
85 716
85 741
85 804
85 885
86 210
86 273
86 280
86 317
86 379
86 433
86 472
86 528
86 627
86 649
86 677
86 711
86 720
86 760
86 795
86 816
86 840
86 914
86 981
87 91
87 109
87 164
87 255
87 262
87 295
87 426
87 562
87 588
87 719
87 759
87 769
87 808
87 820
87 900
87 905
87 998
87 1011
87 1020
88 196
88 208
88 225
88 246
88 365
88 480
88 486
88 613
88 617
88 620
88 625
88 847
88 852
88 865
88 902
88 937
88 1008
88 1017
89 151
89 188
89 210
89 214
89 312
89 331
89 343
89 349
89 465
89 514
89 535
89 536
89 554
89 675
89 677
89 741
89 761
89 845
89 895
89 907
89 917
89 944
89 951
90 132
90 240
90 390
90 514
90 632
90 759
90 767
90 775
90 894
90 1012
91 104
91 187
91 289
91 355
91 454
91 495
91 668
91 787
91 884
91 900
91 902
91 963
91 993
92 127
92 163
92 261
92 281
92 311
92 398
92 434
92 484
92 505
92 528
92 619
92 672
92 691
92 803
92 883
92 888
93 262
93 300
93 361
93 395
93 610
93 632
93 781
93 881
93 891
93 984
93 986
93 1008
94 219
94 312
94 416
94 470
94 490
94 529
94 558
94 703
94 714
94 763
94 798
94 809
94 827
94 836
94 854
94 931
95 309
95 361
95 542
95 578
95 664
95 729
95 755
95 777
95 992
96 134
96 149
96 274
96 429
96 467
96 615
96 629
96 867
96 892
96 945
96 975
96 979
96 983
97 145
97 171
97 221
97 223
97 278
97 378
97 484
97 488
97 614
97 730
97 751
97 793
97 875
97 885
97 932
97 992
98 122
98 166
98 217
98 254
98 257
98 335
98 420
98 441
98 512
98 559
98 571
98 634
98 649
98 742
98 755
98 758
98 815
98 915
98 950
98 964
98 984
98 1007
99 104
99 135
99 160
99 209
99 246
99 430
99 436
99 561
99 605
99 614
99 637
99 763
99 802
99 946
99 950
99 952
99 1021
100 178
100 247
100 309
100 331
100 354
100 391
100 471
100 495
100 527
100 552
100 573
100 639
100 654
100 669
100 675
100 746
100 799
100 819
100 897
100 955
101 136
101 222
101 256
101 451
101 489
101 611
101 624
101 625
101 641
101 667
101 750
101 757
101 771
101 832
101 862
101 872
101 903
101 1011
102 259
102 288
102 376
102 420
102 444
102 583
102 634
102 732
102 769
102 805
102 829
102 850
102 855
102 896
102 990
102 1001
103 139
103 166
103 292
103 319
103 326
103 334
103 457
103 518
103 535
103 580
103 810
103 817
103 826
103 879
103 881
103 907
103 948
103 984
104 107
104 188
104 197
104 221
104 260
104 270
104 440
104 467
104 524
104 555
104 612
104 616
104 621
104 660
104 710
104 776
104 811
104 827
104 846
104 935
105 133
105 136
105 188
105 303
105 306
105 336
105 362
105 381
105 454
105 487
105 525
105 603
105 681
105 686
105 827
105 992
105 1001
106 111
106 131
106 213
106 352
106 388
106 820
106 942
106 991
107 109
107 134
107 186
107 190
107 309
107 577
107 648
107 660
107 811
107 826
107 937
107 981
108 123
108 143
108 406
108 412
108 472
108 559
108 578
108 635
108 763
108 786
108 874
108 879
108 916
108 1009
109 374
109 388
109 428
109 446
109 572
109 688
109 694
109 757
109 982
110 126
110 179
110 360
110 361
110 462
110 476
110 500
110 550
110 583
110 672
110 693
110 779
110 823
110 998
111 126
111 236
111 289
111 296
111 364
111 370
111 426
111 446
111 492
111 529
111 699
111 732
111 762
111 808
111 839
112 304
112 501
112 777
112 792
112 973
112 984
113 114
113 155
113 209
113 231
113 261
113 270
113 418
113 570
113 634
113 667
113 672
113 757
113 813
113 886
113 898
113 920
113 972
114 241
114 292
114 310
114 365
114 373
114 575
114 673
114 722
114 762
114 848
115 178
115 207
115 293
115 297
115 327
115 377
115 460
115 493
115 504
115 522
115 592
115 616
115 620
115 674
115 724
115 740
115 948
116 222
116 240
116 263
116 291
116 373
116 482
116 504
116 518
116 662
116 801
116 869
116 879
116 886
116 889
116 893
117 139
117 167
117 185
117 217
117 227
117 349
117 356
117 509
117 538
117 571
117 609
117 634
117 733
117 777
117 806
117 816
117 916
117 1002
117 1014
118 135
118 215
118 233
118 265
118 285
118 374
118 412
118 416
118 559
118 607
118 650
118 670
118 740
118 805
118 819
118 835
118 842
118 905
118 984
118 991
118 1005
118 1020
119 135
119 210
119 232
119 250
119 403
119 463
119 477
119 559
119 638
119 674
119 879
120 249
120 296
120 383
120 413
120 460
120 617
120 648
120 659
120 672
120 721
120 813
120 942
120 978
120 993
120 1010
121 161
121 235
121 261
121 321
121 433
121 445
121 457
121 644
121 681
121 723
121 746
121 772
121 826
121 848
121 998
122 126
122 145
122 272
122 416
122 459
122 911
122 945
122 956
122 1014
123 206
123 273
123 311
123 314
123 556
123 605
123 630
123 724
123 865
123 879
123 916
123 953
123 1010
124 163
124 208
124 301
124 331
124 380
124 395
124 426
124 604
124 614
124 657
124 666
124 697
124 713
124 721
124 744
124 751
124 781
124 787
124 850
124 914
125 194
125 306
125 316
125 317
125 361
125 448
125 647
125 702
125 722
125 736
125 789
125 820
125 857
125 947
126 172
126 247
126 254
126 392
126 414
126 447
126 559
126 608
126 805
126 811
126 858
126 931
127 130
127 194
127 258
127 340
127 395
127 421
127 633
127 650
127 959
127 1010
128 274
128 328
128 365
128 508
128 655
128 670
128 747
128 750
128 898
128 942
128 955
128 990
128 997
128 1018
129 139
129 189
129 198
129 203
129 443
129 464
129 607
129 636
129 658
129 706
129 717
129 848
129 932
129 989
130 198
130 217
130 263
130 310
130 331
130 335
130 381
130 412
130 485
130 500
130 519
130 572
130 591
130 741
130 924
130 965
130 981
130 985
131 150
131 288
131 313
131 359
131 416
131 529
131 598
131 608
131 617
131 624
131 631
131 669
131 675
131 696
131 705
131 762
131 832
131 878
131 953
132 178
132 207
132 269
132 293
132 340
132 402
132 613
132 619
132 680
132 771
132 777
132 871
132 1022
133 151
133 164
133 180
133 231
133 246
133 307
133 446
133 526
133 575
133 576
133 848
133 932
134 183
134 201
134 216
134 227
134 239
134 310
134 331
134 422
134 553
134 660
134 662
134 726
134 820
134 884
134 918
134 976
134 992
135 141
135 225
135 368
135 402
135 469
135 690
135 723
135 725
135 732
135 776
135 823
135 977
136 331
136 410
136 434
136 437
136 442
136 554
136 701
136 767
136 777
136 914
136 928
136 929
136 979
137 197
137 208
137 254
137 359
137 469
137 496
137 517
137 518
137 619
137 626
137 664
137 693
137 722
137 786
137 802
137 819
137 1012
138 237
138 418
138 454
138 463
138 573
138 690
138 843
138 864
138 916
139 157
139 226
139 403
139 429
139 472
139 545
139 696
139 874
139 906
139 927
139 946
140 165
140 184
140 234
140 355
140 361
140 457
140 487
140 591
140 609
140 666
140 671
140 789
140 817
140 829
140 890
140 1017
141 205
141 218
141 231
141 238
141 239
141 345
141 399
141 406
141 414
141 442
141 567
141 622
141 689
141 714
141 810
141 933
141 943
141 950
141 975
141 1012
142 143
142 223
142 247
142 350
142 352
142 377
142 384
142 386
142 447
142 644
142 673
142 875
143 165
143 407
143 441
143 495
143 506
143 583
143 676
143 712
143 884
143 885
143 902
143 938
144 168
144 255
144 311
144 334
144 358
144 369
144 620
144 628
144 698
144 712
144 741
145 222
145 356
145 419
145 458
145 545
145 565
145 591
145 601
145 703
145 761
145 771
145 832
145 967
145 987
145 995
146 166
146 330
146 338
146 428
146 502
146 504
146 596
146 719
146 728
146 819
146 838
146 861
146 946
147 165
147 364
147 441
147 454
147 493
147 555
147 638
147 835
147 954
148 211
148 383
148 481
148 484
148 510
148 539
148 634
148 747
148 949
148 968
148 1022
149 264
149 295
149 375
149 386
149 403
149 561
149 613
149 643
149 715
149 867
149 870
149 914
149 948
149 960
150 169
150 221
150 257
150 286
150 305
150 350
150 412
150 430
150 612
150 656
150 695
150 741
150 883
150 1017
151 195
151 200
151 246
151 247
151 250
151 255
151 259
151 346
151 400
151 405
151 436
151 493
151 671
151 757
151 767
151 771
151 796
151 820
152 301
152 329
152 337
152 437
152 443
152 462
152 469
152 639
152 771
152 831
152 911
152 922
153 211
153 258
153 280
153 292
153 420
153 433
153 473
153 489
153 540
153 543
153 555
153 570
153 577
153 631
153 665
153 666
153 717
153 738
153 868
153 894
153 941
154 165
154 261
154 315
154 349
154 356
154 369
154 551
154 832
154 848
154 915
154 918
154 959
155 204
155 290
155 342
155 359
155 432
155 615
155 675
155 677
155 772
155 782
155 816
155 836
155 881
155 896
155 908
156 234
156 270
156 310
156 407
156 413
156 488
156 515
156 535
156 549
156 553
156 644
156 733
156 764
156 922
156 955
156 1014
157 186
157 229
157 247
157 306
157 421
157 551
157 682
157 714
157 789
157 855
157 869
157 942
157 1012
158 216
158 230
158 258
158 294
158 451
158 457
158 502
158 625
158 695
158 759
158 796
159 185
159 327
159 353
159 387
159 396
159 611
159 642
159 644
159 777
159 908
159 972
160 188
160 290
160 347
160 397
160 451
160 484
160 545
160 635
160 714
160 718
160 785
160 835
160 890
161 213
161 290
161 358
161 431
161 627
161 705
161 737
161 776
161 778
161 856
161 945
161 1019
162 166
162 200
162 204
162 277
162 372
162 396
162 499
162 581
162 639
162 702
162 922
162 929
162 949
162 1003
163 188
163 217
163 264
163 275
163 297
163 340
163 387
163 450
163 490
163 513
163 523
163 569
163 616
163 623
163 687
163 716
163 754
163 821
163 890
163 999
163 1006
164 232
164 243
164 406
164 444
164 618
164 712
164 743
164 764
164 907
164 923
164 934
164 939
164 991
165 172
165 269
165 335
165 349
165 410
165 437
165 540
165 594
165 702
165 711
165 720
165 721
165 758
165 767
166 230
166 249
166 251
166 317
166 341
166 369
166 418
166 479
166 572
166 593
166 742
166 890
166 898
166 961
166 1003
167 192
167 227
167 306
167 432
167 459
167 485
167 511
167 559
167 566
167 622
167 646
167 664
167 690
167 725
167 923
167 979
168 174
168 227
168 424
168 480
168 520
168 532
168 708
168 834
168 884
169 210
169 336
169 382
169 415
169 424
169 429
169 511
169 512
169 541
169 586
169 621
169 699
169 747
169 856
169 919
169 988
170 245
170 266
170 369
170 379
170 406
170 419
170 473
170 480
170 503
170 821
170 851
170 853
171 225
171 319
171 470
171 471
171 483
171 529
171 532
171 711
171 817
171 836
171 855
171 871
171 964
172 182
172 248
172 271
172 442
172 574
172 602
172 664
172 751
172 769
172 778
172 850
172 914
172 916
173 179
173 220
173 230
173 265
173 280
173 311
173 355
173 366
173 407
173 436
173 441
173 473
173 740
173 766
173 884
173 944
173 960
173 970
174 308
174 310
174 399
174 408
174 450
174 485
174 629
174 694
174 725
174 852
174 864
175 298
175 361
175 390
175 448
175 545
175 550
175 604
175 816
175 856
175 992
176 221
176 279
176 416
176 419
176 524
176 587
176 686
176 718
176 968
177 213
177 402
177 435
177 479
177 589
177 594
177 672
177 719
177 806
177 845
177 930
177 959
178 270
178 341
178 396
178 437
178 552
178 576
178 610
178 628
178 647
178 657
178 661
178 783
178 943
178 964
179 182
179 232
179 233
179 256
179 530
179 565
179 583
179 615
179 617
179 683
179 723
179 738
179 826
179 858
179 885
179 896
179 997
179 1001
180 207
180 329
180 365
180 600
180 630
180 632
180 680
180 795
180 805
180 852
180 903
180 961
180 1017
181 216
181 221
181 326
181 434
181 437
181 457
181 467
181 470
181 503
181 504
181 612
181 696
181 730
181 774
181 843
181 894
181 912
181 918
181 926
181 934
182 204
182 250
182 337
182 392
182 456
182 525
182 528
182 552
182 559
182 601
182 626
182 642
182 678
182 731
182 809
182 907
182 963
183 191
183 252
183 301
183 352
183 407
183 454
183 545
183 546
183 688
183 698
183 715
183 804
183 874
183 894
183 899
183 924
183 933
184 222
184 245
184 455
184 502
184 532
184 696
184 773
184 781
184 810
184 939
184 952
184 1001
185 332
185 582
185 611
185 669
185 694
185 702
185 783
185 803
185 818
185 856
185 924
186 364
186 385
186 472
186 519
186 554
186 558
186 774
186 779
186 882
186 896
187 223
187 276
187 335
187 360
187 362
187 430
187 460
187 481
187 543
187 616
187 771
187 773
187 804
187 810
187 892
187 898
187 985
187 1016
188 284
188 326
188 353
188 426
188 530
188 534
188 634
188 662
188 743
188 765
188 776
188 794
188 807
188 860
188 879
188 893
189 262
189 280
189 334
189 345
189 435
189 441
189 470
189 510
189 517
189 576
189 607
189 774
189 858
189 898
189 909
189 956
190 402
190 531
190 566
190 633
190 653
190 719
190 739
190 765
191 260
191 301
191 338
191 372
191 422
191 489
191 549
191 555
191 559
191 570
191 586
191 625
191 631
191 777
191 807
191 898
191 939
191 964
192 226
192 245
192 303
192 365
192 387
192 546
192 725
192 779
192 798
192 884
192 891
193 265
193 420
193 461
193 514
193 527
193 734
193 759
193 806
193 831
193 865
193 889
193 946
194 225
194 253
194 277
194 300
194 303
194 312
194 321
194 498
194 524
194 550
194 588
194 664
194 727
194 743
194 834
194 837
194 880
194 888
194 895
194 908
194 999
194 1000
194 1020
195 234
195 350
195 368
195 395
195 417
195 465
195 468
195 509
195 537
195 586
195 601
195 647
195 699
195 857
196 204
196 247
196 371
196 412
196 421
196 459
196 470
196 473
196 492
196 600
196 642
196 652
196 667
196 669
196 684
196 710
196 724
196 836
196 866
196 874
196 901
196 946
197 258
197 272
197 313
197 341
197 388
197 465
197 499
197 658
197 692
197 758
197 811
197 842
197 903
197 935
197 960
198 251
198 261
198 287
198 288
198 289
198 766
198 801
198 891
199 305
199 368
199 463
199 628
199 749
199 795
199 845
199 926
200 322
200 323
200 324
200 445
200 535
200 584
200 684
200 701
200 723
200 746
200 801
200 849
200 989
200 1015
201 244
201 278
201 312
201 398
201 470
201 474
201 492
201 557
201 611
201 627
201 647
201 700
201 734
201 756
201 777
201 865
201 880
201 918
201 1012
202 236
202 253
202 343
202 379
202 479
202 503
202 535
202 765
202 805
202 808
202 825
202 983
202 1019
203 448
203 590
203 609
203 638
203 685
203 832
203 845
203 947
204 207
204 268
204 276
204 285
204 317
204 330
204 396
204 506
204 560
204 631
204 683
204 788
204 815
204 907
205 283
205 295
205 353
205 471
205 625
205 720
205 738
205 824
205 893
206 211
206 214
206 294
206 411
206 412
206 533
206 729
206 744
206 777
206 786
206 836
206 879
206 1009
207 287
207 309
207 363
207 389
207 561
207 634
207 931
208 218
208 329
208 332
208 345
208 365
208 371
208 495
208 500
208 518
208 559
208 775
208 791
208 924
208 943
208 960
208 966
209 310
209 351
209 384
209 450
209 551
209 765
209 946
209 1002
210 280
210 307
210 381
210 461
210 465
210 488
210 665
210 740
210 783
210 902
210 940
210 972
211 248
211 441
211 466
211 519
211 563
211 603
211 706
211 727
211 788
211 813
211 860
211 868
211 900
211 913
211 928
212 233
212 346
212 379
212 447
212 456
212 615
212 906
212 954
212 1013
213 271
213 306
213 361
213 403
213 553
213 608
213 609
213 627
213 633
213 696
214 352
214 392
214 425
214 456
214 539
214 585
214 782
214 793
214 876
214 989
215 260
215 303
215 437
215 483
215 528
215 562
215 812
215 822
215 1013
216 229
216 257
216 265
216 298
216 430
216 471
216 539
216 631
216 702
216 754
216 801
216 834
216 871
216 923
216 977
217 219
217 255
217 256
217 323
217 324
217 325
217 340
217 384
217 490
217 646
217 797
217 818
217 840
217 889
217 965
217 983
218 222
218 247
218 251
218 366
218 432
218 591
218 637
218 681
218 746
218 784
218 873
218 978
219 242
219 301
219 348
219 447
219 463
219 544
219 716
219 741
219 947
219 955
219 1010
219 1014
220 241
220 255
220 452
220 460
220 514
220 543
220 683
220 726
220 782
220 791
220 981
220 1001
220 1005
220 1013
221 264
221 402
221 581
221 607
221 662
221 716
221 829
221 932
221 948
221 1014
222 239
222 298
222 386
222 398
222 425
222 482
222 519
222 565
222 623
222 772
222 829
222 843
222 854
222 989
222 993
223 476
223 591
223 761
223 841
223 875
224 276
224 280
224 283
224 303
224 556
224 670
224 738
224 745
224 943
224 976
224 1000
225 231
225 255
225 521
225 532
225 583
225 666
225 683
225 685
225 721
225 776
225 888
226 232
226 394
226 448
226 506
226 575
226 749
226 847
226 888
226 902
226 907
226 913
226 931
226 938
227 323
227 326
227 344
227 350
227 357
227 358
227 370
227 452
227 635
227 842
227 843
227 859
227 982
228 384
228 410
228 429
228 430
228 460
228 468
228 546
228 633
228 713
228 756
228 768
228 837
228 984
229 312
229 419
229 500
229 512
229 520
229 523
229 670
229 682
229 826
229 862
229 927
229 989
229 991
230 254
230 259
230 312
230 484
230 489
230 517
230 576
230 655
230 822
230 860
230 953
230 992
230 1016
230 1021
231 252
231 302
231 304
231 392
231 425
231 475
231 587
231 653
231 660
231 708
231 744
231 773
231 800
231 832
231 881
231 1004
232 233
232 282
232 331
232 400
232 488
232 602
232 692
232 714
232 734
232 846
232 972
233 602
233 685
233 731
233 944
233 953
233 975
234 255
234 473
234 513
234 555
234 610
234 696
234 704
234 797
234 907
234 935
234 965
235 324
235 359
235 361
235 443
235 536
235 561
235 688
235 730
235 806
235 834
235 850
235 954
235 981
235 1007
236 467
236 542
236 604
236 650
236 652
236 744
236 764
236 955
236 999
237 277
237 347
237 405
237 418
237 531
237 536
237 540
237 582
237 625
237 717
237 893
238 240
238 262
238 280
238 313
238 370
238 460
238 637
238 697
238 774
238 783
238 808
238 841
238 851
238 972
238 987
239 244
239 280
239 317
239 416
239 597
239 772
239 805
239 828
239 853
239 864
239 954
239 963
239 996
239 1014
240 274
240 482
240 538
240 645
240 704
240 762
240 846
240 854
240 936
240 961
240 1001
240 1010
240 1023
241 245
241 273
241 501
241 632
241 682
241 698
241 720
241 746
241 780
241 790
241 806
241 851
241 874
241 1007
242 263
242 271
242 288
242 365
242 554
242 596
242 835
243 333
243 348
243 489
243 500
243 508
243 595
244 357
244 392
244 421
244 514
244 633
244 648
244 757
244 767
244 832
244 837
244 861
245 258
245 263
245 305
245 318
245 339
245 413
245 416
245 436
245 488
245 505
245 857
245 863
245 867
245 969
246 264
246 279
246 349
246 379
246 565
246 603
246 737
246 806
246 871
247 271
247 339
247 407
247 472
247 547
247 563
247 669
247 711
247 774
247 872
247 934
247 942
248 259
248 276
248 398
248 422
248 462
248 468
248 634
248 724
248 741
248 785
248 847
248 881
248 956
248 1003
249 348
249 406
249 533
249 618
249 619
249 629
249 736
249 783
249 846
249 913
250 264
250 408
250 457
250 458
250 593
250 651
250 878
250 912
250 948
250 974
251 376
251 408
251 419
251 491
251 527
251 532
251 568
251 606
251 641
251 661
251 736
251 887
251 927
251 964
252 272
252 283
252 362
252 505
252 513
252 596
252 817
252 871
252 944
252 963
252 979
252 1022
253 291
253 382
253 515
253 535
253 643
253 649
253 716
253 721
253 768
253 771
253 863
253 881
253 989
254 401
254 654
254 684
254 698
254 746
254 769
254 794
254 809
254 891
254 914
254 921
255 297
255 315
255 611
255 627
255 800
255 807
255 808
255 815
255 1016
256 341
256 426
256 458
256 474
256 509
256 550
256 584
256 838
256 916
256 918
256 937
257 321
257 469
257 535
257 569
257 673
257 767
257 791
257 809
257 815
257 839
257 1002
258 318
258 346
258 388
258 438
258 489
258 512
258 749
258 835
258 862
258 885
258 989
259 283
259 444
259 445
259 509
259 582
259 690
259 766
259 911
259 945
259 962
259 1003
259 1017
260 270
260 276
260 387
260 429
260 463
260 605
260 718
260 839
260 897
260 900
260 970
260 1007
261 311
261 503
261 556
261 629
261 671
261 675
261 686
261 697
261 882
261 891
261 921
261 934
262 428
262 446
262 447
262 473
262 551
262 604
262 622
262 666
262 706
262 712
262 716
262 768
262 807
262 953
262 983
262 998
263 313
263 379
263 417
263 560
263 566
263 589
263 618
263 660
263 844
263 887
263 918
263 934
263 999
263 1002
264 302
264 358
264 469
264 470
264 563
264 595
264 612
264 639
264 699
265 289
265 291
265 294
265 318
265 354
265 362
265 416
265 486
265 584
265 645
265 667
265 683
265 856
265 877
266 276
266 392
266 451
266 513
266 554
266 575
266 599
266 619
266 620
266 637
266 675
266 704
266 827
266 859
266 887
266 939
266 955
266 984
266 1008
267 297
267 390
267 447
267 681
267 930
267 951
267 1016
268 355
268 407
268 433
268 448
268 522
268 590
268 683
268 693
268 699
268 715
268 787
268 802
268 850
268 923
268 1002
269 286
269 293
269 342
269 441
269 470
269 587
269 693
269 915
269 943
270 319
270 350
270 379
270 401
270 457
270 498
270 606
270 705
270 738
270 841
270 909
270 943
270 1023
271 359
271 360
271 374
271 429
271 439
271 450
271 479
271 542
271 546
271 679
271 829
271 892
272 371
272 509
272 542
272 603
272 614
272 678
272 722
272 785
272 945
272 962
273 303
273 315
273 403
273 425
273 479
273 573
273 592
273 634
273 668
273 711
273 878
273 930
274 351
274 379
274 440
274 560
274 714
274 719
274 778
274 811
275 349
275 418
275 427
275 447
275 512
275 576
275 691
275 715
275 721
275 840
275 897
275 907
275 944
276 428
276 432
276 452
276 501
276 551
276 581
276 586
276 823
276 838
276 858
276 901
276 960
276 1014
277 340
277 456
277 491
277 659
277 673
277 755
277 774
277 836
277 851
277 880
277 922
277 985
278 634
278 643
278 673
278 740
278 806
278 810
278 828
278 885
278 972
278 976
279 389
279 403
279 516
279 578
279 637
279 793
279 930
279 965
279 967
280 302
280 375
280 400
280 420
280 455
280 463
280 479
280 565
280 570
280 604
280 695
280 696
280 733
280 872
280 909
280 991
281 311
281 369
281 414
281 418
281 500
281 522
281 566
281 605
281 641
281 657
281 658
281 700
281 809
281 925
281 932
282 310
282 365
282 419
282 442
282 719
282 729
282 762
282 805
282 823
282 846
282 885
282 890
282 909
282 993
283 407
283 446
283 491
283 778
283 842
283 868
283 887
283 970
284 357
284 560
284 759
284 803
284 817
284 933
284 994
285 328
285 395
285 400
285 620
285 792
285 853
285 902
286 290
286 292
286 339
286 362
286 434
286 505
286 594
286 604
286 667
286 724
286 746
286 773
286 824
286 881
286 899
286 908
286 949
286 976
286 990
286 999
287 373
287 433
287 504
287 548
287 673
287 679
287 693
287 729
287 770
287 861
287 940
287 1013
288 292
288 323
288 378
288 398
288 426
288 517
288 570
288 591
288 604
288 695
288 718
288 893
289 309
289 713
289 852
289 922
290 300
290 321
290 369
290 567
290 578
290 619
290 688
290 712
291 347
291 490
291 504
291 507
291 517
291 548
291 581
291 587
291 594
291 609
291 642
291 729
291 764
291 768
291 790
291 803
291 835
292 327
292 354
292 517
292 529
292 593
292 596
292 620
292 692
292 695
292 907
292 917
292 994
293 372
293 402
293 404
293 727
293 731
293 777
293 779
293 922
293 989
294 434
294 440
294 492
294 624
294 852
294 930
294 946
295 371
295 395
295 433
295 558
295 608
295 673
295 768
296 386
296 417
296 549
296 617
296 636
296 659
296 661
296 709
296 731
296 758
296 761
296 831
296 896
296 945
296 972
296 980
296 985
297 412
297 433
297 529
297 546
297 550
297 629
297 638
297 697
297 772
297 779
297 805
297 844
297 924
297 928
297 945
297 956
297 958
297 997
297 1003
298 314
298 545
298 744
298 747
298 766
298 793
298 909
298 965
298 1020
299 322
299 329
299 339
299 487
299 489
299 490
299 585
299 660
299 699
299 800
299 894
299 903
299 954
300 310
300 313
300 381
300 422
300 432
300 500
300 563
300 576
300 579
300 655
300 973
301 326
301 359
301 414
301 443
301 536
301 620
301 669
301 720
301 799
301 839
301 879
301 935
302 324
302 434
302 448
302 499
302 551
302 609
302 639
302 657
302 678
302 680
302 711
302 725
302 740
302 891
302 900
302 901
302 914
302 945
302 999
303 335
303 356
303 399
303 493
303 507
303 540
303 611
303 782
303 785
303 798
303 941
303 967
303 968
303 976
303 980
303 995
304 357
304 363
304 434
304 520
304 542
304 562
304 748
304 797
304 867
304 934
304 986
305 329
305 343
305 392
305 430
305 440
305 518
305 673
305 911
305 937
305 958
305 993
305 1005
306 334
306 422
306 531
306 555
306 596
306 621
306 649
306 722
306 762
306 773
306 831
306 991
306 1016
307 339
307 357
307 377
307 453
307 484
307 537
307 606
307 654
307 802
307 859
307 970
307 1007
308 436
308 477
308 488
308 550
308 618
308 646
308 727
308 751
308 754
308 798
308 814
308 900
308 904
308 925
308 954
309 382
309 460
309 475
309 505
309 507
309 561
309 646
309 655
309 682
309 694
309 717
309 752
309 904
309 939
309 969
309 1013
310 402
310 460
310 491
310 534
310 638
310 647
310 721
310 771
310 772
310 831
310 948
311 383
311 388
311 642
311 685
311 715
311 749
311 789
312 333
312 405
312 407
312 417
312 481
312 583
312 791
312 817
312 858
312 961
312 986
312 989
312 1008
313 399
313 412
313 469
313 475
313 880
313 956
313 963
313 991
313 1019
314 398
314 441
314 443
314 494
314 538
314 610
314 678
314 695
314 746
314 835
314 863
314 993
315 412
315 418
315 573
315 622
315 668
315 781
315 794
316 456
316 563
316 565
316 566
316 618
316 640
316 772
316 792
316 836
316 910
316 959
316 973
316 978
316 982
316 1010
316 1013
317 318
317 342
317 407
317 460
317 497
317 531
317 630
317 724
317 739
317 824
317 833
317 934
317 1011
318 337
318 363
318 453
318 573
318 598
318 680
318 757
318 796
318 974
318 1000
318 1021
319 404
319 406
319 576
319 620
319 626
319 693
319 726
319 727
319 770
319 911
319 977
319 991
319 1016
320 387
320 469
320 493
320 575
320 676
320 719
320 821
320 859
320 981
320 1021
321 359
321 377
321 437
321 439
321 526
321 540
321 582
321 864
321 930
321 934
321 969
322 374
322 514
322 597
322 750
322 758
322 866
322 867
322 915
322 931
322 992
323 393
323 502
323 522
323 703
323 731
323 784
323 822
323 844
323 891
323 912
323 978
323 1021
324 405
324 504
324 507
324 543
324 617
324 662
324 677
324 729
324 743
324 765
324 812
325 414
325 474
325 607
325 798
325 865
325 940
326 337
326 382
326 399
326 431
326 441
326 465
326 772
326 786
326 844
326 865
326 955
326 986
327 329
327 361
327 454
327 675
327 691
327 795
327 819
327 826
327 1009
328 417
328 496
328 510
328 534
328 562
328 633
328 856
328 899
328 942
328 956
329 343
329 355
329 368
329 401
329 510
329 553
329 648
329 759
329 865
329 884
329 899
329 918
329 989
330 413
330 416
330 421
330 471
330 513
330 548
330 603
330 854
330 870
330 907
330 916
331 396
331 558
331 609
331 624
331 711
331 719
331 721
331 954
331 960
331 999
331 1007
332 366
332 382
332 408
332 520
332 535
332 652
332 694
332 748
332 838
332 946
332 981
332 982
333 339
333 367
333 484
333 497
333 545
333 615
333 656
333 667
333 703
333 722
333 730
333 896
333 999
333 1022
334 376
334 439
334 568
334 578
334 621
334 633
334 745
334 751
334 804
334 962
334 968
334 1012
335 435
335 575
335 733
335 787
335 824
335 826
335 1005
336 367
336 513
336 528
336 554
336 692
336 785
336 807
336 874
337 347
337 356
337 362
337 380
337 444
337 493
337 709
337 798
337 840
337 861
337 928
337 934
337 977
337 1019
338 398
338 399
338 478
338 547
338 586
338 660
338 755
338 830
338 882
338 958
339 554
339 593
339 671
339 691
339 692
339 797
339 818
339 876
339 930
340 507
340 515
340 622
340 648
340 707
340 765
340 810
340 835
340 931
340 997
341 345
341 445
341 499
341 504
341 520
341 571
341 611
341 655
341 757
341 774
341 826
341 891
341 926
341 931
342 373
342 376
342 413
342 429
342 436
342 460
342 476
342 670
342 759
342 798
342 883
342 929
342 999
343 350
343 409
343 574
343 663
343 664
343 679
343 720
343 864
343 931
343 975
344 346
344 380
344 562
344 566
344 574
344 688
344 703
344 765
344 886
344 951
344 969
345 428
345 448
345 454
345 503
345 583
345 602
345 754
345 785
345 802
345 868
346 396
346 443
346 455
346 471
346 672
346 691
346 799
346 820
346 833
346 868
346 878
346 908
347 369
347 389
347 425
347 744
347 913
348 359
348 381
348 423
348 436
348 515
348 567
348 651
348 666
348 773
348 793
348 923
349 441
349 460
349 535
349 591
349 637
349 687
349 798
349 856
349 866
349 891
349 1015
350 436
350 457
350 668
350 678
350 759
350 772
350 857
350 922
350 940
350 983
351 438
351 749
351 752
351 777
352 353
352 363
352 365
352 567
352 593
352 612
352 666
352 698
352 740
352 818
352 819
352 854
352 876
352 912
352 950
352 953
352 984
353 398
353 416
353 431
353 487
353 563
353 588
353 652
353 803
353 816
353 829
353 947
353 994
354 397
354 445
354 497
354 679
354 905
354 937
354 942
354 949
355 360
355 387
355 397
355 432
355 482
355 631
355 670
355 685
355 768
355 811
355 891
355 897
355 920
355 960
355 985
355 986
355 1019
356 363
356 449
356 515
356 590
356 680
356 862
356 894
356 971
357 393
357 396
357 483
357 694
357 744
357 771
357 846
357 922
357 947
358 363
358 466
358 480
358 501
358 525
358 699
358 744
358 794
358 827
358 895
358 980
359 569
359 669
359 688
359 734
359 782
359 797
359 823
359 849
359 909
359 966
359 983
359 986
360 425
360 450
360 463
360 465
360 629
360 744
360 832
360 841
360 951
360 962
360 1006
361 369
361 428
361 521
361 588
361 600
361 627
361 687
361 715
361 754
361 766
361 769
361 849
361 860
361 880
361 886
361 980
362 434
362 449
362 855
362 925
362 1021
363 452
363 534
363 539
363 685
363 846
363 879
363 904
363 948
364 379
364 418
364 456
364 587
364 592
364 641
364 704
364 719
364 878
364 909
365 378
365 566
365 653
365 670
365 695
365 776
365 793
365 879
365 1004
366 372
366 387
366 407
366 471
366 477
366 482
366 498
366 717
366 725
366 831
366 840
366 843
366 909
366 912
366 914
366 1002
367 402
367 463
367 597
367 636
367 663
367 687
367 695
367 860
367 1007
368 406
368 408
368 413
368 441
368 445
368 540
368 630
368 695
368 719
368 854
369 372
369 475
369 529
369 586
369 669
369 703
369 827
369 863
369 894
369 973
370 377
370 390
370 407
370 412
370 496
370 587
370 607
370 618
370 793
370 876
370 926
371 472
371 639
371 690
371 750
371 794
371 808
371 829
371 834
372 403
372 483
372 529
372 546
372 633
372 637
372 771
372 773
372 796
372 836
372 890
372 927
372 975
373 441
373 456
373 460
373 509
373 559
373 621
373 713
373 773
373 790
373 819
373 964
373 994
374 455
374 490
374 509
374 520
374 561
374 580
374 622
374 651
374 748
374 913
375 510
375 515
375 543
375 591
375 596
375 653
375 801
375 832
375 856
375 886
375 898
375 955
375 992
375 998
376 389
376 449
376 452
376 477
376 538
376 603
376 642
376 736
376 774
376 964
377 413
377 552
377 670
377 753
377 807
377 818
377 874
377 888
377 903
377 915
377 917
377 936
377 950
377 985
377 987
378 464
378 576
378 801
378 866
378 899
378 930
378 944
379 532
379 567
379 585
379 687
379 711
379 718
379 740
379 915
379 916
379 960
379 970
379 1003
380 381
380 451
380 502
380 535
380 566
380 584
380 954
380 1000
381 450
381 538
381 599
381 601
381 611
381 622
381 691
381 749
381 792
381 876
382 394
382 461
382 472
382 537
383 547
383 599
383 666
383 726
383 751
383 903
383 934
384 389
384 645
384 697
384 715
384 847
384 907
385 516
385 562
385 635
385 684
385 690
385 713
385 718
385 738
385 749
385 751
385 754
385 774
385 808
385 889
386 394
386 409
386 415
386 461
386 637
386 675
386 725
386 780
386 835
386 836
386 859
386 894
386 969
386 971
386 1004
387 465
387 471
387 535
387 592
387 669
387 898
387 941
387 949
387 998
388 431
388 501
388 514
388 521
388 559
388 571
388 605
388 611
388 651
388 663
388 823
388 884
388 892
388 895
388 943
389 405
389 408
389 657
389 944
390 497
390 542
390 670
390 956
390 965
390 976
391 538
391 589
391 590
391 699
391 810
391 935
391 1019
392 498
392 581
392 868
392 1000
393 515
393 550
393 660
393 699
393 777
394 420
394 510
394 559
394 722
394 779
394 842
394 896
394 989
394 998
394 1009
395 400
395 409
395 491
395 541
395 554
395 630
395 632
395 699
395 755
395 941
395 973
396 412
396 451
396 536
396 668
396 817
396 827
396 918
397 631
397 692
397 724
397 779
397 790
397 812
397 952
397 1007
398 424
398 439
398 441
398 587
398 609
398 671
398 680
398 700
398 732
398 741
398 828
398 830
398 864
398 869
399 470
399 502
399 517
399 638
399 661
399 719
399 814
399 828
399 829
399 924
400 487
400 535
400 581
400 604
400 749
400 752
400 804
400 916
401 430
401 439
401 467
401 526
401 527
401 608
401 717
401 724
401 769
401 781
401 793
401 903
401 978
401 985
401 1011
402 490
402 604
402 610
402 685
402 705
402 753
402 918
402 947
402 1013
403 424
403 453
403 481
403 515
403 579
403 607
403 722
403 811
403 827
403 893
403 989
404 415
404 418
404 654
404 718
404 929
404 934
405 422
405 437
405 536
405 602
405 605
405 675
405 719
405 813
405 940
405 1004
406 485
406 585
406 702
406 783
406 811
406 858
407 452
407 595
407 658
407 793
407 834
408 484
408 505
408 651
408 726
408 882
408 912
409 546
409 559
409 565
409 582
409 585
409 606
409 649
409 650
409 772
409 786
409 789
409 884
409 888
409 960
409 991
409 993
410 478
410 511
410 658
410 760
410 812
410 983
411 418
411 432
411 619
411 696
411 746
411 801
411 842
411 874
411 908
411 977
412 458
412 486
412 536
412 593
412 692
412 799
412 832
412 895
413 441
413 515
413 558
413 561
413 570
413 608
413 722
413 762
413 764
413 859
413 982
414 523
414 539
414 594
414 723
414 748
414 850
414 950
415 564
415 621
415 762
415 771
415 850
415 933
416 508
416 597
416 709
416 744
416 840
416 851
416 853
416 987
416 999
416 1011
417 433
417 444
417 467
417 546
417 601
417 616
417 674
417 783
417 788
417 977
418 532
418 570
418 584
418 621
418 666
418 691
418 791
418 872
418 873
418 962
418 1007
419 439
419 460
419 463
419 544
419 648
419 678
419 795
419 822
419 832
419 854
419 967
419 970
420 421
420 460
420 483
420 501
420 565
420 615
420 702
420 807
420 898
420 969
421 468
421 479
421 516
421 563
421 591
421 651
421 676
422 489
422 585
422 647
422 814
423 492
423 690
423 757
423 890
423 901
423 918
423 1006
424 489
424 535
424 583
424 748
424 768
424 947
425 510
425 731
425 829
425 896
425 1016
426 432
426 528
426 536
426 581
426 648
426 757
426 911
427 582
427 593
427 648
427 741
427 825
427 929
428 627
428 674
428 762
428 793
428 806
428 846
428 879
429 649
429 780
429 792
429 825
429 848
429 904
430 591
430 599
430 605
430 692
430 697
430 718
430 726
430 770
430 857
430 866
430 893
431 539
431 736
431 742
431 749
431 762
431 779
432 489
432 532
432 637
432 640
432 659
432 701
432 941
433 529
433 590
433 714
433 715
433 854
433 900
433 962
434 462
434 563
434 669
434 724
434 785
434 793
434 859
434 888
434 895
434 1003
434 1011
435 482
435 563
435 748
435 898
436 446
436 499
436 501
436 512
436 722
436 770
436 864
436 872
436 912
436 913
436 927
436 953
436 957
437 461
437 519
437 568
437 593
437 652
437 693
437 762
437 848
437 875
437 905
437 943
438 446
438 460
438 614
438 676
438 743
438 886
438 921
438 922
438 980
438 1008
439 447
439 503
439 533
439 550
439 698
439 819
439 892
439 951
439 960
440 466
440 518
440 552
440 658
440 663
440 733
440 784
440 855
440 925
440 952
441 496
441 554
441 586
441 662
441 671
441 740
441 750
441 766
441 814
441 978
442 515
442 632
442 758
442 841
442 911
442 935
442 953
442 962
443 535
443 584
443 669
443 680
443 682
443 696
443 772
443 779
443 806
443 844
443 869
443 960
444 461
444 493
444 552
444 557
444 649
444 664
444 665
444 820
444 835
444 883
444 885
444 1022
445 474
445 475
445 530
445 539
445 540
445 720
445 755
445 763
445 863
445 879
445 919
445 1006
445 1008
446 482
446 558
446 590
446 664
446 725
446 813
446 912
447 492
447 504
447 555
447 742
447 795
447 884
447 910
447 925
448 467
448 471
448 676
448 731
448 899
448 959
449 667
449 695
449 707
449 708
449 833
449 851
449 956
449 1005
449 1013
450 459
450 478
450 501
450 544
450 610
450 616
450 635
450 692
450 792
450 842
450 921
450 926
450 941
450 969
451 453
451 485
451 488
451 729
451 791
451 846
451 916
451 925
451 972
451 996
452 473
452 490
452 696
452 726
452 860
452 879
452 880
452 918
452 989
452 996
452 1002
453 467
453 547
453 551
453 563
454 481
454 490
454 496
454 578
454 638
454 733
454 804
454 1016
455 460
455 484
455 573
455 580
455 588
455 685
455 697
455 735
455 789
455 857
455 915
456 468
456 513
456 517
456 525
456 617
456 652
456 671
456 929
457 465
457 600
457 708
457 788
457 835
458 470
458 539
458 627
458 660
458 684
458 771
458 893
459 466
459 563
459 683
459 730
459 753
459 831
459 911
459 928
459 995
459 1019
460 533
460 541
460 572
460 628
460 712
460 763
460 832
460 850
460 938
460 1004
460 1018
461 480
461 617
461 741
461 768
461 796
461 854
462 526
462 618
462 641
462 662
462 667
462 827
462 841
462 853
462 909
462 922
462 989
463 544
463 769
463 777
463 908
463 915
463 929
464 494
464 608
464 629
464 639
464 670
464 676
464 728
464 785
464 791
464 901
464 951
464 1006
464 1018
465 541
465 579
465 841
465 853
465 888
465 950
466 510
466 544
466 551
466 652
466 711
466 739
466 809
466 827
466 886
466 1022
467 477
467 704
467 807
467 847
467 972
468 489
468 490
468 586
468 659
468 686
469 553
469 588
469 606
469 620
469 659
469 839
469 924
469 969
470 501
470 521
470 763
470 952
471 527
471 538
471 703
471 719
471 720
471 934
472 511
472 573
472 590
472 614
472 727
472 764
473 588
473 601
473 609
473 622
473 651
473 654
473 661
473 682
473 704
473 788
473 804
473 908
473 954
473 982
473 990
474 507
474 510
474 734
474 747
474 751
474 758
474 801
474 863
474 870
474 902
474 952
474 1006
475 548
475 577
475 655
475 732
475 733
475 735
475 793
475 794
475 803
475 829
475 834
475 852
475 871
475 872
475 905
475 1001
475 1008
476 551
476 688
476 700
476 770
476 778
476 816
476 819
476 846
476 850
476 915
476 917
476 970
476 971
477 553
477 583
477 611
477 690
477 848
477 884
477 988
478 498
478 592
478 824
478 878
478 950
479 600
479 607
479 643
479 661
479 690
479 730
479 768
479 911
479 993
479 1003
480 509
480 526
480 621
480 625
480 644
480 650
480 683
480 687
480 745
480 780
480 800
480 825
480 934
480 964
480 1004
480 1021
481 579
481 735
481 869
481 919
481 962
481 983
482 488
482 520
482 618
482 633
482 636
482 667
482 674
482 769
482 770
482 809
482 913
482 937
483 512
483 598
483 606
483 670
483 829
483 847
483 884
483 890
484 490
484 553
484 600
484 747
484 775
484 863
484 892
484 956
485 546
485 775
485 792
485 818
485 973
486 535
486 542
486 597
486 649
486 778
486 786
486 814
486 907
486 921
486 924
486 967
486 988
487 515
487 522
487 575
487 583
487 916
487 919
487 933
487 939
487 941
487 966
488 563
488 997
489 495
489 576
489 591
489 623
489 677
489 685
489 730
489 789
489 882
489 899
489 949
489 1009
490 540
490 587
490 616
490 775
490 793
490 794
490 866
490 966
490 989
490 995
491 515
491 527
491 634
491 652
491 682
491 736
491 772
491 773
491 833
491 991
492 546
492 618
492 631
492 712
492 753
492 810
492 850
492 868
492 1004
493 551
493 664
493 865
493 883
493 931
493 937
493 973
494 497
494 599
494 612
494 625
494 737
494 790
494 804
494 878
494 884
494 1016
495 569
495 692
495 694
495 699
495 781
495 824
496 524
496 612
496 656
496 763
496 769
496 831
496 860
496 946
496 963
497 569
497 782
497 833
497 915
497 917
497 964
498 647
498 794
498 820
498 824
498 835
498 913
498 920
498 930
498 964
499 516
499 526
499 548
499 558
499 606
499 636
499 661
499 689
499 692
499 730
499 746
499 870
499 876
499 914
500 519
500 520
500 525
500 566
500 596
500 635
500 655
500 846
500 911
500 965
501 509
501 558
501 627
501 699
501 767
501 852
501 876
501 989
501 1018
502 834
502 877
502 987
503 504
503 589
503 625
503 644
503 657
503 693
503 724
503 728
503 788
503 850
503 889
503 958
503 984
503 999
504 535
504 594
504 602
504 608
504 706
504 725
504 819
504 979
505 527
505 543
505 557
505 568
505 638
505 753
505 951
505 965
505 994
506 555
506 563
506 618
506 830
506 906
506 913
506 999
506 1017
507 632
507 671
507 677
507 732
507 753
507 789
507 909
507 928
507 997
508 529
508 554
508 578
508 614
508 616
508 670
508 720
508 765
508 781
508 796
508 832
508 913
508 943
508 995
509 535
509 541
509 596
509 616
509 627
509 640
509 645
509 688
509 739
509 785
509 946
509 971
509 1022
510 513
510 600
510 662
510 749
510 831
510 832
510 840
510 849
510 867
510 886
510 966
510 993
511 544
511 632
511 664
511 715
511 764
511 775
511 776
511 796
511 802
511 827
511 896
511 972
512 570
512 610
512 664
512 672
512 690
512 803
512 873
513 568
513 578
513 872
513 876
513 950
514 552
514 751
514 764
514 902
514 934
514 959
514 973
515 580
515 582
515 617
515 650
515 677
515 832
515 876
515 893
515 918
516 609
516 677
516 735
516 832
516 846
516 858
516 980
516 985
517 609
517 625
517 685
517 688
517 694
517 716
517 719
517 748
517 760
517 828
517 867
517 989
517 997
518 523
518 541
518 549
518 700
518 812
518 858
518 903
518 954
518 962
519 555
519 618
519 638
519 659
519 698
519 790
519 860
519 869
520 540
520 593
520 608
520 614
520 699
520 759
520 818
520 886
520 915
520 927
520 987
520 996
520 997
521 668
521 672
521 712
521 925
522 566
522 692
522 715
522 775
522 838
522 861
522 977
523 632
523 651
523 670
523 944
524 556
524 673
524 838
525 596
525 650
525 682
525 685
525 719
525 751
525 815
525 844
525 907
525 932
525 974
525 976
526 582
526 741
526 770
526 927
526 997
526 1018
527 573
527 606
527 730
527 764
527 851
527 864
527 917
527 942
527 943
528 532
528 554
528 558
528 580
528 662
528 780
528 964
529 725
529 773
529 777
529 836
529 844
529 853
529 877
529 904
529 1011
530 553
530 610
530 802
530 853
530 855
530 919
531 536
531 541
531 569
531 575
531 620
531 675
531 686
531 716
531 755
531 799
531 851
531 883
531 887
531 902
531 949
531 964
532 548
532 556
532 650
532 679
532 691
532 692
532 756
532 869
532 1017
533 762
533 770
533 832
533 869
533 966
534 668
535 580
535 624
535 656
535 717
535 743
535 764
535 775
535 790
535 820
535 837
535 939
535 1013
536 571
536 574
536 662
536 725
536 764
536 809
536 817
536 856
536 877
536 880
536 896
536 920
536 934
536 965
537 582
537 612
537 652
537 693
537 698
537 756
537 769
537 792
537 899
537 929
537 946
538 586
538 622
538 635
538 661
538 737
538 793
538 815
538 840
538 843
538 901
538 924
538 986
539 570
539 580
539 909
540 547
540 552
540 665
540 741
540 892
540 902
540 915
540 923
540 1010
541 542
541 579
541 670
541 748
541 777
541 943
542 554
542 582
542 606
542 698
542 924
543 572
543 585
543 620
543 633
543 707
543 744
543 753
543 771
543 797
543 817
543 917
543 935
543 982
543 1003
544 557
544 595
544 631
544 658
544 700
544 736
544 758
544 865
544 884
544 913
544 919
545 557
545 884
545 937
545 941
545 999
545 1019
546 589
546 662
546 848
546 894
546 1004
547 572
547 642
547 677
547 816
547 847
548 752
548 766
548 870
548 899
548 961
548 963
549 573
549 606
549 623
549 746
549 829
549 962
550 591
550 634
550 683
550 744
550 821
550 874
550 1000
551 565
551 760
551 763
551 824
551 830
551 848
551 859
551 966
552 606
552 656
552 786
552 835
552 853
552 856
552 864
552 896
552 948
552 991
552 1002
553 626
553 642
553 659
553 724
553 760
553 793
553 860
553 861
553 927
553 936
553 957
554 722
554 761
554 819
554 902
554 922
554 943
554 994
555 608
555 650
555 678
555 711
555 841
555 887
555 967
555 1014
556 643
556 704
556 783
556 829
556 917
557 626
557 667
557 703
557 873
557 878
557 923
557 925
558 669
558 752
558 774
558 781
558 810
559 603
559 665
559 683
559 761
559 997
559 1002
560 571
560 981
561 616
561 788
561 847
561 912
561 914
561 922
561 971
562 600
562 664
562 746
562 772
562 823
562 916
562 963
562 969
563 596
563 665
563 671
563 863
564 705
564 738
564 911
564 912
565 612
565 649
565 685
565 786
565 814
566 683
566 697
566 735
566 743
566 784
566 808
566 906
566 978
566 991
566 1017
567 665
567 669
567 721
567 755
567 859
567 945
568 622
568 709
568 718
568 838
568 843
568 852
568 968
569 623
569 679
570 623
570 645
570 710
570 803
570 978
570 981
571 593
571 711
571 715
571 758
571 761
571 778
571 809
571 1010
571 1022
572 581
572 602
572 648
572 675
572 796
572 915
572 927
573 626
573 641
573 664
573 707
573 988
574 592
574 648
574 689
574 761
574 867
575 600
575 624
575 632
575 686
575 834
575 869
575 882
575 977
575 983
575 1013
576 581
576 610
576 625
576 654
576 686
576 688
576 797
576 854
576 932
576 949
576 957
577 579
577 586
577 589
577 630
577 689
577 706
577 793
577 912
577 913
577 966
578 713
578 859
578 911
578 1018
579 667
579 705
579 751
579 763
579 830
579 850
579 947
579 954
580 595
580 751
580 835
580 876
580 884
580 918
581 649
581 867
582 715
582 717
582 742
582 865
582 916
582 964
583 652
583 696
583 798
583 916
584 588
584 633
584 639
584 652
584 690
584 718
584 801
584 805
584 933
584 956
585 791
585 793
585 882
585 923
586 622
586 722
586 754
586 769
586 773
586 849
586 870
586 881
586 949
586 950
586 990
587 659
587 958
587 984
588 698
588 718
588 920
588 930
588 1006
589 645
589 754
589 757
589 831
589 934
589 964
590 692
590 722
590 735
590 790
590 837
590 914
591 594
591 702
591 718
591 779
591 934
592 626
592 637
592 731
592 746
592 849
592 901
592 935
593 644
593 689
593 753
593 920
593 933
593 976
594 607
594 627
594 717
594 760
594 882
594 923
594 935
594 978
594 987
595 626
595 852
595 863
595 880
595 894
595 951
595 976
595 985
596 657
596 819
596 926
597 693
597 703
597 763
597 779
597 815
597 850
597 859
597 861
597 892
597 959
598 751
598 879
598 898
598 957
598 961
598 997
599 600
599 628
599 635
599 642
599 659
599 730
599 744
599 799
599 835
599 939
600 634
600 709
600 840
600 895
600 904
600 923
600 936
600 1000
601 680
601 714
601 727
601 732
602 756
602 767
602 816
602 825
602 1022
603 628
603 771
603 844
603 920
603 941
603 952
604 620
604 720
604 742
604 772
604 780
604 813
604 840
604 913
604 963
604 966
604 1003
605 636
605 644
605 652
605 653
605 684
605 688
605 698
605 707
605 719
605 811
605 897
605 899
605 926
605 952
605 956
605 965
605 968
605 980
605 998
606 626
606 711
606 726
606 735
606 837
606 854
606 887
606 904
606 963
606 964
607 680
607 697
607 720
607 743
607 873
607 1008
607 1017
608 612
608 674
608 754
608 768
608 809
608 877
608 979
608 1005
608 1022
609 668
609 706
609 739
609 790
609 922
609 969
609 1022
610 652
610 748
610 869
610 885
610 984
611 810
611 822
611 864
611 937
611 985
612 620
612 639
612 739
612 756
612 957
612 976
612 987
613 622
613 641
613 668
613 677
613 699
613 702
613 706
613 1009
613 1010
614 784
614 893
614 914
614 991
614 1016
614 1018
615 642
615 648
615 832
615 879
615 882
615 910
615 917
615 1022
616 643
616 657
616 724
616 850
616 856
616 990
616 1016
617 622
617 635
617 666
617 760
617 794
617 868
617 941
617 973
617 1007
618 686
618 781
618 830
618 871
618 1008
619 657
619 683
619 746
619 761
619 825
619 852
619 871
619 940
620 663
620 695
620 718
620 792
620 840
620 853
620 893
620 980
621 716
621 838
621 937
621 972
621 992
622 675
622 701
622 708
622 830
622 907
623 654
623 688
623 755
623 880
623 999
624 631
624 689
624 703
624 713
624 714
624 873
624 887
624 949
624 964
625 669
625 708
625 716
625 740
625 884
625 948
625 951
626 628
626 654
626 733
626 752
626 865
626 992
626 1013
626 1014
627 667
627 750
627 761
627 879
627 887
627 946
627 964
628 640
628 679
628 797
628 883
628 918
628 975
629 711
629 740
629 867
629 869
629 997
629 1005
630 647
630 702
630 769
630 827
630 935
631 697
631 858
631 859
632 644
632 648
632 913
633 709
633 803
633 849
634 695
634 851
634 879
634 990
634 1008
635 672
635 781
635 936
635 957
635 980
635 1000
635 1022
636 660
636 670
636 856
637 652
637 669
637 840
637 953
637 967
637 1012
638 664
638 795
638 801
638 877
638 952
639 647
639 701
639 733
639 864
639 880
639 899
639 909
639 979
639 1011
640 688
640 692
640 740
640 753
640 815
640 863
640 876
640 1010
641 684
641 711
641 743
641 765
641 871
641 997
642 656
642 696
642 777
642 814
642 815
642 844
642 860
643 701
643 713
643 808
643 920
643 933
643 943
643 951
643 997
643 1022
644 804
644 805
644 820
644 852
644 917
644 968
644 1003
645 690
645 739
645 766
645 929
645 942
645 985
646 679
646 680
646 718
646 719
646 831
646 921
646 1003
647 666
647 756
647 776
647 855
647 982
647 1005
648 685
648 692
648 709
648 721
648 822
648 898
649 718
649 818
649 882
649 942
649 994
650 762
650 866
650 998
651 737
651 831
651 869
651 892
651 906
651 945
651 963
651 999
652 694
652 812
652 887
652 905
652 996
652 1003
653 881
653 886
654 722
654 761
654 907
654 980
654 1001
655 832
655 898
655 993
656 672
656 738
656 750
656 816
656 859
656 930
656 951
656 979
657 692
657 771
657 814
657 832
657 833
657 862
657 871
657 927
658 689
658 693
658 864
658 981
658 988
658 1018
659 664
659 712
659 799
659 941
660 718
660 763
660 844
660 862
660 921
660 1017
661 666
661 689
661 715
661 769
661 948
662 707
662 713
662 737
662 789
662 978
662 986
663 709
663 721
663 777
663 856
663 878
663 915
663 975
663 1007
664 708
664 1020
665 683
665 692
665 754
665 907
665 910
665 931
665 979
665 996
666 735
666 799
666 840
666 868
666 919
667 691
667 707
667 728
667 745
667 749
667 820
667 856
667 954
667 965
668 748
668 796
668 821
668 861
668 890
668 898
668 900
668 928
668 944
668 977
668 1012
668 1014
668 1015
669 744
669 781
669 793
669 807
669 813
669 824
669 904
669 1006
670 701
670 739
670 803
670 948
670 987
670 992
671 696
671 697
671 844
671 912
671 926
671 963
671 982
672 749
672 753
673 715
673 724
673 945
673 1008
673 1016
674 714
674 872
674 877
674 896
674 933
674 971
674 1015
675 681
675 682
675 700
675 806
675 810
675 914
675 948
675 957
676 677
676 682
676 801
676 837
676 868
676 901
676 928
676 943
677 682
677 727
677 731
677 742
677 758
677 761
677 859
677 988
677 1003
678 974
678 1021
679 711
679 736
679 820
679 930
679 973
679 1007
680 728
680 859
680 863
680 948
680 978
681 697
681 857
681 858
681 900
681 926
682 685
682 693
682 744
682 758
682 760
682 792
682 893
683 822
683 916
683 954
683 974
683 1022
684 750
684 804
684 820
684 831
684 922
684 990
685 719
685 776
686 816
686 863
686 939
686 1023
687 740
687 862
687 887
687 894
687 990
688 714
688 779
688 888
688 1017
689 698
689 762
689 877
689 896
689 921
689 973
690 746
690 811
690 819
690 843
690 860
690 887
690 918
690 944
691 823
691 843
691 850
691 862
691 886
693 765
693 852
693 872
693 873
693 980
693 1019
694 696
694 704
694 711
694 832
694 895
694 904
695 818
695 945
695 1021
696 766
696 790
696 806
696 1018
697 704
697 813
697 827
697 831
697 907
697 914
698 753
698 796
698 954
699 816
699 922
699 946
699 969
699 972
699 979
700 709
700 958
700 983
701 773
701 814
701 827
701 853
701 903
701 949
701 954
701 965
702 766
702 828
702 868
702 986
703 711
703 750
703 851
703 880
703 906
703 943
703 1002
704 716
704 761
704 767
704 768
704 893
704 983
705 757
705 922
706 754
706 760
706 769
706 770
706 821
706 881
707 732
707 902
707 931
707 955
707 983
708 810
708 826
708 955
708 989
709 829
709 863
709 893
709 933
709 1004
710 738
710 743
710 799
710 857
710 884
710 889
710 894
710 928
710 942
711 931
711 1010
712 769
712 796
712 816
712 829
712 831
712 882
712 942
712 960
712 979
713 782
713 847
713 897
713 901
713 912
714 897
714 969
714 1014
715 809
715 812
715 889
715 950
715 969
715 991
716 746
716 753
716 875
716 924
716 936
716 996
716 1012
717 938
718 750
718 849
718 884
718 887
718 889
718 956
718 963
718 1006
719 732
719 763
719 783
719 799
719 1006
720 729
720 743
720 784
721 781
721 889
721 904
721 1020
722 1002
723 770
723 802
723 940
724 735
724 745
724 775
724 796
724 860
724 897
724 969
725 732
725 756
725 765
725 809
725 850
725 891
725 936
726 756
726 793
726 809
726 824
726 859
726 948
727 786
727 867
727 892
727 938
727 975
727 984
728 832
728 941
728 996
728 1019
729 865
729 964
729 978
729 999
730 809
730 851
730 895
730 908
731 746
731 800
731 934
731 955
731 991
732 763
732 779
732 839
732 879
732 898
732 963
733 830
733 845
733 878
733 935
733 984
733 991
734 827
734 854
734 918
734 941
734 972
735 904
735 938
735 981
736 839
736 879
736 956
736 969
736 975
736 992
737 886
737 1000
737 1014
737 1023
738 741
738 758
738 899
739 782
739 793
739 794
739 870
739 909
739 939
740 767
740 879
740 935
740 1000
740 1011
740 1014
741 758
741 805
742 792
742 797
742 846
742 886
742 912
743 845
743 880
743 925
743 942
743 1017
744 762
744 774
744 951
745 794
745 802
745 955
745 997
746 809
746 844
746 921
746 923
746 924
747 766
747 797
747 872
747 931
747 998
747 1015
748 776
748 805
748 897
748 959
748 977
748 1012
749 797
749 815
749 861
749 958
750 769
750 804
750 813
750 860
750 919
751 796
751 809
751 833
751 867
751 911
751 913
751 972
751 1009
752 828
752 888
752 1018
753 758
753 811
753 815
753 843
753 875
753 927
753 943
753 1003
753 1006
754 801
754 820
755 764
755 816
755 835
755 877
755 1021
756 874
757 930
757 996
757 1007
758 785
758 798
758 802
758 836
758 860
758 955
759 869
761 819
761 833
761 932
761 954
762 785
762 795
762 838
762 875
762 936
762 972
762 986
763 868
763 890
763 905
764 836
765 938
765 946
765 1005
766 804
766 827
766 843
766 916
766 1009
767 779
767 834
767 942
768 876
768 966
768 1016
769 817
769 880
769 992
769 1014
770 824
770 898
770 958
771 776
771 801
771 890
771 908
771 939
771 958
772 801
772 826
772 890
772 902
772 928
773 787
773 801
773 811
774 823
774 1009
775 853
775 1017
776 855
776 896
776 979
776 993
776 1023
777 846
777 867
777 939
777 979
778 799
778 838
778 842
778 883
778 934
778 969
778 991
778 1012
779 853
779 931
779 949
780 850
780 911
780 921
780 1021
781 791
781 816
781 847
781 879
781 952
782 813
782 842
782 913
782 1005
783 814
783 832
783 855
783 918
783 936
784 878
784 910
784 951
784 964
784 1010
784 1020
785 818
785 896
785 972
785 1019
786 801
786 830
786 849
786 884
786 907
786 966
786 968
787 925
787 926
788 910
789 830
789 847
789 869
789 912
789 954
790 917
790 1015
791 857
791 928
791 945
792 794
792 808
792 817
792 854
792 1019
793 834
793 903
793 923
793 988
794 853
794 887
794 979
794 1004
795 864
795 892
796 948
796 1017
797 941
797 1015
798 810
798 818
798 881
798 996
799 875
800 911
800 1020
801 805
801 840
801 847
801 890
801 929
801 949
802 964
803 833
803 916
803 991
803 1018
804 953
804 1008
805 826
805 837
805 905
805 936
805 991
805 1000
806 865
806 910
806 953
807 832
807 839
807 992
807 1005
808 811
808 871
808 908
808 918
808 976
808 1007
809 815
809 828
809 947
809 1023
810 830
810 867
810 893
811 987
812 845
812 939
813 853
814 842
814 869
814 876
814 879
814 921
815 865
815 918
815 929
815 984
816 821
816 967
817 852
817 922
818 895
818 1000
819 820
819 836
819 940
820 835
820 837
820 869
820 905
820 915
820 933
820 950
820 1019
821 871
821 904
821 961
822 950
823 880
823 990
824 826
824 909
824 933
825 952
825 991
826 838
827 992
828 835
828 882
828 902
829 843
829 923
829 935
830 959
831 836
831 930
831 951
831 965
831 981
832 863
832 864
832 895
832 899
832 926
833 868
833 974
834 983
834 988
835 855
835 880
835 923
835 968
835 979
835 984
836 970
837 891
837 918
837 955
837 969
837 977
838 872
838 911
838 920
838 1005
839 857
839 913
839 987
840 896
840 936
840 968
840 1006
841 916
841 986
842 963
843 868
843 961
843 969
843 1001
843 1013
844 907
844 1014
845 855
846 914
846 915
846 971
847 918
847 928
847 980
847 989
847 1014
848 965
849 853
849 961
850 854
850 881
850 919
850 953
850 1006
851 912
851 926
851 1001
852 962
853 968
853 1002
854 897
854 945
854 994
855 913
855 940
855 994
855 1017
855 1022
856 870
856 937
856 1015
856 1017
857 871
857 953
857 984
859 906
859 981
861 890
861 939
861 948
861 955
861 962
863 959
864 879
864 943
864 950
864 1016
864 1019
865 912
865 961
865 1009
867 878
867 897
868 889
868 911
868 1004
869 878
869 989
869 1008
870 892
870 922
870 966
871 904
871 905
871 940
871 941
872 935
872 986
872 989
873 904
874 995
875 909
875 990
875 1010
875 1015
876 932
876 987
876 994
877 969
878 884
879 928
880 889
880 945
880 986
881 928
881 949
883 968
884 886
884 966
884 1002
885 921
886 888
886 899
886 954
886 1019
886 1021
887 888
887 984
887 1001
888 925
888 926
889 917
889 943
889 953
889 967
889 973
889 985
889 997
890 943
890 1000
890 1002
891 898
891 936
891 977
892 929
892 951
892 980
893 933
893 942
893 996
894 1008
895 954
895 956
895 958
895 967
895 1000
896 929
896 967
896 970
898 965
899 919
899 1021
900 939
900 973
901 935
901 953
901 961
902 931
903 934
903 955
903 1013
904 1001
906 910
906 927
906 931
907 983
908 974
908 987
909 977
909 998
911 916
911 955
911 963
911 979
911 1022
913 944
913 979
915 1006
916 1021
917 948
917 992
917 1001
917 1003
919 944
919 981
920 959
921 998
922 986
923 950
924 958
924 986
925 966
926 985
927 994
928 989
928 1018
929 955
932 963
932 964
932 1003
933 945
933 963
933 970
934 948
934 997
936 980
937 987
940 1015
943 974
943 975
943 1011
944 945
945 976
947 966
948 979
950 1007
953 995
953 1012
954 1011
955 967
955 1019
957 1018
957 1021
958 962
958 975
958 983
958 1000
960 1019
964 1022
965 985
965 1000
968 988
969 973
970 985
970 1021
973 1010
974 1017
975 1015
975 1018
976 988
976 1019
977 986
977 996
978 994
980 1013
982 997
983 998
984 989
988 992
992 1019
994 996
996 1013
997 1006
1002 1008
1006 1008
1007 1014
1010 1016
1016 1020
