0 10
0 11
0 12
0 13
0 14
0 15
0 17
0 18
0 20
0 21
0 23
0 25
0 26
0 43
0 45
0 47
0 49
0 60
0 64
0 65
0 77
0 79
0 86
0 89
0 92
0 96
0 104
0 106
0 110
0 122
0 124
0 132
0 133
0 150
0 152
0 161
0 175
0 181
0 182
0 190
0 191
0 196
0 201
0 204
0 238
0 248
0 251
0 252
0 273
0 286
0 303
0 306
0 309
0 312
0 315
0 325
0 356
0 369
0 373
0 376
0 385
0 388
0 416
0 429
0 437
0 442
0 463
0 467
0 474
0 580
0 608
0 613
0 619
0 647
0 656
0 659
0 662
0 668
0 673
0 718
0 732
0 744
0 784
0 834
0 847
0 895
0 951
0 1005
0 1018
1 11
1 16
1 29
1 48
1 72
1 82
1 91
1 95
1 138
1 204
1 249
1 372
1 385
1 511
1 523
1 544
1 658
1 941
1 949
1 983
2 26
2 33
2 43
2 45
2 52
2 66
2 74
2 78
2 101
2 120
2 157
2 180
2 188
2 207
2 246
2 452
2 632
2 932
3 10
3 11
3 13
3 14
3 15
3 18
3 20
3 21
3 22
3 28
3 31
3 36
3 39
3 44
3 57
3 66
3 67
3 68
3 86
3 99
3 108
3 114
3 124
3 132
3 143
3 158
3 162
3 172
3 175
3 212
3 214
3 215
3 255
3 309
3 329
3 340
3 354
3 375
3 411
3 423
3 427
3 435
3 443
3 535
3 537
3 560
3 572
3 597
3 601
3 627
3 650
3 651
3 652
3 664
3 678
3 681
3 749
3 775
3 785
3 796
3 803
3 864
3 881
3 925
3 989
3 1007
4 10
4 11
4 12
4 13
4 15
4 17
4 20
4 21
4 22
4 23
4 26
4 27
4 32
4 37
4 38
4 41
4 43
4 44
4 47
4 51
4 52
4 57
4 65
4 68
4 73
4 76
4 81
4 85
4 97
4 98
4 107
4 110
4 115
4 116
4 122
4 128
4 132
4 142
4 151
4 152
4 153
4 160
4 162
4 164
4 168
4 194
4 195
4 239
4 251
4 289
4 298
4 301
4 308
4 318
4 355
4 364
4 368
4 388
4 395
4 412
4 461
4 465
4 476
4 482
4 484
4 485
4 490
4 493
4 497
4 514
4 519
4 520
4 525
4 549
4 554
4 559
4 587
4 593
4 600
4 602
4 624
4 630
4 650
4 656
4 668
4 676
4 692
4 701
4 704
4 714
4 717
4 722
4 755
4 761
4 762
4 766
4 770
4 822
4 829
4 841
4 858
4 862
4 879
4 893
4 921
4 940
4 956
4 959
4 961
4 971
4 984
4 995
5 12
5 14
5 17
5 22
5 24
5 26
5 34
5 37
5 38
5 41
5 42
5 54
5 58
5 61
5 62
5 77
5 81
5 92
5 95
5 99
5 114
5 118
5 129
5 138
5 144
5 169
5 180
5 184
5 187
5 213
5 287
5 288
5 291
5 311
5 332
5 344
5 384
5 395
5 398
5 412
5 444
5 446
5 474
5 477
5 507
5 514
5 571
5 583
5 684
5 690
5 762
5 783
5 818
5 994
6 10
6 12
6 13
6 15
6 33
6 44
6 52
6 55
6 57
6 69
6 71
6 78
6 105
6 108
6 175
6 191
6 203
6 318
6 329
6 354
6 396
6 403
6 411
6 429
6 436
6 461
6 500
6 542
6 668
6 697
6 752
6 796
6 802
6 808
6 814
6 875
6 884
6 926
6 933
6 981
6 1009
6 1016
7 10
7 11
7 12
7 14
7 16
7 17
7 18
7 19
7 21
7 25
7 27
7 34
7 35
7 36
7 39
7 40
7 45
7 50
7 58
7 64
7 67
7 83
7 103
7 108
7 109
7 110
7 113
7 126
7 127
7 129
7 159
7 161
7 182
7 186
7 187
7 200
7 202
7 208
7 209
7 210
7 230
7 238
7 245
7 264
7 275
7 276
7 288
7 302
7 313
7 331
7 334
7 337
7 338
7 339
7 343
7 364
7 371
7 391
7 394
7 409
7 416
7 476
7 486
7 494
7 504
7 509
7 511
7 526
7 534
7 542
7 553
7 560
7 564
7 575
7 637
7 640
7 656
7 683
7 694
7 706
7 707
7 734
7 738
7 745
7 747
7 751
7 755
7 773
7 777
7 779
7 784
7 786
7 803
7 807
7 840
7 888
7 918
7 920
7 937
7 944
7 981
7 989
7 992
7 999
7 1019
8 12
8 13
8 14
8 15
8 17
8 22
8 23
8 24
8 30
8 38
8 49
8 64
8 66
8 70
8 77
8 91
8 94
8 122
8 148
8 176
8 177
8 205
8 237
8 271
8 273
8 293
8 297
8 313
8 318
8 326
8 508
8 514
8 517
8 557
8 559
8 591
8 600
8 636
8 637
8 660
8 738
8 784
8 809
8 831
8 843
8 857
8 875
8 911
8 950
8 953
8 1005
8 1009
9 10
9 11
9 12
9 13
9 14
9 15
9 16
9 19
9 21
9 27
9 33
9 35
9 38
9 43
9 44
9 46
9 47
9 57
9 60
9 66
9 71
9 72
9 89
9 110
9 120
9 130
9 131
9 153
9 175
9 185
9 194
9 227
9 234
9 269
9 270
9 285
9 298
9 304
9 305
9 313
9 323
9 356
9 360
9 420
9 423
9 441
9 465
9 468
9 479
9 481
9 505
9 531
9 532
9 552
9 565
9 570
9 582
9 686
9 711
9 717
9 743
9 753
9 769
9 773
9 781
9 792
9 794
9 813
9 849
9 858
9 859
9 908
9 914
9 935
9 938
9 960
9 962
10 11
10 12
10 13
10 15
10 21
10 23
10 25
10 26
10 28
10 29
10 33
10 38
10 39
10 41
10 43
10 48
10 52
10 53
10 57
10 58
10 60
10 63
10 66
10 70
10 77
10 80
10 87
10 89
10 92
10 93
10 95
10 102
10 104
10 111
10 116
10 123
10 125
10 130
10 136
10 142
10 143
10 151
10 154
10 171
10 175
10 177
10 188
10 201
10 208
10 220
10 222
10 223
10 226
10 233
10 237
10 239
10 242
10 255
10 264
10 268
10 272
10 273
10 277
10 283
10 288
10 297
10 300
10 313
10 315
10 332
10 333
10 337
10 341
10 357
10 370
10 382
10 395
10 401
10 403
10 407
10 415
10 416
10 418
10 419
10 422
10 431
10 435
10 440
10 442
10 464
10 466
10 488
10 489
10 497
10 516
10 526
10 535
10 547
10 551
10 566
10 599
10 603
10 626
10 627
10 639
10 645
10 650
10 651
10 666
10 675
10 691
10 696
10 704
10 716
10 768
10 782
10 804
10 811
10 818
10 826
10 850
10 857
10 859
10 867
10 871
10 878
10 894
10 923
10 931
10 944
10 957
10 966
10 995
10 1012
11 12
11 13
11 14
11 16
11 17
11 18
11 19
11 20
11 21
11 22
11 23
11 24
11 25
11 26
11 28
11 29
11 30
11 34
11 35
11 39
11 43
11 45
11 46
11 48
11 49
11 50
11 51
11 55
11 56
11 59
11 65
11 66
11 67
11 68
11 70
11 73
11 79
11 83
11 86
11 89
11 97
11 99
11 102
11 108
11 114
11 124
11 129
11 135
11 137
11 140
11 141
11 143
11 146
11 147
11 154
11 157
11 162
11 166
11 169
11 175
11 179
11 180
11 195
11 197
11 203
11 208
11 218
11 219
11 224
11 235
11 256
11 258
11 259
11 260
11 263
11 266
11 270
11 273
11 277
11 278
11 281
11 305
11 312
11 327
11 334
11 343
11 361
11 390
11 395
11 397
11 405
11 413
11 414
11 417
11 420
11 428
11 436
11 445
11 454
11 456
11 459
11 462
11 463
11 473
11 476
11 479
11 495
11 498
11 500
11 504
11 510
11 513
11 521
11 534
11 538
11 549
11 556
11 557
11 559
11 585
11 607
11 619
11 633
11 634
11 640
11 652
11 674
11 681
11 682
11 704
11 729
11 749
11 751
11 771
11 776
11 785
11 789
11 797
11 799
11 806
11 828
11 831
11 835
11 841
11 848
11 860
11 881
11 893
11 901
11 907
11 909
11 918
11 921
11 948
11 953
11 964
11 973
11 988
11 1005
11 1007
11 1014
11 1017
12 13
12 14
12 16
12 17
12 19
12 21
12 23
12 24
12 30
12 39
12 49
12 51
12 59
12 64
12 67
12 68
12 72
12 82
12 92
12 102
12 110
12 112
12 123
12 137
12 139
12 145
12 152
12 153
12 155
12 163
12 164
12 166
12 171
12 174
12 182
12 188
12 189
12 193
12 195
12 207
12 211
12 225
12 235
12 238
12 250
12 252
12 261
12 263
12 302
12 314
12 343
12 348
12 360
12 363
12 388
12 392
12 400
12 405
12 427
12 436
12 464
12 479
12 494
12 533
12 537
12 555
12 562
12 621
12 629
12 665
12 697
12 698
12 719
12 722
12 739
12 752
12 761
12 786
12 809
12 811
12 826
12 848
12 919
12 933
12 949
12 986
12 999
12 1003
13 14
13 16
13 17
13 18
13 19
13 20
13 26
13 29
13 30
13 32
13 36
13 41
13 42
13 50
13 51
13 52
13 56
13 58
13 75
13 81
13 82
13 93
13 94
13 98
13 99
13 106
13 107
13 110
13 112
13 115
13 121
13 124
13 126
13 137
13 149
13 156
13 157
13 168
13 172
13 181
13 183
13 193
13 197
13 204
13 206
13 209
13 210
13 223
13 234
13 248
13 251
13 252
13 253
13 292
13 305
13 331
13 339
13 341
13 343
13 347
13 348
13 362
13 375
13 380
13 409
13 418
13 421
13 439
13 445
13 448
13 485
13 505
13 518
13 544
13 549
13 552
13 577
13 578
13 616
13 628
13 632
13 659
13 690
13 696
13 718
13 722
13 733
13 762
13 787
13 808
13 818
13 845
13 882
13 896
13 930
13 934
13 937
13 959
13 970
14 15
14 16
14 17
14 18
14 20
14 22
14 24
14 25
14 28
14 41
14 42
14 44
14 45
14 46
14 52
14 55
14 61
14 72
14 80
14 85
14 87
14 89
14 93
14 94
14 97
14 109
14 113
14 122
14 123
14 127
14 131
14 134
14 136
14 139
14 143
14 161
14 172
14 180
14 188
14 194
14 197
14 200
14 201
14 209
14 219
14 226
14 239
14 243
14 246
14 247
14 255
14 258
14 266
14 271
14 279
14 285
14 286
14 304
14 319
14 322
14 340
14 366
14 374
14 379
14 385
14 413
14 480
14 494
14 518
14 536
14 538
14 556
14 562
14 584
14 590
14 596
14 632
14 635
14 641
14 647
14 665
14 674
14 683
14 696
14 727
14 732
14 741
14 745
14 754
14 757
14 779
14 793
14 818
14 836
14 856
14 896
14 897
14 906
14 936
14 973
14 980
14 1003
15 16
15 17
15 18
15 20
15 27
15 28
15 32
15 37
15 39
15 40
15 41
15 50
15 55
15 59
15 67
15 68
15 74
15 95
15 98
15 111
15 123
15 124
15 125
15 134
15 142
15 157
15 167
15 174
15 180
15 197
15 233
15 271
15 290
15 320
15 324
15 329
15 336
15 353
15 381
15 385
15 387
15 394
15 397
15 445
15 446
15 457
15 468
15 476
15 487
15 500
15 526
15 528
15 533
15 544
15 558
15 589
15 608
15 614
15 648
15 662
15 700
15 732
15 736
15 756
15 772
15 817
15 841
15 869
15 876
15 884
15 890
15 896
15 907
15 919
15 939
15 980
16 19
16 21
16 22
16 23
16 25
16 29
16 30
16 31
16 33
16 34
16 37
16 40
16 48
16 59
16 68
16 72
16 81
16 85
16 114
16 115
16 116
16 117
16 125
16 140
16 147
16 152
16 160
16 170
16 175
16 181
16 184
16 191
16 198
16 211
16 212
16 220
16 224
16 226
16 233
16 243
16 254
16 259
16 285
16 293
16 311
16 315
16 320
16 335
16 342
16 389
16 398
16 400
16 409
16 420
16 425
16 448
16 481
16 485
16 487
16 503
16 507
16 512
16 515
16 557
16 591
16 598
16 612
16 654
16 670
16 674
16 689
16 730
16 737
16 762
16 830
16 831
16 857
16 869
16 903
16 904
16 906
16 921
16 942
16 979
16 998
16 1023
17 18
17 19
17 20
17 21
17 24
17 25
17 26
17 28
17 31
17 32
17 34
17 44
17 49
17 53
17 58
17 64
17 65
17 79
17 82
17 102
17 104
17 122
17 124
17 130
17 138
17 141
17 146
17 151
17 153
17 187
17 202
17 204
17 215
17 226
17 228
17 231
17 236
17 302
17 316
17 325
17 352
17 356
17 359
17 363
17 365
17 380
17 398
17 410
17 418
17 432
17 500
17 528
17 563
17 566
17 585
17 600
17 601
17 625
17 656
17 686
17 694
17 697
17 698
17 703
17 707
17 734
17 759
17 776
17 790
17 792
17 804
17 889
17 903
17 931
17 942
17 947
17 997
17 1000
17 1005
17 1014
18 19
18 20
18 22
18 24
18 26
18 27
18 28
18 30
18 31
18 35
18 36
18 41
18 42
18 44
18 56
18 73
18 88
18 93
18 102
18 112
18 113
18 123
18 128
18 133
18 149
18 176
18 184
18 196
18 199
18 206
18 212
18 214
18 216
18 223
18 226
18 230
18 232
18 233
18 234
18 242
18 264
18 299
18 302
18 303
18 306
18 308
18 316
18 322
18 324
18 346
18 365
18 369
18 379
18 383
18 496
18 506
18 517
18 539
18 559
18 571
18 576
18 590
18 592
18 606
18 611
18 628
18 633
18 660
18 673
18 676
18 698
18 724
18 726
18 756
18 765
18 769
18 784
18 807
18 811
18 840
18 848
18 860
18 861
18 876
18 881
18 936
19 22
19 23
19 27
19 32
19 42
19 60
19 61
19 62
19 75
19 80
19 83
19 86
19 109
19 119
19 131
19 145
19 165
19 170
19 207
19 210
19 221
19 224
19 248
19 249
19 266
19 283
19 288
19 299
19 300
19 338
19 347
19 370
19 395
19 432
19 450
19 457
19 466
19 474
19 483
19 485
19 506
19 519
19 535
19 536
19 557
19 565
19 590
19 606
19 624
19 648
19 663
19 666
19 701
19 702
19 779
19 789
19 829
19 856
19 899
19 962
19 978
19 1013
19 1020
20 22
20 23
20 25
20 27
20 29
20 31
20 34
20 47
20 52
20 53
20 83
20 87
20 101
20 106
20 132
20 160
20 166
20 173
20 181
20 201
20 205
20 206
20 208
20 210
20 238
20 251
20 277
20 287
20 363
20 380
20 393
20 421
20 424
20 469
20 490
20 499
20 501
20 576
20 605
20 624
20 629
20 631
20 645
20 746
20 782
20 821
20 847
20 897
20 911
20 920
20 956
21 25
21 37
21 46
21 53
21 70
21 75
21 78
21 88
21 135
21 191
21 198
21 200
21 216
21 263
21 276
21 279
21 300
21 310
21 338
21 350
21 369
21 425
21 426
21 431
21 444
21 468
21 490
21 495
21 538
21 540
21 544
21 568
21 570
21 574
21 620
21 625
21 788
21 813
21 833
21 880
21 888
21 889
21 905
21 940
21 1002
22 24
22 27
22 28
22 31
22 36
22 40
22 42
22 44
22 62
22 66
22 71
22 72
22 74
22 75
22 76
22 77
22 94
22 96
22 101
22 103
22 105
22 109
22 119
22 120
22 135
22 138
22 142
22 165
22 189
22 195
22 225
22 245
22 250
22 305
22 324
22 383
22 389
22 390
22 392
22 402
22 420
22 428
22 461
22 481
22 482
22 507
22 510
22 514
22 552
22 558
22 612
22 638
22 660
22 680
22 691
22 704
22 715
22 731
22 753
22 767
22 784
22 793
22 809
22 818
22 825
22 843
22 858
22 908
22 917
22 935
23 24
23 25
23 27
23 31
23 38
23 47
23 50
23 55
23 56
23 62
23 67
23 82
23 86
23 96
23 98
23 105
23 113
23 118
23 120
23 123
23 136
23 159
23 166
23 173
23 180
23 184
23 192
23 199
23 201
23 218
23 222
23 232
23 242
23 252
23 257
23 276
23 286
23 291
23 298
23 312
23 313
23 334
23 340
23 345
23 348
23 355
23 363
23 378
23 384
23 386
23 392
23 398
23 425
23 426
23 430
23 439
23 446
23 476
23 477
23 489
23 491
23 532
23 539
23 548
23 552
23 562
23 576
23 590
23 597
23 604
23 621
23 641
23 653
23 687
23 715
23 717
23 744
23 745
23 756
23 760
23 777
23 781
23 788
23 792
23 837
23 848
23 852
23 884
23 931
23 943
23 957
23 973
23 977
23 990
23 991
23 994
23 1001
24 26
24 28
24 29
24 30
24 32
24 33
24 36
24 56
24 59
24 63
24 67
24 73
24 75
24 93
24 106
24 110
24 132
24 134
24 144
24 151
24 161
24 164
24 167
24 174
24 177
24 184
24 213
24 218
24 244
24 275
24 303
24 311
24 338
24 374
24 424
24 426
24 433
24 458
24 466
24 533
24 557
24 561
24 573
24 582
24 586
24 589
24 602
24 635
24 639
24 646
24 651
24 678
24 684
24 693
24 749
24 754
24 772
24 786
24 808
24 821
24 862
24 891
24 935
24 953
24 964
25 37
25 38
25 46
25 52
25 53
25 74
25 79
25 81
25 109
25 119
25 155
25 220
25 221
25 234
25 259
25 264
25 265
25 272
25 282
25 289
25 331
25 360
25 386
25 429
25 439
25 491
25 559
25 608
25 621
25 679
25 710
25 721
25 813
25 890
25 939
25 965
26 28
26 30
26 31
26 36
26 38
26 43
26 56
26 57
26 61
26 70
26 72
26 75
26 76
26 80
26 85
26 98
26 104
26 122
26 126
26 130
26 136
26 154
26 162
26 190
26 192
26 198
26 199
26 205
26 208
26 209
26 212
26 217
26 220
26 231
26 241
26 243
26 244
26 249
26 270
26 287
26 304
26 320
26 327
26 331
26 349
26 388
26 393
26 419
26 438
26 471
26 503
26 520
26 530
26 543
26 546
26 573
26 640
26 661
26 713
26 714
26 727
26 759
26 766
26 776
26 886
26 894
26 1009
27 29
27 30
27 31
27 36
27 39
27 47
27 82
27 85
27 88
27 96
27 114
27 130
27 131
27 135
27 149
27 166
27 172
27 173
27 195
27 210
27 213
27 249
27 258
27 262
27 269
27 277
27 279
27 289
27 319
27 332
27 353
27 367
27 390
27 400
27 405
27 421
27 461
27 472
27 507
27 509
27 522
27 571
27 596
27 605
27 633
27 664
27 692
27 713
27 741
27 751
27 768
27 779
27 815
27 927
27 938
27 949
27 972
27 990
27 1008
28 35
28 37
28 40
28 48
28 49
28 58
28 60
28 74
28 90
28 92
28 101
28 107
28 111
28 142
28 151
28 155
28 167
28 169
28 189
28 225
28 231
28 237
28 245
28 250
28 286
28 296
28 317
28 367
28 384
28 386
28 417
28 436
28 446
28 460
28 463
28 469
28 487
28 511
28 549
28 558
28 561
28 619
28 652
28 663
28 669
28 687
28 689
28 705
28 716
28 749
28 771
28 808
28 815
28 867
28 937
29 32
29 37
29 38
29 39
29 43
29 50
29 62
29 70
29 76
29 78
29 89
29 98
29 104
29 120
29 128
29 129
29 131
29 160
29 179
29 201
29 222
29 227
29 237
29 247
29 253
29 272
29 279
29 285
29 295
29 299
29 304
29 370
29 371
29 402
29 406
29 451
29 459
29 471
29 530
29 610
29 621
29 632
29 635
29 655
29 672
29 675
29 688
29 690
29 696
29 734
29 751
29 769
29 796
29 802
29 819
29 867
29 953
29 970
29 997
30 31
30 32
30 33
30 35
30 41
30 47
30 51
30 58
30 60
30 62
30 63
30 65
30 74
30 76
30 77
30 80
30 81
30 82
30 86
30 90
30 96
30 104
30 107
30 108
30 119
30 123
30 126
30 136
30 168
30 170
30 184
30 186
30 189
30 196
30 209
30 218
30 231
30 265
30 328
30 330
30 334
30 335
30 336
30 337
30 350
30 374
30 382
30 391
30 395
30 396
30 414
30 456
30 537
30 566
30 569
30 578
30 627
30 655
30 658
30 667
30 690
30 726
30 730
30 739
30 762
30 807
30 821
30 826
30 879
30 889
30 906
30 960
30 982
30 991
31 32
31 33
31 36
31 37
31 40
31 43
31 44
31 47
31 49
31 50
31 57
31 63
31 69
31 113
31 118
31 148
31 155
31 156
31 174
31 214
31 231
31 270
31 273
31 275
31 279
31 288
31 296
31 310
31 354
31 387
31 408
31 467
31 482
31 491
31 497
31 502
31 517
31 523
31 529
31 538
31 562
31 577
31 605
31 617
31 667
31 668
31 718
31 722
31 878
31 979
31 994
31 1009
32 35
32 43
32 46
32 47
32 52
32 54
32 56
32 64
32 85
32 94
32 112
32 122
32 134
32 144
32 147
32 183
32 195
32 232
32 278
32 281
32 323
32 337
32 362
32 379
32 410
32 426
32 472
32 502
32 535
32 542
32 547
32 585
32 622
32 627
32 684
32 723
32 850
32 853
32 902
32 929
32 1018
33 34
33 39
33 47
33 52
33 57
33 65
33 66
33 83
33 91
33 93
33 98
33 108
33 111
33 136
33 168
33 186
33 188
33 216
33 224
33 227
33 229
33 246
33 258
33 327
33 334
33 345
33 359
33 387
33 558
33 560
33 592
33 595
33 619
33 728
33 779
33 788
33 828
33 842
33 851
33 868
33 911
33 916
33 922
34 40
34 45
34 65
34 71
34 72
34 84
34 100
34 106
34 113
34 115
34 141
34 148
34 178
34 182
34 190
34 193
34 214
34 216
34 220
34 233
34 246
34 299
34 306
34 327
34 333
34 341
34 343
34 366
34 374
34 428
34 473
34 489
34 500
34 526
34 609
34 625
34 717
34 768
34 777
34 796
34 830
34 834
34 878
34 952
35 41
35 42
35 45
35 48
35 53
35 56
35 63
35 74
35 75
35 97
35 100
35 103
35 134
35 139
35 145
35 149
35 163
35 170
35 177
35 190
35 196
35 224
35 242
35 243
35 254
35 269
35 281
35 285
35 292
35 309
35 315
35 345
35 347
35 362
35 375
35 397
35 457
35 472
35 497
35 561
35 595
35 609
35 637
35 697
35 738
35 801
35 813
35 880
35 961
36 38
36 42
36 54
36 59
36 64
36 69
36 91
36 92
36 94
36 102
36 113
36 114
36 117
36 125
36 129
36 135
36 151
36 158
36 161
36 195
36 230
36 237
36 254
36 255
36 309
36 314
36 327
36 336
36 350
36 389
36 418
36 420
36 434
36 445
36 449
36 450
36 453
36 454
36 468
36 495
36 553
36 554
36 556
36 564
36 568
36 595
36 614
36 642
36 699
36 707
36 714
36 753
36 788
36 790
36 797
36 847
36 947
37 44
37 50
37 61
37 65
37 72
37 77
37 87
37 90
37 95
37 106
37 111
37 114
37 115
37 116
37 121
37 129
37 148
37 151
37 161
37 167
37 171
37 178
37 193
37 218
37 223
37 225
37 236
37 244
37 253
37 258
37 272
37 281
37 291
37 305
37 307
37 310
37 321
37 355
37 356
37 401
37 441
37 465
37 529
37 535
37 539
37 555
37 574
37 591
37 607
37 623
37 635
37 645
37 651
37 721
37 769
37 778
37 820
37 835
37 870
37 906
37 926
37 935
37 969
37 983
37 1019
38 54
38 63
38 65
38 78
38 85
38 89
38 95
38 111
38 118
38 127
38 140
38 144
38 159
38 163
38 181
38 184
38 185
38 223
38 262
38 278
38 304
38 311
38 326
38 341
38 345
38 352
38 354
38 367
38 386
38 388
38 424
38 430
38 456
38 481
38 496
38 532
38 561
38 655
38 671
38 713
38 759
38 761
38 767
38 825
38 888
38 954
38 958
38 991
39 50
39 51
39 54
39 68
39 73
39 75
39 79
39 82
39 87
39 90
39 92
39 97
39 101
39 119
39 139
39 155
39 170
39 186
39 207
39 230
39 298
39 308
39 311
39 317
39 330
39 335
39 406
39 426
39 438
39 477
39 478
39 481
39 482
39 488
39 496
39 500
39 520
39 523
39 655
39 658
39 663
39 728
39 783
39 833
39 890
39 897
39 900
39 904
39 962
39 977
40 53
40 55
40 58
40 68
40 69
40 73
40 83
40 94
40 96
40 100
40 106
40 118
40 123
40 127
40 133
40 143
40 161
40 165
40 166
40 167
40 168
40 176
40 199
40 200
40 203
40 216
40 228
40 230
40 235
40 238
40 244
40 245
40 253
40 265
40 270
40 271
40 277
40 278
40 279
40 303
40 309
40 368
40 380
40 404
40 451
40 488
40 535
40 579
40 606
40 721
40 734
40 761
40 790
40 822
40 847
40 855
40 873
40 881
40 885
40 899
40 901
40 920
40 928
40 968
40 1016
41 46
41 60
41 83
41 87
41 99
41 105
41 106
41 152
41 226
41 442
41 445
41 480
41 503
41 550
41 572
41 662
41 725
41 735
41 768
41 800
41 836
41 848
41 886
41 915
41 935
42 48
42 49
42 51
42 55
42 58
42 68
42 77
42 84
42 89
42 90
42 103
42 104
42 133
42 141
42 147
42 153
42 155
42 158
42 159
42 187
42 202
42 227
42 229
42 239
42 245
42 258
42 268
42 278
42 281
42 285
42 289
42 308
42 314
42 332
42 358
42 367
42 369
42 371
42 434
42 436
42 449
42 452
42 457
42 496
42 504
42 518
42 524
42 525
42 531
42 543
42 545
42 556
42 578
42 611
42 626
42 654
42 658
42 688
42 699
42 720
42 727
42 742
42 765
42 770
42 772
42 783
42 805
42 813
42 834
42 840
42 845
42 849
42 895
42 915
42 934
42 975
43 45
43 46
43 51
43 54
43 60
43 61
43 62
43 69
43 71
43 83
43 101
43 103
43 112
43 117
43 118
43 124
43 127
43 128
43 131
43 147
43 153
43 158
43 165
43 173
43 257
43 270
43 307
43 349
43 354
43 355
43 422
43 436
43 447
43 557
43 558
43 664
43 672
43 770
43 819
43 821
43 857
43 863
43 874
43 880
43 891
43 900
43 938
43 963
43 988
44 51
44 88
44 121
44 126
44 140
44 156
44 157
44 160
44 167
44 168
44 172
44 231
44 256
44 287
44 292
44 322
44 341
44 517
44 566
44 596
44 735
44 760
44 763
44 836
44 866
44 867
44 869
45 69
45 76
45 98
45 137
45 181
45 252
45 287
45 303
45 340
45 344
45 346
45 363
45 493
45 529
45 652
45 764
45 863
45 865
45 979
45 987
46 56
46 112
46 126
46 190
46 199
46 214
46 301
46 345
46 432
46 443
46 549
46 570
46 577
46 584
46 637
46 771
46 788
46 829
46 865
46 867
46 868
46 976
47 49
47 55
47 56
47 64
47 69
47 76
47 78
47 80
47 88
47 91
47 95
47 116
47 139
47 147
47 148
47 160
47 165
47 167
47 173
47 182
47 183
47 210
47 215
47 217
47 224
47 292
47 296
47 309
47 326
47 407
47 424
47 428
47 464
47 466
47 469
47 519
47 567
47 620
47 642
47 671
47 679
47 799
47 803
47 840
47 870
47 879
47 893
47 894
47 920
47 928
47 945
47 965
47 1021
48 49
48 53
48 54
48 59
48 61
48 63
48 90
48 96
48 101
48 105
48 117
48 119
48 124
48 127
48 132
48 141
48 143
48 146
48 150
48 156
48 158
48 160
48 161
48 171
48 191
48 193
48 244
48 260
48 269
48 285
48 321
48 372
48 374
48 375
48 383
48 420
48 437
48 471
48 492
48 509
48 515
48 516
48 550
48 583
48 584
48 601
48 606
48 628
48 681
48 684
48 703
48 896
48 982
48 998
49 50
49 54
49 61
49 73
49 76
49 77
49 84
49 91
49 109
49 110
49 119
49 122
49 125
49 127
49 152
49 154
49 178
49 199
49 207
49 238
49 256
49 280
49 282
49 289
49 330
49 347
49 357
49 403
49 447
49 473
49 525
49 540
49 545
49 693
49 699
49 767
49 863
49 948
49 964
50 53
50 54
50 55
50 61
50 65
50 70
50 91
50 97
50 99
50 105
50 108
50 109
50 121
50 128
50 143
50 155
50 162
50 216
50 242
50 244
50 253
50 255
50 257
50 259
50 260
50 262
50 269
50 293
50 294
50 312
50 321
50 336
50 353
50 379
50 380
50 387
50 423
50 486
50 502
50 513
50 556
50 559
50 632
50 651
50 656
50 804
50 815
50 905
50 1007
51 57
51 59
51 71
51 82
51 84
51 95
51 108
51 115
51 124
51 133
51 140
51 149
51 155
51 160
51 205
51 211
51 227
51 233
51 240
51 261
51 293
51 294
51 319
51 324
51 329
51 330
51 365
51 376
51 386
51 400
51 418
51 445
51 454
51 473
51 484
51 508
51 512
51 518
51 564
51 570
51 630
51 661
51 729
51 749
51 796
51 877
51 902
51 1006
51 1008
51 1023
52 57
52 63
52 73
52 74
52 78
52 100
52 104
52 107
52 111
52 134
52 182
52 185
52 190
52 202
52 259
52 399
52 407
52 451
52 457
52 463
52 501
52 508
52 512
52 516
52 527
52 670
52 703
52 740
52 754
52 808
52 840
52 846
52 910
52 951
53 55
53 58
53 59
53 67
53 70
53 78
53 80
53 82
53 84
53 88
53 90
53 96
53 116
53 132
53 149
53 154
53 168
53 182
53 194
53 201
53 218
53 261
53 274
53 275
53 286
53 287
53 307
53 312
53 315
53 339
53 358
53 360
53 372
53 374
53 390
53 399
53 408
53 425
53 428
53 431
53 437
53 439
53 449
53 473
53 517
53 524
53 525
53 528
53 541
53 545
53 547
53 550
53 570
53 584
53 617
53 686
53 692
53 696
53 705
53 712
53 713
53 721
53 725
53 744
53 831
53 868
53 889
53 890
53 901
53 918
53 919
53 949
54 66
54 86
54 99
54 129
54 153
54 280
54 342
54 346
54 378
54 442
54 509
54 611
54 627
54 636
54 695
54 843
54 923
55 90
55 101
55 121
55 127
55 158
55 209
55 269
55 286
55 326
55 335
55 336
55 422
55 528
55 572
55 680
55 789
55 819
55 974
55 1023
56 62
56 66
56 93
56 125
56 131
56 136
56 141
56 195
56 199
56 200
56 202
56 246
56 247
56 260
56 271
56 273
56 335
56 338
56 352
56 392
56 406
56 435
56 473
56 488
56 506
56 548
56 589
56 672
56 707
56 712
56 790
56 844
56 862
56 921
56 998
56 1022
57 59
57 83
57 100
57 103
57 120
57 147
57 148
57 164
57 174
57 189
57 221
57 232
57 292
57 328
57 332
57 368
57 404
57 416
57 438
57 443
57 502
57 520
57 568
57 610
57 655
57 670
57 773
57 871
57 934
57 943
57 1004
58 137
58 141
58 154
58 215
58 221
58 263
58 267
58 274
58 312
58 347
58 493
58 507
58 537
58 646
58 802
58 902
58 937
59 63
59 68
59 80
59 89
59 100
59 132
59 144
59 145
59 150
59 167
59 176
59 183
59 212
59 232
59 238
59 246
59 257
59 280
59 319
59 320
59 344
59 351
59 363
59 378
59 406
59 434
59 467
59 470
59 517
59 532
59 542
59 545
59 559
59 613
59 654
59 679
59 686
59 709
59 718
59 740
59 788
60 61
60 79
60 88
60 90
60 91
60 97
60 202
60 225
60 241
60 244
60 262
60 268
60 283
60 297
60 323
60 333
60 339
60 341
60 346
60 351
60 359
60 362
60 385
60 389
60 401
60 407
60 408
60 410
60 413
60 436
60 441
60 443
60 452
60 455
60 500
60 546
60 548
60 574
60 586
60 608
60 650
60 666
60 669
60 685
60 688
60 737
60 779
60 783
60 801
60 819
60 824
60 833
60 854
60 952
60 958
60 972
60 979
61 67
61 71
61 76
61 99
61 140
61 145
61 302
61 310
61 336
61 344
61 398
61 401
61 407
61 554
61 597
61 601
61 605
61 741
61 754
61 775
61 791
61 824
61 872
61 907
61 921
61 977
62 92
62 102
62 113
62 137
62 151
62 203
62 222
62 289
62 369
62 385
62 414
62 418
62 486
62 607
62 697
62 777
62 802
62 910
62 996
63 70
63 74
63 84
63 112
63 113
63 121
63 136
63 146
63 156
63 161
63 211
63 233
63 258
63 284
63 294
63 296
63 321
63 357
63 358
63 389
63 406
63 410
63 433
63 453
63 521
63 550
63 642
63 676
63 698
63 710
63 805
63 807
63 874
63 890
63 987
63 1012
64 89
64 99
64 134
64 145
64 150
64 178
64 191
64 243
64 276
64 287
64 299
64 426
64 535
64 569
64 575
64 719
64 723
64 810
64 812
64 823
64 960
65 73
65 81
65 87
65 110
65 183
65 199
65 242
65 254
65 261
65 264
65 314
65 334
65 381
65 403
65 442
65 443
65 510
65 587
65 613
65 631
65 653
65 695
65 727
65 797
65 810
65 887
65 948
65 968
66 93
66 107
66 113
66 118
66 119
66 122
66 126
66 128
66 130
66 135
66 138
66 157
66 165
66 168
66 175
66 256
66 282
66 290
66 294
66 296
66 312
66 351
66 365
66 381
66 383
66 423
66 456
66 471
66 530
66 537
66 577
66 591
66 593
66 606
66 632
66 640
66 663
66 664
66 708
66 738
66 740
66 780
66 800
66 831
66 841
66 852
66 972
66 980
66 1010
67 71
67 74
67 79
67 80
67 90
67 105
67 112
67 114
67 140
67 169
67 195
67 214
67 235
67 297
67 313
67 348
67 383
67 396
67 436
67 444
67 536
67 540
67 724
67 742
67 750
67 752
67 830
67 845
67 881
67 980
68 69
68 85
68 153
68 164
68 175
68 198
68 202
68 215
68 228
68 229
68 264
68 272
68 274
68 289
68 293
68 300
68 304
68 375
68 380
68 398
68 399
68 481
68 619
68 636
68 669
68 690
68 704
68 714
68 734
68 801
68 811
68 815
68 914
68 954
68 970
68 995
69 117
69 136
69 159
69 169
69 188
69 221
69 273
69 274
69 314
69 332
69 361
69 410
69 429
69 489
69 533
69 561
69 583
69 679
69 774
69 853
69 887
69 934
70 78
70 87
70 88
70 92
70 100
70 107
70 117
70 122
70 125
70 132
70 142
70 147
70 164
70 169
70 171
70 197
70 205
70 220
70 234
70 259
70 260
70 299
70 331
70 343
70 357
70 360
70 443
70 444
70 458
70 494
70 536
70 569
70 575
70 594
70 598
70 698
70 710
70 711
70 712
70 722
70 757
70 758
70 761
70 770
70 825
70 861
70 903
71 75
71 100
71 165
71 183
71 188
71 192
71 198
71 219
71 234
71 288
71 289
71 297
71 430
71 462
71 463
71 466
71 479
71 508
71 525
71 527
71 608
71 612
71 682
71 826
71 855
71 929
71 955
71 976
72 75
72 81
72 87
72 96
72 145
72 146
72 156
72 237
72 241
72 256
72 290
72 309
72 324
72 342
72 345
72 370
72 424
72 427
72 445
72 522
72 547
72 566
72 790
72 878
72 887
72 897
72 932
72 954
72 1006
72 1012
73 120
73 158
73 197
73 247
73 272
73 295
73 379
73 445
73 475
73 732
73 741
73 877
73 955
74 135
74 163
74 189
74 194
74 196
74 229
74 391
74 541
74 661
74 687
74 814
74 838
74 859
74 946
75 79
75 93
75 104
75 123
75 129
75 136
75 144
75 155
75 158
75 185
75 192
75 206
75 211
75 217
75 224
75 242
75 274
75 275
75 294
75 310
75 334
75 483
75 489
75 571
75 572
75 588
75 611
75 614
75 629
75 635
75 665
75 668
75 725
75 746
75 766
75 816
75 879
75 905
75 925
75 954
75 955
75 989
76 97
76 156
76 189
76 244
76 323
76 622
76 689
76 719
76 743
76 834
76 887
76 927
76 979
76 995
76 1003
77 119
77 133
77 141
77 144
77 149
77 159
77 243
77 271
77 311
77 361
77 586
77 629
77 656
77 753
77 902
77 984
77 994
78 83
78 115
78 163
78 164
78 192
78 316
78 358
78 409
78 442
78 448
78 469
78 530
78 531
78 534
78 590
78 600
78 661
78 818
78 857
78 877
78 973
78 1016
79 102
79 110
79 134
79 143
79 150
79 173
79 208
79 234
79 244
79 261
79 274
79 402
79 428
79 433
79 442
79 451
79 493
79 501
79 506
79 593
79 611
79 636
79 642
79 688
79 758
79 796
79 803
79 820
79 828
79 830
79 865
79 943
79 969
80 86
80 100
80 163
80 173
80 192
80 361
80 433
80 479
80 502
80 512
80 716
80 917
80 966
81 85
81 98
81 106
81 115
81 125
81 140
81 157
81 163
81 171
81 194
81 212
81 220
81 265
81 280
81 307
81 371
81 417
81 547
81 673
81 758
81 760
81 782
81 874
81 909
81 969
81 996
82 84
82 105
82 118
82 121
82 130
82 146
82 165
82 354
82 360
82 362
82 368
82 387
82 434
82 487
82 527
82 592
82 633
82 644
82 712
82 825
82 828
83 84
83 154
83 164
83 216
83 284
83 311
83 432
83 499
83 524
83 553
83 643
83 754
83 816
83 819
84 109
84 114
84 305
84 386
84 402
84 430
84 500
84 505
84 518
84 583
84 639
84 710
84 895
84 1001
85 101
85 140
85 293
85 331
85 335
85 382
85 426
85 480
85 524
85 592
85 660
85 735
85 773
85 817
85 845
85 862
85 874
86 111
86 120
86 123
86 148
86 165
86 174
86 176
86 217
86 235
86 311
86 320
86 363
86 401
86 448
86 488
86 523
86 551
86 602
86 631
86 667
86 684
86 722
86 780
86 813
86 855
86 933
86 952
86 1020
87 103
87 158
87 163
87 166
87 187
87 227
87 304
87 314
87 321
87 325
87 328
87 358
87 379
87 463
87 491
87 675
87 763
87 891
87 945
88 91
88 100
88 127
88 138
88 148
88 174
88 176
88 178
88 184
88 214
88 225
88 232
88 250
88 278
88 291
88 312
88 326
88 338
88 345
88 373
88 399
88 403
88 413
88 440
88 456
88 511
88 518
88 627
88 640
88 693
88 695
88 710
88 749
88 775
88 812
88 838
88 881
88 916
88 926
88 940
88 950
88 964
88 980
88 1002
88 1022
89 95
89 97
89 138
89 144
89 184
89 200
89 205
89 220
89 248
89 263
89 295
89 304
89 412
89 413
89 428
89 572
89 592
89 612
89 613
89 629
89 660
89 671
89 673
89 787
89 914
89 929
90 93
90 102
90 152
90 154
90 160
90 196
90 221
90 262
90 275
90 336
90 340
90 391
90 498
90 561
90 596
90 597
90 614
90 625
90 634
90 659
90 716
90 751
90 809
90 879
90 897
90 915
90 918
91 187
91 211
91 221
91 247
91 290
91 360
91 375
91 402
91 509
91 549
91 667
91 679
91 750
91 854
91 929
92 95
92 99
92 101
92 107
92 120
92 121
92 135
92 138
92 169
92 179
92 204
92 223
92 241
92 243
92 256
92 259
92 282
92 286
92 364
92 387
92 404
92 436
92 448
92 453
92 460
92 472
92 530
92 553
92 562
92 589
92 607
92 609
92 610
92 668
92 684
92 700
92 719
92 752
92 780
92 849
92 956
92 984
92 991
92 1014
93 152
93 170
93 234
93 306
93 309
93 412
93 476
93 487
93 587
93 597
93 616
93 655
93 671
93 729
93 765
93 873
93 895
94 112
94 128
94 159
94 287
94 297
94 356
94 415
94 446
94 447
94 485
94 607
94 696
94 724
94 748
94 825
94 856
94 859
95 105
95 125
95 131
95 150
95 178
95 181
95 185
95 209
95 239
95 314
95 351
95 352
95 353
95 378
95 382
95 392
95 424
95 434
95 437
95 449
95 453
95 484
95 496
95 514
95 558
95 579
95 588
95 594
95 641
95 659
95 685
95 695
95 702
95 704
95 706
95 733
95 782
95 795
95 806
95 815
95 855
95 927
95 965
95 997
96 98
96 115
96 116
96 165
96 169
96 180
96 222
96 245
96 293
96 305
96 320
96 401
96 541
96 921
96 1002
97 149
97 251
97 330
97 369
97 390
97 537
97 554
97 586
97 653
97 954
98 118
98 130
98 149
98 156
98 177
98 186
98 213
98 246
98 254
98 261
98 262
98 322
98 346
98 362
98 414
98 455
98 571
98 616
98 618
98 665
98 685
98 739
98 794
98 870
99 109
99 160
99 179
99 228
99 238
99 257
99 262
99 300
99 315
99 340
99 375
99 390
99 418
99 432
99 443
99 459
99 541
99 548
99 643
99 645
99 735
99 745
99 794
99 875
99 989
100 164
100 183
100 206
100 247
100 276
100 341
100 342
100 344
100 350
100 367
100 453
100 507
100 540
100 548
100 552
100 615
100 624
100 631
100 800
100 841
100 851
101 107
101 118
101 166
101 191
101 209
101 317
101 401
101 441
101 444
101 529
101 668
101 679
101 705
101 776
101 797
101 828
101 838
101 930
101 1015
102 128
102 173
102 192
102 214
102 248
102 249
102 267
102 278
102 357
102 438
102 466
102 501
102 526
102 533
102 573
102 580
102 596
102 621
102 644
102 677
102 711
102 736
102 737
102 764
102 767
102 900
102 924
103 141
103 158
103 173
103 180
103 188
103 240
103 363
103 366
103 370
103 449
103 459
103 511
103 515
103 575
103 612
103 644
103 723
103 740
103 750
103 775
103 807
103 944
103 987
103 997
103 1020
104 128
104 198
104 201
104 245
104 264
104 274
104 324
104 343
104 351
104 353
104 366
104 370
104 401
104 405
104 421
104 439
104 469
104 493
104 505
104 511
104 578
104 604
104 657
104 660
104 707
104 732
104 808
104 810
104 844
104 851
105 208
105 229
105 261
105 283
105 288
105 395
105 427
105 512
105 534
105 650
105 780
105 816
105 931
106 108
106 377
106 483
106 692
106 830
107 146
107 198
107 218
107 230
107 284
107 497
107 592
107 751
107 820
107 854
107 1010
108 184
108 206
108 207
108 317
108 322
108 418
108 458
108 493
108 499
108 519
108 595
108 735
108 872
108 917
108 924
108 993
109 144
109 151
109 172
109 207
109 219
109 312
109 450
109 470
109 471
109 483
109 487
109 565
109 567
109 793
109 804
109 833
109 836
109 908
109 989
110 137
110 142
110 150
110 164
110 204
110 214
110 249
110 265
110 266
110 356
110 574
110 587
110 700
110 733
110 804
110 837
110 986
111 112
111 207
111 225
111 254
111 292
111 293
111 394
111 399
111 478
111 555
111 570
111 622
111 664
111 674
111 676
111 798
111 817
111 826
111 1009
111 1013
112 114
112 119
112 143
112 201
112 204
112 247
112 250
112 292
112 308
112 332
112 390
112 426
112 616
112 737
112 757
112 760
112 805
112 936
112 958
112 966
113 117
113 129
113 146
113 150
113 225
113 439
113 466
113 541
113 876
114 177
114 180
114 208
114 249
114 253
114 256
114 280
114 300
114 312
114 385
114 412
114 450
114 489
114 493
114 516
114 523
114 535
114 585
114 597
114 631
114 693
114 719
114 748
114 846
114 894
114 898
114 932
115 129
115 169
115 181
115 206
115 266
115 454
115 538
115 588
115 671
115 756
115 891
115 942
116 133
116 135
116 139
116 142
116 193
116 210
116 213
116 240
116 272
116 281
116 329
116 372
116 378
116 460
116 582
116 736
116 761
116 778
116 789
116 842
116 887
116 892
116 925
116 932
116 958
117 133
117 178
117 193
117 216
117 251
117 264
117 267
117 268
117 342
117 376
117 411
117 575
117 597
117 606
117 677
117 678
117 703
117 833
117 835
117 876
117 957
118 186
118 411
118 876
118 969
118 983
118 1010
119 138
119 154
119 213
119 276
119 361
119 367
119 384
119 391
119 428
119 469
119 525
119 576
119 632
119 671
119 684
119 763
119 878
119 906
119 948
119 972
120 178
120 186
120 265
120 290
120 327
120 429
120 502
120 576
120 649
120 674
120 748
120 775
120 982
120 1002
121 146
121 193
121 199
121 223
121 276
121 303
121 387
121 424
121 664
121 677
121 781
121 899
122 143
122 173
122 176
122 187
122 222
122 262
122 354
122 440
122 458
122 545
122 655
122 905
122 906
122 933
123 126
123 138
123 191
123 231
123 295
123 303
123 434
123 522
123 644
123 728
123 739
123 773
123 782
123 790
123 867
123 910
123 918
124 133
124 284
124 290
124 334
124 400
124 494
124 525
124 539
124 582
124 617
125 172
125 175
125 189
125 397
125 417
125 493
125 511
125 702
125 745
125 749
125 925
126 128
126 219
126 226
126 359
126 381
126 403
126 408
126 413
126 478
126 517
126 543
126 549
126 581
126 610
126 757
126 759
126 766
126 799
126 846
126 903
127 216
127 233
127 486
127 538
127 563
127 569
127 594
127 599
127 649
127 708
128 157
128 263
128 302
128 352
128 453
128 454
128 459
128 467
128 484
128 486
128 524
128 649
128 665
128 699
128 747
128 814
128 833
128 846
129 139
129 187
129 192
129 198
129 202
129 226
129 301
129 316
129 353
129 372
129 414
129 535
129 540
129 560
129 572
129 591
129 736
129 781
129 953
129 987
130 159
130 218
130 239
130 241
130 300
130 309
130 326
130 482
130 495
130 563
130 787
130 790
130 886
130 928
131 137
131 233
131 442
131 546
131 551
131 658
131 854
131 968
131 994
132 162
132 248
132 273
132 353
132 358
132 366
132 382
132 659
132 782
133 153
133 172
133 217
133 239
133 247
133 267
133 325
133 447
133 557
133 569
133 865
133 869
133 895
133 917
133 922
134 137
134 139
134 174
134 349
134 366
134 375
134 376
134 385
134 404
134 488
134 490
134 499
134 526
134 572
134 601
134 629
134 762
134 859
134 906
134 978
134 1008
135 185
135 205
135 263
135 315
135 369
135 424
135 480
135 495
135 522
135 588
135 836
136 176
136 179
136 190
136 295
136 344
136 579
136 602
136 770
136 957
137 234
137 239
137 277
137 403
137 595
137 739
137 759
137 811
138 140
138 147
138 155
138 172
138 279
138 284
138 340
138 389
138 411
138 414
138 499
138 545
138 589
138 766
138 782
138 878
138 902
138 969
139 198
139 326
139 327
139 406
139 425
139 429
139 434
139 470
139 491
139 646
139 647
139 770
140 150
140 171
140 194
140 228
140 241
140 267
140 306
140 352
140 359
140 390
140 392
140 398
140 416
140 523
140 715
140 755
140 791
140 808
140 861
140 881
140 886
141 280
141 295
141 377
141 552
141 618
141 665
141 708
141 812
141 876
141 892
142 156
142 168
142 219
142 222
142 223
142 236
142 248
142 270
142 292
142 339
142 404
142 416
142 458
142 493
142 497
142 502
142 510
142 539
142 594
142 778
142 848
142 935
143 157
143 179
143 188
143 232
143 255
143 295
143 302
143 527
143 534
143 537
143 567
143 574
143 589
143 591
143 662
143 695
143 753
143 795
143 938
143 947
143 997
144 180
144 197
144 224
144 238
144 249
144 256
144 268
144 290
144 318
144 371
144 384
144 403
144 457
144 479
144 560
144 577
144 617
144 622
144 657
144 689
144 715
144 781
144 817
144 818
144 838
144 960
144 977
144 987
145 318
145 458
145 641
145 671
145 702
145 710
145 802
145 845
145 849
145 851
145 882
145 897
145 985
146 162
146 163
146 176
146 213
146 245
146 262
146 293
146 321
146 352
146 367
146 382
146 410
146 451
146 478
146 479
146 536
146 686
146 768
146 823
146 882
146 929
146 939
146 970
146 1019
147 161
147 177
147 220
147 242
147 246
147 268
147 270
147 313
147 393
147 412
147 414
147 453
147 456
147 513
147 543
147 608
147 819
147 838
147 847
147 853
147 877
147 905
148 159
148 170
148 211
148 217
148 324
148 387
148 479
148 502
148 504
148 624
148 635
148 685
148 711
148 724
148 763
148 787
148 842
149 201
149 232
149 307
149 336
149 595
149 600
149 631
149 732
149 735
149 908
149 929
149 975
150 151
150 209
150 219
150 230
150 301
150 357
150 377
150 394
150 512
150 564
150 725
150 834
150 840
150 852
150 879
150 948
150 967
150 982
151 159
151 225
151 254
151 330
151 416
151 484
151 492
151 521
151 539
151 682
151 723
151 823
152 153
152 162
152 166
152 174
152 209
152 255
152 257
152 278
152 377
152 410
152 411
152 720
152 835
152 909
153 194
153 215
153 245
153 351
153 435
153 475
153 511
153 786
154 198
154 326
154 343
154 368
154 382
154 403
154 515
154 748
154 850
154 969
155 157
155 196
155 220
155 257
155 421
155 564
155 601
155 648
155 687
155 887
155 928
156 171
156 203
156 249
156 373
156 441
156 478
156 504
156 602
156 747
156 766
156 858
156 906
157 166
157 187
157 206
157 223
157 256
157 416
157 437
157 672
157 702
157 770
157 860
157 887
157 905
157 928
158 196
158 458
158 581
158 746
158 748
158 757
158 882
158 988
159 393
159 395
159 402
159 482
159 504
159 567
159 662
159 679
159 682
159 693
159 713
159 746
159 809
159 933
159 979
160 197
160 235
160 248
160 305
160 313
160 438
160 446
160 522
160 579
160 584
160 594
160 617
160 618
160 757
160 814
160 906
160 992
161 196
161 229
161 257
161 288
161 295
161 297
161 306
161 311
161 359
161 406
161 439
161 520
161 595
161 606
161 636
161 647
161 727
161 844
161 882
161 914
161 1018
162 276
162 392
162 671
162 741
162 742
162 765
162 834
162 842
162 872
162 917
162 926
162 959
162 1018
162 1022
163 193
163 210
163 325
163 333
163 437
163 489
163 536
163 563
163 601
163 692
163 710
163 716
163 724
163 761
164 170
164 190
164 251
164 306
164 308
164 328
164 350
164 358
164 365
164 528
164 534
164 593
164 617
164 707
164 713
164 882
164 890
164 913
164 998
165 210
165 215
165 232
165 233
165 250
165 257
165 273
165 282
165 399
165 473
165 479
165 491
165 510
165 567
165 576
165 680
165 685
165 694
165 720
165 721
165 733
165 751
165 847
165 868
166 178
166 181
166 194
166 203
166 206
166 207
166 227
166 241
166 244
166 255
166 318
166 328
166 342
166 351
166 380
166 395
166 411
166 436
166 481
166 575
166 638
166 654
166 668
166 783
166 785
166 787
166 816
166 817
166 880
166 922
166 934
166 984
166 991
166 1014
166 1016
167 192
167 227
167 266
167 290
167 294
167 433
167 530
167 581
167 628
167 634
167 661
167 682
167 708
167 827
167 873
167 899
167 925
168 170
168 182
168 202
168 234
168 239
168 305
168 317
168 321
168 359
168 393
168 394
168 457
168 501
168 509
168 565
168 585
168 671
168 771
168 784
168 934
168 980
168 1008
169 182
169 213
169 264
169 275
169 328
169 389
169 728
169 1006
170 284
170 298
170 393
170 469
170 547
170 572
171 174
171 205
171 235
171 284
171 307
171 361
171 567
171 569
171 580
171 642
171 745
171 777
172 176
172 177
172 186
172 197
172 200
172 213
172 236
172 240
172 250
172 268
172 274
172 322
172 406
172 409
172 424
172 427
172 455
172 485
172 496
172 576
172 615
172 634
172 696
172 698
172 791
172 883
172 891
172 894
172 923
172 938
172 1022
173 203
173 227
173 251
173 378
173 463
173 480
173 486
173 656
173 660
173 882
173 884
173 994
174 177
174 253
174 272
174 342
174 349
174 438
174 589
174 599
174 676
174 1004
175 185
175 194
175 239
175 243
175 311
175 323
175 386
175 464
175 517
175 526
175 669
175 689
175 738
175 747
175 939
176 179
176 231
176 258
176 285
176 365
176 379
176 470
176 478
176 498
176 506
176 511
176 532
176 630
176 634
176 641
176 738
176 797
176 808
176 876
176 887
176 965
176 1014
177 218
177 230
177 250
177 265
177 299
177 339
177 567
177 620
177 630
177 743
177 779
177 948
178 185
178 227
178 237
178 286
178 330
178 350
178 351
178 397
178 405
178 414
178 448
178 494
178 567
178 578
178 629
178 634
178 743
178 744
178 771
178 774
178 839
178 850
178 932
179 183
179 319
179 339
179 344
179 377
179 553
179 578
179 620
179 659
179 711
179 815
179 843
179 853
179 878
179 976
180 185
180 204
180 213
180 221
180 246
180 313
180 315
180 378
180 388
180 399
180 409
180 423
180 459
180 490
180 507
180 519
180 533
180 682
180 703
180 722
180 759
180 770
180 773
180 793
180 796
180 800
180 827
180 860
180 917
180 927
180 954
180 987
180 1010
181 229
181 548
181 723
181 827
181 1008
182 326
182 364
182 370
182 408
182 455
182 468
182 507
182 563
182 649
182 736
182 822
182 930
182 940
183 224
183 294
183 317
183 581
183 608
183 776
183 931
184 498
184 682
184 933
185 186
185 377
185 645
185 678
186 235
186 289
186 297
186 301
186 356
186 381
186 396
186 404
186 427
186 501
186 503
186 506
186 603
186 649
186 681
186 756
186 921
186 1009
187 231
187 283
187 421
187 427
187 545
187 589
187 641
187 653
187 672
187 695
188 296
188 314
188 368
188 433
188 470
188 528
188 556
188 673
188 739
188 762
188 855
189 192
189 197
189 199
189 203
189 219
189 322
189 325
189 429
189 457
189 627
189 683
189 731
189 870
189 941
189 950
190 203
190 283
190 291
190 332
190 476
190 519
190 541
190 648
190 678
190 709
190 775
190 909
191 247
191 302
191 315
191 329
191 339
191 376
191 397
191 454
191 628
191 692
191 834
191 958
191 972
191 974
192 228
192 240
192 241
192 291
192 345
192 348
192 362
192 386
192 422
192 550
192 556
192 563
192 633
192 642
192 772
192 885
192 908
193 281
193 556
193 591
193 639
193 781
193 873
193 942
193 991
194 211
194 215
194 229
194 435
194 443
194 653
194 657
194 709
194 714
194 875
194 981
194 985
195 236
195 282
195 361
195 380
195 747
195 947
195 984
196 228
196 284
196 302
196 431
196 538
196 573
196 700
196 714
196 795
196 870
196 898
196 942
196 962
196 1002
197 215
197 308
197 313
197 341
197 383
197 389
197 402
197 439
197 471
197 475
197 510
197 530
197 588
197 806
197 835
197 974
198 337
198 408
198 415
198 433
198 612
198 753
198 767
198 839
198 861
198 930
198 947
199 236
199 422
199 447
199 505
199 570
199 791
199 959
199 1017
200 259
200 300
200 397
200 402
200 556
200 640
200 806
200 826
201 205
201 229
201 566
201 615
201 638
201 711
201 732
201 745
201 802
201 904
201 1004
202 222
202 317
202 320
202 408
202 409
202 415
202 475
202 618
202 626
202 687
202 786
202 836
202 903
202 938
203 232
203 240
203 254
203 280
203 333
203 347
203 454
203 473
203 477
203 518
203 537
203 539
203 576
203 621
203 742
203 768
203 822
203 824
203 914
203 949
204 217
204 226
204 229
204 278
204 333
204 338
204 346
204 363
204 418
204 437
204 440
204 464
204 494
204 548
204 600
204 723
204 863
204 892
205 252
205 266
205 267
205 323
205 375
205 616
205 621
205 646
205 731
205 752
205 792
205 813
205 837
205 861
205 956
205 982
206 228
206 320
206 427
206 458
206 513
206 646
206 996
207 259
207 365
207 575
207 857
208 241
208 342
208 349
208 984
209 271
209 281
209 335
209 344
209 357
209 582
209 648
209 726
209 769
210 245
210 298
210 325
210 333
210 345
210 358
210 384
210 454
210 571
210 580
210 638
210 650
210 670
210 710
210 728
210 778
210 874
210 897
211 332
211 441
211 464
211 568
211 654
211 726
211 778
211 945
212 657
213 236
213 408
213 621
213 763
213 780
213 789
213 844
214 267
214 277
214 426
215 221
215 230
215 264
215 331
215 574
215 608
215 666
215 705
215 781
216 251
216 319
216 356
216 382
216 439
216 460
216 462
216 465
216 531
216 543
216 568
216 569
216 571
216 587
216 604
216 621
216 845
216 985
216 1020
217 301
217 303
217 304
217 328
217 504
217 559
217 570
217 806
217 894
217 903
217 969
217 1015
218 222
218 270
218 350
218 359
218 434
218 614
218 814
218 962
218 986
219 258
219 318
219 321
219 461
219 492
219 557
219 647
219 675
219 679
219 690
219 700
219 702
219 726
219 786
219 858
219 889
219 910
220 224
220 265
220 286
220 317
220 337
220 440
220 461
220 479
220 500
220 584
220 670
220 702
220 764
220 822
220 953
220 960
220 971
221 383
221 572
221 600
221 601
221 763
221 780
221 813
221 896
222 226
222 365
222 391
222 460
222 527
222 589
222 607
222 655
222 862
222 875
222 975
223 355
223 561
223 572
223 603
223 623
223 810
223 910
223 973
224 269
224 286
224 326
224 394
224 483
224 489
224 599
224 623
224 867
224 978
225 240
225 276
225 443
226 252
226 314
226 347
226 358
226 364
226 501
226 847
226 935
227 259
227 670
227 686
227 912
228 240
228 243
228 247
228 260
228 291
228 301
228 329
228 604
228 683
228 714
228 787
228 792
228 892
228 910
228 999
228 1018
229 269
229 284
229 360
229 414
229 613
229 788
229 931
229 1010
230 252
230 295
230 297
230 362
230 390
230 394
230 419
230 462
230 467
230 539
230 734
230 791
230 820
230 864
230 897
230 986
230 1017
231 242
231 287
231 456
231 462
231 600
231 866
232 243
232 263
232 290
232 322
232 373
232 397
232 404
232 674
232 724
232 738
232 801
232 818
232 835
232 871
232 877
232 967
233 307
233 341
233 476
233 531
233 565
233 580
233 933
234 242
234 274
234 337
234 342
234 360
234 381
234 424
234 440
234 450
234 456
234 526
234 595
234 598
234 642
234 733
234 766
234 871
234 921
234 981
235 277
235 280
235 305
235 325
235 349
235 407
235 413
235 459
235 470
235 477
235 482
235 530
235 549
235 587
235 750
235 793
235 797
235 827
235 912
235 925
235 951
236 249
236 267
236 376
236 388
236 427
236 462
236 528
236 554
236 578
236 650
236 923
236 976
236 1005
236 1010
237 282
237 316
237 359
237 378
237 460
237 490
237 501
237 529
237 550
237 580
237 588
237 673
237 687
237 691
237 788
237 854
238 266
238 344
238 387
238 423
238 490
238 506
238 525
238 619
238 677
238 846
238 925
238 943
238 955
239 282
239 288
239 299
239 339
239 533
239 540
239 867
239 907
239 924
240 524
240 625
240 678
240 706
240 822
240 863
240 865
240 894
241 352
241 419
241 525
241 798
241 833
242 261
242 323
242 387
242 728
242 732
242 829
242 885
242 889
242 999
243 310
243 372
243 425
243 475
243 527
243 850
243 883
243 891
243 898
243 990
243 1006
243 1008
244 251
244 263
244 352
244 373
244 425
244 491
244 551
244 729
244 965
245 298
245 319
245 369
245 384
245 410
245 455
245 478
245 575
245 594
245 640
245 682
245 715
245 730
245 839
245 840
246 279
246 328
246 347
246 352
246 393
246 415
246 480
246 603
247 351
247 484
247 621
247 653
247 696
247 865
248 271
248 283
248 320
248 573
248 598
248 599
248 634
248 667
248 805
249 841
249 991
250 533
250 693
250 920
251 268
251 285
251 287
251 301
251 446
251 787
251 828
251 853
252 281
252 283
252 294
252 298
252 333
252 335
252 349
252 520
252 764
252 774
252 885
252 958
252 968
252 970
252 973
252 993
253 299
253 327
253 383
253 460
253 570
253 644
253 939
253 980
254 306
254 400
254 430
254 475
254 560
254 599
254 678
254 764
254 803
255 308
255 355
255 357
255 371
255 423
255 469
255 472
255 518
255 584
255 721
255 727
255 795
255 946
255 993
255 1004
256 419
256 705
257 260
257 277
257 704
257 780
257 919
257 941
257 1023
258 265
258 268
258 341
258 343
258 381
258 488
258 717
258 845
258 858
258 864
259 420
259 444
259 619
259 654
259 660
259 883
259 956
260 272
260 301
260 336
260 353
260 368
260 393
260 474
260 496
260 505
260 603
260 630
260 645
260 702
260 720
260 797
260 820
260 952
260 1001
261 293
261 301
261 319
261 452
261 466
261 499
261 548
261 555
261 602
261 633
261 635
261 669
261 681
261 734
261 871
261 899
262 299
262 460
262 587
262 597
262 611
262 618
262 730
262 902
262 903
262 908
262 937
262 988
263 328
263 469
263 638
263 705
263 738
263 909
264 368
264 394
264 452
264 597
264 694
264 859
264 1023
265 267
265 275
265 278
265 303
265 318
265 370
265 438
265 583
265 590
265 623
265 624
265 625
265 842
265 876
265 920
265 961
265 965
265 1017
266 371
266 412
266 468
266 471
266 524
266 561
266 578
266 725
266 870
266 975
266 976
267 328
267 380
267 405
267 440
267 465
267 623
267 629
267 772
267 793
267 853
268 300
268 378
268 405
268 423
268 452
268 485
268 488
268 506
268 527
268 560
268 877
268 962
269 271
269 322
269 364
269 372
269 388
269 422
269 451
269 475
269 492
269 596
269 622
269 624
269 635
269 663
269 714
269 720
269 750
269 831
269 952
270 272
270 379
270 401
270 405
270 453
270 484
270 791
270 845
270 1001
271 280
271 451
271 463
271 521
271 715
271 913
272 393
272 451
272 483
272 544
272 555
272 558
272 581
272 631
272 647
272 688
272 756
272 888
273 296
273 307
273 464
273 481
273 503
273 514
273 605
273 630
273 825
273 852
274 386
274 417
274 426
274 430
274 435
274 444
274 565
274 637
274 649
274 690
274 729
274 930
274 938
274 952
275 316
275 370
275 570
275 631
275 675
275 705
275 731
275 799
275 839
275 927
276 514
276 531
276 717
276 1004
277 347
277 399
277 520
277 551
278 330
278 371
278 406
278 461
278 507
278 528
278 551
278 664
278 679
278 801
278 832
278 861
279 291
279 346
279 379
279 598
279 734
279 990
280 355
280 440
280 490
280 497
280 670
280 697
280 832
280 932
280 939
280 943
280 961
281 339
281 364
281 403
281 417
281 477
281 495
281 581
281 582
281 623
281 646
281 844
281 985
282 376
282 398
282 467
282 474
282 497
282 503
282 546
282 568
282 577
282 646
282 721
282 725
282 746
282 821
283 323
283 329
283 379
283 409
283 419
283 468
283 487
283 515
283 522
283 571
283 573
283 607
283 764
283 893
283 943
283 978
284 292
284 316
284 400
284 407
284 420
284 444
284 476
284 482
284 484
284 505
284 693
284 697
284 716
284 946
284 963
284 980
285 315
285 323
285 398
285 543
285 592
285 711
285 752
285 814
285 908
286 291
286 316
286 333
286 447
286 486
286 492
286 529
286 608
286 715
286 733
286 804
286 806
286 866
286 872
286 977
286 998
286 1006
286 1023
287 290
287 369
287 783
287 890
287 931
288 462
288 681
288 795
288 835
288 852
288 863
288 872
288 908
288 997
288 1003
289 378
289 415
289 533
289 582
289 611
289 914
290 374
290 420
290 441
290 480
290 546
290 613
290 755
290 805
290 860
291 368
291 577
291 681
292 396
292 724
292 959
293 538
293 972
294 360
294 384
294 472
294 496
294 612
294 922
295 329
295 366
295 389
295 407
295 461
295 565
295 645
295 670
295 755
295 886
295 973
296 321
296 356
296 421
296 432
296 445
296 459
296 471
296 514
296 578
296 653
296 716
296 730
296 743
296 768
296 915
296 953
296 963
296 987
297 883
297 896
298 308
298 324
298 411
298 477
298 623
298 815
298 968
299 374
299 420
299 641
299 824
300 449
300 532
300 652
300 683
300 769
300 783
300 965
301 324
301 364
301 365
301 368
301 381
301 382
301 505
301 573
301 587
301 594
301 760
301 785
301 829
301 915
301 924
302 310
302 314
302 338
302 391
302 472
302 654
302 859
302 893
302 1010
303 409
303 484
303 670
303 774
303 885
304 336
304 415
304 538
304 584
304 599
304 792
304 832
304 998
305 321
305 350
305 411
305 531
305 953
306 357
306 401
306 416
306 549
306 852
306 871
306 884
306 923
306 976
307 349
307 408
307 410
307 466
307 900
307 922
308 637
308 697
309 396
309 451
309 636
309 645
309 753
309 767
310 513
310 603
310 787
310 843
310 967
310 990
311 546
311 548
311 562
311 687
311 719
311 771
311 830
311 983
312 524
312 610
312 716
312 740
313 350
313 404
313 495
313 543
313 594
313 620
313 752
313 785
313 941
314 319
314 349
314 400
314 483
314 680
314 891
314 968
314 989
315 346
315 351
315 353
315 363
315 395
315 498
315 537
315 541
315 553
315 653
315 771
315 865
315 967
315 970
316 384
316 391
316 456
316 603
316 755
316 802
316 901
316 996
316 1016
316 1017
317 495
317 539
317 678
317 750
317 879
317 901
317 913
317 950
318 366
318 412
318 520
318 528
318 613
318 647
318 733
319 334
319 376
319 430
319 492
319 574
319 586
319 786
319 807
319 873
319 876
319 975
320 492
320 589
320 674
320 675
320 683
320 895
320 926
320 928
321 425
321 647
321 772
321 773
321 805
321 820
321 862
321 884
322 335
322 364
322 385
322 432
322 657
322 755
322 815
322 827
322 999
322 1004
323 400
323 579
323 760
323 811
323 827
323 925
323 932
323 934
324 331
324 446
324 520
324 576
324 582
324 756
324 855
324 971
325 409
325 485
325 826
325 948
326 350
326 437
326 504
326 940
326 942
327 354
327 373
327 397
327 398
327 419
327 432
327 459
327 461
327 554
327 641
327 749
327 793
327 998
328 574
328 661
328 669
328 883
328 898
328 927
328 968
328 1000
329 330
329 337
329 381
329 422
329 517
329 567
329 713
329 970
330 680
330 885
330 1015
331 421
331 532
331 645
331 866
331 1001
332 340
332 474
332 588
332 655
332 841
332 844
333 629
333 786
333 824
333 902
334 365
334 431
334 590
334 656
334 705
334 727
334 802
334 955
334 1011
335 543
335 616
335 619
335 711
335 729
335 871
335 936
335 957
336 450
336 492
336 526
336 620
336 689
336 699
336 801
337 452
337 742
338 357
338 434
338 548
338 735
339 463
339 534
339 700
339 707
339 891
340 362
340 480
340 524
340 823
341 682
341 726
341 737
341 738
341 850
341 939
342 448
342 680
342 691
342 869
342 937
342 946
342 1006
343 388
343 516
343 604
343 643
343 658
343 702
343 896
343 954
343 1019
344 370
344 404
344 442
344 471
344 516
344 521
344 529
344 554
344 574
344 633
344 767
344 844
344 879
344 957
344 1017
345 480
345 740
345 881
345 978
345 1010
346 371
346 551
346 670
346 725
346 763
346 934
346 944
346 1005
347 366
347 465
347 541
347 588
347 598
347 672
348 482
348 497
348 627
348 684
348 781
349 422
349 528
349 585
349 705
349 856
350 353
350 372
350 438
350 491
350 532
350 585
350 774
350 820
350 911
350 1009
351 872
352 485
352 523
352 542
352 643
352 698
353 354
353 441
353 769
353 804
354 377
354 540
354 579
354 620
354 674
354 758
354 838
355 440
355 441
355 490
355 499
355 611
355 624
355 646
355 844
356 442
356 508
356 940
357 408
357 473
357 521
357 591
357 694
357 750
357 893
357 904
357 974
358 456
358 489
358 551
358 560
358 620
358 638
358 866
358 936
359 372
359 465
359 472
359 543
359 612
359 916
359 959
360 587
360 592
360 962
361 488
361 586
361 807
362 516
362 726
362 806
362 895
362 922
362 979
363 429
363 464
363 505
363 552
363 851
363 945
364 739
364 851
365 373
365 428
365 429
365 460
365 545
365 582
365 591
365 601
365 717
365 790
365 915
365 1000
366 413
366 477
366 513
366 551
366 571
366 614
366 616
366 662
366 664
366 824
366 863
366 870
366 872
366 883
366 895
366 918
367 417
367 691
367 730
367 758
367 827
367 837
368 402
368 422
368 474
368 529
368 615
368 717
368 776
368 851
368 874
368 901
369 534
369 581
369 583
369 598
369 784
369 834
369 874
369 903
369 915
369 927
370 373
370 384
370 448
370 737
370 911
371 636
371 640
371 786
371 908
371 1011
372 421
372 514
372 665
372 696
372 777
372 803
372 834
372 951
373 377
373 405
373 486
373 522
373 555
373 648
373 656
373 768
373 804
373 913
374 399
374 454
374 593
374 718
374 788
374 864
374 976
375 468
375 607
375 1010
376 877
377 392
377 393
377 768
377 846
377 995
378 448
378 501
378 660
378 680
378 681
378 729
378 988
379 419
379 476
379 617
380 465
380 494
380 513
380 516
380 541
380 546
380 677
380 947
380 962
380 967
381 415
381 523
381 628
381 637
381 720
381 837
381 888
381 910
381 1012
382 438
382 444
382 619
382 667
382 706
382 737
382 746
382 778
382 891
382 955
382 972
383 405
383 415
383 423
383 446
383 475
383 544
383 569
383 593
383 646
383 647
383 722
383 1005
383 1013
383 1016
384 609
384 837
385 386
385 396
385 452
385 474
385 544
385 625
385 639
385 666
385 758
386 402
386 430
386 455
386 488
386 506
386 530
386 532
386 555
386 565
386 599
386 701
386 703
386 804
386 816
386 836
386 920
387 643
387 873
387 902
387 928
387 1008
388 617
388 727
388 757
388 791
388 888
388 989
389 455
389 487
389 852
389 918
389 942
390 510
390 521
390 569
390 663
390 704
390 849
392 577
392 639
392 842
393 450
393 522
393 615
393 693
393 834
394 707
394 817
395 455
395 566
395 577
395 674
395 695
395 800
395 821
395 970
396 439
396 494
396 545
396 561
396 661
397 400
397 427
397 468
398 656
398 990
399 473
399 499
399 520
399 710
400 435
400 709
401 508
401 563
401 617
401 644
401 878
401 988
402 563
403 435
403 454
403 536
403 544
403 926
403 1009
404 511
404 750
404 916
405 457
405 686
407 412
407 418
407 445
407 447
407 449
407 586
407 601
407 685
407 804
407 870
407 955
407 965
407 995
408 652
408 839
408 852
408 961
408 964
409 411
409 431
409 447
409 508
409 547
409 576
409 609
409 618
409 637
409 640
409 673
409 724
409 848
409 851
409 935
410 457
410 677
410 824
410 894
410 932
410 944
410 964
411 425
411 508
411 552
411 616
411 680
411 792
411 853
411 949
411 996
412 435
412 604
412 669
413 432
413 433
413 521
413 626
413 762
413 795
413 916
414 464
414 495
414 691
414 916
414 997
414 1020
415 430
415 875
416 431
416 450
416 496
416 564
416 626
416 651
416 662
416 822
416 838
416 842
416 904
416 924
417 628
417 664
417 939
418 583
418 677
418 750
419 455
419 622
419 714
419 741
420 425
420 449
420 489
420 558
420 757
420 952
421 503
421 522
421 579
422 532
422 544
422 593
422 628
422 701
422 801
422 825
422 874
422 985
422 986
422 995
422 1019
424 741
424 747
424 843
425 693
425 709
425 929
426 462
426 764
426 932
427 581
427 855
428 490
428 689
428 691
428 739
428 984
429 554
429 770
430 487
431 458
431 765
431 785
431 923
432 562
432 622
432 909
433 470
433 498
433 543
433 566
433 583
433 675
433 721
433 764
433 765
433 790
434 603
434 634
434 712
434 751
434 752
435 478
435 515
435 606
435 632
435 717
435 762
435 940
435 1011
436 443
436 623
436 831
437 481
437 592
437 625
437 638
437 819
437 884
437 935
437 938
438 514
438 598
438 746
438 809
439 512
439 564
439 772
439 812
440 458
440 700
441 449
441 531
441 692
441 760
442 444
442 624
442 626
442 722
442 830
442 831
442 842
443 467
443 505
443 564
443 936
443 965
443 979
444 470
444 536
444 712
444 904
445 898
445 930
445 963
446 560
446 695
446 699
446 706
446 727
446 756
446 871
446 982
446 986
446 994
447 661
447 726
447 766
447 831
447 970
448 530
448 643
448 661
448 897
448 922
448 939
448 941
449 492
449 630
449 709
449 754
449 930
449 961
450 460
450 599
450 618
450 622
450 708
450 725
450 809
450 999
451 492
451 598
451 652
451 821
451 877
451 995
452 587
452 613
452 659
452 769
452 864
452 885
452 934
452 1022
453 733
453 812
453 828
455 470
455 472
455 639
455 707
455 737
455 1002
456 816
456 988
456 998
457 584
457 669
457 683
457 826
457 858
457 974
458 743
458 761
458 933
459 531
459 665
459 919
460 475
460 585
460 701
460 780
461 483
461 513
461 516
461 559
461 625
461 807
461 878
462 482
462 654
462 810
462 880
462 887
463 718
463 743
463 754
463 824
463 957
464 736
464 926
465 556
465 636
465 864
465 1003
466 536
466 800
466 873
466 971
467 477
467 581
467 678
468 568
468 613
468 829
468 931
469 581
469 685
469 832
469 839
469 913
469 921
470 503
470 874
471 675
471 692
471 785
472 571
472 806
472 882
472 973
473 538
473 553
473 774
473 948
474 579
474 606
474 709
474 720
474 736
474 742
474 777
474 819
474 838
474 869
474 975
475 611
475 685
475 764
475 816
476 540
476 728
476 1001
476 1019
477 485
477 657
477 720
477 745
477 767
477 920
477 1003
478 495
478 504
478 509
478 539
478 602
478 630
478 650
478 651
478 653
478 711
478 794
478 967
479 534
479 561
479 675
479 801
480 498
480 525
480 566
480 729
480 736
480 775
480 783
480 904
480 1018
481 498
481 523
481 527
481 579
481 580
481 583
481 700
481 732
481 739
481 844
481 864
481 894
481 898
481 963
481 992
481 1012
482 800
482 918
482 947
483 713
484 592
484 730
484 778
484 875
484 912
484 944
485 499
485 619
485 657
485 687
486 544
486 688
486 706
486 913
487 567
487 615
488 491
488 655
488 723
488 839
488 896
488 932
488 983
489 634
489 730
489 900
489 953
490 600
491 517
491 703
491 928
492 519
492 639
492 701
492 769
492 827
492 920
493 512
493 521
493 533
493 551
493 577
493 778
493 794
493 985
494 643
494 795
494 801
494 873
494 875
494 917
494 963
494 968
495 586
495 776
495 828
495 870
496 591
496 602
496 631
496 854
496 905
496 1000
497 648
497 791
497 810
498 595
498 668
498 744
498 798
498 849
498 950
498 1005
499 604
499 615
499 832
500 519
500 777
500 868
500 916
500 942
501 667
501 926
501 1002
502 746
502 819
503 515
503 609
503 705
503 803
504 579
504 627
504 966
505 842
505 910
506 770
506 797
506 882
506 919
507 593
508 566
508 706
508 765
508 1014
509 823
509 839
509 874
509 974
510 789
511 696
512 657
512 666
512 713
512 1021
513 573
513 791
513 816
513 892
514 741
514 825
514 946
515 845
515 855
515 1015
516 974
516 990
517 676
517 759
517 798
517 1018
518 547
518 596
518 600
518 644
518 743
518 793
518 923
519 594
519 597
519 618
519 690
519 748
520 677
520 823
520 885
521 608
521 666
522 604
522 966
522 1012
523 660
523 680
523 699
523 716
523 802
524 540
524 554
524 642
524 809
524 837
525 526
525 743
525 851
525 975
526 584
526 731
526 755
526 959
526 975
528 689
528 773
528 854
528 969
528 989
529 552
529 826
529 1021
531 614
531 712
531 978
531 1007
532 534
532 685
532 918
533 737
533 745
533 1014
534 578
536 781
536 1013
537 658
537 951
537 966
538 575
538 733
538 771
538 994
539 580
539 794
539 863
539 956
540 628
540 780
540 888
540 966
541 686
541 734
542 694
542 744
544 596
544 635
544 757
544 814
544 843
544 980
545 658
545 691
545 699
545 887
546 555
548 636
548 663
548 725
548 996
549 734
550 562
550 832
550 915
550 1022
551 643
551 676
551 713
551 777
551 866
552 626
552 747
552 766
552 972
552 981
553 593
553 687
554 681
554 850
555 573
555 677
555 756
555 833
555 858
555 859
555 880
555 964
556 961
556 1003
557 928
558 630
558 947
558 969
558 971
560 667
560 856
560 866
560 877
560 889
560 967
562 663
562 694
562 850
563 629
563 673
563 730
563 740
563 820
565 698
565 775
566 614
566 836
566 960
567 610
568 848
568 930
569 644
569 653
569 693
569 708
569 860
569 913
569 969
569 1011
570 761
571 945
572 654
572 880
572 884
572 911
572 1013
574 632
574 754
574 975
575 610
575 698
575 855
575 929
576 602
576 634
576 798
576 810
576 989
577 748
577 949
578 978
579 657
579 907
580 672
580 805
580 898
580 1002
580 1011
581 636
581 712
581 723
581 746
581 782
581 1018
582 689
582 811
582 864
583 659
583 836
583 881
584 899
585 799
585 805
585 895
585 990
587 649
587 700
587 798
587 973
587 988
588 611
588 700
588 814
588 981
589 614
589 688
589 1004
590 648
590 684
590 747
590 794
590 865
590 884
590 1000
591 709
591 717
591 805
591 814
591 853
591 885
591 916
591 1023
592 735
594 647
596 652
596 654
596 732
596 812
597 701
599 626
599 762
599 805
599 871
599 901
599 941
600 646
600 712
600 807
600 829
600 879
601 652
601 662
601 679
601 748
602 1011
603 753
603 787
603 796
603 854
603 857
603 909
604 609
604 812
605 615
605 650
605 952
606 772
606 873
607 687
607 899
608 697
608 817
608 888
609 706
609 912
609 937
610 630
610 753
610 756
610 947
611 983
612 726
612 946
612 961
613 614
613 933
615 744
616 677
616 708
616 746
616 835
616 996
618 779
618 861
620 718
620 901
622 763
622 799
623 690
623 786
623 880
623 890
623 1018
624 723
625 1007
625 1008
626 726
627 668
627 720
627 758
627 765
627 767
628 672
628 683
628 931
628 937
629 828
630 948
630 972
630 1014
631 658
631 712
631 863
631 963
633 739
633 755
633 951
634 722
634 847
634 855
634 924
635 657
635 676
635 719
635 765
635 785
635 811
635 962
635 999
636 817
636 938
636 958
638 849
638 867
638 1020
639 663
639 981
640 673
640 703
640 843
641 976
641 1023
642 839
642 848
642 930
642 1019
643 922
644 825
645 718
645 982
646 658
646 672
646 833
646 856
646 922
647 955
648 661
648 907
649 715
649 729
651 779
652 691
652 731
652 784
652 924
652 972
655 860
655 920
655 934
656 861
656 1005
657 780
658 683
659 694
659 772
659 798
659 991
660 728
660 912
661 763
661 923
662 824
662 927
662 948
662 950
663 690
663 719
664 911
664 1013
665 1011
667 680
667 751
667 856
667 937
667 1006
667 1012
668 689
669 703
669 774
669 971
669 977
669 1014
670 1020
672 686
672 915
672 1007
673 709
674 870
674 944
676 1020
677 821
677 1003
678 692
678 758
678 789
679 698
679 741
679 744
679 771
680 699
680 752
681 977
683 773
684 694
684 803
685 740
686 951
686 958
687 751
687 888
689 911
689 937
689 985
690 753
690 1000
691 853
691 862
691 899
691 936
692 715
692 760
693 960
694 907
694 936
694 992
695 812
695 869
696 826
696 984
698 706
698 718
698 748
698 893
699 843
699 1004
700 792
700 865
701 778
701 900
701 904
702 837
702 917
702 943
702 947
703 798
703 904
704 754
704 946
705 708
705 771
705 852
706 727
706 856
706 896
707 767
707 908
708 850
709 789
709 924
710 789
710 854
711 747
711 950
712 957
713 789
715 719
715 744
715 763
715 996
716 794
716 956
717 974
717 1016
718 811
719 720
719 873
719 921
719 927
719 949
720 820
722 845
722 858
723 876
723 907
724 725
724 742
724 938
725 846
725 883
726 728
728 850
728 1019
729 795
729 924
731 897
733 999
734 840
735 817
735 959
736 798
738 996
741 872
741 936
742 880
743 978
743 1021
744 785
744 941
744 943
744 945
745 990
746 795
747 869
748 882
749 774
749 796
751 818
751 832
752 803
752 907
752 928
752 951
754 866
754 992
755 941
756 891
758 783
758 830
759 913
760 974
760 993
762 893
762 992
763 823
764 809
764 851
764 910
765 901
766 912
767 802
767 1015
768 813
769 886
769 888
771 925
771 967
773 858
773 967
773 1000
773 1006
774 810
774 987
775 816
775 1008
777 900
777 912
777 1023
778 877
779 783
781 979
781 1021
782 835
783 800
783 824
783 883
783 971
783 1013
784 799
785 998
785 1017
786 820
788 892
788 986
788 992
789 807
789 956
790 808
790 822
790 917
790 919
790 1021
791 806
791 883
792 943
793 919
794 862
794 941
794 942
797 1017
798 906
798 954
799 933
800 988
801 1019
802 846
803 836
805 815
805 892
805 898
805 981
806 817
806 867
806 871
806 978
807 977
807 1013
808 905
809 810
809 863
809 881
809 963
809 1016
810 815
810 886
810 907
810 915
810 991
811 830
812 981
812 997
813 959
814 955
817 923
821 875
824 869
825 898
830 846
832 926
833 968
834 940
834 1002
836 895
839 892
839 946
840 905
840 1000
843 868
843 919
843 1012
845 866
845 902
849 939
852 857
852 976
852 1000
852 1015
853 962
854 1022
856 961
857 1022
860 952
860 977
861 885
862 958
864 968
864 971
866 964
867 875
867 922
867 985
867 993
867 995
872 992
872 1011
872 1019
875 893
875 911
878 1007
882 1009
883 889
883 940
884 1001
885 983
888 900
888 986
892 981
894 923
895 930
895 941
897 978
897 1021
898 901
898 993
898 1015
899 929
899 1009
900 944
900 993
902 980
902 1013
903 963
904 942
910 986
911 1012
913 944
919 957
919 982
924 954
924 956
924 965
925 983
926 984
929 961
931 1012
934 945
937 940
940 990
944 982
946 955
950 984
951 1006
952 1002
955 988
961 1001
964 985
969 975
971 986
972 992
991 997
997 1011
998 1004
1003 1017
1014 1022
