0 85
0 115
0 129
0 249
0 322
0 333
0 471
0 640
0 709
0 812
0 890
0 964
0 974
0 988
0 1000
0 1009
1 20
1 72
1 73
1 140
1 158
1 161
1 226
1 314
1 665
1 716
1 760
1 787
1 809
1 886
1 894
1 909
2 65
2 69
2 111
2 191
2 199
2 354
2 394
2 430
2 483
2 603
2 646
2 719
2 752
2 777
2 860
2 964
3 71
3 86
3 95
3 103
3 163
3 420
3 663
3 677
3 798
3 812
3 844
3 859
3 900
4 181
4 215
4 217
4 303
4 390
4 416
4 555
4 562
4 635
4 669
4 692
4 902
4 1007
5 85
5 289
5 297
5 399
5 453
5 514
5 674
5 729
5 755
5 860
6 138
6 162
6 209
6 222
6 268
6 279
6 312
6 359
6 396
6 404
6 521
6 674
6 771
6 820
6 931
6 958
6 1001
6 1003
6 1011
7 90
7 165
7 252
7 260
7 311
7 330
7 383
7 389
7 393
7 568
7 617
7 746
7 806
7 881
7 980
8 19
8 28
8 31
8 83
8 110
8 480
8 495
8 531
8 547
8 566
8 719
8 733
8 830
8 839
8 842
8 849
8 983
9 182
9 344
9 362
9 401
9 441
9 448
9 492
9 574
9 625
9 627
9 724
9 752
9 782
9 853
9 972
10 50
10 60
10 74
10 230
10 247
10 330
10 445
10 617
10 628
10 757
10 804
10 832
10 849
10 911
10 914
10 920
11 241
11 297
11 641
11 651
11 692
11 784
11 965
11 976
11 1002
12 56
12 193
12 213
12 224
12 264
12 270
12 388
12 423
12 488
12 678
12 686
12 709
12 711
12 793
12 820
12 863
12 948
12 954
13 90
13 208
13 246
13 247
13 354
13 468
13 483
13 516
13 611
13 660
13 705
13 812
13 1003
14 135
14 379
14 419
14 466
14 550
14 579
14 741
15 90
15 107
15 133
15 278
15 312
15 402
15 497
15 569
15 595
15 634
15 661
15 688
15 747
15 760
15 791
15 933
16 154
16 206
16 248
16 395
16 441
16 536
16 550
16 797
17 161
17 206
17 222
17 335
17 545
17 652
17 721
17 880
17 891
17 915
17 920
17 944
17 1008
18 85
18 88
18 103
18 117
18 162
18 193
18 245
18 263
18 285
18 306
18 346
18 524
18 634
18 694
18 711
18 747
18 827
18 890
19 254
19 348
19 362
19 451
19 481
19 500
19 586
19 624
19 672
19 810
19 1017
20 50
20 75
20 119
20 136
20 176
20 313
20 417
20 563
20 607
20 625
20 641
20 693
20 714
20 970
20 981
20 1007
21 89
21 122
21 131
21 139
21 212
21 251
21 417
21 431
21 474
21 560
21 624
21 631
21 736
21 812
21 860
21 871
21 874
21 970
21 1014
22 64
22 74
22 81
22 147
22 307
22 315
22 370
22 421
22 464
22 607
22 608
22 723
22 742
22 938
22 952
22 957
22 968
22 985
22 1008
22 1020
23 28
23 123
23 158
23 344
23 420
23 442
23 594
23 615
23 753
23 820
23 936
23 984
24 66
24 168
24 329
24 488
24 496
24 556
24 572
24 767
24 791
24 939
24 974
24 1007
25 78
25 86
25 137
25 197
25 207
25 258
25 415
25 454
25 509
25 671
25 727
25 773
26 34
26 82
26 95
26 105
26 113
26 205
26 308
26 550
26 799
26 838
26 894
27 45
27 80
27 114
27 168
27 246
27 362
27 386
27 427
27 438
27 452
27 518
27 520
27 551
27 653
27 711
27 724
27 759
27 766
27 930
27 1015
28 122
28 127
28 335
28 526
28 593
28 604
28 616
28 647
28 650
28 657
28 660
28 750
28 778
28 806
28 879
28 942
28 968
29 34
29 143
29 149
29 184
29 232
29 359
29 395
29 405
29 439
29 626
29 649
29 913
29 980
30 38
30 107
30 217
30 221
30 367
30 576
30 616
30 702
30 705
30 792
30 851
30 856
30 885
30 957
30 1014
31 120
31 302
31 306
31 549
31 559
31 621
31 668
31 726
31 734
31 861
31 929
31 986
32 70
32 107
32 225
32 265
32 281
32 294
32 372
32 417
32 418
32 562
32 596
32 673
32 719
32 726
32 751
32 781
32 925
32 970
33 50
33 188
33 295
33 355
33 410
33 608
33 626
33 723
33 867
33 1011
34 60
34 366
34 426
34 490
34 608
34 765
34 889
34 960
35 179
35 281
35 430
35 507
35 542
35 548
35 667
35 681
35 745
35 869
35 916
36 48
36 99
36 166
36 240
36 241
36 244
36 281
36 475
36 491
36 500
36 549
36 553
36 794
36 795
37 48
37 50
37 53
37 122
37 246
37 547
37 640
37 657
37 845
37 906
38 152
38 282
38 285
38 319
38 359
38 391
38 396
38 444
38 480
38 487
38 582
38 602
38 660
38 816
38 840
38 856
38 945
38 994
39 183
39 187
39 275
39 285
39 400
39 546
39 618
39 694
39 757
39 772
39 853
39 882
39 897
39 936
39 1015
40 232
40 256
40 295
40 312
40 340
40 342
40 641
40 843
40 865
41 56
41 101
41 178
41 181
41 242
41 301
41 357
41 362
41 469
41 538
41 570
41 633
41 747
41 795
41 839
41 847
41 901
41 975
42 170
42 184
42 421
42 458
42 646
42 665
42 744
42 841
43 55
43 106
43 109
43 124
43 197
43 200
43 292
43 295
43 337
43 616
43 638
43 702
43 706
43 756
43 826
43 865
43 940
44 190
44 220
44 336
44 348
44 445
44 592
44 643
44 719
44 766
44 792
44 800
44 857
45 150
45 362
45 363
45 421
45 484
45 562
45 610
45 676
45 900
45 916
45 1019
46 53
46 118
46 122
46 142
46 170
46 200
46 347
46 418
46 475
46 673
46 740
46 744
46 767
46 816
46 865
46 946
47 94
47 160
47 233
47 262
47 305
47 346
47 402
47 431
47 574
47 581
47 600
47 640
47 781
47 786
47 924
47 959
48 111
48 152
48 289
48 297
48 373
48 427
48 551
48 571
48 612
48 650
48 959
48 1006
48 1012
49 66
49 159
49 207
49 467
49 472
49 504
49 512
49 555
49 583
49 675
49 737
49 852
49 894
49 945
49 1002
49 1022
50 54
50 101
50 107
50 329
50 363
50 365
50 410
50 513
50 515
50 528
50 554
50 557
50 618
50 628
50 633
50 643
50 690
50 968
51 97
51 361
51 401
51 619
51 651
51 779
52 92
52 227
52 402
52 544
52 591
52 676
52 797
52 864
52 874
52 903
53 95
53 261
53 336
53 363
53 433
53 461
53 560
53 678
53 803
53 828
53 861
53 894
53 896
53 933
53 949
53 989
54 63
54 124
54 294
54 738
54 759
54 765
54 913
54 953
54 983
55 137
55 284
55 287
55 362
55 455
55 529
55 614
55 643
55 714
55 813
55 919
55 930
56 62
56 113
56 144
56 238
56 324
56 397
56 416
56 448
56 608
56 665
56 666
56 770
56 928
57 142
57 154
57 162
57 301
57 455
57 458
57 540
57 558
57 570
57 584
57 649
57 702
57 768
57 835
57 880
57 961
57 963
57 976
57 987
57 993
58 62
58 63
58 105
58 152
58 350
58 369
58 385
58 485
58 488
58 554
58 639
58 704
58 707
58 736
58 912
58 936
58 950
59 65
59 96
59 125
59 466
59 512
59 647
59 702
59 723
59 788
59 832
59 868
59 918
60 220
60 289
60 411
60 671
60 689
60 723
60 728
60 808
60 870
60 949
61 206
61 209
61 266
61 308
61 376
61 606
61 691
61 786
61 955
61 1010
62 145
62 162
62 167
62 188
62 217
62 243
62 276
62 284
62 361
62 377
62 422
62 497
62 524
62 525
62 542
62 547
62 597
62 669
62 686
62 694
62 726
62 984
63 214
63 241
63 281
63 440
63 554
63 558
63 568
63 652
63 670
63 689
63 712
63 751
63 939
63 940
63 976
63 1010
64 87
64 337
64 382
64 413
64 441
64 456
64 457
64 496
64 502
64 545
64 660
64 668
64 759
64 838
64 859
64 1021
65 182
65 287
65 308
65 372
65 490
65 575
65 669
65 695
65 745
65 816
65 918
65 927
66 170
66 217
66 313
66 346
66 388
66 442
66 455
66 734
66 923
66 932
66 1021
67 73
67 82
67 99
67 183
67 328
67 370
67 442
67 483
67 540
67 614
67 716
67 1017
68 75
68 109
68 162
68 234
68 276
68 287
68 423
68 439
68 619
68 669
68 701
68 825
68 927
68 1012
69 127
69 187
69 311
69 353
69 392
69 442
69 456
69 558
69 686
69 764
69 954
69 979
70 108
70 126
70 144
70 171
70 253
70 422
70 471
70 473
70 530
70 537
70 953
70 1002
71 262
71 271
71 323
71 342
71 443
71 457
71 467
71 498
71 544
71 614
71 680
71 681
71 797
71 988
72 312
72 335
72 418
72 564
72 696
72 711
72 750
72 797
72 808
72 840
72 842
73 97
73 107
73 141
73 239
73 265
73 284
73 332
73 445
73 482
73 554
73 564
73 579
73 649
73 724
73 782
73 848
73 866
73 955
74 217
74 367
74 451
74 525
74 538
74 542
74 659
74 803
74 841
74 852
74 862
74 936
74 937
74 942
74 1003
74 1017
75 150
75 192
75 229
75 274
75 296
75 387
75 397
75 403
75 557
75 594
75 632
75 876
76 98
76 312
76 334
76 380
76 494
76 606
76 608
76 614
76 642
76 666
76 672
76 805
76 832
76 889
76 946
77 93
77 231
77 413
77 418
77 440
77 455
77 588
77 608
77 611
77 787
77 977
77 997
78 87
78 216
78 220
78 273
78 314
78 356
78 422
78 469
78 474
78 569
78 637
78 641
78 755
78 762
78 862
78 896
78 931
79 160
79 192
79 395
79 437
79 470
79 509
79 510
79 528
79 543
79 654
79 735
79 736
79 919
79 932
79 1008
79 1012
80 159
80 215
80 331
80 403
80 676
80 683
80 686
80 897
80 913
80 986
81 161
81 238
81 282
81 444
81 465
81 466
81 472
81 475
81 529
81 630
81 659
81 665
81 747
82 98
82 99
82 222
82 246
82 438
82 603
82 623
82 749
82 794
82 896
82 921
82 943
82 975
83 237
83 265
83 277
83 356
83 529
83 614
83 668
83 756
83 938
84 473
84 500
84 575
84 587
84 666
84 783
84 797
84 905
85 86
85 125
85 151
85 170
85 260
85 268
85 415
85 419
85 541
85 598
85 924
85 929
85 959
85 965
85 970
85 979
85 981
85 982
86 135
86 140
86 157
86 436
86 640
86 791
86 906
86 977
87 117
87 138
87 166
87 282
87 285
87 358
87 375
87 431
87 484
87 623
87 648
87 657
87 664
87 789
87 947
87 961
87 978
87 990
87 1017
88 100
88 219
88 223
88 267
88 293
88 472
88 522
88 536
88 549
88 617
88 704
88 796
88 816
88 849
88 876
89 389
89 442
89 630
89 683
89 698
89 826
89 827
89 1019
90 181
90 233
90 256
90 261
90 263
90 514
90 519
90 799
90 815
90 866
90 895
90 900
90 914
91 181
91 373
91 411
91 468
91 482
91 487
91 542
91 616
91 695
91 697
91 741
91 862
91 922
91 995
92 100
92 131
92 155
92 215
92 216
92 313
92 390
92 431
92 616
92 711
92 876
92 996
92 1001
93 158
93 222
93 382
93 464
93 543
93 717
93 835
93 888
93 910
93 970
93 1010
94 179
94 185
94 300
94 489
94 505
94 817
94 822
94 952
94 971
94 1010
95 115
95 123
95 161
95 186
95 421
95 570
95 652
95 768
95 776
95 893
95 910
95 985
96 173
96 186
96 218
96 243
96 244
96 259
96 369
96 399
96 406
96 444
96 471
96 525
96 590
96 927
96 1017
97 167
97 190
97 204
97 386
97 391
97 399
97 402
97 501
97 509
97 521
97 545
97 553
97 657
97 937
98 109
98 180
98 411
98 582
98 862
99 138
99 168
99 197
99 257
99 411
99 541
99 619
99 620
99 628
99 658
99 751
99 847
99 884
99 964
100 115
100 239
100 264
100 637
100 646
100 817
100 888
100 922
100 927
100 931
101 161
101 174
101 234
101 247
101 296
101 330
101 339
101 486
101 526
101 554
101 621
101 667
101 699
101 820
101 895
101 960
101 994
102 189
102 336
102 439
102 445
102 522
102 618
102 661
102 716
103 364
103 584
103 727
103 886
103 935
103 974
103 1012
104 218
104 278
104 282
104 322
104 334
104 345
104 411
104 494
104 836
104 925
104 957
104 963
105 159
105 452
105 482
105 515
105 552
105 615
105 837
105 944
106 128
106 172
106 275
106 351
106 480
106 517
106 594
106 640
106 701
106 772
106 857
106 892
106 900
107 164
107 220
107 327
107 348
107 454
107 647
107 657
107 664
107 782
107 865
107 950
107 971
108 185
108 239
108 263
108 308
108 337
108 541
108 749
108 784
108 824
108 930
109 168
109 191
109 287
109 295
109 301
109 565
109 583
109 749
109 867
109 958
110 196
110 209
110 344
110 425
110 464
110 497
110 503
110 639
110 709
110 847
111 126
111 146
111 151
111 182
111 215
111 233
111 237
111 259
111 295
111 456
111 492
111 564
111 635
112 149
112 221
112 251
112 531
112 584
112 646
112 656
112 677
112 700
112 706
112 917
112 1009
113 191
113 212
113 244
113 393
113 410
113 971
114 173
114 272
114 476
114 548
114 580
114 705
114 785
114 824
114 949
114 1013
115 185
115 277
115 370
115 376
115 439
115 473
115 538
115 693
115 854
115 878
115 988
116 205
116 278
116 309
116 341
116 487
116 543
116 686
116 702
116 736
116 769
116 900
116 928
116 945
117 233
117 406
117 507
117 610
117 667
117 692
117 815
117 827
117 861
117 1016
117 1017
118 195
118 255
118 427
118 578
118 686
118 798
118 932
119 220
119 261
119 263
119 286
119 322
119 346
119 351
119 402
119 466
119 480
119 517
119 713
119 751
119 793
119 798
119 923
119 954
119 973
119 1009
120 175
120 263
120 320
120 350
120 412
120 436
120 497
120 715
120 719
120 730
120 744
120 807
120 820
120 846
120 871
120 897
120 979
120 1015
121 216
121 277
121 326
121 402
121 416
121 613
121 659
121 690
121 712
121 743
121 865
122 133
122 163
122 231
122 327
122 352
122 549
122 701
122 705
122 1004
123 211
123 259
123 310
123 414
123 546
123 611
123 664
123 746
123 852
124 145
124 170
124 236
124 468
124 516
124 517
124 526
124 688
124 872
124 898
124 987
124 989
125 190
125 346
125 508
125 509
125 577
125 693
125 751
125 935
126 194
126 323
126 483
126 550
126 552
126 562
126 575
126 667
126 796
127 523
127 573
127 605
127 679
127 751
127 777
127 805
127 861
127 896
127 1006
128 129
128 140
128 210
128 268
128 297
128 316
128 324
128 424
128 444
128 452
128 550
128 619
128 673
128 749
128 781
128 787
128 912
128 948
128 961
129 166
129 192
129 205
129 294
129 324
129 397
129 496
129 597
129 687
129 781
129 816
129 828
129 959
130 172
130 434
130 483
130 549
130 608
130 689
130 714
130 803
130 896
130 980
131 152
131 158
131 224
131 366
131 386
131 461
131 479
131 644
131 948
131 973
131 1000
132 172
132 248
132 300
132 323
132 347
132 353
132 433
132 436
132 449
132 521
132 579
132 664
132 733
132 780
132 828
132 847
132 997
133 305
133 331
133 356
133 371
133 428
133 432
133 501
133 784
133 860
133 961
133 979
133 997
134 166
134 206
134 208
134 260
134 368
134 534
134 565
134 607
134 651
134 786
134 908
135 161
135 220
135 381
135 414
135 462
135 641
135 849
135 921
135 936
136 227
136 441
136 442
136 470
136 514
136 526
136 582
136 694
136 699
136 772
136 816
136 824
136 940
136 959
137 182
137 223
137 311
137 355
137 424
137 601
137 605
137 715
137 878
137 926
138 171
138 190
138 231
138 238
138 513
138 622
138 834
138 968
138 974
139 281
139 303
139 387
139 399
139 452
139 557
139 599
139 609
139 680
139 796
139 797
139 827
139 1004
139 1014
140 168
140 205
140 237
140 384
140 425
140 546
140 645
140 819
140 885
140 967
140 978
141 280
141 316
141 478
141 496
141 507
141 681
141 711
141 746
141 789
141 831
141 991
142 314
142 375
142 385
142 456
142 604
142 620
142 774
142 954
142 964
143 159
143 191
143 315
143 405
143 457
143 461
143 653
143 743
143 755
143 848
143 891
143 983
143 1010
144 170
144 332
144 343
144 423
144 448
144 687
144 737
144 748
144 914
144 933
144 946
145 246
145 294
145 310
145 458
145 497
145 521
145 601
145 731
145 775
145 903
145 1002
146 180
146 310
146 355
146 385
146 446
146 453
146 531
146 558
146 562
146 725
146 767
146 785
146 967
147 157
147 215
147 349
147 361
147 399
147 438
147 475
147 485
147 533
147 543
147 612
147 762
147 897
147 958
147 964
147 987
148 166
148 300
148 388
148 439
148 494
148 616
148 787
149 199
149 213
149 222
149 296
149 380
149 525
149 546
149 727
149 885
149 951
149 972
149 979
150 174
150 246
150 300
150 319
150 322
150 380
150 419
150 420
150 447
150 474
150 533
150 560
150 621
150 639
150 836
150 929
150 945
151 261
151 319
151 340
151 389
151 433
151 457
151 491
151 570
151 808
151 847
152 173
152 260
152 271
152 285
152 318
152 321
152 331
152 359
152 400
152 467
152 477
152 523
152 669
152 745
152 783
152 886
152 890
153 320
153 325
153 367
153 385
153 439
153 440
153 555
153 556
153 591
153 630
153 781
153 827
153 838
153 849
153 968
153 971
154 164
154 225
154 251
154 471
154 502
154 504
154 570
154 576
154 679
154 772
154 840
154 943
155 176
155 276
155 495
155 502
155 573
155 613
155 901
155 914
156 323
156 338
156 407
156 443
156 477
156 486
156 578
156 585
156 659
156 859
156 918
156 942
156 959
156 1014
157 182
157 284
157 349
157 390
157 431
157 474
157 488
157 652
157 760
157 844
157 866
157 999
158 166
158 172
158 182
158 291
158 307
158 438
158 504
158 510
158 519
158 648
158 726
158 751
158 901
159 354
159 543
159 766
159 982
160 205
160 236
160 237
160 250
160 272
160 350
160 426
160 484
160 585
160 590
160 732
160 746
160 756
160 817
160 935
160 988
161 222
161 314
161 318
161 359
161 365
161 375
161 574
161 585
161 654
161 672
161 715
161 763
161 799
161 885
162 170
162 293
162 336
162 429
162 454
162 567
162 690
162 813
162 991
163 376
163 411
163 416
163 474
163 511
163 543
163 551
163 590
163 770
163 795
163 866
163 896
163 930
163 946
164 267
164 366
164 397
164 548
164 580
164 609
164 622
164 666
164 677
164 694
164 814
164 826
164 900
164 937
165 372
165 465
165 555
165 660
165 666
165 779
165 817
165 883
165 885
165 899
165 946
165 949
166 302
166 359
166 365
166 573
166 599
166 600
166 616
166 617
166 652
166 709
166 712
166 817
166 842
166 930
166 1007
166 1013
167 237
167 659
167 690
167 694
167 710
167 801
167 868
167 871
167 983
167 1009
168 198
168 236
168 346
168 358
168 373
168 439
168 444
168 475
168 596
168 613
168 864
168 969
168 1013
169 341
169 363
169 396
169 594
169 696
169 831
169 954
170 215
170 243
170 377
170 439
170 461
170 794
170 945
170 983
171 177
171 187
171 227
171 395
171 422
171 480
171 488
171 506
171 549
171 555
171 598
171 634
171 641
171 658
171 674
171 865
171 932
171 993
172 217
172 230
172 313
172 339
172 386
172 509
172 714
172 867
172 878
172 884
172 944
172 946
173 262
173 294
173 296
173 342
173 624
173 628
173 630
173 686
173 822
173 825
173 856
173 888
173 978
173 981
174 199
174 323
174 416
174 508
174 512
174 573
174 696
174 780
174 838
174 969
174 982
174 1020
175 211
175 364
175 445
175 476
175 571
175 573
175 594
175 804
175 866
175 966
175 977
176 321
176 465
176 555
176 580
176 638
176 792
176 813
176 980
176 1016
177 198
177 248
177 309
177 399
177 427
177 632
177 672
177 755
177 797
177 820
177 932
178 206
178 227
178 234
178 299
178 434
178 442
178 481
178 485
178 545
178 708
178 746
178 869
178 875
178 914
178 1004
179 186
179 253
179 433
179 610
179 611
179 685
179 795
179 819
179 835
179 896
179 938
179 982
180 211
180 353
180 420
180 543
180 606
180 837
180 865
180 956
180 1003
181 208
181 576
181 618
181 671
181 707
181 717
181 755
181 776
181 850
181 851
181 958
181 996
181 1011
182 290
182 461
182 650
182 752
182 793
182 860
182 877
182 921
182 996
183 202
183 520
183 568
183 614
183 640
183 743
183 825
183 882
183 900
184 269
184 303
184 380
184 444
184 514
184 602
184 673
184 728
184 731
184 800
184 897
184 920
184 921
184 1004
185 199
185 264
185 528
185 663
185 679
185 711
185 1014
186 315
186 417
186 456
186 477
186 511
186 528
186 580
186 729
186 748
186 938
187 205
187 226
187 335
187 414
187 415
187 441
187 455
187 471
187 481
187 501
187 507
187 512
187 528
187 534
187 555
187 662
187 676
187 682
187 784
187 800
187 870
187 914
187 955
187 978
188 204
188 348
188 355
188 496
188 509
188 616
188 677
188 685
188 707
188 761
188 915
188 994
189 222
189 257
189 270
189 321
189 354
189 360
189 406
189 493
189 495
189 593
189 676
189 685
189 694
189 723
189 756
189 839
189 849
189 871
189 881
189 929
189 940
189 982
190 245
190 324
190 443
190 506
190 614
190 640
190 671
190 686
190 749
190 831
190 851
190 1000
191 289
191 292
191 385
191 503
191 600
191 674
191 815
192 215
192 266
192 444
192 480
192 511
192 604
192 689
192 797
192 801
193 281
193 420
193 452
193 492
193 552
193 562
193 596
193 655
193 826
193 877
193 928
193 984
194 198
194 303
194 380
194 397
194 454
194 509
194 524
194 726
194 756
194 786
194 881
194 938
195 215
195 221
195 241
195 244
195 290
195 305
195 532
195 595
195 630
195 790
195 801
195 859
195 937
195 945
195 998
196 311
196 509
196 518
196 627
196 685
196 763
196 1013
197 277
197 421
197 645
197 893
197 907
197 930
198 227
198 258
198 283
198 509
198 663
198 735
198 803
198 846
198 862
198 918
198 930
198 974
198 980
198 999
199 263
199 407
199 466
199 487
199 504
199 572
199 594
199 714
199 811
199 969
200 221
200 272
200 284
200 293
200 325
200 336
200 445
200 500
200 654
200 735
200 756
200 814
200 833
200 864
201 329
201 499
201 606
201 616
201 627
201 669
201 809
201 881
201 948
202 393
202 699
202 793
202 847
202 933
202 995
203 246
203 453
203 562
203 767
203 769
203 872
203 922
203 951
203 992
204 245
204 308
204 338
204 451
204 490
204 533
204 852
204 902
204 934
204 983
205 357
205 376
205 406
205 431
205 504
205 575
205 683
205 881
206 318
206 437
206 473
206 518
206 562
206 622
206 682
206 692
206 740
206 776
206 799
206 832
206 844
206 877
206 973
207 238
207 318
207 453
207 481
207 492
207 711
207 803
207 812
207 829
207 864
207 897
207 1022
208 220
208 523
208 543
208 661
208 789
208 958
209 238
209 625
209 659
209 776
209 857
209 858
209 870
209 970
209 992
210 290
210 551
210 571
210 576
210 595
210 626
210 629
210 773
210 849
210 880
210 912
211 346
211 446
211 534
211 670
211 903
211 927
212 337
212 522
212 533
212 593
212 761
212 846
212 979
213 254
213 398
213 531
213 532
213 641
213 712
213 714
213 716
213 783
213 1003
214 233
214 260
214 414
214 421
214 434
214 452
214 501
214 587
214 694
214 799
214 830
214 884
214 920
214 941
215 221
215 360
215 466
215 557
215 661
215 1016
216 268
216 346
216 419
216 427
216 482
216 667
216 680
216 684
216 798
216 813
216 846
216 907
216 940
216 977
217 219
217 268
217 351
217 434
217 458
217 563
217 743
217 946
217 994
218 403
218 573
218 591
218 620
218 728
218 972
219 316
219 376
219 389
219 461
219 921
220 264
220 525
220 561
220 609
220 683
220 767
220 856
220 923
220 937
220 986
221 270
221 314
221 330
221 377
221 379
221 382
221 395
221 442
221 457
221 538
221 606
221 680
221 770
221 805
221 851
221 925
221 948
221 1011
222 223
222 236
222 301
222 374
222 404
222 413
222 423
222 431
222 621
222 732
222 756
222 771
222 791
222 942
222 944
223 390
223 480
223 496
223 529
223 604
223 766
223 818
223 819
224 356
224 386
224 484
224 578
224 594
224 599
224 600
224 607
224 611
224 646
224 714
224 763
224 796
224 843
224 875
224 929
224 987
225 230
225 266
225 268
225 343
225 383
225 409
225 531
225 562
225 662
225 694
225 704
225 721
225 754
225 823
225 848
225 959
225 976
225 982
226 370
226 410
226 451
226 456
226 479
226 515
226 536
226 551
226 555
226 590
226 681
226 718
226 892
226 940
226 959
227 376
227 485
227 591
227 654
227 916
227 956
227 962
227 983
228 357
228 451
228 479
228 485
228 608
228 742
228 807
228 844
228 893
228 924
228 1000
229 335
229 417
229 428
229 555
229 569
229 573
229 588
229 605
229 709
229 782
229 832
229 886
229 921
229 948
229 983
230 256
230 264
230 288
230 396
230 416
230 444
230 629
230 747
230 839
230 864
230 939
230 989
230 1016
231 312
231 384
231 489
231 529
231 618
231 703
231 767
231 776
231 827
231 876
231 964
232 284
232 367
232 396
232 397
232 536
232 538
232 569
232 867
232 878
232 955
232 961
232 1005
233 437
233 645
233 679
233 761
233 780
233 804
233 854
233 888
234 281
234 353
234 372
234 524
234 548
234 554
234 572
234 795
234 895
234 938
234 989
234 1012
235 348
235 406
235 464
235 493
235 499
235 556
235 560
235 681
235 683
235 811
235 818
235 872
235 1004
236 359
236 368
236 621
236 630
236 649
236 789
236 872
236 893
237 381
237 411
237 507
237 701
238 261
238 285
238 415
238 436
238 503
238 678
238 682
238 739
238 750
238 763
238 764
238 783
238 813
238 937
239 253
239 282
239 300
239 316
239 364
239 641
239 804
239 894
239 960
239 1018
240 267
240 297
240 298
240 390
240 426
240 498
240 689
240 841
240 951
241 245
241 326
241 347
241 389
241 451
241 647
241 770
241 866
241 976
242 255
242 261
242 293
242 304
242 321
242 356
242 370
242 451
242 538
242 564
242 578
242 611
242 650
242 777
242 857
242 871
242 873
242 934
243 302
243 368
243 406
243 529
243 591
243 777
243 824
243 862
243 868
243 970
243 984
243 988
244 350
244 480
244 509
244 513
244 544
244 589
244 638
244 656
244 695
244 709
244 751
244 816
244 884
244 885
244 939
244 986
245 247
245 279
245 393
245 491
245 581
245 693
245 724
245 917
245 940
246 247
246 269
246 270
246 324
246 371
246 491
246 791
246 879
246 885
247 407
247 409
247 477
247 509
247 514
247 610
247 743
247 757
247 832
247 948
248 535
248 644
248 698
248 704
248 775
248 810
248 878
248 881
248 953
249 257
249 340
249 367
249 427
249 670
249 699
249 732
249 763
249 854
249 971
250 450
250 556
250 591
250 664
250 683
250 906
250 937
251 486
251 490
251 740
251 781
251 809
251 866
251 875
251 989
251 1015
252 285
252 336
252 384
252 387
252 459
252 569
252 715
252 924
252 938
253 290
253 341
253 368
253 492
253 608
253 628
253 652
253 700
253 795
253 797
253 957
253 996
254 325
254 475
254 504
254 521
254 524
254 533
254 551
254 553
254 570
254 592
254 649
254 737
254 761
254 824
254 881
254 895
254 900
254 903
254 986
255 292
255 327
255 359
255 406
255 558
255 664
255 814
255 817
255 837
255 841
255 962
255 996
256 327
256 453
256 497
256 499
256 540
256 547
256 594
256 621
256 736
256 745
256 747
256 788
256 833
257 318
257 342
257 452
257 560
257 634
257 808
257 821
257 885
257 982
258 520
258 525
258 747
258 822
258 860
258 891
258 942
259 394
259 431
259 563
259 721
259 872
259 943
260 267
260 285
260 363
260 375
260 520
260 653
260 794
260 802
260 816
260 853
260 905
260 913
260 952
260 953
260 970
261 344
261 356
261 486
261 628
261 665
261 695
261 745
261 856
261 875
261 909
261 914
261 999
262 403
262 461
262 466
262 641
262 862
262 881
262 902
262 923
262 946
263 322
263 443
263 563
263 626
263 672
263 684
263 739
263 750
263 767
263 769
263 818
263 819
263 901
264 331
264 343
264 375
264 399
264 466
264 504
264 510
264 664
264 678
264 725
264 765
264 821
264 825
264 982
265 290
265 384
265 391
265 432
265 469
265 483
265 509
265 544
265 633
265 717
265 745
266 424
266 526
266 541
266 553
266 748
266 750
266 822
266 961
266 998
266 1014
267 350
267 381
267 390
267 453
267 459
267 521
267 675
267 676
267 718
267 807
267 838
267 937
268 301
268 417
268 488
268 497
268 648
268 757
268 817
268 894
268 903
268 985
269 318
269 339
269 354
269 418
269 423
269 702
269 705
269 733
269 886
269 897
270 579
270 593
270 607
270 695
270 733
270 914
270 993
271 361
271 381
271 600
271 722
271 727
271 760
271 769
271 910
271 969
271 973
272 533
272 568
272 586
272 636
272 672
272 755
272 778
272 838
272 868
272 876
272 963
273 280
273 384
273 413
273 418
273 451
273 457
273 596
273 661
273 843
273 939
273 944
273 982
274 301
274 313
274 407
274 427
274 511
274 561
274 599
274 613
274 679
274 854
274 863
274 1000
275 300
275 322
275 517
275 530
275 556
275 613
275 661
275 687
275 868
275 935
276 279
276 454
276 544
276 588
276 680
276 771
276 795
277 363
277 395
277 419
277 464
277 468
277 504
277 529
277 578
277 584
277 739
277 883
277 988
278 362
278 394
278 500
278 656
278 720
278 751
278 753
278 811
278 812
278 839
278 903
279 421
279 492
279 583
279 635
279 702
279 754
279 763
279 869
279 939
279 960
279 1014
280 294
280 347
280 382
280 447
280 495
280 553
280 671
280 822
280 834
280 904
280 913
281 295
281 339
281 461
281 721
281 851
281 853
281 927
281 990
281 1004
282 323
282 338
282 459
282 509
282 547
282 553
282 735
282 760
282 804
283 288
283 319
283 432
283 716
283 779
283 793
283 869
284 294
284 316
284 339
284 426
284 576
284 656
284 711
284 721
284 740
284 821
284 866
284 873
284 927
285 474
285 495
285 627
285 673
285 767
285 876
285 883
285 900
285 1018
286 302
286 324
286 494
286 553
286 574
286 611
286 622
286 642
286 692
286 901
287 288
287 321
287 338
287 446
287 467
287 483
287 594
287 779
288 330
288 363
288 436
288 461
288 584
288 618
288 734
288 753
288 820
288 861
289 444
289 456
289 484
289 527
289 632
289 671
289 821
289 847
289 990
290 296
290 303
290 345
290 375
290 439
290 563
290 634
290 736
290 797
290 801
290 854
290 855
290 860
290 888
290 1018
291 297
291 390
291 422
291 588
291 641
291 673
291 939
291 940
291 951
292 301
292 322
292 359
292 379
292 419
292 447
292 500
292 666
292 709
292 712
292 1001
292 1020
293 363
293 429
293 433
293 515
293 517
293 524
293 542
293 577
293 581
293 588
293 626
293 716
293 718
293 809
293 860
293 925
293 1016
294 311
294 329
294 448
294 542
294 620
294 736
294 768
294 836
294 840
294 874
294 895
294 1006
294 1009
294 1014
295 312
295 315
295 375
295 535
295 545
295 680
295 690
295 695
295 721
295 733
295 739
295 741
295 781
295 838
295 847
296 334
296 374
296 388
296 508
296 531
296 588
296 802
296 823
296 826
296 851
296 907
296 944
296 962
297 335
297 487
297 602
297 629
297 660
297 664
297 870
297 926
298 388
298 491
298 649
298 757
299 449
299 504
299 546
299 574
299 647
299 674
299 726
299 731
299 797
299 801
299 897
299 913
299 993
300 436
300 563
300 682
300 690
300 725
300 851
301 404
301 543
301 634
301 713
301 816
301 860
301 960
302 377
302 480
302 530
302 543
302 772
302 887
303 434
303 444
303 457
303 502
303 519
303 525
303 665
303 670
303 699
303 738
303 758
303 1023
304 409
304 591
304 618
304 667
304 721
304 724
304 790
304 929
304 999
304 1017
305 355
305 361
305 472
305 557
305 564
305 583
305 734
305 848
305 860
305 880
305 908
305 941
306 346
306 369
306 423
306 454
306 466
306 712
306 829
306 852
306 971
306 977
307 445
307 528
307 635
307 677
307 774
307 805
307 882
307 968
307 974
308 312
308 377
308 420
308 651
308 710
308 718
308 898
308 960
308 989
309 333
309 343
309 354
309 385
309 392
309 514
309 545
309 653
309 758
309 804
309 819
309 896
309 913
310 388
310 403
310 426
310 476
310 489
310 534
310 904
310 908
310 932
310 998
310 1016
311 437
311 491
311 589
311 601
311 680
311 688
311 742
311 906
311 965
312 381
312 422
312 437
312 463
312 570
312 627
312 801
312 909
313 331
313 486
313 531
313 699
313 719
313 768
313 902
313 917
313 960
314 317
314 397
314 473
314 701
314 854
314 869
315 320
315 327
315 372
315 435
315 463
315 563
315 567
315 611
315 699
315 822
315 834
315 840
315 915
315 943
315 947
316 445
316 475
316 613
316 712
316 759
316 890
316 1021
317 388
317 548
317 649
317 655
317 693
317 707
317 807
317 926
317 993
318 333
318 414
318 415
318 418
318 444
318 533
318 609
318 691
318 714
318 767
318 830
318 890
318 898
318 997
319 464
319 543
319 834
319 907
319 926
319 962
320 371
320 381
320 756
320 834
320 843
320 930
321 323
321 439
321 472
321 605
321 686
321 710
321 744
321 1015
322 338
322 411
322 426
322 495
322 693
322 745
322 778
322 790
322 1019
323 456
323 595
323 614
323 832
323 859
323 917
323 976
323 1002
324 345
324 363
324 528
324 529
324 594
324 692
324 724
324 732
324 761
324 1015
325 340
325 707
325 769
325 778
325 817
325 907
325 910
325 956
326 390
326 469
326 477
326 564
326 566
326 662
326 773
326 791
326 840
326 853
326 856
326 861
327 362
327 424
327 430
327 455
327 493
327 534
327 536
327 575
327 774
327 823
327 865
327 874
327 949
327 971
327 972
328 330
328 534
328 579
328 607
328 655
328 902
328 921
328 941
328 951
328 955
328 973
329 383
329 450
329 464
329 527
329 749
329 785
329 971
330 365
330 401
330 741
330 796
330 946
330 966
330 969
331 372
331 389
331 504
331 728
331 777
331 848
331 910
331 922
331 964
332 345
332 408
332 547
332 575
332 641
332 649
332 672
332 677
332 705
332 788
332 822
332 992
333 379
333 391
333 487
333 687
333 826
333 893
333 942
334 404
334 405
334 474
334 570
334 627
334 742
335 355
335 533
335 547
335 561
335 579
335 669
335 676
335 741
335 805
335 852
336 400
336 435
336 480
336 548
336 584
336 594
336 614
336 673
336 788
336 816
336 836
336 846
336 850
337 416
337 471
337 521
337 568
337 603
337 645
337 707
337 710
337 761
337 774
337 778
337 794
337 813
337 934
337 946
338 484
338 539
338 613
338 681
338 775
338 788
338 806
338 856
338 864
338 989
339 367
339 395
339 644
339 774
339 815
339 817
339 824
339 854
339 882
340 342
340 385
340 770
340 825
340 871
340 915
341 419
341 469
341 732
341 828
341 999
341 1000
342 408
342 409
342 416
342 473
342 690
342 779
342 810
342 854
343 408
343 512
343 548
343 565
343 870
343 921
344 421
344 494
344 505
344 506
344 511
344 589
344 611
344 668
344 702
344 752
344 766
344 795
344 843
344 906
344 1014
345 347
345 385
345 423
345 436
345 499
345 548
345 648
345 680
345 711
345 826
345 844
345 850
345 856
345 881
345 953
346 600
346 711
346 825
346 918
346 950
346 970
347 436
347 492
347 571
347 682
347 738
347 855
347 898
347 983
347 1016
348 368
348 551
348 581
348 633
348 673
348 675
348 951
349 463
349 663
349 713
349 726
349 787
349 797
349 828
349 855
349 927
349 989
349 1003
350 383
350 468
350 513
350 608
350 704
350 760
350 774
350 820
350 862
350 1007
350 1015
351 401
351 586
351 606
351 695
351 736
351 781
351 872
351 910
351 1022
352 417
352 501
352 627
352 644
352 811
352 817
352 879
352 923
353 383
353 463
353 468
353 482
353 665
353 804
353 820
353 823
353 835
353 839
353 857
353 882
354 401
354 430
354 450
354 639
354 677
354 781
354 860
354 955
354 970
354 997
354 1005
355 415
355 465
355 511
355 627
355 693
355 746
355 765
355 775
355 995
355 1023
356 384
356 526
356 546
356 630
356 688
356 705
356 793
356 800
356 899
356 998
357 405
357 406
357 457
357 500
357 587
357 591
357 639
357 679
357 752
357 824
357 831
357 855
357 911
358 396
358 447
358 451
358 662
358 777
358 785
359 371
359 400
359 510
359 518
359 608
359 610
359 669
359 708
359 721
359 789
360 507
360 589
360 635
360 786
360 939
360 1006
361 378
361 640
361 691
361 759
361 810
361 919
361 1002
362 367
362 389
362 403
362 432
362 576
362 655
362 675
362 686
362 767
362 827
363 372
363 415
363 437
363 518
363 755
364 406
364 455
364 568
364 573
364 584
364 698
364 726
364 885
364 944
365 398
365 430
365 432
365 489
365 694
365 762
365 766
365 862
365 920
365 1010
366 372
366 494
366 551
366 600
366 601
366 665
366 739
366 778
366 842
366 880
366 906
366 920
367 394
367 415
367 621
367 655
367 695
367 752
367 960
368 427
368 497
368 532
368 621
368 666
368 758
368 766
368 796
368 811
368 864
368 955
368 970
368 1004
369 443
369 847
369 906
369 982
369 1011
370 474
370 569
370 629
370 700
370 759
370 777
370 783
370 876
370 883
371 377
371 454
371 596
371 706
371 756
371 861
372 717
372 753
372 760
372 792
373 540
373 562
373 567
373 674
373 677
373 718
373 760
373 1010
373 1017
374 543
374 589
374 717
374 797
374 930
374 943
374 960
375 486
375 510
375 678
375 713
375 731
375 780
375 861
375 865
376 421
376 498
376 556
376 641
376 671
376 676
376 890
377 428
377 492
377 505
377 558
377 922
377 938
377 987
378 459
378 556
378 659
378 699
378 716
378 766
378 771
378 883
378 913
378 944
378 1001
379 401
379 523
379 566
379 639
379 686
379 941
379 971
379 1005
380 524
380 562
380 937
380 939
381 528
381 814
381 817
381 885
381 954
382 423
382 448
382 474
382 674
382 738
382 746
382 956
382 1000
383 424
383 448
383 468
383 641
383 645
383 675
383 715
384 400
384 458
384 506
384 586
384 702
384 772
384 851
384 930
384 968
384 1019
385 515
385 565
385 566
385 603
385 625
385 714
385 719
385 937
385 943
386 516
386 564
386 588
386 616
386 640
386 686
386 791
386 921
386 982
387 486
387 541
387 839
387 947
388 405
388 660
388 797
388 799
388 882
389 570
389 625
389 635
389 648
389 758
389 773
389 811
389 942
390 476
390 510
390 523
390 755
390 770
390 950
391 392
391 394
391 402
391 416
391 449
391 456
391 482
391 502
391 505
391 541
391 581
391 639
391 737
391 805
391 954
391 987
391 995
392 412
392 501
392 510
392 637
392 728
392 854
392 868
392 945
392 989
393 395
393 424
393 492
393 594
393 600
393 645
393 672
393 939
393 984
393 991
394 401
394 460
394 478
394 536
394 670
394 692
394 750
394 764
394 782
395 455
395 464
395 619
395 621
395 650
395 812
395 864
395 916
395 955
395 986
396 405
396 410
396 416
396 418
396 471
396 553
396 908
396 915
396 1016
397 544
397 593
397 594
397 651
397 710
397 751
397 763
397 764
397 829
397 838
397 901
397 933
397 990
397 994
398 464
398 495
398 820
398 831
398 949
399 426
399 431
399 555
399 578
399 595
399 652
399 790
399 934
400 402
400 433
400 658
400 662
400 747
400 788
400 840
400 841
400 871
401 419
401 455
401 574
401 601
401 633
401 705
401 732
401 881
401 911
401 941
401 962
401 987
402 423
402 550
402 619
402 708
402 797
402 822
402 843
402 988
403 549
403 913
403 956
403 1001
403 1017
404 420
404 634
404 767
404 921
405 418
405 510
405 562
405 596
405 617
405 637
405 658
405 817
405 871
405 874
405 915
405 938
405 942
406 415
406 423
406 533
406 566
406 605
406 854
406 902
407 425
407 486
407 505
407 535
407 576
407 594
407 679
407 772
407 815
407 895
407 922
408 536
408 621
408 649
408 723
408 788
408 809
408 846
408 927
408 950
408 965
409 571
409 826
409 849
409 907
410 465
410 527
410 694
410 782
411 527
411 531
411 558
411 570
411 572
411 589
411 621
411 689
411 757
411 817
411 915
411 947
411 979
411 992
412 429
412 457
412 482
412 533
412 558
412 571
412 673
412 708
412 827
412 834
412 974
412 1001
413 513
413 558
413 731
413 807
413 913
413 936
413 962
414 830
414 838
414 879
414 952
415 599
415 674
415 767
415 832
415 880
415 883
415 897
416 599
416 831
416 928
416 968
416 981
416 998
417 437
417 526
417 606
417 624
417 687
418 466
418 640
418 766
418 861
418 900
418 960
419 431
419 597
419 836
419 911
419 915
420 658
420 730
420 740
420 893
420 971
421 454
421 472
421 511
421 624
421 731
421 735
421 840
421 1002
421 1019
422 637
422 645
422 874
422 896
422 950
422 1012
422 1022
423 601
423 742
423 794
424 525
424 670
424 697
424 713
424 786
424 841
424 886
424 906
424 951
424 978
425 488
425 574
425 635
425 688
425 716
425 745
425 783
425 794
425 891
425 965
426 577
426 702
426 817
426 868
426 1021
427 493
427 592
427 703
427 898
427 899
427 925
427 933
428 541
428 716
428 746
428 892
428 908
428 956
428 1012
429 488
429 490
429 512
429 577
429 659
429 730
429 747
429 772
429 834
429 910
430 545
430 566
430 578
430 600
430 672
430 696
430 702
430 708
430 815
430 819
430 980
430 982
430 1001
431 506
431 579
431 757
431 784
431 974
432 450
432 591
432 678
432 872
432 949
433 471
433 637
433 736
433 821
433 840
433 953
433 987
434 449
434 608
434 626
434 628
434 765
434 929
434 958
434 981
435 537
435 803
435 824
435 877
435 903
435 909
436 472
436 481
436 641
436 652
436 803
436 913
436 941
437 520
437 633
437 645
437 712
437 823
437 884
438 687
438 795
438 903
438 913
438 982
439 463
439 637
439 764
439 804
439 851
439 900
440 614
440 622
440 643
440 809
440 861
440 937
440 978
441 506
441 532
441 566
441 742
441 751
441 794
441 876
441 992
441 1001
442 539
442 541
442 560
442 694
442 714
442 915
442 954
442 990
443 470
443 496
443 559
443 568
443 575
443 633
443 676
443 829
443 865
443 1016
443 1022
444 521
444 560
444 662
444 689
444 951
444 967
444 1009
445 493
445 597
445 602
445 616
445 625
445 712
445 764
445 820
445 845
445 907
446 489
446 528
446 553
446 559
446 623
446 671
446 746
446 828
446 845
446 880
446 1023
447 509
447 549
447 628
447 659
447 705
447 716
447 757
447 824
447 845
447 995
448 537
448 594
448 746
448 921
448 948
449 594
449 620
449 720
449 906
449 1017
450 564
450 622
450 671
450 825
450 910
451 502
451 609
451 627
451 691
451 775
451 888
451 981
452 528
452 576
452 710
452 873
452 962
452 983
452 991
453 458
453 489
453 598
453 709
453 878
454 475
454 661
454 765
454 770
454 772
454 787
454 830
454 831
454 925
454 975
454 977
455 675
455 680
455 787
455 873
455 894
455 898
456 462
456 504
456 692
456 710
456 978
456 1012
457 550
457 611
457 762
457 789
457 816
457 940
457 942
458 630
458 677
458 749
458 809
458 908
458 929
459 537
459 684
459 720
459 1014
460 486
460 513
460 956
460 1001
461 578
461 708
461 713
461 789
461 962
461 992
462 489
462 507
462 524
462 534
462 605
462 887
462 888
462 919
462 964
463 475
463 590
463 611
463 671
463 676
463 689
463 894
464 505
464 799
464 836
464 851
464 982
464 984
465 554
465 631
465 691
465 749
465 893
465 929
466 531
466 638
466 657
466 749
466 883
466 1007
467 495
467 519
467 612
467 638
467 673
467 937
468 488
468 505
468 620
468 872
468 909
468 919
468 978
469 508
469 617
469 714
469 816
469 874
469 896
469 980
469 1006
469 1014
470 573
470 839
470 846
470 911
470 999
471 582
471 588
471 650
471 695
471 718
472 570
472 695
472 1010
473 475
473 486
473 488
473 644
473 701
473 744
473 803
473 832
473 870
473 988
474 495
474 755
474 763
474 985
475 511
475 668
475 670
475 841
475 844
475 871
475 875
475 1008
476 638
476 671
476 784
476 847
477 495
477 540
477 663
477 673
477 780
477 866
477 875
477 961
478 530
478 532
478 557
478 649
478 671
478 732
478 814
478 837
479 608
479 621
479 626
479 890
479 896
479 1008
480 609
480 618
480 712
480 839
480 1008
480 1023
481 484
481 504
481 575
481 638
481 769
481 958
481 962
482 495
482 500
482 528
482 579
482 637
482 737
482 749
482 811
482 833
482 862
482 902
483 490
483 803
483 917
483 968
483 990
484 487
484 518
484 752
484 825
484 842
484 847
484 981
485 596
485 850
485 876
485 888
485 971
486 524
486 530
486 606
486 659
486 672
486 708
486 737
486 757
486 857
486 869
487 522
487 546
487 592
487 598
487 653
487 764
487 789
487 822
487 840
487 877
487 946
487 1007
488 550
488 576
488 585
488 656
488 707
488 776
488 837
488 935
488 944
489 491
489 527
489 561
489 605
489 693
489 780
489 818
489 841
489 860
489 944
490 588
490 647
490 758
490 778
490 866
490 976
490 996
491 515
491 520
491 549
491 592
491 610
491 637
491 731
491 740
491 770
491 777
491 845
491 850
491 930
491 939
491 968
491 1023
492 518
492 587
492 622
492 825
492 908
492 992
493 673
493 696
493 708
493 721
493 727
493 731
493 740
493 772
493 773
493 795
493 937
494 559
494 637
494 662
494 694
494 793
494 807
494 820
494 852
494 880
494 896
494 922
494 1017
494 1020
495 534
495 564
495 568
495 609
495 862
495 876
495 913
495 944
496 556
496 592
496 634
496 904
496 935
496 969
497 528
497 568
497 645
497 692
497 721
497 860
497 864
498 554
498 654
498 712
498 729
498 783
498 785
499 534
499 599
499 812
499 885
499 981
499 1003
500 834
500 950
501 615
501 667
501 720
501 909
501 996
502 594
502 610
503 573
503 664
503 671
503 920
503 998
504 622
504 742
504 801
504 847
504 990
505 529
505 676
505 781
505 782
505 823
505 833
505 846
505 943
505 1002
506 509
506 549
506 720
506 737
506 882
506 1002
506 1004
507 577
507 699
507 836
507 865
507 902
507 981
508 537
508 579
508 644
508 692
508 763
508 814
508 843
508 846
508 876
508 905
508 908
509 625
509 778
509 814
509 853
509 871
509 894
509 900
510 540
510 559
510 607
510 705
510 799
510 830
510 922
510 929
511 539
511 608
511 619
511 620
511 687
511 790
511 841
511 855
511 869
511 931
512 620
512 632
512 647
512 757
512 794
512 887
512 907
512 952
512 1015
512 1023
513 538
513 972
514 566
514 695
514 781
514 783
514 881
514 888
514 1018
515 659
515 686
515 715
515 743
515 889
515 916
515 942
516 694
516 703
516 727
516 803
516 848
516 875
516 1022
517 572
517 663
517 709
517 804
517 888
517 916
517 937
517 958
517 964
517 1005
518 534
518 619
518 630
518 658
518 796
518 821
518 862
518 868
518 982
519 606
519 687
519 847
520 603
520 649
520 678
520 734
520 774
520 795
520 798
520 905
520 930
520 1019
521 586
521 694
521 766
521 787
521 791
521 817
521 926
521 962
522 565
522 576
522 599
522 755
522 759
522 823
522 962
522 974
523 609
523 741
523 785
523 786
523 821
523 834
523 895
524 551
524 567
524 577
524 597
524 681
524 736
524 768
524 812
524 854
524 899
524 913
524 920
524 933
524 954
524 1015
525 552
525 644
525 681
525 765
525 862
525 898
525 952
525 965
525 1021
526 541
526 641
526 655
526 692
526 717
526 734
526 929
527 531
527 559
527 753
527 763
527 952
527 980
527 995
528 537
528 576
528 604
528 627
528 678
528 883
528 917
528 965
528 980
528 984
528 1014
529 646
529 751
529 788
529 821
529 879
529 984
530 563
530 595
530 683
530 888
530 993
531 571
531 605
531 640
531 669
531 672
531 773
531 802
531 961
532 546
532 583
532 892
532 901
532 913
533 604
533 685
533 790
533 916
533 1005
533 1021
534 535
534 578
534 604
534 700
534 751
534 798
534 970
535 736
535 746
535 752
535 798
535 1020
536 561
536 729
536 753
536 800
536 818
536 952
537 539
537 619
537 680
537 703
537 792
537 795
537 890
538 807
538 808
538 818
538 881
538 930
538 954
539 569
539 574
539 677
539 862
539 878
539 906
539 910
539 990
540 561
540 625
540 671
540 779
540 959
540 968
541 639
541 671
541 673
541 718
541 719
541 742
541 799
541 853
541 875
541 1011
542 734
542 781
542 797
542 880
542 928
542 946
542 1001
542 1015
543 585
543 707
543 890
543 893
544 554
544 575
544 724
544 897
544 974
545 583
545 589
545 653
545 668
545 672
545 695
545 741
545 816
545 822
545 845
545 978
545 995
546 553
546 604
546 759
546 812
546 838
546 868
546 945
546 946
547 586
547 653
547 655
547 681
547 687
547 770
547 885
547 924
547 1002
548 812
548 932
548 952
548 982
548 984
549 561
549 660
549 665
549 747
549 795
549 842
549 845
549 868
549 973
549 986
549 1019
550 570
550 610
550 722
550 756
550 908
551 821
551 867
551 888
551 897
552 610
552 612
552 653
552 847
552 929
552 967
552 988
552 992
553 556
553 602
553 794
553 840
553 864
553 985
553 994
554 576
554 634
554 736
554 891
554 931
554 944
554 952
554 966
555 567
555 608
555 912
555 916
555 918
556 638
556 661
556 748
556 759
556 772
556 996
557 637
557 662
557 736
557 931
557 939
557 954
557 1008
558 672
558 695
558 751
558 949
559 561
559 570
559 579
559 655
559 732
559 738
559 751
559 758
559 969
560 636
560 719
560 774
560 782
560 926
561 572
561 765
561 791
561 840
562 613
562 769
562 876
562 898
562 903
562 955
562 956
562 978
563 606
563 647
563 758
564 648
564 651
564 790
564 858
565 637
565 817
565 869
565 912
565 1019
566 617
566 684
566 694
566 724
566 743
566 745
566 896
566 923
567 769
567 786
567 800
567 809
567 842
567 942
567 1005
568 585
568 600
568 615
568 641
568 671
568 715
568 796
568 812
568 866
568 873
569 637
569 675
569 834
569 843
569 844
569 874
570 648
570 673
570 841
570 860
571 649
571 676
571 698
571 735
571 948
571 982
571 1018
571 1023
572 576
572 581
572 598
572 606
572 616
572 617
572 676
572 682
572 754
572 804
573 589
573 649
573 653
573 659
573 690
573 747
573 899
573 906
573 930
573 957
574 633
574 644
574 707
574 844
574 845
574 904
574 909
574 960
575 663
575 783
575 854
575 881
575 925
575 1012
576 591
576 622
576 672
576 732
576 934
577 599
577 615
577 751
577 816
578 633
578 745
578 793
578 800
578 817
578 886
578 1008
579 624
579 683
579 768
579 803
579 985
579 992
579 1020
580 597
580 600
580 601
580 602
580 760
580 765
580 794
580 866
580 948
581 610
581 755
581 781
581 906
581 966
582 592
582 655
582 664
582 699
582 700
582 705
582 762
582 836
582 854
582 959
582 991
582 999
583 672
583 718
583 740
583 778
583 787
583 831
583 838
583 923
583 944
583 1021
584 613
584 777
584 896
585 700
585 788
585 854
585 865
585 922
585 937
585 970
586 640
586 651
586 718
586 751
586 756
586 859
586 895
586 988
587 595
587 600
587 645
587 732
587 769
587 869
587 900
588 656
588 748
588 848
588 867
588 874
588 897
588 910
588 915
588 989
588 1001
589 601
589 694
589 787
589 807
589 862
589 996
590 722
590 859
590 962
591 693
591 719
591 723
591 908
591 911
591 942
591 968
592 656
592 666
592 774
592 814
592 939
592 948
593 657
593 686
593 699
593 889
593 978
594 669
594 757
594 800
594 825
594 950
594 1007
594 1012
595 660
595 691
595 764
595 837
595 887
595 1018
596 623
596 701
596 733
596 815
596 840
596 888
596 912
596 922
597 654
597 706
597 789
597 878
598 601
598 611
598 696
598 837
599 660
599 671
599 686
599 746
599 781
599 794
599 805
599 901
599 971
600 677
600 725
600 809
600 1010
601 614
601 682
601 773
601 864
601 911
602 774
602 930
602 939
602 959
602 963
602 974
603 646
603 777
603 930
603 957
603 1000
603 1020
604 696
604 727
604 736
604 1009
605 722
605 795
605 799
605 819
605 863
605 888
605 915
605 936
606 705
606 769
606 800
606 804
606 808
606 848
606 849
606 852
607 618
607 726
607 743
607 815
607 827
607 875
607 895
607 925
607 976
608 685
608 706
608 742
608 823
609 662
609 699
609 716
609 760
609 921
609 958
609 1013
610 672
610 772
610 859
610 946
610 969
611 626
611 769
611 1000
612 791
612 1000
613 640
613 665
613 864
613 880
613 976
613 1004
613 1005
614 648
614 799
614 804
614 820
614 851
614 967
614 975
614 984
614 999
615 629
615 669
615 673
615 1001
616 701
616 984
616 1017
616 1021
617 780
617 820
617 837
617 876
617 985
617 992
618 682
618 754
618 774
618 841
618 927
618 1020
619 681
619 714
619 885
619 900
619 910
619 953
619 994
620 632
620 654
620 696
620 710
620 801
620 812
620 836
621 634
621 669
621 718
621 725
621 731
621 889
621 926
622 795
622 924
622 943
622 979
623 675
623 750
623 850
623 891
623 935
623 949
623 974
623 1002
623 1022
624 635
624 761
624 781
624 834
624 865
624 914
624 1019
625 665
625 904
625 1005
626 799
626 896
626 992
627 657
627 718
628 844
628 966
628 983
629 818
629 868
629 873
629 876
629 931
629 999
630 671
630 674
630 693
630 697
630 712
630 749
630 804
631 643
631 721
631 758
631 889
631 890
631 958
632 666
632 700
632 724
632 747
632 822
632 896
632 913
632 917
632 963
632 974
633 742
633 907
633 937
633 1008
634 648
634 653
634 887
634 890
634 946
634 969
634 983
635 690
635 731
635 783
635 839
635 985
635 997
635 1021
636 800
636 887
636 895
636 989
636 999
637 679
637 776
637 820
638 647
638 696
638 801
638 838
638 855
638 940
639 653
639 688
639 714
639 730
639 807
639 877
639 930
639 1003
640 799
640 923
640 962
640 985
641 652
641 677
641 679
641 763
641 821
641 850
641 946
641 971
642 656
642 661
642 672
642 699
642 751
642 774
642 822
642 833
643 732
643 783
643 785
643 791
643 840
643 859
643 879
643 920
643 1014
644 670
644 686
644 724
644 831
644 843
644 1006
645 717
645 757
645 793
645 997
646 701
646 759
646 836
646 852
646 896
646 918
646 958
646 981
647 678
647 883
647 972
648 683
648 862
648 864
648 875
648 882
648 984
648 1015
648 1018
649 788
649 814
649 882
650 681
650 725
650 845
650 853
650 994
651 795
651 891
651 910
651 959
652 735
652 838
652 920
652 978
652 1008
653 947
653 972
654 685
654 691
654 747
654 897
654 1023
655 674
655 741
655 872
655 875
655 882
655 980
655 981
656 675
656 783
656 849
657 699
657 771
657 782
657 789
657 820
657 939
658 669
658 676
658 740
658 805
659 785
659 855
659 897
659 960
660 671
660 737
660 765
660 870
660 922
660 933
660 940
660 1003
661 692
661 803
661 852
661 871
661 898
661 911
662 698
662 768
662 804
662 826
662 840
662 845
662 923
662 933
662 987
663 757
663 837
663 880
663 918
664 846
664 949
664 952
664 985
665 691
665 700
665 775
665 793
665 969
666 815
666 913
666 937
666 977
667 693
667 833
667 925
668 686
668 699
668 897
668 917
668 1014
669 712
669 826
670 895
670 909
670 911
670 1002
671 687
671 903
671 914
672 693
672 817
672 936
672 994
672 1009
673 766
673 792
673 874
674 693
674 759
674 897
674 913
674 934
674 986
674 1022
675 696
675 781
675 786
675 793
675 937
676 734
676 915
676 916
676 934
676 937
677 813
677 841
677 842
677 905
677 933
677 972
677 979
678 739
678 815
678 830
678 858
678 899
679 759
679 879
679 880
679 924
679 1011
680 700
680 760
680 796
680 812
680 888
680 955
681 712
681 850
681 854
681 966
681 983
682 969
683 711
683 716
683 720
683 752
683 893
683 982
684 690
684 851
685 1023
686 706
686 866
686 872
686 943
686 1007
687 783
687 866
687 932
688 865
688 978
688 990
688 1009
688 1010
689 759
689 804
689 812
689 817
689 895
689 908
689 969
690 707
690 756
690 791
690 818
690 935
691 850
691 906
691 964
691 989
692 694
692 825
692 898
692 908
692 960
692 990
693 843
693 898
693 953
693 968
693 1005
694 943
695 723
695 760
695 780
695 894
695 969
695 1016
696 705
696 827
696 829
696 837
696 910
696 922
696 964
696 965
696 1013
696 1017
697 730
697 771
697 805
697 988
698 739
698 750
698 878
698 882
698 893
698 934
698 970
699 729
699 760
699 982
700 709
700 822
700 938
700 955
700 977
700 985
700 998
701 728
701 911
701 951
702 738
702 754
702 783
702 877
702 960
702 1022
703 790
703 847
705 780
705 862
705 937
705 990
705 992
706 759
706 760
706 936
707 742
707 770
707 836
707 975
707 977
707 1002
708 840
708 887
709 749
709 815
709 816
709 828
709 874
709 882
710 717
710 786
710 959
710 997
710 1018
711 717
711 808
711 861
711 903
711 927
711 945
711 987
711 993
712 714
712 735
712 747
712 785
712 872
712 890
713 786
713 913
713 983
713 1007
714 770
714 824
714 859
714 903
714 930
715 811
715 814
715 901
715 928
715 993
716 752
716 755
716 849
716 978
717 728
717 779
717 810
717 932
717 1005
717 1017
718 731
718 865
718 914
718 950
719 767
719 916
719 945
720 739
720 777
720 834
720 842
720 890
721 748
721 826
721 903
721 1016
721 1019
722 764
722 822
722 835
722 842
722 847
722 917
722 950
723 727
723 737
723 809
723 865
723 888
723 946
724 814
724 899
724 1019
725 811
725 820
725 857
725 947
726 727
726 812
726 840
726 911
726 985
727 828
727 848
727 952
727 1005
727 1007
728 730
728 851
728 864
728 961
729 732
729 750
729 830
729 852
729 854
729 880
729 906
729 923
729 945
730 821
730 907
730 944
730 976
731 812
731 956
731 968
732 922
733 764
733 796
733 901
733 921
733 1019
734 740
734 833
734 843
734 848
735 842
735 857
735 1013
736 908
736 959
736 968
736 979
737 805
737 828
737 862
737 884
737 896
738 752
738 781
738 842
739 927
739 966
740 811
740 961
740 971
740 984
741 793
741 799
741 850
741 883
741 940
741 965
742 758
742 879
742 926
742 935
743 747
744 836
744 909
744 945
744 993
745 839
746 766
746 823
746 827
746 828
746 1012
747 806
747 891
747 924
747 987
748 749
748 804
748 823
748 988
748 1017
749 793
749 899
749 933
749 953
750 798
750 829
750 1006
751 754
751 862
751 873
751 916
751 930
752 793
752 867
752 899
752 985
753 859
753 979
754 800
754 809
754 819
754 857
754 884
755 770
755 776
755 876
755 901
756 758
756 815
756 885
756 974
756 989
756 1022
757 778
758 764
758 768
758 846
758 876
758 890
758 927
759 788
759 789
759 807
759 828
759 837
759 852
759 898
759 948
759 973
761 768
761 831
761 893
762 785
762 902
762 971
763 798
763 852
763 875
763 893
763 922
763 978
764 896
764 898
764 902
764 934
764 952
764 1005
764 1020
765 852
765 929
765 956
765 967
766 816
766 855
766 913
766 1000
766 1023
767 827
767 900
767 922
767 961
767 1000
767 1008
767 1017
768 826
768 861
768 880
768 894
768 979
769 800
769 938
770 771
770 772
770 839
770 868
770 929
770 960
770 988
772 793
772 920
772 931
772 944
772 953
773 815
773 887
773 928
773 941
773 988
775 836
775 988
776 853
776 858
777 946
778 790
778 804
778 851
778 879
779 825
779 914
779 968
779 996
779 1019
780 835
780 837
781 964
781 1021
782 811
782 870
782 889
782 973
782 1015
783 788
783 920
783 942
783 956
783 966
783 1017
784 891
785 857
785 965
786 822
786 843
786 896
786 948
787 804
787 871
788 795
788 841
788 906
788 1002
789 817
789 834
789 889
790 902
792 846
792 871
792 920
792 933
792 959
792 990
792 995
792 1015
792 1021
793 816
793 967
793 972
793 989
794 949
796 803
796 952
796 953
796 997
797 819
797 863
798 886
799 866
800 862
800 938
801 821
801 915
801 986
801 1019
802 861
802 868
802 960
802 975
803 842
803 901
803 911
804 917
804 955
804 981
805 821
805 844
806 838
806 869
808 834
808 922
808 958
808 968
809 832
809 901
809 902
809 986
810 815
810 819
810 865
810 887
811 821
811 822
811 824
811 856
811 903
811 919
811 943
811 993
813 971
814 822
814 853
814 876
814 896
814 907
814 1002
815 982
816 908
816 982
817 907
817 1013
818 843
818 860
818 904
819 847
819 912
819 938
819 980
819 1008
820 866
820 930
820 957
820 972
821 865
821 894
821 955
821 987
822 885
822 902
822 909
823 828
823 857
823 1009
825 897
825 951
825 1002
826 835
826 846
826 957
827 941
827 998
827 1019
828 919
830 840
830 867
830 882
830 905
830 973
831 927
831 961
831 971
832 841
832 853
832 980
833 877
833 905
833 950
833 1016
835 880
835 933
835 940
836 840
836 880
837 990
838 856
838 975
839 849
840 849
840 856
840 898
840 910
840 940
840 1011
841 895
841 984
842 889
842 900
842 995
843 850
843 924
843 1007
844 876
844 907
844 933
844 952
844 967
844 978
845 853
845 1016
846 880
846 947
847 869
847 942
847 971
847 983
847 1005
847 1006
848 899
848 993
849 890
849 905
849 948
849 974
849 992
849 1020
850 867
850 927
850 961
850 1013
850 1019
850 1022
851 904
851 959
851 969
851 984
852 953
853 907
853 955
854 956
854 973
854 975
855 865
855 947
856 981
857 870
858 967
858 1008
859 914
860 910
860 922
861 923
861 975
862 1011
864 977
864 996
864 1011
865 971
866 1006
866 1018
867 977
868 905
868 942
868 1006
869 969
871 898
871 942
871 962
872 887
872 896
872 909
873 943
873 993
873 1001
874 979
875 935
875 992
876 1009
877 988
879 1009
880 923
881 972
882 947
883 884
883 923
883 975
884 921
884 969
884 977
884 1005
885 889
886 899
886 941
886 995
887 989
888 915
888 1010
889 932
889 958
889 982
890 944
893 898
893 935
893 952
894 960
894 966
894 1010
895 935
895 1005
895 1017
897 953
897 1008
897 1011
897 1017
898 912
898 931
898 933
898 994
899 963
899 1003
900 973
900 988
901 909
901 1015
902 914
902 1011
905 954
905 1002
906 929
906 939
906 983
906 1007
906 1010
907 1007
907 1009
908 922
909 1004
910 928
910 934
910 946
911 956
911 1004
912 924
912 926
912 972
914 941
915 1009
916 995
917 925
917 995
918 939
919 934
921 956
921 975
923 957
923 975
923 1017
925 958
926 942
927 931
927 942
927 978
928 978
928 997
929 935
929 979
930 945
930 967
930 1007
931 946
933 1020
934 950
934 970
934 1019
936 983
936 988
937 941
937 958
937 1017
938 964
939 943
940 976
941 1003
942 943
942 983
942 1014
944 993
944 1008
946 982
946 988
948 960
949 976
950 971
951 990
951 1003
952 1007
954 1013
954 1022
955 959
958 1000
959 1006
960 963
960 983
961 963
963 1005
964 1010
966 983
966 1010
970 1013
971 1000
972 973
972 1022
975 979
978 980
978 1000
981 1007
982 996
986 1017
988 1018
989 1023
990 998
990 1019
991 992
993 1014
994 1014
998 1010
1000 1008
1015 1017
