0 10
0 11
0 12
0 13
0 15
0 16
0 18
0 19
0 21
0 23
0 25
0 31
0 36
0 42
0 43
0 48
0 55
0 57
0 63
0 71
0 76
0 87
0 94
0 108
0 153
0 161
0 164
0 181
0 190
0 281
0 296
0 380
0 452
0 464
0 468
0 523
0 530
0 534
0 540
0 595
0 603
0 618
0 644
0 723
0 749
0 885
0 942
0 1007
0 1010
1 10
1 11
1 12
1 14
1 20
1 23
1 35
1 36
1 38
1 47
1 48
1 51
1 63
1 75
1 79
1 100
1 102
1 110
1 118
1 123
1 155
1 174
1 184
1 187
1 225
1 228
1 229
1 244
1 246
1 252
1 256
1 276
1 278
1 298
1 308
1 320
1 323
1 324
1 326
1 334
1 338
1 350
1 389
1 403
1 404
1 425
1 437
1 449
1 466
1 480
1 511
1 515
1 535
1 547
1 578
1 588
1 634
1 675
1 676
1 677
1 699
1 753
1 786
1 898
1 904
1 906
1 965
1 967
1 975
1 984
1 1017
2 10
2 11
2 14
2 27
2 28
2 36
2 42
2 48
2 61
2 63
2 69
2 77
2 78
2 81
2 122
2 136
2 156
2 157
2 186
2 215
2 223
2 305
2 307
2 333
2 353
2 362
2 493
2 533
2 560
2 626
2 650
2 660
2 727
2 784
2 787
2 796
2 799
2 831
2 919
2 1016
3 13
3 15
3 24
3 32
3 114
3 139
3 162
3 181
3 279
3 312
3 318
3 363
3 372
3 415
3 444
3 493
3 667
3 676
3 764
3 820
3 885
3 940
4 11
4 12
4 17
4 24
4 28
4 29
4 35
4 50
4 70
4 85
4 120
4 122
4 124
4 158
4 195
4 240
4 438
4 510
4 527
4 587
4 630
4 632
4 714
4 756
4 786
4 790
4 793
4 843
4 904
4 915
4 934
4 970
5 14
5 15
5 18
5 20
5 23
5 25
5 26
5 27
5 28
5 32
5 33
5 37
5 44
5 51
5 74
5 85
5 87
5 90
5 102
5 118
5 125
5 131
5 140
5 141
5 147
5 179
5 190
5 192
5 194
5 235
5 238
5 245
5 246
5 276
5 282
5 293
5 301
5 309
5 382
5 388
5 394
5 462
5 491
5 495
5 496
5 516
5 543
5 548
5 549
5 581
5 591
5 595
5 632
5 660
5 678
5 683
5 686
5 698
5 712
5 737
5 790
5 828
5 868
5 902
5 976
5 1004
6 10
6 11
6 12
6 15
6 19
6 21
6 22
6 24
6 26
6 28
6 29
6 33
6 37
6 52
6 55
6 68
6 71
6 73
6 77
6 78
6 95
6 116
6 117
6 123
6 125
6 132
6 152
6 158
6 168
6 175
6 187
6 191
6 207
6 210
6 232
6 245
6 253
6 260
6 265
6 282
6 296
6 315
6 316
6 320
6 327
6 331
6 357
6 365
6 379
6 391
6 399
6 425
6 436
6 485
6 497
6 508
6 572
6 588
6 595
6 615
6 616
6 646
6 662
6 668
6 687
6 774
6 788
6 819
6 832
6 882
6 910
6 913
6 925
6 967
7 10
7 13
7 14
7 16
7 21
7 35
7 39
7 44
7 45
7 49
7 61
7 66
7 68
7 86
7 91
7 93
7 95
7 96
7 103
7 111
7 136
7 149
7 151
7 154
7 163
7 178
7 204
7 247
7 264
7 298
7 353
7 380
7 384
7 410
7 459
7 528
7 564
7 581
7 605
7 607
7 662
7 679
7 680
7 764
7 790
7 804
7 825
7 890
7 908
7 949
8 11
8 12
8 13
8 16
8 19
8 24
8 26
8 31
8 32
8 34
8 35
8 47
8 65
8 66
8 79
8 89
8 100
8 124
8 141
8 142
8 147
8 149
8 165
8 167
8 180
8 196
8 198
8 202
8 213
8 237
8 241
8 252
8 256
8 268
8 289
8 302
8 309
8 319
8 322
8 352
8 365
8 418
8 441
8 456
8 492
8 523
8 527
8 613
8 691
8 696
8 721
8 776
8 812
8 870
8 890
8 927
8 949
8 988
9 11
9 14
9 19
9 21
9 29
9 38
9 79
9 105
9 107
9 120
9 127
9 142
9 210
9 216
9 229
9 235
9 308
9 332
9 403
9 456
9 477
9 489
9 513
9 590
9 682
9 707
9 737
9 753
9 766
9 775
9 879
9 993
10 12
10 13
10 14
10 15
10 16
10 17
10 18
10 19
10 20
10 21
10 22
10 24
10 25
10 26
10 27
10 28
10 29
10 34
10 41
10 43
10 44
10 46
10 64
10 71
10 75
10 84
10 91
10 93
10 103
10 105
10 109
10 112
10 124
10 127
10 132
10 134
10 158
10 159
10 166
10 174
10 177
10 179
10 191
10 192
10 195
10 200
10 202
10 206
10 213
10 234
10 299
10 301
10 309
10 314
10 319
10 322
10 323
10 334
10 367
10 385
10 387
10 399
10 416
10 447
10 456
10 463
10 468
10 470
10 475
10 482
10 518
10 543
10 564
10 582
10 585
10 586
10 596
10 598
10 604
10 618
10 621
10 635
10 664
10 668
10 685
10 687
10 696
10 739
10 780
10 816
10 838
10 850
10 860
10 866
10 871
10 876
10 881
10 909
10 968
10 978
10 980
10 1014
11 13
11 14
11 17
11 18
11 20
11 22
11 27
11 29
11 35
11 45
11 49
11 50
11 54
11 56
11 63
11 69
11 70
11 71
11 72
11 74
11 81
11 89
11 92
11 134
11 145
11 163
11 171
11 176
11 192
11 201
11 252
11 257
11 262
11 266
11 267
11 291
11 313
11 317
11 319
11 326
11 333
11 343
11 357
11 359
11 367
11 399
11 408
11 458
11 472
11 475
11 489
11 491
11 533
11 584
11 609
11 612
11 619
11 622
11 645
11 661
11 675
11 697
11 707
11 719
11 723
11 750
11 755
11 764
11 766
11 773
11 774
11 784
11 802
11 819
11 826
11 830
11 835
11 846
11 854
11 860
11 862
11 867
11 892
11 923
11 950
11 981
11 988
11 1006
12 13
12 14
12 15
12 16
12 18
12 23
12 24
12 27
12 29
12 34
12 35
12 40
12 41
12 42
12 44
12 52
12 53
12 55
12 61
12 64
12 77
12 85
12 93
12 100
12 101
12 117
12 132
12 137
12 146
12 148
12 159
12 166
12 183
12 190
12 202
12 230
12 242
12 244
12 258
12 261
12 284
12 308
12 313
12 325
12 339
12 364
12 377
12 379
12 440
12 448
12 498
12 506
12 542
12 543
12 545
12 546
12 550
12 564
12 581
12 639
12 713
12 760
12 775
12 782
12 789
12 809
12 850
12 859
12 886
12 899
12 914
12 996
13 14
13 15
13 16
13 17
13 18
13 19
13 20
13 22
13 23
13 24
13 25
13 27
13 29
13 33
13 35
13 39
13 44
13 49
13 52
13 53
13 54
13 59
13 60
13 70
13 73
13 74
13 78
13 79
13 84
13 92
13 94
13 100
13 114
13 120
13 122
13 124
13 127
13 132
13 135
13 141
13 142
13 145
13 146
13 148
13 150
13 157
13 168
13 182
13 184
13 192
13 197
13 200
13 210
13 217
13 223
13 239
13 250
13 254
13 261
13 265
13 266
13 285
13 292
13 296
13 301
13 302
13 313
13 315
13 353
13 359
13 365
13 378
13 386
13 387
13 401
13 430
13 431
13 451
13 452
13 458
13 464
13 474
13 481
13 483
13 496
13 499
13 500
13 520
13 532
13 548
13 550
13 553
13 560
13 569
13 587
13 593
13 594
13 598
13 609
13 627
13 638
13 658
13 659
13 692
13 693
13 696
13 701
13 704
13 705
13 715
13 792
13 802
13 809
13 821
13 847
13 854
13 879
13 880
13 885
13 892
13 895
13 903
13 926
13 942
13 961
13 972
14 15
14 16
14 17
14 18
14 21
14 22
14 24
14 28
14 40
14 46
14 50
14 52
14 59
14 73
14 76
14 92
14 95
14 97
14 104
14 109
14 113
14 124
14 126
14 127
14 156
14 159
14 193
14 205
14 209
14 229
14 240
14 251
14 254
14 280
14 298
14 315
14 317
14 345
14 347
14 359
14 374
14 394
14 407
14 474
14 480
14 514
14 518
14 519
14 524
14 569
14 577
14 590
14 623
14 645
14 674
14 731
14 735
14 739
14 747
14 770
14 810
14 869
14 884
14 969
14 1022
15 16
15 17
15 19
15 20
15 23
15 26
15 40
15 47
15 51
15 63
15 69
15 75
15 80
15 82
15 88
15 98
15 116
15 142
15 153
15 161
15 167
15 176
15 193
15 203
15 245
15 254
15 259
15 268
15 278
15 283
15 289
15 295
15 303
15 347
15 392
15 484
15 505
15 554
15 566
15 595
15 669
15 695
15 879
15 916
15 932
15 943
15 972
16 20
16 21
16 32
16 35
16 38
16 40
16 43
16 47
16 50
16 52
16 58
16 59
16 60
16 67
16 71
16 76
16 77
16 88
16 90
16 96
16 98
16 105
16 110
16 116
16 125
16 153
16 154
16 218
16 220
16 238
16 245
16 280
16 291
16 292
16 305
16 315
16 316
16 332
16 341
16 382
16 431
16 468
16 586
16 592
16 636
16 679
16 709
16 811
16 824
16 904
16 938
16 957
16 977
16 995
17 18
17 21
17 22
17 26
17 30
17 33
17 35
17 37
17 42
17 46
17 51
17 53
17 60
17 63
17 81
17 107
17 121
17 122
17 131
17 140
17 152
17 155
17 177
17 178
17 208
17 227
17 241
17 254
17 264
17 293
17 338
17 356
17 364
17 388
17 436
17 461
17 474
17 546
17 563
17 567
17 577
17 600
17 698
17 833
17 922
17 937
17 997
18 20
18 24
18 25
18 27
18 38
18 39
18 96
18 107
18 117
18 155
18 197
18 198
18 213
18 222
18 239
18 240
18 261
18 275
18 295
18 316
18 320
18 334
18 355
18 411
18 446
18 494
18 510
18 650
18 653
18 656
18 660
18 686
18 709
18 719
18 727
18 729
18 740
18 743
18 774
18 776
18 789
18 792
18 804
18 873
18 889
18 893
18 975
19 25
19 32
19 35
19 36
19 39
19 40
19 41
19 45
19 54
19 57
19 60
19 75
19 92
19 95
19 113
19 116
19 123
19 139
19 144
19 148
19 169
19 172
19 185
19 187
19 205
19 219
19 226
19 232
19 244
19 275
19 289
19 293
19 357
19 359
19 360
19 403
19 451
19 465
19 478
19 492
19 502
19 524
19 530
19 547
19 560
19 564
19 597
19 628
19 641
19 751
19 757
19 810
19 814
19 849
19 868
19 970
19 982
20 30
20 31
20 37
20 38
20 43
20 55
20 56
20 60
20 66
20 71
20 79
20 81
20 85
20 86
20 88
20 90
20 108
20 113
20 126
20 147
20 156
20 158
20 161
20 165
20 189
20 197
20 203
20 220
20 221
20 229
20 248
20 274
20 280
20 290
20 314
20 320
20 338
20 359
20 413
20 424
20 468
20 474
20 477
20 487
20 528
20 554
20 588
20 594
20 605
20 663
20 664
20 706
20 763
20 805
20 808
20 810
20 875
20 909
20 955
20 971
20 985
20 997
21 22
21 23
21 38
21 45
21 52
21 53
21 54
21 57
21 59
21 81
21 89
21 97
21 106
21 109
21 110
21 117
21 177
21 180
21 217
21 246
21 253
21 255
21 260
21 279
21 292
21 299
21 309
21 355
21 360
21 365
21 400
21 420
21 421
21 422
21 488
21 490
21 531
21 559
21 577
21 579
21 595
21 632
21 666
21 667
21 683
21 694
21 712
21 738
21 759
21 818
21 852
21 863
21 879
21 882
21 902
21 906
21 944
22 28
22 30
22 38
22 39
22 43
22 44
22 45
22 54
22 59
22 76
22 78
22 89
22 90
22 96
22 102
22 104
22 107
22 122
22 200
22 225
22 237
22 274
22 336
22 353
22 374
22 489
22 499
22 522
22 527
22 642
22 648
22 651
22 702
22 723
22 750
22 758
22 762
22 794
22 823
22 855
22 857
22 873
22 913
22 941
22 947
22 963
22 987
22 990
22 1000
22 1023
23 26
23 28
23 30
23 41
23 45
23 52
23 68
23 74
23 83
23 92
23 99
23 100
23 107
23 113
23 119
23 126
23 135
23 137
23 146
23 158
23 163
23 168
23 173
23 176
23 209
23 226
23 252
23 257
23 282
23 329
23 339
23 361
23 367
23 409
23 447
23 496
23 525
23 548
23 576
23 583
23 677
23 726
23 742
23 765
23 775
23 781
23 786
23 796
23 924
23 955
23 998
23 1015
24 40
24 49
24 53
24 56
24 61
24 66
24 80
24 83
24 87
24 95
24 105
24 108
24 109
24 112
24 125
24 135
24 140
24 150
24 154
24 161
24 165
24 166
24 179
24 183
24 198
24 218
24 230
24 233
24 248
24 268
24 272
24 300
24 303
24 338
24 351
24 355
24 362
24 388
24 397
24 411
24 445
24 477
24 507
24 512
24 519
24 545
24 612
24 636
24 679
24 689
24 802
24 812
24 822
24 824
24 838
24 840
24 849
24 860
24 874
24 886
24 919
24 939
24 952
24 988
24 990
24 997
24 1001
24 1012
24 1020
25 27
25 30
25 33
25 34
25 38
25 54
25 58
25 60
25 65
25 68
25 71
25 73
25 74
25 83
25 88
25 91
25 141
25 178
25 184
25 200
25 205
25 208
25 220
25 221
25 234
25 238
25 282
25 284
25 300
25 326
25 345
25 369
25 392
25 397
25 409
25 410
25 422
25 436
25 452
25 485
25 503
25 512
25 556
25 560
25 577
25 597
25 617
25 619
25 632
25 637
25 655
25 733
25 786
25 834
25 842
25 897
25 962
25 1003
26 28
26 37
26 44
26 47
26 67
26 80
26 89
26 154
26 167
26 182
26 188
26 214
26 224
26 254
26 270
26 274
26 291
26 359
26 379
26 394
26 395
26 401
26 425
26 475
26 537
26 577
26 592
26 617
26 674
26 722
26 736
26 754
26 799
26 815
26 915
26 924
26 938
26 945
27 31
27 44
27 46
27 47
27 55
27 57
27 63
27 65
27 69
27 72
27 74
27 92
27 100
27 101
27 108
27 112
27 121
27 133
27 135
27 141
27 142
27 156
27 162
27 168
27 169
27 224
27 269
27 287
27 295
27 338
27 344
27 356
27 365
27 370
27 388
27 397
27 414
27 420
27 427
27 444
27 445
27 465
27 515
27 545
27 563
27 579
27 586
27 587
27 630
27 633
27 648
27 682
27 709
27 712
27 737
27 742
27 753
27 758
27 770
27 792
27 845
27 850
27 855
27 867
27 892
27 945
27 955
27 977
27 1007
27 1011
28 29
28 34
28 37
28 61
28 70
28 75
28 80
28 81
28 110
28 117
28 125
28 132
28 152
28 211
28 217
28 233
28 242
28 269
28 275
28 300
28 312
28 322
28 334
28 338
28 341
28 366
28 373
28 436
28 465
28 493
28 523
28 576
28 580
28 587
28 606
28 619
28 622
28 624
28 664
28 670
28 681
28 699
28 704
28 751
28 816
28 820
28 833
28 866
28 873
28 934
28 960
29 30
29 31
29 42
29 52
29 58
29 60
29 68
29 76
29 80
29 104
29 122
29 133
29 149
29 160
29 165
29 181
29 224
29 248
29 282
29 301
29 310
29 319
29 404
29 418
29 426
29 457
29 542
29 577
29 585
29 607
29 626
29 675
29 681
29 685
29 686
29 729
29 753
29 777
29 817
29 851
29 856
29 889
29 930
29 959
29 971
30 32
30 46
30 49
30 64
30 73
30 86
30 111
30 115
30 138
30 221
30 264
30 266
30 348
30 416
30 425
30 455
30 468
30 469
30 514
30 635
30 734
30 735
30 793
30 815
30 900
31 41
31 51
31 55
31 58
31 62
31 64
31 83
31 84
31 88
31 91
31 95
31 103
31 105
31 110
31 119
31 155
31 175
31 191
31 196
31 217
31 220
31 227
31 234
31 235
31 240
31 241
31 286
31 306
31 309
31 332
31 335
31 341
31 371
31 373
31 393
31 405
31 444
31 460
31 474
31 487
31 505
31 519
31 525
31 528
31 533
31 579
31 608
31 623
31 636
31 647
31 653
31 659
31 691
31 697
31 733
31 755
31 760
31 761
31 840
31 848
31 891
31 916
31 1011
32 34
32 36
32 37
32 45
32 46
32 48
32 50
32 54
32 69
32 76
32 92
32 124
32 132
32 140
32 177
32 183
32 249
32 312
32 341
32 354
32 416
32 450
32 481
32 491
32 515
32 522
32 538
32 551
32 619
32 634
32 920
33 36
33 61
33 73
33 93
33 116
33 117
33 136
33 156
33 170
33 173
33 200
33 205
33 212
33 218
33 228
33 229
33 263
33 271
33 301
33 305
33 336
33 349
33 351
33 363
33 377
33 379
33 425
33 450
33 472
33 473
33 543
33 575
33 649
33 655
33 718
33 783
33 836
33 872
33 920
33 924
33 959
33 995
33 999
34 65
34 66
34 67
34 68
34 77
34 96
34 99
34 104
34 119
34 173
34 189
34 204
34 207
34 209
34 222
34 231
34 252
34 291
34 321
34 388
34 409
34 410
34 434
34 463
34 478
34 520
34 525
34 537
34 547
34 584
34 629
34 644
34 659
34 666
34 672
34 688
34 689
34 727
34 749
34 769
34 771
34 861
34 898
34 964
34 968
34 1001
35 36
35 42
35 47
35 49
35 50
35 53
35 56
35 77
35 81
35 84
35 86
35 87
35 94
35 98
35 103
35 118
35 122
35 126
35 128
35 130
35 136
35 150
35 152
35 170
35 181
35 190
35 195
35 198
35 215
35 222
35 237
35 250
35 251
35 262
35 272
35 310
35 324
35 345
35 368
35 398
35 413
35 442
35 457
35 467
35 482
35 488
35 499
35 581
35 593
35 598
35 605
35 610
35 629
35 634
35 641
35 648
35 652
35 660
35 688
35 691
35 692
35 703
35 709
35 713
35 733
35 778
35 794
35 829
35 910
35 942
35 949
35 989
35 996
36 41
36 48
36 58
36 60
36 66
36 75
36 111
36 133
36 134
36 137
36 161
36 213
36 275
36 284
36 296
36 326
36 344
36 419
36 424
36 472
36 485
36 499
36 520
36 667
36 681
36 682
36 700
36 720
36 730
36 821
36 887
36 905
36 926
36 931
36 985
36 1012
37 43
37 121
37 124
37 142
37 149
37 166
37 202
37 207
37 221
37 222
37 296
37 332
37 333
37 352
37 366
37 368
37 481
37 728
37 750
37 824
37 888
37 935
37 970
38 45
38 49
38 52
38 64
38 74
38 83
38 107
38 145
38 183
38 195
38 235
38 305
38 554
38 576
38 718
38 751
38 785
38 798
38 799
38 999
38 1014
38 1019
39 44
39 45
39 61
39 62
39 74
39 76
39 79
39 82
39 87
39 89
39 112
39 117
39 120
39 143
39 156
39 163
39 188
39 208
39 211
39 212
39 214
39 231
39 237
39 238
39 284
39 286
39 301
39 321
39 339
39 348
39 373
39 380
39 383
39 384
39 498
39 529
39 568
39 609
39 623
39 742
39 807
39 809
39 859
39 904
39 929
39 951
40 41
40 46
40 74
40 82
40 84
40 88
40 93
40 96
40 108
40 134
40 168
40 181
40 195
40 197
40 199
40 230
40 236
40 237
40 243
40 257
40 261
40 335
40 366
40 369
40 444
40 451
40 471
40 477
40 511
40 533
40 542
40 551
40 562
40 589
40 627
40 730
40 738
40 741
40 790
40 792
40 812
40 825
40 839
40 867
40 891
40 939
40 944
40 946
40 965
40 1000
40 1005
41 56
41 58
41 88
41 132
41 156
41 180
41 183
41 217
41 230
41 233
41 247
41 274
41 283
41 285
41 372
41 387
41 410
41 445
41 458
41 589
41 677
41 698
41 797
41 826
41 832
41 846
41 858
41 923
41 946
42 48
42 51
42 61
42 65
42 77
42 85
42 103
42 108
42 115
42 116
42 146
42 168
42 224
42 235
42 389
42 450
42 455
42 475
42 557
42 594
42 613
42 742
42 778
42 797
42 848
42 869
42 997
43 82
43 275
43 430
43 599
43 601
43 709
43 810
43 839
43 897
43 1015
44 59
44 66
44 68
44 99
44 111
44 131
44 133
44 145
44 153
44 158
44 170
44 180
44 188
44 189
44 193
44 199
44 207
44 210
44 211
44 228
44 294
44 318
44 321
44 386
44 411
44 433
44 443
44 465
44 477
44 503
44 528
44 558
44 574
44 644
44 651
44 698
44 721
44 724
44 749
44 767
44 795
44 835
44 944
44 975
44 1002
45 48
45 56
45 66
45 72
45 78
45 83
45 84
45 116
45 117
45 134
45 153
45 159
45 164
45 165
45 166
45 172
45 188
45 250
45 256
45 300
45 415
45 428
45 479
45 483
45 498
45 505
45 541
45 553
45 571
45 574
45 600
45 651
45 720
45 746
45 797
45 799
45 932
45 994
46 51
46 72
46 112
46 118
46 127
46 128
46 129
46 148
46 163
46 230
46 241
46 249
46 281
46 288
46 342
46 355
46 372
46 375
46 396
46 457
46 478
46 510
46 542
46 601
46 611
46 638
46 655
46 684
46 685
46 706
46 708
46 742
46 755
46 763
46 809
46 862
46 902
46 935
46 943
46 945
46 946
46 963
46 982
47 59
47 62
47 69
47 82
47 83
47 103
47 129
47 226
47 238
47 255
47 256
47 263
47 270
47 271
47 290
47 369
47 388
47 460
47 594
47 628
47 731
47 756
47 870
47 903
47 940
47 974
47 995
48 98
48 125
48 143
48 150
48 196
48 222
48 260
48 340
48 383
48 402
48 439
48 487
48 537
48 571
48 583
48 624
48 641
48 666
48 686
48 695
48 697
48 707
48 743
48 793
48 800
48 803
48 841
48 904
48 929
48 963
49 53
49 65
49 79
49 102
49 128
49 129
49 130
49 142
49 144
49 147
49 171
49 183
49 184
49 203
49 214
49 222
49 247
49 252
49 259
49 272
49 275
49 291
49 316
49 349
49 351
49 359
49 381
49 389
49 400
49 415
49 422
49 461
49 486
49 535
49 579
49 623
49 640
49 661
49 717
49 772
49 804
49 858
49 870
49 893
49 946
49 971
49 973
49 980
49 988
50 81
50 83
50 112
50 147
50 152
50 224
50 272
50 273
50 379
50 393
50 412
50 461
50 481
50 700
50 732
50 759
50 788
50 860
50 861
50 876
50 944
50 960
50 977
51 59
51 109
51 115
51 116
51 146
51 154
51 255
51 272
51 276
51 342
51 395
51 426
51 427
51 431
51 588
51 604
51 668
51 759
51 776
51 785
51 874
51 900
51 954
52 57
52 62
52 70
52 101
52 113
52 155
52 186
52 190
52 202
52 296
52 312
52 333
52 360
52 369
52 390
52 415
52 453
52 473
52 598
52 637
52 639
52 764
52 768
52 772
52 827
52 894
52 909
52 962
52 1015
53 65
53 129
53 138
53 145
53 149
53 216
53 258
53 318
53 387
53 408
53 418
53 483
53 546
53 616
53 651
53 691
53 780
53 787
53 921
53 936
53 964
54 72
54 76
54 104
54 142
54 144
54 178
54 191
54 199
54 216
54 247
54 290
54 321
54 323
54 330
54 354
54 361
54 425
54 450
54 473
54 497
54 530
54 575
54 580
54 717
54 736
54 751
54 878
54 884
54 913
54 955
54 960
55 97
55 99
55 153
55 164
55 173
55 185
55 186
55 193
55 230
55 279
55 286
55 431
55 534
55 538
55 591
55 605
55 611
55 654
55 681
55 707
55 738
55 756
55 759
55 791
55 805
55 806
55 819
55 843
55 889
55 942
55 978
55 1021
55 1022
56 58
56 75
56 80
56 107
56 126
56 129
56 195
56 204
56 218
56 228
56 242
56 282
56 331
56 371
56 428
56 441
56 484
56 490
56 917
56 932
57 79
57 111
57 113
57 141
57 164
57 171
57 198
57 227
57 257
57 298
57 322
57 354
57 378
57 449
57 471
57 528
57 540
57 556
57 655
57 763
57 793
57 795
57 931
57 949
57 972
57 1003
58 63
58 68
58 88
58 106
58 119
58 154
58 189
58 239
58 288
58 370
58 373
58 430
58 434
58 462
58 657
58 739
59 94
59 118
59 126
59 149
59 176
59 186
59 401
59 411
59 473
59 508
59 649
59 663
59 702
59 718
59 723
59 731
59 788
59 827
59 860
59 888
60 65
60 70
60 104
60 133
60 134
60 137
60 151
60 161
60 260
60 294
60 364
60 410
60 417
60 462
60 476
60 854
60 869
60 922
60 931
60 984
60 1002
61 64
61 78
61 101
61 106
61 115
61 118
61 131
61 133
61 136
61 139
61 179
61 185
61 206
61 258
61 341
61 353
61 435
61 439
61 440
61 537
61 542
61 677
61 694
61 707
61 710
61 793
61 845
61 846
61 971
61 975
62 82
62 90
62 92
62 140
62 186
62 204
62 297
62 326
62 375
62 376
62 390
62 427
62 520
62 578
62 733
62 859
62 920
62 994
63 121
63 175
63 203
63 267
63 400
63 404
63 406
63 423
63 505
63 598
63 832
63 887
63 937
64 71
64 73
64 90
64 129
64 153
64 192
64 238
64 243
64 287
64 304
64 352
64 384
64 407
64 461
64 528
64 603
64 645
64 716
64 833
64 836
64 889
64 901
64 921
65 86
65 88
65 107
65 109
65 114
65 151
65 161
65 199
65 287
65 435
65 464
65 513
65 538
65 583
65 621
65 726
65 780
65 791
65 847
65 947
66 71
66 95
66 118
66 129
66 134
66 138
66 176
66 187
66 249
66 304
66 320
66 334
66 349
66 358
66 361
66 368
66 384
66 386
66 416
66 462
66 508
66 532
66 546
66 647
66 663
66 728
66 744
66 826
66 847
66 869
66 893
66 927
66 990
66 1003
67 70
67 94
67 113
67 131
67 135
67 169
67 182
67 337
67 354
67 405
67 409
67 596
67 741
68 110
68 125
68 130
68 143
68 157
68 205
68 212
68 214
68 220
68 254
68 274
68 322
68 327
68 336
68 368
68 403
68 516
68 737
68 747
68 798
68 873
68 910
68 983
69 81
69 110
69 119
69 136
69 138
69 187
69 191
69 281
69 350
69 417
69 523
69 575
69 629
69 684
69 691
69 692
69 696
69 892
70 89
70 91
70 115
70 120
70 163
70 165
70 184
70 193
70 269
70 348
70 371
70 532
70 541
70 596
70 699
70 829
70 849
71 75
71 77
71 86
71 87
71 89
71 92
71 164
71 178
71 181
71 182
71 195
71 196
71 212
71 222
71 230
71 232
71 234
71 253
71 289
71 302
71 304
71 377
71 405
71 412
71 455
71 465
71 491
71 494
71 500
71 501
71 507
71 549
71 630
71 681
71 722
71 814
71 844
71 847
71 864
71 866
71 941
71 1001
72 101
72 105
72 152
72 157
72 175
72 213
72 233
72 238
72 243
72 312
72 329
72 360
72 364
72 379
72 543
72 572
72 609
72 626
72 641
72 654
72 855
72 890
72 896
72 937
72 959
73 90
73 98
73 101
73 111
73 123
73 144
73 171
73 190
73 203
73 225
73 242
73 252
73 297
73 314
73 357
73 414
73 523
73 526
73 552
73 559
73 603
73 623
73 746
73 810
73 836
73 879
73 1000
74 114
74 119
74 126
74 144
74 148
74 292
74 343
74 368
74 386
74 444
74 446
74 484
74 503
74 522
74 550
74 642
74 660
74 661
74 673
74 679
74 796
74 937
75 85
75 104
75 146
75 198
75 208
75 269
75 415
75 442
75 589
75 724
75 729
75 732
75 768
75 878
75 932
75 935
76 89
76 106
76 112
76 167
76 170
76 176
76 208
76 210
76 220
76 267
76 271
76 302
76 338
76 341
76 346
76 347
76 354
76 566
76 587
76 591
76 644
76 862
76 864
76 906
76 940
76 992
76 1014
77 78
77 103
77 129
77 201
77 213
77 405
77 419
77 520
77 622
77 728
77 800
77 837
77 850
77 922
77 1016
78 80
78 82
78 91
78 98
78 104
78 158
78 172
78 192
78 197
78 207
78 219
78 226
78 253
78 258
78 260
78 265
78 317
78 318
78 372
78 453
78 474
78 526
78 552
78 566
78 612
78 650
78 682
78 693
78 713
78 789
78 822
78 825
78 845
78 852
78 883
78 907
78 923
78 929
78 932
79 81
79 127
79 138
79 143
79 160
79 171
79 187
79 203
79 311
79 369
79 371
79 471
79 499
79 520
79 527
79 567
79 615
79 665
79 678
79 713
79 746
79 778
79 790
79 810
79 979
79 999
80 112
80 123
80 153
80 167
80 170
80 174
80 201
80 218
80 224
80 232
80 271
80 330
80 394
80 405
80 428
80 501
80 545
80 588
80 614
80 706
80 718
80 733
80 744
80 770
80 782
80 831
80 898
80 905
80 926
80 954
80 998
81 87
81 111
81 123
81 132
81 152
81 155
81 170
81 175
81 178
81 315
81 395
81 418
81 516
81 525
81 614
81 621
81 719
81 846
81 897
81 952
81 993
81 1009
82 86
82 165
82 281
82 328
82 339
82 476
82 521
82 565
82 752
82 799
82 991
83 97
83 106
83 122
83 147
83 155
83 194
83 273
83 317
83 332
83 342
83 370
83 403
83 419
83 435
83 480
83 482
83 607
83 636
83 645
83 665
83 683
83 701
83 715
83 719
83 736
83 755
83 781
83 856
83 878
83 901
83 903
83 1017
84 85
84 95
84 113
84 124
84 219
84 236
84 306
84 364
84 449
84 513
84 631
84 823
84 907
85 130
85 180
85 251
85 270
85 689
85 711
85 734
85 846
86 148
86 176
86 179
86 242
86 251
86 288
86 328
86 340
86 379
86 423
86 433
86 462
86 463
86 570
86 589
86 688
86 708
86 777
86 826
86 865
86 886
86 902
86 928
86 999
87 98
87 343
87 359
87 374
87 399
87 447
87 452
87 526
87 601
87 604
87 643
87 762
87 911
87 990
87 1011
88 92
88 97
88 99
88 131
88 173
88 199
88 201
88 223
88 235
88 255
88 276
88 285
88 316
88 439
88 442
88 459
88 484
88 488
88 529
88 571
88 598
88 617
88 658
88 691
88 745
88 758
88 806
88 931
88 954
89 90
89 94
89 125
89 127
89 134
89 139
89 151
89 160
89 180
89 194
89 229
89 234
89 247
89 278
89 286
89 311
89 368
89 410
89 438
89 452
89 469
89 497
89 506
89 579
89 581
89 705
89 796
89 871
89 930
89 960
89 994
89 1006
90 102
90 177
90 209
90 211
90 225
90 249
90 257
90 299
90 331
90 374
90 395
90 416
90 417
90 421
90 545
90 562
90 629
90 872
90 916
90 965
91 95
91 201
91 206
91 212
91 232
91 456
91 492
91 519
91 562
91 642
91 838
91 946
92 136
92 174
92 204
92 292
92 308
92 318
92 327
92 467
92 585
92 601
92 615
92 687
92 831
92 919
92 977
92 1015
93 123
93 192
93 195
93 208
93 304
93 307
93 311
93 322
93 349
93 448
93 558
93 657
93 792
93 802
93 995
93 1006
94 185
94 234
94 303
94 394
94 413
94 502
94 693
94 894
94 937
94 960
95 99
95 106
95 115
95 190
95 363
95 449
95 459
95 569
95 740
96 121
96 145
96 160
96 184
96 219
96 224
96 239
96 257
96 269
96 272
96 276
96 314
96 320
96 322
96 335
96 382
96 493
96 512
96 554
96 602
96 605
96 720
96 744
96 820
96 823
96 832
96 843
96 875
96 984
96 1021
97 147
97 166
97 177
97 203
97 227
97 256
97 266
97 289
97 339
97 374
97 384
97 462
97 495
97 507
97 561
97 569
97 653
97 664
97 715
97 716
97 740
97 772
97 825
97 871
97 884
97 915
97 952
97 989
98 182
98 389
98 403
98 413
98 517
98 534
98 606
98 746
98 763
99 112
99 135
99 140
99 174
99 189
99 237
99 263
99 350
99 473
99 506
99 605
99 633
99 705
99 730
99 866
99 984
99 1009
99 1023
100 102
100 116
100 146
100 218
100 221
100 235
100 250
100 277
100 317
100 378
100 435
100 480
100 491
100 516
100 524
100 561
100 570
100 607
100 629
100 664
100 766
100 858
100 969
100 1008
101 114
101 180
101 185
101 395
101 406
101 430
101 596
101 818
101 868
102 105
102 106
102 253
102 527
102 578
102 604
102 711
102 809
102 811
102 854
102 913
102 959
103 104
103 126
103 157
103 270
103 273
103 329
103 458
103 660
103 704
103 708
103 777
103 1000
104 136
104 259
104 263
104 275
104 340
104 351
104 538
104 550
104 612
104 629
104 675
104 722
104 752
104 901
105 123
105 197
105 249
105 263
105 326
105 331
105 345
105 540
105 567
105 631
105 638
105 665
105 693
105 824
105 917
105 929
105 948
105 977
106 107
106 175
106 258
106 353
106 465
106 540
106 669
106 731
106 831
106 987
106 1022
107 114
107 205
107 215
107 243
107 429
107 580
107 685
107 750
107 762
107 944
108 127
108 142
108 144
108 227
108 244
108 286
108 308
108 332
108 366
108 375
108 467
108 490
108 544
108 555
108 574
108 621
108 636
108 686
108 702
108 714
108 726
108 745
108 797
108 939
109 130
109 151
109 208
109 234
109 311
109 423
109 463
109 485
109 536
109 558
109 897
110 115
110 160
110 227
110 240
110 308
110 312
110 416
110 454
110 492
110 795
110 873
110 941
110 974
111 184
111 191
111 246
111 337
111 373
111 545
111 570
111 923
111 976
112 121
112 125
112 143
112 154
112 162
112 171
112 201
112 202
112 230
112 231
112 274
112 277
112 319
112 332
112 356
112 386
112 495
112 555
112 575
112 595
112 611
112 658
112 713
112 760
112 791
112 796
112 982
113 124
113 134
113 137
113 176
113 328
113 329
113 457
113 461
113 556
113 610
113 613
113 656
113 694
113 716
113 809
113 957
114 119
114 168
114 200
114 232
114 258
114 281
114 290
114 354
114 406
114 466
114 659
114 667
114 806
114 833
114 968
114 974
115 145
115 187
115 194
115 269
115 285
115 310
115 331
115 359
115 437
115 499
115 530
115 607
115 668
115 702
115 753
115 772
115 781
115 783
115 804
115 850
116 119
116 121
116 122
116 149
116 176
116 220
116 309
116 312
116 459
116 556
116 613
116 905
117 123
117 128
117 152
117 175
117 209
117 534
117 539
117 585
117 601
117 619
117 708
117 756
118 137
118 346
118 596
118 608
118 716
118 720
118 730
118 868
119 206
119 226
119 243
119 299
119 321
119 323
119 421
119 499
119 508
119 542
119 549
119 761
119 831
120 140
120 146
120 170
120 186
120 268
120 352
120 396
120 437
120 535
120 593
120 659
120 678
120 740
120 846
120 866
120 895
121 152
121 161
121 207
121 224
121 282
121 289
121 327
121 375
121 394
121 440
121 464
121 604
121 817
121 876
121 879
121 942
121 961
122 139
122 297
122 628
122 730
122 773
122 885
122 887
122 928
122 983
122 985
123 143
123 191
123 196
123 312
123 324
123 336
123 347
123 398
123 499
123 683
123 711
123 747
123 794
123 836
123 886
123 888
123 942
123 948
123 967
124 211
124 321
124 387
124 424
124 623
124 636
124 688
124 700
124 892
125 140
125 147
125 163
125 200
125 209
125 377
125 427
125 483
125 583
125 715
125 752
125 788
125 912
125 997
126 147
126 150
126 199
126 204
126 244
126 253
126 255
126 268
126 307
126 349
126 369
126 434
126 468
126 502
126 563
126 582
126 608
126 626
126 634
126 655
126 806
126 853
126 965
126 1008
126 1017
127 157
127 223
127 245
127 283
127 339
127 448
127 478
127 498
127 529
127 631
128 157
128 242
128 246
128 441
128 466
128 694
129 154
129 241
129 255
129 269
129 309
129 344
129 394
129 399
129 407
129 420
129 427
129 429
129 445
129 493
129 513
129 530
129 617
129 651
129 756
129 763
129 776
129 891
129 900
129 933
129 945
129 990
130 153
130 205
130 206
130 246
130 281
130 291
130 335
130 406
130 507
130 538
130 558
130 568
130 917
130 946
130 951
130 978
130 1012
131 169
131 177
131 189
131 192
131 218
131 262
131 280
131 399
131 404
131 489
131 496
131 509
131 563
131 758
131 772
131 823
131 839
132 189
132 334
132 342
132 383
132 401
132 443
132 479
132 550
132 551
132 753
132 822
132 932
132 935
133 146
133 172
133 193
133 208
133 210
133 236
133 247
133 330
133 343
133 378
133 386
133 443
133 497
133 529
133 740
133 965
133 989
134 181
134 270
134 273
134 278
134 284
134 323
134 390
134 451
134 462
134 510
134 855
134 895
135 191
135 236
135 315
135 381
135 432
135 528
135 798
136 244
136 267
136 290
136 381
136 404
136 429
136 466
136 474
136 500
136 582
136 848
136 889
136 959
136 999
137 343
137 356
137 533
137 551
137 554
137 585
137 929
138 150
138 168
138 179
138 219
138 279
138 442
138 490
138 531
138 540
138 544
138 549
138 552
138 961
138 967
139 174
139 239
139 240
139 241
139 243
139 280
139 310
139 347
139 379
139 386
139 391
139 470
139 553
139 616
139 689
139 709
139 798
139 830
139 855
140 179
140 194
140 207
140 213
140 218
140 303
140 321
140 328
140 396
140 405
140 423
140 426
140 434
140 549
140 652
140 657
140 669
140 687
140 708
140 774
140 827
140 879
141 149
141 150
141 186
141 198
141 268
141 293
141 517
141 559
141 591
141 630
141 649
141 703
141 780
141 937
142 151
142 197
142 227
142 329
142 334
142 487
142 650
142 734
142 843
143 349
143 380
143 402
143 438
143 497
143 591
143 643
143 684
144 199
144 216
144 219
144 254
144 339
144 377
144 398
144 422
144 464
144 465
144 484
144 485
144 509
144 592
144 676
144 701
144 821
144 822
144 974
144 981
145 162
145 185
145 384
145 642
145 713
145 815
146 155
146 157
146 241
146 287
146 310
146 390
146 438
146 455
146 504
146 512
146 550
146 604
146 1006
147 228
147 235
147 364
147 740
147 777
147 847
148 225
148 264
148 306
148 419
148 504
148 547
148 599
148 783
148 832
148 872
148 918
149 179
149 186
149 194
149 674
149 822
149 929
150 185
150 193
150 369
150 423
150 537
150 599
150 805
151 233
151 240
151 335
151 338
151 346
151 469
151 785
151 829
151 851
151 955
152 267
152 284
152 297
152 323
152 379
152 646
153 160
153 164
153 371
153 373
153 488
153 513
153 631
153 673
153 1012
154 295
154 458
154 590
154 665
154 685
154 780
154 896
154 945
154 951
155 165
155 181
155 262
155 286
155 318
155 366
155 506
155 526
155 590
155 593
155 758
155 834
155 841
155 919
155 953
156 206
156 265
156 267
156 416
156 503
156 549
156 559
156 568
156 616
156 805
156 933
157 264
157 306
157 472
157 611
157 888
157 898
158 167
158 228
158 261
158 277
158 432
158 488
158 614
158 640
158 839
159 247
159 274
159 293
159 314
159 532
159 729
159 769
159 862
159 903
159 928
159 997
160 172
160 198
160 264
160 292
160 390
160 447
160 493
160 536
160 541
160 588
160 643
160 644
160 900
160 925
160 927
160 941
160 954
161 172
161 180
161 212
161 299
161 345
161 351
161 821
161 938
161 963
162 172
162 231
162 234
162 239
162 250
162 277
162 381
162 475
162 544
162 577
162 669
162 681
162 693
162 762
162 784
162 1021
163 267
163 312
163 330
163 332
163 362
163 423
163 484
163 543
163 583
163 597
163 606
163 691
163 694
163 800
163 923
164 178
164 188
164 194
164 428
164 441
164 479
164 489
164 505
164 612
164 651
164 748
164 752
164 892
164 923
164 925
164 932
164 944
164 975
165 171
165 183
165 205
165 239
165 396
165 407
165 430
165 442
165 507
165 533
165 731
165 849
166 178
166 192
166 200
166 209
166 219
166 280
166 412
166 526
166 548
166 641
166 644
166 645
166 796
166 830
166 926
167 250
167 275
167 440
167 699
167 817
167 856
167 858
168 172
168 198
168 202
168 205
168 206
168 222
168 226
168 276
168 303
168 344
168 491
168 492
168 526
168 579
168 587
168 602
168 610
168 640
168 710
168 716
168 745
168 841
168 1000
168 1007
169 249
169 253
169 254
169 361
169 364
169 377
169 383
169 396
169 403
169 454
169 499
169 505
169 556
169 586
169 630
169 857
169 958
170 266
170 415
170 764
171 242
171 362
171 389
171 404
171 494
171 531
171 592
171 781
171 803
171 847
171 927
171 947
171 976
172 262
172 507
172 690
173 214
173 216
173 227
173 250
173 261
173 281
173 293
173 337
173 393
173 407
173 415
173 416
173 464
173 480
173 504
173 544
173 568
173 600
173 635
173 649
173 661
173 791
173 948
174 214
174 229
174 245
174 508
174 533
174 672
174 819
174 838
175 261
175 277
175 809
176 307
176 308
176 456
176 493
176 544
176 680
177 225
177 238
177 252
177 269
177 407
177 562
177 659
177 719
177 759
177 913
178 245
178 260
178 341
178 345
178 357
178 853
179 262
179 266
179 446
179 460
179 478
179 511
179 555
179 566
179 614
179 782
179 814
179 828
179 939
179 940
179 982
180 268
180 336
180 461
180 504
180 553
180 579
180 754
180 926
180 955
181 238
181 278
181 365
181 369
181 380
181 471
181 507
181 534
181 648
181 741
181 747
181 862
182 209
182 216
182 239
182 259
182 260
182 328
182 453
182 454
182 518
182 609
182 619
182 658
182 875
182 881
182 884
182 925
182 931
182 957
183 728
183 784
183 980
184 389
184 396
184 682
184 769
184 837
184 880
184 901
184 984
185 202
185 274
185 283
185 396
185 454
185 643
185 646
185 745
185 844
185 882
185 901
186 266
186 294
186 374
186 395
186 653
186 681
186 799
187 256
187 264
187 294
187 309
187 450
187 533
187 657
187 778
187 1011
188 226
188 233
188 241
188 261
188 392
188 399
188 446
188 483
188 599
188 615
188 647
188 654
188 711
188 787
188 808
188 896
188 912
188 922
189 302
189 350
189 395
189 483
189 544
189 697
189 747
189 749
189 926
189 1019
190 232
190 299
190 303
190 305
190 597
190 635
190 710
190 769
190 991
191 215
191 254
191 337
191 377
191 378
191 423
191 442
191 451
191 481
191 606
191 962
192 258
192 266
192 310
192 424
192 849
192 881
192 951
192 998
192 1021
193 500
193 713
193 961
193 1017
194 232
194 300
194 377
194 420
194 429
194 474
194 593
194 612
194 686
194 699
194 701
194 777
194 797
194 921
195 222
195 273
195 317
195 364
195 510
195 541
195 548
195 771
195 799
195 889
195 997
196 316
196 600
196 658
196 678
196 711
196 724
196 758
196 772
196 961
196 1001
197 319
197 383
197 461
197 492
197 511
197 574
197 580
197 682
197 807
197 827
197 891
197 907
198 367
198 419
198 428
198 531
198 600
198 801
198 823
198 825
198 853
199 236
199 351
199 391
199 451
199 461
199 580
199 640
199 643
199 858
200 203
200 278
200 326
200 334
200 344
200 498
200 539
200 561
200 576
200 676
200 855
201 223
201 320
201 403
201 470
202 301
202 393
202 413
202 420
202 557
202 596
202 633
202 787
202 877
202 963
202 971
202 995
203 221
203 456
203 540
203 603
203 620
203 732
203 756
204 237
204 291
204 320
204 454
204 518
204 589
204 754
204 919
204 930
205 404
205 482
205 759
205 823
205 986
206 316
206 328
206 331
206 479
206 600
206 728
206 733
206 887
207 217
207 224
207 249
207 259
207 294
207 299
207 328
207 387
207 420
207 433
207 636
207 642
207 660
207 733
207 800
207 851
207 910
207 976
208 273
208 330
208 420
208 429
208 445
208 467
208 484
208 645
208 669
208 901
208 948
208 972
208 978
209 729
209 803
210 411
210 611
210 699
210 771
210 924
211 215
211 276
211 283
211 327
211 344
211 418
211 502
211 533
211 596
211 787
211 826
211 834
211 918
211 921
211 989
212 261
212 304
212 508
212 728
212 775
212 795
212 911
212 1023
213 220
213 226
213 252
213 350
213 370
213 463
213 653
213 754
213 801
213 909
213 938
214 215
214 327
214 515
214 877
214 965
214 983
215 228
215 289
215 356
215 360
215 385
215 456
215 499
215 527
215 537
215 557
215 558
215 710
215 716
215 787
215 817
215 828
215 857
215 914
216 231
216 405
216 422
216 431
216 460
216 519
216 568
216 578
216 755
216 769
216 861
216 866
216 893
216 969
217 233
217 372
217 465
217 542
217 605
217 737
217 962
219 402
219 405
219 489
219 497
219 534
219 541
219 572
219 666
220 369
220 389
220 428
220 446
220 544
220 553
220 697
221 471
221 569
221 730
221 781
221 883
221 886
221 900
222 259
222 265
222 298
222 313
222 358
222 385
222 444
222 559
222 592
222 718
222 787
222 837
222 903
222 988
223 401
223 470
223 639
223 948
225 348
225 586
226 260
226 273
226 297
226 303
226 350
226 357
226 452
226 471
226 550
226 585
226 851
226 984
226 1012
227 470
227 502
227 842
227 973
228 234
228 271
228 370
228 444
229 840
230 274
230 277
230 366
230 420
230 422
230 469
230 597
230 652
230 966
230 1022
231 285
231 376
231 401
231 552
231 686
231 870
231 901
231 942
232 247
232 372
232 456
232 590
232 650
232 706
232 771
232 1016
233 294
233 599
234 248
234 249
234 425
234 448
234 629
234 769
234 778
234 881
234 894
234 987
235 286
235 355
235 498
235 574
235 597
235 703
235 834
235 919
235 951
236 333
236 335
236 388
236 401
236 414
236 565
236 800
237 277
237 297
237 324
237 342
237 426
237 446
237 532
237 598
237 899
237 950
238 243
238 368
238 407
238 604
238 612
238 767
238 782
238 798
238 837
238 948
239 297
239 346
239 361
239 491
239 674
239 794
240 300
240 452
240 466
240 494
240 626
240 716
240 809
240 828
240 909
241 338
241 415
241 967
241 1022
242 262
242 368
242 771
243 300
243 339
243 475
243 488
243 594
243 604
243 751
243 934
243 949
243 975
244 343
244 494
244 514
244 641
244 643
244 727
244 766
244 848
244 951
244 1001
245 295
245 436
245 442
245 505
245 557
245 837
245 874
245 978
245 980
246 296
246 327
246 331
246 355
246 371
246 412
246 465
246 928
246 991
246 1013
247 325
247 333
247 361
247 447
247 451
247 481
247 497
247 631
247 640
247 666
247 727
247 876
247 1006
247 1013
248 251
248 272
248 287
248 339
248 398
248 478
248 613
248 653
248 852
248 855
248 891
248 935
248 974
248 992
249 366
249 419
249 490
249 741
249 819
250 387
250 509
250 540
250 664
250 790
250 924
250 985
250 993
251 320
251 327
251 332
251 397
251 552
251 571
251 885
252 284
252 436
252 887
252 923
252 980
253 382
253 437
253 627
253 639
253 677
253 812
254 265
254 314
254 361
254 389
254 406
254 433
254 447
254 555
254 759
254 921
255 376
255 432
255 470
255 582
255 606
255 633
255 653
255 683
255 688
255 724
255 743
255 773
255 865
255 1016
256 435
256 477
256 974
257 439
257 607
257 648
257 667
257 697
257 813
257 882
258 380
258 617
259 295
259 361
259 393
259 417
259 549
259 711
259 905
259 908
259 955
259 966
260 314
260 325
260 400
260 616
260 882
260 1023
261 509
261 514
261 536
261 568
261 602
261 690
261 778
262 279
262 316
262 392
262 409
262 412
262 608
262 820
262 964
263 286
263 298
263 307
263 469
263 515
263 687
263 856
264 335
264 500
264 708
264 764
264 1015
265 300
265 323
265 448
266 329
266 418
266 509
266 735
266 755
266 935
267 289
267 402
267 615
267 661
267 723
268 712
269 310
269 335
269 550
269 558
269 743
269 766
269 794
269 925
270 410
270 842
270 1020
271 591
271 600
271 655
271 705
271 762
271 773
272 277
272 313
272 375
272 426
272 491
273 325
273 333
273 400
273 588
273 691
273 739
273 758
273 961
273 966
273 969
274 278
274 302
274 304
274 373
274 702
274 719
275 376
275 478
275 523
275 567
276 388
276 404
276 408
276 779
277 380
277 447
277 501
277 554
277 640
278 391
278 393
278 517
278 533
278 589
278 852
279 336
279 476
280 395
280 414
280 563
280 599
280 606
280 651
280 670
281 289
281 564
282 421
282 554
282 845
283 444
283 553
283 705
283 804
283 821
283 829
284 348
284 698
284 714
284 891
284 931
285 319
285 331
285 344
285 441
285 500
285 722
286 613
286 614
287 348
287 362
287 899
288 675
288 729
288 740
288 994
289 329
289 409
289 638
289 663
289 827
289 977
289 1013
290 385
290 652
290 690
290 695
290 927
291 350
291 724
291 1022
292 353
292 375
292 422
292 441
292 443
292 491
292 547
292 590
292 800
293 426
293 443
293 446
293 475
293 487
293 558
293 574
293 729
294 427
295 348
295 487
295 488
295 556
295 662
295 692
295 765
295 808
295 852
295 970
296 391
296 399
296 403
296 627
296 783
296 805
296 865
296 1012
297 363
297 416
297 417
297 431
297 459
297 536
297 616
297 674
297 1011
298 360
298 645
298 905
299 306
299 501
299 515
299 517
299 543
299 569
299 617
299 634
299 852
299 880
300 542
300 798
300 802
300 808
300 911
301 591
301 603
301 604
301 622
301 628
301 871
301 941
302 417
302 440
302 463
302 735
302 831
303 362
303 367
303 399
303 471
303 616
303 753
304 367
304 376
304 382
304 405
304 498
304 660
304 719
304 783
304 950
305 430
305 545
305 624
305 833
305 865
306 546
306 559
306 615
306 633
306 668
306 827
306 1015
307 650
307 675
307 817
308 451
308 659
308 665
309 326
309 381
309 435
309 469
309 562
309 707
309 962
310 438
310 586
310 672
310 890
310 895
310 985
311 323
311 342
311 401
311 492
311 513
311 518
311 868
311 920
311 980
311 1010
311 1013
312 346
312 354
312 426
312 480
312 488
312 518
312 539
312 699
312 784
312 857
312 959
312 987
313 406
313 468
313 560
313 765
313 949
314 383
314 390
314 510
314 539
314 547
314 575
315 517
315 567
315 815
315 928
315 953
316 402
316 445
316 501
316 584
316 589
316 705
316 813
317 349
317 357
317 358
317 362
317 385
317 400
317 453
317 476
317 481
317 540
317 633
317 639
317 725
317 781
317 788
317 826
317 843
317 1004
317 1018
318 395
318 461
318 650
318 686
318 753
318 768
318 818
318 842
318 1020
319 352
319 440
319 478
319 573
319 992
320 443
320 522
320 661
320 807
321 401
321 504
321 521
321 544
321 572
321 599
321 657
321 913
321 957
322 329
322 356
322 601
322 811
322 850
323 330
323 385
323 521
324 346
324 766
324 936
324 986
325 559
325 652
325 698
325 717
325 726
325 833
325 883
325 1008
326 345
326 453
326 516
326 736
326 869
327 493
327 666
327 937
327 1003
328 566
328 651
329 425
329 789
329 911
330 354
330 486
330 502
330 520
330 618
330 762
331 436
331 537
331 774
332 451
332 611
332 632
332 694
332 967
333 336
333 437
333 565
333 573
334 598
334 839
335 426
335 467
335 712
335 875
336 599
336 717
337 509
337 667
337 674
337 694
337 887
337 978
337 983
337 1008
338 358
338 368
338 372
338 452
338 484
338 582
338 584
338 624
339 447
339 500
339 506
339 525
339 622
339 733
339 743
339 772
339 896
340 347
340 385
340 597
340 599
340 658
340 824
340 839
340 850
340 870
340 890
340 948
340 956
340 981
341 384
341 467
341 863
341 890
341 931
341 934
341 1004
342 364
342 473
342 680
342 805
343 505
343 507
343 576
343 673
343 712
343 916
344 465
344 842
344 877
344 953
345 605
345 612
345 795
345 847
345 894
345 899
345 977
346 355
346 470
346 476
346 609
346 643
346 1018
347 358
347 438
347 531
347 863
348 547
348 1013
349 397
349 578
349 660
350 684
350 738
350 785
351 354
351 362
351 363
351 376
351 448
351 487
351 536
351 593
351 669
351 912
351 981
351 992
352 411
352 432
352 767
352 786
353 385
353 617
353 736
353 928
354 449
354 525
354 761
354 791
354 858
355 359
355 382
355 476
355 666
355 877
356 360
356 685
356 712
356 908
356 942
357 446
357 737
357 767
357 784
357 787
357 966
358 437
358 680
359 361
359 583
359 695
359 738
360 375
360 448
360 671
360 681
360 686
360 822
361 381
361 404
361 439
361 575
361 582
361 608
361 802
362 496
362 564
362 573
362 662
362 700
363 430
363 536
363 771
363 948
364 429
364 496
364 543
364 663
364 754
364 788
364 915
364 956
364 999
365 400
365 592
365 709
365 817
365 906
366 431
366 463
366 813
366 895
367 377
367 409
367 772
367 927
367 935
368 698
368 723
368 887
368 931
368 962
368 1012
369 417
369 430
369 525
369 697
369 730
369 874
370 371
370 501
370 520
370 580
370 723
370 971
371 910
372 575
372 724
372 1000
373 410
373 418
373 474
373 479
373 557
373 783
373 826
374 594
374 628
374 633
374 671
374 875
374 925
374 991
375 535
375 603
375 773
375 857
376 401
376 443
376 493
377 378
377 467
377 561
377 568
377 777
377 861
378 767
378 1003
379 472
379 673
379 710
379 880
379 952
380 391
381 468
381 1014
382 704
382 744
382 808
382 825
383 393
383 455
383 563
383 685
383 714
383 726
383 869
383 926
385 390
385 501
385 613
385 644
385 733
385 810
385 880
385 914
386 513
386 732
386 756
387 706
387 993
388 748
389 457
389 458
389 482
389 515
389 518
389 689
389 719
389 747
389 777
389 833
389 841
389 937
389 969
390 509
390 515
390 527
391 589
392 483
392 675
392 841
393 897
393 934
394 473
394 482
394 538
394 594
394 598
394 617
394 689
394 708
394 769
395 587
395 654
395 688
395 730
395 863
395 910
395 937
395 950
395 960
395 961
396 601
396 611
396 674
396 725
396 779
396 899
396 941
397 552
397 619
397 835
397 887
397 988
398 433
398 840
399 404
399 411
399 561
399 648
399 687
399 735
399 973
399 1020
400 437
400 521
400 578
400 663
400 713
400 859
400 877
400 893
401 673
401 795
401 816
401 963
403 514
403 701
403 787
404 576
405 476
405 524
405 680
405 788
405 806
405 1005
406 466
406 490
406 979
407 464
407 600
407 731
407 749
407 812
407 875
407 882
407 1018
409 480
409 692
410 793
410 1015
411 482
411 489
411 521
411 621
411 629
411 842
411 905
411 940
411 1023
412 1007
413 444
413 477
413 766
413 877
413 958
414 453
414 939
415 506
415 839
416 516
416 567
416 902
416 934
417 558
417 751
417 878
418 469
418 526
418 614
419 954
420 481
420 791
420 960
420 973
421 441
421 586
421 742
422 573
422 730
422 750
422 985
423 753
424 429
424 460
424 570
424 705
424 738
427 519
427 561
427 602
428 450
428 639
428 814
428 849
429 549
429 811
430 665
430 862
430 936
431 504
431 589
431 630
431 711
431 767
431 859
431 912
431 914
431 968
432 459
432 512
432 524
432 672
432 690
432 906
432 912
432 972
432 1021
433 936
434 436
434 567
434 610
434 865
434 895
434 981
435 476
435 596
435 649
435 653
435 672
435 956
436 512
436 585
438 538
438 587
438 593
438 692
438 703
438 780
438 918
438 934
439 568
439 584
439 656
439 699
439 843
439 1008
440 458
440 565
440 693
440 874
441 536
441 971
442 526
443 468
443 678
443 734
443 839
444 693
444 716
444 794
444 862
444 1017
445 556
445 789
445 1017
446 530
446 565
446 667
446 830
447 506
447 565
447 713
447 776
447 823
447 847
447 898
448 475
448 820
448 866
449 606
449 636
450 737
450 779
450 816
450 837
450 838
450 947
451 466
451 539
451 620
451 654
451 681
452 632
452 756
452 813
453 500
453 672
453 800
453 845
453 969
453 1002
454 515
454 608
454 739
454 963
455 529
455 619
455 712
455 744
456 718
457 552
457 553
457 558
457 867
457 884
458 847
458 871
459 621
459 692
459 766
460 519
461 561
461 685
461 695
461 822
462 479
462 953
462 959
462 995
463 517
463 580
463 663
463 744
464 680
464 794
464 807
464 816
465 568
465 574
465 904
465 1014
466 566
466 616
467 508
467 582
467 591
467 801
468 548
468 637
468 715
469 895
470 508
470 509
470 788
471 534
471 535
471 635
471 637
472 486
472 510
472 709
472 905
472 940
472 957
474 479
474 494
474 538
474 701
474 722
474 733
474 916
474 990
475 532
475 671
475 801
476 487
476 494
476 633
476 641
476 684
476 800
476 810
477 582
477 646
478 670
478 834
480 610
480 658
480 717
480 729
480 781
481 527
481 624
481 732
481 855
481 917
481 979
482 531
482 649
482 746
483 503
483 875
483 898
484 982
485 540
485 759
485 971
486 521
486 579
486 661
486 790
486 867
486 975
487 747
487 953
487 966
487 984
488 520
488 571
488 803
488 856
488 872
489 751
489 917
489 1020
490 541
491 741
491 882
491 987
492 732
492 876
492 922
492 931
492 987
492 1013
493 561
493 617
493 639
493 725
494 647
495 524
495 714
495 1016
496 652
496 754
497 557
497 571
497 641
497 838
498 588
498 735
499 531
500 679
500 841
500 930
500 949
501 628
501 907
502 693
502 863
502 872
502 961
504 519
505 850
506 628
506 998
507 524
507 676
507 818
507 878
507 1005
508 564
508 658
508 787
510 622
510 649
510 922
510 936
511 618
511 704
511 734
511 987
512 539
512 611
512 907
513 697
513 745
514 623
514 684
515 532
515 572
515 670
515 677
515 687
515 821
515 1001
515 1003
516 901
516 911
517 891
518 738
518 817
519 547
519 958
519 1005
520 536
520 655
520 737
520 838
520 843
520 867
520 936
520 973
522 609
522 628
522 914
522 943
523 546
523 576
523 654
523 952
524 668
524 904
525 586
525 690
525 893
525 906
525 969
525 978
526 569
526 573
526 581
526 802
526 880
527 789
527 928
528 673
528 801
528 991
529 553
529 912
529 920
530 680
531 573
532 637
532 821
532 1019
533 607
534 654
534 682
534 825
535 542
535 735
535 903
536 624
536 819
536 882
536 894
537 818
537 968
537 976
538 685
538 762
538 765
538 943
539 602
539 820
539 865
539 920
539 942
541 845
542 715
543 576
543 647
543 720
543 914
544 600
544 782
544 853
544 939
545 638
545 667
545 762
545 805
545 806
545 814
545 863
546 628
546 634
546 851
546 909
546 1021
547 720
547 785
547 868
547 869
547 969
548 745
548 813
548 982
549 581
549 646
549 830
549 996
550 652
551 755
551 845
551 854
551 877
551 955
552 562
552 696
552 742
554 560
554 571
554 982
555 804
557 917
557 966
558 872
558 890
558 910
558 985
559 1009
559 1018
560 570
560 584
560 807
560 853
561 656
561 707
561 749
561 908
562 573
562 840
562 864
563 841
564 620
564 832
565 637
565 702
565 756
565 757
565 1019
566 703
566 761
566 844
567 627
567 648
567 966
567 1000
567 1019
568 614
568 671
569 631
569 707
569 750
569 989
570 924
570 1004
571 618
571 654
571 946
572 591
572 592
572 1002
573 670
573 680
573 1019
574 704
574 750
574 871
575 625
575 647
575 656
577 634
577 741
577 813
577 893
577 996
578 624
578 838
579 677
579 777
579 898
579 928
579 932
580 678
580 700
580 763
580 1001
581 646
581 778
582 970
583 765
583 848
583 940
583 963
585 620
585 646
585 677
585 721
585 736
585 815
586 851
587 698
587 736
588 634
588 649
588 679
588 759
588 775
588 986
589 883
590 748
591 652
591 804
592 708
592 820
592 912
594 820
595 626
595 630
595 679
596 647
596 721
596 835
597 887
598 606
598 908
599 899
599 920
600 671
600 785
601 644
601 704
602 619
602 662
603 681
603 704
604 724
604 793
604 944
604 961
605 688
605 880
606 954
606 993
606 1020
607 783
607 946
608 844
609 614
609 993
610 675
610 830
610 951
611 861
612 613
612 680
613 895
614 776
615 695
615 724
615 1008
616 629
616 759
616 763
616 860
617 674
617 690
617 958
618 699
619 636
619 727
619 922
620 984
621 704
621 818
621 880
622 679
622 734
622 1020
623 989
624 680
624 714
624 754
624 855
624 862
624 864
626 789
627 662
627 957
628 707
628 790
629 640
629 898
629 915
629 947
629 1004
632 690
632 734
633 637
633 669
633 782
633 812
633 829
634 904
635 886
636 657
636 665
636 829
637 743
637 803
637 861
637 912
637 958
637 993
638 824
639 785
639 989
640 679
640 715
640 754
640 768
641 852
641 888
643 721
643 760
644 662
645 992
646 716
647 885
648 662
648 814
648 974
649 980
650 720
650 808
652 723
653 678
653 771
653 889
654 753
654 885
655 689
655 913
657 859
657 936
659 1021
660 900
661 739
661 745
661 780
661 992
662 675
663 754
663 793
663 806
663 873
663 988
664 671
664 685
665 902
666 678
666 821
666 896
666 932
667 916
668 689
668 701
668 714
668 741
668 818
668 985
669 898
670 807
670 866
671 772
671 773
671 778
671 836
671 837
671 894
671 949
671 963
672 892
672 922
672 972
673 695
673 989
675 762
676 793
676 951
677 797
677 1010
681 884
681 983
682 713
684 717
684 1011
685 750
685 888
685 964
687 754
687 881
688 770
688 915
689 816
689 979
690 723
690 757
690 885
690 911
691 773
692 737
692 871
693 809
694 745
694 956
695 702
695 818
696 751
696 912
697 870
697 960
698 892
698 914
699 722
699 746
699 769
699 848
699 930
699 940
700 777
700 815
700 1017
701 816
703 811
704 851
707 752
707 996
708 780
709 927
710 881
710 1006
711 718
712 943
712 1016
713 784
713 829
713 834
714 719
715 828
715 878
715 978
717 724
717 792
717 869
717 934
717 999
718 796
718 993
719 891
720 914
720 1010
724 741
724 795
724 803
725 831
727 856
729 761
729 870
730 947
730 981
730 1007
732 1004
733 752
733 857
733 950
734 735
734 762
736 740
737 995
738 749
738 827
740 803
740 921
741 893
742 883
742 943
743 760
744 746
744 836
745 805
745 881
746 943
748 752
748 822
748 931
749 840
749 1018
750 794
750 820
750 883
752 1000
754 967
755 779
755 897
755 989
755 995
758 830
758 981
759 944
760 958
761 991
762 849
764 786
764 790
765 876
765 968
765 986
765 1007
766 833
770 845
773 813
773 997
776 828
776 923
776 1011
778 973
780 852
781 843
782 934
784 794
785 907
786 903
791 884
791 945
792 844
794 811
794 872
797 861
797 895
799 923
800 870
802 832
810 929
811 986
811 1015
814 971
814 998
815 925
816 851
816 896
819 906
820 897
821 967
823 852
824 833
827 966
827 1004
828 881
828 908
829 840
829 853
829 863
830 944
832 915
833 891
835 893
836 1002
837 972
838 878
839 1011
840 958
840 1006
841 944
844 859
844 868
845 898
851 873
853 896
856 915
857 929
859 939
859 969
859 991
861 977
863 1014
866 977
869 941
873 894
873 900
874 918
874 982
875 983
875 1018
877 953
878 890
878 933
879 941
879 950
880 1006
881 953
887 964
892 902
892 918
893 899
893 981
893 1018
897 900
899 942
902 952
908 957
909 949
912 998
913 985
914 1002
914 1006
920 962
922 1003
922 1006
925 986
925 1019
928 1003
936 990
945 947
952 959
961 1018
963 969
964 976
964 1002
975 1005
983 1001
984 1020
985 994
986 1004
995 1005
997 1003
