0 10
0 11
0 13
0 16
0 18
0 19
0 21
0 25
0 31
0 34
0 42
0 43
0 45
0 47
0 48
0 55
0 57
0 71
0 76
0 87
0 94
0 108
0 146
0 161
0 164
0 181
0 182
0 191
0 281
0 296
0 306
0 336
0 340
0 380
0 464
0 468
0 530
0 535
0 595
0 703
0 714
0 723
0 749
0 856
0 885
0 942
0 979
0 1010
0 1022
1 10
1 15
1 17
1 19
1 20
1 27
1 36
1 37
1 43
1 46
1 47
1 48
1 51
1 62
1 63
1 75
1 79
1 91
1 100
1 102
1 103
1 110
1 123
1 177
1 184
1 187
1 190
1 209
1 228
1 229
1 244
1 252
1 256
1 259
1 278
1 298
1 308
1 324
1 334
1 346
1 389
1 403
1 404
1 444
1 449
1 466
1 511
1 514
1 515
1 547
1 548
1 621
1 631
1 634
1 644
1 666
1 675
1 676
1 677
1 711
1 786
1 811
1 820
1 898
1 906
1 965
1 967
1 975
1 1017
2 10
2 11
2 14
2 27
2 28
2 36
2 42
2 48
2 50
2 63
2 69
2 77
2 78
2 122
2 136
2 157
2 223
2 251
2 305
2 307
2 353
2 493
2 513
2 533
2 554
2 626
2 660
2 727
2 780
2 784
2 787
2 799
2 831
2 842
2 858
2 919
2 1016
3 10
3 11
3 12
3 23
3 24
3 32
3 114
3 120
3 181
3 214
3 217
3 279
3 287
3 312
3 318
3 363
3 415
3 444
3 537
3 656
3 667
3 676
3 764
3 999
4 10
4 11
4 12
4 13
4 24
4 28
4 37
4 50
4 64
4 66
4 85
4 114
4 158
4 193
4 195
4 220
4 221
4 240
4 264
4 293
4 510
4 587
4 630
4 632
4 756
4 786
4 819
4 843
4 904
4 915
4 934
4 970
4 992
5 11
5 12
5 13
5 14
5 15
5 17
5 18
5 20
5 21
5 23
5 25
5 26
5 27
5 28
5 31
5 33
5 37
5 42
5 43
5 51
5 63
5 85
5 87
5 102
5 103
5 108
5 118
5 121
5 131
5 140
5 147
5 179
5 190
5 194
5 235
5 238
5 245
5 246
5 250
5 265
5 276
5 280
5 282
5 301
5 303
5 306
5 311
5 317
5 319
5 376
5 386
5 388
5 392
5 462
5 496
5 543
5 548
5 560
5 581
5 595
5 604
5 632
5 639
5 653
5 678
5 683
5 686
5 698
5 712
5 790
5 902
5 921
5 976
5 1004
6 10
6 11
6 12
6 13
6 14
6 16
6 19
6 21
6 22
6 26
6 28
6 29
6 33
6 37
6 47
6 51
6 55
6 68
6 73
6 77
6 78
6 95
6 116
6 123
6 125
6 138
6 152
6 164
6 168
6 187
6 191
6 201
6 210
6 223
6 232
6 246
6 260
6 282
6 315
6 357
6 365
6 371
6 379
6 391
6 425
6 457
6 497
6 508
6 545
6 557
6 572
6 588
6 595
6 615
6 616
6 646
6 651
6 662
6 666
6 668
6 687
6 774
6 881
6 910
6 913
6 916
6 925
6 1017
7 10
7 12
7 13
7 14
7 16
7 21
7 22
7 34
7 35
7 44
7 45
7 61
7 65
7 66
7 68
7 91
7 96
7 103
7 109
7 111
7 127
7 136
7 139
7 149
7 151
7 154
7 178
7 204
7 247
7 264
7 274
7 298
7 353
7 374
7 380
7 384
7 516
7 526
7 528
7 529
7 564
7 581
7 605
7 607
7 610
7 662
7 680
7 682
7 757
7 764
7 781
7 804
7 825
7 908
7 949
8 10
8 11
8 12
8 13
8 20
8 24
8 25
8 26
8 31
8 34
8 35
8 36
8 38
8 47
8 49
8 65
8 66
8 79
8 89
8 100
8 107
8 124
8 141
8 142
8 147
8 165
8 167
8 198
8 202
8 241
8 268
8 289
8 302
8 309
8 365
8 418
8 441
8 449
8 450
8 453
8 457
8 523
8 527
8 613
8 696
8 703
8 717
8 721
8 776
8 812
8 870
8 927
8 949
8 976
8 988
9 10
9 15
9 19
9 21
9 29
9 31
9 38
9 105
9 107
9 120
9 127
9 142
9 159
9 210
9 213
9 216
9 334
9 403
9 471
9 477
9 513
9 583
9 590
9 682
9 737
9 753
9 879
9 965
9 993
10 12
10 13
10 15
10 16
10 17
10 18
10 19
10 20
10 21
10 24
10 25
10 26
10 28
10 29
10 33
10 34
10 39
10 40
10 44
10 46
10 50
10 51
10 56
10 62
10 71
10 72
10 75
10 84
10 85
10 93
10 97
10 99
10 101
10 103
10 105
10 109
10 112
10 121
10 124
10 134
10 158
10 159
10 166
10 174
10 175
10 176
10 179
10 191
10 199
10 200
10 202
10 206
10 213
10 255
10 308
10 309
10 314
10 322
10 323
10 324
10 325
10 330
10 334
10 337
10 367
10 384
10 385
10 395
10 399
10 400
10 409
10 416
10 447
10 456
10 463
10 468
10 470
10 471
10 482
10 485
10 491
10 497
10 518
10 530
10 531
10 543
10 546
10 548
10 564
10 582
10 585
10 586
10 596
10 598
10 604
10 618
10 621
10 650
10 664
10 668
10 685
10 687
10 696
10 726
10 739
10 740
10 780
10 816
10 844
10 850
10 859
10 860
10 866
10 881
10 909
10 924
10 968
10 980
10 1014
11 12
11 13
11 16
11 17
11 18
11 20
11 22
11 23
11 26
11 27
11 29
11 45
11 50
11 51
11 56
11 60
11 63
11 69
11 70
11 71
11 72
11 74
11 89
11 92
11 98
11 134
11 145
11 165
11 172
11 174
11 175
11 201
11 244
11 256
11 257
11 290
11 291
11 307
11 313
11 319
11 326
11 330
11 343
11 357
11 359
11 364
11 367
11 386
11 399
11 408
11 412
11 414
11 440
11 475
11 489
11 491
11 533
11 582
11 584
11 608
11 609
11 610
11 612
11 622
11 625
11 645
11 697
11 750
11 764
11 766
11 773
11 784
11 798
11 802
11 826
11 830
11 835
11 850
11 854
11 860
11 862
11 867
11 917
11 918
11 950
11 1006
12 13
12 14
12 15
12 16
12 18
12 23
12 35
12 40
12 41
12 42
12 44
12 48
12 52
12 53
12 61
12 77
12 82
12 84
12 85
12 101
12 110
12 117
12 132
12 137
12 146
12 159
12 166
12 183
12 230
12 242
12 244
12 284
12 325
12 377
12 379
12 388
12 431
12 435
12 440
12 448
12 498
12 506
12 532
12 542
12 543
12 545
12 552
12 580
12 607
12 631
12 639
12 713
12 760
12 775
12 782
12 789
12 850
12 859
12 886
12 899
12 914
12 958
12 996
13 14
13 16
13 17
13 18
13 19
13 24
13 25
13 27
13 29
13 31
13 32
13 35
13 39
13 44
13 46
13 49
13 53
13 54
13 59
13 60
13 70
13 73
13 74
13 78
13 84
13 94
13 106
13 114
13 124
13 126
13 135
13 141
13 142
13 145
13 148
13 157
13 182
13 184
13 187
13 192
13 197
13 210
13 223
13 239
13 250
13 254
13 261
13 266
13 285
13 292
13 298
13 302
13 313
13 315
13 353
13 358
13 359
13 365
13 378
13 387
13 390
13 393
13 401
13 402
13 430
13 431
13 434
13 439
13 451
13 452
13 458
13 464
13 474
13 481
13 483
13 496
13 499
13 500
13 504
13 518
13 520
13 532
13 548
13 560
13 587
13 593
13 595
13 598
13 615
13 627
13 638
13 648
13 659
13 692
13 701
13 705
13 715
13 739
13 779
13 792
13 801
13 802
13 821
13 826
13 829
13 854
13 879
13 885
13 890
13 893
13 895
13 903
13 909
13 942
13 950
13 961
14 15
14 16
14 17
14 18
14 19
14 21
14 22
14 24
14 25
14 31
14 40
14 50
14 52
14 59
14 64
14 72
14 73
14 94
14 95
14 104
14 113
14 126
14 127
14 141
14 144
14 193
14 205
14 209
14 223
14 227
14 229
14 254
14 270
14 280
14 297
14 298
14 307
14 317
14 345
14 374
14 381
14 407
14 417
14 460
14 474
14 482
14 507
14 514
14 518
14 524
14 566
14 577
14 623
14 645
14 674
14 684
14 731
14 735
14 747
14 770
14 775
14 791
14 810
14 814
14 945
14 1022
15 16
15 17
15 22
15 23
15 26
15 40
15 54
15 86
15 88
15 98
15 101
15 106
15 111
15 140
15 153
15 167
15 176
15 193
15 203
15 208
15 245
15 254
15 259
15 268
15 287
15 289
15 295
15 343
15 347
15 392
15 484
15 505
15 554
15 595
15 620
15 640
15 695
15 703
15 734
15 769
15 879
15 918
15 932
15 943
16 20
16 25
16 32
16 33
16 40
16 43
16 47
16 52
16 57
16 58
16 60
16 67
16 76
16 88
16 90
16 96
16 98
16 105
16 110
16 125
16 133
16 153
16 154
16 162
16 218
16 220
16 238
16 245
16 315
16 316
16 332
16 382
16 422
16 468
16 502
16 560
16 572
16 586
16 592
16 616
16 625
16 636
16 658
16 679
16 709
16 744
16 811
16 824
16 904
16 977
16 995
17 18
17 20
17 21
17 22
17 25
17 26
17 33
17 35
17 37
17 42
17 47
17 53
17 60
17 63
17 81
17 121
17 122
17 126
17 140
17 143
17 177
17 178
17 182
17 226
17 227
17 254
17 264
17 319
17 338
17 356
17 380
17 436
17 447
17 452
17 457
17 461
17 500
17 563
17 567
17 577
17 583
17 600
17 698
17 833
17 851
17 868
17 879
17 937
17 982
17 997
18 20
18 25
18 36
18 96
18 104
18 107
18 115
18 117
18 188
18 190
18 197
18 213
18 222
18 239
18 240
18 245
18 261
18 275
18 320
18 334
18 351
18 355
18 376
18 398
18 414
18 447
18 477
18 510
18 543
18 546
18 653
18 656
18 660
18 686
18 690
18 720
18 727
18 729
18 732
18 740
18 743
18 774
18 776
18 804
18 808
18 892
18 975
19 24
19 25
19 35
19 36
19 41
19 45
19 54
19 62
19 78
19 92
19 95
19 113
19 116
19 148
19 151
19 169
19 171
19 172
19 185
19 187
19 205
19 226
19 230
19 231
19 232
19 243
19 244
19 275
19 289
19 293
19 299
19 360
19 403
19 437
19 441
19 459
19 465
19 478
19 498
19 502
19 512
19 524
19 547
19 564
19 597
19 628
19 641
19 664
19 751
19 757
19 810
19 835
19 970
19 996
19 1003
20 30
20 31
20 34
20 37
20 38
20 41
20 55
20 56
20 60
20 62
20 71
20 81
20 85
20 86
20 88
20 90
20 100
20 113
20 126
20 131
20 147
20 151
20 156
20 158
20 161
20 165
20 189
20 197
20 203
20 221
20 229
20 244
20 248
20 280
20 290
20 320
20 333
20 338
20 349
20 352
20 359
20 373
20 413
20 424
20 435
20 464
20 474
20 477
20 487
20 528
20 536
20 554
20 562
20 588
20 594
20 605
20 630
20 664
20 706
20 763
20 805
20 808
20 810
20 854
20 865
20 872
20 875
20 909
20 956
20 971
21 22
21 23
21 26
21 30
21 38
21 45
21 49
21 53
21 54
21 57
21 59
21 81
21 89
21 94
21 97
21 110
21 115
21 117
21 120
21 177
21 180
21 217
21 236
21 246
21 253
21 255
21 260
21 279
21 290
21 292
21 309
21 355
21 360
21 365
21 398
21 420
21 421
21 422
21 427
21 531
21 577
21 579
21 595
21 632
21 636
21 667
21 683
21 738
21 852
21 863
21 879
21 882
21 959
21 1022
22 30
22 33
22 43
22 76
22 78
22 89
22 96
22 104
22 107
22 122
22 141
22 200
22 225
22 253
22 336
22 356
22 373
22 374
22 375
22 503
22 512
22 522
22 585
22 613
22 642
22 648
22 651
22 702
22 723
22 750
22 758
22 762
22 766
22 794
22 823
22 855
22 873
22 913
22 941
22 947
22 963
22 987
22 1000
23 26
23 28
23 30
23 40
23 41
23 45
23 49
23 52
23 65
23 74
23 83
23 99
23 102
23 113
23 119
23 126
23 135
23 146
23 158
23 163
23 168
23 173
23 176
23 226
23 238
23 252
23 257
23 278
23 282
23 329
23 342
23 361
23 367
23 409
23 433
23 447
23 477
23 496
23 525
23 548
23 583
23 677
23 726
23 742
23 765
23 781
23 786
23 796
23 924
23 955
24 26
24 28
24 30
24 42
24 49
24 53
24 56
24 61
24 66
24 80
24 87
24 100
24 102
24 105
24 108
24 112
24 125
24 135
24 139
24 140
24 150
24 161
24 165
24 166
24 179
24 183
24 211
24 218
24 230
24 242
24 248
24 260
24 269
24 272
24 297
24 303
24 338
24 388
24 394
24 397
24 411
24 445
24 477
24 512
24 545
24 587
24 612
24 643
24 650
24 679
24 689
24 750
24 802
24 812
24 817
24 849
24 860
24 874
24 883
24 886
24 933
24 946
24 952
24 962
24 988
24 990
24 1001
24 1012
24 1013
25 27
25 30
25 32
25 33
25 34
25 38
25 41
25 54
25 68
25 71
25 74
25 79
25 83
25 88
25 91
25 99
25 109
25 111
25 139
25 163
25 178
25 184
25 205
25 208
25 210
25 238
25 282
25 284
25 300
25 326
25 345
25 369
25 392
25 409
25 410
25 442
25 452
25 469
25 512
25 556
25 560
25 577
25 601
25 617
25 619
25 646
25 650
25 664
25 669
25 733
25 755
25 786
25 834
25 842
25 897
25 962
26 28
26 37
26 43
26 44
26 47
26 80
26 89
26 105
26 136
26 148
26 154
26 167
26 182
26 211
26 214
26 216
26 224
26 251
26 254
26 270
26 274
26 291
26 300
26 359
26 379
26 394
26 395
26 401
26 475
26 537
26 550
26 617
26 621
26 623
26 674
26 722
26 731
26 736
26 754
26 799
26 815
26 882
26 924
26 945
27 29
27 31
27 33
27 44
27 46
27 53
27 55
27 61
27 69
27 72
27 92
27 100
27 101
27 121
27 135
27 136
27 141
27 142
27 156
27 162
27 164
27 168
27 234
27 268
27 269
27 295
27 301
27 305
27 338
27 344
27 348
27 358
27 388
27 397
27 414
27 427
27 438
27 444
27 445
27 515
27 530
27 545
27 551
27 563
27 567
27 586
27 587
27 625
27 630
27 676
27 709
27 712
27 716
27 719
27 737
27 742
27 753
27 758
27 770
27 792
27 845
27 850
27 867
27 892
27 945
27 974
27 977
27 1004
27 1007
28 29
28 34
28 37
28 40
28 55
28 61
28 68
28 75
28 80
28 81
28 87
28 93
28 110
28 117
28 125
28 131
28 152
28 211
28 233
28 242
28 269
28 275
28 312
28 341
28 366
28 367
28 436
28 448
28 465
28 481
28 493
28 523
28 576
28 580
28 587
28 606
28 619
28 622
28 624
28 661
28 664
28 670
28 699
28 703
28 704
28 751
28 816
28 818
28 820
28 833
28 934
28 960
28 994
29 30
29 31
29 33
29 42
29 44
29 60
29 67
29 68
29 76
29 80
29 122
29 133
29 134
29 149
29 160
29 165
29 169
29 174
29 184
29 188
29 224
29 233
29 248
29 264
29 301
29 310
29 319
29 363
29 391
29 412
29 426
29 542
29 577
29 585
29 607
29 626
29 672
29 675
29 681
29 685
29 686
29 701
29 718
29 729
29 753
29 777
29 817
29 837
29 851
29 856
29 889
29 908
29 959
29 971
29 984
30 32
30 46
30 49
30 64
30 73
30 86
30 111
30 129
30 138
30 188
30 216
30 264
30 266
30 345
30 348
30 365
30 416
30 425
30 469
30 514
30 565
30 575
30 635
30 717
30 722
30 734
30 735
31 41
31 51
31 55
31 57
31 62
31 64
31 69
31 83
31 88
31 95
31 99
31 105
31 110
31 142
31 175
31 191
31 196
31 203
31 206
31 217
31 227
31 234
31 235
31 237
31 240
31 241
31 278
31 285
31 286
31 306
31 309
31 332
31 335
31 340
31 341
31 393
31 405
31 444
31 460
31 476
31 487
31 505
31 525
31 533
31 579
31 620
31 636
31 659
31 683
31 697
31 733
31 760
31 761
31 848
31 854
31 889
31 891
31 916
31 1011
32 36
32 37
32 48
32 50
32 54
32 69
32 92
32 102
32 124
32 132
32 140
32 163
32 183
32 245
32 249
32 280
32 288
32 312
32 341
32 450
32 481
32 486
32 515
32 529
32 548
32 577
32 602
32 619
32 634
32 749
32 833
32 878
32 902
33 36
33 54
33 61
33 73
33 84
33 93
33 97
33 116
33 117
33 136
33 143
33 156
33 170
33 190
33 200
33 204
33 205
33 218
33 228
33 229
33 263
33 281
33 284
33 301
33 305
33 336
33 349
33 351
33 363
33 377
33 379
33 439
33 450
33 453
33 470
33 473
33 543
33 575
33 629
33 655
33 700
33 718
33 767
33 783
33 836
33 846
33 872
33 905
33 921
33 959
33 999
34 38
34 65
34 68
34 77
34 99
34 104
34 110
34 119
34 158
34 167
34 171
34 173
34 189
34 204
34 207
34 222
34 252
34 291
34 388
34 409
34 410
34 434
34 478
34 485
34 489
34 520
34 525
34 537
34 572
34 584
34 644
34 659
34 666
34 672
34 687
34 688
34 689
34 749
34 765
34 769
34 774
34 776
34 861
34 898
34 964
34 968
34 979
34 1000
34 1001
34 1017
35 42
35 47
35 50
35 53
35 57
35 58
35 77
35 81
35 84
35 88
35 89
35 94
35 98
35 101
35 113
35 122
35 126
35 136
35 150
35 152
35 157
35 162
35 181
35 183
35 190
35 195
35 201
35 215
35 225
35 251
35 271
35 272
35 279
35 310
35 324
35 327
35 345
35 398
35 430
35 440
35 442
35 457
35 467
35 482
35 488
35 499
35 516
35 581
35 593
35 598
35 605
35 610
35 638
35 648
35 652
35 660
35 688
35 691
35 692
35 703
35 709
35 746
35 778
35 825
35 829
35 910
35 942
35 949
35 956
35 989
35 1020
36 39
36 60
36 75
36 86
36 108
36 111
36 133
36 137
36 143
36 161
36 194
36 269
36 272
36 275
36 284
36 305
36 344
36 419
36 424
36 584
36 667
36 681
36 682
36 700
36 702
36 720
36 722
36 730
36 821
36 876
36 883
36 905
36 931
36 990
36 1012
37 43
37 78
37 121
37 131
37 138
37 142
37 166
37 194
37 202
37 221
37 225
37 296
37 352
37 368
37 481
37 573
37 750
37 824
37 888
37 935
38 43
38 49
38 52
38 64
38 107
38 145
38 183
38 188
38 195
38 235
38 305
38 344
38 535
38 554
38 576
38 718
38 751
38 798
38 889
38 903
38 1014
38 1019
39 44
39 46
39 58
39 61
39 62
39 76
39 79
39 82
39 87
39 89
39 109
39 114
39 118
39 120
39 129
39 156
39 160
39 167
39 173
39 188
39 208
39 212
39 214
39 231
39 284
39 286
39 321
39 339
39 348
39 380
39 383
39 384
39 392
39 479
39 506
39 529
39 568
39 609
39 623
39 649
39 742
39 797
39 807
39 809
39 830
39 859
39 904
39 929
39 951
39 968
39 973
40 41
40 74
40 75
40 82
40 93
40 96
40 108
40 134
40 168
40 197
40 199
40 212
40 230
40 257
40 261
40 304
40 335
40 369
40 391
40 410
40 411
40 451
40 471
40 477
40 533
40 542
40 562
40 627
40 741
40 790
40 825
40 839
40 867
40 891
40 939
40 965
40 967
40 968
40 1000
41 56
41 82
41 93
41 137
41 156
41 180
41 183
41 217
41 230
41 233
41 247
41 274
41 283
41 285
41 372
41 387
41 410
41 458
41 470
41 589
41 698
41 797
41 808
41 826
41 858
41 923
41 946
41 1009
42 48
42 75
42 77
42 85
42 108
42 114
42 115
42 168
42 169
42 184
42 202
42 224
42 277
42 316
42 383
42 389
42 450
42 455
42 475
42 486
42 538
42 557
42 640
42 656
42 696
42 742
42 778
42 797
42 869
42 997
43 80
43 112
43 232
43 275
43 315
43 430
43 599
43 601
43 709
43 810
43 839
43 897
43 1015
44 59
44 66
44 68
44 111
44 114
44 131
44 138
44 153
44 157
44 193
44 199
44 207
44 210
44 231
44 242
44 290
44 294
44 307
44 348
44 362
44 386
44 408
44 411
44 430
44 433
44 445
44 465
44 503
44 528
44 558
44 574
44 644
44 749
44 767
44 795
44 835
44 911
44 944
44 975
44 1002
45 48
45 56
45 66
45 71
45 72
45 78
45 83
45 84
45 96
45 116
45 117
45 134
45 153
45 159
45 188
45 250
45 300
45 415
45 479
45 483
45 487
45 498
45 505
45 553
45 571
45 600
45 651
45 720
45 746
45 788
45 797
45 799
45 870
45 872
45 932
45 994
46 51
46 53
46 67
46 72
46 118
46 123
46 127
46 128
46 129
46 148
46 163
46 175
46 230
46 241
46 249
46 288
46 342
46 355
46 372
46 375
46 396
46 478
46 601
46 638
46 655
46 708
46 742
46 862
46 902
46 943
46 963
46 972
47 59
47 62
47 67
47 69
47 82
47 84
47 103
47 128
47 196
47 226
47 238
47 255
47 256
47 271
47 290
47 369
47 388
47 457
47 460
47 509
47 594
47 617
47 628
47 637
47 677
47 731
47 743
47 756
47 814
47 841
47 870
47 903
47 940
48 85
48 98
48 158
48 166
48 196
48 222
48 233
48 340
48 402
48 439
48 513
48 555
48 559
48 571
48 624
48 641
48 666
48 682
48 686
48 695
48 697
48 800
48 841
48 859
48 904
48 963
49 53
49 65
49 79
49 102
49 128
49 129
49 130
49 142
49 144
49 147
49 171
49 183
49 184
49 185
49 203
49 214
49 222
49 236
49 252
49 259
49 272
49 291
49 349
49 359
49 381
49 400
49 415
49 422
49 461
49 486
49 534
49 535
49 572
49 623
49 661
49 717
49 772
49 804
49 893
49 946
49 971
49 980
49 988
50 61
50 80
50 83
50 84
50 110
50 112
50 147
50 152
50 224
50 236
50 254
50 272
50 273
50 351
50 361
50 393
50 467
50 528
50 622
50 690
50 700
50 732
50 788
50 812
50 850
50 860
50 876
50 925
50 944
50 960
51 109
51 115
51 141
51 146
51 154
51 255
51 272
51 342
51 395
51 398
51 408
51 426
51 427
51 431
51 503
51 559
51 588
51 604
51 668
51 770
51 776
51 815
51 874
51 1015
52 57
52 73
52 90
52 101
52 113
52 155
52 190
52 202
52 283
52 312
52 333
52 360
52 369
52 390
52 415
52 453
52 473
52 553
52 590
52 637
52 639
52 692
52 772
52 827
52 962
53 65
53 76
53 138
53 145
53 207
53 216
53 223
53 251
53 258
53 280
53 318
53 408
53 418
53 483
53 546
53 651
53 652
53 691
53 737
53 780
53 787
53 954
53 964
54 56
54 59
54 60
54 63
54 72
54 76
54 77
54 104
54 191
54 199
54 216
54 247
54 255
54 290
54 321
54 323
54 361
54 424
54 425
54 450
54 473
54 497
54 530
54 575
54 580
54 591
54 717
54 802
54 878
54 913
54 955
54 960
55 57
55 62
55 64
55 72
55 91
55 97
55 99
55 164
55 189
55 193
55 207
55 223
55 230
55 231
55 279
55 286
55 337
55 340
55 431
55 483
55 486
55 501
55 534
55 538
55 591
55 605
55 611
55 654
55 688
55 693
55 738
55 756
55 791
55 805
55 806
55 843
55 889
55 978
55 1021
56 58
56 69
56 75
56 103
56 107
56 108
56 126
56 129
56 161
56 195
56 204
56 215
56 218
56 228
56 282
56 331
56 371
56 428
56 441
56 490
56 502
56 524
56 535
56 538
56 658
56 714
56 792
56 917
56 932
57 79
57 109
57 111
57 113
57 141
57 164
57 171
57 198
57 208
57 227
57 257
57 298
57 303
57 378
57 413
57 449
57 471
57 528
57 556
57 703
57 781
57 793
57 795
57 884
57 949
57 972
57 1003
58 63
58 68
58 106
58 119
58 135
58 154
58 189
58 287
58 292
58 373
58 430
58 462
58 487
58 627
58 689
58 811
58 947
58 967
59 94
59 117
59 126
59 176
59 186
59 401
59 411
59 473
59 508
59 614
59 649
59 663
59 702
59 731
59 760
59 827
59 830
59 860
59 873
59 888
59 1002
60 65
60 67
60 70
60 93
60 96
60 104
60 128
60 133
60 134
60 137
60 151
60 161
60 248
60 260
60 294
60 313
60 364
60 382
60 411
60 460
60 462
60 854
60 869
60 886
60 922
60 1002
61 78
61 101
61 106
61 128
61 131
61 136
61 139
61 159
61 179
61 185
61 206
61 258
61 306
61 380
61 416
61 435
61 440
61 445
61 542
61 644
61 662
61 677
61 694
61 720
61 786
61 793
61 971
61 975
62 82
62 90
62 140
62 181
62 186
62 204
62 270
62 297
62 375
62 376
62 390
62 427
62 470
62 520
62 578
62 641
62 859
62 866
62 910
62 920
63 117
63 175
63 203
63 404
63 580
63 598
63 862
63 887
63 937
64 71
64 73
64 90
64 129
64 153
64 192
64 243
64 304
64 311
64 349
64 384
64 407
64 442
64 490
64 524
64 603
64 645
64 671
64 716
64 747
64 833
64 836
64 889
64 901
64 921
65 74
65 86
65 88
65 107
65 109
65 151
65 161
65 162
65 179
65 199
65 266
65 267
65 322
65 538
65 583
65 621
65 623
65 726
65 780
65 791
65 847
65 884
65 947
66 71
66 129
66 138
66 145
66 176
66 187
66 197
66 203
66 249
66 295
66 334
66 338
66 358
66 368
66 384
66 386
66 475
66 508
66 647
66 663
66 744
66 826
66 847
66 869
66 893
66 927
66 990
67 68
67 70
67 94
67 113
67 135
67 171
67 182
67 405
67 409
67 429
67 463
67 498
67 596
67 645
67 649
67 743
68 110
68 125
68 130
68 138
68 143
68 205
68 212
68 214
68 270
68 322
68 336
68 403
68 434
68 495
68 516
68 737
68 747
68 798
68 896
68 910
68 960
68 983
69 119
69 138
69 187
69 281
69 294
69 350
69 417
69 523
69 629
69 684
69 692
69 776
69 807
70 72
70 105
70 115
70 120
70 163
70 165
70 184
70 269
70 348
70 367
70 371
70 532
70 541
70 596
70 638
70 829
70 849
70 877
71 75
71 77
71 86
71 87
71 92
71 113
71 128
71 133
71 164
71 173
71 181
71 195
71 196
71 197
71 212
71 232
71 234
71 271
71 273
71 289
71 302
71 337
71 347
71 377
71 405
71 412
71 417
71 455
71 465
71 494
71 500
71 549
71 586
71 681
71 684
71 722
71 739
71 814
71 844
71 847
71 864
71 874
71 941
71 1001
72 101
72 118
72 120
72 183
72 213
72 238
72 243
72 360
72 379
72 456
72 523
72 543
72 572
72 606
72 626
72 638
72 641
72 654
72 749
72 835
72 857
72 890
72 896
72 999
73 90
73 98
73 123
73 144
73 171
73 190
73 203
73 242
73 252
73 297
73 314
73 340
73 414
73 523
73 526
73 552
73 603
73 623
73 673
73 836
73 879
73 904
73 919
73 920
74 119
74 125
74 126
74 144
74 148
74 343
74 368
74 386
74 444
74 446
74 484
74 520
74 540
74 550
74 610
74 642
74 660
74 661
74 673
74 679
74 727
74 796
74 937
74 939
75 85
75 104
75 146
75 148
75 169
75 198
75 216
75 269
75 415
75 442
75 452
75 589
75 732
75 785
75 932
76 89
76 112
76 147
76 167
76 170
76 176
76 208
76 220
76 271
76 279
76 338
76 341
76 346
76 354
76 472
76 515
76 530
76 566
76 644
76 862
76 864
76 940
77 78
77 129
77 130
77 198
77 201
77 213
77 318
77 370
77 405
77 419
77 525
77 622
77 728
77 800
77 837
77 922
77 933
77 983
78 80
78 82
78 158
78 162
78 172
78 192
78 197
78 207
78 219
78 226
78 230
78 258
78 260
78 265
78 270
78 318
78 372
78 379
78 392
78 421
78 436
78 453
78 552
78 566
78 635
78 650
78 682
78 693
78 713
78 749
78 755
78 825
78 845
78 852
78 907
78 918
78 923
78 929
78 932
79 98
79 127
79 138
79 143
79 160
79 187
79 203
79 369
79 387
79 471
79 499
79 520
79 527
79 567
79 615
79 665
79 678
79 713
79 775
79 778
79 790
79 810
79 861
79 979
79 999
80 99
80 112
80 145
80 153
80 159
80 167
80 174
80 218
80 224
80 229
80 326
80 330
80 394
80 405
80 428
80 436
80 501
80 614
80 706
80 718
80 733
80 744
80 763
80 770
80 831
80 846
80 898
80 905
80 926
80 939
80 954
80 998
81 87
81 90
81 94
81 115
81 123
81 132
81 152
81 170
81 178
81 181
81 315
81 395
81 516
81 569
81 614
81 621
81 767
81 952
81 993
82 152
82 202
82 225
82 296
82 328
82 339
82 384
82 476
82 521
82 608
82 670
82 752
82 799
82 849
82 1012
83 97
83 106
83 122
83 147
83 155
83 194
83 332
83 342
83 370
83 375
83 398
83 419
83 435
83 480
83 482
83 527
83 607
83 645
83 683
83 701
83 715
83 719
83 742
83 781
83 877
83 903
83 1017
84 85
84 113
84 124
84 140
84 219
84 236
84 306
84 448
84 449
84 508
84 626
84 823
84 907
84 937
85 96
85 212
85 229
85 233
85 251
85 270
85 659
85 711
85 717
85 734
85 846
85 866
86 176
86 179
86 237
86 251
86 288
86 379
86 407
86 423
86 462
86 463
86 492
86 570
86 589
86 688
86 708
86 777
86 826
86 865
86 928
86 999
86 1007
87 98
87 155
87 265
87 343
87 358
87 359
87 428
87 437
87 447
87 526
87 601
87 604
87 643
87 762
87 819
87 876
87 911
87 1011
88 92
88 99
88 128
88 154
88 199
88 212
88 223
88 235
88 255
88 262
88 276
88 283
88 285
88 316
88 389
88 427
88 442
88 459
88 484
88 495
88 585
88 598
88 658
88 691
88 806
88 875
88 931
88 954
89 90
89 94
89 125
89 127
89 134
89 139
89 160
89 180
89 182
89 219
89 234
89 247
89 253
89 263
89 278
89 286
89 354
89 398
89 410
89 438
89 452
89 469
89 506
89 535
89 705
89 773
89 788
89 796
89 856
89 960
89 1006
90 102
90 111
90 182
90 211
90 213
90 218
90 257
90 263
90 302
90 331
90 374
90 416
90 523
90 545
90 562
90 738
90 916
90 965
90 974
91 95
91 169
91 206
91 232
91 456
91 492
91 539
91 562
91 642
91 744
91 758
91 838
91 1009
92 93
92 174
92 195
92 204
92 292
92 308
92 327
92 349
92 355
92 455
92 601
92 615
92 687
92 783
92 919
93 97
93 123
93 192
93 195
93 208
93 235
93 304
93 307
93 311
93 322
93 349
93 441
93 448
93 477
93 558
93 657
93 783
93 802
93 995
94 194
94 234
94 303
94 394
94 397
94 502
94 693
94 876
94 921
94 960
95 120
95 190
95 237
95 249
95 301
95 363
95 459
95 569
95 725
95 927
95 994
95 995
96 145
96 184
96 219
96 224
96 272
96 276
96 320
96 322
96 335
96 382
96 493
96 554
96 585
96 605
96 720
96 744
96 795
96 820
96 823
96 832
96 876
96 890
96 920
96 984
96 995
96 1021
97 147
97 166
97 177
97 227
97 256
97 260
97 266
97 324
97 339
97 370
97 462
97 507
97 561
97 569
97 620
97 653
97 664
97 715
97 740
97 741
97 825
97 856
97 884
97 989
98 178
98 336
98 389
98 403
98 413
98 517
98 534
98 763
98 970
99 112
99 135
99 140
99 174
99 189
99 237
99 263
99 331
99 350
99 408
99 473
99 506
99 602
99 605
99 730
99 984
99 1009
100 102
100 146
100 218
100 235
100 250
100 277
100 317
100 324
100 378
100 424
100 480
100 491
100 516
100 561
100 570
100 1008
101 114
101 168
101 180
101 185
101 244
101 288
101 395
101 406
101 430
101 596
101 868
101 897
102 105
102 106
102 153
102 253
102 412
102 527
102 604
102 673
102 711
102 779
102 809
102 854
102 913
103 156
103 157
103 239
103 270
103 273
103 458
103 704
103 777
103 1000
104 136
104 145
104 259
104 263
104 309
104 340
104 352
104 612
104 629
104 675
104 752
104 765
104 901
105 123
105 197
105 249
105 263
105 326
105 339
105 485
105 540
105 567
105 631
105 638
105 665
105 824
105 929
105 948
105 977
106 107
106 258
106 353
106 465
106 540
106 669
106 731
106 785
106 831
106 987
106 1022
107 114
107 205
107 215
107 243
107 262
107 300
107 429
107 580
107 603
107 615
107 685
107 750
107 762
107 944
108 142
108 144
108 164
108 170
108 227
108 244
108 286
108 332
108 366
108 375
108 381
108 466
108 467
108 490
108 574
108 621
108 636
108 686
108 702
108 714
108 797
108 966
108 1009
109 151
109 208
109 234
109 311
109 536
109 696
109 897
110 135
110 160
110 227
110 240
110 308
110 312
110 416
110 454
110 492
110 795
110 873
110 941
110 974
111 184
111 246
111 337
111 373
111 545
111 564
111 923
112 121
112 125
112 139
112 154
112 162
112 171
112 201
112 202
112 215
112 230
112 231
112 274
112 276
112 277
112 319
112 332
112 347
112 356
112 386
112 434
112 495
112 555
112 568
112 575
112 579
112 595
112 611
112 760
112 791
112 796
112 982
113 124
113 134
113 137
113 176
113 193
113 292
113 308
113 328
113 329
113 457
113 461
113 556
113 610
113 613
113 645
113 694
113 809
113 957
114 119
114 168
114 200
114 236
114 258
114 290
114 354
114 383
114 406
114 466
114 494
114 659
114 667
114 673
114 774
114 806
114 974
115 145
115 187
115 194
115 269
115 285
115 310
115 359
115 437
115 499
115 607
115 668
115 702
115 753
115 772
115 781
115 783
115 850
115 991
116 119
116 121
116 122
116 132
116 149
116 176
116 220
116 296
116 309
116 311
116 312
116 459
116 506
116 556
116 613
116 752
116 773
116 905
117 128
117 152
117 175
117 221
117 372
117 534
117 539
117 585
117 619
117 998
118 137
118 243
118 570
118 596
118 720
118 748
118 868
118 957
119 206
119 226
119 239
119 279
119 299
119 321
119 421
119 508
119 549
119 595
119 656
119 688
119 761
119 1013
120 140
120 165
120 170
120 186
120 215
120 263
120 264
120 352
120 396
120 419
120 437
120 535
120 593
120 659
120 740
120 771
120 846
120 888
120 895
121 152
121 159
121 161
121 184
121 207
121 211
121 282
121 289
121 342
121 375
121 394
121 440
121 464
121 560
121 604
121 817
121 876
122 137
122 177
122 297
122 412
122 433
122 725
122 730
122 773
122 836
122 885
122 887
122 928
122 983
122 985
123 148
123 196
123 312
123 324
123 337
123 347
123 499
123 628
123 683
123 706
123 711
123 794
123 836
123 875
123 886
123 888
123 942
123 948
123 954
123 967
123 991
124 172
124 180
124 321
124 387
124 424
124 523
124 553
124 574
124 623
124 636
124 688
125 140
125 147
125 200
125 209
125 362
125 483
125 493
125 583
125 752
125 788
125 912
125 997
126 147
126 150
126 204
126 222
126 253
126 265
126 268
126 307
126 318
126 349
126 468
126 475
126 502
126 626
126 634
126 779
126 806
126 853
126 965
127 157
127 245
127 339
127 373
127 448
127 478
127 498
127 529
127 631
128 157
128 242
128 246
128 441
128 622
128 694
128 752
128 797
129 148
129 154
129 195
129 241
129 255
129 269
129 278
129 333
129 344
129 353
129 360
129 399
129 420
129 427
129 429
129 445
129 513
129 530
129 651
129 756
129 763
129 801
129 885
129 891
129 933
129 990
130 153
130 205
130 246
130 281
130 291
130 507
130 538
130 558
130 568
130 946
130 978
131 149
131 169
131 177
131 189
131 218
131 244
131 262
131 489
131 496
131 563
131 656
131 758
131 772
131 823
131 839
132 156
132 170
132 227
132 241
132 334
132 383
132 397
132 401
132 443
132 550
132 551
132 577
132 630
132 643
132 675
132 932
132 935
133 172
133 193
133 236
133 247
133 315
133 330
133 346
133 369
133 378
133 386
133 443
133 529
133 740
133 965
133 989
134 231
134 273
134 284
134 323
134 390
134 462
134 855
135 236
135 315
135 381
135 432
135 528
135 798
135 950
135 955
136 169
136 267
136 404
136 429
136 474
136 500
136 582
136 700
136 848
136 959
137 343
137 356
137 533
137 551
137 1022
138 150
138 168
138 279
138 392
138 442
138 531
138 549
138 552
138 632
138 961
139 174
139 239
139 240
139 241
139 243
139 280
139 310
139 329
139 379
139 386
139 522
139 553
139 689
139 798
139 811
139 855
139 874
139 941
140 179
140 194
140 213
140 218
140 257
140 321
140 328
140 396
140 434
140 549
140 652
140 687
140 710
140 773
140 827
140 857
141 150
141 186
141 198
141 268
141 293
141 398
141 440
141 517
141 556
141 559
141 562
141 602
141 625
141 649
141 691
141 745
141 780
141 806
141 844
141 956
142 151
142 197
142 227
142 329
142 334
142 480
142 487
142 625
142 734
142 843
143 349
143 371
143 402
143 438
143 497
143 511
143 535
143 592
143 684
143 726
143 873
144 199
144 200
144 204
144 216
144 254
144 378
144 398
144 422
144 464
144 465
144 484
144 485
144 509
144 672
144 701
144 811
144 821
144 974
145 185
145 340
145 384
145 713
146 155
146 157
146 170
146 241
146 310
146 390
146 438
146 455
146 512
146 810
146 1006
147 228
147 235
147 295
147 325
147 424
147 740
147 780
147 847
148 160
148 225
148 306
148 419
148 455
148 486
148 504
148 517
148 547
148 599
148 783
148 832
148 918
148 939
149 179
149 186
149 194
149 257
149 271
149 302
149 421
149 655
149 907
149 929
150 193
150 228
150 356
150 369
150 423
150 537
150 599
150 805
151 154
151 233
151 240
151 704
151 763
151 785
151 829
151 851
152 204
152 267
152 284
152 297
152 323
152 635
152 646
152 901
153 160
153 164
153 248
153 371
153 488
153 513
153 631
153 673
153 1012
154 295
154 352
154 458
154 590
154 665
154 896
154 926
154 945
154 951
154 1013
155 165
155 166
155 262
155 506
155 598
155 736
155 758
155 841
155 919
155 953
156 206
156 248
156 265
156 267
156 306
156 416
156 503
156 549
156 568
156 616
156 618
156 805
156 933
157 240
157 264
157 306
157 472
157 516
157 888
157 898
158 167
158 228
158 261
158 277
158 317
158 320
158 383
158 432
158 488
158 614
158 839
158 914
158 1014
159 274
159 293
159 532
159 769
159 781
159 862
159 928
160 172
160 264
160 292
160 337
160 447
160 467
160 536
160 541
160 588
160 643
160 668
160 896
160 925
160 927
160 941
161 172
161 180
161 212
161 345
161 351
161 821
161 888
161 963
162 172
162 209
162 231
162 239
162 250
162 381
162 402
162 475
162 544
162 577
162 669
162 681
162 762
162 784
162 1021
163 267
163 317
163 341
163 362
163 423
163 426
163 466
163 482
163 543
163 583
163 597
163 606
163 669
163 691
163 800
163 923
164 188
164 194
164 428
164 479
164 489
164 505
164 610
164 651
164 670
164 694
164 748
164 752
164 938
164 944
165 167
165 171
165 239
165 430
165 442
165 507
165 533
165 849
166 178
166 192
166 200
166 209
166 219
166 280
166 409
166 412
166 526
166 548
166 644
166 645
166 705
166 736
166 796
166 926
166 1014
167 250
167 440
167 454
167 504
167 699
167 817
167 856
167 858
168 172
168 205
168 206
168 214
168 222
168 276
168 425
168 469
168 491
168 492
168 526
168 552
168 579
168 595
168 610
168 611
168 640
168 710
168 716
168 745
168 777
168 813
168 1007
169 249
169 253
169 361
169 364
169 377
169 383
169 454
169 505
169 696
169 708
169 803
169 953
169 958
169 1010
170 266
170 353
170 784
171 211
171 242
171 255
171 283
171 362
171 389
171 390
171 404
171 428
171 443
171 494
171 531
171 592
171 702
171 803
171 847
171 976
172 262
172 299
172 507
173 214
173 281
173 322
173 337
173 374
173 407
173 416
173 442
173 446
173 464
173 504
173 544
173 571
173 600
173 649
173 661
173 791
173 948
174 229
174 245
174 508
174 533
174 672
174 747
174 819
174 838
174 987
175 245
175 392
176 307
176 308
176 311
176 316
176 418
176 493
176 544
176 589
176 680
177 225
177 238
177 251
177 252
177 269
177 407
177 555
177 556
177 562
177 659
177 700
177 719
177 913
178 218
178 245
178 260
178 343
178 743
178 771
178 803
178 853
179 189
179 266
179 295
179 446
179 478
179 511
179 555
179 614
179 782
179 814
179 828
179 939
180 424
180 461
180 579
180 754
180 864
180 926
181 276
181 278
181 365
181 369
181 380
181 471
181 490
181 507
181 534
181 648
181 734
181 747
181 750
181 862
181 998
182 196
182 209
182 328
182 350
182 453
182 454
182 455
182 584
182 609
182 619
182 658
182 875
182 881
182 884
182 931
182 945
182 957
183 268
183 576
183 784
183 977
183 980
184 389
184 396
184 502
184 682
184 837
184 984
185 202
185 274
185 414
185 420
185 454
185 584
185 588
185 643
185 646
185 844
185 901
185 1018
186 294
186 374
186 395
186 454
186 603
186 653
186 681
186 721
186 799
187 256
187 264
187 309
187 449
187 450
187 533
187 539
187 836
187 860
187 1011
188 201
188 226
188 233
188 241
188 261
188 279
188 340
188 350
188 392
188 432
188 446
188 483
188 599
188 625
188 711
188 787
188 805
188 912
189 196
189 201
189 302
189 350
189 395
189 483
189 697
189 747
189 749
189 751
189 926
189 1019
190 232
190 299
190 303
190 305
190 551
190 552
190 574
190 597
190 635
190 710
190 769
190 990
190 991
191 215
191 254
191 323
191 337
191 378
191 423
191 439
191 442
191 962
192 258
192 266
192 310
192 344
192 529
192 565
192 730
192 765
192 881
192 930
192 951
192 998
192 1021
193 336
193 500
193 713
193 1017
194 232
194 300
194 377
194 420
194 429
194 474
194 544
194 593
194 612
194 686
194 699
194 777
195 222
195 223
195 273
195 317
195 364
195 548
195 771
195 799
195 889
195 988
195 997
196 316
196 376
196 486
196 570
196 600
196 658
196 678
196 700
196 711
196 724
196 772
196 961
196 1001
197 313
197 319
197 324
197 380
197 397
197 450
197 492
197 511
197 682
197 827
197 891
197 907
198 419
198 428
198 531
198 779
198 825
198 964
199 236
199 261
199 391
199 434
199 451
199 505
199 525
199 580
199 858
200 278
200 326
200 334
200 450
200 498
200 539
200 576
200 676
200 855
201 320
201 403
201 638
201 863
202 255
202 276
202 301
202 391
202 408
202 413
202 420
202 480
202 521
202 557
202 596
202 717
202 757
202 963
202 971
202 995
203 221
203 241
203 275
203 456
203 540
203 603
203 620
203 732
203 748
203 756
203 847
204 291
204 320
204 454
204 518
204 589
204 754
204 822
204 930
205 439
205 482
205 786
206 328
206 331
206 600
206 728
206 733
206 887
207 224
207 249
207 259
207 294
207 299
207 328
207 387
207 420
207 449
207 636
207 642
207 660
207 678
207 733
207 800
207 851
207 976
208 273
208 330
208 414
208 429
208 438
208 467
208 484
208 645
208 669
208 671
208 825
208 908
208 972
208 978
209 729
209 803
210 315
210 402
210 411
210 434
210 532
210 611
210 651
210 699
210 738
210 771
211 215
211 276
211 327
211 344
211 418
211 502
211 596
211 787
211 826
211 834
211 918
211 989
212 285
212 304
212 508
212 728
212 775
212 795
212 911
212 948
213 220
213 226
213 350
213 352
213 370
213 461
213 463
213 495
213 525
213 583
213 755
213 801
213 832
213 909
214 215
214 256
214 877
214 965
214 983
214 1008
215 228
215 309
215 356
215 360
215 385
215 456
215 499
215 537
215 557
215 710
215 787
215 857
216 231
216 248
216 291
216 405
216 422
216 460
216 519
216 568
216 578
216 657
216 755
216 861
216 866
216 893
216 969
217 233
217 281
217 328
217 372
217 465
217 605
217 874
218 325
218 980
219 256
219 313
219 366
219 402
219 405
219 489
219 497
219 503
219 572
219 596
219 666
219 848
219 933
220 270
220 400
220 421
220 428
220 432
220 446
220 553
220 697
220 831
220 1021
221 378
221 569
221 730
221 824
221 883
221 900
221 974
222 243
222 263
222 313
222 385
222 706
222 718
222 751
222 837
222 903
222 964
222 986
222 988
223 401
223 423
223 454
223 470
223 523
223 639
223 731
223 732
223 821
223 948
225 308
225 324
226 260
226 273
226 297
226 357
226 392
226 452
226 471
226 550
226 590
226 609
226 734
226 824
226 827
226 851
227 288
227 409
227 463
227 842
227 973
228 271
228 370
228 444
229 432
229 840
229 858
230 274
230 277
230 420
230 422
230 469
230 652
230 663
230 1022
231 285
231 390
231 401
231 413
231 552
231 870
231 901
231 942
232 247
232 372
232 456
232 590
232 650
232 706
232 771
232 838
232 978
232 994
232 1016
233 294
233 343
234 248
234 249
234 425
234 629
234 668
234 769
234 778
234 881
234 894
234 987
235 286
235 498
235 565
235 574
235 605
235 703
235 919
235 951
236 290
236 335
236 370
236 401
236 414
236 565
236 800
236 843
236 959
237 277
237 291
237 324
237 342
237 426
237 532
237 598
238 272
238 679
238 767
238 782
238 837
238 948
239 346
239 352
239 491
239 581
239 674
239 771
239 794
239 933
240 252
240 282
240 292
240 300
240 314
240 466
240 494
240 716
240 809
240 828
240 909
241 338
241 415
241 757
241 967
241 1022
242 262
242 282
242 771
243 271
243 339
243 367
243 604
243 751
243 934
243 949
243 973
243 975
244 343
244 387
244 494
244 514
244 641
244 643
244 766
244 828
244 831
244 848
244 951
244 1001
245 256
245 321
245 367
245 442
245 505
245 557
245 760
245 837
245 874
245 978
245 980
246 296
246 325
246 327
246 355
246 371
246 412
246 465
246 572
246 590
246 627
246 817
246 928
246 991
246 1013
247 325
247 361
247 384
247 418
247 447
247 451
247 481
247 497
247 631
247 640
247 666
247 721
247 876
247 1006
247 1013
248 250
248 259
248 272
248 287
248 339
248 344
248 353
248 398
248 478
248 653
248 786
248 852
248 855
248 858
248 891
248 935
248 974
248 992
248 1010
249 366
249 551
249 741
250 387
250 509
250 540
250 657
250 664
250 676
250 790
250 985
251 327
251 332
251 541
251 552
251 571
251 885
251 1023
252 257
252 284
252 923
253 355
253 437
253 627
253 654
253 720
253 915
254 265
254 314
254 361
254 389
254 402
254 447
254 555
254 759
255 397
255 470
255 514
255 582
255 606
255 653
255 683
255 688
255 724
255 768
255 773
256 399
256 435
256 477
256 974
257 272
257 298
257 313
257 396
257 439
257 534
257 607
257 618
257 632
257 648
257 667
257 697
257 813
257 882
258 341
258 501
258 617
259 295
259 361
259 393
259 417
259 549
259 711
259 905
259 908
259 966
260 305
260 314
260 325
260 400
260 424
260 727
260 882
260 1023
261 357
261 514
261 597
261 602
261 626
261 690
261 782
261 849
261 879
262 279
262 316
262 377
262 392
262 412
262 419
262 739
262 770
262 820
262 964
262 1002
263 298
263 307
263 469
263 515
263 687
263 856
264 335
264 708
264 993
264 1015
265 300
265 323
266 329
266 418
266 509
266 581
266 735
266 755
266 935
267 289
267 358
267 549
267 615
267 661
267 723
268 471
268 511
268 712
269 310
269 335
269 550
269 551
269 558
269 743
269 925
269 928
269 936
270 342
270 410
270 467
270 766
270 842
271 591
271 600
271 762
272 277
272 313
272 375
272 426
272 491
273 318
273 325
273 329
273 400
273 588
273 691
273 698
273 739
273 743
273 758
273 877
273 919
273 961
274 278
274 304
274 373
274 505
274 702
274 728
275 347
275 478
275 523
276 388
276 404
276 408
276 462
276 710
276 779
277 380
277 447
277 501
277 554
277 640
278 284
278 391
278 393
278 517
278 589
278 828
278 852
279 336
279 378
279 476
280 287
280 395
280 414
280 459
280 563
280 606
280 651
280 670
280 779
280 863
280 954
281 289
281 557
281 564
282 421
282 845
282 872
283 705
283 821
283 922
283 952
284 603
284 698
284 714
284 931
285 319
285 331
285 344
285 400
285 441
285 722
285 818
285 910
286 614
287 708
287 808
287 837
287 899
288 675
288 729
288 848
288 994
289 329
289 409
289 638
289 642
289 663
289 827
289 1013
290 385
290 563
290 652
290 690
290 812
290 897
290 927
291 350
292 422
292 443
292 491
292 547
292 590
292 726
293 426
293 446
293 558
293 574
293 729
293 769
293 828
293 864
293 913
293 983
294 427
294 546
295 348
295 487
295 556
295 692
295 765
295 808
295 852
295 1018
296 391
296 399
296 403
296 432
296 783
296 805
296 865
296 930
297 363
297 406
297 416
297 417
297 421
297 431
297 459
297 536
297 616
297 1011
298 360
298 381
298 695
299 328
299 501
299 517
299 555
299 569
299 617
299 634
299 709
299 778
299 880
300 542
300 798
300 802
300 911
300 914
301 306
301 578
301 591
301 603
301 622
301 628
301 693
301 871
301 941
302 417
302 463
302 831
303 362
303 367
303 428
303 471
303 498
303 513
303 616
303 753
304 367
304 376
304 382
304 405
304 453
304 454
304 458
304 486
304 498
304 503
304 676
304 719
304 783
304 950
305 430
305 450
305 624
305 695
305 799
305 833
305 865
306 393
306 633
306 1015
307 606
307 675
307 817
307 1016
308 332
308 451
308 659
309 326
309 381
309 524
309 562
309 612
309 625
309 707
309 789
310 438
310 586
310 890
310 911
310 935
310 985
311 342
311 401
311 492
311 494
311 513
311 518
311 825
311 868
311 920
311 980
311 1010
311 1013
312 340
312 346
312 354
312 426
312 488
312 517
312 539
312 699
312 857
312 987
313 432
313 454
313 468
313 529
313 647
313 661
314 383
314 441
314 510
314 543
314 575
314 885
315 456
315 517
315 584
315 710
315 815
315 982
315 1000
316 402
316 501
316 589
316 705
316 813
316 823
316 938
317 349
317 357
317 362
317 400
317 453
317 476
317 522
317 540
317 597
317 725
317 788
317 826
317 1004
318 395
318 461
318 650
318 686
318 753
318 768
318 818
318 842
318 938
318 1005
318 1020
319 352
319 366
319 440
319 478
319 573
319 656
319 979
319 992
320 443
320 522
320 626
320 695
320 807
321 401
321 434
321 504
321 544
321 572
321 657
321 957
322 329
322 356
322 601
322 850
323 385
323 492
323 521
324 346
324 766
324 936
325 528
325 559
325 698
325 717
325 726
325 833
325 883
325 1008
326 345
326 637
326 661
326 736
326 869
326 1007
327 460
327 666
327 937
327 1003
328 566
328 651
328 892
329 789
329 869
329 911
330 354
330 486
330 502
330 618
330 762
330 868
330 950
331 537
331 545
331 701
331 774
331 865
331 911
332 451
332 694
333 370
333 437
333 565
333 573
333 834
334 839
335 426
335 479
335 875
336 357
336 599
336 712
336 717
337 351
337 509
337 672
337 674
337 887
337 978
337 1008
338 358
338 368
338 372
338 452
338 484
338 582
338 624
338 852
339 447
339 474
339 484
339 500
339 525
339 622
339 733
339 848
339 864
339 896
340 347
340 385
340 597
340 599
340 658
340 824
340 839
340 850
340 870
340 890
340 917
340 948
340 956
340 981
341 427
341 467
341 490
341 863
341 890
341 931
341 934
341 1004
342 364
342 473
342 680
342 761
342 805
343 505
343 507
343 576
343 712
343 916
344 465
344 768
344 877
344 953
345 605
345 612
345 795
345 899
345 977
346 355
346 372
346 470
346 476
346 609
346 643
346 1018
347 438
347 764
347 807
347 863
348 363
348 547
348 1013
349 397
349 527
349 993
350 602
350 785
351 354
351 376
351 423
351 669
351 912
351 981
352 411
352 432
352 678
352 786
353 385
353 761
354 449
354 583
354 761
354 791
354 858
355 359
355 476
355 522
356 685
356 712
356 908
356 942
357 446
357 737
357 767
357 784
357 787
358 429
358 437
358 670
358 815
359 361
359 583
359 695
359 738
360 375
360 448
360 671
360 681
360 816
360 822
361 381
361 404
361 439
361 575
361 582
361 608
361 802
362 496
362 564
362 662
362 700
362 874
363 430
363 536
363 771
363 948
364 428
364 429
364 496
364 543
364 571
364 663
364 754
364 788
364 807
364 915
364 956
364 999
365 400
365 565
365 592
365 709
365 797
365 817
365 906
365 1011
366 431
366 813
366 895
367 377
367 409
367 626
367 772
367 927
367 935
368 446
368 472
368 653
368 698
368 723
368 887
368 931
368 962
368 1012
369 417
369 430
369 525
369 697
369 730
370 371
370 501
370 520
370 723
370 971
371 910
372 385
372 662
372 1000
373 410
373 479
373 668
373 783
373 826
373 836
373 916
373 999
373 1010
374 381
374 391
374 671
374 677
374 775
374 776
374 863
374 875
374 991
375 495
375 535
375 773
375 857
376 455
376 493
376 539
376 827
377 748
378 611
378 767
379 382
379 472
379 489
379 619
379 710
380 391
381 410
381 1014
382 424
382 704
382 808
383 438
383 455
383 563
383 683
383 685
383 714
383 869
384 899
384 1013
385 390
385 414
385 501
385 581
385 597
385 613
385 810
385 880
385 914
385 1005
385 1009
386 500
386 732
386 1010
387 481
388 483
388 748
389 457
389 458
389 482
389 515
389 689
389 719
389 744
389 747
389 833
389 969
390 515
390 527
390 742
391 589
391 722
392 483
392 675
392 768
393 557
393 641
393 897
393 934
394 538
394 598
394 708
394 756
394 769
395 567
395 587
395 654
395 711
395 910
395 937
395 950
395 961
396 601
396 674
396 899
396 941
397 552
397 835
397 887
398 433
399 402
399 404
399 411
399 534
399 561
399 659
399 735
400 437
400 521
400 663
400 725
400 859
400 877
400 893
401 673
401 735
401 795
401 816
401 963
402 711
403 514
403 522
403 701
403 787
403 913
404 576
404 908
405 476
405 680
405 788
405 806
405 1005
406 457
406 962
407 464
407 519
407 749
407 812
407 875
407 882
409 480
409 692
410 495
410 793
410 896
410 1015
411 521
411 629
411 842
411 905
411 940
411 1023
412 988
412 1007
413 419
413 444
413 766
413 877
413 958
414 939
415 506
415 559
416 934
417 647
417 793
417 878
418 469
418 526
418 557
418 958
419 761
419 954
420 774
420 960
422 522
422 730
422 750
423 753
423 840
424 429
424 570
424 705
424 738
425 901
426 728
427 541
427 561
427 602
428 450
428 592
428 639
428 814
428 849
429 549
429 575
430 880
431 504
431 630
431 711
431 767
431 859
431 968
432 459
432 478
432 512
432 524
432 609
432 791
432 912
432 972
432 1021
433 792
433 936
434 436
434 488
434 610
434 714
435 438
435 596
435 649
435 653
435 956
436 512
436 585
436 943
438 538
438 692
438 703
438 780
438 918
439 512
439 568
439 584
439 699
439 843
439 844
439 1008
440 458
440 615
440 693
440 874
441 536
442 526
443 678
443 734
443 839
443 954
444 485
444 716
444 1017
445 789
445 940
445 1017
446 530
446 667
446 707
446 830
447 506
447 565
447 713
447 725
447 758
447 823
447 847
447 854
447 898
448 723
449 606
449 636
449 933
450 638
450 737
450 779
450 816
450 837
450 838
450 947
451 539
451 620
451 654
451 681
451 996
452 537
452 632
452 756
452 813
453 672
453 800
453 845
453 969
454 608
454 739
454 963
455 490
455 529
455 619
455 712
455 744
455 925
456 486
456 718
457 552
457 553
457 558
457 732
457 884
457 886
458 731
458 847
459 504
459 766
459 856
460 519
461 558
461 561
461 685
461 695
461 822
461 867
462 472
462 953
462 959
463 547
463 580
463 744
464 680
464 794
464 816
465 568
465 574
465 625
465 904
465 1014
466 566
467 508
467 591
467 748
467 801
468 548
468 607
470 508
470 509
470 788
471 635
472 486
472 510
472 647
472 709
472 905
472 957
474 494
474 722
474 733
474 972
474 990
475 532
475 592
475 671
475 772
475 801
476 494
476 633
476 810
476 933
477 582
477 646
478 834
479 614
480 610
480 658
480 717
480 729
481 527
481 624
481 732
481 855
482 531
482 649
483 503
483 530
483 875
483 898
485 489
485 540
485 759
486 521
486 579
486 790
486 975
487 694
487 747
487 953
487 984
488 571
488 803
488 856
488 872
489 639
489 715
489 751
489 1020
490 541
491 882
492 511
492 596
492 732
492 876
492 931
493 519
493 617
493 935
494 545
494 647
494 909
495 524
495 714
496 509
496 754
496 871
497 571
497 641
497 838
497 924
498 588
498 735
499 531
499 795
500 679
500 841
500 865
500 930
500 949
501 628
501 907
501 927
502 693
502 838
502 863
502 872
502 961
503 853
505 850
506 628
506 957
507 524
507 544
507 676
507 818
507 878
507 933
507 1005
508 658
508 787
508 972
509 965
510 622
510 649
510 922
510 936
511 704
511 734
511 987
512 539
512 611
512 907
513 697
513 745
514 623
514 684
515 572
515 670
516 901
517 891
518 627
518 738
519 899
519 958
519 1005
520 536
520 726
520 838
520 843
520 867
520 936
520 973
522 609
522 628
522 943
523 546
523 952
524 668
524 904
525 690
525 735
525 782
525 906
525 969
526 569
526 581
526 880
527 789
527 928
528 673
528 801
529 553
529 912
529 917
531 573
531 864
532 624
532 637
532 821
532 1019
533 881
534 654
534 682
535 542
535 903
536 624
536 882
536 894
537 976
538 685
538 762
538 765
539 575
539 602
539 820
539 920
539 942
541 845
542 715
543 576
543 647
543 720
544 569
544 600
544 757
544 782
544 853
544 939
545 638
545 667
545 762
545 805
545 806
545 814
545 863
545 990
546 628
546 634
546 851
546 909
546 1021
547 573
547 578
547 785
547 869
547 969
548 813
548 873
548 982
549 581
549 646
549 830
549 996
550 652
551 815
551 845
551 854
551 877
552 562
552 696
552 742
552 799
554 560
554 571
554 982
555 804
555 813
556 627
557 966
558 573
558 890
558 985
559 605
559 721
559 1009
559 1018
559 1019
560 570
560 853
561 656
561 749
561 908
562 573
563 841
563 1023
564 620
564 832
565 702
565 756
565 757
565 1019
566 703
566 761
566 798
567 627
567 648
567 966
567 1019
568 621
568 671
568 816
569 631
569 707
571 618
571 654
571 965
572 592
572 758
572 760
572 1001
573 680
573 903
573 930
573 1019
574 704
574 750
575 625
575 647
577 634
577 741
577 930
577 996
578 789
578 838
579 677
579 932
580 678
580 1001
582 835
582 970
583 848
583 940
583 963
583 1002
584 608
585 623
585 646
585 721
586 851
586 1023
587 736
588 634
588 649
588 759
588 926
588 986
589 883
590 760
590 794
590 807
591 652
591 804
592 708
592 820
592 912
593 637
594 820
595 630
595 679
595 725
595 907
596 647
596 721
596 791
596 835
597 648
597 810
598 606
598 648
598 908
599 920
600 671
600 785
601 644
601 704
601 746
601 801
602 619
602 662
602 878
602 947
603 681
603 704
604 724
604 793
604 944
604 961
605 880
606 954
606 993
606 1020
607 783
607 804
607 946
609 614
609 993
610 830
610 951
611 861
611 1008
612 680
613 895
614 953
615 670
615 724
615 883
615 1008
616 629
616 759
616 860
617 666
617 674
617 958
618 699
619 636
619 784
619 922
620 659
620 715
620 984
621 704
621 818
621 880
621 1009
622 679
622 734
622 805
622 1020
623 688
624 680
624 714
624 754
624 855
624 862
624 864
625 864
626 789
627 662
627 957
628 707
628 729
628 790
629 898
629 915
629 947
629 1004
630 796
631 760
631 985
632 734
632 740
632 804
633 669
633 782
634 643
634 904
635 763
635 768
636 665
636 706
636 860
637 743
637 861
637 912
637 958
637 993
638 824
639 989
640 679
640 715
640 754
641 852
641 888
642 844
642 861
643 657
643 760
644 662
644 836
644 862
646 716
646 814
647 885
647 976
648 814
648 974
649 980
650 720
650 808
652 723
653 678
654 753
654 790
657 859
659 676
659 1021
660 900
661 739
661 835
662 675
663 754
663 793
663 806
663 988
664 685
664 709
664 928
666 678
666 768
666 821
666 896
666 932
667 916
668 689
668 701
668 714
668 985
670 866
671 772
671 773
671 778
671 836
671 837
671 853
671 870
671 949
671 963
672 892
672 922
672 972
673 989
675 762
676 793
676 951
677 797
677 1010
680 955
681 712
681 765
681 884
681 983
682 710
682 713
684 717
684 1011
685 746
685 750
685 834
685 964
687 754
687 881
688 718
688 948
689 725
689 919
690 723
690 757
690 885
690 900
691 773
692 737
692 871
695 818
696 751
696 912
696 924
697 870
698 892
698 914
699 769
699 930
700 815
700 1017
701 816
703 811
704 851
706 913
707 840
707 996
708 882
708 918
709 927
710 881
710 1006
711 718
712 943
713 834
714 1004
715 828
715 878
715 978
716 875
717 724
717 869
717 934
717 999
718 993
719 891
720 1010
721 958
724 795
724 992
727 856
727 897
727 994
730 947
732 1004
733 752
733 857
733 950
734 735
734 762
736 740
737 995
738 749
738 846
738 986
739 782
740 929
741 893
742 883
743 760
744 934
745 805
745 881
746 943
748 931
749 840
749 1018
750 820
750 883
750 908
750 1014
750 1019
751 800
752 1000
754 967
755 995
756 801
758 981
760 958
761 991
762 849
764 790
765 876
765 968
765 986
768 806
768 910
770 845
770 949
773 813
773 997
776 828
776 923
778 973
780 852
781 843
782 934
783 920
784 794
785 841
786 952
789 951
791 884
791 945
792 860
794 811
797 861
799 911
800 870
801 979
802 832
802 956
805 1014
806 924
810 839
811 986
811 1015
815 840
815 925
816 896
821 967
821 1012
823 852
827 1004
828 881
828 908
829 853
832 915
832 961
833 891
835 893
836 1002
837 922
838 878
840 958
840 1006
841 944
845 898
846 1019
851 873
852 854
861 977
863 1014
865 938
865 957
865 1015
866 977
869 905
869 941
870 987
871 891
873 900
874 918
874 982
877 953
878 933
878 964
879 950
880 894
880 1006
881 894
882 883
887 964
890 943
892 902
893 899
893 981
893 1018
893 1023
894 1009
896 907
899 942
899 943
902 952
909 1007
912 998
914 1002
914 1006
920 962
920 970
922 1003
922 1006
925 986
925 1019
926 979
927 952
936 990
936 1007
938 953
945 947
948 975
952 959
953 970
956 988
961 1018
964 1002
975 1005
983 1001
985 994
986 1004
992 1021
997 1003
998 1005
