0 11
0 33
0 38
0 39
0 42
0 76
0 229
0 319
0 332
0 435
0 514
0 589
0 768
0 787
0 788
0 967
1 122
1 164
1 169
1 209
1 215
1 236
1 276
1 343
1 456
1 531
1 532
1 539
1 669
1 879
1 912
1 976
1 993
2 26
2 28
2 92
2 229
2 408
2 485
2 570
2 590
2 663
2 694
2 738
3 5
3 89
3 105
3 129
3 186
3 281
3 374
3 446
3 499
3 513
3 520
3 566
3 583
3 637
3 675
3 699
3 766
3 770
3 791
3 817
3 879
3 909
4 130
4 265
4 281
4 363
4 471
4 527
4 548
4 604
4 688
4 749
4 843
4 869
4 888
4 894
5 21
5 93
5 113
5 302
5 385
5 503
5 738
5 792
5 925
5 965
5 968
5 996
6 66
6 136
6 256
6 289
6 348
6 543
6 627
6 636
6 688
6 780
6 967
6 976
6 995
7 134
7 185
7 334
7 402
7 415
7 423
7 435
7 451
7 543
7 593
7 596
7 611
7 659
7 989
8 92
8 95
8 201
8 230
8 376
8 469
8 485
8 535
8 542
8 600
8 658
8 663
8 673
8 804
8 1008
9 215
9 264
9 297
9 344
9 387
9 440
9 500
9 508
9 577
9 603
9 628
9 652
9 653
9 741
9 810
9 812
9 844
9 877
9 999
9 1020
10 17
10 71
10 112
10 201
10 307
10 324
10 348
10 409
10 504
10 522
10 584
10 633
10 667
10 747
10 753
10 835
10 947
11 172
11 228
11 459
11 465
11 470
11 729
11 800
11 824
11 931
11 932
11 1012
12 22
12 30
12 58
12 150
12 234
12 290
12 299
12 333
12 516
12 539
12 671
12 685
12 721
12 769
12 788
12 875
12 933
12 938
12 1005
12 1017
13 115
13 122
13 415
13 427
13 449
13 483
13 518
13 537
13 604
13 733
13 876
14 35
14 55
14 103
14 289
14 309
14 417
14 534
14 608
14 637
14 647
14 821
14 869
14 879
14 985
14 996
14 1017
15 91
15 434
15 496
15 508
15 524
15 541
15 762
15 831
15 837
15 890
15 936
15 938
15 972
15 974
15 1012
16 101
16 351
16 648
16 747
16 752
16 769
16 817
16 830
16 831
16 869
16 958
17 77
17 106
17 229
17 296
17 401
17 463
17 491
17 522
17 563
17 716
17 819
17 893
17 945
17 980
18 53
18 353
18 511
18 547
18 549
18 553
18 579
18 789
18 838
18 866
19 85
19 138
19 164
19 206
19 286
19 310
19 348
19 485
19 488
19 812
19 899
19 987
19 1005
20 107
20 119
20 158
20 188
20 205
20 258
20 487
20 554
20 608
20 621
20 739
20 749
20 942
20 1016
21 76
21 87
21 110
21 354
21 376
21 396
21 469
21 537
21 539
21 628
21 711
21 717
21 784
21 863
21 879
21 979
21 1010
22 75
22 78
22 106
22 115
22 161
22 216
22 221
22 243
22 301
22 328
22 377
22 453
22 497
22 550
22 679
22 924
23 66
23 82
23 298
23 459
23 507
23 675
23 788
23 837
23 847
23 848
24 44
24 65
24 73
24 135
24 158
24 207
24 229
24 287
24 321
24 382
24 409
24 425
24 503
24 582
24 659
24 693
24 700
24 742
24 783
24 907
24 912
24 1007
24 1012
25 190
25 237
25 397
25 406
25 407
25 447
25 646
25 832
26 37
26 351
26 368
26 416
26 567
26 573
26 591
26 618
26 694
26 747
26 783
26 798
26 918
26 961
27 58
27 84
27 130
27 139
27 260
27 266
27 287
27 296
27 390
27 411
27 518
27 564
27 632
27 654
27 678
27 713
27 752
27 754
27 834
28 58
28 175
28 208
28 257
28 304
28 312
28 336
28 375
28 426
28 457
28 606
28 746
28 785
28 876
28 920
29 129
29 142
29 189
29 260
29 404
29 472
29 782
29 878
29 886
29 889
30 140
30 215
30 223
30 240
30 259
30 277
30 303
30 342
30 358
30 503
30 558
30 604
30 879
30 911
30 915
30 922
30 999
30 1013
30 1014
31 53
31 96
31 273
31 321
31 471
31 489
31 600
31 643
31 846
31 962
32 37
32 61
32 106
32 230
32 242
32 351
32 538
32 541
32 577
32 657
32 726
32 794
32 832
32 984
32 1016
33 127
33 158
33 174
33 191
33 198
33 286
33 345
33 352
33 391
33 426
33 452
33 617
33 630
33 720
33 988
33 1005
34 105
34 112
34 157
34 317
34 326
34 372
34 397
34 405
34 426
34 456
34 507
34 582
34 718
34 821
34 835
34 943
35 52
35 106
35 151
35 199
35 209
35 281
35 318
35 363
35 398
35 419
35 464
35 668
35 678
35 789
35 838
35 961
36 60
36 253
36 500
36 507
36 629
36 672
36 929
36 952
37 123
37 158
37 162
37 213
37 220
37 238
37 287
37 312
37 366
37 437
37 444
37 482
37 483
37 544
37 592
37 697
37 708
37 933
38 70
38 196
38 210
38 215
38 277
38 315
38 366
38 514
38 699
38 701
38 704
38 713
38 852
38 872
38 937
39 105
39 121
39 368
39 552
39 571
39 583
39 622
39 675
39 702
39 885
39 963
40 118
40 196
40 321
40 427
40 537
40 572
40 690
40 825
40 856
40 869
40 878
41 63
41 64
41 125
41 209
41 235
41 271
41 361
41 540
41 560
41 582
41 585
41 588
41 590
41 637
41 685
41 785
41 832
41 939
42 44
42 127
42 217
42 223
42 436
42 483
42 536
42 639
42 738
42 997
43 80
43 340
43 351
43 403
43 448
43 472
43 573
43 672
43 676
43 759
43 785
43 993
44 111
44 183
44 203
44 483
44 542
44 626
44 627
44 646
44 678
44 868
44 901
44 903
44 931
44 942
44 993
44 1009
45 86
45 213
45 254
45 341
45 411
45 682
45 751
45 761
45 787
45 845
46 89
46 255
46 274
46 284
46 288
46 319
46 416
46 441
46 471
46 508
46 548
46 585
46 593
46 607
46 673
46 726
46 740
46 786
46 860
46 866
46 883
46 932
47 310
47 339
47 343
47 421
47 440
47 459
47 614
47 674
47 721
47 794
47 797
47 842
47 967
48 104
48 107
48 403
48 531
48 540
48 754
48 783
48 847
48 863
49 161
49 322
49 696
49 738
49 756
49 878
49 899
49 1000
50 118
50 126
50 138
50 162
50 163
50 218
50 392
50 670
50 684
50 832
51 83
51 96
51 219
51 226
51 320
51 355
51 383
51 500
51 660
51 700
51 786
51 892
51 918
51 920
51 953
52 82
52 91
52 357
52 387
52 397
52 436
52 573
52 643
52 697
52 921
52 954
52 985
53 57
53 126
53 204
53 355
53 364
53 391
53 428
53 511
53 598
53 653
53 657
53 788
53 813
53 839
53 842
53 1007
54 78
54 149
54 234
54 246
54 329
54 333
54 334
54 360
54 363
54 474
54 523
54 562
54 564
54 584
54 612
54 632
54 714
54 717
54 811
54 825
54 855
55 80
55 86
55 121
55 132
55 301
55 323
55 343
55 401
55 409
55 410
55 542
55 578
55 663
55 696
55 893
55 966
55 987
56 74
56 106
56 192
56 357
56 449
56 524
56 653
56 671
56 698
56 736
56 737
56 898
56 977
56 978
57 105
57 112
57 211
57 228
57 237
57 241
57 287
57 297
57 339
57 440
57 661
57 751
57 904
58 96
58 164
58 195
58 315
58 318
58 326
58 457
58 524
58 574
58 614
58 639
58 776
58 786
58 860
58 933
58 995
58 1008
59 212
59 367
59 440
59 468
59 561
59 587
59 787
59 875
59 1001
60 228
60 267
60 398
60 514
60 528
60 629
60 639
60 667
60 697
60 762
60 889
60 897
60 1002
61 79
61 117
61 429
61 512
61 656
61 668
61 686
61 747
61 779
61 830
61 850
61 948
61 1016
62 197
62 227
62 237
62 297
62 310
62 375
62 412
62 634
62 673
62 785
62 795
62 830
62 929
62 972
62 989
63 106
63 321
63 498
63 548
63 613
63 736
63 742
63 757
63 807
63 844
63 882
63 934
63 963
64 98
64 147
64 293
64 403
64 435
64 461
64 487
64 527
64 888
64 893
64 947
64 989
64 1004
65 187
65 229
65 261
65 357
65 379
65 611
65 627
65 640
65 668
65 971
66 111
66 129
66 284
66 469
66 499
66 562
66 581
66 602
66 636
66 837
66 920
66 967
67 121
67 141
67 143
67 193
67 247
67 303
67 304
67 417
67 427
67 457
67 462
67 511
67 669
67 693
67 913
67 934
68 115
68 175
68 178
68 278
68 569
68 647
68 650
68 665
68 697
68 752
68 849
69 85
69 98
69 231
69 303
69 306
69 369
69 631
69 703
69 733
69 841
69 925
69 993
69 996
70 486
70 493
70 605
70 623
70 642
70 658
70 768
70 842
70 891
70 995
70 1023
71 95
71 180
71 219
71 470
71 471
71 507
71 599
71 671
71 702
71 705
71 779
71 848
71 982
72 169
72 346
72 444
72 529
72 536
72 572
72 644
72 661
72 914
72 920
72 933
72 1005
73 160
73 171
73 233
73 266
73 272
73 280
73 304
73 362
73 448
73 611
73 615
73 634
73 764
73 814
73 829
74 85
74 184
74 185
74 292
74 345
74 519
74 570
74 623
74 627
74 668
74 675
74 681
74 696
74 954
74 964
74 980
74 1023
75 309
75 311
75 553
75 616
75 706
75 728
75 782
75 836
75 845
76 122
76 200
76 309
76 403
76 436
76 443
76 535
76 816
76 827
76 983
77 608
77 619
77 717
77 789
77 801
77 853
77 910
77 928
77 977
77 982
77 1001
78 104
78 175
78 180
78 436
78 455
78 469
78 484
78 487
78 601
78 617
78 697
78 797
78 808
78 817
78 826
78 954
79 133
79 178
79 200
79 207
79 309
79 420
79 529
79 535
79 536
79 671
79 677
79 682
79 760
79 864
79 947
79 1002
80 283
80 293
80 388
80 511
80 573
80 838
80 873
80 997
81 102
81 140
81 151
81 154
81 159
81 208
81 223
81 289
81 325
81 499
81 555
81 583
81 790
81 804
81 948
81 959
82 86
82 104
82 187
82 455
82 574
82 694
82 905
82 995
83 117
83 119
83 125
83 195
83 198
83 300
83 311
83 533
83 542
83 575
83 594
83 664
83 701
83 856
83 933
84 249
84 287
84 323
84 346
84 461
84 487
84 505
84 573
84 634
84 644
84 738
84 892
84 969
84 976
84 994
85 119
85 135
85 176
85 322
85 327
85 333
85 403
85 468
85 500
85 630
85 697
85 752
85 870
85 974
86 89
86 98
86 264
86 269
86 335
86 411
86 422
86 504
86 514
86 643
86 703
86 780
86 814
86 831
86 950
86 986
87 121
87 164
87 302
87 333
87 388
87 546
87 680
87 877
87 907
87 951
88 123
88 154
88 266
88 312
88 315
88 651
88 681
88 709
88 856
88 1002
89 176
89 204
89 319
89 327
89 351
89 488
89 566
89 603
89 842
89 843
89 889
89 913
89 933
89 966
89 979
89 990
90 146
90 218
90 243
90 272
90 436
90 486
90 494
90 510
90 513
90 553
90 672
90 686
90 814
90 824
90 825
90 850
91 186
91 287
91 332
91 333
91 375
91 424
91 767
91 844
91 939
92 438
92 558
92 610
92 627
92 642
92 959
92 998
93 152
93 183
93 298
93 515
93 554
93 574
93 587
93 780
93 937
93 983
93 1010
93 1020
93 1022
94 149
94 319
94 460
94 550
94 626
94 671
94 820
94 823
94 859
94 911
95 118
95 311
95 353
95 380
95 386
95 543
95 940
96 120
96 191
96 332
96 355
96 376
96 453
96 525
96 527
96 562
96 595
96 616
96 707
96 732
96 758
96 804
96 817
96 879
96 922
96 971
97 175
97 280
97 293
97 310
97 434
97 516
97 693
97 793
97 855
97 895
97 915
98 151
98 179
98 186
98 251
98 353
98 392
98 421
98 528
98 544
98 623
98 625
98 668
98 685
98 756
98 778
98 785
98 859
98 873
98 1021
99 131
99 234
99 244
99 345
99 397
99 428
99 630
99 651
99 951
99 1001
99 1010
100 219
100 409
100 508
100 627
100 645
100 661
100 681
100 785
100 809
100 848
100 863
100 886
100 894
100 1000
101 129
101 205
101 322
101 532
101 578
101 738
101 809
101 897
101 970
102 223
102 242
102 464
102 541
102 638
102 639
102 665
102 742
102 840
102 956
102 978
103 129
103 152
103 185
103 221
103 335
103 344
103 384
103 485
103 505
103 629
103 796
103 799
103 847
103 945
103 1002
104 193
104 274
104 283
104 368
104 406
104 496
104 530
104 885
104 1013
105 162
105 163
105 209
105 325
105 448
105 471
105 531
105 582
105 594
105 811
105 869
106 139
106 151
106 197
106 202
106 348
106 556
106 560
106 561
106 593
106 638
106 696
106 710
106 745
106 817
106 822
106 920
106 944
107 156
107 170
107 216
107 332
107 342
107 409
107 416
107 507
107 533
108 123
108 208
108 231
108 274
108 321
108 327
108 392
108 442
108 532
108 781
108 966
108 984
109 147
109 217
109 222
109 284
109 545
109 559
109 717
109 788
109 835
109 843
109 883
109 957
110 270
110 746
110 769
110 810
110 862
110 863
110 866
110 1017
111 408
111 623
111 807
111 856
111 937
111 944
111 963
111 991
112 116
112 143
112 219
112 285
112 332
112 362
112 384
112 395
112 589
112 632
112 747
112 771
112 983
112 1001
113 123
113 242
113 267
113 408
113 427
113 559
113 647
113 746
113 922
114 129
114 138
114 159
114 171
114 207
114 289
114 353
114 383
114 397
114 413
114 512
114 575
114 609
114 690
114 745
114 806
115 147
115 159
115 171
115 182
115 222
115 223
115 239
115 491
115 576
115 615
115 748
115 896
115 899
115 923
116 177
116 277
116 295
116 453
116 475
116 559
116 582
116 656
116 722
116 785
116 878
116 908
116 930
116 973
116 986
116 993
117 121
117 146
117 332
117 353
117 657
117 686
117 693
117 747
117 825
117 834
117 901
117 925
117 940
118 190
118 230
118 236
118 381
118 500
118 527
118 636
118 731
118 747
118 759
118 802
118 857
118 931
118 1015
119 124
119 189
119 275
119 404
119 470
119 660
119 757
119 861
119 883
120 168
120 177
120 360
120 384
120 428
120 507
120 519
120 530
120 571
120 575
120 683
120 770
120 797
120 901
120 984
120 991
120 1004
121 206
121 247
121 264
121 284
121 307
121 459
121 516
121 646
121 671
121 764
121 938
121 970
122 171
122 373
122 411
122 486
122 554
122 579
122 607
122 668
122 691
122 724
122 822
122 834
122 950
123 319
123 320
123 336
123 414
123 587
123 673
123 816
123 846
123 953
123 982
124 243
124 281
124 283
124 370
124 399
124 409
124 527
124 643
124 650
124 673
124 827
124 892
124 938
124 1019
125 204
125 207
125 232
125 357
125 594
125 595
125 613
125 642
125 685
125 864
125 926
125 981
126 170
126 181
126 274
126 279
126 342
126 413
126 506
126 614
126 631
126 731
126 733
126 769
126 886
126 962
127 129
127 140
127 157
127 174
127 308
127 326
127 336
127 374
127 491
127 511
127 527
127 576
127 651
127 674
127 762
127 763
127 818
127 835
127 997
127 1004
128 164
128 266
128 286
128 337
128 344
128 488
128 630
128 663
128 672
128 756
128 786
128 832
128 875
128 947
128 994
129 180
129 377
129 392
129 454
129 507
129 611
129 708
129 812
129 874
129 918
129 923
129 928
129 935
129 1007
129 1023
130 175
130 192
130 198
130 253
130 336
130 348
130 383
130 387
130 669
130 779
131 136
131 348
131 432
131 468
131 619
131 822
132 143
132 179
132 193
132 205
132 227
132 304
132 361
132 410
132 458
132 564
132 777
132 829
132 875
132 879
132 881
132 920
132 945
133 245
133 300
133 355
133 386
133 466
133 468
133 490
133 602
133 614
133 635
133 731
133 777
133 910
133 945
134 193
134 311
134 312
134 413
134 455
134 516
134 560
134 565
134 667
134 699
134 705
134 812
134 852
134 950
135 251
135 374
135 463
135 702
135 716
135 810
135 842
135 897
135 930
135 941
135 968
135 973
135 977
135 1004
136 243
136 258
136 269
136 280
136 298
136 366
136 444
136 463
136 474
136 491
136 534
136 890
137 184
137 237
137 245
137 287
137 357
137 365
137 493
137 513
137 602
137 618
137 622
137 692
137 751
137 760
137 765
137 821
137 823
137 976
138 274
138 294
138 311
138 315
138 393
138 403
138 404
138 436
138 834
138 1000
139 185
139 290
139 379
139 402
139 412
139 495
139 530
139 553
139 580
139 859
139 889
139 953
139 956
139 993
140 222
140 241
140 389
140 456
140 477
140 514
140 658
140 772
140 864
140 891
141 162
141 304
141 307
141 549
141 666
141 678
141 698
141 749
141 861
141 894
141 923
142 171
142 178
142 267
142 344
142 420
142 569
142 615
142 744
142 818
142 892
142 913
142 937
142 956
142 958
142 990
142 1005
143 303
143 348
143 380
143 413
143 520
143 544
143 640
143 684
143 817
143 847
143 851
144 277
144 330
144 447
144 475
144 581
144 594
144 636
144 731
144 815
144 976
144 1007
144 1011
144 1020
145 149
145 155
145 208
145 229
145 275
145 276
145 340
145 360
145 435
145 481
145 564
145 567
145 578
145 598
145 706
145 766
145 802
145 851
145 882
145 900
145 933
146 204
146 239
146 249
146 354
146 494
146 521
146 716
146 753
146 796
146 971
146 997
147 194
147 261
147 279
147 306
147 438
147 615
147 720
147 803
147 809
147 813
147 833
147 921
148 207
148 235
148 267
148 343
148 570
148 637
148 687
148 716
148 725
148 906
149 238
149 255
149 266
149 338
149 592
149 733
149 742
149 750
149 852
149 986
149 992
150 183
150 268
150 312
150 343
150 375
150 498
150 537
150 677
150 689
150 807
150 818
150 903
150 947
150 949
150 954
150 974
150 1002
151 279
151 347
151 363
151 450
151 471
151 478
151 566
151 741
151 754
151 781
151 915
152 156
152 161
152 178
152 179
152 241
152 257
152 274
152 315
152 483
152 579
152 629
152 654
152 754
152 772
152 835
152 846
152 996
153 241
153 331
153 467
153 487
153 513
153 848
153 995
154 171
154 291
154 335
154 432
154 433
154 503
154 538
154 622
154 683
154 715
154 875
154 894
154 931
154 999
155 287
155 308
155 404
155 452
155 463
155 468
155 513
155 529
155 541
155 546
155 697
155 721
155 727
155 815
155 849
155 854
156 270
156 285
156 297
156 335
156 338
156 372
156 413
156 478
156 513
156 784
156 811
156 891
156 938
156 990
156 1023
157 199
157 316
157 490
157 576
157 630
157 873
157 925
158 204
158 366
158 549
158 591
158 823
158 824
158 937
159 235
159 434
159 477
159 861
159 866
159 895
160 172
160 251
160 268
160 296
160 417
160 535
160 597
160 664
160 682
160 706
160 726
160 1023
161 177
161 406
161 466
161 538
161 547
161 555
161 793
161 974
162 253
162 318
162 326
162 340
162 432
162 608
162 676
162 741
162 767
162 869
162 989
163 244
163 307
163 505
163 549
163 627
163 674
163 708
163 742
163 796
163 833
163 850
163 903
163 915
163 920
163 962
163 978
164 211
164 218
164 270
164 271
164 348
164 430
164 466
164 495
164 528
164 632
164 639
164 678
164 679
164 680
164 783
164 848
164 881
165 193
165 339
165 454
165 482
165 555
165 583
165 590
165 623
165 678
165 680
165 743
165 752
165 764
165 796
165 813
165 865
166 228
166 304
166 390
166 422
166 468
166 559
166 685
166 689
166 789
166 835
166 901
166 937
167 238
167 340
167 376
167 391
167 438
167 464
167 543
167 566
167 581
167 594
167 602
167 638
167 651
167 675
167 697
167 700
167 747
167 897
167 963
168 172
168 396
168 486
168 573
168 742
168 744
168 824
168 834
168 859
168 877
168 903
168 932
168 1015
169 191
169 223
169 244
169 253
169 410
169 536
169 568
169 588
169 658
169 696
169 747
169 771
169 828
169 830
169 891
169 1001
169 1019
170 178
170 209
170 291
170 293
170 411
170 590
170 596
170 676
170 718
170 791
170 832
170 884
170 935
170 949
171 215
171 218
171 472
171 483
171 663
171 804
171 807
171 824
171 855
171 932
171 951
172 227
172 291
172 434
172 515
172 664
173 192
173 224
173 302
173 413
173 455
173 602
173 742
173 789
173 831
173 837
173 896
173 905
173 918
173 992
174 272
174 397
174 430
174 616
174 671
174 697
174 707
174 759
174 893
174 922
174 1009
175 206
175 215
175 529
175 549
175 687
175 699
175 738
175 837
175 859
175 872
175 888
175 899
175 936
175 957
175 986
176 179
176 226
176 335
176 470
176 533
176 578
176 643
176 717
176 785
176 798
176 844
176 845
176 853
176 907
176 986
176 1008
177 215
177 317
177 379
177 384
177 696
177 841
177 924
177 982
178 189
178 233
178 243
178 307
178 374
178 545
178 605
178 677
178 786
178 885
178 962
178 967
179 214
179 367
179 491
179 566
179 745
179 886
180 238
180 396
180 484
180 491
180 501
180 502
180 587
180 612
180 695
180 701
180 729
181 201
181 307
181 376
181 475
181 581
181 607
181 629
181 637
181 685
181 719
181 783
181 897
181 928
181 984
182 223
182 246
182 387
182 390
182 453
182 464
182 470
182 505
182 506
182 529
182 677
182 690
182 723
182 885
182 944
182 1013
183 337
183 350
183 410
183 598
183 624
183 625
183 641
183 785
183 790
183 976
183 978
183 996
184 194
184 198
184 231
184 234
184 316
184 338
184 415
184 421
184 540
184 638
184 651
184 742
184 787
185 208
185 373
185 431
185 510
185 523
185 549
185 711
185 733
185 734
185 876
185 948
185 983
186 205
186 214
186 260
186 350
186 464
186 566
186 623
186 627
186 702
186 820
186 937
186 1004
187 284
187 335
187 424
187 439
187 582
187 591
187 647
187 669
187 678
187 728
187 823
187 920
187 925
187 926
187 935
187 963
187 969
187 970
188 414
188 446
188 463
188 471
188 481
188 563
188 708
188 770
188 853
188 906
189 222
189 246
189 324
189 383
189 388
189 474
189 558
189 562
189 567
189 592
189 683
189 759
190 282
190 288
190 378
190 381
190 389
190 416
190 417
190 458
190 466
190 469
190 505
190 534
190 678
190 740
190 754
190 844
190 913
190 932
191 264
191 349
191 468
191 527
191 549
191 568
191 587
191 698
191 782
191 825
192 240
192 288
192 295
192 306
192 319
192 321
192 329
192 356
192 421
192 602
192 764
192 842
192 846
192 867
192 929
193 218
193 267
193 323
193 370
193 567
193 682
193 731
193 867
193 890
194 195
194 331
194 396
194 458
194 673
194 728
194 736
194 737
194 759
194 769
194 774
194 775
194 781
194 857
195 257
195 287
195 305
195 309
195 410
195 433
195 532
195 659
195 707
195 823
195 890
195 921
196 266
196 508
196 692
196 753
196 765
196 874
196 895
196 905
196 955
196 1007
196 1018
197 240
197 337
197 355
197 477
197 480
197 632
197 706
197 712
197 718
197 811
197 893
197 946
197 1022
198 336
198 370
198 464
198 503
198 507
198 581
198 624
198 688
198 700
198 794
198 923
198 1011
198 1018
199 444
199 512
199 538
199 641
199 772
199 955
199 981
200 264
200 391
200 483
200 510
200 587
200 714
200 724
200 851
201 226
201 230
201 254
201 293
201 325
201 351
201 362
201 386
201 493
201 557
201 576
201 868
201 921
202 223
202 276
202 297
202 305
202 312
202 326
202 347
202 494
202 559
202 589
202 659
202 677
202 708
202 770
202 776
202 815
202 837
202 855
202 868
203 249
203 273
203 359
203 377
203 466
203 469
203 511
203 610
203 623
203 674
203 757
203 776
203 787
203 886
203 899
203 1000
204 226
204 237
204 359
204 377
204 515
204 619
204 919
204 985
205 349
205 401
205 412
205 413
205 505
205 620
205 635
205 783
205 825
205 859
205 863
205 886
205 979
205 1010
206 270
206 355
206 394
206 452
206 532
206 708
207 384
207 645
207 656
207 696
207 849
207 908
208 223
208 289
208 304
208 349
208 447
208 576
208 637
208 672
208 736
208 744
208 835
208 838
208 864
208 955
208 987
208 990
208 1004
209 333
209 406
209 536
209 805
209 969
210 228
210 236
210 237
210 277
210 287
210 539
210 647
210 768
211 216
211 242
211 304
211 350
211 401
211 404
211 428
211 598
211 679
211 721
211 777
211 950
212 227
212 276
212 279
212 353
212 595
212 608
212 627
212 663
212 721
212 825
212 829
212 1004
213 220
213 311
213 331
213 439
213 453
213 564
213 573
213 953
214 530
214 551
214 573
214 665
214 698
214 788
214 823
214 945
214 957
215 399
215 527
215 574
215 601
215 613
215 664
215 736
215 740
215 799
216 615
216 635
216 664
216 687
216 769
216 979
217 248
217 293
217 451
217 484
217 577
217 610
217 653
217 655
217 665
217 785
217 822
217 876
217 924
218 327
218 346
218 400
218 455
218 577
218 631
218 632
218 652
218 710
218 738
218 828
218 848
218 853
218 860
218 973
219 229
219 267
219 299
219 317
219 327
219 465
219 611
219 614
219 714
219 727
219 751
219 843
219 996
220 275
220 307
220 325
220 499
220 718
220 742
220 767
220 792
220 826
220 885
220 893
220 973
221 263
221 269
221 299
221 397
221 401
221 420
221 512
221 680
221 695
221 718
221 777
221 795
221 806
222 677
222 698
222 699
222 751
222 841
222 880
223 235
223 441
223 479
223 579
223 587
223 611
223 684
223 685
223 776
223 821
223 878
223 992
224 265
224 280
224 314
224 370
224 422
224 454
224 493
224 546
224 636
224 650
224 673
224 720
224 799
224 845
224 900
224 990
225 279
225 329
225 416
225 448
225 581
225 770
225 790
225 817
225 832
225 843
225 846
225 969
225 1020
226 326
226 343
226 379
226 476
226 514
226 564
226 575
226 678
226 690
226 774
226 792
226 878
226 904
227 246
227 331
227 351
227 394
227 440
227 846
227 864
227 969
227 995
228 242
228 257
228 331
228 622
228 675
228 738
228 786
228 972
228 981
229 362
229 439
229 466
229 505
229 605
229 763
229 799
229 802
229 854
229 971
230 294
230 325
230 342
230 398
230 403
230 485
230 626
230 673
230 734
230 814
230 889
230 912
230 976
231 428
231 473
231 550
231 552
231 555
231 565
231 686
231 728
231 757
232 374
232 409
232 483
232 533
232 567
232 594
232 674
232 706
232 761
232 771
232 846
232 1005
233 336
233 415
233 432
233 490
233 544
233 551
233 704
233 757
233 769
233 794
233 798
233 816
233 886
233 927
234 276
234 372
234 550
234 567
234 652
234 707
234 740
234 762
234 765
234 791
234 868
234 878
234 966
234 1012
235 258
235 264
235 442
235 618
235 623
235 737
235 766
235 834
235 847
235 1007
236 304
236 336
236 399
236 596
236 642
236 932
236 979
236 983
237 269
237 303
237 442
237 512
237 556
237 746
237 753
237 910
237 917
237 952
237 992
238 242
238 549
238 611
238 635
238 825
238 859
239 313
239 464
239 544
239 575
239 629
239 645
239 715
239 718
239 767
239 804
239 940
240 304
240 314
240 357
240 470
240 548
240 741
240 750
240 767
240 871
240 940
240 961
241 323
241 360
241 425
241 441
241 495
241 520
241 567
241 632
241 652
241 658
241 694
241 797
242 319
242 326
242 352
242 360
242 611
242 636
242 682
242 725
242 845
242 866
242 931
242 935
242 940
243 444
243 514
243 543
243 554
243 558
243 607
243 621
243 645
243 656
243 671
243 814
243 1002
244 330
244 428
244 516
244 518
244 561
244 709
244 786
244 942
245 283
245 400
245 456
245 503
245 520
245 567
245 607
245 670
245 754
245 823
245 904
245 949
245 1007
246 287
246 499
246 561
246 654
246 759
246 821
246 903
246 917
246 933
246 999
247 304
247 357
247 392
247 738
247 765
247 899
247 912
247 933
247 935
248 249
248 321
248 340
248 389
248 492
248 495
248 527
248 584
248 594
248 648
248 664
248 738
248 869
248 955
249 320
249 364
249 540
249 544
249 566
249 727
249 799
249 848
249 963
249 967
250 358
250 490
250 625
250 668
250 821
250 856
250 880
250 979
250 988
251 281
251 435
251 520
251 717
251 869
251 998
252 287
252 546
252 560
252 643
252 677
252 684
252 830
252 861
252 875
252 998
253 281
253 339
253 375
253 382
253 456
253 704
253 842
253 967
254 261
254 306
254 338
254 471
254 500
254 501
254 527
254 671
254 783
254 816
254 866
254 878
254 908
254 922
255 264
255 268
255 468
255 498
255 529
255 543
255 571
255 619
255 650
255 666
255 696
255 882
255 887
255 903
256 348
256 442
256 470
256 493
256 591
256 664
256 671
256 685
256 694
256 781
256 863
256 950
256 999
257 341
257 373
257 399
257 431
257 530
257 597
257 811
257 837
257 846
257 871
257 912
257 944
258 429
258 569
258 592
258 612
258 613
258 624
258 820
258 852
258 876
258 998
258 1014
259 304
259 345
259 542
259 611
259 623
259 694
259 816
259 886
260 271
260 272
260 281
260 290
260 386
260 427
260 463
260 464
260 567
260 575
260 595
260 651
260 674
260 737
260 778
260 779
260 781
260 810
260 829
260 905
260 984
261 270
261 326
261 467
261 477
261 517
261 809
261 835
261 890
261 983
262 274
262 391
262 552
262 806
262 1011
263 265
263 334
263 478
263 504
263 524
263 565
263 638
263 739
263 801
263 803
263 848
263 924
263 955
263 962
263 1009
264 395
264 408
264 487
264 576
264 612
264 651
264 912
264 922
264 935
264 938
264 976
265 266
265 292
265 313
265 346
265 481
265 587
265 657
265 685
265 713
265 778
265 803
265 817
265 930
265 993
266 308
266 425
266 441
266 479
266 495
266 579
266 595
266 632
266 760
266 897
266 905
266 930
266 936
267 305
267 316
267 327
267 333
267 388
267 457
267 483
267 502
267 549
267 836
267 901
267 937
268 366
268 418
268 465
268 481
268 502
268 713
268 810
268 948
268 950
268 951
268 991
269 299
269 311
269 403
269 429
269 462
269 470
269 492
269 531
269 639
269 713
269 719
269 766
269 880
269 887
269 889
269 962
269 974
270 316
270 364
270 425
270 520
270 528
270 545
270 647
270 654
270 706
270 708
270 722
270 747
270 906
270 917
270 965
270 972
271 399
271 646
271 752
271 754
271 801
271 850
271 930
271 977
271 982
272 301
272 323
272 394
272 412
272 572
272 651
272 700
272 755
272 851
272 898
272 945
272 1011
273 280
273 320
273 363
273 384
273 441
273 444
273 525
273 543
273 567
273 741
273 745
273 831
273 962
273 978
273 980
273 994
274 453
274 496
274 528
274 556
274 569
274 655
274 721
274 818
274 858
275 338
275 348
275 363
275 433
275 554
275 575
275 722
275 979
276 294
276 321
276 376
276 384
276 408
276 450
276 608
276 615
276 834
276 877
276 937
276 943
277 300
277 304
277 320
277 323
277 343
277 485
277 520
277 536
277 557
277 587
277 760
277 790
277 802
277 880
277 951
277 956
277 1017
278 366
278 546
278 592
278 689
278 728
278 730
278 742
278 882
279 317
279 318
279 446
279 502
279 555
279 644
279 665
279 675
279 763
279 906
279 923
280 287
280 611
280 657
280 764
280 824
280 896
281 295
281 331
281 384
281 477
281 532
281 641
281 762
281 819
281 833
281 876
281 878
281 1004
282 314
282 443
282 847
282 915
282 924
282 995
282 1008
283 285
283 450
283 451
283 463
283 569
283 631
283 632
283 674
283 742
283 777
283 941
283 957
283 964
283 993
284 305
284 463
284 476
284 554
284 566
284 769
284 772
284 785
284 937
284 984
284 987
284 995
285 293
285 298
285 311
285 321
285 343
285 370
285 374
285 399
285 428
285 448
285 466
285 546
285 664
285 667
285 742
285 751
285 852
285 889
285 943
286 423
286 474
286 483
286 497
286 710
286 805
286 837
286 862
286 927
287 328
287 383
287 456
287 469
287 630
287 756
287 916
288 371
288 448
288 529
288 648
288 694
288 735
288 805
288 834
288 946
289 334
289 338
289 503
289 539
289 607
289 615
289 660
289 666
289 715
289 787
289 837
289 917
289 974
289 1013
290 340
290 477
290 593
290 907
290 985
290 1001
291 325
291 499
291 595
291 631
291 632
291 659
291 693
291 710
291 747
291 755
291 841
291 884
291 985
292 298
292 315
292 495
292 616
292 718
292 732
292 764
292 789
292 830
292 857
292 861
292 890
292 921
292 928
293 337
293 559
293 574
293 676
293 682
293 704
293 812
293 946
293 1015
294 324
294 424
294 457
294 638
294 705
294 813
294 833
294 861
294 1001
295 319
295 446
295 504
295 517
295 618
295 649
295 825
295 915
295 968
296 317
296 352
296 395
296 399
296 468
296 719
296 925
296 949
296 1004
296 1009
297 357
297 457
297 536
297 566
297 642
297 650
297 762
297 777
297 819
297 836
297 999
297 1023
298 369
298 399
298 475
298 499
298 520
298 565
298 584
298 589
298 602
298 710
298 814
298 843
298 862
298 865
298 868
298 978
298 1015
298 1020
299 386
299 396
299 470
299 730
299 811
299 873
299 971
300 398
300 408
300 499
300 789
300 906
300 929
300 962
301 413
301 650
301 721
301 830
301 878
301 889
301 905
301 938
301 950
301 1004
302 426
302 547
302 722
302 773
302 781
302 858
302 871
302 897
302 910
302 914
302 980
302 1021
303 377
303 395
303 415
303 526
303 652
303 657
303 750
303 761
303 802
303 942
303 962
303 1004
304 466
304 476
304 522
304 568
304 588
304 616
304 650
304 692
304 742
304 766
304 767
304 869
304 890
304 966
304 997
305 315
305 345
305 367
305 453
305 737
305 781
305 857
306 373
306 429
306 732
307 481
307 617
307 629
307 876
308 342
308 429
308 447
308 474
308 550
308 553
308 677
308 872
308 912
308 944
309 421
309 518
309 572
309 585
309 626
309 748
309 962
310 351
310 358
310 366
310 467
310 491
310 495
310 519
310 574
310 630
310 754
310 994
311 330
311 348
311 402
311 584
311 686
311 945
311 983
311 999
312 332
312 364
312 480
312 481
312 559
312 581
312 604
312 713
312 718
312 735
312 890
312 961
313 357
313 366
313 462
313 542
313 559
313 582
313 619
313 644
313 651
313 726
313 851
314 328
314 341
314 509
314 529
314 538
314 576
314 629
314 673
314 685
314 760
314 983
315 527
315 606
315 713
315 779
315 876
315 952
316 509
316 529
316 539
316 660
316 674
316 714
316 732
316 811
316 826
316 899
316 1013
317 387
317 483
317 760
317 812
317 821
317 822
317 906
317 1007
318 391
318 430
318 449
318 602
318 711
318 832
318 868
318 873
318 949
318 1008
319 368
319 387
319 406
319 440
319 472
319 505
319 557
319 635
319 697
319 721
319 816
319 972
319 999
319 1006
320 363
320 416
320 419
320 472
320 496
320 649
320 687
320 713
320 777
320 823
320 887
320 996
320 1000
321 414
321 499
321 644
321 648
321 750
321 755
321 938
321 966
321 997
321 1022
322 331
322 402
322 481
322 631
322 653
322 770
322 846
322 1009
323 388
323 431
323 542
323 555
323 697
323 823
323 864
323 987
323 1014
324 501
324 609
324 647
324 711
324 802
324 820
324 933
325 377
325 417
325 446
325 467
325 586
325 728
325 915
325 963
326 404
326 415
326 418
326 529
326 657
326 737
326 887
327 497
327 578
327 694
327 711
327 726
327 727
327 809
327 897
327 972
328 351
328 483
328 524
328 536
328 547
328 571
328 606
328 632
328 641
328 665
328 673
328 910
329 418
329 472
329 542
329 561
329 599
329 613
329 640
329 664
329 695
329 720
329 759
329 958
330 619
330 691
330 705
330 784
330 949
330 964
331 338
331 359
331 399
331 428
331 439
331 506
331 575
331 591
331 595
331 842
331 921
331 985
332 388
332 423
332 429
332 451
332 528
332 533
332 860
332 871
333 341
333 357
333 370
333 388
333 480
333 535
333 625
333 857
333 933
333 957
334 479
334 534
334 570
334 605
334 772
334 783
334 850
334 898
334 899
334 926
334 951
335 346
335 472
335 482
335 483
335 598
335 608
335 624
335 627
335 778
335 986
335 993
336 488
336 648
336 727
336 860
336 922
337 352
337 358
337 453
337 556
337 587
337 651
337 670
337 791
337 846
337 857
337 963
337 966
338 409
338 422
338 477
338 480
338 613
338 693
338 1000
339 367
339 527
339 631
339 727
339 821
339 834
339 853
339 904
340 376
340 411
340 577
340 732
340 774
340 863
340 945
340 982
341 347
341 352
341 359
341 366
341 466
341 598
341 606
341 643
341 652
341 765
341 866
341 970
342 547
342 552
342 681
342 703
342 731
342 904
342 915
343 381
343 388
343 393
343 397
343 426
343 453
343 588
343 773
343 963
344 355
344 414
344 458
344 492
344 637
344 659
344 697
344 716
344 783
344 793
344 805
344 822
344 937
344 951
344 1013
345 358
345 476
345 521
345 648
345 894
345 985
345 1018
346 436
346 515
346 516
346 574
346 641
346 739
346 755
346 866
346 925
346 1014
347 517
347 545
347 606
347 659
347 669
347 835
347 944
347 958
348 401
348 433
348 442
348 492
348 510
348 526
348 568
348 572
348 575
348 636
348 651
348 844
349 391
349 439
349 452
349 631
349 717
349 857
349 894
349 987
350 372
350 456
350 478
350 534
350 625
350 663
350 694
350 807
350 849
350 930
350 1000
351 512
351 666
351 720
351 790
351 801
351 899
351 914
351 928
351 973
352 360
352 417
352 545
352 601
352 952
353 442
353 629
353 634
353 900
353 936
354 374
354 490
354 537
354 574
354 600
354 671
354 739
354 765
354 853
354 942
355 361
355 384
355 392
355 394
355 423
355 487
355 628
355 655
355 699
356 432
356 475
356 582
356 788
356 797
356 862
356 897
357 395
357 492
357 505
357 556
357 590
357 598
357 640
357 732
357 763
357 791
357 821
357 914
357 1008
358 485
358 639
358 675
358 777
358 992
359 367
359 465
359 527
359 800
359 814
359 824
359 904
359 968
359 995
360 375
360 446
360 459
360 468
360 480
360 501
360 543
360 616
360 678
360 731
360 793
360 828
360 957
360 960
360 980
360 989
360 994
361 610
361 611
361 617
361 675
361 708
361 716
361 738
361 779
361 809
361 904
361 998
362 376
362 435
362 600
362 736
362 809
363 373
363 437
363 499
363 583
363 689
363 959
363 966
364 454
364 552
364 757
364 834
364 901
364 907
364 1003
365 386
365 552
365 562
365 773
365 812
365 867
365 939
365 955
365 973
366 406
366 453
366 479
366 496
366 635
366 674
366 751
366 915
366 947
367 390
367 526
367 552
367 570
367 623
367 742
367 962
368 425
368 599
368 670
368 743
368 827
368 929
368 939
368 975
368 997
368 1011
369 397
369 418
369 499
369 515
369 587
369 666
369 673
369 731
369 755
369 764
369 810
369 829
369 903
369 932
369 948
369 990
369 1006
370 380
370 403
370 835
370 901
370 928
370 1000
371 604
371 668
371 745
371 746
371 749
371 833
371 941
371 994
372 464
372 542
372 697
372 761
372 804
372 880
373 489
373 510
373 573
373 781
373 822
373 849
373 960
374 424
374 647
374 664
374 685
374 877
375 381
375 391
375 418
375 625
375 635
375 673
375 743
375 755
375 767
375 804
375 888
375 912
375 926
375 933
375 942
376 388
376 411
376 460
376 493
376 681
376 742
376 800
376 838
376 970
376 976
376 991
377 382
377 416
377 450
377 540
377 606
377 636
377 676
377 719
377 764
377 789
377 932
377 994
378 443
378 528
378 549
378 552
378 609
378 721
378 767
378 816
378 926
379 419
379 423
379 433
379 480
379 547
379 574
379 723
379 761
379 866
379 962
379 1006
380 444
380 528
380 674
380 713
380 732
380 901
381 559
381 700
381 972
382 385
382 462
382 490
382 550
382 559
382 576
382 588
382 636
382 728
382 911
382 942
382 981
383 434
383 487
383 749
383 781
383 851
383 860
383 1017
384 566
384 745
384 768
385 408
385 415
385 440
385 460
385 596
385 732
385 789
385 813
385 824
385 836
385 983
386 476
386 524
386 638
386 642
386 740
386 991
387 404
387 451
387 622
387 687
387 749
388 412
388 430
388 449
388 466
388 595
388 604
388 632
388 690
388 707
388 819
388 872
388 884
388 932
388 983
388 1008
389 420
389 432
389 439
389 454
389 665
389 668
389 677
389 830
389 848
389 916
389 1015
390 451
390 560
390 584
390 597
390 616
390 646
390 648
390 781
390 840
390 896
390 959
390 996
391 485
391 508
391 511
391 693
391 1019
392 512
392 640
392 661
392 688
392 896
393 644
393 651
393 683
393 713
393 960
393 980
394 477
394 532
394 549
394 640
394 662
394 736
394 913
394 932
394 996
394 998
395 478
395 593
395 623
395 962
395 991
395 998
396 419
396 456
396 527
396 655
396 673
396 837
396 915
396 937
396 986
397 461
397 550
397 619
397 683
397 748
397 847
397 849
397 953
397 978
397 1020
398 678
398 772
398 802
398 923
398 1004
399 452
399 595
399 631
399 653
399 796
399 800
399 879
399 966
399 967
400 528
400 573
400 593
400 666
400 701
400 842
400 875
400 1009
401 415
401 541
401 560
401 662
401 673
401 781
401 785
401 812
401 829
401 991
402 501
402 537
402 571
402 651
402 654
402 666
402 673
402 687
402 799
402 845
402 869
402 878
402 913
403 473
403 606
403 636
403 660
403 668
403 682
403 813
403 869
404 510
404 738
404 826
404 933
405 483
405 639
405 659
405 695
405 710
405 777
405 811
405 864
405 904
405 919
405 991
406 478
406 566
406 734
406 770
406 984
407 433
407 522
407 568
407 582
407 584
407 639
407 677
407 901
407 955
407 981
408 534
408 657
408 993
408 1001
409 443
409 452
409 487
409 501
409 525
409 528
409 637
409 669
409 731
409 745
409 747
409 790
409 793
409 853
410 454
410 511
410 693
410 759
410 835
410 882
410 915
410 979
410 1015
411 456
411 532
411 545
411 588
411 919
412 425
412 526
412 542
412 561
412 626
412 634
412 635
412 799
412 805
412 893
412 953
412 981
412 1014
413 432
413 489
413 534
413 569
413 570
413 587
413 672
413 700
413 701
413 833
413 875
413 927
413 996
413 998
413 1000
414 458
414 557
414 587
414 675
414 852
414 952
414 964
415 435
415 584
415 736
415 743
415 816
415 943
415 974
415 985
416 424
416 585
416 715
416 808
416 850
416 925
416 943
416 1013
417 440
417 474
417 478
417 522
417 558
417 600
417 622
417 828
417 859
417 922
417 977
418 489
418 490
418 500
418 502
418 652
418 662
418 731
418 741
418 752
418 774
419 492
419 581
419 615
419 639
419 689
419 959
420 551
420 554
420 702
420 706
420 710
420 807
420 826
420 832
420 849
420 896
420 985
420 997
421 449
421 462
421 484
421 572
421 701
421 712
421 739
421 769
421 948
421 959
422 447
422 888
422 911
422 934
422 965
423 566
423 584
423 592
423 642
423 843
423 876
423 918
423 922
423 939
423 944
423 960
424 552
424 592
424 626
424 668
424 838
424 862
425 441
425 514
425 651
425 710
425 711
425 733
425 838
426 459
426 499
426 516
426 544
426 563
426 637
426 671
426 683
426 696
426 828
426 899
426 900
426 906
427 463
427 473
427 495
427 511
427 572
427 806
427 878
427 995
427 997
427 1018
428 447
428 488
428 500
428 606
428 653
428 753
428 897
429 613
429 703
429 708
429 822
429 874
429 910
429 977
430 631
430 640
430 672
430 740
430 798
430 911
430 963
431 456
431 471
431 481
431 489
431 490
431 817
431 907
431 933
431 1003
432 455
432 465
432 474
432 497
432 503
432 571
432 592
432 661
432 697
432 705
432 903
433 476
433 532
433 583
433 601
433 707
433 912
434 474
434 577
434 612
434 670
434 681
434 782
434 788
434 901
434 952
434 1002
435 458
435 616
435 808
435 860
435 892
436 489
436 574
436 797
436 824
436 929
436 945
437 588
437 595
437 624
437 733
437 736
437 779
437 798
437 803
437 850
437 988
437 1005
437 1014
438 484
438 602
438 643
438 685
438 726
438 974
438 1018
439 490
439 501
439 579
439 683
439 692
439 739
439 809
439 822
439 830
439 890
439 957
440 539
440 631
440 761
440 770
440 774
440 838
440 932
441 502
441 554
441 586
441 613
441 735
441 744
441 753
441 839
441 893
442 586
442 624
442 708
442 771
442 810
442 821
442 890
442 898
443 489
443 508
443 541
443 553
443 765
443 779
443 814
443 882
443 922
443 980
443 1004
444 481
444 563
444 616
444 638
444 639
444 655
444 673
444 758
444 788
444 845
444 878
444 879
444 890
444 903
444 982
444 994
444 1023
445 721
445 728
445 729
445 828
445 945
446 505
446 585
446 606
446 670
446 795
446 821
446 881
446 958
447 534
447 541
447 697
447 703
447 716
447 721
447 773
447 924
448 522
448 621
448 651
448 732
449 694
449 766
449 784
449 868
449 966
450 495
450 582
450 719
450 761
450 914
450 916
450 947
451 486
451 532
451 558
451 656
451 682
451 689
451 777
451 799
451 1000
452 504
452 579
452 601
452 889
452 909
452 1017
452 1022
453 564
453 629
453 646
453 686
453 687
453 770
453 795
453 811
453 812
453 851
453 905
453 938
453 961
453 986
454 467
454 556
454 595
454 675
454 715
454 1005
455 522
455 680
455 686
455 714
455 853
455 860
456 469
456 472
456 486
456 608
456 644
456 921
456 956
456 1021
457 501
457 538
457 611
457 708
457 724
457 754
457 770
457 904
457 946
457 997
457 1015
457 1023
458 468
458 471
458 514
458 668
458 671
458 699
458 833
458 854
459 477
459 502
459 522
459 640
459 653
459 687
459 776
459 820
459 855
459 893
459 1019
460 481
460 513
460 712
461 494
461 526
461 562
461 790
461 803
461 857
461 900
461 987
462 471
462 528
462 574
462 701
462 953
463 604
463 701
463 716
463 944
463 975
464 485
464 661
464 764
464 862
464 870
464 1011
465 512
465 527
465 606
465 717
465 750
465 901
465 985
466 547
466 720
466 1012
467 523
467 903
467 984
468 502
468 511
468 588
468 622
468 645
468 733
468 790
468 850
468 861
468 976
469 492
469 629
469 767
469 816
469 859
469 862
469 867
469 871
469 875
469 887
469 925
470 528
470 540
470 675
470 725
470 962
470 1017
471 543
471 601
471 720
471 835
471 896
471 929
471 932
471 1014
472 615
472 682
472 711
472 824
472 835
472 860
472 902
472 1009
472 1020
473 572
473 610
473 808
473 885
473 889
473 918
474 481
474 525
474 644
474 645
474 673
474 756
474 915
475 519
475 736
475 799
475 863
476 490
476 535
476 584
476 638
476 693
476 724
476 825
476 833
476 903
476 967
476 990
476 993
476 1013
477 499
477 696
477 764
477 923
478 479
478 493
478 597
478 642
478 679
478 825
478 854
478 924
478 988
479 521
479 532
479 539
479 582
479 671
479 712
479 774
479 901
480 492
480 499
480 540
480 614
480 676
480 678
480 719
480 870
480 921
480 983
480 991
480 1001
481 498
481 544
481 617
481 669
481 835
481 937
481 950
481 1009
482 522
482 583
482 646
482 871
482 907
482 910
483 490
483 601
483 679
483 745
483 769
483 908
484 670
485 493
485 527
485 539
485 575
485 650
485 667
485 713
485 821
485 894
485 989
485 994
486 530
486 532
486 595
486 614
486 916
486 920
486 928
486 945
487 546
487 704
487 817
487 823
487 957
487 1017
488 490
488 525
488 555
488 624
488 720
488 740
488 985
488 1001
489 580
489 647
489 768
489 898
489 934
489 1001
490 638
490 709
491 532
491 553
491 555
491 606
491 764
491 785
491 900
491 945
491 1014
492 556
492 605
492 660
492 795
492 836
493 507
493 804
493 896
493 905
493 934
493 1000
493 1012
494 506
494 556
494 608
494 642
494 775
494 797
494 827
494 839
495 875
495 945
495 964
495 983
496 629
496 641
496 864
496 895
496 993
497 676
497 732
497 745
497 753
497 768
497 775
497 808
497 855
497 892
497 988
497 1017
498 518
498 639
498 640
498 659
498 749
498 793
498 833
498 840
498 847
498 921
498 983
499 597
499 718
499 776
499 841
499 875
499 1009
500 650
500 666
500 671
501 503
501 510
501 542
501 571
501 573
501 650
501 729
501 746
501 896
501 938
502 564
502 597
502 606
502 659
502 682
502 732
502 844
502 871
502 940
502 963
502 983
503 566
503 602
503 838
503 916
503 929
503 949
504 539
504 562
504 591
504 641
504 644
504 705
504 765
504 878
505 529
505 565
505 614
505 696
505 710
505 712
505 736
505 767
505 1006
506 586
506 626
506 711
506 718
506 832
506 990
507 600
507 649
507 698
507 710
507 754
507 804
507 889
507 894
507 934
507 973
508 519
508 605
508 862
508 935
508 992
509 558
509 622
509 687
509 722
509 785
509 806
509 867
509 948
510 555
510 649
510 761
510 764
510 789
510 809
510 956
511 598
511 684
511 752
511 815
511 821
511 855
511 957
511 985
512 633
512 662
512 754
512 920
513 522
513 573
513 592
513 650
513 700
513 748
513 764
513 836
513 875
513 928
513 929
513 964
513 1019
514 556
514 578
514 607
514 791
514 931
514 1007
515 519
515 535
515 697
515 700
515 968
516 519
516 540
516 571
516 575
516 583
516 613
516 683
516 990
517 645
517 647
517 651
517 667
517 672
517 746
517 892
518 554
518 556
518 625
518 731
518 757
518 776
518 789
518 822
518 910
518 964
518 1002
519 536
519 751
519 777
519 805
519 831
519 849
519 890
519 943
520 542
520 775
520 792
520 1005
521 566
521 743
521 786
521 811
521 882
521 921
521 953
521 965
522 573
522 594
522 651
522 963
522 1010
523 555
523 601
523 667
523 929
524 565
524 615
524 710
524 779
524 863
524 998
525 550
525 754
526 673
526 715
526 923
526 972
526 1022
527 602
527 712
527 822
527 965
528 679
528 716
528 725
528 728
528 815
528 829
528 850
529 802
529 922
529 954
530 558
530 764
530 828
530 849
530 997
531 626
531 683
531 839
531 940
531 983
532 649
532 755
532 868
532 902
532 985
532 1020
533 554
533 599
533 755
533 782
533 926
533 981
534 632
534 633
534 755
534 779
534 859
534 918
534 992
535 622
535 650
535 752
535 793
535 803
535 822
535 982
536 607
536 748
536 763
536 765
536 934
536 980
536 984
537 542
537 704
537 714
537 777
537 856
537 900
537 918
537 1008
538 556
538 697
538 784
538 818
538 831
538 915
538 960
539 637
539 641
539 647
539 648
539 755
539 801
539 875
539 896
539 921
540 663
540 803
540 809
540 872
540 1019
541 717
541 804
541 816
541 826
542 548
542 617
542 654
542 678
542 690
542 735
542 742
542 746
542 750
542 761
542 823
542 892
542 913
542 1011
543 671
543 762
543 817
543 824
543 846
543 952
543 953
543 1002
544 673
544 709
544 911
544 973
544 1022
545 761
545 962
545 990
546 579
546 589
546 718
546 760
546 813
546 831
546 913
546 947
546 962
547 762
547 894
547 938
548 592
548 683
548 736
548 894
548 927
548 963
548 985
548 1011
549 557
549 833
549 848
550 570
550 643
550 770
550 821
550 926
551 564
551 667
551 694
551 790
551 919
551 958
551 1019
552 674
552 728
552 775
552 808
552 1018
553 634
553 645
553 769
553 825
553 886
553 981
554 735
554 776
554 903
554 977
554 1001
555 692
555 736
555 748
555 774
555 791
555 811
555 838
555 994
556 720
556 733
556 758
556 889
557 671
557 802
557 837
557 886
557 964
557 1023
558 661
558 677
558 950
558 966
559 607
559 617
559 681
559 779
559 963
559 979
559 994
560 614
560 808
560 842
560 889
560 901
560 940
561 588
561 590
561 627
561 650
561 661
561 675
561 816
561 965
561 979
562 942
563 651
563 670
563 704
563 973
564 574
564 662
564 698
564 715
564 781
564 819
564 852
564 868
564 899
564 1021
565 575
565 642
565 706
565 740
565 834
565 942
565 965
565 977
566 742
566 809
566 815
566 855
567 798
567 831
567 834
567 859
567 928
567 949
567 1003
568 590
568 593
568 632
568 639
568 642
568 762
568 778
568 814
568 823
568 827
568 873
568 890
568 910
568 945
569 584
569 689
569 828
569 901
569 909
569 977
570 697
570 705
570 753
570 841
570 1012
571 652
571 728
571 735
571 866
571 1018
572 750
572 756
572 775
573 685
573 759
573 768
573 895
574 575
574 642
574 664
574 707
574 726
574 734
574 754
574 898
574 984
575 784
575 872
575 937
575 956
575 980
575 999
575 1009
575 1022
576 786
576 792
576 875
576 905
577 732
577 837
577 924
577 926
578 620
578 628
578 675
578 687
578 706
578 948
579 651
579 660
579 671
579 679
579 716
580 596
580 662
580 775
580 825
581 602
581 642
581 734
581 855
581 874
581 980
581 984
582 703
582 709
582 1009
583 735
583 743
583 834
583 857
583 915
583 952
583 1017
584 689
584 751
584 958
584 960
585 611
585 615
585 626
585 681
585 828
585 915
585 937
585 1023
586 677
586 724
586 747
586 858
586 865
586 909
586 939
586 969
586 986
587 625
587 889
587 899
587 931
588 659
588 850
588 870
588 897
588 911
588 934
589 635
589 646
589 703
589 737
589 780
589 886
589 916
589 1013
590 600
590 697
590 702
590 706
590 762
590 777
590 795
590 796
590 864
590 958
590 981
590 1015
591 638
591 764
591 960
591 965
592 646
592 797
592 829
592 893
592 994
593 801
593 889
593 974
593 978
594 633
594 636
594 667
594 722
594 732
594 766
594 860
594 924
594 936
594 944
595 715
595 757
595 780
595 792
595 880
595 891
595 986
596 666
597 683
597 735
597 954
598 630
598 646
598 669
598 733
598 736
598 738
598 784
598 938
599 635
599 873
599 909
600 602
600 604
600 883
600 893
600 969
600 996
601 602
601 610
601 618
601 630
601 797
601 814
601 836
601 882
602 803
602 873
602 943
603 631
603 642
603 806
603 833
603 848
603 884
604 615
604 647
604 714
604 830
604 875
604 1018
605 711
605 716
605 856
605 885
605 937
605 941
605 974
605 1020
606 647
606 675
606 1002
607 617
607 636
607 729
607 810
607 819
607 872
607 991
608 716
608 751
608 797
608 883
608 890
609 668
609 806
609 815
609 998
610 650
610 702
610 736
610 767
610 779
610 818
610 848
610 908
610 924
610 962
611 647
611 659
611 686
611 727
611 766
611 818
611 850
611 885
611 888
611 990
611 1015
611 1017
612 724
612 758
612 765
612 860
612 875
612 1000
613 637
613 643
613 650
613 703
613 749
613 765
613 799
613 896
613 916
613 941
614 720
614 761
614 778
614 789
614 792
614 801
614 810
614 990
615 656
615 744
615 796
615 931
615 1000
616 697
616 767
616 774
616 804
616 941
616 950
616 978
617 789
617 797
617 886
617 909
617 931
618 633
618 703
618 858
618 1002
619 841
619 847
619 864
619 953
620 694
620 714
620 728
620 844
620 869
620 955
620 987
620 1016
621 661
621 815
621 829
621 874
621 882
621 905
621 951
621 963
621 970
622 699
622 705
622 716
622 800
622 811
623 661
623 985
624 687
624 803
624 898
624 948
624 986
625 683
625 779
625 785
625 833
625 850
625 903
625 1021
626 658
626 678
626 714
626 763
626 816
626 820
626 832
626 834
626 878
626 896
627 870
627 924
627 977
627 1018
628 812
628 823
628 948
629 714
629 722
629 734
629 791
629 814
630 747
630 752
630 793
630 814
630 825
631 709
631 736
631 744
631 848
631 903
631 927
631 931
631 999
632 766
632 772
632 836
632 892
632 915
632 921
632 1018
633 689
633 704
633 848
634 657
634 688
634 897
635 732
635 795
635 807
635 998
636 782
636 786
636 905
636 912
636 961
637 664
637 683
637 686
637 698
637 912
637 962
638 644
638 800
638 823
638 888
638 957
639 652
639 783
639 830
639 893
639 989
640 650
640 854
640 876
640 892
640 931
640 1010
640 1015
641 683
641 704
641 789
641 804
641 820
641 874
641 947
642 796
642 935
642 965
643 754
644 674
644 707
644 801
644 847
644 862
644 1002
645 686
645 732
645 742
645 776
645 839
645 898
645 936
646 671
646 750
646 760
646 954
647 667
647 689
647 749
647 754
647 762
647 843
647 849
647 867
647 921
648 711
648 713
648 832
648 839
648 961
648 995
649 742
649 903
649 915
649 933
649 1007
649 1021
650 654
650 721
650 832
651 751
651 784
651 813
651 823
651 953
651 960
651 977
652 683
652 761
652 765
652 941
652 949
653 679
653 827
653 855
653 895
653 972
654 714
654 792
654 843
654 857
655 859
656 668
656 680
656 683
656 829
656 831
658 671
658 800
658 917
658 1000
659 670
659 706
659 780
659 893
659 963
660 978
660 995
661 735
661 812
661 889
661 893
661 927
661 1013
662 713
662 722
662 793
662 799
662 817
662 853
663 665
663 736
663 763
663 923
664 673
664 906
664 1017
665 686
665 708
665 739
665 831
666 694
666 714
666 819
666 857
667 693
667 883
668 772
668 836
668 892
668 938
669 729
669 812
669 851
669 855
669 877
669 897
670 808
670 999
671 704
671 731
671 878
671 915
671 970
672 676
672 710
672 712
672 717
672 747
672 779
672 855
673 680
673 700
673 707
673 738
673 759
673 972
673 974
673 992
674 751
674 793
674 892
675 745
675 787
675 839
675 889
675 900
675 972
676 723
676 763
676 1014
677 710
677 902
677 908
677 997
678 758
678 953
678 1016
679 746
679 753
679 779
679 875
679 998
680 744
680 800
680 824
680 834
680 849
680 942
680 1002
681 720
681 832
681 872
681 935
681 967
682 806
682 858
682 882
682 979
682 1002
682 1008
683 765
683 781
683 892
683 944
684 833
684 993
684 995
684 1022
685 722
685 758
685 785
685 788
685 792
685 929
685 963
685 1006
686 728
686 864
686 989
687 988
687 1004
687 1006
688 797
688 1001
689 717
689 815
689 858
689 889
689 906
690 727
690 747
690 880
690 940
690 942
691 811
691 1010
692 886
692 984
693 755
693 802
693 811
693 899
693 947
694 791
694 807
694 823
694 867
695 709
695 748
695 981
696 701
696 772
696 788
696 848
696 938
696 939
697 796
697 823
697 829
697 837
697 868
697 925
698 770
698 792
698 835
698 957
699 726
699 740
699 747
699 755
699 852
699 901
699 912
699 919
700 889
700 911
700 944
700 952
700 965
701 1006
701 1016
702 759
702 870
702 971
703 756
703 794
703 872
703 956
704 801
705 761
705 801
705 806
705 834
706 836
706 855
706 996
706 1012
707 708
707 721
707 781
707 823
707 830
707 903
707 973
708 854
708 901
708 906
709 713
709 821
709 905
709 916
710 759
710 770
710 952
711 794
711 885
711 913
711 934
711 954
711 966
712 900
712 936
712 967
712 1012
713 741
713 875
713 937
714 903
714 941
714 973
715 884
715 1010
716 775
716 800
716 810
716 830
716 868
716 889
716 915
717 904
717 961
718 737
718 741
718 858
718 868
719 723
719 724
719 809
719 947
719 966
719 997
720 732
720 825
720 886
720 920
720 921
720 980
720 1000
721 770
721 796
721 834
722 762
722 884
722 903
722 975
722 1023
723 841
723 858
723 876
723 957
723 973
724 785
724 889
724 962
724 970
724 990
724 1020
725 892
725 947
726 729
726 751
726 850
726 994
727 760
727 761
727 827
727 828
727 964
728 927
729 732
729 796
729 807
729 967
730 744
730 836
730 929
730 1015
731 873
731 883
731 946
731 975
731 986
731 1003
732 845
732 991
733 785
734 982
735 775
735 848
735 864
735 963
735 964
736 787
736 842
736 942
736 944
736 1000
737 973
738 747
738 799
738 907
739 747
739 891
739 955
740 771
740 858
740 889
740 891
740 974
741 786
741 790
741 817
741 822
741 841
741 895
741 911
741 925
741 987
741 1013
742 763
742 999
743 785
743 872
744 769
744 885
744 1005
744 1010
745 866
745 977
746 894
746 914
746 970
746 982
747 759
747 870
747 954
747 958
748 893
749 755
749 780
749 926
749 929
750 830
750 852
750 906
750 976
751 777
751 851
751 854
752 922
752 987
752 1015
753 843
753 937
753 942
753 968
753 971
754 791
754 851
754 955
755 807
755 816
756 860
756 950
756 958
757 966
758 920
758 968
758 982
758 1022
759 801
759 866
759 906
759 910
759 1023
760 818
760 856
760 868
760 885
760 984
761 801
761 970
761 988
761 993
762 784
762 872
762 1019
763 830
763 890
764 807
764 1018
765 776
765 932
765 954
766 835
766 883
766 898
767 810
767 813
767 824
768 774
768 841
768 847
768 870
768 901
768 921
768 943
768 963
768 964
768 976
769 795
770 789
770 825
770 848
770 851
770 914
770 997
771 900
771 972
771 976
772 784
772 831
772 973
773 786
773 883
774 930
774 1023
775 887
775 888
775 923
775 1015
776 846
776 921
776 990
778 902
778 997
779 872
780 999
781 865
781 892
781 906
781 950
782 820
782 885
782 892
782 924
782 933
783 813
783 915
783 969
783 974
784 846
784 865
784 930
784 969
784 1020
785 808
785 809
785 868
785 869
785 893
785 904
785 918
785 974
786 856
786 1005
787 801
787 931
788 796
788 842
788 970
789 898
790 847
790 920
790 1013
791 937
791 1013
792 883
792 900
792 912
792 951
792 977
792 997
793 795
793 997
794 798
794 893
794 977
794 1005
794 1006
795 822
795 867
795 993
795 1004
796 849
796 868
796 883
796 890
796 949
797 905
797 907
798 803
798 807
798 873
798 909
798 916
798 1023
799 1015
800 999
801 879
801 893
801 900
801 1023
802 866
802 978
803 879
803 897
803 924
803 957
804 863
804 965
805 877
805 896
805 910
805 1009
805 1018
805 1021
806 813
806 861
806 1007
807 880
807 994
808 955
808 1006
810 916
810 935
810 973
810 1015
811 882
811 939
811 955
811 978
812 817
812 929
812 990
813 855
813 967
813 1009
814 823
814 839
814 844
814 903
814 1007
815 873
815 925
816 823
816 957
818 972
818 1015
819 831
819 982
820 864
820 918
820 963
820 995
821 858
821 874
821 879
822 825
822 888
822 921
823 835
823 898
823 987
823 1001
823 1016
824 934
824 961
825 888
827 895
827 899
827 941
827 943
827 964
828 935
828 997
830 846
830 887
831 875
831 878
831 920
831 939
831 1019
832 879
833 854
833 925
833 972
834 838
834 841
834 867
834 874
834 992
834 1020
835 853
836 897
836 904
836 959
836 963
836 1004
837 896
837 908
837 958
837 1013
838 936
839 890
839 891
840 957
841 878
841 919
841 1007
842 921
842 945
842 1011
844 978
844 996
845 960
845 1008
846 893
846 897
847 984
848 886
848 899
848 987
848 1004
849 902
849 964
849 1006
850 865
850 933
850 987
850 988
852 862
852 955
852 961
852 975
852 1015
853 894
853 990
854 856
854 892
854 895
855 1004
856 859
856 870
856 887
856 937
856 958
856 975
857 892
857 915
857 962
858 877
858 948
858 956
858 992
859 885
859 897
859 922
860 970
861 938
861 990
862 891
862 925
862 958
863 874
863 929
864 942
865 904
865 919
866 926
867 979
868 911
868 915
868 931
869 887
869 923
869 962
869 1004
870 933
870 937
870 970
870 1000
871 881
871 929
871 987
871 988
872 942
872 994
872 1006
873 979
874 880
874 894
874 912
875 881
875 926
875 989
876 887
876 906
876 951
878 918
878 1005
879 924
879 947
880 919
880 953
880 988
881 939
881 950
882 916
882 963
883 992
883 998
884 887
885 946
885 950
886 1013
886 1023
887 915
887 1008
888 890
888 922
889 915
889 930
889 934
889 985
889 999
889 1011
891 1004
891 1016
891 1018
892 949
892 1001
893 958
893 999
893 1010
894 971
895 959
896 935
896 950
897 969
897 1019
898 917
898 920
898 964
898 1020
900 973
900 984
900 995
901 989
901 1017
903 1019
904 951
905 910
905 918
905 929
905 957
905 986
906 959
907 967
908 913
908 977
909 920
909 994
910 998
911 935
911 1005
912 967
912 1015
913 922
913 997
914 1006
915 950
915 973
915 980
915 1012
915 1021
916 929
917 922
918 919
919 929
920 959
920 1012
921 990
921 1001
923 957
923 1002
924 939
925 960
925 981
926 957
926 973
926 986
926 992
927 970
927 1013
928 965
928 997
929 1007
930 1000
931 945
932 972
933 956
934 942
934 965
934 986
935 968
935 1008
937 1020
938 953
938 973
941 992
941 998
942 983
942 1006
945 974
945 1023
950 997
951 956
951 961
951 980
952 1011
953 1001
954 1003
955 1011
958 977
958 1009
959 1012
961 1005
962 1016
962 1023
963 965
966 976
967 980
968 1004
968 1006
970 1018
971 997
973 984
974 982
975 996
976 1008
977 997
978 995
983 1000
986 1015
992 1000
992 1004
993 1008
1000 1007
1006 1008
1014 1016
