0 39
0 76
0 83
0 332
0 435
0 457
0 503
0 514
0 589
0 787
0 788
0 836
1 80
1 122
1 164
1 169
1 209
1 276
1 343
1 482
1 488
1 531
1 532
1 539
1 879
1 903
1 912
1 947
1 976
1 993
2 26
2 28
2 92
2 136
2 404
2 663
2 694
2 738
3 105
3 129
3 186
3 374
3 446
3 499
3 513
3 520
3 566
3 583
3 637
3 675
3 699
3 709
3 766
3 770
3 791
3 817
3 863
3 879
4 265
4 281
4 316
4 471
4 548
4 604
4 688
4 749
4 885
4 894
5 21
5 30
5 113
5 150
5 180
5 302
5 385
5 679
5 717
5 792
5 857
5 925
5 965
5 968
5 989
5 996
6 66
6 256
6 259
6 289
6 543
6 611
6 627
6 636
6 780
6 917
6 967
6 976
6 995
7 134
7 139
7 185
7 334
7 364
7 402
7 415
7 423
7 435
7 451
7 543
7 552
7 593
7 596
7 611
7 659
7 966
7 983
7 989
8 92
8 201
8 485
8 535
8 542
8 597
8 623
8 658
8 673
8 804
8 1008
9 215
9 297
9 344
9 387
9 406
9 440
9 508
9 603
9 628
9 652
9 653
9 741
9 754
9 810
9 825
9 877
9 922
9 1020
10 17
10 71
10 201
10 324
10 348
10 504
10 522
10 591
10 633
10 667
10 747
10 947
10 960
10 1004
11 52
11 172
11 314
11 459
11 465
11 470
11 729
11 800
11 824
11 931
11 932
11 1012
12 22
12 30
12 58
12 150
12 179
12 213
12 234
12 283
12 290
12 333
12 685
12 769
12 788
12 933
12 1017
13 115
13 127
13 154
13 192
13 219
13 427
13 449
13 537
13 561
13 604
13 732
13 733
13 789
14 55
14 103
14 107
14 241
14 289
14 355
14 417
14 534
14 608
14 637
14 647
14 821
14 879
14 975
14 985
14 1017
15 77
15 229
15 434
15 496
15 508
15 524
15 606
15 734
15 831
15 936
15 938
15 972
15 974
16 35
16 101
16 351
16 378
16 551
16 648
16 747
16 752
16 769
16 817
16 830
16 831
16 869
16 883
16 958
17 77
17 106
17 108
17 346
17 401
17 463
17 491
17 522
17 539
17 563
17 716
17 819
17 848
17 893
17 945
17 980
18 28
18 240
18 353
18 485
18 511
18 547
18 549
18 553
18 579
18 639
18 789
18 838
18 866
18 984
19 74
19 138
19 185
19 206
19 310
19 488
19 716
19 761
19 812
19 899
19 987
19 1005
20 35
20 107
20 158
20 205
20 258
20 401
20 487
20 491
20 503
20 518
20 546
20 608
20 749
20 881
20 1016
21 76
21 87
21 110
21 260
21 354
21 376
21 469
21 628
21 711
21 784
21 863
21 879
21 979
21 1010
22 58
22 75
22 78
22 106
22 115
22 161
22 216
22 243
22 301
22 328
22 497
22 616
22 924
23 66
23 118
23 355
23 378
23 459
23 507
23 622
23 675
23 848
24 65
24 73
24 135
24 158
24 179
24 207
24 229
24 321
24 369
24 382
24 409
24 425
24 516
24 582
24 659
24 693
24 700
24 742
24 783
24 907
24 912
24 1007
24 1012
25 28
25 110
25 122
25 190
25 237
25 407
25 444
25 646
25 832
26 37
26 351
26 368
26 416
26 499
26 573
26 591
26 694
26 747
26 762
26 783
26 918
26 961
27 28
27 52
27 58
27 130
27 139
27 258
27 260
27 296
27 411
27 518
27 564
27 632
27 678
27 752
27 867
28 58
28 175
28 257
28 277
28 312
28 336
28 375
28 426
28 457
28 656
28 697
28 703
28 746
28 826
28 876
28 920
29 51
29 65
29 129
29 142
29 189
29 260
29 395
29 404
29 431
29 759
29 782
29 878
29 886
29 889
29 987
30 140
30 153
30 215
30 223
30 259
30 277
30 303
30 337
30 342
30 358
30 503
30 558
30 604
30 768
30 879
30 922
30 1013
30 1014
31 96
31 111
31 321
31 471
31 600
31 643
31 846
31 986
31 1001
31 1002
32 37
32 230
32 242
32 577
32 657
32 726
32 832
32 1016
33 104
33 127
33 158
33 189
33 198
33 286
33 345
33 352
33 391
33 426
33 452
33 514
33 617
33 630
33 720
33 843
33 857
33 1005
34 157
34 372
34 397
34 405
34 426
34 456
34 563
34 582
34 718
34 863
34 984
35 52
35 106
35 209
35 212
35 281
35 336
35 419
35 464
35 533
35 665
35 678
35 682
35 789
35 838
36 253
36 507
36 672
36 859
36 952
37 48
37 68
37 123
37 158
37 162
37 213
37 220
37 238
37 287
37 312
37 437
37 444
37 482
37 511
37 544
37 697
37 746
38 70
38 196
38 210
38 215
38 277
38 309
38 315
38 366
38 699
38 713
38 852
38 872
38 937
39 105
39 247
39 368
39 518
39 552
39 571
39 583
39 622
39 700
39 702
39 762
39 816
39 885
39 939
40 118
40 196
40 369
40 427
40 537
40 572
40 626
40 690
40 729
40 750
40 825
40 856
40 950
40 1009
41 64
41 125
41 209
41 235
41 271
41 277
41 361
41 376
41 560
41 582
41 585
41 588
41 832
41 939
42 217
42 223
42 428
42 483
42 536
42 639
42 687
42 737
42 738
42 818
42 864
42 914
42 931
42 997
43 80
43 134
43 340
43 351
43 403
43 448
43 528
43 573
43 611
43 672
43 676
43 785
43 993
44 138
44 183
44 289
44 465
44 542
44 582
44 626
44 627
44 646
44 764
44 804
44 868
44 903
44 931
44 942
44 954
44 1009
45 213
45 254
45 263
45 341
45 373
45 488
45 598
45 751
45 787
45 845
46 89
46 255
46 274
46 284
46 288
46 414
46 441
46 471
46 501
46 503
46 548
46 585
46 607
46 726
46 786
46 860
46 866
46 883
46 932
46 1006
47 80
47 243
47 310
47 339
47 343
47 440
47 598
47 614
47 794
47 797
47 842
47 967
48 107
48 386
48 540
48 718
48 754
48 783
49 161
49 322
49 465
49 500
49 652
49 696
49 738
49 756
49 845
49 899
49 1000
50 118
50 126
50 138
50 148
50 162
50 163
50 218
50 245
50 270
50 392
50 474
50 509
50 670
50 684
50 888
51 83
51 219
51 226
51 320
51 355
51 383
51 500
51 660
51 700
51 786
51 844
51 892
51 918
51 920
51 953
52 82
52 91
52 117
52 265
52 357
52 397
52 436
52 573
52 643
52 697
52 699
52 776
52 857
52 919
52 954
53 57
53 96
53 204
53 355
53 391
53 511
53 598
53 604
53 653
53 657
53 785
53 788
53 813
53 842
53 934
54 78
54 149
54 234
54 246
54 329
54 333
54 360
54 474
54 562
54 564
54 584
54 612
54 632
54 690
54 714
54 717
54 825
54 855
55 80
55 113
55 127
55 169
55 301
55 315
55 323
55 343
55 409
55 542
55 696
55 821
55 893
55 966
56 106
56 192
56 282
56 357
56 449
56 524
56 540
56 551
56 698
56 736
56 737
56 898
56 978
57 211
57 228
57 237
57 241
57 287
57 297
57 339
57 388
57 517
57 587
57 661
57 815
57 904
58 139
58 315
58 318
58 326
58 440
58 457
58 524
58 543
58 574
58 614
58 728
58 786
58 860
58 948
58 995
58 1008
59 118
59 367
59 440
59 459
59 468
59 483
59 489
59 543
59 561
59 733
59 787
59 875
59 982
59 1001
60 228
60 324
60 398
60 514
60 528
60 556
60 629
60 639
60 667
60 697
60 889
60 897
60 937
61 79
61 117
61 267
61 300
61 321
61 512
61 525
61 668
61 686
61 744
61 779
61 850
61 1016
62 144
62 227
62 297
62 310
62 375
62 412
62 673
62 785
63 155
63 195
63 243
63 321
63 467
63 498
63 548
63 736
63 742
63 757
63 844
63 934
63 963
64 98
64 293
64 403
64 799
64 888
64 893
64 947
64 989
64 1004
65 77
65 187
65 261
65 379
65 516
65 627
65 640
65 668
65 886
65 924
66 111
66 129
66 284
66 468
66 469
66 492
66 499
66 562
66 581
66 602
66 636
66 688
66 920
67 116
67 141
67 143
67 176
67 247
67 282
67 303
67 304
67 417
67 427
67 457
67 511
67 578
67 669
67 693
67 913
68 175
68 178
68 205
68 278
68 525
68 569
68 647
68 650
68 697
68 835
69 85
69 98
69 231
69 306
69 381
69 465
69 582
69 631
69 645
69 703
69 841
69 996
70 177
70 486
70 493
70 623
70 634
70 642
70 658
70 768
70 829
70 842
70 891
70 950
70 995
71 81
71 212
71 219
71 255
71 470
71 471
71 476
71 507
71 524
71 671
71 702
71 765
71 779
71 824
71 848
71 893
72 107
72 169
72 214
72 346
72 444
72 536
72 572
72 597
72 644
72 661
72 911
72 914
72 1005
73 160
73 171
73 223
73 233
73 272
73 280
73 297
73 304
73 362
73 448
73 487
73 578
73 611
73 615
73 764
73 805
73 814
73 829
73 991
74 85
74 185
74 190
74 257
74 291
74 354
74 519
74 570
74 623
74 627
74 668
74 675
74 681
74 719
74 757
74 869
74 954
74 964
74 980
74 1023
75 177
75 309
75 311
75 583
75 616
75 663
75 670
75 729
75 782
75 836
75 845
75 956
76 116
76 122
76 180
76 200
76 403
76 436
76 494
76 816
76 827
76 983
77 183
77 348
77 487
77 608
77 789
77 853
77 910
77 977
78 175
78 436
78 455
78 484
78 617
78 797
78 808
78 826
78 954
79 133
79 178
79 200
79 420
79 529
79 535
79 536
79 677
79 682
79 864
79 947
79 1002
80 106
80 274
80 283
80 293
80 511
80 573
80 838
80 873
81 102
81 151
81 154
81 159
81 203
81 208
81 223
81 289
81 412
81 497
81 555
81 583
81 841
81 889
81 948
81 959
82 86
82 87
82 104
82 183
82 187
82 381
82 671
82 694
83 103
83 119
83 195
83 198
83 300
83 311
83 664
83 701
83 791
83 856
83 870
83 933
84 323
84 376
84 461
84 487
84 573
84 634
84 738
84 749
84 892
84 896
84 969
84 994
85 135
85 157
85 176
85 183
85 322
85 468
85 500
85 570
85 630
85 705
85 723
85 974
86 89
86 264
86 269
86 411
86 422
86 703
86 814
86 831
86 965
86 986
87 88
87 121
87 164
87 302
87 333
87 377
87 388
87 546
87 584
87 644
87 680
87 877
87 907
87 929
87 951
88 123
88 154
88 266
88 306
88 312
88 400
88 598
88 651
88 681
88 709
88 956
89 297
89 319
89 350
89 488
89 566
89 603
89 842
89 843
89 913
89 933
89 955
89 966
89 979
89 990
90 146
90 218
90 325
90 404
90 436
90 486
90 494
90 513
90 553
90 814
90 825
90 840
90 874
90 941
91 287
91 332
91 333
91 375
91 424
91 722
91 767
91 818
91 939
91 972
92 438
92 488
92 558
92 610
92 623
92 627
92 642
92 880
92 959
92 985
93 183
93 515
93 554
93 574
93 587
93 780
93 983
93 1022
94 149
94 319
94 339
94 626
94 671
94 859
94 911
95 118
95 195
95 238
95 267
95 311
95 353
95 504
95 543
95 733
95 940
96 120
96 191
96 332
96 343
96 525
96 616
96 804
96 817
96 873
96 971
97 149
97 219
97 278
97 280
97 310
97 434
97 516
97 693
97 791
97 794
97 855
97 893
97 895
97 906
98 179
98 186
98 251
98 353
98 421
98 445
98 528
98 623
98 685
98 756
98 768
98 778
98 785
98 936
98 1021
99 107
99 108
99 131
99 210
99 234
99 237
99 241
99 244
99 287
99 345
99 397
99 428
99 630
99 833
99 951
99 980
99 1001
99 1010
100 219
100 282
100 409
100 448
100 508
100 627
100 645
100 654
100 661
100 681
100 698
100 724
100 886
101 129
101 251
101 285
101 322
101 518
101 532
101 578
101 643
101 738
101 804
101 809
101 897
101 970
102 141
102 159
102 167
102 379
102 464
102 481
102 537
102 541
102 638
102 742
102 840
102 876
102 956
102 978
103 115
103 129
103 152
103 185
103 335
103 344
103 384
103 629
103 718
103 811
103 821
103 847
103 1006
104 274
104 368
104 406
104 496
104 501
104 529
104 530
105 116
105 162
105 209
105 285
105 325
105 448
105 471
105 515
105 531
105 537
105 549
105 582
105 594
105 811
105 925
106 139
106 151
106 197
106 202
106 348
106 503
106 541
106 556
106 560
106 561
106 593
106 638
106 710
106 760
106 817
106 822
106 944
106 954
107 156
107 170
107 332
107 342
107 409
107 507
107 862
107 867
107 886
108 123
108 208
108 231
108 274
108 321
108 327
108 392
108 443
108 477
108 532
108 781
108 966
108 984
109 147
109 217
109 222
109 243
109 284
109 474
109 559
109 759
109 788
109 843
109 883
109 957
110 232
110 270
110 475
110 722
110 769
110 810
110 851
110 862
110 863
110 866
111 158
111 252
111 408
111 623
111 807
111 856
111 944
111 963
111 991
112 116
112 143
112 221
112 384
112 395
112 589
112 590
112 632
112 747
112 771
112 925
112 1001
113 123
113 267
113 390
113 427
113 442
113 579
113 647
113 746
113 879
113 922
114 129
114 138
114 145
114 159
114 171
114 262
114 289
114 297
114 304
114 316
114 383
114 413
114 436
114 512
114 557
114 575
114 587
114 609
114 690
114 806
114 966
114 1003
115 147
115 159
115 182
115 187
115 222
115 223
115 239
115 248
115 316
115 437
115 445
115 576
115 615
115 748
115 896
115 923
115 953
116 295
116 347
116 353
116 399
116 453
116 475
116 559
116 633
116 656
116 785
116 829
116 943
116 973
116 986
117 121
117 146
117 161
117 328
117 332
117 353
117 657
117 686
117 693
117 747
117 825
117 834
117 901
117 940
118 213
118 225
118 230
118 236
118 381
118 476
118 500
118 527
118 624
118 636
118 731
118 747
118 759
118 794
118 931
119 124
119 275
119 404
119 470
119 609
119 660
119 703
119 757
119 775
119 883
120 168
120 384
120 428
120 507
120 519
120 575
120 683
120 797
120 901
120 984
120 991
120 1004
121 153
121 206
121 247
121 264
121 284
121 334
121 459
121 646
121 764
121 938
121 970
121 997
122 171
122 179
122 202
122 287
122 408
122 411
122 446
122 607
122 668
122 834
122 977
123 319
123 320
123 336
123 414
123 587
123 602
123 673
123 816
123 846
123 953
123 958
124 243
124 281
124 370
124 388
124 399
124 409
124 527
124 643
124 650
124 673
124 827
124 938
124 1019
125 204
125 207
125 232
125 269
125 357
125 613
125 685
125 727
125 864
125 926
125 981
126 170
126 181
126 199
126 274
126 279
126 506
126 603
126 614
126 704
126 731
126 878
126 886
126 907
126 962
127 129
127 140
127 157
127 174
127 236
127 417
127 433
127 491
127 527
127 576
127 674
127 762
127 763
127 832
127 835
127 991
127 1004
128 164
128 337
128 401
128 455
128 481
128 545
128 630
128 632
128 663
128 672
128 690
128 736
128 756
128 832
128 875
128 994
129 164
129 377
129 392
129 454
129 611
129 766
129 812
129 874
129 918
129 920
129 935
130 175
130 192
130 198
130 253
130 336
130 348
130 387
130 669
130 779
131 136
131 299
131 348
131 432
131 619
131 803
131 907
132 143
132 179
132 205
132 227
132 304
132 361
132 410
132 458
132 561
132 564
132 653
132 777
132 848
132 875
132 879
132 881
132 945
133 222
133 245
133 300
133 355
133 386
133 466
133 468
133 490
133 602
133 624
133 635
133 682
133 689
133 731
133 857
133 945
134 311
134 312
134 413
134 455
134 514
134 533
134 560
134 705
134 812
134 852
134 950
134 957
135 159
135 251
135 370
135 374
135 435
135 469
135 641
135 702
135 716
135 752
135 810
135 842
135 871
135 897
135 930
135 941
135 968
135 977
135 1001
135 1004
136 243
136 258
136 269
136 280
136 303
136 366
136 444
136 474
136 491
136 554
136 845
136 890
136 958
137 140
137 184
137 245
137 287
137 300
137 357
137 365
137 436
137 602
137 618
137 622
137 692
137 751
137 760
137 823
137 976
137 1004
138 245
138 274
138 294
138 311
138 315
138 385
138 393
138 403
138 404
138 436
138 488
138 503
138 773
139 185
139 290
139 370
139 379
139 412
139 420
139 495
139 614
139 616
139 833
139 859
139 908
139 993
140 222
140 241
140 341
140 366
140 389
140 415
140 477
140 514
140 658
140 731
140 864
140 891
140 964
141 159
141 162
141 191
141 303
141 304
141 305
141 307
141 397
141 549
141 678
141 698
141 894
142 178
142 267
142 344
142 420
142 569
142 615
142 691
142 744
142 818
142 863
142 866
142 906
142 913
142 937
142 956
142 958
142 1005
143 249
143 520
143 640
143 671
143 684
143 847
143 851
144 224
144 277
144 330
144 581
144 594
144 731
144 815
144 1020
145 149
145 181
145 229
145 275
145 276
145 339
145 340
145 360
145 382
145 481
145 491
145 564
145 567
145 578
145 598
145 706
145 802
145 900
146 204
146 239
146 411
146 494
146 521
146 796
147 194
147 261
147 279
147 306
147 318
147 374
147 433
147 438
147 527
147 553
147 615
147 656
147 720
147 809
147 833
147 860
147 921
148 235
148 267
148 488
148 540
148 637
148 687
148 725
148 906
149 188
149 238
149 255
149 266
149 384
149 435
149 456
149 501
149 532
149 592
149 733
149 738
149 742
149 852
149 992
150 204
150 268
150 312
150 343
150 375
150 498
150 677
150 926
150 947
150 949
150 954
150 974
150 1002
151 279
151 283
151 347
151 358
151 363
151 403
151 450
151 478
151 496
151 566
151 681
151 715
151 741
151 754
151 781
152 161
152 174
152 178
152 179
152 241
152 257
152 274
152 315
152 483
152 629
152 754
152 772
152 835
152 846
152 887
152 996
152 1001
152 1004
153 215
153 241
153 331
153 467
153 513
153 590
153 949
153 967
154 171
154 330
154 335
154 432
154 433
154 538
154 683
154 832
154 875
154 894
154 999
154 1018
155 308
155 404
155 452
155 463
155 468
155 482
155 541
155 650
155 696
155 697
155 727
155 815
155 841
155 849
155 1010
156 177
156 270
156 297
156 298
156 335
156 338
156 372
156 413
156 445
156 478
156 568
156 581
156 784
156 859
156 891
156 990
156 1023
157 199
157 316
157 576
157 873
157 925
157 951
158 206
158 255
158 549
158 591
158 824
158 933
158 937
159 373
159 434
159 477
159 861
159 866
160 172
160 175
160 268
160 296
160 682
160 706
160 726
160 1016
160 1023
161 177
161 222
161 406
161 466
161 477
161 538
161 547
161 555
161 557
161 783
161 792
161 793
161 813
161 974
162 253
162 302
162 318
162 326
162 340
162 432
162 519
162 608
162 741
162 767
162 869
163 244
163 307
163 332
163 401
163 505
163 546
163 549
163 647
163 708
163 796
163 824
163 833
163 850
163 903
163 962
163 978
164 211
164 218
164 272
164 348
164 361
164 430
164 466
164 605
164 632
164 678
164 679
164 680
164 880
164 889
165 193
165 337
165 339
165 482
165 590
165 623
165 646
165 678
165 680
165 705
165 743
165 752
165 796
165 813
166 228
166 325
166 390
166 422
166 559
166 689
166 789
166 901
167 238
167 340
167 376
167 391
167 438
167 464
167 566
167 594
167 602
167 638
167 675
167 697
167 700
167 747
167 796
167 897
167 963
167 977
167 982
168 172
168 396
168 486
168 489
168 573
168 737
168 742
168 744
168 775
168 824
168 834
168 859
168 877
168 903
168 932
168 1015
169 191
169 223
169 244
169 306
169 410
169 484
169 568
169 658
169 696
169 754
169 771
169 828
169 830
169 874
169 1001
170 178
170 291
170 293
170 322
170 358
170 411
170 573
170 590
170 718
170 791
170 884
170 935
170 949
171 289
171 402
171 483
171 663
171 804
171 807
171 824
171 855
171 932
172 191
172 227
172 291
172 374
172 434
172 515
172 629
172 664
172 999
173 192
173 425
173 455
173 475
173 602
173 742
173 789
173 831
173 837
174 272
174 374
174 397
174 429
174 430
174 616
174 671
174 675
174 697
174 707
174 759
174 914
174 922
174 1009
175 494
175 529
175 699
175 704
175 738
175 837
175 859
175 872
175 888
175 899
175 908
175 936
175 952
175 957
175 964
175 966
175 986
176 179
176 226
176 533
176 563
176 578
176 643
176 751
176 798
176 844
176 889
176 917
176 986
176 1008
177 215
177 220
177 379
177 384
177 466
177 490
177 506
177 696
177 746
177 805
177 874
177 938
178 189
178 233
178 243
178 307
178 374
178 545
178 677
178 786
178 953
178 962
178 967
179 214
179 367
179 491
179 530
179 566
179 655
180 343
180 396
180 491
180 502
180 612
180 613
180 701
180 729
180 872
181 201
181 376
181 607
181 637
181 685
181 897
181 928
181 1023
182 223
182 246
182 260
182 453
182 635
182 677
182 723
182 790
182 922
182 944
183 337
183 350
183 457
183 598
183 624
183 625
183 976
183 978
183 996
184 194
184 198
184 231
184 234
184 285
184 338
184 406
184 415
184 421
184 487
184 501
184 540
184 638
184 651
184 742
184 794
184 950
184 1018
185 208
185 373
185 431
185 510
185 549
185 733
185 876
185 948
185 1022
186 260
186 350
186 464
186 609
186 623
186 627
186 645
186 702
186 937
186 1004
187 284
187 335
187 366
187 424
187 503
187 591
187 669
187 678
187 897
187 920
187 925
187 935
187 963
187 970
187 998
187 1007
188 296
188 446
188 455
188 463
188 471
188 481
188 770
188 834
189 222
189 288
189 324
189 383
189 388
189 474
189 511
189 558
189 562
189 567
189 592
189 683
189 759
189 799
190 282
190 288
190 341
190 389
190 416
190 417
190 458
190 469
190 505
190 534
190 678
190 703
190 754
190 844
190 913
190 932
191 218
191 235
191 264
191 349
191 468
191 500
191 527
191 549
191 587
191 714
191 782
192 240
192 288
192 295
192 321
192 356
192 421
192 602
192 613
192 764
192 952
193 218
193 267
193 323
193 365
193 370
193 567
193 682
193 867
193 951
194 195
194 435
194 458
194 673
194 728
194 737
194 759
194 769
194 774
194 781
194 938
195 240
195 257
195 287
195 305
195 309
195 410
195 675
195 707
195 823
195 886
195 921
196 266
196 297
196 508
196 753
196 765
196 786
196 874
196 895
196 955
196 1007
196 1018
197 355
197 477
197 632
197 706
197 712
197 757
197 811
197 862
197 871
197 946
197 1022
198 336
198 370
198 507
198 688
198 794
198 923
198 955
198 981
199 234
199 444
199 512
199 538
199 639
199 641
199 672
199 720
199 772
199 981
200 210
200 391
200 483
200 510
200 587
200 634
200 724
200 851
201 226
201 254
201 293
201 310
201 351
201 362
201 386
201 493
201 553
202 223
202 297
202 312
202 326
202 347
202 522
202 589
202 632
202 659
202 677
202 698
202 708
202 770
202 776
202 815
202 829
202 837
202 855
202 868
202 950
202 978
202 995
203 249
203 273
203 293
203 354
203 377
203 469
203 511
203 579
203 610
203 623
203 787
203 850
203 886
203 1000
204 359
204 377
204 515
204 535
204 562
204 619
204 919
204 985
205 349
205 374
205 401
205 412
205 413
205 505
205 552
205 573
205 582
205 620
205 635
205 677
205 783
205 825
205 859
205 863
205 886
205 979
205 1010
206 355
206 394
206 563
206 608
206 708
206 836
206 911
206 996
207 411
207 645
207 696
207 833
207 849
207 978
208 223
208 275
208 304
208 349
208 447
208 576
208 637
208 719
208 736
208 744
208 838
208 853
208 955
208 987
208 990
208 1004
209 333
209 444
209 536
209 539
209 655
209 694
209 805
209 839
209 969
209 1022
210 236
210 237
210 277
210 286
210 287
210 539
210 768
210 849
210 867
210 974
211 304
211 373
211 401
211 404
211 428
211 465
211 598
211 679
211 693
211 721
211 777
211 861
211 950
212 227
212 273
212 276
212 279
212 353
212 487
212 595
212 608
212 627
212 663
212 721
212 800
212 861
212 1004
213 311
213 331
213 439
213 453
213 564
213 711
213 953
214 255
214 327
214 530
214 551
214 573
214 590
214 663
214 665
214 698
214 788
214 823
214 934
214 945
215 224
215 266
215 399
215 574
215 601
215 613
215 664
215 740
215 799
216 272
216 305
216 535
216 664
216 687
217 233
217 484
217 577
217 655
217 782
217 866
217 924
218 327
218 346
218 577
218 578
218 632
218 652
218 710
218 738
218 797
218 828
218 848
218 884
218 973
218 1008
219 229
219 255
219 299
219 317
219 327
219 465
219 614
219 714
219 727
219 809
219 843
220 293
220 307
220 499
220 508
220 718
220 742
220 767
220 826
220 885
220 893
221 263
221 269
221 420
221 718
221 777
221 795
221 806
221 882
222 677
222 698
222 699
222 841
222 865
222 880
223 235
223 365
223 397
223 441
223 479
223 579
223 611
223 684
223 685
223 776
223 992
224 280
224 314
224 370
224 454
224 493
224 501
224 546
224 619
224 636
224 650
224 673
224 720
224 725
224 845
224 990
225 279
225 329
225 448
225 770
225 790
225 832
225 843
225 846
225 848
225 1020
226 326
226 379
226 476
226 575
226 584
226 690
226 774
226 792
226 878
227 246
227 274
227 331
227 424
227 440
227 645
227 831
227 864
228 242
228 251
228 257
228 323
228 331
228 395
228 595
228 611
228 622
228 798
228 912
228 972
228 981
229 362
229 439
229 466
229 605
229 763
229 799
229 802
229 875
229 971
230 294
230 325
230 398
230 403
230 535
230 626
230 673
230 734
230 845
230 889
230 912
230 976
231 428
231 473
231 550
231 552
231 555
231 565
231 686
231 728
231 757
231 902
232 354
232 383
232 409
232 435
232 594
232 674
232 706
232 722
232 761
232 846
232 1005
233 336
233 415
233 490
233 544
233 551
233 704
233 757
233 769
233 794
233 831
233 845
233 927
234 276
234 360
234 365
234 400
234 550
234 652
234 707
234 740
234 762
234 856
234 868
234 878
234 966
234 1012
235 442
235 573
235 607
235 618
235 623
235 737
235 766
235 834
235 1007
236 304
236 399
236 484
236 596
236 642
236 932
236 979
237 269
237 442
237 556
237 753
237 769
237 910
237 917
237 991
237 992
238 282
238 611
238 626
238 635
238 765
238 776
238 825
238 859
238 1017
239 275
239 390
239 413
239 464
239 544
239 575
239 645
239 715
239 940
240 304
240 357
240 470
240 590
240 741
240 767
240 940
240 961
241 318
241 323
241 360
241 425
241 441
241 520
241 563
241 567
241 581
241 652
241 658
241 797
241 808
241 910
242 288
242 319
242 326
242 559
242 611
242 618
242 636
242 725
242 845
242 864
242 893
242 935
242 940
242 945
243 514
243 543
243 554
243 558
243 645
243 656
243 671
243 814
243 1002
244 330
244 498
244 513
244 516
244 519
244 561
244 564
244 620
244 692
244 786
244 802
244 869
244 918
244 924
244 942
245 283
245 398
245 400
245 456
245 492
245 503
245 520
245 567
245 607
245 754
245 823
245 858
245 904
245 949
245 1007
246 274
246 287
246 561
246 568
246 654
246 759
246 873
246 903
246 910
246 999
246 1013
247 304
247 357
247 392
247 483
247 516
247 765
247 899
247 912
247 933
247 935
248 249
248 340
248 389
248 495
248 584
248 586
248 594
248 611
248 648
248 654
248 715
248 738
248 869
248 891
248 932
248 955
249 300
249 320
249 364
249 540
249 544
249 553
249 727
249 848
249 946
249 963
250 490
250 668
250 716
250 821
250 868
250 881
250 979
250 988
251 360
251 466
251 520
251 717
251 998
252 275
252 546
252 560
252 677
252 684
252 830
252 938
252 963
252 998
253 339
253 375
253 382
253 704
253 757
253 842
253 925
253 967
254 261
254 306
254 338
254 421
254 471
254 500
254 501
254 527
254 783
254 816
254 878
254 922
255 328
255 415
255 498
255 529
255 571
255 619
255 650
255 659
255 666
255 696
255 859
255 882
255 887
255 903
255 907
255 1014
256 348
256 470
256 493
256 565
256 591
256 593
256 685
256 694
256 781
256 863
256 950
256 999
257 341
257 373
257 431
257 523
257 811
257 837
257 846
257 871
257 912
257 944
257 1016
258 429
258 569
258 592
258 613
258 722
258 800
258 820
258 876
258 884
258 998
258 1014
259 264
259 304
259 345
259 397
259 542
259 570
259 611
259 623
259 632
259 816
259 885
259 886
260 261
260 271
260 272
260 281
260 290
260 379
260 386
260 427
260 463
260 464
260 651
260 674
260 737
260 778
260 781
260 829
260 901
260 905
260 984
261 270
261 326
261 477
261 517
261 573
261 809
261 835
261 890
261 983
262 391
262 403
262 682
262 806
262 866
263 265
263 286
263 303
263 334
263 504
263 565
263 579
263 739
263 848
263 924
263 962
264 332
264 464
264 487
264 651
264 694
264 912
264 922
264 935
264 938
264 960
264 976
264 984
265 266
265 292
265 339
265 346
265 481
265 653
265 662
265 685
265 690
265 713
265 778
265 930
265 956
265 993
266 425
266 441
266 479
266 538
266 595
266 596
266 632
266 732
266 897
266 930
266 936
267 316
267 327
267 388
267 457
267 502
267 549
267 901
267 937
268 366
268 418
268 465
268 481
268 487
268 502
268 589
268 950
268 951
268 991
269 273
269 289
269 311
269 353
269 403
269 462
269 470
269 492
269 498
269 531
269 713
269 719
269 880
269 887
269 889
269 962
270 316
270 333
270 364
270 528
270 545
270 613
270 647
270 662
270 706
270 722
270 747
270 821
270 837
270 917
270 948
270 972
271 399
271 646
271 752
271 924
271 930
271 977
272 292
272 308
272 412
272 469
272 572
272 651
272 700
272 712
273 280
273 320
273 363
273 384
273 525
273 543
273 567
273 741
273 745
273 831
273 969
273 978
273 980
273 994
273 999
274 453
274 496
274 556
274 569
274 596
274 655
274 721
274 810
274 818
274 858
274 1020
275 338
275 348
275 361
275 363
275 425
275 500
275 554
275 575
275 616
275 722
275 979
276 294
276 408
276 450
276 594
276 608
276 615
276 834
276 877
276 937
276 940
276 943
277 308
277 320
277 323
277 343
277 485
277 536
277 557
277 760
277 790
277 880
277 951
277 956
278 366
278 546
278 576
278 592
278 689
278 730
278 736
278 742
278 882
278 909
279 317
279 318
279 385
279 434
279 446
279 502
279 555
279 644
279 675
279 752
279 763
279 906
279 923
280 444
280 657
280 730
280 804
280 862
280 896
281 295
281 331
281 532
281 641
281 819
281 876
281 878
281 981
282 314
282 360
282 443
282 847
283 343
283 450
283 463
283 631
283 632
283 674
283 742
283 920
283 957
283 993
284 293
284 305
284 420
284 476
284 554
284 566
284 581
284 589
284 927
284 937
284 984
284 995
285 298
285 321
285 343
285 370
285 399
285 428
285 448
285 466
285 482
285 546
285 664
285 679
285 742
285 756
285 889
285 943
286 423
286 474
286 483
286 497
286 617
286 710
286 711
286 862
286 927
286 938
286 985
287 298
287 383
287 456
287 630
287 756
287 916
288 371
288 448
288 516
288 529
288 648
288 694
288 697
288 753
288 805
288 834
288 860
288 902
288 946
288 959
289 334
289 338
289 377
289 434
289 539
289 607
289 660
289 666
289 715
289 787
289 837
289 871
289 964
289 1002
289 1013
290 340
290 449
290 477
290 593
290 703
290 907
290 985
290 995
290 1001
290 1009
290 1021
291 325
291 365
291 499
291 541
291 595
291 631
291 632
291 659
291 747
291 755
291 841
291 958
291 985
292 315
292 495
292 541
292 604
292 616
292 718
292 732
292 764
292 789
292 857
292 861
292 890
292 921
292 928
293 337
293 559
293 676
293 748
293 772
293 1015
294 324
294 457
294 638
294 705
294 813
294 861
294 1001
295 297
295 375
295 446
295 504
295 517
295 618
295 649
295 730
295 803
295 859
295 915
295 949
295 968
296 317
296 352
296 395
296 399
296 468
296 925
296 949
296 1004
296 1009
297 357
297 457
297 529
297 566
297 624
297 650
297 762
297 790
297 836
297 943
297 1023
298 369
298 473
298 475
298 499
298 565
298 584
298 589
298 602
298 814
298 868
298 978
298 1015
298 1017
299 386
299 396
299 470
299 471
299 730
299 866
299 873
299 971
300 408
300 499
300 789
300 906
300 962
301 308
301 370
301 396
301 619
301 650
301 670
301 721
301 865
301 878
301 889
301 923
301 938
302 426
302 547
302 722
302 781
302 857
302 871
302 897
302 910
302 914
302 980
302 1021
303 377
303 395
303 448
303 640
303 652
303 657
303 750
303 761
303 866
303 930
303 962
303 1004
303 1015
304 466
304 476
304 588
304 616
304 644
304 692
304 742
304 767
304 869
304 922
304 997
305 315
305 345
305 367
305 815
306 340
306 368
306 423
306 429
306 850
306 852
306 907
307 321
307 413
307 481
307 546
307 617
307 629
307 649
307 720
307 830
307 852
307 884
307 947
308 392
308 429
308 474
308 553
308 677
308 872
308 912
308 944
308 962
309 456
309 572
309 585
309 748
309 962
309 980
310 351
310 452
310 467
310 491
310 495
310 519
310 585
310 630
310 754
310 863
310 904
310 994
311 330
311 333
311 348
311 402
311 563
311 649
311 811
311 886
311 914
311 945
311 946
311 962
311 983
312 332
312 348
312 360
312 364
312 480
312 481
312 581
312 713
312 718
312 735
312 856
312 961
313 350
313 357
313 462
313 542
313 559
313 619
313 636
313 651
313 726
313 752
313 899
313 963
314 328
314 341
314 371
314 509
314 529
314 538
314 539
314 576
314 629
314 685
314 738
314 760
314 983
315 389
315 527
315 668
315 713
315 841
315 952
315 986
315 1023
316 324
316 529
316 660
316 674
316 732
316 756
316 899
317 349
317 483
317 521
317 760
317 812
317 822
317 906
317 913
317 1007
318 391
318 430
318 449
318 602
318 667
318 832
318 868
318 873
318 926
318 949
318 1008
319 387
319 406
319 440
319 505
319 557
319 612
319 622
319 635
319 697
319 721
319 816
319 985
319 999
319 1001
319 1006
320 363
320 376
320 401
320 416
320 472
320 687
320 713
320 823
320 887
320 996
320 1000
321 348
321 414
321 499
321 561
321 644
321 665
321 694
321 750
321 755
321 966
321 997
321 1022
322 331
322 402
322 481
322 574
322 631
322 653
322 675
322 844
322 846
322 1009
323 388
323 489
323 500
323 542
323 555
323 650
323 864
323 1014
324 375
324 647
324 711
324 802
325 377
325 417
325 446
325 467
325 586
325 673
325 674
325 728
325 844
325 915
325 963
326 404
326 418
326 433
326 529
326 657
326 711
326 737
326 761
326 1014
327 458
327 567
327 621
327 694
327 711
327 726
327 727
327 809
327 897
327 972
328 483
328 524
328 536
328 571
328 606
328 632
328 663
328 728
328 910
329 418
329 472
329 542
329 599
329 640
329 664
329 695
329 719
329 720
329 759
329 958
329 976
329 993
330 691
330 705
330 784
330 823
330 905
330 949
331 338
331 359
331 428
331 439
331 563
331 575
331 591
331 595
331 920
331 921
332 386
332 388
332 423
332 429
332 451
332 528
332 533
333 341
333 350
333 357
333 388
333 480
333 535
333 625
333 772
333 857
333 957
334 478
334 479
334 508
334 534
334 570
334 605
334 770
334 783
334 898
334 899
334 926
334 951
335 346
335 427
335 483
335 608
335 624
335 627
335 801
335 986
335 993
336 437
336 488
336 860
336 922
337 352
337 358
337 453
337 556
337 587
337 651
337 664
337 670
337 791
337 846
337 857
337 870
337 963
337 966
337 999
337 1009
338 409
338 477
338 613
338 654
338 683
338 728
338 1000
339 367
339 527
339 601
339 631
339 727
339 821
339 834
339 853
339 904
340 376
340 411
340 507
340 577
340 732
340 774
340 863
340 945
340 982
341 347
341 352
341 598
341 606
341 643
341 730
341 765
342 547
342 681
342 731
342 819
342 904
342 917
343 397
343 419
343 426
343 499
343 515
343 575
343 698
343 746
343 901
343 963
343 1016
344 355
344 458
344 492
344 637
344 659
344 697
344 805
344 830
344 937
344 951
344 1013
345 358
345 521
345 672
345 740
345 894
345 926
345 985
345 1018
346 405
346 444
346 515
346 574
346 739
346 755
346 866
346 925
346 1014
347 517
347 545
347 606
347 659
347 812
347 816
347 835
347 944
348 387
348 401
348 433
348 507
348 526
348 568
348 572
348 575
348 602
348 636
348 844
349 391
349 452
349 473
349 485
349 717
349 769
349 825
349 857
349 894
349 922
350 372
350 456
350 534
350 625
350 807
350 827
350 849
350 1000
351 398
351 512
351 720
351 790
351 801
351 899
351 914
351 928
351 973
352 360
352 417
352 545
352 601
352 794
353 442
353 462
353 629
353 634
353 767
353 805
353 936
354 374
354 382
354 537
354 600
354 717
354 739
354 765
354 853
354 942
355 361
355 384
355 392
355 394
355 487
355 532
355 628
355 699
355 849
356 376
356 400
356 422
356 432
356 475
356 582
356 595
356 661
356 788
356 797
356 862
356 897
357 395
357 414
357 492
357 505
357 556
357 598
357 719
357 732
357 763
357 821
357 980
357 997
357 1008
358 416
358 613
358 639
358 675
358 777
358 992
359 367
359 465
359 793
359 814
359 904
359 968
359 1003
360 446
360 459
360 501
360 543
360 678
360 731
360 793
360 828
360 957
360 960
360 980
360 994
361 579
361 599
361 611
361 708
361 716
361 779
361 998
361 1016
362 376
362 531
362 565
362 600
362 809
362 887
362 914
363 369
363 437
363 687
363 778
363 959
363 966
364 454
364 482
364 552
364 630
364 757
364 834
364 901
365 447
365 487
365 528
365 552
365 562
365 867
365 955
366 406
366 479
366 491
366 635
366 751
366 915
367 526
367 552
367 623
367 742
367 962
368 425
368 599
368 670
368 740
368 743
368 827
368 884
368 939
368 975
368 1011
369 418
369 515
369 733
369 755
369 810
369 838
369 903
369 932
369 942
369 990
369 1006
370 403
370 442
370 835
370 840
370 901
370 928
370 929
370 1000
370 1018
371 590
371 604
371 668
371 745
371 746
371 749
371 833
371 938
371 994
372 464
372 498
372 697
372 786
372 880
373 489
373 510
373 573
373 781
373 960
374 611
374 647
374 802
374 877
375 381
375 391
375 418
375 539
375 625
375 635
375 673
375 743
375 755
375 767
375 804
375 888
375 912
375 926
375 942
376 388
376 411
376 493
376 742
376 758
376 838
376 970
376 991
377 416
377 450
377 540
377 606
377 617
377 676
377 719
377 789
377 994
378 385
378 552
378 721
378 767
378 816
378 916
378 926
379 399
379 419
379 423
379 480
379 547
379 723
379 761
379 1006
380 416
380 528
380 633
380 674
380 713
380 732
380 901
381 559
381 627
381 664
381 700
381 706
381 795
381 816
381 823
381 881
382 385
382 462
382 490
382 550
382 588
382 636
382 747
382 769
382 884
382 911
382 937
383 434
383 487
383 749
383 781
383 851
383 860
383 1017
384 566
384 607
384 745
384 768
385 408
385 415
385 460
385 732
385 813
385 824
385 836
385 983
386 476
386 524
386 638
386 642
386 824
386 860
386 991
387 451
387 622
387 687
387 749
387 887
388 412
388 430
388 449
388 466
388 521
388 595
388 604
388 632
388 707
388 778
388 819
388 824
388 872
388 884
388 932
388 983
388 1008
389 420
389 432
389 677
389 824
389 830
389 848
389 902
389 904
389 916
389 917
389 1015
390 584
390 597
390 616
390 646
390 648
390 781
390 800
390 840
390 896
390 959
390 996
391 485
391 508
391 646
391 693
391 699
391 874
391 959
392 640
392 661
392 896
393 539
393 644
393 651
393 700
393 713
393 752
393 960
393 980
394 477
394 516
394 640
394 662
394 736
394 913
394 932
394 954
394 965
394 996
394 998
395 414
395 478
395 509
395 593
395 962
395 991
396 419
396 456
396 655
396 790
396 837
396 915
396 937
396 986
397 550
397 619
397 833
397 849
397 868
397 884
397 1020
398 480
398 678
398 802
398 844
398 923
398 1000
398 1004
399 470
399 595
399 631
399 653
399 654
399 800
399 966
399 967
399 1020
400 528
400 573
400 701
400 718
400 842
400 875
400 967
401 415
401 541
401 560
401 662
401 673
401 686
401 710
401 748
401 781
401 785
401 812
401 991
402 501
402 654
402 666
402 702
402 799
402 845
402 859
402 869
402 1010
403 421
403 473
403 498
403 636
403 668
403 682
403 813
403 869
404 440
404 975
405 639
405 655
405 659
405 710
405 777
405 811
405 864
405 904
405 919
405 955
405 991
406 478
406 566
406 575
406 734
406 770
406 825
407 433
407 568
407 582
407 584
407 639
407 677
407 901
407 927
407 955
407 981
408 534
408 657
408 939
408 993
409 443
409 452
409 487
409 501
409 528
409 613
409 637
409 669
409 704
409 731
409 745
409 747
409 790
409 793
409 853
410 454
410 693
410 755
410 835
410 882
410 979
410 1015
411 456
411 517
411 532
411 545
411 588
411 653
411 679
411 848
411 861
411 1006
411 1008
412 425
412 561
412 626
412 634
412 635
412 639
412 730
412 799
412 805
412 893
412 953
412 981
412 1014
413 423
413 432
413 489
413 569
413 570
413 587
413 666
413 670
413 672
413 701
413 833
413 877
413 996
413 1000
414 458
414 557
414 587
414 646
414 675
414 806
414 952
414 964
414 988
415 435
415 542
415 743
415 816
415 868
415 943
415 974
415 985
416 424
416 478
416 585
416 604
416 715
416 808
416 910
416 943
417 474
417 485
417 522
417 558
417 600
417 622
417 695
417 826
417 828
417 859
417 922
418 490
418 500
418 633
418 652
418 662
418 752
418 774
419 516
419 581
419 615
419 639
419 689
419 909
419 940
419 959
420 490
420 554
420 556
420 702
420 706
420 710
420 801
420 807
420 843
420 985
420 997
421 448
421 449
421 462
421 484
421 499
421 572
421 701
421 712
421 739
421 769
421 948
421 959
422 447
422 722
422 888
422 911
422 965
423 566
423 584
423 642
423 876
423 918
423 922
423 944
424 450
424 552
424 592
424 668
424 727
424 805
424 838
424 1014
425 441
425 651
425 710
425 711
425 733
425 838
426 459
426 499
426 516
426 563
426 683
426 828
426 899
426 906
427 463
427 473
427 511
427 611
427 878
427 997
427 1018
428 447
428 500
428 515
428 569
428 606
428 610
428 653
428 753
428 819
428 842
428 897
429 445
429 455
429 591
429 613
429 703
429 759
429 822
429 874
429 910
430 555
430 640
430 672
430 740
430 800
430 911
430 963
430 999
431 456
431 481
431 490
431 817
431 853
431 907
431 933
431 1003
432 455
432 465
432 474
432 497
432 571
432 592
432 600
432 697
432 770
432 903
432 937
433 461
433 476
433 532
433 750
433 912
434 474
434 577
434 670
434 686
434 721
434 743
434 770
434 788
434 794
434 837
434 1002
435 659
435 693
435 756
435 860
435 876
436 467
436 489
436 500
436 574
436 750
436 824
436 929
436 945
437 588
437 624
437 733
437 779
437 798
437 803
437 850
437 883
437 926
437 988
437 1005
437 1014
438 489
438 602
438 643
438 726
438 754
438 974
439 448
439 490
439 501
439 669
439 683
439 692
439 739
439 762
439 822
439 830
440 538
440 712
440 770
440 808
440 838
441 488
441 554
441 582
441 586
441 613
441 651
441 735
441 744
441 793
441 839
442 586
442 624
442 706
442 708
442 771
442 810
442 815
442 821
442 878
442 890
442 898
443 493
443 508
443 541
443 553
443 602
443 765
443 779
443 814
443 882
443 922
443 980
443 1004
444 481
444 563
444 616
444 638
444 639
444 655
444 673
444 788
444 878
444 879
444 903
444 949
444 982
444 1023
445 539
445 721
445 728
445 734
445 791
445 828
445 945
446 505
446 515
446 574
446 606
446 670
446 767
446 795
446 872
446 958
447 534
447 541
447 660
447 697
447 721
447 773
447 1018
448 489
448 651
448 732
448 950
449 694
449 766
449 784
449 868
449 966
449 1016
450 495
450 630
450 719
450 914
450 916
450 947
451 532
451 656
451 676
451 682
451 689
451 777
451 799
451 858
451 988
452 579
452 601
452 889
452 909
452 942
452 943
452 1017
452 1022
453 564
453 613
453 629
453 686
453 687
453 812
453 851
453 905
453 938
453 961
453 1001
454 467
454 556
454 675
454 698
454 715
454 835
454 878
455 493
455 522
455 625
455 680
455 686
455 714
455 760
455 853
455 860
456 472
456 486
456 598
456 787
456 844
456 921
456 956
456 1021
457 501
457 538
457 611
457 637
457 708
457 724
457 754
457 770
457 804
457 898
457 904
457 983
457 997
457 1012
457 1015
457 1023
458 471
458 514
458 853
458 854
458 993
459 477
459 502
459 522
459 619
459 640
459 653
459 687
459 759
459 820
459 855
459 893
459 1019
460 481
460 493
460 712
460 992
461 494
461 562
461 803
461 857
461 900
461 938
461 987
462 471
462 528
462 701
462 725
462 953
463 604
463 701
463 710
463 716
463 836
463 944
464 485
464 568
464 661
464 764
464 823
464 862
464 1011
465 512
465 527
465 606
465 654
465 750
465 865
465 901
465 947
465 985
466 547
466 622
466 720
466 902
466 1012
467 612
467 816
467 903
468 502
468 622
468 645
468 733
468 790
468 850
468 876
468 939
468 976
469 492
469 555
469 629
469 642
469 816
469 859
469 867
469 871
469 875
469 925
470 540
470 585
470 675
470 725
470 808
470 841
470 950
470 966
470 1017
471 543
471 553
471 601
471 835
471 896
471 907
471 929
472 615
472 635
472 711
472 824
472 835
472 966
472 1020
473 758
473 763
473 808
473 885
474 481
474 634
474 644
474 645
474 756
474 913
474 973
475 519
475 661
475 736
475 799
475 863
476 638
476 693
476 724
476 729
476 901
476 903
476 930
476 967
476 990
476 993
476 1013
477 572
477 696
477 976
478 479
478 493
478 597
478 642
478 679
478 696
478 777
478 825
478 924
478 988
479 521
479 532
479 539
479 582
479 671
479 690
479 712
479 872
479 901
480 492
480 614
480 678
480 705
480 719
480 870
480 921
480 983
480 991
480 1001
481 498
481 535
481 543
481 544
481 617
481 669
481 673
481 835
481 937
481 951
482 522
482 564
482 593
482 646
482 809
482 871
482 907
482 910
483 646
483 679
483 745
483 769
483 829
483 968
484 542
484 651
485 539
485 575
485 650
485 667
485 713
485 768
485 989
486 530
486 595
486 614
486 920
486 928
486 945
487 644
487 704
487 823
487 1017
488 490
488 513
488 555
488 624
488 720
488 740
488 985
488 1001
489 567
489 647
489 660
489 898
489 934
489 976
489 1001
490 501
490 638
490 709
490 947
490 1007
491 532
491 553
491 596
491 606
491 716
491 764
491 785
491 900
491 1014
492 556
492 605
492 660
492 716
492 721
493 632
493 636
493 804
493 870
493 896
493 934
493 1000
494 506
494 556
494 608
494 642
494 662
494 827
494 831
494 839
495 548
495 694
495 833
495 898
495 945
495 964
495 983
495 1022
496 629
496 641
496 841
496 855
496 895
496 915
496 973
496 993
497 522
497 732
497 745
497 753
497 768
497 808
497 892
497 1017
498 518
498 640
498 659
498 749
498 776
498 793
498 826
498 833
498 847
498 921
498 983
499 573
499 597
499 718
499 776
499 875
500 516
500 666
500 671
500 863
500 970
501 503
501 510
501 571
501 573
501 682
501 716
501 729
501 737
501 746
501 896
501 932
501 941
502 513
502 597
502 659
502 682
502 732
502 809
502 844
502 983
503 566
503 602
503 667
503 838
503 916
504 539
504 562
504 591
504 641
504 644
504 705
504 765
504 871
504 872
504 878
505 523
505 529
505 565
505 710
505 712
505 729
505 736
505 767
506 586
506 626
506 711
506 832
506 845
506 1011
507 600
507 649
507 698
507 710
507 754
507 804
507 889
507 973
508 605
508 618
508 692
508 765
508 930
508 935
509 687
509 711
509 722
509 785
509 806
509 948
510 555
510 562
510 574
510 612
510 649
510 761
510 809
510 956
511 684
511 687
511 752
511 815
511 821
511 957
511 985
512 633
512 653
512 662
512 731
512 754
512 920
513 700
513 764
513 836
513 875
513 929
513 964
514 556
514 578
514 610
514 791
514 931
514 1007
515 519
515 535
515 697
515 948
515 979
515 994
516 540
516 571
516 575
516 583
516 613
517 615
517 647
517 651
517 672
517 746
517 862
517 892
518 554
518 556
518 789
518 822
518 903
519 536
519 622
519 656
519 692
519 727
519 777
519 831
519 849
519 880
519 890
519 943
520 542
520 545
520 690
520 792
520 841
520 1021
521 566
521 612
521 680
521 743
521 786
521 921
521 953
522 573
522 1019
523 601
523 667
523 689
524 615
524 658
524 779
524 863
524 879
525 682
525 754
525 893
526 715
526 923
526 972
526 1010
526 1022
527 529
527 712
527 914
527 922
527 965
528 649
528 679
528 716
528 725
528 728
528 815
528 829
528 850
529 778
529 802
529 830
529 922
530 558
530 604
530 798
530 828
530 849
530 997
531 626
531 683
531 769
531 839
531 940
532 649
532 755
532 868
532 985
532 1020
533 554
533 599
533 603
533 782
533 861
533 926
533 988
534 632
534 633
534 779
534 859
534 918
534 992
535 622
535 650
535 803
535 1023
536 541
536 763
536 765
536 980
536 984
536 996
536 998
537 542
537 550
537 704
537 714
537 777
537 805
537 856
537 1000
537 1008
538 556
538 750
538 818
538 831
538 915
538 960
539 624
539 637
539 641
539 647
539 648
539 669
539 801
539 808
539 875
539 896
539 921
540 663
540 774
540 803
540 809
540 872
540 903
540 1019
541 620
541 708
541 717
541 804
541 826
541 927
542 617
542 634
542 654
542 678
542 690
542 735
542 746
542 750
542 761
542 762
542 823
542 892
542 908
542 913
542 962
542 1011
543 671
543 762
543 817
543 824
543 952
543 1009
544 571
544 601
544 621
544 673
544 709
544 720
544 875
544 911
544 973
544 1022
545 645
545 761
545 827
545 962
545 979
546 579
546 589
546 760
546 808
546 831
546 913
546 947
547 762
547 794
547 852
547 894
547 938
548 683
548 908
548 927
548 963
548 985
549 833
549 848
549 1000
550 770
550 821
551 624
551 694
551 790
551 919
552 674
552 705
552 775
552 808
552 828
552 929
553 634
553 769
553 825
553 886
553 981
553 1004
554 735
554 776
554 840
554 865
554 895
554 947
554 977
554 984
554 1001
554 1016
555 692
555 736
555 748
555 811
555 827
555 838
555 994
556 720
556 758
556 957
557 671
557 754
557 786
557 802
557 837
557 964
557 1023
558 661
558 677
558 950
558 966
559 607
559 701
559 963
559 979
559 994
560 808
560 842
560 901
560 940
561 588
561 590
561 650
561 816
561 965
561 979
562 941
563 670
563 704
563 973
564 574
564 608
564 662
564 698
564 715
564 781
564 819
564 852
564 868
564 899
564 942
564 993
564 1021
565 575
565 642
565 706
565 740
565 765
565 834
565 841
565 856
565 902
565 942
565 949
565 965
565 977
566 683
566 742
566 803
566 809
566 815
567 634
567 798
567 831
567 834
567 859
567 928
567 949
567 1003
568 590
568 597
568 632
568 639
568 642
568 648
568 762
568 778
568 814
568 827
568 868
568 872
568 873
568 890
568 910
568 945
569 582
569 584
569 614
569 828
569 909
570 636
570 697
570 753
570 841
570 862
570 1023
571 652
571 720
571 728
571 866
571 981
571 1018
572 954
573 685
573 756
573 768
573 876
573 895
574 575
574 642
574 664
574 707
574 726
574 787
574 829
574 875
574 898
574 984
575 784
575 872
575 878
575 956
575 980
575 999
575 1009
576 608
576 627
576 786
576 792
576 875
576 986
577 732
577 837
577 926
578 620
578 628
578 675
578 687
578 816
579 651
579 660
580 596
580 621
580 662
580 775
580 825
581 602
581 734
581 855
581 874
581 980
581 984
582 703
582 709
582 1009
583 589
583 641
583 743
583 768
583 859
583 952
583 1017
584 601
584 689
584 751
584 840
584 958
584 966
585 611
585 615
585 828
585 915
585 937
585 1008
586 677
586 724
586 747
586 858
586 909
586 939
586 962
586 969
586 986
587 625
587 679
587 841
587 889
587 929
587 931
588 628
588 659
588 850
588 870
588 897
588 911
588 934
588 971
589 646
589 703
589 737
589 886
589 1013
590 600
590 697
590 702
590 706
590 762
590 795
590 831
590 981
590 990
590 1015
591 682
591 706
591 872
591 960
592 639
592 673
592 809
593 634
593 889
593 978
594 636
594 722
594 732
594 766
594 860
594 924
594 936
594 944
595 656
595 715
595 792
595 890
595 986
596 666
596 926
597 664
597 735
597 936
597 954
597 957
597 995
597 1010
598 669
598 733
598 736
598 938
598 945
598 992
599 600
599 662
599 873
599 909
600 604
600 749
600 883
600 893
600 996
601 602
601 618
601 630
601 646
601 797
601 836
601 882
601 931
602 798
602 803
602 805
602 873
602 887
602 943
603 631
603 833
603 848
604 615
604 647
604 714
604 830
604 875
604 1018
605 616
605 687
605 846
605 851
605 856
605 867
605 885
605 937
605 941
605 974
605 1020
606 647
606 660
606 675
606 708
606 936
606 975
606 1002
607 636
607 726
607 729
607 810
607 819
607 872
607 910
607 920
607 982
608 716
608 751
608 883
608 890
608 967
608 976
609 663
609 668
609 806
609 815
609 887
610 650
610 702
610 736
610 767
610 848
610 908
610 996
611 659
611 686
611 727
611 742
611 818
611 834
611 850
611 888
611 990
611 1015
611 1017
612 758
612 765
612 1000
613 637
613 645
613 650
613 703
613 889
613 896
613 916
613 941
614 654
614 720
614 792
614 801
614 810
614 887
614 990
615 741
615 744
615 790
615 796
615 1000
616 697
616 774
616 804
616 950
617 797
617 909
617 931
618 633
618 641
618 703
618 968
619 841
619 847
619 864
619 935
620 694
620 714
620 728
620 844
620 869
620 881
620 955
620 976
620 987
620 1016
621 661
621 813
621 829
621 874
621 888
621 905
621 963
621 970
621 990
622 699
622 705
622 713
622 716
622 800
622 1000
623 985
624 687
624 801
624 803
624 948
624 986
625 683
625 779
625 785
625 850
625 1021
626 658
626 669
626 678
626 714
626 816
626 820
626 832
626 834
626 878
626 896
627 844
627 924
628 676
628 948
629 714
629 722
629 734
629 814
629 829
629 934
630 719
630 747
630 814
631 709
631 744
631 848
631 903
631 911
631 926
631 927
631 976
631 999
632 766
632 772
632 836
632 892
632 915
632 921
633 689
633 704
633 841
633 848
634 657
634 688
634 734
634 754
635 722
635 732
635 795
635 807
635 998
635 1009
636 782
636 786
636 961
637 664
637 683
637 686
637 698
637 912
638 644
638 823
638 888
638 915
638 957
638 1023
639 652
639 783
640 650
640 829
640 876
640 892
640 921
640 1015
641 704
641 789
641 804
641 820
641 826
641 874
641 947
642 697
642 796
642 911
642 935
642 965
643 754
643 851
643 940
644 707
644 731
644 847
645 686
645 712
645 742
645 839
645 936
646 656
646 671
646 750
646 760
646 890
646 954
647 667
647 689
647 754
647 762
647 809
647 843
647 921
647 964
647 969
648 711
648 760
648 832
648 839
649 933
649 973
649 982
649 1021
650 654
650 801
650 832
651 751
651 784
651 819
651 823
651 953
651 977
652 683
652 730
652 765
652 941
653 679
653 728
653 827
653 855
653 885
653 895
653 972
654 714
654 746
654 843
656 683
656 700
656 722
656 824
656 831
656 969
657 676
657 843
657 934
658 800
658 917
658 1000
659 670
659 706
659 780
659 963
660 995
660 1007
661 735
661 744
661 761
661 772
661 812
661 889
661 893
661 976
661 1013
662 713
662 722
662 793
662 799
662 817
662 853
663 665
663 736
663 763
663 897
663 923
664 673
664 906
664 928
665 708
665 821
665 1020
666 694
666 819
666 857
666 942
668 772
668 836
668 938
669 729
669 760
669 767
669 812
669 851
669 853
669 855
669 877
669 978
670 925
670 999
671 704
671 801
671 878
671 915
672 710
672 712
672 717
672 747
672 779
672 855
672 935
673 700
673 718
673 738
673 759
673 992
674 793
674 914
674 915
674 974
675 839
675 889
675 892
676 723
676 763
676 990
677 710
677 908
677 997
678 799
678 896
678 897
678 936
679 746
679 753
679 813
679 875
679 998
679 1009
679 1011
680 771
680 824
680 834
680 849
680 963
680 1002
680 1003
680 1020
681 720
681 764
681 832
681 967
682 806
682 882
682 997
683 765
683 770
683 781
683 794
683 801
683 944
684 833
684 993
684 1022
685 689
685 739
685 757
685 758
685 785
685 831
685 840
685 852
685 929
685 963
686 687
686 827
687 899
687 988
688 776
688 797
688 1001
689 815
689 818
689 858
689 889
689 906
690 727
690 745
690 747
690 798
690 839
690 880
690 940
690 942
691 727
691 811
691 1006
691 1010
692 886
692 983
692 984
693 755
693 802
693 811
693 899
694 791
694 807
694 823
694 867
694 920
695 709
695 748
695 981
696 788
696 848
696 938
696 939
697 794
697 823
697 829
697 837
697 868
697 925
697 935
697 987
698 724
698 770
698 804
698 835
698 946
698 974
698 1005
699 726
699 740
699 747
699 755
699 825
699 852
699 912
699 937
700 875
700 889
700 911
700 944
701 953
701 1006
701 1016
702 870
702 971
703 794
703 956
704 752
704 801
704 898
705 761
705 801
705 834
706 855
706 996
706 1012
707 708
707 721
707 781
707 823
707 830
707 862
707 903
707 973
707 996
708 833
708 854
708 901
708 906
709 713
709 821
709 905
709 916
710 759
710 952
711 794
711 913
711 934
711 954
712 873
712 900
712 936
713 741
713 875
713 937
713 949
713 970
714 821
714 903
714 941
714 942
714 973
715 884
715 1010
716 775
716 800
716 830
716 844
716 889
716 915
717 792
717 961
718 737
718 748
718 858
718 868
718 941
718 1002
719 723
719 724
719 751
719 771
719 809
719 947
719 997
719 1011
720 732
720 805
720 825
720 886
720 909
720 980
720 986
720 1000
721 770
721 796
721 834
722 884
722 903
722 975
722 1000
722 1023
723 858
723 922
723 957
723 973
723 981
724 883
724 889
724 906
724 962
724 1020
725 892
725 921
725 947
725 957
725 985
726 729
726 751
726 834
726 850
726 948
726 961
726 994
727 761
727 827
727 828
727 964
728 821
728 927
728 983
729 732
729 796
729 810
730 744
730 777
730 836
730 953
731 873
731 883
731 946
731 975
731 1003
732 845
733 750
733 785
733 862
734 982
735 775
735 848
735 963
735 964
735 965
736 787
736 942
736 1000
737 973
738 747
738 903
739 747
739 836
739 955
739 972
739 974
740 771
740 811
740 858
740 891
740 974
741 786
741 796
741 817
741 822
741 841
741 843
741 895
741 911
741 987
741 1013
742 899
742 999
743 784
743 785
743 872
743 967
744 769
744 885
744 980
745 866
745 881
745 946
745 977
745 1009
746 873
746 889
746 894
746 914
746 970
746 982
747 759
747 870
747 891
747 954
747 958
748 1005
749 755
749 926
749 929
750 782
750 815
750 830
751 851
751 854
751 1010
752 922
752 987
752 1015
753 843
753 937
753 942
753 971
754 851
754 967
755 807
755 810
755 816
756 990
757 952
757 966
757 1001
758 920
758 942
758 982
758 1022
759 801
759 827
759 866
759 906
759 910
759 1023
760 818
760 856
760 868
760 984
761 801
761 970
761 988
761 993
761 1018
762 771
762 784
762 803
762 903
762 1019
763 830
763 890
764 807
765 937
765 944
765 954
766 825
766 835
766 883
766 898
766 969
767 810
767 824
768 774
768 841
768 870
768 943
768 963
768 964
769 795
770 825
770 848
770 851
770 882
771 779
771 900
771 976
771 1019
772 784
772 973
773 842
773 883
774 930
774 989
774 1023
775 783
775 788
775 798
775 864
775 888
775 892
776 846
776 921
776 990
777 964
778 869
778 902
778 997
779 872
780 817
780 888
780 999
781 865
781 892
781 902
781 906
781 950
782 820
782 885
782 892
782 924
782 933
782 938
782 1008
783 813
783 969
784 846
784 865
784 969
784 1020
785 808
785 809
785 868
785 869
785 904
785 974
786 856
786 896
786 982
786 1005
787 801
787 917
787 931
788 796
788 840
788 970
789 898
790 847
790 920
790 921
790 1013
791 810
791 1013
792 883
792 900
792 997
794 798
794 816
794 893
794 977
794 1005
794 1006
795 993
795 1004
796 849
796 868
796 883
796 888
796 890
796 949
796 982
797 905
797 907
798 803
798 807
798 864
798 873
798 885
798 916
798 972
798 1023
799 862
799 1015
800 827
800 999
801 879
801 900
801 1023
802 866
802 984
803 879
803 957
804 863
804 996
805 877
805 896
805 907
805 910
805 1009
805 1018
805 1021
806 813
806 886
806 940
806 1007
807 858
807 880
807 994
808 866
808 976
808 988
810 916
810 935
810 973
811 882
811 939
811 978
811 1007
812 817
812 990
813 855
813 1009
814 823
814 839
814 955
814 979
814 1007
815 925
815 934
816 823
817 905
818 858
818 972
819 831
819 982
820 864
820 918
820 963
821 874
821 879
822 888
822 1007
823 987
823 1001
824 961
827 848
827 895
827 941
827 943
827 964
827 994
828 830
828 935
828 997
828 1022
829 876
830 846
830 887
831 875
831 878
831 939
831 1019
832 901
832 950
833 854
833 920
833 925
834 838
834 874
834 992
834 1020
835 836
835 853
836 897
836 959
836 1004
837 958
837 1013
838 855
838 890
838 936
839 890
839 891
839 932
839 995
840 957
841 907
841 919
841 953
842 921
842 945
842 961
842 1009
842 1011
844 922
844 978
844 996
845 960
845 1008
846 893
846 897
847 854
848 886
848 899
848 987
848 1004
849 902
849 964
849 1006
850 865
850 873
850 933
850 988
852 862
852 961
852 975
852 1015
853 894
853 957
853 999
854 856
854 892
854 1001
855 992
855 1023
856 859
856 870
856 887
856 937
856 958
856 975
857 892
858 877
858 956
858 992
859 922
859 1005
860 970
861 938
861 990
862 925
862 958
863 874
863 929
864 942
864 1004
865 868
865 904
865 919
866 886
866 926
867 876
867 979
868 931
869 887
869 923
869 962
870 933
870 937
870 1000
871 876
871 919
871 929
871 988
872 909
872 942
872 953
872 994
872 1006
873 966
874 880
874 894
874 912
875 881
875 926
876 887
876 906
876 951
878 918
878 1005
879 947
880 919
880 988
881 939
881 950
882 963
883 998
884 887
884 916
885 946
885 950
885 965
887 915
887 1008
887 1011
888 890
888 922
888 940
889 915
889 930
889 934
889 985
889 999
889 1011
890 961
890 1016
891 1004
891 1016
892 1001
893 926
893 952
893 1010
895 959
896 935
897 1019
900 984
901 911
901 1017
902 984
904 951
905 910
905 918
905 929
905 957
906 959
906 966
908 977
909 920
909 994
911 1018
912 967
912 1015
913 922
913 997
914 1006
915 950
915 973
915 1012
916 929
917 979
917 985
917 1007
918 919
919 929
919 978
920 959
920 1012
921 990
921 1001
922 939
922 949
923 1002
924 939
925 960
925 981
926 992
926 1006
928 965
928 985
928 997
929 1007
930 1000
931 945
932 941
932 955
932 972
932 979
933 956
934 942
934 965
935 1008
937 1020
938 966
940 988
941 992
941 998
942 983
942 1006
945 1023
950 997
951 956
951 963
951 980
951 995
953 996
954 1003
955 1011
958 977
958 1009
959 1012
962 986
962 1016
962 1023
963 965
965 1007
966 976
967 980
968 1004
968 1006
970 1018
973 984
973 1019
976 1008
979 985
983 1000
984 1023
986 1015
988 1001
992 1004
1000 1007
1003 1018
1006 1008
1014 1016
