0 1
0 21
0 24
0 110
0 240
0 284
0 337
0 342
0 361
0 367
0 389
0 393
0 406
0 447
0 454
0 477
0 481
1 67
1 116
1 121
1 128
1 166
1 225
1 336
1 372
1 376
1 381
1 401
1 417
1 436
1 464
1 468
1 489
1 499
1 505
2 7
2 42
2 46
2 198
2 247
2 256
2 269
2 301
2 319
2 325
2 339
2 350
2 394
3 7
3 31
3 57
3 68
3 72
3 123
3 134
3 202
3 342
3 362
3 388
3 409
3 431
3 466
4 38
4 57
4 60
4 62
4 128
4 174
4 222
4 311
4 317
4 327
4 341
4 382
4 389
4 401
4 437
4 461
5 33
5 53
5 72
5 73
5 75
5 81
5 90
5 115
5 180
5 246
5 247
5 287
5 306
5 406
5 434
5 458
6 21
6 191
6 200
6 202
6 224
6 273
6 313
6 352
6 383
6 394
6 419
6 481
6 504
6 506
7 15
7 48
7 75
7 98
7 154
7 162
7 178
7 213
7 231
7 297
7 339
7 374
7 411
7 413
8 15
8 37
8 60
8 64
8 65
8 121
8 135
8 154
8 254
8 281
8 285
8 340
8 362
8 471
8 497
9 18
9 58
9 63
9 116
9 160
9 167
9 189
9 239
9 251
9 281
9 307
9 427
9 453
9 481
9 494
10 45
10 62
10 79
10 90
10 103
10 132
10 148
10 184
10 194
10 210
10 258
10 280
10 360
10 378
10 450
10 481
10 492
11 52
11 60
11 103
11 122
11 243
11 312
11 500
12 16
12 26
12 31
12 102
12 109
12 117
12 130
12 137
12 152
12 160
12 166
12 167
12 179
12 209
12 222
12 287
12 304
12 322
12 362
12 411
12 434
12 438
12 463
13 96
13 98
13 107
13 122
13 327
13 346
13 355
13 367
13 454
13 458
14 18
14 183
14 244
14 372
14 375
14 493
14 496
15 30
15 84
15 99
15 143
15 158
15 170
15 206
15 236
15 250
15 260
15 315
15 338
15 363
15 441
15 442
16 31
16 74
16 76
16 153
16 177
16 187
16 190
16 294
16 307
16 336
16 379
16 444
16 511
17 46
17 49
17 75
17 86
17 97
17 104
17 202
17 292
17 382
17 392
17 421
17 439
17 468
17 501
17 508
17 510
18 60
18 66
18 82
18 107
18 142
18 166
18 209
18 219
18 262
18 270
18 276
18 328
18 332
18 340
18 359
18 387
18 392
18 449
18 470
19 20
19 42
19 60
19 121
19 192
19 255
19 317
19 373
19 375
19 382
19 400
20 22
20 53
20 69
20 163
20 175
20 205
20 234
20 237
20 264
20 309
20 369
20 397
20 420
20 426
20 428
20 469
20 485
21 31
21 134
21 141
21 152
21 154
21 203
21 204
21 220
21 241
21 272
21 367
21 441
21 476
21 492
22 113
22 117
22 154
22 195
22 273
22 350
22 355
22 370
22 433
22 439
22 441
22 454
22 475
22 485
22 503
23 33
23 35
23 36
23 83
23 94
23 142
23 165
23 219
23 230
23 282
23 300
23 305
23 359
23 380
23 400
23 404
23 440
24 83
24 169
24 187
24 204
24 221
24 244
24 281
24 348
24 384
24 389
24 428
24 444
24 495
24 506
25 34
25 90
25 117
25 189
25 222
25 255
25 257
25 281
25 292
25 313
25 391
25 416
25 470
25 474
25 507
26 120
26 150
26 186
26 226
26 236
26 261
26 271
26 299
26 346
26 361
26 446
26 461
26 475
27 40
27 156
27 291
27 294
27 327
27 336
27 392
27 456
27 472
27 481
28 49
28 85
28 107
28 111
28 113
28 118
28 224
28 315
28 366
28 375
28 420
28 425
28 446
28 477
29 92
29 107
29 147
29 166
29 193
29 197
29 234
29 258
29 270
29 273
29 276
29 279
29 292
29 301
29 363
29 376
29 394
29 405
29 414
29 463
29 466
30 68
30 95
30 117
30 163
30 270
30 333
30 447
30 478
31 32
31 62
31 94
31 124
31 148
31 181
31 244
31 288
31 315
31 355
31 380
31 396
31 481
31 484
32 65
32 90
32 111
32 113
32 141
32 145
32 152
32 165
32 238
32 294
32 357
32 461
32 510
33 70
33 95
33 115
33 171
33 197
33 268
33 276
33 331
33 342
33 418
33 439
33 511
34 45
34 63
34 98
34 118
34 156
34 164
34 196
34 207
34 223
34 248
34 307
34 321
34 422
35 110
35 144
35 160
35 162
35 181
35 192
35 204
35 222
35 262
35 347
35 467
35 482
36 43
36 67
36 68
36 73
36 106
36 136
36 183
36 294
36 306
36 343
36 459
37 219
37 233
37 263
37 274
37 285
37 296
37 298
37 318
37 325
37 459
37 460
37 475
37 489
37 510
38 71
38 80
38 110
38 202
38 268
38 285
38 312
38 318
38 343
38 367
38 421
38 436
38 472
38 475
38 501
39 97
39 153
39 212
39 220
39 276
39 312
39 336
39 342
39 351
39 427
39 433
39 458
39 466
39 473
40 82
40 93
40 112
40 188
40 212
40 217
40 241
40 267
40 297
40 343
40 400
41 101
41 144
41 168
41 189
41 235
41 289
41 315
41 482
41 492
41 502
42 88
42 117
42 118
42 185
42 217
42 269
42 289
42 319
42 357
42 444
42 459
42 478
43 54
43 62
43 144
43 227
43 319
43 327
43 434
43 446
43 466
43 482
43 489
44 47
44 99
44 117
44 206
44 208
44 216
44 257
44 270
44 300
44 318
44 325
44 384
44 411
44 421
44 449
45 55
45 63
45 135
45 140
45 147
45 157
45 166
45 193
45 214
45 241
45 253
45 270
45 324
45 349
45 389
45 472
45 485
45 500
46 63
46 64
46 85
46 96
46 102
46 119
46 192
46 196
46 198
46 217
46 315
46 329
46 372
46 428
46 438
46 467
46 492
46 507
47 93
47 111
47 160
47 199
47 243
47 302
47 308
47 316
47 352
47 444
47 448
47 459
47 468
47 475
47 486
48 72
48 77
48 191
48 261
48 293
48 343
48 436
48 495
49 72
49 140
49 151
49 164
49 201
49 204
49 246
49 267
49 313
49 341
49 382
49 415
49 431
50 100
50 173
50 214
50 255
50 276
50 343
50 371
50 376
50 379
50 400
51 103
51 106
51 201
51 268
51 280
51 298
51 374
51 376
51 389
51 397
51 423
51 479
51 489
51 490
52 58
52 68
52 106
52 111
52 113
52 140
52 147
52 168
52 185
52 242
52 269
52 284
52 307
52 313
52 328
52 347
52 359
52 497
53 108
53 119
53 176
53 188
53 240
53 286
53 301
53 310
53 434
53 462
54 56
54 96
54 120
54 140
54 254
54 303
54 317
54 357
54 374
54 490
54 494
55 88
55 146
55 153
55 178
55 199
55 239
55 279
55 327
55 329
55 377
55 418
55 460
55 504
56 104
56 129
56 267
56 309
56 314
56 316
56 400
57 78
57 90
57 96
57 141
57 178
57 192
57 194
57 222
57 236
57 317
57 325
57 390
57 408
57 444
57 483
57 511
58 164
58 182
58 238
58 275
58 287
58 332
58 352
58 371
58 381
58 383
58 421
58 485
59 69
59 83
59 121
59 178
59 287
59 336
59 403
59 437
59 506
60 71
60 156
60 232
60 264
60 391
60 392
60 460
60 473
61 96
61 99
61 131
61 142
61 161
61 166
61 206
61 218
61 233
61 290
61 331
61 350
61 457
61 476
62 120
62 132
62 138
62 183
62 246
62 254
62 311
62 324
62 337
62 398
62 422
62 476
62 477
62 485
63 76
63 102
63 203
63 204
63 270
63 272
63 288
63 296
63 367
63 387
63 430
63 439
63 461
63 494
63 498
63 504
64 124
64 155
64 163
64 224
64 230
64 281
64 291
64 292
64 296
64 324
64 430
64 442
65 73
65 152
65 189
65 202
65 279
65 369
65 400
65 419
65 468
66 79
66 93
66 112
66 251
66 315
66 323
66 354
66 447
66 462
66 486
66 494
66 510
67 69
67 203
67 213
67 250
67 257
67 315
67 350
67 480
67 508
68 132
68 248
68 320
68 321
68 336
68 347
68 405
68 430
68 450
68 472
69 77
69 107
69 116
69 279
69 334
69 375
69 384
69 422
69 430
69 459
69 461
69 463
70 74
70 107
70 146
70 226
70 232
70 240
70 244
70 285
70 298
70 310
70 380
70 385
70 429
70 438
70 454
70 463
71 90
71 110
71 197
71 291
71 313
71 366
71 389
71 482
71 492
72 95
72 207
72 224
72 274
72 318
72 356
72 440
72 448
72 500
73 91
73 99
73 122
73 204
73 278
73 312
73 411
74 82
74 198
74 229
74 293
74 323
74 367
74 369
75 124
75 146
75 200
75 269
75 318
75 332
75 355
75 379
75 425
76 88
76 104
76 173
76 185
76 203
76 221
76 225
76 268
76 325
76 359
76 366
76 392
76 406
76 419
76 441
76 454
76 462
76 493
76 497
77 78
77 210
77 230
77 303
77 308
77 311
77 405
77 415
77 463
77 487
78 86
78 124
78 168
78 173
78 174
78 205
78 222
78 272
78 328
78 337
78 362
78 365
78 458
79 120
79 142
79 188
79 201
79 327
79 361
79 408
79 431
80 140
80 165
80 318
80 334
80 359
80 418
80 423
80 434
80 444
81 208
81 230
81 246
81 270
81 282
81 303
81 307
81 419
81 456
81 504
82 97
82 253
82 256
82 308
82 342
82 380
83 190
83 259
83 306
83 309
83 365
83 438
83 501
83 502
84 97
84 142
84 163
84 168
84 227
84 251
84 326
84 343
84 359
84 454
84 460
85 142
85 169
85 270
85 349
85 392
86 181
86 216
86 227
86 240
86 299
86 400
86 413
86 416
86 436
86 450
87 91
87 93
87 116
87 239
87 260
87 291
87 305
87 312
87 375
87 416
87 420
88 102
88 138
88 154
88 174
88 216
88 229
88 296
88 349
88 410
88 454
88 486
88 494
88 497
88 506
89 99
89 128
89 132
89 149
89 171
89 236
89 270
89 308
89 328
89 336
89 345
89 418
89 438
90 114
90 132
90 239
90 333
90 352
90 353
90 357
90 424
90 499
91 122
91 141
91 144
91 178
91 246
91 263
91 293
91 315
91 347
91 348
91 447
92 106
92 152
92 174
92 219
92 257
92 283
92 309
92 317
92 340
92 354
92 374
92 398
92 408
92 498
93 110
93 152
93 261
93 318
93 401
93 447
93 475
93 496
94 247
94 252
94 291
94 322
94 337
94 355
94 395
94 420
94 452
94 475
94 481
94 482
95 102
95 113
95 125
95 165
95 171
95 191
95 193
95 194
95 231
95 299
95 315
95 326
95 356
95 416
95 417
96 145
96 180
96 213
96 251
96 264
96 292
96 296
96 302
96 313
96 389
96 450
96 460
96 463
97 143
97 153
97 196
97 261
97 291
97 303
97 422
97 450
98 154
98 157
98 187
98 214
98 233
98 315
98 344
98 346
98 358
98 386
98 414
98 450
98 452
98 488
99 122
99 147
99 263
99 278
99 321
99 352
99 395
99 432
100 133
100 148
100 195
100 209
100 220
100 221
100 230
100 253
100 266
100 293
100 414
100 444
100 473
100 484
101 132
101 148
101 208
101 219
101 251
101 295
101 313
101 337
101 444
101 475
102 137
102 139
102 170
102 275
102 296
102 297
102 334
102 458
102 474
102 500
103 147
103 174
103 227
103 242
103 264
103 280
103 356
103 417
103 443
103 456
103 479
103 481
103 497
103 499
104 153
104 218
104 242
104 335
104 366
104 371
104 416
105 150
105 159
105 217
105 231
105 316
105 400
105 452
105 485
106 129
106 144
106 178
106 223
106 257
106 338
106 341
106 344
106 373
106 377
106 408
107 122
107 146
107 186
107 211
107 219
107 277
107 281
107 283
107 302
107 488
108 145
108 165
108 175
108 261
108 288
108 345
108 359
108 403
108 412
109 121
109 161
109 178
109 194
109 215
109 344
109 378
109 504
109 509
110 118
110 151
110 213
110 222
110 303
110 313
110 343
110 381
110 497
111 150
111 163
111 203
111 222
111 261
111 277
111 292
111 334
111 368
111 408
111 502
111 505
111 506
112 138
112 189
112 249
112 283
112 285
112 290
112 299
112 305
112 333
112 338
112 356
112 360
112 448
112 458
112 462
112 503
113 205
113 219
113 223
113 235
113 257
113 270
113 296
113 314
113 358
113 369
113 378
113 455
113 501
113 508
114 119
114 230
114 232
114 260
114 291
114 292
114 323
114 332
114 351
114 361
114 401
114 426
114 466
115 122
115 147
115 163
115 165
115 255
115 342
115 367
115 371
115 374
115 384
115 425
115 439
115 451
115 470
115 476
115 496
115 503
116 138
116 158
116 192
116 216
116 275
116 276
116 320
116 322
116 450
117 135
117 200
117 240
117 290
117 495
117 508
118 216
118 286
118 292
118 351
118 460
118 500
118 508
119 128
119 129
119 152
119 156
119 181
119 203
119 222
119 227
119 250
119 253
119 291
119 307
119 387
119 393
119 394
119 441
119 450
119 460
119 471
120 261
120 315
120 441
120 460
120 500
121 156
121 166
121 175
121 202
121 209
121 215
121 256
121 267
121 279
121 297
121 384
121 387
122 132
122 143
122 171
122 173
122 209
122 297
122 357
122 365
123 191
123 226
123 283
123 342
123 347
123 369
123 426
123 434
123 442
123 449
123 462
123 469
123 511
124 138
124 205
124 332
124 378
124 387
124 391
124 405
124 426
124 481
124 504
125 166
125 229
125 241
125 286
125 297
125 334
125 363
125 446
125 467
126 205
126 209
126 226
126 332
126 359
126 373
126 491
127 143
127 281
127 305
127 326
127 342
127 357
127 370
127 403
127 413
127 418
127 452
127 463
127 476
127 507
127 508
127 510
128 197
128 240
128 246
128 318
128 378
128 401
128 417
128 425
128 466
128 478
128 502
129 169
129 180
129 230
129 246
129 248
129 253
129 295
129 322
129 339
129 365
129 370
129 491
129 511
130 189
130 198
130 209
130 249
130 251
130 276
130 281
130 311
130 409
130 431
130 468
130 500
130 511
131 146
131 164
131 187
131 188
131 228
131 236
131 251
131 262
131 278
131 346
131 350
131 365
131 389
131 503
132 185
132 234
132 285
132 306
132 378
132 391
132 444
132 459
132 473
133 159
133 180
133 203
133 205
133 206
133 243
133 244
133 256
133 274
133 279
133 337
133 345
133 382
133 426
133 449
133 484
133 493
134 240
134 263
134 276
134 304
134 311
134 366
134 369
134 471
134 502
135 173
135 204
135 216
135 292
135 305
135 306
135 342
135 440
135 465
135 466
135 496
136 167
136 173
136 197
136 203
136 241
136 244
136 246
136 248
136 251
136 315
136 389
136 445
136 503
136 510
137 169
137 268
137 289
137 301
137 416
137 419
137 439
137 464
138 154
138 191
138 207
138 214
138 290
138 341
138 382
138 417
138 420
138 428
138 448
138 450
139 141
139 146
139 174
139 181
139 183
139 203
139 223
139 254
139 286
139 322
139 432
139 448
139 482
140 145
140 223
140 281
140 284
140 347
140 431
140 462
141 169
141 261
141 318
141 416
141 439
141 464
141 472
142 155
142 173
142 207
142 249
142 276
142 310
142 311
142 330
142 360
142 389
142 412
142 431
143 201
143 270
143 283
143 293
143 295
143 305
143 361
144 163
144 171
144 248
144 251
144 268
144 308
144 311
144 317
144 364
144 391
144 395
144 414
145 177
145 344
145 355
145 373
145 411
145 426
145 436
145 455
145 459
145 487
146 153
146 202
146 264
146 289
146 318
146 320
146 414
146 415
146 439
147 169
147 189
147 211
147 285
147 309
147 311
147 316
147 332
147 395
147 417
147 419
147 479
147 501
148 157
148 228
148 236
148 292
148 393
148 430
148 439
148 450
148 463
149 169
149 170
149 211
149 215
149 217
149 235
149 239
149 241
149 314
149 322
149 371
149 510
150 151
150 318
151 164
151 215
151 247
151 249
151 286
151 304
151 309
151 367
151 383
151 392
151 411
151 438
151 470
151 490
152 180
152 244
152 277
152 282
152 345
152 351
152 353
152 385
152 406
152 461
152 469
153 182
153 216
153 247
153 262
153 294
153 359
153 388
153 391
153 423
153 427
153 507
154 157
154 202
154 229
154 261
154 269
154 334
154 353
154 371
155 216
155 224
155 256
155 270
155 279
155 294
155 354
155 390
155 407
155 436
156 191
156 200
156 227
156 241
156 305
156 399
156 413
156 466
156 472
156 490
157 178
157 195
157 242
157 279
157 288
157 335
157 379
157 423
157 426
157 439
158 185
158 205
158 246
158 296
158 303
158 410
158 435
158 452
158 455
158 482
158 505
159 214
159 259
159 261
159 289
159 324
159 333
159 339
159 446
159 495
159 503
160 162
160 248
160 249
160 361
160 416
160 441
160 454
160 487
160 503
161 219
161 281
161 297
161 361
161 366
161 416
161 418
161 421
161 432
162 219
162 279
162 343
162 378
162 388
162 397
162 429
162 430
162 431
162 458
162 476
162 485
163 213
163 224
163 225
163 273
163 278
163 289
163 296
163 316
163 319
163 330
163 363
163 406
163 426
164 198
164 255
164 271
164 387
164 407
164 410
164 433
164 469
164 483
165 171
165 227
165 245
165 289
165 328
165 334
165 355
165 414
165 435
165 477
165 492
166 172
166 180
166 257
166 341
166 344
166 381
166 407
166 408
166 497
166 503
167 173
167 192
167 259
167 281
167 287
167 333
167 337
167 395
167 421
167 470
168 234
168 237
168 331
168 416
168 425
168 432
168 444
168 448
168 485
168 502
169 171
169 240
169 280
169 285
169 352
169 359
169 417
169 427
169 456
169 476
169 488
170 203
170 241
170 375
170 381
170 415
170 492
170 503
171 209
171 219
171 258
171 278
171 281
171 306
171 311
171 323
171 375
171 387
171 425
171 451
171 454
171 479
171 492
171 494
171 509
172 247
172 263
172 276
172 299
172 486
173 178
173 206
173 214
173 261
173 323
173 326
173 373
173 425
173 434
173 457
173 468
173 476
174 175
174 188
174 196
174 203
174 223
174 241
174 279
174 361
174 392
175 194
175 199
175 318
175 334
175 336
175 428
175 440
176 183
176 219
176 285
176 348
176 391
176 450
176 464
176 480
176 494
177 192
177 233
177 239
177 243
177 291
177 313
177 323
177 355
177 383
177 432
177 461
178 234
178 237
178 280
178 307
178 313
178 319
178 323
178 394
178 487
179 189
179 226
179 288
179 306
179 335
179 338
179 364
179 450
179 463
179 504
180 181
180 194
180 233
180 255
180 274
180 291
180 293
180 320
180 335
180 405
180 473
180 496
181 217
181 233
181 296
181 326
181 351
181 356
181 357
181 366
181 486
182 218
182 289
182 314
182 337
182 386
182 395
182 437
183 246
183 258
183 264
183 330
183 336
183 378
183 384
183 387
183 462
183 478
183 481
183 483
183 490
183 502
184 192
184 276
184 343
185 194
185 198
185 253
185 256
185 416
185 453
185 473
185 476
185 506
186 283
186 351
186 385
186 426
186 442
186 477
186 495
187 219
187 228
187 284
187 288
187 349
187 353
187 361
187 376
187 421
187 437
187 438
187 473
187 501
188 207
188 209
188 228
188 277
188 289
188 294
188 306
188 394
188 410
188 449
189 215
189 252
189 336
189 341
189 348
189 460
189 503
190 222
190 255
190 273
190 387
190 389
190 436
190 461
191 213
191 270
191 332
191 372
191 393
191 448
191 452
191 486
191 502
192 204
192 279
192 311
192 314
192 322
192 445
192 495
193 194
193 198
193 244
193 253
193 262
193 291
193 304
193 318
193 374
193 376
193 408
193 429
194 217
194 240
194 247
194 250
194 348
194 354
194 422
194 495
194 496
195 219
195 228
195 244
195 284
195 288
195 325
195 364
195 404
196 234
196 272
196 276
196 309
196 330
196 430
196 449
196 458
197 201
197 205
197 211
197 273
197 274
197 317
197 336
197 373
197 455
197 460
197 495
198 202
198 279
198 303
198 320
198 337
198 345
198 349
198 434
198 462
198 482
198 495
198 500
199 225
199 243
199 246
199 260
199 319
199 359
199 388
199 478
200 215
200 232
200 251
200 263
200 322
200 343
200 372
200 403
200 409
200 414
200 418
200 432
200 441
200 465
200 500
200 511
201 202
201 209
201 254
201 282
201 308
201 361
201 419
202 209
202 219
202 242
202 264
202 326
202 345
202 393
202 419
202 469
202 484
202 490
203 283
203 314
203 370
203 406
203 407
203 428
203 469
204 249
204 376
204 377
204 391
204 414
204 489
204 506
205 249
205 323
205 335
205 350
205 391
205 427
205 491
205 500
206 210
206 326
206 366
206 368
206 387
206 421
206 429
207 226
207 227
207 229
207 271
207 272
207 326
207 372
207 394
207 487
208 236
208 252
208 345
208 402
208 417
208 484
209 310
209 390
209 395
210 306
210 365
210 480
210 481
210 511
211 268
211 286
211 307
211 335
211 370
211 418
211 477
212 271
212 272
212 284
212 301
212 325
212 333
212 341
212 347
212 358
212 365
212 374
212 379
212 431
212 452
212 463
213 242
213 243
213 325
213 328
213 352
213 394
213 428
213 450
213 467
214 215
214 259
214 265
214 361
214 380
214 386
214 408
214 412
214 431
214 478
214 493
215 236
215 243
215 275
215 372
215 397
215 406
216 229
216 257
216 264
216 275
216 276
216 285
216 341
216 373
216 376
216 385
216 457
216 459
216 461
216 477
217 239
217 267
217 308
217 331
217 346
218 371
218 373
218 443
219 340
219 357
219 374
219 379
219 474
219 501
220 259
220 305
220 320
220 321
220 368
220 425
220 456
221 244
221 300
221 389
222 263
222 275
222 281
222 285
222 328
222 360
222 370
222 397
222 488
223 235
223 291
223 331
223 360
223 471
223 480
223 481
224 274
224 290
224 315
224 317
224 426
224 466
225 327
225 408
226 229
226 242
226 246
226 277
226 330
226 342
226 348
226 353
226 395
226 416
226 424
226 503
226 506
227 228
227 264
227 273
227 295
227 308
227 485
227 506
228 339
228 348
228 359
228 395
228 475
228 491
229 249
229 261
229 278
229 284
229 349
229 370
229 382
229 408
229 484
229 485
230 279
230 347
230 350
230 368
230 414
231 260
231 283
231 295
231 341
231 362
231 369
231 407
231 424
231 431
231 463
231 488
231 497
232 245
232 281
232 311
232 326
232 329
232 436
232 441
232 442
232 509
233 292
233 451
233 470
234 245
234 249
234 294
234 304
234 346
234 372
234 504
235 285
235 350
235 437
235 485
236 244
236 321
236 338
236 381
236 452
236 471
237 273
237 355
237 396
237 407
237 447
237 458
237 505
238 277
238 293
238 344
238 363
238 368
238 383
238 397
238 404
238 418
238 428
238 468
238 472
238 476
239 329
239 334
239 366
239 400
239 448
239 467
240 385
240 468
241 255
241 264
241 348
241 367
241 410
241 439
241 470
241 477
241 479
242 244
242 257
242 264
242 277
242 286
242 304
242 315
242 321
242 351
243 341
243 402
243 425
243 461
243 511
244 308
244 334
244 384
244 398
244 415
244 438
244 446
245 263
245 371
245 474
246 293
246 311
246 323
246 370
246 477
246 484
247 252
247 257
247 283
247 336
247 380
247 408
247 434
247 471
248 280
248 332
248 373
248 407
248 411
248 421
248 451
248 501
249 359
249 366
249 417
249 422
249 500
250 281
250 336
250 412
250 420
250 442
250 489
250 490
250 502
251 255
251 439
251 446
252 315
252 318
252 325
252 390
252 412
252 484
253 264
253 299
253 331
253 367
253 385
253 410
253 475
254 278
254 303
254 421
254 438
254 451
254 488
254 498
255 375
255 388
255 414
255 426
255 450
255 469
255 482
255 492
256 284
256 286
256 304
256 308
256 333
256 346
256 435
256 477
256 508
257 313
257 317
257 374
257 414
257 448
257 454
257 488
257 505
258 305
258 331
258 339
258 346
258 474
258 476
258 478
258 479
258 494
258 499
258 500
259 294
259 296
259 306
259 335
259 388
259 396
259 450
259 456
260 281
260 288
260 299
260 383
260 419
260 502
261 304
261 350
261 371
261 384
261 407
261 419
262 293
262 299
262 476
262 501
263 283
263 287
263 296
263 334
263 341
263 445
263 480
263 499
263 503
264 266
264 343
264 457
264 471
264 487
264 502
265 289
265 301
265 337
265 339
265 383
265 399
265 428
265 433
265 439
265 456
265 473
265 479
265 505
266 269
266 309
266 334
266 347
266 360
266 414
267 273
267 303
267 332
267 353
267 360
267 412
268 286
268 294
268 320
269 302
269 321
269 409
269 484
270 298
270 309
270 321
270 335
270 377
270 431
270 457
271 341
271 374
271 446
272 286
272 313
272 314
272 317
272 320
272 429
272 470
272 493
272 509
273 308
273 329
273 420
273 451
274 335
274 373
274 449
274 459
274 511
275 278
275 289
275 299
275 330
275 345
275 370
275 419
275 420
275 428
275 438
275 458
275 470
275 485
276 279
276 285
276 337
276 376
276 406
277 342
277 386
277 468
277 487
278 311
278 312
278 344
278 365
278 375
278 383
278 407
278 435
279 439
279 474
279 483
280 303
280 313
280 319
280 348
280 370
280 387
280 469
281 295
281 312
281 367
281 432
281 436
281 458
281 460
281 473
282 284
282 287
282 327
282 336
282 355
282 381
282 397
282 424
282 505
283 303
283 413
283 415
283 469
283 477
283 492
283 501
284 368
284 388
284 451
285 339
285 399
285 405
285 425
285 446
286 314
286 315
286 434
286 459
286 488
286 508
287 352
287 484
287 504
287 510
288 330
288 344
288 366
288 391
288 459
288 461
288 499
288 505
289 308
289 309
289 417
289 465
289 466
289 477
290 293
290 339
290 361
290 372
290 408
290 437
290 493
290 505
291 304
291 339
291 361
291 366
291 367
291 380
291 382
292 312
292 329
292 330
292 344
292 361
292 395
292 441
292 456
292 498
293 365
293 381
293 410
293 444
293 445
293 453
293 457
293 497
294 366
294 396
294 458
295 341
295 351
295 415
295 418
295 423
295 432
295 458
296 305
296 316
296 457
296 466
296 478
297 317
297 322
297 336
297 346
297 359
297 433
297 448
297 471
297 506
298 323
298 326
298 345
298 360
298 417
298 475
299 302
300 372
300 453
300 501
301 368
301 390
302 310
302 313
302 411
302 501
303 305
303 311
303 329
303 404
303 415
303 425
303 430
303 444
303 450
303 497
304 350
304 372
304 381
304 415
304 426
304 483
305 306
305 312
305 317
305 399
305 402
305 404
305 416
305 439
305 448
305 452
305 498
305 500
306 325
306 370
306 412
307 342
307 350
307 406
307 419
307 460
307 473
307 482
308 314
308 319
308 322
308 381
308 395
308 399
308 456
308 466
308 499
309 329
309 368
309 449
309 454
309 488
309 501
310 312
310 376
310 469
310 497
311 315
311 385
311 404
311 420
311 434
311 444
311 464
311 492
311 503
312 426
312 490
312 507
313 346
313 375
313 478
313 494
313 496
313 499
314 341
314 345
314 428
314 429
314 437
314 493
314 500
315 378
315 409
315 421
315 442
315 449
315 492
316 328
316 364
316 387
316 393
316 397
316 426
316 463
316 480
317 347
317 355
317 367
317 379
317 380
317 392
318 348
318 359
318 366
319 322
319 448
319 484
320 331
320 345
320 352
320 353
320 354
320 358
320 376
320 506
321 331
321 382
321 438
321 482
321 491
322 338
322 464
322 472
322 485
323 325
323 331
323 414
323 457
324 375
324 394
324 411
325 348
325 355
325 378
325 430
325 441
326 344
327 359
327 377
327 385
327 418
327 438
327 440
327 449
327 473
327 494
328 384
328 424
328 503
329 367
329 380
329 400
329 415
329 433
329 455
329 497
329 503
330 368
330 373
330 379
330 382
330 399
331 361
331 429
331 456
331 497
332 355
332 417
332 421
332 428
332 509
333 347
333 365
333 367
333 436
333 497
333 507
334 385
334 392
334 394
334 458
334 478
334 482
334 492
334 505
335 360
335 398
335 407
335 426
335 457
336 382
336 385
336 415
336 434
336 457
336 496
337 374
337 463
337 486
337 501
338 359
338 390
338 448
339 341
339 445
339 469
339 481
340 349
340 404
340 491
340 504
341 408
341 416
341 481
342 348
342 362
342 490
342 499
342 507
343 367
343 437
343 447
343 502
344 380
344 411
344 418
344 479
344 497
345 462
345 475
346 350
346 363
346 441
346 507
347 357
347 389
347 392
347 406
347 417
347 484
348 369
348 392
348 420
348 441
348 443
348 445
348 465
348 487
349 442
349 450
349 460
349 493
349 503
349 506
350 351
350 400
350 409
350 421
350 439
350 497
351 394
351 399
351 423
351 437
351 478
353 361
353 421
353 424
353 445
353 453
353 467
353 493
353 498
354 379
354 388
354 404
354 481
354 504
354 507
355 397
355 436
355 469
355 470
355 498
356 364
356 395
356 399
356 411
356 418
357 364
357 366
357 405
357 451
357 453
357 460
357 485
358 407
358 409
358 443
358 464
358 465
358 499
359 438
359 508
360 371
360 409
360 423
360 440
360 441
360 470
360 480
360 495
361 373
361 418
361 427
361 428
361 448
361 449
361 495
361 497
361 501
362 473
362 480
363 400
363 405
363 436
363 438
363 443
363 504
364 365
364 464
364 470
364 487
364 501
364 506
365 429
365 456
365 463
365 474
366 420
366 430
366 458
366 493
367 371
367 385
367 403
367 468
367 481
367 482
368 383
368 412
368 421
368 425
368 457
368 479
368 484
368 486
369 394
369 398
369 415
369 447
369 456
369 464
369 493
370 408
370 415
370 460
370 495
370 504
371 423
371 446
372 433
372 452
372 480
373 388
373 390
373 402
373 413
373 415
373 486
374 405
374 446
374 459
374 468
375 403
376 420
376 450
376 467
376 480
376 496
376 510
377 466
377 492
378 400
378 415
378 428
378 443
378 451
379 384
379 501
380 484
381 397
381 428
381 448
381 497
382 400
382 409
382 422
382 442
383 385
383 404
383 440
384 428
384 439
384 444
384 446
384 456
384 460
385 418
386 398
386 402
386 403
386 441
386 467
386 471
386 474
386 484
386 497
387 485
387 492
388 406
388 433
388 502
388 508
389 395
389 440
389 461
389 477
389 488
390 396
390 422
390 495
391 397
391 476
391 486
391 488
392 398
392 421
392 422
392 425
392 432
393 414
393 508
394 400
394 477
395 419
395 446
395 473
395 477
395 501
396 435
396 449
396 467
397 432
397 435
397 506
397 509
398 419
398 438
399 418
399 452
399 476
399 488
399 490
400 460
400 462
400 493
400 500
401 411
401 418
401 459
401 464
401 482
402 404
402 457
402 467
402 471
402 511
403 496
404 434
404 490
405 437
405 480
406 453
407 422
408 437
408 466
409 420
410 429
410 432
410 511
411 414
411 415
411 443
411 473
411 503
412 435
412 478
412 480
413 421
413 423
413 497
414 425
414 493
415 429
415 442
415 479
415 490
415 506
415 508
416 418
416 436
416 460
416 495
418 489
418 506
418 509
418 511
419 426
419 439
419 494
419 503
420 439
420 467
420 499
421 487
421 495
421 496
421 507
422 460
422 510
423 432
424 431
424 450
424 473
424 474
424 495
425 438
425 487
426 477
426 485
427 439
427 481
427 505
428 429
428 443
428 447
429 437
429 480
429 511
430 508
431 439
432 471
433 493
433 504
433 511
435 467
435 493
436 466
436 472
437 446
437 462
437 475
437 500
438 493
438 495
439 473
439 479
439 509
441 455
441 458
442 493
442 501
443 485
443 492
446 460
447 492
448 462
448 471
448 486
449 451
450 472
451 455
451 456
451 487
452 474
452 478
453 454
453 456
456 466
456 472
456 510
457 462
457 492
459 509
461 468
461 475
461 499
461 508
461 511
464 489
465 474
465 479
465 486
466 467
467 491
468 477
468 478
468 479
469 483
470 490
472 473
472 501
473 499
474 503
476 506
476 508
478 503
480 494
484 504
485 499
485 507
487 511
488 501
490 494
491 492
491 493
491 500
492 499
492 506
495 506
496 500
497 504
509 511
