0 11
0 12
0 14
0 15
0 16
0 21
0 23
0 26
0 30
0 32
0 33
0 40
0 41
0 42
0 43
0 44
0 48
0 50
0 51
0 53
0 58
0 63
0 84
0 87
0 91
0 93
0 114
0 120
0 142
0 166
0 169
0 195
0 200
0 214
0 226
0 240
0 280
0 282
0 295
0 306
0 340
0 351
0 358
0 446
0 447
0 456
0 475
0 492
0 504
1 16
1 26
1 27
1 41
1 61
1 304
1 504
2 9
2 10
2 11
2 15
2 16
2 17
2 22
2 28
2 32
2 40
2 47
2 49
2 54
2 64
2 74
2 96
2 100
2 109
2 125
2 161
2 196
2 231
2 244
2 257
2 267
2 341
2 367
2 393
2 394
2 400
2 460
2 466
2 492
3 10
3 11
3 12
3 13
3 20
3 22
3 25
3 32
3 38
3 41
3 45
3 56
3 78
3 84
3 134
3 151
3 210
3 319
3 334
3 345
3 374
3 411
3 439
3 463
3 481
4 9
4 11
4 13
4 14
4 16
4 24
4 31
4 53
4 57
4 69
4 85
4 91
4 97
4 115
4 122
4 136
4 158
4 166
4 194
4 236
4 277
4 400
4 432
5 9
5 10
5 11
5 12
5 13
5 14
5 15
5 18
5 23
5 30
5 37
5 66
5 85
5 94
5 99
5 104
5 113
5 115
5 163
5 168
5 194
5 200
5 228
5 256
6 9
6 10
6 11
6 12
6 13
6 14
6 15
6 18
6 20
6 25
6 33
6 35
6 36
6 76
6 122
6 159
6 176
6 224
6 232
6 258
6 298
6 301
6 346
6 395
6 401
6 458
6 495
7 9
7 10
7 13
7 16
7 26
7 29
7 31
7 33
7 34
7 36
7 37
7 47
7 49
7 57
7 61
7 62
7 66
7 68
7 72
7 73
7 74
7 103
7 116
7 131
7 138
7 144
7 149
7 154
7 200
7 236
7 266
7 267
7 330
7 347
7 354
7 382
7 422
7 425
7 450
7 470
8 9
8 10
8 23
8 31
8 34
8 39
8 43
8 48
8 51
8 62
8 68
8 90
8 98
8 110
8 111
8 112
8 142
8 180
8 183
8 217
8 232
8 249
8 256
8 263
8 265
8 293
8 343
8 347
8 354
8 378
8 404
8 499
9 11
9 12
9 14
9 15
9 17
9 18
9 19
9 21
9 24
9 25
9 26
9 32
9 34
9 43
9 51
9 53
9 58
9 66
9 74
9 76
9 79
9 83
9 85
9 87
9 98
9 105
9 107
9 112
9 119
9 133
9 135
9 139
9 152
9 159
9 176
9 190
9 200
9 202
9 211
9 222
9 235
9 238
9 242
9 250
9 289
9 295
9 308
9 336
9 338
9 350
9 358
9 368
9 382
9 394
9 404
9 433
9 434
9 450
9 452
9 471
9 474
9 477
9 480
9 482
9 490
9 498
10 11
10 12
10 13
10 14
10 15
10 17
10 18
10 19
10 21
10 27
10 29
10 31
10 32
10 34
10 38
10 46
10 52
10 60
10 70
10 73
10 82
10 88
10 89
10 96
10 102
10 103
10 107
10 114
10 130
10 138
10 141
10 143
10 145
10 155
10 163
10 169
10 171
10 172
10 177
10 178
10 191
10 193
10 202
10 212
10 222
10 226
10 227
10 231
10 232
10 239
10 243
10 248
10 250
10 254
10 255
10 258
10 262
10 264
10 265
10 274
10 282
10 285
10 291
10 299
10 302
10 304
10 307
10 341
10 342
10 343
10 354
10 356
10 374
10 378
10 414
10 421
10 424
10 459
10 472
10 474
10 478
11 12
11 13
11 14
11 16
11 17
11 18
11 19
11 20
11 22
11 24
11 25
11 26
11 27
11 29
11 33
11 34
11 35
11 38
11 39
11 41
11 42
11 44
11 45
11 47
11 51
11 53
11 59
11 60
11 61
11 78
11 85
11 88
11 93
11 101
11 106
11 108
11 116
11 119
11 122
11 124
11 126
11 127
11 128
11 148
11 154
11 156
11 159
11 165
11 170
11 175
11 185
11 208
11 216
11 221
11 222
11 254
11 259
11 264
11 266
11 273
11 282
11 286
11 291
11 292
11 299
11 311
11 316
11 326
11 330
11 331
11 344
11 348
11 363
11 369
11 371
11 374
11 389
11 409
11 421
11 423
11 425
11 448
11 502
12 15
12 17
12 20
12 24
12 31
12 38
12 40
12 41
12 57
12 61
12 65
12 76
12 80
12 81
12 95
12 114
12 121
12 151
12 159
12 179
12 189
12 196
12 206
12 241
12 259
12 260
12 265
12 266
12 286
12 314
12 328
12 344
12 355
12 359
12 428
12 451
12 457
12 493
12 499
13 14
13 15
13 17
13 19
13 22
13 28
13 30
13 35
13 37
13 39
13 45
13 50
13 57
13 60
13 63
13 65
13 74
13 77
13 81
13 97
13 104
13 105
13 109
13 121
13 132
13 133
13 152
13 155
13 157
13 164
13 169
13 186
13 202
13 210
13 220
13 230
13 241
13 243
13 245
13 249
13 253
13 261
13 264
13 272
13 281
13 310
13 312
13 316
13 317
13 361
13 398
13 401
13 415
13 452
13 453
13 465
13 484
13 499
14 16
14 17
14 18
14 19
14 20
14 22
14 24
14 25
14 26
14 27
14 29
14 30
14 34
14 36
14 43
14 44
14 52
14 53
14 55
14 62
14 71
14 72
14 79
14 81
14 83
14 88
14 92
14 94
14 95
14 105
14 107
14 120
14 129
14 131
14 132
14 135
14 137
14 138
14 148
14 151
14 157
14 167
14 170
14 175
14 208
14 221
14 222
14 225
14 236
14 250
14 251
14 270
14 279
14 300
14 331
14 334
14 336
14 337
14 338
14 376
14 383
14 405
14 409
14 419
14 420
14 443
14 448
14 452
14 456
14 459
14 467
14 476
14 488
14 495
14 500
14 506
15 17
15 19
15 20
15 23
15 24
15 27
15 28
15 33
15 35
15 36
15 40
15 43
15 45
15 48
15 50
15 64
15 81
15 85
15 86
15 96
15 101
15 127
15 156
15 179
15 181
15 195
15 229
15 275
15 340
15 375
15 390
15 412
15 420
15 429
15 431
15 442
15 457
15 459
16 17
16 18
16 20
16 21
16 22
16 23
16 24
16 26
16 28
16 30
16 35
16 36
16 37
16 47
16 50
16 57
16 66
16 71
16 82
16 83
16 84
16 86
16 95
16 97
16 98
16 102
16 103
16 109
16 114
16 124
16 127
16 128
16 151
16 157
16 161
16 167
16 169
16 171
16 173
16 175
16 183
16 206
16 221
16 223
16 237
16 239
16 254
16 275
16 278
16 285
16 287
16 290
16 301
16 307
16 313
16 322
16 330
16 336
16 342
16 349
16 358
16 362
16 385
16 391
16 392
16 401
16 404
16 408
16 415
16 418
16 439
16 455
16 466
16 475
16 479
16 480
16 484
16 488
16 496
16 511
17 18
17 19
17 27
17 28
17 30
17 31
17 32
17 39
17 46
17 48
17 49
17 63
17 65
17 67
17 75
17 77
17 80
17 83
17 97
17 100
17 101
17 105
17 126
17 133
17 147
17 168
17 177
17 186
17 211
17 215
17 235
17 245
17 247
17 249
17 250
17 281
17 284
17 305
17 309
17 325
17 327
17 331
17 333
17 339
17 343
17 345
17 353
17 364
17 402
17 412
17 441
17 462
17 465
17 472
17 483
17 492
17 496
18 19
18 28
18 38
18 43
18 49
18 50
18 51
18 67
18 76
18 101
18 103
18 106
18 108
18 111
18 115
18 116
18 118
18 120
18 129
18 132
18 136
18 167
18 180
18 202
18 208
18 246
18 248
18 270
18 277
18 278
18 281
18 329
18 332
18 350
18 389
18 419
18 430
18 438
18 442
18 448
18 476
19 21
19 22
19 26
19 28
19 31
19 39
19 42
19 52
19 54
19 60
19 62
19 75
19 94
19 112
19 129
19 135
19 140
19 161
19 164
19 185
19 190
19 205
19 222
19 229
19 239
19 252
19 254
19 273
19 280
19 288
19 302
19 324
19 376
19 378
19 383
19 407
19 437
19 446
19 454
19 461
19 468
19 482
19 489
19 509
20 21
20 23
20 29
20 30
20 36
20 80
20 81
20 104
20 105
20 108
20 118
20 132
20 146
20 150
20 172
20 197
20 202
20 206
20 207
20 222
20 239
20 303
20 325
20 332
20 346
20 350
20 360
20 364
20 365
20 371
20 392
20 394
20 435
20 439
20 446
20 456
20 464
20 468
20 505
20 508
20 510
21 22
21 23
21 28
21 37
21 39
21 40
21 45
21 46
21 53
21 55
21 58
21 59
21 68
21 71
21 79
21 87
21 89
21 108
21 109
21 110
21 111
21 113
21 132
21 133
21 150
21 152
21 155
21 161
21 165
21 169
21 184
21 189
21 191
21 194
21 209
21 218
21 225
21 233
21 235
21 289
21 293
21 312
21 347
21 375
21 413
21 419
21 425
21 426
21 428
21 448
21 477
21 497
22 30
22 35
22 37
22 38
22 43
22 48
22 50
22 51
22 52
22 53
22 54
22 55
22 62
22 70
22 71
22 76
22 79
22 80
22 87
22 105
22 117
22 120
22 121
22 123
22 141
22 150
22 154
22 155
22 168
22 172
22 180
22 196
22 220
22 230
22 249
22 257
22 260
22 277
22 280
22 295
22 316
22 332
22 334
22 342
22 370
22 372
22 384
22 407
22 479
23 24
23 26
23 36
23 46
23 59
23 72
23 92
23 100
23 111
23 114
23 130
23 133
23 137
23 140
23 154
23 157
23 158
23 160
23 187
23 221
23 234
23 237
23 244
23 270
23 271
23 273
23 274
23 286
23 289
23 290
23 370
23 382
23 400
23 401
23 417
23 477
23 500
23 511
24 25
24 33
24 35
24 36
24 48
24 57
24 58
24 71
24 73
24 75
24 86
24 116
24 136
24 143
24 158
24 159
24 175
24 176
24 178
24 199
24 219
24 234
24 249
24 259
24 266
24 283
24 284
24 287
24 289
24 353
24 358
24 377
24 383
24 504
25 31
25 39
25 40
25 44
25 47
25 54
25 64
25 65
25 73
25 75
25 80
25 85
25 91
25 101
25 102
25 127
25 150
25 153
25 156
25 163
25 168
25 171
25 205
25 206
25 207
25 216
25 218
25 222
25 224
25 225
25 228
25 229
25 236
25 241
25 254
25 262
25 287
25 296
25 308
25 333
25 353
25 356
25 363
25 371
25 387
25 388
25 406
25 413
25 416
25 435
25 441
25 447
25 470
25 503
25 505
25 510
26 27
26 30
26 32
26 42
26 46
26 55
26 66
26 81
26 86
26 88
26 100
26 123
26 125
26 137
26 154
26 161
26 167
26 170
26 187
26 198
26 201
26 221
26 269
26 287
26 300
26 335
26 357
26 365
26 420
26 433
26 438
26 492
27 38
27 42
27 45
27 69
27 119
27 153
27 155
27 173
27 225
27 255
27 362
27 368
27 398
27 405
27 476
28 29
28 34
28 40
28 42
28 46
28 48
28 51
28 54
28 59
28 63
28 69
28 83
28 85
28 92
28 110
28 112
28 113
28 119
28 183
28 198
28 229
28 233
28 234
28 239
28 282
28 283
28 296
28 326
28 367
28 381
28 437
28 460
28 463
28 468
28 484
28 488
29 32
29 47
29 56
29 61
29 76
29 84
29 89
29 107
29 111
29 121
29 130
29 187
29 199
29 209
29 226
29 267
29 285
29 293
29 339
29 383
29 413
29 414
29 417
29 421
29 451
29 455
29 481
29 510
30 35
30 39
30 44
30 48
30 52
30 55
30 56
30 57
30 70
30 73
30 89
30 100
30 107
30 126
30 130
30 149
30 155
30 162
30 165
30 172
30 173
30 216
30 255
30 258
30 308
30 333
30 358
30 360
30 421
30 436
30 441
30 447
30 464
30 470
30 493
31 49
31 56
31 80
31 94
31 98
31 102
31 103
31 141
31 147
31 174
31 212
31 220
31 228
31 251
31 271
31 288
31 323
31 346
31 349
31 370
31 372
31 391
31 404
31 410
31 421
31 449
31 469
31 473
32 64
32 70
32 79
32 83
32 84
32 90
32 97
32 98
32 114
32 118
32 134
32 139
32 153
32 177
32 179
32 208
32 227
32 266
32 328
32 350
32 381
32 387
32 462
33 40
33 46
33 48
33 54
33 63
33 89
33 107
33 117
33 137
33 141
33 147
33 184
33 212
33 232
33 237
33 240
33 241
33 258
33 323
33 340
33 341
33 376
33 393
33 397
33 404
33 422
33 441
33 444
33 502
33 505
33 510
34 37
34 41
34 63
34 89
34 111
34 116
34 167
34 174
34 180
34 207
34 211
34 227
34 246
34 247
34 255
34 291
34 310
34 311
34 325
34 326
34 365
34 379
34 386
35 49
35 58
35 71
35 80
35 82
35 86
35 91
35 104
35 118
35 142
35 169
35 179
35 182
35 186
35 191
35 194
35 249
35 250
35 338
35 375
35 390
35 429
35 432
35 436
35 471
35 487
35 505
36 37
36 45
36 55
36 64
36 69
36 73
36 77
36 96
36 97
36 122
36 124
36 137
36 168
36 179
36 183
36 198
36 204
36 206
36 209
36 219
36 220
36 224
36 232
36 260
36 277
36 284
36 297
36 351
36 364
36 366
36 369
36 373
36 375
36 377
36 378
36 389
36 400
36 405
36 426
36 431
36 435
36 437
36 447
36 455
36 461
36 496
37 38
37 42
37 59
37 61
37 80
37 89
37 95
37 100
37 104
37 124
37 143
37 148
37 151
37 153
37 169
37 175
37 195
37 204
37 241
37 256
37 268
37 273
37 284
37 286
37 338
37 343
37 346
37 369
37 376
37 386
37 402
37 436
37 453
37 456
37 461
37 464
37 480
38 42
38 51
38 56
38 57
38 64
38 65
38 72
38 73
38 79
38 93
38 98
38 100
38 116
38 139
38 162
38 166
38 195
38 215
38 217
38 230
38 249
38 255
38 263
38 267
38 275
38 301
38 344
38 345
38 346
38 368
38 372
38 380
38 447
38 483
38 488
38 491
39 66
39 72
39 77
39 82
39 110
39 201
39 204
39 232
39 233
39 240
39 275
39 423
39 490
40 50
40 70
40 75
40 83
40 128
40 135
40 139
40 209
40 217
40 278
40 303
40 424
40 484
40 487
40 493
40 508
41 58
41 146
41 155
41 162
41 166
41 175
41 181
41 223
41 234
41 403
41 454
42 46
42 56
42 62
42 68
42 82
42 94
42 101
42 130
42 131
42 134
42 140
42 144
42 219
42 252
42 264
42 285
42 295
42 296
42 338
42 359
42 383
42 442
42 451
43 47
43 52
43 61
43 69
43 87
43 97
43 98
43 103
43 106
43 115
43 124
43 156
43 163
43 164
43 174
43 198
43 231
43 244
43 249
43 288
43 318
43 327
43 356
43 357
43 384
43 389
43 397
43 398
43 418
43 488
43 499
44 46
44 47
44 52
44 55
44 65
44 73
44 80
44 81
44 92
44 104
44 106
44 109
44 121
44 123
44 129
44 183
44 199
44 217
44 233
44 266
44 297
44 383
44 413
44 445
44 451
44 455
44 500
45 68
45 108
45 115
45 118
45 242
45 275
45 339
45 341
45 488
45 508
46 61
46 90
46 145
46 162
46 183
46 193
46 218
46 223
46 231
46 247
46 276
46 299
46 377
46 384
46 410
46 458
46 464
47 60
47 78
47 88
47 96
47 159
47 189
47 225
47 369
47 395
47 406
47 430
47 439
47 478
47 479
47 489
48 74
48 85
48 87
48 119
48 224
48 231
48 235
48 268
48 307
48 319
48 325
48 380
48 476
48 479
49 87
49 122
49 158
49 172
49 173
49 185
49 190
49 316
49 335
49 340
49 380
49 412
49 478
49 491
49 506
50 58
50 59
50 68
50 69
50 70
50 76
50 86
50 93
50 105
50 127
50 133
50 214
50 235
50 250
50 262
50 293
50 318
50 321
50 344
50 351
50 369
50 399
50 475
50 497
51 57
51 74
51 134
51 140
51 148
51 224
51 339
51 363
51 364
52 99
52 138
52 144
52 164
52 189
52 237
52 245
52 253
52 287
52 310
52 311
52 403
52 412
52 425
52 428
52 453
52 477
53 79
53 110
53 127
53 136
53 161
53 195
53 210
53 228
53 245
53 250
53 320
53 324
53 356
53 359
53 362
53 402
53 409
53 440
53 442
53 443
53 465
53 486
53 511
54 72
54 110
54 112
54 142
54 240
54 251
54 287
55 59
55 61
55 68
55 77
55 81
55 84
55 87
55 92
55 95
55 105
55 111
55 112
55 120
55 123
55 125
55 127
55 129
55 166
55 177
55 184
55 194
55 196
55 221
55 233
55 236
55 270
55 291
55 303
55 306
55 311
55 349
55 430
55 433
55 503
55 511
56 67
56 118
56 134
56 195
56 207
56 215
56 306
56 357
56 368
56 388
56 398
56 416
56 445
56 449
56 480
57 72
57 81
57 92
57 102
57 107
57 113
57 119
57 138
57 146
57 152
57 190
57 213
57 228
57 283
57 312
57 327
57 360
57 376
57 389
57 426
57 480
57 502
58 67
58 71
58 77
58 86
58 109
58 131
58 143
58 165
58 172
58 185
58 196
58 217
58 225
58 252
58 254
58 268
58 287
58 295
58 301
58 308
58 395
58 434
58 448
58 451
58 455
58 505
59 128
59 348
59 438
60 67
60 82
60 122
60 140
60 145
60 179
60 181
60 192
60 208
60 215
60 297
60 388
60 416
60 473
60 505
61 63
61 123
61 167
61 197
61 199
61 203
61 216
61 247
61 259
61 307
61 368
61 398
61 455
61 497
62 64
62 71
62 72
62 76
62 94
62 124
62 135
62 151
62 200
62 205
62 224
62 233
62 248
62 264
62 272
62 295
62 302
62 380
62 385
62 386
62 405
62 466
63 88
63 91
63 93
63 107
63 113
63 126
63 134
63 171
63 173
63 185
63 226
63 404
63 434
64 67
64 90
64 105
64 124
64 144
64 205
64 222
64 251
64 277
64 278
64 316
64 437
64 445
64 463
64 480
64 490
65 67
65 76
65 84
65 98
65 106
65 130
65 144
65 192
65 243
65 256
65 263
65 264
65 268
65 279
65 282
65 306
65 319
65 328
65 348
65 379
65 382
65 459
65 469
65 486
65 509
66 103
66 110
66 115
66 118
66 120
66 137
66 145
66 160
66 161
66 204
66 217
66 229
66 235
66 245
66 255
66 264
66 270
66 294
66 308
66 315
66 331
66 340
66 351
66 355
66 414
66 419
66 422
66 460
66 465
67 75
67 78
67 89
67 108
67 132
67 163
67 194
67 212
67 256
67 310
67 313
67 319
67 328
67 409
67 421
67 433
67 444
68 77
68 83
68 90
68 99
68 102
68 119
68 145
68 181
68 188
68 208
68 211
68 214
68 220
68 227
68 232
68 246
68 254
68 299
68 347
68 363
68 408
68 409
68 420
68 431
68 448
68 495
68 510
69 121
69 125
69 188
69 196
69 290
69 372
69 468
70 74
70 99
70 100
70 108
70 117
70 174
70 175
70 177
70 256
70 271
70 318
70 321
70 333
70 341
70 343
70 385
70 411
70 415
70 424
70 486
70 509
71 107
71 127
71 151
71 218
71 246
71 264
71 319
71 341
71 342
71 401
71 402
71 412
72 99
72 178
72 254
72 444
73 77
73 112
73 147
73 158
73 172
73 230
73 235
73 239
73 244
73 296
73 298
73 303
73 418
74 90
74 101
74 131
74 135
74 157
74 189
74 192
74 213
74 379
74 482
75 231
75 271
75 320
75 333
75 404
75 495
76 113
76 125
76 127
76 134
76 143
76 174
76 188
76 197
76 198
76 303
76 304
76 352
76 370
76 385
76 451
77 89
77 263
77 327
77 443
78 111
78 202
78 237
78 281
78 438
78 504
79 96
79 149
79 177
79 184
79 185
79 189
79 196
79 208
79 276
79 385
79 399
79 450
79 466
79 506
80 85
80 121
80 130
80 152
80 167
80 169
80 192
80 226
80 239
80 298
80 312
80 400
80 487
80 507
81 117
81 181
81 186
81 236
81 300
81 309
81 318
81 343
81 429
81 448
81 500
81 504
82 87
82 110
82 167
82 182
82 206
82 216
82 227
82 289
82 325
82 410
82 449
83 99
83 118
83 126
83 147
83 154
83 156
83 177
83 187
83 190
83 219
83 301
83 317
83 336
83 337
83 365
83 384
83 385
83 481
84 92
84 93
84 109
84 121
84 148
84 159
84 174
84 189
84 226
84 240
84 244
84 281
84 293
84 306
84 328
84 329
84 332
84 333
84 342
84 352
84 388
84 390
84 391
84 395
84 407
84 415
84 434
84 508
85 88
85 144
86 88
86 138
86 325
86 326
86 359
87 102
87 104
87 122
87 129
87 142
87 153
87 246
87 256
87 260
87 285
87 387
87 487
87 489
87 493
87 509
88 117
88 159
88 251
88 389
88 417
88 427
89 120
89 139
89 152
89 170
89 178
89 244
89 380
89 395
89 399
89 470
90 140
90 156
90 225
90 421
90 505
91 92
91 110
91 133
91 160
91 199
91 258
91 303
91 390
91 408
91 415
92 95
92 99
92 114
92 149
92 150
92 152
92 235
92 242
92 250
92 262
92 304
92 314
92 371
92 387
92 485
93 106
93 109
93 133
93 134
93 145
93 176
93 182
93 296
93 323
93 331
93 338
93 416
93 480
93 495
93 511
94 125
94 174
94 239
94 380
94 481
95 97
95 184
95 319
95 375
95 384
96 178
96 187
96 191
96 196
96 240
96 248
96 273
96 305
96 334
96 434
96 446
97 99
97 125
97 141
97 168
97 202
97 261
97 271
97 274
97 361
97 388
97 404
98 123
98 166
98 218
98 241
98 345
98 384
98 446
99 126
99 139
99 156
99 181
99 195
99 213
99 229
99 230
99 277
99 279
99 353
100 200
100 212
100 213
100 391
100 396
100 428
100 457
100 478
100 492
101 106
101 126
101 145
101 171
101 178
101 212
101 329
101 350
101 356
101 363
101 429
101 435
101 490
101 500
102 129
102 148
102 157
102 160
102 180
102 184
102 194
102 212
102 243
102 246
102 252
102 268
102 278
102 329
102 332
102 395
102 400
102 416
102 445
102 456
102 457
102 459
102 479
103 165
103 185
103 253
103 283
103 303
103 422
104 147
104 274
104 322
104 362
104 382
104 416
104 504
105 149
105 188
105 233
105 253
105 257
105 268
105 274
105 320
105 354
105 357
105 510
106 192
106 224
106 322
106 336
106 433
106 437
107 155
107 192
107 245
107 247
107 285
107 327
107 379
107 390
107 444
107 471
107 501
108 204
108 415
108 457
108 482
109 123
109 129
109 156
109 159
109 182
109 191
109 241
109 258
109 297
109 302
109 355
109 371
109 420
109 440
109 442
110 128
110 206
110 219
110 298
110 366
110 485
111 133
111 158
111 161
111 248
111 323
111 329
111 356
111 430
111 491
112 113
112 146
112 148
112 161
112 200
112 228
112 235
112 239
112 294
112 302
112 306
112 337
112 362
112 426
113 115
113 129
113 163
113 184
113 234
113 255
113 314
113 325
113 335
113 340
113 386
113 398
113 465
113 469
114 134
114 138
114 225
114 262
114 280
114 310
114 378
114 397
114 460
115 299
115 406
115 419
116 205
116 292
116 479
116 494
117 185
117 201
117 217
117 300
117 317
117 337
117 347
118 119
118 158
118 163
118 205
118 213
118 269
118 284
118 292
118 366
118 411
119 153
119 200
119 260
119 261
119 279
119 302
119 315
119 425
119 496
120 155
120 267
120 350
120 355
120 365
120 487
121 136
121 204
121 238
121 240
121 352
121 441
122 138
122 187
122 214
122 266
122 299
122 330
123 156
123 170
123 218
123 221
123 224
123 269
123 305
123 315
123 403
123 414
123 478
124 178
124 191
124 195
124 201
124 231
124 260
124 372
124 470
124 496
125 199
125 279
125 328
125 370
126 147
126 213
126 230
126 257
126 489
127 298
127 310
127 322
127 366
127 454
128 130
128 164
128 234
128 313
128 351
129 135
129 143
129 149
129 162
129 167
129 220
129 223
129 247
129 271
129 290
129 324
129 485
130 145
130 152
130 168
130 170
130 189
130 197
130 207
130 243
130 300
130 301
130 321
130 322
130 405
131 187
131 205
131 251
131 255
131 297
131 403
131 422
131 466
132 185
132 319
133 188
133 265
133 356
134 141
134 150
134 166
134 176
134 186
134 206
134 243
134 283
134 292
134 305
134 374
135 176
135 191
135 204
135 329
136 203
136 223
136 273
136 313
136 334
136 382
136 438
137 186
137 214
137 237
137 281
137 318
137 326
137 361
137 375
137 390
137 413
137 481
138 201
138 208
138 238
138 253
138 278
138 339
138 489
139 142
139 211
139 299
139 360
139 397
139 503
140 165
140 203
140 295
140 367
140 401
140 409
140 416
140 417
140 423
140 438
141 157
141 179
141 193
141 211
141 294
141 297
141 434
141 445
141 482
141 506
142 187
142 219
142 387
142 403
142 483
143 164
143 209
143 220
143 251
143 370
143 396
143 406
144 146
144 157
144 158
144 176
144 179
144 209
144 210
144 249
144 273
144 292
144 322
144 424
144 426
144 451
144 459
145 170
145 298
145 311
145 366
145 490
145 507
146 247
146 262
146 296
146 320
146 365
146 374
146 424
146 466
146 477
146 507
147 166
147 177
147 197
147 203
147 278
147 281
147 308
147 384
148 202
148 262
148 273
148 278
148 301
148 442
148 458
149 165
149 188
149 264
149 272
149 341
149 363
149 364
149 417
149 432
149 461
150 188
150 210
150 212
150 223
150 396
150 403
150 436
150 474
150 500
150 506
151 205
151 304
151 312
151 449
151 458
151 466
152 341
152 371
152 374
153 171
153 274
153 452
153 472
154 181
154 184
154 190
154 221
154 247
154 285
154 297
154 362
154 389
154 411
154 469
154 472
155 176
155 241
155 242
155 268
155 488
156 173
156 253
156 385
156 440
156 501
157 268
157 269
157 275
157 336
157 344
157 490
158 162
158 182
158 229
158 293
158 312
158 335
158 429
158 443
159 180
159 213
159 272
159 278
159 337
159 347
159 387
159 411
160 394
160 442
160 455
160 462
161 162
161 186
161 201
161 219
161 246
161 293
161 413
161 422
162 191
162 327
162 407
162 470
163 168
163 171
163 379
163 406
163 410
163 444
164 174
164 179
164 219
164 252
164 256
164 330
164 359
164 440
166 312
166 397
167 193
167 227
167 361
167 378
167 407
167 414
167 431
168 230
168 368
168 463
169 180
169 270
169 474
169 491
169 503
170 248
170 272
170 275
170 289
170 354
170 463
171 204
171 216
171 313
172 188
172 265
172 497
173 251
173 280
173 334
173 381
173 398
173 420
173 433
173 449
174 492
175 182
175 183
175 218
175 257
175 263
175 311
175 352
175 369
175 423
175 424
176 218
176 236
176 238
176 259
176 364
177 210
177 261
177 314
177 334
178 181
178 293
178 324
178 327
178 345
178 385
178 399
179 190
179 219
179 234
179 325
179 410
179 485
180 199
180 283
180 406
180 424
180 482
181 288
181 329
181 350
181 376
181 468
182 279
182 357
182 502
183 276
183 280
183 320
183 330
183 387
183 506
184 199
184 258
184 263
184 289
184 376
185 186
185 206
185 295
185 373
185 437
185 439
185 444
186 234
186 357
186 418
186 495
186 507
187 242
187 290
187 340
187 382
187 399
187 402
187 496
188 302
189 194
189 271
189 311
189 355
189 400
189 446
190 203
190 207
190 265
190 306
190 315
190 320
191 309
191 474
192 297
193 255
193 268
193 277
193 306
193 348
193 371
193 478
194 291
194 397
194 435
194 497
195 488
196 210
196 220
196 260
196 267
196 305
196 316
196 319
197 233
197 248
197 337
198 202
198 240
198 377
198 468
199 205
199 214
199 223
199 269
199 284
199 313
199 342
199 343
199 362
199 377
199 470
200 246
200 453
200 458
201 207
201 291
201 337
201 355
201 484
202 208
202 328
202 377
202 407
202 494
203 396
203 438
204 329
204 337
204 419
204 499
205 244
205 359
205 364
205 449
205 456
206 302
206 454
207 315
208 354
208 360
208 378
208 439
209 230
209 236
209 238
209 257
209 263
209 304
209 359
209 409
209 426
209 459
209 461
209 494
210 318
210 350
210 487
211 229
211 321
211 367
211 444
211 453
211 470
212 424
213 217
213 308
213 313
213 321
213 379
213 413
213 415
213 461
214 273
214 392
216 357
216 426
216 479
217 429
218 356
219 450
220 238
220 342
220 467
220 485
221 288
221 373
221 412
222 279
222 295
222 395
222 432
224 226
224 259
224 414
224 501
225 250
225 252
226 347
227 237
227 377
227 403
229 254
229 267
229 276
229 285
229 354
229 368
229 498
230 244
230 310
230 451
231 474
232 328
233 272
233 294
233 300
234 242
234 271
234 311
234 335
235 325
236 280
236 360
237 282
237 324
237 336
237 349
237 436
237 446
237 475
237 484
238 262
238 299
238 349
239 267
239 412
239 419
240 418
240 508
241 468
241 481
242 265
242 374
242 375
243 281
243 417
244 270
244 311
244 326
244 393
244 473
244 503
245 285
245 309
245 322
245 355
245 393
245 401
246 353
246 393
246 487
247 270
247 317
247 361
249 313
249 398
249 462
249 464
250 253
250 369
250 393
250 486
250 502
252 257
252 290
252 337
253 290
253 378
253 423
253 441
254 449
255 309
255 486
256 279
256 283
256 306
256 309
256 318
256 324
256 366
256 376
257 292
257 305
257 326
257 414
257 425
257 427
257 457
258 432
258 501
259 275
259 296
259 367
259 377
259 403
259 453
260 280
260 291
260 305
260 332
260 464
260 498
261 314
261 348
261 386
262 323
263 373
263 413
263 459
263 472
264 457
265 440
265 445
266 336
267 360
267 393
267 416
267 451
267 477
268 444
268 462
269 440
269 496
270 281
270 422
270 450
270 493
272 318
272 427
273 290
273 309
273 335
273 390
273 431
273 506
274 346
274 438
275 286
276 298
276 399
277 316
277 397
277 494
278 393
280 284
280 331
281 469
282 404
283 443
284 357
286 359
286 396
287 293
287 357
287 507
288 317
288 322
288 453
289 361
289 467
290 300
290 383
290 510
292 323
292 402
292 428
292 447
292 460
293 408
294 339
294 414
295 354
297 321
297 367
297 436
297 493
298 343
298 352
298 355
298 407
298 464
299 473
301 381
301 436
301 456
301 487
301 499
302 398
303 335
303 352
303 409
303 459
304 370
304 423
306 360
306 371
306 422
306 438
306 469
307 308
307 372
307 411
307 470
307 500
308 391
308 417
308 449
310 494
311 317
311 321
311 343
311 383
312 314
312 394
312 419
312 433
312 442
313 433
314 391
314 473
317 345
317 349
317 361
317 366
317 427
317 463
317 486
318 324
319 345
320 333
320 364
320 455
324 358
324 366
324 382
324 498
324 501
325 402
325 427
325 500
326 389
326 418
326 427
326 483
327 381
327 396
327 411
327 497
330 406
330 411
330 430
333 475
334 368
334 467
334 486
335 465
337 482
337 483
338 346
338 376
338 399
339 352
339 375
339 380
339 483
342 372
342 405
342 450
342 456
342 505
343 477
344 420
344 426
345 432
346 355
346 383
346 392
346 402
346 448
347 367
347 394
347 506
348 350
348 393
348 410
348 456
349 409
353 397
355 473
355 490
356 410
356 424
358 388
358 410
358 494
361 434
362 476
363 395
363 427
365 370
365 375
365 400
365 402
365 489
366 458
367 462
368 384
369 428
371 405
371 437
371 511
372 510
373 460
373 491
374 410
375 431
375 465
376 457
377 437
378 388
379 387
379 391
379 422
379 450
380 432
381 487
382 478
383 446
383 447
386 429
388 471
390 484
390 509
391 406
391 420
392 401
392 472
393 447
393 475
395 415
396 411
396 413
396 425
396 437
397 439
399 417
400 475
403 452
405 416
406 477
407 498
407 502
409 440
412 452
412 511
413 467
416 427
416 445
417 463
419 479
419 481
419 496
419 499
420 478
421 472
421 498
422 454
423 485
424 457
426 460
428 507
429 504
432 493
433 491
436 509
441 445
442 485
443 501
444 471
450 504
450 508
452 494
453 458
460 472
460 492
461 476
463 475
463 485
468 503
476 489
481 489
485 486
488 503
488 507
492 505
