0 52
0 126
0 173
0 235
0 260
0 287
0 302
0 349
0 364
0 383
0 427
0 438
1 78
1 80
1 86
1 89
1 96
1 107
1 161
1 177
1 393
1 408
1 412
1 422
1 458
1 472
2 8
2 30
2 49
2 57
2 62
2 79
2 126
2 164
2 176
2 202
2 245
2 246
2 250
2 257
2 312
2 356
2 382
2 403
2 436
2 451
2 478
2 482
3 29
3 74
3 123
3 215
3 247
3 336
3 370
3 371
3 414
3 479
4 15
4 51
4 97
4 103
4 105
4 129
4 138
4 140
4 143
4 184
4 257
4 260
4 290
4 315
4 358
4 463
5 103
5 145
5 173
5 234
5 281
5 308
5 351
5 380
5 405
6 28
6 86
6 156
6 180
6 227
6 309
6 329
6 352
6 353
6 412
6 443
6 454
6 498
7 60
7 173
7 233
7 283
7 333
7 407
7 408
7 442
7 503
8 58
8 238
8 267
8 336
8 353
8 411
8 422
8 429
8 449
8 507
9 24
9 155
9 156
9 180
9 184
9 208
9 281
9 326
9 337
9 394
9 465
10 97
10 167
10 175
10 249
10 265
10 396
10 433
10 443
10 469
11 43
11 158
11 165
11 176
11 228
11 275
11 349
11 362
11 370
11 385
11 398
11 430
11 456
11 471
12 43
12 66
12 85
12 88
12 92
12 102
12 190
12 261
12 291
12 356
12 362
12 374
12 399
12 414
12 449
13 27
13 109
13 168
13 216
13 219
13 238
13 257
13 273
13 369
13 418
14 61
14 104
14 234
14 255
14 277
14 315
14 320
14 347
14 364
14 427
14 451
14 466
15 73
15 121
15 127
15 194
15 217
15 257
15 345
15 385
15 395
15 421
15 456
15 481
15 501
15 502
15 503
16 29
16 80
16 93
16 111
16 142
16 147
16 301
16 326
16 350
16 364
16 366
16 383
16 449
16 467
16 483
16 488
16 492
16 505
17 62
17 82
17 224
17 236
17 258
17 279
17 291
17 378
17 383
17 393
17 454
17 506
18 19
18 121
18 125
18 172
18 190
18 196
18 295
18 311
18 322
18 357
18 468
18 477
18 503
19 79
19 87
19 92
19 137
19 172
19 205
19 207
19 256
19 316
19 442
19 462
19 471
20 24
20 38
20 41
20 225
20 255
20 262
20 274
20 327
20 370
20 403
20 437
20 483
21 76
21 218
21 249
21 254
21 283
21 303
21 316
21 391
21 439
21 454
22 26
22 112
22 196
22 344
22 379
22 410
22 423
22 451
23 82
23 86
23 102
23 154
23 170
23 211
23 218
23 270
23 305
23 357
23 449
23 462
24 26
24 125
24 154
24 185
24 190
24 206
24 264
24 266
24 330
24 363
24 373
24 391
24 395
24 397
24 436
24 439
24 475
24 500
25 73
25 204
25 279
25 362
25 389
25 398
25 432
25 464
26 108
26 166
26 203
26 208
26 253
26 335
26 374
26 390
26 446
26 479
26 504
27 72
27 207
27 235
27 265
27 279
27 299
27 309
27 338
27 357
27 404
27 490
28 29
28 100
28 184
28 188
28 199
28 221
28 227
28 228
28 338
28 384
28 438
28 480
29 107
29 205
29 265
29 274
29 284
29 290
29 294
29 301
29 335
29 355
29 357
29 362
29 370
29 428
30 41
30 143
30 170
30 226
30 260
30 391
30 415
30 456
30 473
31 138
31 155
31 157
31 260
31 293
31 359
31 415
31 435
31 451
32 57
32 89
32 168
32 218
32 258
32 268
32 282
32 310
32 359
32 373
32 411
32 471
32 474
32 488
32 510
33 149
33 185
33 186
33 190
33 243
33 258
33 296
33 370
33 432
33 459
33 477
34 54
34 285
34 295
34 299
34 369
34 433
34 472
34 484
34 491
35 39
35 48
35 224
35 289
35 351
35 403
35 432
35 464
35 481
35 483
35 506
36 212
36 217
36 315
36 388
36 415
36 489
37 83
37 87
37 89
37 108
37 154
37 328
37 360
37 460
37 462
37 466
38 94
38 103
38 116
38 127
38 232
38 235
38 245
38 262
38 314
38 335
38 373
38 388
38 399
38 410
39 76
39 118
39 121
39 191
39 206
39 284
39 387
39 430
39 465
39 481
39 492
40 73
40 79
40 176
40 239
40 305
40 461
40 500
41 75
41 205
41 240
41 326
41 346
41 349
41 358
41 386
41 398
41 406
41 409
41 425
41 464
41 468
41 505
42 78
42 102
42 106
42 194
42 217
42 249
42 276
42 309
42 331
42 404
42 478
42 485
43 66
43 83
43 116
43 179
43 210
43 228
43 273
43 317
43 372
43 443
43 509
44 115
44 167
44 177
44 184
44 349
44 396
44 409
44 438
44 448
44 462
44 466
44 469
44 484
44 491
45 138
45 150
45 152
45 162
45 206
45 211
45 394
45 429
45 492
46 69
46 79
46 97
46 144
46 170
46 204
46 254
46 328
46 351
46 374
46 378
46 397
46 436
46 464
46 498
47 68
47 150
47 157
47 167
47 291
47 319
47 376
47 498
48 61
48 127
48 194
48 256
48 296
48 340
48 364
48 402
48 425
48 466
48 485
49 81
49 175
49 223
49 231
49 258
49 408
49 412
49 471
49 473
49 495
50 70
50 95
50 122
50 131
50 292
50 310
50 343
50 346
50 370
50 389
50 458
51 76
51 92
51 94
51 107
51 119
51 174
51 192
51 252
51 318
51 393
51 402
52 59
52 72
52 89
52 94
52 114
52 146
52 172
52 186
52 218
52 236
52 255
52 290
52 329
52 383
52 410
52 461
52 492
52 510
53 114
53 163
53 179
53 257
53 290
53 331
53 333
53 359
53 376
53 390
53 435
54 113
54 273
54 433
54 441
54 445
55 95
55 101
55 111
55 153
55 159
55 207
55 222
55 273
55 299
55 338
55 347
55 460
56 93
56 138
56 182
56 297
56 363
56 398
56 422
56 424
56 428
57 62
57 155
57 161
57 265
57 273
57 281
57 314
57 328
57 400
57 434
57 447
57 475
57 510
58 92
58 105
58 229
58 294
58 307
58 374
58 396
58 399
58 501
58 504
58 510
59 67
59 156
59 280
59 289
59 299
59 403
59 440
59 496
60 111
60 133
60 158
60 219
60 271
60 298
60 322
60 325
60 386
60 464
60 469
61 122
61 175
61 186
61 197
61 201
61 251
61 293
61 429
61 468
61 476
62 102
62 151
62 179
62 251
62 297
62 335
62 485
63 68
63 116
63 194
63 200
63 217
63 251
63 286
63 296
63 317
63 331
63 336
63 337
63 346
63 390
63 430
63 510
64 77
64 145
64 186
64 189
64 190
64 225
64 298
64 299
64 338
64 386
64 411
64 417
64 482
65 103
65 115
65 252
65 263
65 318
65 349
65 427
65 502
66 71
66 107
66 135
66 187
66 215
66 235
66 244
66 247
66 251
66 263
66 267
66 350
66 370
66 378
66 384
66 389
66 402
66 434
66 443
67 75
67 93
67 102
67 150
67 162
67 173
67 185
67 195
67 279
67 314
67 320
67 339
67 398
67 424
67 457
67 458
68 109
68 116
68 151
68 224
68 229
68 243
68 263
68 400
68 447
68 451
68 483
68 493
69 101
69 105
69 111
69 153
69 258
69 307
69 343
69 359
69 378
69 399
69 448
69 470
69 472
70 88
70 99
70 133
70 156
70 204
70 289
70 290
70 408
70 476
71 82
71 191
71 204
71 217
71 228
71 238
71 264
71 265
71 378
71 457
71 470
71 471
71 496
72 147
72 162
72 173
72 235
72 269
72 302
72 319
72 324
72 375
72 395
72 497
73 75
73 144
73 147
73 169
73 256
73 299
73 437
73 440
73 450
73 480
73 486
73 496
73 503
74 178
74 188
74 234
74 348
74 363
74 365
75 99
75 100
75 169
75 222
75 260
75 283
75 288
75 369
75 396
75 412
75 509
76 78
76 92
76 209
76 214
76 226
76 253
76 292
76 399
76 440
76 483
76 508
77 87
77 113
77 140
77 175
77 202
77 206
77 208
77 237
77 244
77 250
77 263
77 303
77 309
77 395
77 425
77 429
77 493
78 131
78 160
78 169
78 258
78 428
78 432
78 505
78 507
79 150
79 160
79 325
79 331
79 481
79 511
80 178
80 198
80 262
80 272
80 308
80 377
80 489
81 138
81 229
81 233
81 339
81 383
81 389
81 465
81 471
81 477
81 498
82 112
82 126
82 164
82 206
82 210
82 266
82 327
82 333
82 357
82 400
82 460
82 469
82 470
82 505
83 91
83 112
83 155
83 175
83 221
83 267
83 272
83 339
83 416
83 428
83 436
83 453
83 468
83 498
84 94
84 107
84 181
84 182
84 242
84 244
84 253
84 264
84 277
84 313
84 319
84 387
84 390
84 398
84 399
84 408
84 448
84 491
85 86
85 146
85 155
85 159
85 245
85 250
85 290
85 313
85 317
85 361
85 412
85 421
85 454
85 458
86 104
86 157
86 160
86 240
86 297
86 301
86 305
86 345
86 415
86 417
86 420
86 443
87 124
87 150
87 160
87 169
87 186
87 255
87 277
87 445
87 448
87 463
87 484
87 488
87 506
88 117
88 120
88 178
88 183
88 276
88 297
88 324
88 331
88 406
88 440
88 453
89 122
89 181
89 247
89 251
89 262
89 280
89 363
89 367
89 414
89 415
89 490
90 135
90 251
90 275
90 280
90 337
90 345
90 402
90 423
90 445
90 446
91 151
91 180
91 188
91 215
91 242
91 271
91 312
91 333
91 338
91 373
91 480
91 481
91 492
92 140
92 171
92 204
92 298
92 411
92 416
92 441
92 480
93 209
93 214
93 228
93 282
93 295
93 399
93 405
93 422
93 426
94 154
94 163
94 166
94 204
94 260
94 292
94 320
94 327
94 352
94 460
94 470
94 487
95 105
95 156
95 208
95 289
95 292
95 304
95 336
95 337
95 358
95 473
96 103
96 154
96 168
96 240
96 267
96 303
96 368
96 381
96 426
96 464
96 472
97 151
97 247
97 321
97 422
97 461
98 104
98 130
98 141
98 199
98 278
98 319
98 329
98 362
98 379
98 401
98 403
99 250
99 441
99 506
100 157
100 164
100 193
100 203
100 234
100 318
100 350
100 359
100 373
100 421
100 474
100 475
100 482
100 484
100 488
100 489
101 128
101 153
101 217
101 240
101 376
101 377
101 385
101 441
101 493
102 111
102 114
102 129
102 194
102 199
102 278
102 281
102 285
102 309
102 413
102 466
102 477
102 482
102 485
103 141
103 210
103 276
103 277
103 301
103 359
103 453
103 469
103 499
103 503
104 138
104 144
104 151
104 200
104 264
104 267
104 469
104 480
105 120
105 412
106 190
106 234
106 247
106 271
106 309
106 349
106 359
106 367
106 404
106 420
106 456
106 498
107 145
107 189
107 227
107 322
107 343
107 364
107 375
107 403
108 137
108 213
108 218
108 222
108 252
108 282
108 285
108 337
108 339
108 346
108 354
108 397
108 445
109 112
109 161
109 211
110 124
110 189
110 257
110 333
110 373
110 385
110 444
111 119
111 141
111 154
111 407
111 408
111 440
111 480
111 485
111 498
112 167
112 221
112 277
112 329
112 407
112 454
112 483
112 511
113 139
113 259
113 279
113 371
113 392
113 410
114 263
114 366
114 372
114 373
114 380
114 447
114 489
115 139
115 146
115 190
115 207
115 231
115 237
115 238
115 292
115 340
115 356
115 414
115 416
115 424
115 437
115 444
115 456
116 128
116 155
116 160
116 228
116 286
116 357
116 480
116 502
117 139
117 149
117 152
117 180
117 184
117 194
117 234
117 276
117 310
117 342
117 412
117 428
117 490
118 137
118 239
118 257
118 261
118 272
118 319
118 363
119 163
119 195
119 301
119 416
119 457
119 473
119 489
120 193
120 247
120 254
120 286
120 293
120 346
120 357
120 402
120 405
120 418
121 126
121 146
121 160
121 172
121 189
121 240
121 260
121 303
121 326
121 361
121 373
121 394
121 405
121 446
121 481
121 503
122 154
122 175
122 236
122 246
122 343
122 373
122 380
123 133
123 190
123 201
123 269
123 315
123 424
123 495
124 153
124 203
124 239
124 337
124 346
124 389
124 462
124 478
124 483
125 196
125 222
125 364
126 131
126 185
126 198
126 218
126 220
126 298
126 327
126 347
126 413
126 416
126 439
126 473
126 474
126 475
126 490
127 153
127 163
127 207
127 234
127 245
127 265
127 289
127 323
127 354
127 384
127 472
127 473
127 485
127 493
128 204
128 234
128 261
128 263
128 343
128 399
128 402
128 413
128 426
128 427
129 188
129 223
129 228
129 274
129 348
130 140
130 142
130 306
130 442
130 472
131 223
131 229
131 235
131 332
131 340
131 357
131 361
131 362
131 433
131 441
131 467
132 151
132 170
132 201
132 304
132 311
132 357
132 502
132 506
133 173
133 216
133 224
133 226
133 248
133 273
133 340
134 156
134 163
134 215
134 249
134 260
134 398
134 406
134 438
134 453
135 266
135 294
135 348
135 380
135 396
135 402
135 484
136 161
136 169
136 236
136 239
136 438
136 439
137 146
137 212
137 226
137 254
137 372
137 378
137 394
137 418
138 143
138 148
138 228
138 230
138 392
139 205
139 231
139 237
139 271
139 277
139 286
139 358
139 507
140 153
140 188
140 203
140 253
140 270
140 369
140 370
140 490
141 144
141 152
141 160
141 282
141 286
141 304
141 345
141 387
141 394
141 406
141 441
141 461
141 495
142 158
142 162
142 232
142 247
142 254
142 255
142 291
142 351
142 355
142 401
142 415
142 424
143 198
143 238
143 316
143 324
143 325
143 465
143 489
144 210
144 224
144 245
144 262
144 321
144 334
144 336
144 362
144 363
144 364
144 372
144 387
144 400
144 423
144 450
144 456
144 464
145 223
145 236
145 247
145 299
145 304
145 309
145 338
145 444
145 497
146 155
146 213
146 245
146 297
146 305
146 310
146 318
146 370
146 376
146 407
146 495
147 189
147 365
147 392
147 415
147 504
148 182
148 238
148 248
148 289
148 291
148 342
148 369
148 387
148 462
149 174
149 199
149 224
149 228
149 240
149 243
149 264
149 270
149 312
149 363
149 385
149 429
149 478
150 159
150 213
150 230
150 253
150 263
150 284
150 293
150 343
150 374
150 440
151 198
151 289
151 306
151 319
151 337
151 342
151 345
151 394
151 465
151 477
151 488
151 491
152 162
152 235
152 270
152 293
152 412
152 480
153 175
153 178
153 205
153 217
153 245
153 293
153 305
153 352
153 468
153 492
153 509
154 158
154 189
154 210
154 223
154 231
154 257
154 338
154 376
154 377
154 410
154 413
155 162
155 184
155 239
155 315
155 317
155 326
155 407
155 432
155 463
155 484
156 172
156 188
156 201
156 263
156 290
156 330
156 363
156 407
156 456
156 465
156 486
157 170
157 245
157 252
157 265
157 270
157 331
157 416
157 447
158 200
158 203
158 216
158 230
158 320
158 334
158 379
158 414
158 434
159 266
159 284
159 294
159 333
159 343
159 358
159 426
159 449
159 478
160 248
160 261
160 325
160 451
160 473
161 184
161 336
161 466
161 475
161 476
162 169
162 233
162 237
162 247
162 361
162 384
162 471
162 485
163 181
163 197
163 230
163 246
163 252
163 299
163 348
163 396
163 408
163 443
163 496
164 171
164 267
164 329
164 368
164 372
164 379
164 440
164 505
165 201
165 222
165 233
165 272
165 286
165 299
165 319
165 367
165 395
165 397
165 398
165 454
166 200
166 255
166 284
166 320
166 345
166 416
166 484
166 490
167 246
167 287
167 334
167 360
167 376
167 378
167 450
167 464
167 487
168 238
168 243
168 268
168 271
168 297
168 308
168 314
168 340
168 405
168 418
168 426
168 433
168 445
168 492
169 171
169 191
169 237
169 282
169 287
169 300
169 310
169 340
169 369
169 408
169 501
170 214
170 252
170 302
170 322
170 344
170 410
170 416
170 420
170 438
170 450
170 453
171 176
171 233
171 238
171 263
171 288
171 329
172 193
172 261
172 294
172 343
172 366
172 444
172 479
172 492
173 251
173 304
173 307
173 330
173 361
173 421
173 427
173 453
173 485
174 257
174 341
174 390
174 409
174 421
174 445
174 510
175 177
175 200
175 201
175 202
175 231
175 246
175 249
175 296
175 384
175 397
175 440
175 481
175 487
176 202
176 227
176 351
176 353
176 379
176 435
176 446
177 181
177 201
177 260
177 272
177 377
177 427
177 435
177 458
177 469
177 501
178 207
178 241
178 290
178 294
178 301
178 334
178 355
178 377
178 379
178 382
178 417
178 437
178 439
179 188
179 289
179 332
179 338
179 404
179 409
179 416
179 438
179 451
179 501
180 225
180 240
180 249
180 252
180 272
180 295
180 301
180 345
180 466
180 502
181 223
181 227
181 244
181 272
181 315
181 319
181 431
181 443
181 495
182 198
182 224
182 264
182 403
182 437
182 446
183 202
183 245
183 254
183 260
183 303
183 308
183 378
183 385
183 394
183 469
184 238
184 263
184 267
184 291
184 311
184 343
184 350
184 404
184 466
184 470
184 473
185 228
185 273
185 280
185 329
185 348
185 374
185 407
185 422
185 441
186 232
186 266
186 339
186 453
186 462
186 481
187 192
187 220
187 280
187 297
187 337
187 360
187 477
188 237
188 242
188 267
188 280
188 409
189 207
189 210
189 251
189 288
189 291
189 421
190 222
190 239
190 248
190 325
191 244
191 245
191 309
191 335
191 342
191 359
191 441
191 449
191 479
191 496
192 277
192 312
192 321
192 454
192 479
192 484
193 318
193 324
193 345
193 348
193 359
193 379
193 388
193 416
193 430
193 461
194 294
194 296
194 407
194 470
194 479
195 266
195 352
195 363
195 452
195 494
195 502
195 510
196 356
196 388
196 507
197 201
197 221
197 478
197 485
198 207
198 226
198 240
198 243
198 298
198 370
198 413
198 511
199 201
199 226
199 236
199 351
199 366
199 385
200 240
200 260
200 280
200 285
200 336
200 402
200 440
200 504
200 511
201 402
201 466
201 495
201 497
202 223
202 224
202 233
202 273
202 366
202 368
202 385
202 390
202 443
203 208
203 259
203 271
203 277
203 286
203 340
203 357
203 393
203 416
203 455
203 461
203 481
204 214
204 220
204 236
204 505
205 232
205 295
205 308
205 337
206 238
206 272
206 401
206 491
207 234
207 251
207 274
207 365
207 375
207 479
207 480
207 491
207 497
208 325
208 402
208 405
209 211
209 221
209 269
209 299
209 301
209 322
209 471
209 495
210 240
210 260
210 282
210 337
210 419
210 449
210 477
211 272
211 273
211 372
212 246
212 301
212 321
212 331
212 336
212 362
212 384
212 401
212 411
212 416
212 474
213 221
213 265
213 412
213 432
213 474
214 299
214 355
214 389
214 448
215 257
215 275
215 288
215 328
215 356
215 359
215 419
215 455
215 459
216 229
216 308
216 338
216 448
216 453
216 472
216 485
217 233
217 331
217 355
217 372
217 383
217 408
217 426
218 238
218 258
218 273
218 275
218 301
218 370
218 409
218 413
219 239
219 252
219 272
219 276
219 328
219 374
219 381
219 386
219 387
219 420
219 422
219 481
220 288
220 296
220 306
220 309
220 320
220 346
220 384
220 399
221 238
221 248
221 271
221 301
221 307
221 317
221 344
221 350
221 429
221 499
222 279
222 285
222 332
222 349
222 359
222 412
222 449
222 457
223 247
223 309
223 315
223 369
223 372
223 411
223 433
223 440
223 446
224 239
224 337
224 368
224 425
224 452
224 476
225 345
225 355
225 433
225 479
225 498
226 249
226 293
226 319
226 344
226 351
226 375
226 381
226 422
226 455
226 476
227 250
227 253
227 254
227 359
227 364
227 367
227 386
227 393
227 396
227 409
227 430
227 434
227 444
227 450
227 460
227 491
228 239
228 256
228 344
228 393
228 406
229 236
229 299
229 307
229 367
229 397
230 276
230 313
230 345
230 420
230 476
231 233
231 257
231 269
231 304
231 434
231 496
232 235
232 244
232 245
232 292
232 326
232 369
232 408
232 415
232 434
233 326
233 327
233 330
233 363
233 387
234 238
234 330
234 349
234 355
234 358
234 422
234 427
234 432
234 502
235 289
235 319
235 432
235 471
236 246
236 277
236 313
236 340
236 399
236 472
237 291
237 295
237 318
237 341
237 483
238 296
238 347
238 421
238 433
238 443
238 511
239 320
239 329
239 376
239 412
239 496
240 339
240 345
240 349
240 367
240 379
240 380
240 483
240 497
241 252
241 273
241 360
241 381
241 405
241 463
241 478
242 285
242 360
242 382
242 398
242 478
243 270
243 287
243 294
243 445
243 456
243 505
244 269
244 322
244 343
244 350
244 380
244 390
244 415
244 474
244 482
245 288
245 300
245 302
245 328
245 467
245 494
246 417
246 457
247 331
247 365
247 427
247 454
247 494
248 271
248 305
248 381
248 402
248 462
248 492
248 494
249 276
249 292
249 316
249 348
249 391
249 401
249 474
250 275
250 312
251 317
251 428
251 469
251 482
251 506
252 353
252 397
252 412
252 444
253 485
254 257
254 331
254 352
254 370
254 465
254 491
254 511
255 328
255 375
255 397
255 436
255 503
256 285
256 306
256 319
256 330
256 363
256 364
256 413
256 446
256 449
256 463
256 485
256 488
257 334
257 337
257 432
257 453
257 470
257 473
257 490
257 501
258 318
258 391
258 469
258 490
258 493
258 507
259 327
259 337
259 381
259 401
259 429
259 478
260 307
260 311
260 457
260 502
260 506
261 280
261 295
261 352
261 389
262 265
262 315
262 375
262 380
262 384
262 415
262 485
262 494
262 496
263 301
263 308
263 359
263 443
263 471
264 322
264 327
264 356
264 382
264 400
264 420
264 436
265 284
265 293
266 301
266 348
266 396
266 400
266 407
266 459
267 353
267 356
267 411
267 439
268 275
268 284
268 306
268 318
268 321
268 348
268 405
268 421
268 432
269 287
269 300
269 316
269 377
269 387
269 412
269 492
269 504
270 303
270 309
270 365
270 372
270 395
270 461
270 474
270 502
271 282
271 352
271 412
272 323
272 345
272 376
272 433
272 446
272 448
272 454
272 499
273 301
273 333
273 359
273 402
273 426
273 468
273 485
274 293
274 300
274 389
274 413
274 470
274 485
274 494
275 277
275 278
275 289
275 296
275 364
275 411
275 466
275 470
276 369
276 431
276 504
277 280
277 426
277 444
277 458
277 490
277 491
277 495
278 280
278 286
278 302
278 306
278 415
278 479
278 489
279 334
279 336
279 404
279 416
279 440
279 441
279 460
279 481
279 507
280 303
280 331
280 397
280 457
280 466
280 478
280 498
281 286
281 294
281 295
281 374
281 387
281 412
281 490
281 494
282 299
282 317
282 361
282 468
282 483
283 368
283 375
283 378
283 428
283 435
283 466
284 375
284 378
284 394
284 396
285 288
285 360
285 435
285 444
285 485
285 505
285 508
286 289
286 316
286 365
286 385
286 391
286 409
286 475
286 494
287 304
287 366
287 386
287 404
287 413
287 460
287 507
288 310
288 346
288 376
288 455
288 487
289 346
289 362
289 440
289 469
289 480
290 338
290 363
290 383
290 426
290 458
290 493
290 501
291 459
291 471
292 297
292 362
292 435
292 471
292 477
292 505
292 510
293 307
293 371
293 477
293 495
294 310
295 314
295 358
295 372
295 481
295 485
296 331
296 350
296 411
296 440
296 461
296 500
297 413
297 436
297 500
298 368
298 432
298 444
298 486
299 328
299 445
300 301
300 410
300 436
300 451
300 463
300 476
300 495
300 508
301 310
301 370
301 403
301 464
301 483
302 416
302 424
302 439
302 440
302 480
302 482
302 495
303 349
303 364
303 390
303 408
303 428
303 468
303 482
303 495
304 309
304 378
304 424
304 496
305 361
305 397
305 425
305 441
305 463
305 489
306 321
306 412
306 473
307 381
307 396
307 413
307 492
308 310
308 352
308 363
308 377
308 383
308 506
309 328
309 364
309 407
309 409
309 432
309 435
309 478
309 510
310 344
310 361
310 423
310 476
311 341
311 363
311 404
311 493
312 338
312 347
312 356
312 359
312 402
312 405
312 420
312 443
312 463
312 483
313 318
313 342
313 344
313 370
313 424
313 436
313 437
313 447
313 459
313 509
314 336
314 403
315 325
315 342
315 345
315 354
315 379
315 451
315 458
315 491
316 336
316 356
316 494
316 495
316 509
317 357
317 375
317 443
317 452
317 510
318 324
318 327
318 372
318 443
318 456
318 462
318 465
318 493
319 326
319 339
319 412
319 485
320 376
320 391
320 487
321 340
321 407
321 425
321 451
321 484
321 497
321 503
321 511
322 340
322 480
323 337
323 432
323 484
323 487
324 373
324 376
324 387
324 448
325 384
325 403
325 453
325 454
326 358
326 388
326 407
326 425
326 460
327 427
327 432
327 467
328 401
328 407
328 504
329 356
329 400
329 425
329 435
330 393
330 419
330 450
330 478
330 489
330 495
331 404
331 439
331 510
332 356
332 375
332 392
332 446
332 490
333 337
333 342
333 388
333 420
334 418
334 487
335 372
335 385
335 424
335 475
335 502
336 366
336 411
336 426
336 452
336 511
337 350
337 435
338 350
338 370
338 418
338 433
338 446
338 511
339 340
339 344
339 347
339 352
339 383
339 386
339 407
339 429
339 473
340 482
340 491
341 413
341 483
341 484
341 502
342 362
342 391
342 501
342 503
343 412
343 473
344 370
344 376
344 436
345 356
345 468
346 352
346 374
346 465
346 485
346 489
346 492
346 503
347 423
347 444
347 481
348 350
348 353
348 375
349 353
349 395
349 400
349 441
349 474
350 406
350 429
351 406
351 467
351 477
352 375
352 437
353 406
353 418
353 422
353 488
353 492
353 493
353 510
355 380
355 446
355 467
355 493
355 509
356 359
356 400
356 408
356 471
357 368
357 391
357 414
357 441
357 443
357 464
358 368
358 411
359 405
359 450
359 486
360 367
360 437
360 449
360 502
361 439
361 511
362 404
362 426
362 468
362 493
363 431
363 494
363 504
364 410
364 455
364 466
365 370
365 380
365 475
366 393
366 503
366 508
367 439
367 460
367 465
367 502
368 373
368 427
368 446
368 486
368 501
369 389
369 491
370 454
371 397
371 410
372 396
372 420
372 452
372 502
373 387
373 395
373 434
373 460
373 468
373 488
374 404
374 451
375 384
375 396
376 448
376 451
376 456
376 487
376 509
377 415
377 428
377 443
377 470
377 484
378 458
378 470
378 483
379 382
379 391
379 467
379 499
379 504
380 458
380 484
381 382
381 394
381 400
381 411
381 453
381 486
381 492
382 385
382 447
382 468
382 480
383 460
383 461
383 470
384 509
385 410
385 440
385 470
386 388
386 405
386 476
387 412
387 414
387 418
387 434
387 493
387 501
388 410
388 442
388 479
389 396
389 425
390 437
390 476
390 501
391 392
391 406
391 426
391 483
392 446
392 449
392 499
392 502
392 504
393 424
393 455
394 404
394 446
394 456
395 435
395 463
397 424
397 507
398 400
398 469
398 472
398 486
399 421
399 447
400 408
401 499
402 408
402 436
402 437
402 466
402 499
403 429
403 501
404 460
404 466
404 497
406 431
406 443
406 451
406 462
406 464
406 478
406 505
408 424
408 469
409 461
409 490
410 459
412 447
412 449
412 500
412 504
413 441
414 433
414 458
414 478
414 486
415 440
415 469
415 482
415 492
416 436
416 446
417 454
417 475
417 493
418 431
418 472
418 505
419 428
420 480
420 502
421 453
421 483
421 484
423 468
424 435
424 437
424 500
425 432
425 481
426 438
426 480
426 486
426 492
426 500
427 470
427 498
429 432
429 463
429 475
429 497
431 498
432 452
432 464
433 436
434 480
435 442
435 456
436 466
437 452
437 456
437 472
437 493
438 443
438 501
440 465
440 500
441 487
442 459
445 448
445 458
445 486
446 463
447 457
447 466
447 476
447 491
447 502
449 454
449 489
451 453
452 456
452 485
453 454
453 456
454 477
455 457
455 476
455 502
456 510
457 477
458 487
458 501
459 481
459 486
459 490
460 476
460 504
461 484
461 495
462 497
463 473
463 490
464 507
465 489
468 477
468 485
469 475
470 507
472 488
474 510
475 493
475 496
478 479
478 503
479 502
479 506
480 500
481 486
481 496
481 501
483 502
484 490
484 498
486 509
489 495
492 499
493 495
494 508
499 511
