0 52
0 71
0 173
0 235
0 260
0 287
0 302
0 349
0 364
0 383
0 418
0 427
0 438
1 71
1 78
1 80
1 89
1 107
1 161
1 276
1 358
1 374
1 408
1 412
1 458
1 472
1 479
1 501
2 8
2 9
2 15
2 30
2 49
2 57
2 79
2 126
2 164
2 199
2 202
2 245
2 250
2 257
2 312
2 356
2 382
2 403
2 429
2 473
2 478
2 482
2 511
3 29
3 81
3 180
3 181
3 215
3 216
3 288
3 320
3 370
3 371
3 382
3 414
3 440
3 479
4 10
4 15
4 51
4 97
4 103
4 105
4 138
4 140
4 143
4 153
4 170
4 184
4 221
4 237
4 257
4 260
4 289
4 290
4 307
4 315
4 435
4 463
4 507
5 9
5 18
5 25
5 44
5 103
5 145
5 281
5 351
5 380
5 384
5 405
5 423
6 28
6 36
6 86
6 156
6 180
6 227
6 309
6 353
6 412
6 443
6 454
7 17
7 60
7 173
7 192
7 283
7 333
7 407
7 408
7 442
8 51
8 58
8 93
8 141
8 230
8 238
8 336
8 353
8 411
8 449
9 155
9 156
9 159
9 184
9 208
9 276
9 337
9 352
9 394
9 465
10 167
10 265
10 395
10 396
10 443
10 461
10 506
11 29
11 43
11 76
11 158
11 165
11 176
11 228
11 275
11 318
11 349
11 370
11 385
11 398
11 439
11 471
11 492
12 41
12 43
12 88
12 102
12 129
12 130
12 190
12 261
12 356
12 374
12 399
12 449
13 27
13 49
13 109
13 168
13 187
13 216
13 219
13 238
13 257
13 369
13 418
13 463
13 486
14 61
14 99
14 104
14 130
14 166
14 255
14 277
14 315
14 320
14 339
14 347
14 364
14 400
14 427
14 439
14 451
14 466
14 499
15 17
15 127
15 160
15 194
15 217
15 225
15 257
15 345
15 395
15 420
15 421
15 481
15 501
15 502
15 503
16 29
16 37
16 67
16 93
16 111
16 142
16 147
16 303
16 326
16 350
16 364
16 383
16 449
16 467
16 483
16 488
16 492
16 509
17 62
17 224
17 235
17 258
17 291
17 378
17 383
17 393
17 470
18 19
18 121
18 125
18 190
18 196
18 225
18 295
18 311
18 322
18 357
18 380
18 468
18 477
18 492
18 503
19 79
19 87
19 92
19 103
19 172
19 200
19 205
19 316
19 349
19 364
19 442
19 462
19 471
20 24
20 41
20 113
20 144
20 220
20 225
20 262
20 437
20 483
21 76
21 82
21 202
21 218
21 283
21 303
21 316
21 454
22 26
22 112
22 196
22 246
22 344
22 361
22 379
22 423
22 432
22 451
23 31
23 82
23 86
23 102
23 106
23 154
23 170
23 202
23 218
23 303
23 305
23 386
23 393
23 418
23 444
23 449
23 462
24 26
24 38
24 125
24 154
24 185
24 190
24 206
24 248
24 264
24 319
24 330
24 363
24 373
24 391
24 395
24 397
24 436
24 500
25 73
25 161
25 190
25 204
25 223
25 279
25 362
25 389
25 398
25 432
25 464
26 166
26 208
26 253
26 335
26 374
26 439
26 446
26 479
26 495
26 504
27 72
27 159
27 235
27 265
27 299
27 309
27 357
27 404
28 184
28 188
28 199
28 202
28 221
28 228
28 294
28 338
28 384
28 438
28 480
28 484
29 107
29 265
29 274
29 284
29 290
29 294
29 301
29 323
29 329
29 335
29 355
29 357
29 362
29 370
29 402
29 428
29 446
29 498
30 36
30 41
30 61
30 170
30 260
30 391
30 415
30 473
31 32
31 155
31 157
31 260
31 293
31 359
31 392
31 415
31 435
31 442
31 477
32 34
32 57
32 74
32 89
32 168
32 235
32 258
32 282
32 310
32 373
32 411
32 488
32 510
33 141
33 149
33 185
33 186
33 190
33 243
33 258
33 296
33 310
33 370
33 377
33 432
33 459
33 477
34 59
34 84
34 295
34 369
34 472
34 484
35 39
35 48
35 50
35 104
35 199
35 212
35 224
35 248
35 289
35 403
35 428
35 459
35 464
35 481
35 483
36 58
36 183
36 217
36 315
36 347
36 367
36 388
36 421
36 489
37 83
37 87
37 108
37 154
37 328
37 462
37 466
38 116
38 127
38 129
38 182
38 235
38 245
38 262
38 373
38 388
38 396
38 410
39 63
39 118
39 121
39 191
39 206
39 284
39 335
39 387
39 478
39 481
39 492
40 79
40 239
40 305
40 461
40 500
41 49
41 75
41 121
41 205
41 217
41 240
41 326
41 354
41 398
41 409
41 425
41 452
41 464
41 468
42 47
42 78
42 102
42 106
42 189
42 194
42 217
42 276
42 306
42 309
42 331
43 66
43 83
43 107
43 116
43 169
43 210
43 228
43 251
43 273
43 317
43 372
43 377
43 443
43 509
44 115
44 119
44 127
44 151
44 167
44 177
44 184
44 190
44 267
44 396
44 409
44 424
44 448
44 466
44 469
44 484
45 129
45 138
45 150
45 152
45 161
45 162
45 206
45 211
45 376
45 394
45 421
45 429
46 69
46 97
46 106
46 204
46 254
46 328
46 378
46 464
46 498
46 501
47 68
47 99
47 103
47 150
47 157
47 167
47 211
47 291
47 319
47 327
47 331
47 376
47 498
48 61
48 121
48 127
48 255
48 256
48 296
48 340
48 364
48 425
48 466
48 485
49 54
49 81
49 147
49 175
49 223
49 258
49 291
49 408
49 412
49 471
49 495
50 70
50 122
50 205
50 245
50 292
50 310
50 343
50 346
50 370
50 389
50 458
50 478
51 94
51 107
51 119
51 172
51 174
51 233
51 267
51 318
51 393
51 402
52 59
52 72
52 89
52 146
52 172
52 186
52 201
52 255
52 296
52 329
52 383
52 410
52 461
52 492
53 114
53 159
53 163
53 268
53 359
53 376
53 435
54 103
54 113
54 118
54 146
54 233
54 238
54 273
54 364
54 429
54 433
54 441
54 445
54 471
55 95
55 153
55 159
55 175
55 207
55 222
55 273
55 338
55 347
55 440
55 444
55 460
56 93
56 96
56 117
56 138
56 182
56 234
56 297
56 363
56 393
56 398
56 452
57 71
57 90
57 155
57 161
57 193
57 267
57 272
57 273
57 318
57 400
57 434
57 475
57 505
57 510
58 103
58 105
58 191
58 229
58 294
58 320
58 385
58 396
58 399
58 501
58 504
58 510
59 67
59 156
59 189
59 280
59 289
59 299
59 403
59 440
60 111
60 158
60 200
60 219
60 235
60 271
60 298
60 322
60 325
60 399
60 464
60 469
61 100
61 122
61 175
61 186
61 197
61 201
61 251
61 278
61 320
61 325
61 326
61 366
61 429
61 476
62 99
62 102
62 151
62 179
62 240
62 242
62 251
62 297
62 314
62 335
62 428
62 485
62 495
62 500
63 85
63 194
63 200
63 251
63 286
63 317
63 331
63 336
63 344
63 390
63 510
64 77
64 116
64 145
64 186
64 190
64 225
64 253
64 298
64 304
64 411
64 417
64 461
64 482
64 510
65 101
65 103
65 115
65 227
65 252
65 318
65 349
65 365
65 427
65 502
65 506
66 71
66 107
66 111
66 124
66 135
66 148
66 187
66 194
66 244
66 247
66 251
66 254
66 263
66 267
66 350
66 370
66 378
66 384
66 389
66 402
67 75
67 78
67 93
67 102
67 150
67 162
67 185
67 279
67 314
67 320
67 347
67 398
67 424
67 457
67 458
67 463
68 109
68 124
68 151
68 229
68 243
68 263
68 389
68 399
68 400
68 447
68 467
68 479
68 483
69 105
69 111
69 307
69 399
69 416
69 448
69 470
70 88
70 133
70 204
70 248
70 289
70 290
70 408
70 421
70 476
71 82
71 87
71 217
71 228
71 264
71 265
71 378
71 381
71 442
71 457
71 470
71 471
71 496
72 191
72 238
72 298
72 302
72 319
72 321
72 324
72 329
72 395
72 465
72 497
73 75
73 144
73 147
73 169
73 299
73 368
73 437
73 486
73 496
73 503
74 178
74 188
74 234
74 294
74 311
74 348
74 365
75 99
75 108
75 134
75 169
75 222
75 254
75 260
75 283
75 288
75 369
75 412
75 509
76 78
76 101
76 188
76 209
76 214
76 218
76 253
76 292
76 310
76 380
76 399
76 483
76 497
77 87
77 113
77 140
77 175
77 202
77 206
77 237
77 244
77 303
77 395
77 406
77 429
77 486
77 493
78 97
78 131
78 158
78 169
78 258
78 290
78 292
78 382
78 411
78 428
78 505
79 150
79 160
79 325
79 331
79 481
80 128
80 140
80 198
80 200
80 254
80 262
80 272
80 308
80 355
80 377
80 405
80 483
81 104
81 229
81 233
81 339
81 389
81 465
81 471
81 477
81 498
82 126
82 161
82 164
82 179
82 198
82 206
82 266
82 394
82 399
82 400
82 403
82 460
83 91
83 112
83 221
83 267
83 272
83 339
83 428
83 452
83 453
83 468
84 94
84 106
84 158
84 182
84 190
84 242
84 244
84 253
84 264
84 277
84 285
84 313
84 319
84 390
84 399
84 448
84 455
84 470
85 86
85 96
85 146
85 155
85 159
85 245
85 250
85 317
85 331
85 361
85 412
85 454
85 458
86 104
86 110
86 160
86 240
86 276
86 278
86 283
86 297
86 301
86 305
86 309
86 328
86 345
86 415
86 417
86 420
86 443
86 495
87 124
87 150
87 160
87 169
87 186
87 277
87 300
87 311
87 394
87 419
87 445
87 448
87 463
87 484
87 488
88 120
88 136
88 178
88 183
88 248
88 276
88 297
88 324
88 406
88 440
89 122
89 181
89 247
89 251
89 258
89 262
89 290
89 311
89 363
89 367
89 414
89 415
89 458
89 490
89 498
90 215
90 222
90 251
90 275
90 280
90 337
90 407
90 423
90 445
90 446
91 151
91 180
91 188
91 209
91 215
91 238
91 242
91 271
91 315
91 333
91 338
91 373
91 481
91 492
92 101
92 119
92 121
92 140
92 171
92 216
92 251
92 298
92 411
92 488
92 497
92 502
93 153
93 209
93 214
93 228
93 282
93 295
93 355
93 399
93 422
93 426
94 117
94 163
94 166
94 204
94 260
94 263
94 292
94 320
94 327
94 338
94 460
94 485
94 487
94 503
95 105
95 156
95 162
95 166
95 289
95 292
95 337
95 358
95 381
95 473
96 124
96 154
96 168
96 187
96 240
96 368
96 426
96 452
96 464
96 472
97 151
97 197
97 247
97 321
97 352
97 410
97 422
97 461
97 505
98 104
98 130
98 141
98 196
98 278
98 319
98 325
98 329
98 401
98 403
98 497
99 202
99 284
99 441
99 506
100 149
100 157
100 164
100 193
100 198
100 203
100 204
100 234
100 350
100 373
100 421
100 460
100 474
100 475
100 482
100 488
100 489
101 128
101 130
101 153
101 217
101 240
101 277
101 348
101 376
101 377
101 385
101 460
101 493
102 111
102 116
102 183
102 194
102 199
102 278
102 285
102 309
102 413
102 477
103 141
103 164
103 177
103 210
103 276
103 277
103 301
103 308
103 359
103 421
103 469
103 499
103 503
104 138
104 144
104 151
104 200
104 264
104 267
104 353
104 394
104 411
104 466
105 120
105 331
105 358
105 421
106 125
106 193
106 237
106 247
106 315
106 349
106 359
106 420
106 429
106 456
106 498
107 145
107 227
107 235
107 322
107 343
107 364
107 375
107 503
108 147
108 218
108 252
108 282
108 285
108 337
108 339
108 354
108 397
108 440
108 445
108 494
109 161
109 486
110 124
110 257
110 323
110 330
110 333
110 373
110 385
110 460
111 119
111 154
111 248
111 251
111 382
111 407
111 408
111 440
111 451
112 154
112 167
112 217
112 275
112 277
112 329
112 407
112 413
112 454
112 483
113 139
113 259
113 300
113 303
113 323
113 351
113 371
113 410
114 372
114 373
114 380
114 489
115 139
115 144
115 146
115 190
115 207
115 223
115 231
115 237
115 238
115 283
115 292
115 297
115 311
115 340
115 356
115 414
115 416
115 424
115 444
115 456
116 228
116 286
116 294
116 308
116 339
116 357
116 450
116 480
117 139
117 149
117 180
117 194
117 234
117 276
117 310
117 342
117 377
117 412
117 477
117 490
118 137
118 140
118 235
118 239
118 257
118 261
118 272
118 319
119 195
119 261
119 288
119 301
119 336
119 392
119 416
119 457
119 489
120 134
120 193
120 246
120 247
120 293
120 335
120 405
121 126
121 134
121 146
121 189
121 221
121 240
121 260
121 303
121 373
121 394
121 405
121 481
121 503
122 139
122 154
122 236
122 246
122 380
123 133
123 269
123 315
123 316
123 324
123 337
123 424
123 470
123 474
123 495
124 203
124 296
124 462
124 478
124 483
125 196
125 242
125 260
125 364
125 387
126 131
126 147
126 185
126 198
126 218
126 220
126 297
126 326
126 327
126 347
126 413
126 416
126 473
126 475
126 490
127 163
127 207
127 354
127 368
127 472
127 473
127 493
128 204
128 215
128 234
128 261
128 263
128 343
128 396
128 399
128 511
129 135
129 137
129 188
129 223
129 228
129 274
129 348
130 141
130 142
130 150
130 173
130 306
130 321
130 416
130 472
131 229
131 235
131 332
131 340
131 357
131 361
131 362
131 441
131 466
132 157
132 170
132 201
132 229
132 304
132 311
132 325
132 357
132 385
132 433
132 454
132 506
133 226
133 273
133 340
133 389
133 445
133 472
134 215
134 246
134 249
134 260
134 284
134 304
134 309
134 315
134 353
134 398
134 406
134 438
134 445
134 453
134 475
134 496
135 266
135 348
135 380
135 388
136 161
136 169
136 183
136 239
136 243
136 438
136 439
137 146
137 212
137 226
137 254
137 372
137 394
138 143
138 148
138 230
138 242
138 392
139 259
139 277
139 358
139 507
140 192
140 203
140 211
140 227
140 253
140 270
140 369
140 398
140 490
141 144
141 152
141 196
141 304
141 345
141 358
141 387
141 406
141 432
141 441
141 461
142 158
142 162
142 204
142 232
142 247
142 254
142 255
142 291
142 295
142 351
142 369
142 415
142 424
143 198
143 316
143 325
143 376
143 465
143 489
144 164
144 170
144 210
144 224
144 245
144 289
144 312
144 321
144 334
144 336
144 363
144 423
144 425
144 450
144 454
144 456
144 464
145 236
145 247
145 304
145 338
145 497
146 147
146 245
146 297
146 305
146 318
146 376
146 407
146 478
146 495
147 165
147 189
147 198
147 270
147 343
147 392
147 415
147 417
147 504
148 182
148 225
148 238
148 387
148 462
149 228
149 243
149 264
149 270
149 312
149 360
149 385
149 408
149 442
149 478
150 159
150 213
150 253
150 284
150 293
150 343
150 440
151 198
151 289
151 293
151 306
151 319
151 337
151 342
151 345
151 394
151 465
151 477
151 488
151 500
152 235
152 270
152 293
152 316
152 338
152 412
152 480
153 178
153 205
153 217
153 231
153 355
153 468
153 478
154 158
154 189
154 223
154 225
154 231
154 250
154 257
154 376
154 377
154 413
155 239
155 315
155 326
155 341
155 407
155 414
155 432
155 463
155 484
156 201
156 238
156 263
156 309
156 330
156 363
156 407
156 456
156 465
156 484
156 486
157 170
157 245
157 265
157 270
157 331
157 416
157 447
158 230
158 323
158 334
158 434
158 496
158 502
159 185
159 242
159 294
159 333
159 343
159 358
159 386
159 426
159 433
159 449
160 248
160 261
160 272
160 281
160 310
161 184
161 336
161 445
161 466
161 472
161 475
161 476
162 169
162 233
162 247
162 292
162 471
162 485
163 166
163 177
163 181
163 197
163 244
163 299
163 326
163 348
163 379
163 396
163 443
163 496
163 503
164 171
164 205
164 267
164 274
164 368
164 379
164 440
164 505
165 198
165 201
165 222
165 244
165 272
165 286
165 314
165 319
165 397
165 398
165 454
166 200
166 216
166 255
166 300
166 320
166 345
166 416
166 484
166 490
167 246
167 287
167 334
167 360
167 374
167 378
167 464
167 488
167 508
168 216
168 238
168 268
168 271
168 279
168 284
168 308
168 418
168 426
168 433
168 492
169 171
169 237
169 250
169 282
169 284
169 300
169 310
169 325
169 340
169 369
169 388
169 408
169 501
169 509
170 214
170 262
170 302
170 344
170 410
170 420
170 435
170 438
170 453
171 176
171 233
171 238
171 263
171 288
171 307
171 329
171 360
171 505
172 193
172 261
172 276
172 343
172 366
172 444
172 479
172 492
173 251
173 283
173 307
173 330
173 349
173 361
173 421
173 427
173 505
174 276
174 341
174 359
174 428
174 510
175 177
175 182
175 183
175 200
175 202
175 219
175 227
175 231
175 246
175 249
175 296
175 392
175 397
175 440
175 481
175 487
176 202
176 294
176 351
176 358
176 379
176 435
176 446
177 297
177 377
177 390
177 435
177 453
177 458
177 469
177 501
178 241
178 251
178 253
178 290
178 294
178 301
178 334
178 363
178 377
178 382
178 417
178 437
178 438
178 439
179 188
179 289
179 332
179 361
179 416
179 438
179 448
179 451
179 501
180 198
180 201
180 240
180 249
180 252
180 295
180 301
180 305
180 334
180 499
180 502
181 227
181 244
181 272
181 277
181 286
181 298
181 315
181 319
181 333
181 431
181 440
181 443
181 495
182 198
182 215
182 331
182 437
182 446
183 202
183 247
183 254
183 303
183 308
183 385
183 394
183 395
183 407
183 469
184 238
184 267
184 286
184 311
184 343
184 350
184 404
184 470
185 227
185 236
185 257
185 272
185 273
185 280
185 329
185 348
185 366
185 374
185 407
185 422
185 441
186 232
186 363
186 367
186 392
186 453
187 192
187 220
187 260
187 280
187 360
187 477
188 237
188 280
188 360
188 409
189 210
189 242
189 251
189 288
189 421
190 248
190 325
191 196
191 245
191 309
191 342
191 365
191 418
191 441
191 479
192 268
192 277
192 294
192 312
192 454
192 479
192 484
193 324
193 345
193 348
193 359
193 388
193 416
193 430
193 435
193 461
193 490
194 217
194 277
194 296
194 407
194 458
194 470
194 480
195 266
195 293
195 347
195 352
195 363
195 494
195 502
195 510
196 356
196 381
196 388
196 507
197 201
197 222
197 362
197 461
197 485
197 509
198 207
198 226
198 240
198 243
198 298
198 413
198 503
198 511
199 236
199 366
199 385
199 421
200 260
200 280
200 285
200 336
200 402
200 414
200 440
200 504
200 509
201 307
201 402
201 466
201 495
202 223
202 224
202 233
202 237
202 253
202 273
202 366
202 368
202 390
202 430
202 443
202 479
203 226
203 259
203 271
203 277
203 286
203 330
203 357
203 393
203 415
203 416
203 424
203 451
204 214
204 224
204 272
204 505
205 232
205 292
205 337
205 364
205 402
205 421
205 482
206 253
206 264
206 272
206 359
206 401
206 491
207 234
207 251
207 274
207 365
207 375
207 478
207 480
207 491
207 497
208 277
208 331
208 405
208 470
208 489
208 501
209 211
209 269
209 274
209 301
209 322
209 431
209 471
209 495
210 240
210 260
210 331
210 337
210 443
210 449
210 477
211 272
211 273
211 297
211 351
211 372
211 408
212 228
212 246
212 301
212 331
212 336
212 384
212 401
212 411
212 415
212 416
212 465
212 474
213 221
213 251
213 262
213 265
213 412
213 426
213 432
213 458
213 474
214 261
214 299
214 351
214 389
214 436
215 257
215 288
215 328
215 356
215 419
215 459
216 268
216 308
216 338
216 413
216 448
216 451
216 453
216 472
216 485
217 229
217 233
217 331
217 355
217 408
217 426
217 428
218 238
218 241
218 258
218 273
218 275
218 301
218 350
218 409
219 239
219 276
219 328
219 374
219 381
219 386
219 387
219 388
219 420
219 481
220 241
220 320
220 399
221 238
221 281
221 307
221 317
221 350
221 369
221 429
221 448
222 279
222 285
222 349
222 377
222 412
222 449
222 457
223 247
223 315
223 369
223 372
223 411
223 412
223 433
223 438
223 446
224 255
224 288
224 338
224 368
224 476
225 289
225 342
225 345
225 355
225 421
225 433
225 452
225 479
225 498
226 249
226 293
226 319
226 344
226 351
226 455
226 476
227 232
227 250
227 254
227 359
227 364
227 367
227 386
227 393
227 396
227 409
227 430
227 434
227 444
227 450
227 460
227 471
227 473
227 491
228 239
228 256
228 263
228 344
228 393
228 427
229 236
229 295
229 299
229 307
229 323
229 397
230 276
230 313
230 354
230 420
230 457
231 233
231 257
231 269
231 304
231 352
231 434
232 244
232 292
232 326
232 369
232 395
232 408
232 415
232 434
233 236
233 290
233 291
233 293
233 327
233 330
233 353
233 363
233 386
233 387
234 236
234 238
234 240
234 254
234 330
234 355
234 358
234 375
234 427
234 502
235 319
235 426
235 471
235 494
236 246
236 322
236 399
236 405
237 291
237 341
237 368
237 377
238 254
238 296
238 347
238 361
238 421
238 433
238 511
239 266
239 329
239 356
239 376
239 412
239 496
239 499
240 339
240 345
240 349
240 367
240 379
240 380
240 440
240 497
241 252
241 405
241 463
242 340
242 360
242 382
242 398
242 405
242 478
243 253
243 287
243 294
243 318
243 445
243 456
243 505
243 511
244 269
244 322
244 350
244 361
244 379
244 380
244 390
244 415
244 474
244 482
245 251
245 278
245 288
245 302
245 304
245 328
245 449
245 494
246 321
246 409
246 418
246 457
247 343
247 365
247 463
247 494
248 305
248 332
248 338
248 356
248 364
248 402
248 462
248 492
248 494
249 276
249 291
249 292
249 348
249 391
249 401
249 456
249 474
249 495
250 312
250 340
251 469
251 506
252 353
252 412
252 444
252 460
253 288
253 485
254 257
254 331
254 349
254 370
254 465
254 496
254 511
255 315
255 375
256 285
256 363
256 364
256 413
256 446
256 463
256 485
256 488
256 495
257 291
257 337
257 356
257 392
257 432
257 457
257 470
257 473
257 505
258 259
258 318
258 375
258 391
258 407
258 490
258 493
258 507
259 271
259 327
259 337
259 401
259 429
259 446
259 478
260 301
260 311
260 375
260 457
260 506
261 271
261 280
261 339
261 423
261 440
261 448
261 487
262 265
262 267
262 315
262 375
262 384
262 412
262 415
262 494
262 496
263 268
263 308
263 359
263 404
263 471
263 486
264 322
264 356
264 462
265 284
265 293
265 427
266 301
266 400
266 426
267 353
267 356
268 284
268 348
268 405
268 406
268 432
269 287
269 300
269 316
269 345
269 377
269 387
269 508
270 309
270 345
270 365
270 395
270 448
270 474
270 485
270 502
271 282
271 352
271 381
271 412
271 429
271 468
271 497
272 323
272 376
272 433
272 446
272 454
272 499
273 333
273 359
273 426
273 468
273 485
273 500
274 290
274 293
274 300
274 301
274 413
275 278
275 289
275 296
275 335
275 411
275 466
276 348
276 369
276 431
276 504
277 280
277 381
277 426
277 490
277 491
277 494
278 280
278 286
278 302
278 306
278 355
278 415
278 479
278 489
279 416
279 440
279 441
279 473
279 474
279 478
280 303
280 331
280 457
280 466
280 478
281 294
281 295
281 323
281 374
281 387
281 490
281 494
282 287
282 317
282 468
282 473
282 483
283 287
283 375
283 378
283 428
283 435
283 465
283 466
284 378
284 396
284 402
284 422
285 288
285 310
285 444
285 508
286 289
286 316
286 385
286 454
286 475
286 494
287 304
287 366
287 376
287 386
287 413
287 460
287 473
287 487
288 310
288 346
288 376
288 455
288 487
288 502
289 362
289 440
289 469
289 480
290 338
290 383
291 342
291 459
291 471
292 297
292 362
292 471
292 477
292 505
292 510
293 307
293 384
293 495
294 304
294 496
294 510
295 314
295 372
295 435
295 481
295 485
296 303
296 331
296 350
296 411
296 440
296 461
296 500
297 382
297 436
297 457
297 500
298 346
298 349
298 368
298 413
298 432
298 444
298 486
299 445
299 510
300 301
300 367
300 410
300 451
300 476
300 495
301 310
301 346
301 370
301 412
301 464
301 478
301 483
301 500
302 424
302 434
302 480
302 482
303 320
303 349
303 364
303 390
303 408
303 428
303 450
303 468
303 482
303 495
304 309
304 390
304 393
304 424
305 361
305 397
305 425
305 463
305 489
305 498
306 321
306 372
306 379
306 461
306 473
307 381
307 459
308 310
308 352
308 377
308 496
308 506
309 328
309 364
309 407
309 409
309 432
309 478
310 344
310 361
310 423
310 476
311 336
311 341
311 363
312 338
312 347
312 356
312 359
312 391
312 402
312 405
312 420
312 443
312 463
312 483
313 318
313 342
313 358
313 370
313 424
313 436
313 445
314 336
314 403
315 325
315 354
315 379
315 451
315 491
315 501
316 336
316 356
316 434
316 438
316 494
316 498
316 509
317 357
317 443
317 452
317 510
318 327
318 351
318 372
318 443
318 465
319 326
319 339
319 412
319 471
319 485
320 410
320 487
320 489
321 337
321 340
321 394
321 425
321 451
321 484
321 494
321 497
321 503
322 480
323 337
323 350
323 432
323 484
323 487
324 373
324 376
324 387
324 448
325 384
325 403
325 453
325 455
326 388
326 407
326 411
326 425
326 460
327 427
327 432
327 467
327 470
328 347
328 462
328 504
329 350
329 356
329 425
329 435
329 471
330 377
330 393
330 495
331 355
331 439
331 510
332 346
332 356
332 375
332 435
332 446
332 490
333 342
333 354
333 356
333 374
333 388
333 420
334 340
334 418
334 460
334 487
335 385
335 409
335 424
335 453
335 502
335 511
336 366
336 399
336 400
336 411
336 511
337 376
337 440
338 370
338 394
338 418
338 446
339 340
339 344
339 386
339 407
339 429
339 473
340 491
341 456
341 483
341 484
342 362
343 412
343 473
344 370
344 376
344 436
344 462
344 465
344 489
345 393
345 492
346 374
346 405
346 411
346 485
346 489
347 374
347 423
347 444
347 481
348 375
348 460
349 353
349 395
349 441
350 406
350 429
350 483
350 493
351 352
352 437
352 443
352 486
353 406
353 422
353 492
353 493
354 364
354 424
354 510
355 380
355 429
355 446
355 467
355 493
355 509
356 359
356 408
357 368
357 414
357 441
357 443
357 464
357 479
357 492
358 368
358 392
358 411
359 405
359 486
360 460
360 502
361 373
361 472
361 483
361 511
362 404
362 426
362 468
362 493
363 431
363 443
363 494
364 387
364 417
365 370
365 380
365 390
365 399
365 407
365 441
365 454
365 475
366 433
366 446
366 455
366 508
367 402
367 437
367 439
367 502
368 427
368 446
368 501
369 389
369 460
369 471
369 491
370 400
371 397
371 410
372 420
372 452
373 395
373 413
373 437
373 460
373 468
374 405
374 451
375 396
375 422
376 380
376 451
376 456
376 487
377 415
377 427
377 470
377 484
378 436
378 458
378 470
378 483
379 397
379 499
379 504
380 484
380 495
381 394
381 400
381 453
381 486
381 492
382 385
382 447
382 457
382 468
382 478
382 480
383 434
384 509
385 410
386 388
386 405
386 427
387 412
387 414
387 418
387 434
387 493
387 501
388 403
388 410
388 442
388 457
388 461
389 396
389 425
389 448
389 502
390 437
390 476
390 511
391 406
391 426
391 494
392 446
392 499
392 502
392 503
392 504
392 505
393 424
393 455
394 404
394 446
394 456
395 435
395 463
395 467
398 469
398 472
399 419
399 447
399 506
400 478
400 498
401 499
402 408
402 436
402 466
402 494
402 499
403 429
403 499
403 501
404 434
404 497
406 431
406 457
406 464
406 467
406 478
406 490
406 505
408 424
408 469
409 415
409 461
409 492
410 459
411 430
411 460
412 447
412 449
412 504
414 433
414 458
414 478
415 440
415 456
415 492
416 427
416 436
416 446
417 475
418 505
419 488
420 480
420 502
421 453
421 461
421 483
421 484
422 432
422 470
422 473
423 468
424 435
424 437
424 453
424 490
424 500
425 432
425 437
425 481
426 438
426 480
426 486
426 492
426 500
427 498
429 432
429 463
429 475
429 497
431 498
432 452
432 464
434 480
435 438
435 442
435 446
437 472
437 493
438 443
438 485
438 487
438 501
440 456
440 465
440 484
440 500
441 501
442 459
444 470
445 486
447 465
447 466
447 491
447 504
449 489
451 453
452 456
452 485
453 454
453 456
453 490
455 457
455 462
455 476
457 477
457 500
457 503
458 501
458 503
459 469
459 486
459 490
460 476
460 495
460 504
460 508
461 484
461 502
463 473
463 490
464 507
465 489
468 477
468 485
469 475
469 483
470 507
472 488
473 481
474 510
475 496
478 503
479 481
479 502
479 506
481 496
481 501
484 498
487 500
487 503
489 491
489 495
490 491
498 500
