0 10
0 11
0 12
0 13
0 14
0 15
0 16
0 17
0 20
0 21
0 24
0 29
0 31
0 33
0 36
0 39
0 44
0 54
0 58
0 61
0 67
0 81
0 96
0 99
0 100
0 104
0 105
0 106
0 108
0 111
0 115
0 124
0 126
0 127
0 128
0 131
0 135
0 139
0 140
0 147
0 148
0 153
0 157
0 161
0 167
0 174
0 175
0 178
0 184
0 193
0 222
0 236
0 239
0 243
0 245
0 250
0 260
0 267
0 278
0 298
0 303
0 320
0 327
0 331
0 340
0 341
0 343
0 351
0 359
0 374
0 391
0 393
0 397
0 402
0 418
0 427
0 441
0 442
0 443
0 459
0 467
0 470
0 484
0 501
0 509
0 532
0 539
0 552
0 562
0 565
0 589
0 600
0 620
0 641
0 643
0 645
0 688
0 689
0 712
0 724
0 775
0 799
0 803
0 808
0 825
0 845
0 854
0 865
0 882
0 909
0 916
0 940
0 990
0 991
1 10
1 11
1 12
1 13
1 14
1 18
1 19
1 20
1 21
1 25
1 26
1 28
1 29
1 30
1 34
1 35
1 37
1 49
1 52
1 54
1 57
1 61
1 69
1 70
1 74
1 83
1 90
1 108
1 111
1 116
1 118
1 142
1 162
1 170
1 175
1 184
1 189
1 197
1 259
1 266
1 282
1 291
1 302
1 310
1 321
1 329
1 338
1 344
1 346
1 355
1 365
1 382
1 399
1 419
1 449
1 456
1 487
1 501
1 508
1 550
1 608
1 638
1 644
1 723
1 724
1 730
1 733
1 779
1 835
1 874
1 895
1 899
1 960
1 986
1 1018
2 10
2 11
2 12
2 13
2 14
2 22
2 23
2 24
2 28
2 29
2 30
2 37
2 39
2 40
2 44
2 50
2 58
2 61
2 65
2 68
2 71
2 116
2 122
2 134
2 141
2 149
2 153
2 157
2 158
2 173
2 178
2 187
2 191
2 196
2 197
2 198
2 199
2 200
2 201
2 211
2 212
2 219
2 230
2 235
2 260
2 288
2 294
2 306
2 309
2 313
2 318
2 319
2 331
2 334
2 342
2 347
2 353
2 362
2 364
2 370
2 376
2 388
2 391
2 392
2 397
2 411
2 492
2 574
2 601
2 608
2 633
2 643
2 656
2 676
2 681
2 684
2 692
2 699
2 703
2 710
2 714
2 721
2 741
2 745
2 754
2 768
2 779
2 793
2 802
2 810
2 813
2 823
2 832
2 842
2 860
2 872
2 890
2 892
2 904
2 905
2 970
2 974
2 977
2 986
3 10
3 11
3 12
3 13
3 19
3 20
3 21
3 23
3 34
3 75
3 94
3 129
3 136
3 182
3 244
3 329
3 403
3 404
3 406
3 408
3 452
3 454
3 461
3 483
3 513
3 552
3 618
3 704
3 706
3 742
3 822
3 845
3 865
3 891
3 895
3 899
3 1001
4 10
4 11
4 12
4 16
4 17
4 18
4 20
4 21
4 24
4 26
4 30
4 39
4 40
4 46
4 49
4 52
4 56
4 58
4 59
4 67
4 69
4 70
4 73
4 75
4 77
4 80
4 94
4 96
4 100
4 112
4 128
4 149
4 155
4 173
4 185
4 200
4 201
4 202
4 220
4 225
4 229
4 235
4 237
4 240
4 248
4 254
4 259
4 282
4 301
4 306
4 312
4 318
4 358
4 360
4 365
4 394
4 402
4 468
4 472
4 491
4 545
4 556
4 582
4 592
4 606
4 617
4 626
4 635
4 636
4 648
4 652
4 687
4 690
4 737
4 775
4 800
4 813
4 815
4 858
4 890
4 908
4 926
4 953
4 981
4 982
4 990
5 10
5 11
5 12
5 13
5 14
5 15
5 16
5 17
5 20
5 21
5 23
5 25
5 26
5 28
5 29
5 31
5 35
5 41
5 43
5 46
5 47
5 60
5 80
5 86
5 94
5 105
5 131
5 133
5 136
5 138
5 146
5 149
5 159
5 167
5 174
5 205
5 246
5 251
5 256
5 265
5 268
5 289
5 306
5 309
5 442
5 485
5 506
5 508
5 538
5 549
5 553
5 567
5 627
5 630
5 678
5 712
5 716
5 724
5 758
5 796
5 822
5 852
5 871
5 910
5 935
5 958
5 977
5 983
6 10
6 14
6 15
6 16
6 24
6 25
6 36
6 45
6 53
6 63
6 68
6 72
6 94
6 118
6 126
6 139
6 144
6 163
6 169
6 195
6 218
6 235
6 260
6 272
6 313
6 321
6 322
6 341
6 352
6 357
6 367
6 412
6 480
6 579
6 680
6 694
6 753
6 761
6 766
6 827
6 867
6 906
6 962
6 970
7 10
7 11
7 12
7 13
7 15
7 16
7 17
7 20
7 22
7 25
7 26
7 27
7 29
7 37
7 44
7 46
7 48
7 51
7 73
7 106
7 117
7 126
7 127
7 129
7 143
7 159
7 165
7 174
7 194
7 211
7 217
7 233
7 237
7 254
7 263
7 334
7 351
7 394
7 423
7 459
7 463
7 472
7 535
7 556
7 559
7 560
7 579
7 587
7 601
7 607
7 624
7 645
7 703
7 769
7 803
7 808
7 812
7 818
7 824
7 878
7 879
7 971
7 1012
7 1023
8 10
8 11
8 12
8 13
8 14
8 15
8 29
8 31
8 45
8 47
8 58
8 66
8 70
8 71
8 88
8 98
8 102
8 149
8 165
8 217
8 221
8 265
8 276
8 300
8 310
8 323
8 381
8 423
8 431
8 471
8 474
8 488
8 512
8 546
8 646
8 651
8 655
8 687
8 816
8 861
8 1005
9 10
9 11
9 15
9 16
9 18
9 22
9 27
9 50
9 73
9 75
9 92
9 140
9 247
9 286
9 293
9 391
9 405
9 447
9 494
9 498
9 620
9 675
9 696
9 702
9 736
9 740
9 779
9 841
9 869
9 952
9 968
10 11
10 12
10 13
10 14
10 15
10 17
10 18
10 19
10 20
10 22
10 23
10 24
10 25
10 26
10 28
10 34
10 35
10 36
10 38
10 44
10 45
10 48
10 49
10 50
10 53
10 64
10 70
10 75
10 78
10 79
10 81
10 82
10 89
10 91
10 97
10 109
10 119
10 126
10 133
10 143
10 145
10 146
10 147
10 158
10 166
10 172
10 173
10 180
10 188
10 194
10 212
10 226
10 234
10 236
10 245
10 265
10 268
10 271
10 274
10 277
10 281
10 284
10 285
10 291
10 307
10 309
10 310
10 318
10 351
10 367
10 369
10 383
10 385
10 391
10 399
10 405
10 412
10 430
10 431
10 448
10 453
10 465
10 467
10 493
10 521
10 533
10 542
10 564
10 572
10 577
10 590
10 603
10 605
10 632
10 644
10 660
10 664
10 672
10 681
10 682
10 691
10 692
10 718
10 719
10 723
10 757
10 760
10 762
10 774
10 790
10 794
10 795
10 832
10 851
10 871
10 877
10 903
10 906
10 916
10 935
10 942
10 973
10 981
10 985
11 12
11 13
11 14
11 18
11 19
11 20
11 22
11 27
11 30
11 32
11 36
11 38
11 41
11 44
11 51
11 52
11 58
11 64
11 65
11 70
11 73
11 74
11 77
11 84
11 86
11 88
11 93
11 100
11 101
11 109
11 112
11 115
11 120
11 121
11 159
11 160
11 175
11 177
11 180
11 187
11 195
11 203
11 225
11 232
11 240
11 242
11 256
11 257
11 258
11 263
11 269
11 271
11 272
11 286
11 288
11 295
11 310
11 314
11 316
11 326
11 330
11 342
11 343
11 347
11 363
11 365
11 366
11 379
11 391
11 406
11 420
11 444
11 450
11 451
11 452
11 458
11 470
11 478
11 517
11 520
11 540
11 542
11 547
11 555
11 588
11 593
11 607
11 613
11 660
11 665
11 666
11 706
11 717
11 760
11 761
11 762
11 764
11 769
11 771
11 775
11 782
11 786
11 813
11 817
11 825
11 827
11 833
11 842
11 844
11 854
11 862
11 868
11 876
11 884
11 915
11 928
11 936
11 938
11 987
12 13
12 14
12 15
12 16
12 17
12 18
12 19
12 20
12 21
12 22
12 24
12 25
12 26
12 27
12 28
12 32
12 33
12 34
12 36
12 38
12 41
12 42
12 46
12 49
12 53
12 54
12 57
12 62
12 63
12 64
12 65
12 75
12 78
12 82
12 87
12 91
12 92
12 95
12 101
12 102
12 103
12 107
12 112
12 119
12 122
12 126
12 127
12 128
12 130
12 133
12 134
12 142
12 143
12 150
12 153
12 158
12 165
12 167
12 170
12 172
12 181
12 182
12 183
12 200
12 209
12 218
12 220
12 221
12 223
12 246
12 257
12 260
12 265
12 271
12 279
12 309
12 310
12 319
12 338
12 344
12 345
12 350
12 354
12 359
12 361
12 365
12 376
12 379
12 389
12 393
12 394
12 395
12 402
12 403
12 417
12 435
12 444
12 450
12 454
12 459
12 460
12 461
12 464
12 469
12 478
12 479
12 489
12 490
12 499
12 500
12 506
12 507
12 510
12 516
12 526
12 556
12 592
12 626
12 633
12 634
12 639
12 650
12 686
12 701
12 708
12 711
12 725
12 745
12 750
12 781
12 820
12 829
12 892
12 901
12 905
12 930
12 979
12 984
12 997
12 1003
12 1022
13 14
13 15
13 16
13 17
13 18
13 19
13 21
13 22
13 25
13 28
13 34
13 36
13 42
13 45
13 46
13 47
13 50
13 53
13 54
13 55
13 57
13 58
13 59
13 61
13 63
13 65
13 66
13 74
13 75
13 79
13 80
13 83
13 86
13 87
13 89
13 93
13 95
13 98
13 99
13 100
13 101
13 104
13 106
13 108
13 113
13 115
13 121
13 129
13 130
13 133
13 134
13 136
13 137
13 148
13 154
13 155
13 161
13 172
13 192
13 194
13 197
13 208
13 216
13 221
13 223
13 237
13 239
13 240
13 243
13 247
13 249
13 253
13 254
13 261
13 267
13 270
13 276
13 290
13 296
13 298
13 307
13 308
13 323
13 330
13 337
13 347
13 366
13 370
13 395
13 413
13 415
13 426
13 435
13 450
13 466
13 477
13 479
13 480
13 481
13 487
13 513
13 531
13 534
13 552
13 554
13 570
13 572
13 586
13 589
13 593
13 609
13 614
13 623
13 631
13 644
13 664
13 669
13 672
13 674
13 685
13 713
13 716
13 760
13 766
13 770
13 799
13 818
13 833
13 834
13 837
13 839
13 845
13 849
13 873
13 900
13 908
13 933
13 954
13 962
13 966
13 969
13 973
13 1012
13 1019
13 1021
14 15
14 16
14 17
14 18
14 23
14 24
14 27
14 29
14 30
14 32
14 34
14 35
14 39
14 40
14 41
14 42
14 48
14 51
14 52
14 55
14 57
14 60
14 66
14 74
14 75
14 76
14 77
14 81
14 83
14 91
14 99
14 103
14 105
14 109
14 115
14 118
14 133
14 136
14 144
14 146
14 155
14 157
14 158
14 166
14 171
14 177
14 180
14 181
14 186
14 189
14 190
14 198
14 202
14 204
14 210
14 212
14 215
14 236
14 240
14 249
14 251
14 257
14 263
14 269
14 271
14 273
14 274
14 278
14 297
14 308
14 320
14 323
14 332
14 341
14 348
14 353
14 356
14 364
14 383
14 396
14 398
14 423
14 424
14 425
14 439
14 442
14 444
14 447
14 457
14 461
14 478
14 492
14 493
14 509
14 543
14 564
14 583
14 585
14 600
14 610
14 623
14 630
14 644
14 645
14 649
14 662
14 666
14 676
14 678
14 679
14 681
14 695
14 697
14 718
14 721
14 722
14 729
14 737
14 740
14 746
14 771
14 775
14 786
14 790
14 795
14 807
14 817
14 841
14 856
14 881
14 909
14 922
14 944
14 948
14 951
14 983
14 995
14 1003
14 1020
15 16
15 17
15 18
15 19
15 21
15 23
15 26
15 27
15 28
15 29
15 30
15 31
15 32
15 33
15 35
15 36
15 37
15 38
15 40
15 43
15 47
15 48
15 49
15 50
15 51
15 53
15 55
15 56
15 59
15 61
15 63
15 65
15 68
15 72
15 77
15 78
15 79
15 81
15 82
15 84
15 90
15 92
15 95
15 99
15 101
15 105
15 108
15 115
15 118
15 119
15 123
15 135
15 156
15 160
15 172
15 175
15 191
15 198
15 201
15 207
15 213
15 217
15 241
15 256
15 259
15 261
15 264
15 270
15 280
15 290
15 295
15 296
15 298
15 304
15 305
15 310
15 313
15 317
15 323
15 328
15 344
15 345
15 349
15 377
15 378
15 399
15 408
15 422
15 424
15 452
15 494
15 498
15 500
15 504
15 505
15 510
15 571
15 606
15 617
15 618
15 619
15 620
15 622
15 625
15 628
15 645
15 647
15 664
15 666
15 676
15 689
15 701
15 705
15 715
15 727
15 731
15 764
15 769
15 792
15 843
15 874
15 876
15 890
15 892
15 896
15 918
15 929
15 932
15 961
15 987
15 999
15 1011
15 1014
15 1017
16 17
16 18
16 19
16 22
16 24
16 26
16 31
16 32
16 33
16 36
16 37
16 38
16 42
16 43
16 45
16 46
16 48
16 52
16 54
16 55
16 56
16 60
16 62
16 67
16 68
16 69
16 72
16 74
16 77
16 83
16 84
16 85
16 86
16 88
16 98
16 105
16 110
16 119
16 120
16 121
16 124
16 126
16 127
16 133
16 137
16 138
16 155
16 161
16 165
16 171
16 176
16 181
16 185
16 187
16 200
16 209
16 215
16 216
16 217
16 224
16 229
16 262
16 264
16 286
16 293
16 301
16 302
16 318
16 344
16 362
16 368
16 370
16 374
16 375
16 382
16 388
16 393
16 408
16 429
16 436
16 445
16 475
16 476
16 504
16 518
16 526
16 537
16 558
16 571
16 597
16 620
16 635
16 649
16 673
16 691
16 696
16 702
16 706
16 732
16 736
16 749
16 761
16 764
16 775
16 815
16 830
16 841
16 865
16 869
16 899
16 901
16 922
16 955
16 971
16 977
16 981
16 994
16 1005
16 1015
17 19
17 20
17 21
17 22
17 23
17 24
17 26
17 30
17 32
17 35
17 37
17 39
17 40
17 41
17 43
17 45
17 46
17 47
17 52
17 57
17 65
17 66
17 71
17 77
17 79
17 81
17 85
17 99
17 104
17 114
17 115
17 119
17 123
17 124
17 125
17 135
17 137
17 140
17 142
17 143
17 145
17 150
17 151
17 155
17 157
17 158
17 159
17 169
17 172
17 185
17 186
17 190
17 191
17 193
17 204
17 211
17 214
17 223
17 224
17 225
17 234
17 236
17 244
17 261
17 271
17 272
17 273
17 284
17 294
17 298
17 303
17 307
17 312
17 315
17 318
17 322
17 336
17 338
17 341
17 343
17 354
17 368
17 376
17 377
17 386
17 387
17 392
17 398
17 410
17 415
17 422
17 423
17 428
17 441
17 443
17 449
17 455
17 464
17 472
17 486
17 489
17 519
17 540
17 544
17 572
17 580
17 590
17 637
17 649
17 659
17 661
17 667
17 673
17 686
17 690
17 722
17 728
17 730
17 755
17 773
17 774
17 785
17 818
17 835
17 845
17 847
17 848
17 855
17 865
17 876
17 891
17 907
17 934
17 945
17 950
17 962
17 979
17 995
17 1012
17 1015
18 19
18 21
18 27
18 28
18 33
18 34
18 38
18 42
18 49
18 53
18 70
18 77
18 78
18 80
18 91
18 96
18 98
18 108
18 112
18 114
18 118
18 135
18 150
18 162
18 166
18 188
18 197
18 210
18 228
18 229
18 231
18 232
18 243
18 250
18 257
18 285
18 289
18 299
18 319
18 326
18 352
18 353
18 362
18 363
18 375
18 381
18 386
18 393
18 414
18 416
18 430
18 434
18 452
18 470
18 483
18 493
18 502
18 513
18 517
18 526
18 533
18 534
18 552
18 569
18 575
18 576
18 581
18 601
18 606
18 642
18 646
18 648
18 653
18 682
18 729
18 731
18 738
18 759
18 823
18 840
18 858
18 864
18 903
18 947
18 952
18 955
18 998
18 1003
18 1016
19 23
19 25
19 26
19 27
19 32
19 33
19 34
19 39
19 51
19 56
19 58
19 64
19 71
19 76
19 79
19 80
19 82
19 83
19 84
19 88
19 89
19 92
19 100
19 109
19 121
19 127
19 137
19 152
19 180
19 197
19 198
19 203
19 204
19 216
19 222
19 243
19 249
19 263
19 265
19 293
19 309
19 321
19 322
19 329
19 373
19 386
19 400
19 425
19 427
19 515
19 517
19 518
19 541
19 574
19 577
19 590
19 611
19 621
19 627
19 635
19 663
19 665
19 675
19 679
19 690
19 706
19 707
19 736
19 753
19 778
19 789
19 793
19 829
19 872
19 876
19 879
19 882
19 905
19 923
20 22
20 23
20 29
20 33
20 35
20 39
20 40
20 44
20 51
20 63
20 64
20 66
20 86
20 87
20 88
20 89
20 107
20 110
20 116
20 121
20 123
20 127
20 140
20 145
20 162
20 166
20 188
20 203
20 204
20 215
20 228
20 232
20 240
20 243
20 244
20 253
20 261
20 263
20 279
20 295
20 309
20 314
20 321
20 331
20 340
20 356
20 365
20 366
20 375
20 394
20 414
20 432
20 448
20 452
20 457
20 461
20 466
20 498
20 499
20 522
20 584
20 610
20 631
20 661
20 707
20 723
20 727
20 730
20 793
20 812
20 857
20 879
20 899
20 905
20 912
20 924
20 937
20 963
20 975
20 1010
20 1022
20 1023
21 23
21 25
21 27
21 28
21 31
21 35
21 36
21 39
21 43
21 44
21 50
21 52
21 66
21 69
21 71
21 84
21 97
21 98
21 105
21 113
21 122
21 130
21 134
21 151
21 152
21 179
21 183
21 185
21 203
21 215
21 219
21 240
21 245
21 256
21 262
21 270
21 294
21 311
21 317
21 348
21 387
21 404
21 407
21 411
21 425
21 431
21 434
21 438
21 439
21 447
21 516
21 518
21 529
21 534
21 562
21 583
21 595
21 600
21 603
21 614
21 633
21 637
21 660
21 662
21 663
21 679
21 685
21 722
21 730
21 802
21 821
21 833
21 843
21 844
21 854
21 855
21 929
21 971
22 28
22 32
22 53
22 68
22 113
22 135
22 211
22 213
22 218
22 282
22 362
22 388
22 415
22 444
22 479
22 511
22 579
22 602
22 663
22 669
22 829
23 24
23 25
23 27
23 29
23 31
23 33
23 38
23 40
23 41
23 45
23 48
23 51
23 55
23 59
23 71
23 72
23 85
23 86
23 93
23 95
23 98
23 104
23 111
23 114
23 147
23 152
23 184
23 187
23 191
23 205
23 206
23 219
23 230
23 237
23 253
23 255
23 256
23 268
23 271
23 318
23 349
23 363
23 375
23 384
23 418
23 430
23 456
23 492
23 516
23 527
23 533
23 550
23 637
23 651
23 675
23 696
23 707
23 717
23 723
23 741
23 761
23 791
23 820
23 830
23 837
23 842
23 883
23 887
23 924
23 935
23 936
23 967
23 969
23 975
24 30
24 31
24 32
24 33
24 40
24 48
24 49
24 55
24 59
24 104
24 111
24 118
24 119
24 129
24 131
24 143
24 144
24 153
24 163
24 172
24 213
24 229
24 233
24 262
24 269
24 275
24 289
24 294
24 295
24 300
24 328
24 367
24 372
24 380
24 394
24 401
24 421
24 437
24 460
24 482
24 492
24 552
24 576
24 579
24 584
24 589
24 592
24 604
24 610
24 629
24 646
24 650
24 664
24 667
24 677
24 699
24 723
24 736
24 753
24 761
24 791
24 804
24 819
24 822
24 823
24 837
24 857
24 898
24 908
24 918
24 921
24 925
24 928
24 930
24 950
24 954
24 995
25 34
25 36
25 47
25 55
25 59
25 70
25 81
25 87
25 104
25 112
25 113
25 117
25 139
25 141
25 158
25 166
25 183
25 187
25 195
25 211
25 258
25 271
25 296
25 297
25 298
25 306
25 339
25 355
25 417
25 441
25 449
25 486
25 521
25 530
25 534
25 541
25 572
25 578
25 587
25 598
25 628
25 654
25 672
25 677
25 731
25 732
25 765
25 827
25 828
25 852
25 900
25 908
25 911
25 931
25 1009
25 1019
26 35
26 39
26 40
26 64
26 67
26 76
26 77
26 88
26 97
26 118
26 120
26 155
26 173
26 176
26 178
26 186
26 197
26 214
26 226
26 229
26 230
26 257
26 281
26 298
26 324
26 333
26 346
26 414
26 415
26 437
26 447
26 482
26 488
26 523
26 525
26 537
26 556
26 611
26 622
26 639
26 646
26 683
26 690
26 788
26 859
26 892
26 945
26 1015
27 34
27 42
27 47
27 50
27 51
27 60
27 69
27 71
27 73
27 100
27 109
27 117
27 125
27 157
27 161
27 164
27 168
27 176
27 227
27 234
27 257
27 259
27 267
27 270
27 274
27 279
27 298
27 311
27 318
27 325
27 365
27 391
27 397
27 404
27 429
27 431
27 434
27 438
27 466
27 468
27 514
27 517
27 547
27 578
27 598
27 610
27 650
27 688
27 704
27 711
27 732
27 748
27 787
27 793
27 805
27 856
27 885
27 911
27 999
27 1011
28 30
28 32
28 35
28 37
28 38
28 44
28 53
28 60
28 73
28 75
28 76
28 79
28 94
28 147
28 156
28 175
28 195
28 196
28 205
28 231
28 267
28 271
28 323
28 368
28 382
28 441
28 475
28 502
28 521
28 526
28 612
28 699
28 721
28 745
28 779
28 798
28 848
28 871
28 927
28 945
28 966
29 30
29 31
29 41
29 43
29 46
29 48
29 52
29 62
29 67
29 69
29 70
29 74
29 78
29 85
29 87
29 91
29 97
29 102
29 114
29 117
29 125
29 132
29 135
29 137
29 155
29 163
29 170
29 175
29 179
29 199
29 201
29 208
29 211
29 214
29 217
29 221
29 224
29 228
29 233
29 234
29 243
29 252
29 255
29 261
29 270
29 272
29 275
29 277
29 278
29 303
29 332
29 344
29 349
29 361
29 381
29 383
29 404
29 418
29 433
29 435
29 437
29 450
29 472
29 485
29 490
29 507
29 521
29 526
29 529
29 565
29 578
29 584
29 593
29 635
29 636
29 649
29 692
29 693
29 695
29 707
29 719
29 720
29 724
29 756
29 800
29 884
29 886
29 902
29 903
29 929
29 936
29 952
29 958
29 982
29 984
29 989
29 1005
29 1019
30 31
30 41
30 42
30 55
30 56
30 60
30 63
30 64
30 72
30 73
30 77
30 80
30 92
30 94
30 96
30 97
30 107
30 109
30 113
30 117
30 126
30 132
30 161
30 189
30 197
30 201
30 206
30 213
30 220
30 221
30 222
30 226
30 232
30 238
30 247
30 266
30 280
30 281
30 285
30 313
30 320
30 329
30 342
30 354
30 367
30 377
30 385
30 394
30 409
30 410
30 419
30 468
30 473
30 503
30 519
30 580
30 581
30 588
30 602
30 608
30 611
30 635
30 640
30 643
30 656
30 657
30 666
30 676
30 678
30 693
30 695
30 721
30 730
30 778
30 791
30 794
30 809
30 816
30 819
30 859
30 860
30 868
30 871
30 873
30 933
30 956
30 957
30 959
31 37
31 45
31 48
31 51
31 58
31 61
31 65
31 66
31 67
31 69
31 94
31 110
31 121
31 128
31 129
31 130
31 136
31 158
31 160
31 167
31 170
31 181
31 209
31 215
31 286
31 308
31 335
31 338
31 357
31 383
31 390
31 399
31 411
31 478
31 511
31 544
31 571
31 591
31 594
31 613
31 623
31 661
31 671
31 672
31 674
31 720
31 751
31 795
31 814
31 886
31 902
31 1016
32 33
32 44
32 46
32 52
32 54
32 56
32 58
32 61
32 62
32 64
32 74
32 83
32 91
32 111
32 132
32 138
32 143
32 146
32 150
32 171
32 190
32 202
32 218
32 232
32 264
32 270
32 272
32 283
32 287
32 296
32 326
32 359
32 363
32 373
32 422
32 433
32 458
32 528
32 531
32 571
32 590
32 696
32 709
32 808
32 811
32 862
32 876
32 988
32 1016
33 37
33 44
33 47
33 54
33 61
33 69
33 88
33 92
33 94
33 100
33 166
33 179
33 185
33 190
33 204
33 232
33 259
33 266
33 276
33 285
33 299
33 304
33 316
33 321
33 323
33 329
33 344
33 355
33 374
33 419
33 420
33 425
33 435
33 446
33 457
33 481
33 483
33 486
33 528
33 569
33 590
33 596
33 648
33 650
33 660
33 717
33 737
33 744
33 755
33 776
33 786
33 803
33 850
33 881
33 968
33 980
33 1007
33 1008
34 40
34 41
34 43
34 45
34 50
34 57
34 63
34 65
34 69
34 71
34 73
34 80
34 85
34 94
34 102
34 109
34 110
34 115
34 132
34 151
34 164
34 176
34 182
34 192
34 217
34 239
34 258
34 263
34 266
34 314
34 365
34 395
34 407
34 432
34 478
34 488
34 514
34 557
34 574
34 605
34 625
34 654
34 665
34 700
34 709
34 748
34 784
34 803
34 826
34 853
34 915
34 996
34 997
35 37
35 38
35 42
35 55
35 59
35 60
35 79
35 80
35 130
35 144
35 160
35 184
35 219
35 228
35 277
35 298
35 324
35 333
35 434
35 454
35 496
35 506
35 516
35 595
35 608
35 629
35 647
35 745
35 815
35 822
35 824
35 827
35 848
35 852
35 868
35 875
35 897
35 938
35 945
35 965
35 979
35 998
35 1011
35 1019
36 38
36 43
36 45
36 47
36 54
36 62
36 71
36 72
36 101
36 110
36 113
36 134
36 149
36 177
36 180
36 203
36 217
36 235
36 245
36 255
36 268
36 331
36 353
36 397
36 418
36 448
36 461
36 496
36 501
36 531
36 541
36 543
36 574
36 593
36 596
36 601
36 604
36 616
36 623
36 648
36 656
36 660
36 678
36 745
36 867
36 877
36 904
36 930
36 951
36 972
36 977
36 992
36 1020
37 43
37 61
37 82
37 95
37 103
37 144
37 148
37 153
37 154
37 158
37 159
37 172
37 181
37 182
37 202
37 206
37 207
37 222
37 240
37 268
37 286
37 369
37 372
37 390
37 495
37 575
37 592
37 655
37 691
37 754
37 792
37 807
37 828
37 832
37 834
37 882
37 951
37 954
38 39
38 42
38 49
38 61
38 76
38 77
38 85
38 86
38 91
38 116
38 121
38 126
38 127
38 128
38 130
38 135
38 148
38 165
38 167
38 177
38 187
38 191
38 209
38 212
38 214
38 226
38 268
38 274
38 286
38 303
38 305
38 370
38 392
38 411
38 416
38 441
38 479
38 491
38 542
38 568
38 611
38 619
38 637
38 638
38 697
38 722
38 731
38 789
38 896
38 901
38 934
38 977
38 986
39 98
39 106
39 110
39 130
39 142
39 149
39 168
39 170
39 189
39 196
39 198
39 212
39 227
39 235
39 238
39 251
39 254
39 258
39 327
39 333
39 335
39 337
39 354
39 370
39 415
39 416
39 438
39 467
39 469
39 470
39 472
39 527
39 582
39 597
39 599
39 614
39 648
39 744
39 768
39 864
39 910
40 41
40 53
40 57
40 60
40 65
40 74
40 86
40 89
40 107
40 116
40 120
40 125
40 131
40 141
40 156
40 162
40 164
40 178
40 179
40 188
40 204
40 220
40 289
40 292
40 300
40 334
40 362
40 371
40 388
40 401
40 455
40 467
40 488
40 510
40 553
40 561
40 576
40 583
40 597
40 622
40 639
40 653
40 747
40 814
40 828
40 843
40 856
40 883
40 897
40 919
40 960
40 994
40 1022
41 42
41 46
41 48
41 56
41 78
41 82
41 86
41 87
41 89
41 90
41 101
41 107
41 111
41 114
41 131
41 132
41 135
41 140
41 153
41 174
41 186
41 209
41 239
41 267
41 283
41 291
41 301
41 309
41 313
41 339
41 395
41 437
41 443
41 503
41 521
41 528
41 533
41 544
41 574
41 603
41 620
41 633
41 657
41 677
41 692
41 707
41 720
41 766
41 791
41 795
41 815
41 842
41 865
41 909
41 921
41 922
41 927
41 949
41 970
41 983
41 1010
41 1018
42 43
42 47
42 50
42 52
42 57
42 66
42 76
42 80
42 85
42 103
42 110
42 117
42 124
42 154
42 156
42 177
42 199
42 213
42 233
42 254
42 279
42 288
42 304
42 342
42 413
42 423
42 440
42 453
42 458
42 464
42 469
42 482
42 516
42 530
42 545
42 557
42 558
42 566
42 577
42 624
42 741
42 781
42 875
42 896
42 925
42 939
42 949
42 962
43 68
43 79
43 95
43 121
43 145
43 186
43 191
43 201
43 221
43 264
43 279
43 285
43 294
43 332
43 341
43 358
43 414
43 424
43 475
43 507
43 513
43 520
43 861
43 866
43 880
43 1013
44 53
44 64
44 67
44 68
44 80
44 92
44 97
44 104
44 112
44 132
44 137
44 149
44 156
44 190
44 208
44 214
44 225
44 260
44 278
44 289
44 326
44 328
44 348
44 376
44 381
44 445
44 451
44 473
44 491
44 523
44 531
44 543
44 627
44 673
44 677
44 725
44 746
44 753
44 768
44 792
44 854
44 872
44 873
44 897
44 949
44 1002
44 1005
45 50
45 54
45 60
45 66
45 68
45 69
45 70
45 72
45 75
45 90
45 98
45 99
45 101
45 113
45 121
45 123
45 130
45 142
45 162
45 198
45 215
45 239
45 253
45 255
45 285
45 314
45 320
45 393
45 397
45 432
45 439
45 458
45 474
45 512
45 546
45 559
45 560
45 566
45 658
45 682
45 725
45 727
45 728
45 733
45 752
45 777
45 831
45 833
45 837
45 919
45 950
46 49
46 87
46 91
46 93
46 96
46 124
46 146
46 153
46 199
46 228
46 269
46 279
46 287
46 306
46 328
46 348
46 350
46 372
46 373
46 403
46 404
46 423
46 447
46 532
46 537
46 624
46 647
46 731
46 735
46 829
46 915
47 63
47 87
47 99
47 102
47 125
47 132
47 138
47 186
47 208
47 215
47 228
47 240
47 267
47 270
47 273
47 274
47 290
47 387
47 415
47 421
47 437
47 442
47 486
47 504
47 513
47 537
47 550
47 556
47 583
47 597
47 604
47 615
47 626
47 636
47 638
47 651
47 700
47 750
47 762
47 766
47 789
47 835
47 867
47 991
48 49
48 62
48 72
48 78
48 79
48 88
48 110
48 117
48 122
48 131
48 134
48 141
48 143
48 148
48 154
48 156
48 161
48 162
48 166
48 168
48 185
48 189
48 190
48 195
48 205
48 207
48 213
48 227
48 229
48 232
48 235
48 246
48 248
48 273
48 299
48 315
48 325
48 335
48 361
48 372
48 395
48 408
48 419
48 444
48 450
48 452
48 500
48 537
48 566
48 573
48 584
48 607
48 687
48 731
48 732
48 733
48 734
48 747
48 779
48 810
48 816
48 828
48 844
48 850
48 889
48 913
48 939
48 963
48 965
48 966
49 55
49 56
49 57
49 58
49 59
49 64
49 73
49 75
49 76
49 78
49 82
49 84
49 87
49 93
49 99
49 102
49 104
49 105
49 133
49 139
49 142
49 144
49 160
49 185
49 199
49 219
49 226
49 233
49 247
49 249
49 261
49 277
49 279
49 292
49 297
49 306
49 308
49 309
49 316
49 321
49 334
49 338
49 346
49 358
49 361
49 411
49 423
49 435
49 454
49 465
49 481
49 486
49 487
49 508
49 511
49 534
49 535
49 546
49 554
49 582
49 609
49 619
49 637
49 676
49 687
49 694
49 696
49 724
49 754
49 758
49 772
49 810
49 859
49 896
49 899
49 913
49 916
49 946
49 989
49 997
49 1011
49 1016
50 51
50 56
50 74
50 101
50 114
50 124
50 168
50 197
50 199
50 209
50 210
50 215
50 217
50 224
50 237
50 284
50 293
50 300
50 373
50 392
50 397
50 450
50 487
50 503
50 534
50 567
50 573
50 586
50 621
50 658
50 662
50 695
50 704
50 748
50 757
50 761
50 780
50 891
50 898
50 901
50 911
50 992
51 54
51 62
51 63
51 95
51 117
51 139
51 144
51 173
51 196
51 220
51 228
51 230
51 231
51 241
51 245
51 255
51 260
51 287
51 327
51 336
51 351
51 364
51 417
51 500
51 554
51 645
51 650
51 662
51 688
51 764
51 791
51 838
51 847
51 861
51 925
51 997
52 56
52 63
52 70
52 105
52 106
52 135
52 146
52 154
52 162
52 188
52 202
52 236
52 242
52 254
52 260
52 264
52 335
52 438
52 439
52 456
52 532
52 569
52 612
52 617
52 646
52 668
52 682
52 731
52 783
52 799
52 849
52 879
52 891
52 948
52 974
52 991
52 1019
53 57
53 62
53 65
53 81
53 88
53 114
53 143
53 160
53 173
53 177
53 178
53 181
53 190
53 202
53 228
53 230
53 276
53 287
53 304
53 345
53 369
53 393
53 405
53 415
53 444
53 462
53 496
53 578
53 588
53 597
53 674
53 806
53 817
53 837
53 848
53 940
53 947
53 967
53 971
53 1020
54 67
54 83
54 84
54 92
54 99
54 107
54 109
54 124
54 127
54 138
54 148
54 151
54 208
54 225
54 320
54 347
54 348
54 352
54 370
54 449
54 469
54 475
54 501
54 505
54 563
54 631
54 645
54 668
54 681
54 691
54 938
54 940
54 962
55 59
55 92
55 121
55 122
55 125
55 136
55 145
55 159
55 164
55 180
55 187
55 194
55 215
55 227
55 238
55 252
55 272
55 282
55 389
55 459
55 473
55 517
55 542
55 559
55 579
55 642
55 671
55 702
55 711
55 740
55 774
55 843
55 971
55 992
55 997
55 1008
56 71
56 90
56 141
56 146
56 163
56 174
56 179
56 223
56 273
56 293
56 305
56 324
56 364
56 367
56 389
56 425
56 431
56 462
56 482
56 522
56 586
56 599
56 636
56 653
56 684
56 767
56 768
56 846
56 864
56 867
56 946
56 972
57 62
57 97
57 98
57 116
57 122
57 140
57 147
57 150
57 180
57 193
57 212
57 225
57 284
57 354
57 360
57 371
57 372
57 378
57 384
57 502
57 509
57 526
57 540
57 574
57 683
57 742
57 749
57 943
57 955
58 59
58 62
58 73
58 76
58 83
58 160
58 247
58 279
58 287
58 297
58 323
58 337
58 416
58 449
58 516
58 535
58 541
58 558
58 570
58 630
58 691
58 729
58 746
58 770
58 782
58 863
58 879
58 978
58 1006
59 60
59 76
59 81
59 82
59 85
59 88
59 89
59 90
59 96
59 108
59 115
59 123
59 138
59 142
59 151
59 161
59 163
59 165
59 171
59 184
59 185
59 194
59 222
59 230
59 237
59 239
59 245
59 251
59 290
59 294
59 299
59 310
59 326
59 340
59 341
59 398
59 400
59 416
59 421
59 433
59 464
59 486
59 490
59 504
59 520
59 539
59 541
59 558
59 630
59 656
59 658
59 665
59 689
59 721
59 733
59 796
59 802
59 875
59 933
59 959
59 999
60 94
60 132
60 140
60 145
60 154
60 192
60 193
60 219
60 262
60 300
60 351
60 471
60 491
60 494
60 520
60 550
60 562
60 579
60 608
60 631
60 632
60 642
60 651
60 660
60 671
60 747
60 762
60 815
60 956
60 1015
61 72
61 76
61 79
61 90
61 95
61 105
61 119
61 129
61 133
61 136
61 151
61 154
61 161
61 162
61 189
61 193
61 198
61 200
61 201
61 205
61 243
61 257
61 273
61 280
61 281
61 308
61 312
61 313
61 316
61 319
61 356
61 393
61 405
61 500
61 556
61 564
61 578
61 607
61 625
61 717
61 748
61 757
61 768
61 801
61 859
61 862
61 874
61 880
61 889
61 921
61 1000
62 66
62 67
62 93
62 108
62 118
62 119
62 156
62 193
62 206
62 217
62 235
62 238
62 252
62 270
62 290
62 308
62 359
62 396
62 409
62 479
62 485
62 600
62 637
62 767
62 916
62 946
63 87
63 110
63 139
63 194
63 209
63 219
63 290
63 332
63 364
63 425
63 433
63 436
63 461
63 465
63 480
63 481
63 508
63 523
63 593
63 595
63 628
63 653
63 713
63 831
63 859
63 867
63 879
63 929
63 962
63 966
64 90
64 91
64 93
64 100
64 111
64 112
64 118
64 129
64 163
64 174
64 185
64 189
64 198
64 207
64 208
64 209
64 236
64 242
64 250
64 251
64 259
64 272
64 289
64 293
64 295
64 296
64 323
64 324
64 337
64 360
64 362
64 387
64 389
64 420
64 452
64 513
64 563
64 581
64 600
64 633
64 641
64 673
64 675
64 686
64 701
64 754
64 796
64 812
64 817
64 837
64 892
64 906
64 933
64 958
65 67
65 68
65 95
65 102
65 103
65 139
65 150
65 151
65 153
65 179
65 192
65 250
65 274
65 378
65 404
65 429
65 486
65 489
65 584
65 610
65 620
65 667
65 689
65 758
65 765
65 778
65 812
65 846
65 867
65 930
66 85
66 92
66 93
66 103
66 106
66 176
66 208
66 246
66 250
66 273
66 283
66 325
66 339
66 439
66 448
66 476
66 511
66 546
66 961
66 970
67 68
67 96
67 138
67 172
67 202
67 205
67 219
67 230
67 234
67 279
67 343
67 395
67 405
67 455
67 609
67 670
67 711
67 747
67 757
67 765
67 791
68 104
68 163
68 251
68 508
68 584
68 585
68 652
68 821
68 840
69 199
69 239
69 264
69 272
69 278
69 400
69 408
69 483
69 587
69 631
69 638
69 669
69 786
69 798
69 835
69 927
69 948
69 974
69 995
70 72
70 78
70 81
70 82
70 90
70 113
70 154
70 164
70 172
70 202
70 241
70 245
70 247
70 252
70 281
70 283
70 351
70 363
70 383
70 396
70 424
70 446
70 480
70 533
70 580
70 595
70 596
70 604
70 657
70 791
70 834
70 948
70 962
70 963
70 967
70 987
70 1016
71 74
71 124
71 127
71 183
71 224
71 236
71 325
71 349
71 372
71 374
71 389
71 421
71 424
71 443
71 445
71 462
71 472
71 509
71 517
71 549
71 593
71 627
71 680
71 726
71 799
71 831
71 917
71 954
71 985
72 78
72 126
72 136
72 156
72 165
72 168
72 169
72 178
72 183
72 186
72 192
72 223
72 229
72 269
72 319
72 374
72 387
72 416
72 428
72 433
72 494
72 525
72 558
72 570
72 590
72 621
72 625
72 638
72 764
72 767
72 823
72 921
72 928
72 938
72 996
73 96
73 104
73 106
73 122
73 123
73 124
73 125
73 149
73 160
73 177
73 222
73 231
73 331
73 369
73 396
73 414
73 440
73 661
73 705
73 781
73 831
73 883
74 83
74 108
74 134
74 143
74 148
74 156
74 157
74 185
74 213
74 214
74 235
74 260
74 264
74 302
74 324
74 398
74 409
74 427
74 437
74 440
74 481
74 507
74 589
74 606
74 609
74 618
74 656
74 673
74 836
75 97
75 159
75 167
75 183
75 210
75 291
75 324
75 325
75 330
75 353
75 428
75 473
75 495
75 501
75 564
75 618
75 642
75 670
75 703
75 706
75 1015
75 1019
76 82
76 83
76 84
76 122
76 170
76 261
76 294
76 296
76 317
76 336
76 354
76 373
76 419
76 463
76 621
76 678
76 696
76 698
76 716
76 790
76 829
76 854
76 904
76 917
76 920
76 977
77 85
77 86
77 128
77 132
77 148
77 211
77 214
77 245
77 247
77 288
77 352
77 356
77 384
77 390
77 399
77 430
77 437
77 539
77 605
77 628
77 767
77 772
77 897
77 907
77 962
77 983
77 1011
78 98
78 110
78 123
78 153
78 154
78 155
78 179
78 238
78 290
78 322
78 327
78 336
78 359
78 362
78 396
78 437
78 445
78 451
78 464
78 509
78 589
78 602
78 604
78 655
78 695
78 728
78 732
78 756
78 768
78 770
78 789
78 794
78 820
78 910
78 914
78 978
78 1004
79 81
79 84
79 97
79 107
79 111
79 152
79 157
79 171
79 189
79 223
79 252
79 262
79 293
79 361
79 368
79 412
79 427
79 430
79 438
79 464
79 484
79 493
79 523
79 527
79 565
79 701
79 739
79 802
79 937
79 1013
80 89
80 96
80 101
80 119
80 120
80 131
80 138
80 146
80 157
80 173
80 183
80 189
80 195
80 225
80 265
80 268
80 291
80 319
80 325
80 329
80 334
80 339
80 371
80 388
80 430
80 443
80 461
80 471
80 477
80 570
80 613
80 680
80 688
80 721
80 772
80 794
80 834
80 883
80 953
80 965
81 100
81 120
81 152
81 213
81 219
81 248
81 253
81 273
81 305
81 446
81 453
81 497
81 505
81 541
81 557
81 657
81 682
81 784
81 805
81 845
81 936
82 89
82 91
82 96
82 108
82 112
82 134
82 155
82 181
82 195
82 203
82 209
82 253
82 300
82 342
82 369
82 397
82 466
82 540
82 553
82 560
82 580
82 670
82 720
82 780
82 848
82 870
82 955
82 992
83 84
83 90
83 99
83 102
83 108
83 137
83 140
83 141
83 163
83 167
83 226
83 235
83 281
83 352
83 387
83 418
83 444
83 494
83 540
83 683
83 729
83 750
83 771
83 843
84 97
84 124
84 141
84 182
84 188
84 216
84 227
84 248
84 270
84 277
84 324
84 342
84 394
84 419
84 499
84 551
84 576
84 652
84 679
84 702
84 720
84 723
84 820
84 907
84 1013
85 89
85 116
85 120
85 133
85 168
85 206
85 223
85 265
85 275
85 291
85 360
85 370
85 376
85 391
85 398
85 409
85 440
85 572
85 575
85 771
85 772
85 977
85 980
85 995
85 1007
86 93
86 102
86 149
86 200
86 207
86 210
86 218
86 254
86 262
86 305
86 327
86 387
86 416
86 431
86 445
86 463
86 469
86 500
86 527
86 674
86 708
86 714
86 741
86 805
86 966
87 195
87 218
87 268
87 307
87 455
87 505
87 530
87 556
87 569
87 675
87 735
87 987
88 100
88 103
88 125
88 129
88 134
88 138
88 139
88 145
88 175
88 182
88 188
88 200
88 255
88 259
88 302
88 305
88 317
88 347
88 352
88 373
88 375
88 475
88 489
88 537
88 545
88 568
88 581
88 589
88 601
88 640
88 642
88 690
88 738
88 771
88 774
88 807
88 808
88 834
88 858
88 873
88 942
89 103
89 109
89 115
89 151
89 169
89 188
89 209
89 224
89 238
89 241
89 250
89 275
89 282
89 299
89 322
89 352
89 375
89 394
89 429
89 441
89 450
89 494
89 580
89 608
89 655
89 697
89 755
89 809
89 826
89 835
89 924
89 926
89 967
89 974
89 987
90 141
90 171
90 213
90 295
90 305
90 308
90 346
90 393
90 518
90 522
90 549
90 554
90 679
90 762
90 955
90 978
91 103
91 106
91 123
91 128
91 143
91 198
91 676
92 93
92 95
92 106
92 113
92 146
92 148
92 149
92 152
92 175
92 204
92 226
92 332
92 349
92 384
92 429
92 449
92 473
92 483
92 497
92 595
92 679
92 785
92 817
92 860
92 945
93 103
93 109
93 169
93 220
93 301
93 341
93 378
93 386
93 400
93 478
93 490
93 521
93 524
93 598
93 670
93 723
93 850
93 853
93 867
93 925
93 939
93 1007
93 1019
94 126
94 171
94 194
94 196
94 244
94 249
94 255
94 296
94 325
94 330
94 355
94 406
94 413
94 416
94 419
94 474
94 495
94 514
94 524
94 613
94 619
94 640
94 666
94 712
94 713
94 752
94 783
94 817
94 876
94 878
95 105
95 114
95 125
95 135
95 145
95 159
95 168
95 170
95 180
95 183
95 192
95 201
95 248
95 250
95 259
95 288
95 292
95 297
95 355
95 376
95 377
95 389
95 405
95 410
95 421
95 484
95 507
95 508
95 610
95 631
95 698
95 704
95 737
95 759
95 776
95 777
95 814
95 884
95 888
95 969
95 985
96 151
96 153
96 167
96 184
96 207
96 276
96 299
96 303
96 311
96 336
96 352
96 356
96 411
96 423
96 435
96 525
96 587
96 599
96 636
96 689
96 708
96 852
96 855
96 866
96 910
96 1021
97 101
97 111
97 131
97 145
97 242
97 255
97 275
97 295
97 334
97 340
97 462
97 469
97 573
97 664
97 667
97 683
97 684
97 896
97 968
97 1000
98 107
98 128
98 147
98 150
98 171
98 176
98 199
98 205
98 231
98 233
98 290
98 301
98 342
98 346
98 366
98 396
98 402
98 406
98 410
98 412
98 421
98 454
98 456
98 476
98 529
98 530
98 539
98 548
98 627
98 706
98 739
98 741
98 754
98 772
98 933
98 938
98 957
98 975
98 979
98 990
98 1001
98 1004
99 137
99 174
99 269
99 287
99 310
99 377
99 431
99 600
99 709
99 714
99 755
99 780
99 799
99 801
99 1020
100 112
100 115
100 128
100 147
100 161
100 166
100 191
100 196
100 238
100 249
100 266
100 285
100 299
100 342
100 374
100 380
100 398
100 420
100 449
100 511
100 512
100 549
100 573
100 597
100 725
100 734
100 738
100 764
100 842
100 893
100 911
100 976
100 1022
101 102
101 106
101 112
101 114
101 123
101 128
101 164
101 193
101 196
101 205
101 222
101 264
101 289
101 311
101 331
101 339
101 366
101 380
101 419
101 468
101 473
101 488
101 504
101 563
101 567
101 588
101 600
101 629
101 640
101 681
101 735
101 740
101 757
101 909
101 988
101 1021
102 107
102 139
102 148
102 165
102 207
102 243
102 250
102 289
102 314
102 364
102 417
102 421
102 453
102 490
102 495
102 536
102 563
102 651
102 709
102 710
102 850
102 863
102 887
102 909
102 927
102 939
102 944
102 1003
102 1011
102 1021
103 111
103 150
103 169
103 178
103 194
103 251
103 262
103 292
103 316
103 327
103 350
103 365
103 408
103 412
103 414
103 453
103 460
103 463
103 464
103 497
103 506
103 521
103 536
103 553
103 708
103 784
103 814
103 817
103 836
103 892
103 898
103 948
103 963
103 990
103 1005
104 150
104 151
104 173
104 174
104 188
104 207
104 219
104 239
104 332
104 417
104 489
104 510
104 517
104 569
104 753
104 758
104 768
104 812
104 826
104 837
104 877
104 960
105 113
105 116
105 117
105 152
105 232
105 248
105 282
105 283
105 332
105 381
105 475
105 529
105 550
105 691
105 705
105 726
105 733
105 807
105 851
105 995
106 107
106 118
106 162
106 223
106 229
106 246
106 269
106 319
106 417
106 455
106 487
106 540
106 548
106 814
106 835
106 847
106 858
106 874
106 929
107 157
107 158
107 199
107 201
107 230
107 320
107 359
107 382
107 399
107 716
107 744
107 857
107 861
107 881
107 893
107 934
107 935
107 947
107 951
107 959
108 116
108 117
108 125
108 136
108 160
108 195
108 204
108 246
108 249
108 258
108 262
108 286
108 291
108 312
108 315
108 329
108 407
108 427
108 519
108 533
108 555
108 586
108 655
108 660
108 728
108 778
108 790
108 803
108 828
108 877
108 880
108 903
108 930
108 998
109 114
109 123
109 142
109 164
109 190
109 201
109 223
109 235
109 242
109 252
109 256
109 275
109 321
109 324
109 339
109 380
109 383
109 422
109 470
109 487
109 530
109 547
109 624
109 649
109 686
109 704
109 722
109 793
109 829
109 831
109 868
109 880
109 911
109 1013
110 139
110 140
110 163
110 165
110 204
110 207
110 231
110 257
110 262
110 330
110 346
110 355
110 357
110 380
110 384
110 431
110 436
110 451
110 452
110 464
110 520
110 545
110 696
110 762
110 784
110 790
110 847
110 862
110 917
110 926
110 935
110 956
110 979
110 1004
111 120
111 191
111 584
111 601
111 841
111 920
111 950
111 974
112 144
112 150
112 200
112 248
112 275
112 290
112 456
112 462
112 497
112 571
112 617
112 719
112 878
112 1013
113 119
113 172
113 193
113 205
113 238
113 242
113 246
113 253
113 277
113 329
113 382
113 420
113 484
113 501
113 602
113 618
113 640
113 710
113 728
113 803
113 815
113 821
113 851
113 853
113 896
113 986
114 116
114 152
114 310
114 357
114 465
114 477
114 493
114 641
114 725
114 801
114 901
114 967
114 997
115 122
115 169
115 170
115 171
115 224
115 275
115 380
115 404
115 434
115 578
115 690
115 757
115 817
115 851
115 912
115 924
115 1017
116 120
116 129
116 134
116 158
116 700
116 726
116 758
116 840
117 130
117 179
117 186
117 251
117 287
117 306
117 327
117 439
117 498
117 522
117 560
117 611
117 655
117 714
117 806
117 957
117 1002
118 137
118 144
118 176
118 181
118 187
118 252
118 253
118 291
118 313
118 326
118 338
118 362
118 409
118 413
118 447
118 460
118 463
118 488
118 523
118 529
118 563
118 585
118 599
118 611
118 692
118 755
118 851
118 886
118 965
118 998
118 1001
119 120
119 127
119 129
119 131
119 170
119 174
119 182
119 184
119 199
119 216
119 288
119 294
119 307
119 347
119 358
119 363
119 364
119 409
119 422
119 432
119 460
119 468
119 512
119 628
119 643
119 794
119 807
119 812
119 814
119 862
119 868
119 879
119 948
119 995
119 1012
120 130
120 136
120 137
120 152
120 177
120 197
120 271
120 287
120 301
120 317
120 402
120 459
120 609
120 640
120 887
120 897
121 122
121 132
121 162
121 189
121 193
121 236
121 249
121 283
121 297
121 300
121 315
121 355
121 407
121 440
121 449
121 477
121 530
121 624
121 652
121 725
121 798
121 830
121 839
121 844
121 872
121 878
121 910
121 937
121 1004
122 144
122 179
122 233
122 244
122 269
122 313
122 325
122 350
122 354
122 412
122 432
122 536
122 592
122 631
122 658
122 707
122 809
122 884
122 907
122 950
123 141
123 227
123 238
123 316
123 359
123 381
123 408
123 410
123 648
123 658
123 685
123 695
123 703
123 711
123 885
123 935
123 956
124 166
124 217
124 265
124 293
124 325
124 400
124 426
124 469
124 574
124 582
124 683
124 708
124 792
124 823
124 918
125 194
125 227
125 233
125 290
125 311
125 348
125 368
125 381
125 401
125 504
125 542
125 598
125 773
125 774
125 797
125 890
125 999
126 147
126 203
126 208
126 225
126 253
126 269
126 336
126 371
126 389
126 451
126 465
126 480
126 539
126 553
126 557
126 604
126 649
126 728
126 759
126 845
126 871
126 1023
127 131
127 181
127 218
127 280
127 283
127 311
127 323
127 335
127 352
127 364
127 370
127 432
127 442
127 452
127 457
127 463
127 464
127 489
127 490
127 496
127 497
127 506
127 587
127 605
127 616
127 658
127 666
127 688
127 702
127 742
127 825
127 839
127 850
127 914
127 954
127 966
127 990
128 155
128 159
128 236
128 286
128 439
128 446
128 482
128 518
128 600
128 760
128 840
128 868
128 888
128 896
129 208
129 218
129 278
129 287
129 311
129 343
129 365
129 410
129 413
129 434
129 435
129 448
129 506
129 612
129 830
129 957
129 961
130 133
130 138
130 145
130 147
130 178
130 202
130 318
130 332
130 337
130 340
130 357
130 384
130 459
130 470
130 474
130 484
130 514
130 591
130 626
130 687
130 832
130 872
130 998
131 251
131 263
131 308
131 495
131 525
131 546
131 705
131 731
131 830
132 154
132 169
132 178
132 188
132 215
132 238
132 241
132 266
132 276
132 295
132 307
132 343
132 344
132 356
132 404
132 443
132 476
132 534
132 535
132 553
132 576
132 623
132 746
132 855
132 897
132 909
132 919
132 973
132 1018
133 152
133 173
133 202
133 234
133 246
133 280
133 341
133 371
133 377
133 403
133 483
133 591
133 627
133 646
133 680
133 706
133 719
133 738
133 765
133 785
133 908
133 914
133 944
134 140
134 142
134 146
134 203
134 230
134 440
134 522
134 654
134 698
134 782
134 838
134 966
134 984
135 164
135 167
135 177
135 242
135 257
135 366
135 386
135 407
135 425
135 540
135 544
135 612
135 668
135 699
135 741
135 748
135 752
135 803
135 809
135 918
135 947
135 981
135 987
135 1009
136 176
136 224
136 248
136 282
136 339
136 340
136 513
136 688
136 708
136 765
137 141
137 142
137 160
137 168
137 169
137 170
137 186
137 250
137 252
137 256
137 317
137 340
137 343
137 359
137 407
137 408
137 415
137 433
137 466
137 496
137 731
137 742
137 754
137 792
137 837
138 180
138 187
138 210
138 255
138 289
138 320
138 390
138 406
138 434
138 451
138 596
138 973
138 1022
139 157
139 180
139 182
139 232
139 237
139 335
139 357
139 403
139 428
139 462
139 469
139 477
139 480
139 498
139 506
139 510
139 531
139 606
139 633
139 692
139 758
139 775
139 823
139 825
140 166
140 229
140 291
140 314
140 358
140 364
140 377
140 378
140 411
140 428
140 469
140 507
140 515
140 575
140 598
140 629
140 648
140 655
140 732
140 838
140 1005
141 178
141 216
141 237
141 328
141 376
141 607
141 651
141 711
141 865
141 887
142 156
142 171
142 173
142 174
142 207
142 241
142 256
142 258
142 305
142 395
142 554
142 606
142 820
142 967
143 244
143 303
143 322
143 361
143 375
143 385
143 438
143 442
143 459
143 536
143 700
143 823
143 952
144 147
144 175
144 192
144 210
144 218
144 246
144 302
144 357
144 436
144 495
144 671
144 779
144 861
144 865
144 888
144 941
145 242
145 333
145 367
145 467
145 525
145 565
145 576
146 168
146 200
146 280
146 345
146 349
146 443
146 485
146 490
146 561
146 566
146 578
146 587
146 641
146 669
146 781
146 835
146 970
146 1005
147 182
147 230
147 245
147 275
147 353
147 653
147 707
147 791
147 811
147 836
147 846
147 939
147 969
148 206
148 221
148 320
148 326
148 332
148 361
148 421
148 436
148 473
148 483
148 626
148 656
148 692
148 742
148 788
148 793
148 805
148 807
148 828
148 905
149 231
149 233
149 318
149 372
149 484
149 590
149 592
149 632
149 636
149 658
149 716
149 725
149 771
149 870
149 889
149 982
150 261
150 267
150 312
150 398
150 838
151 165
151 169
151 181
151 243
151 315
151 317
151 585
151 913
152 161
152 211
152 324
152 483
152 573
152 575
152 587
152 666
152 745
152 855
152 860
152 953
152 968
153 196
153 200
153 254
153 307
153 368
153 453
153 461
153 681
153 765
153 839
153 901
153 937
154 159
154 206
154 231
154 249
154 391
154 399
154 677
154 752
154 813
155 248
155 284
155 341
155 385
155 555
155 776
155 885
155 904
156 186
156 239
156 252
156 292
156 547
156 587
156 804
156 842
156 965
157 184
157 190
157 196
157 228
157 276
157 281
157 285
157 369
157 407
157 417
157 422
157 447
157 540
157 550
157 707
157 735
157 881
158 163
158 164
158 278
158 305
158 455
158 494
158 762
158 780
158 852
158 854
158 899
158 907
158 919
158 974
159 220
159 286
159 384
159 467
159 468
159 519
159 567
159 727
159 802
160 333
160 403
160 407
160 586
160 787
161 176
161 183
161 193
161 247
161 283
161 398
161 560
161 647
161 650
161 668
161 684
161 739
161 742
161 761
161 877
161 944
162 184
162 220
162 225
162 234
162 241
162 307
162 346
162 503
162 865
162 965
162 997
163 164
163 168
163 284
163 299
163 332
163 424
163 425
163 495
163 517
163 612
163 695
163 774
164 167
164 212
164 267
164 283
164 312
164 331
164 429
164 498
164 557
164 584
164 611
164 636
164 729
164 823
164 825
164 836
164 838
164 839
164 981
164 1011
165 210
165 212
165 277
165 335
165 429
165 489
165 490
165 580
165 746
165 787
165 875
165 913
166 191
166 229
166 241
166 525
166 543
166 652
166 693
166 706
166 719
166 728
166 885
166 928
167 175
167 184
167 248
167 304
167 338
167 366
167 370
167 415
167 467
167 482
167 490
167 536
167 571
167 594
167 854
167 932
167 958
167 982
167 1016
168 182
168 247
168 291
168 311
168 316
168 376
168 385
168 432
168 445
168 482
168 505
168 662
168 730
168 863
168 880
168 915
168 1007
169 210
169 279
169 312
169 320
169 323
169 503
169 547
169 598
169 718
169 898
169 1023
170 179
170 183
170 204
170 206
170 244
170 253
170 281
170 296
170 317
170 343
170 345
170 364
170 383
170 405
170 408
170 413
170 484
170 524
170 689
170 716
170 786
170 847
170 870
170 873
170 888
170 909
170 929
170 949
170 955
170 994
170 998
170 1018
171 303
171 342
171 395
171 555
171 663
171 909
171 912
171 930
171 1022
172 176
172 212
172 270
172 282
172 288
172 307
172 331
172 358
172 368
172 386
172 492
172 524
172 542
172 551
172 633
172 634
172 662
172 789
172 816
172 824
172 833
172 874
172 914
172 976
172 992
173 234
173 259
173 301
173 303
173 337
173 379
173 400
173 456
173 512
173 538
173 549
173 601
173 632
173 727
173 735
173 736
173 749
173 751
173 801
173 816
173 958
174 195
174 224
174 227
174 272
174 296
174 369
174 375
174 387
174 427
174 434
174 472
174 607
174 625
174 961
174 1002
174 1003
175 177
175 371
175 427
175 465
175 496
176 192
176 194
176 237
176 266
176 351
176 406
176 448
176 526
176 538
176 595
176 622
176 769
176 952
176 1016
177 227
177 245
177 256
177 280
177 334
177 344
177 351
177 451
177 573
177 613
177 703
177 777
177 806
177 854
177 903
177 908
177 919
178 484
178 670
178 851
179 187
179 226
179 244
179 344
179 356
179 380
179 493
179 516
179 525
179 528
179 577
179 616
179 637
179 790
179 858
179 881
179 952
180 206
180 208
180 221
180 240
180 244
180 258
180 345
180 384
180 469
180 760
180 844
180 1001
181 222
181 314
181 317
181 331
181 424
181 425
181 519
181 539
181 572
181 670
181 672
181 685
182 254
182 260
182 322
182 330
182 337
182 355
182 414
182 426
182 512
182 528
182 585
182 615
182 641
182 651
182 657
182 659
182 688
182 719
182 739
182 792
182 889
182 918
182 997
182 1008
183 205
183 223
183 277
183 278
183 313
183 456
183 545
183 549
183 552
183 588
183 596
183 680
184 192
184 210
184 244
184 302
184 311
184 354
184 481
184 715
185 192
185 282
185 338
185 390
185 448
185 459
185 467
185 511
185 520
185 548
185 559
185 565
185 699
185 802
185 804
185 912
185 922
185 946
185 968
186 190
186 191
186 196
186 197
186 216
186 371
186 442
186 485
186 611
186 673
186 675
186 684
186 742
186 767
186 769
186 878
186 904
186 953
187 213
187 234
187 266
187 268
187 333
187 351
187 438
187 487
187 492
187 494
187 503
187 711
187 743
187 829
187 957
188 211
188 231
188 276
188 350
188 381
188 410
188 413
188 509
188 563
188 568
188 592
188 667
188 818
188 859
188 986
189 211
189 220
189 226
189 267
189 301
189 329
189 489
189 514
189 566
189 635
189 667
189 691
189 750
189 907
189 913
189 946
190 214
190 220
190 226
190 328
190 356
190 375
190 379
190 411
190 477
190 540
190 613
190 618
190 619
190 668
190 819
190 846
190 1001
191 203
191 225
191 312
191 357
191 492
191 499
191 582
191 593
191 683
191 895
192 233
192 274
192 276
192 406
192 588
192 602
192 615
192 669
193 206
193 222
193 286
193 302
193 322
193 392
193 449
193 473
193 485
193 495
193 543
193 554
193 556
193 558
193 572
193 715
193 740
193 817
193 857
193 885
193 924
194 212
194 216
194 239
194 284
194 292
194 295
194 302
194 330
194 345
194 355
194 361
194 562
194 564
194 567
194 595
194 621
194 633
194 866
194 938
194 1010
195 310
195 312
195 377
195 528
195 577
195 664
195 698
195 729
195 840
195 897
195 963
196 198
196 228
196 376
196 403
196 410
196 566
196 750
196 830
196 847
196 934
196 947
197 203
197 241
197 258
197 269
197 280
197 340
197 481
197 503
197 561
197 580
197 783
198 256
198 272
198 276
198 320
198 340
198 350
198 400
198 435
198 474
198 513
198 520
198 564
198 612
198 617
198 716
198 721
198 852
198 1004
199 372
199 432
199 453
199 656
199 784
199 859
199 945
199 958
199 973
200 214
200 240
200 278
200 285
200 357
200 372
200 375
200 393
200 407
200 415
200 471
200 496
200 514
200 590
200 609
200 619
200 694
200 813
200 827
200 864
200 880
200 1003
201 216
201 288
201 315
201 358
201 412
201 427
201 522
201 571
201 665
201 796
201 800
201 908
202 255
202 273
202 281
202 293
202 339
202 360
202 467
202 477
202 479
202 500
202 536
202 594
202 614
202 636
202 694
202 726
202 748
202 819
202 859
202 894
202 936
202 1007
202 1010
203 231
203 261
203 266
203 536
203 609
203 653
203 691
203 712
203 739
203 807
203 819
203 834
203 967
203 981
204 214
204 221
204 338
204 410
204 412
204 437
204 475
204 567
204 607
204 609
204 624
204 645
204 782
204 916
205 299
205 304
205 333
205 358
205 426
205 498
205 557
205 660
205 702
205 786
206 292
206 317
206 379
206 454
206 605
206 634
206 880
207 243
207 265
207 278
207 348
207 388
207 400
207 430
207 471
207 529
207 569
207 592
207 678
207 702
207 705
207 858
207 907
207 926
208 347
208 356
208 377
208 400
208 498
208 513
208 561
208 640
208 806
208 809
208 946
209 218
209 224
209 234
209 247
209 265
209 277
209 315
209 328
209 330
209 384
209 412
209 430
209 460
209 526
209 535
209 555
209 566
209 576
209 629
209 645
209 659
209 730
209 764
209 894
209 927
209 945
209 969
210 478
210 531
210 542
210 688
210 727
211 264
211 298
211 319
211 344
211 360
211 374
211 517
211 537
211 669
211 682
211 963
211 994
212 216
212 221
212 241
212 330
212 368
212 383
212 421
212 488
212 546
212 805
212 846
212 922
213 262
213 405
213 414
213 494
213 693
213 724
213 752
213 763
213 774
213 801
213 870
213 934
214 298
214 334
214 570
214 825
215 222
215 268
215 294
215 350
215 363
215 373
215 403
215 427
215 445
215 446
215 578
215 639
215 697
215 752
215 773
215 836
215 855
215 860
215 906
215 931
215 943
215 1001
216 306
216 397
216 568
216 632
216 685
216 712
216 750
216 876
216 899
216 923
216 932
216 996
217 333
217 436
217 457
217 474
217 491
217 510
217 559
217 596
217 618
217 804
217 920
217 1009
218 252
218 374
218 378
218 401
218 429
218 458
218 478
218 480
218 515
218 528
218 542
218 548
218 554
218 583
218 588
218 603
218 606
218 709
218 756
218 788
218 819
218 831
218 877
218 914
218 930
218 1023
219 337
219 346
219 424
219 492
219 741
220 274
220 335
220 445
220 497
220 555
220 648
220 718
220 751
220 827
220 857
220 1009
221 227
221 300
221 314
221 392
221 527
221 549
221 620
221 808
221 969
221 999
221 1021
222 315
222 338
222 373
222 385
222 433
222 487
222 581
222 617
222 632
222 671
222 791
223 242
223 249
223 250
223 259
223 280
223 281
223 349
223 527
223 551
223 625
223 629
223 681
223 704
223 750
223 894
223 919
223 928
223 989
224 254
224 533
224 579
224 663
224 813
224 978
225 232
225 363
225 627
225 638
225 710
225 712
225 746
225 770
225 841
225 909
225 979
225 1017
226 261
226 280
226 308
226 328
226 369
226 379
226 398
226 399
226 478
226 506
226 631
226 654
226 769
226 811
226 836
226 1007
226 1011
227 354
227 515
227 594
227 743
227 770
227 912
228 271
228 297
228 461
228 496
228 615
228 730
228 925
228 966
228 985
229 357
229 367
229 369
229 409
229 425
229 453
229 483
229 493
229 588
229 623
229 780
229 790
229 798
229 801
229 926
230 236
230 260
230 289
230 348
230 390
230 401
230 436
230 529
230 530
230 539
230 579
230 586
230 591
230 661
230 682
230 683
230 694
230 696
230 727
230 757
230 767
230 795
230 806
230 813
230 953
230 956
231 246
231 264
231 275
231 288
231 378
231 449
231 451
231 514
231 600
231 616
231 750
231 966
232 391
232 584
232 721
233 242
233 463
233 466
233 549
233 662
233 695
233 744
233 868
233 901
233 964
233 965
233 984
234 237
234 429
234 463
234 505
234 691
235 328
235 342
235 349
235 422
235 443
236 251
236 258
236 301
236 304
236 334
236 380
236 401
236 422
236 435
236 537
236 591
236 594
236 756
236 773
236 988
237 263
237 300
237 524
237 738
237 751
237 793
237 900
237 1022
238 287
238 423
238 665
239 304
239 306
239 333
239 385
239 400
239 431
239 671
239 1002
240 315
240 397
240 521
240 604
240 655
240 812
240 893
240 931
240 1017
241 311
241 321
241 336
241 339
241 388
241 404
241 439
241 535
241 630
241 667
241 698
241 714
241 815
241 890
241 901
241 910
241 944
242 258
242 304
242 360
242 418
242 457
242 495
242 519
242 604
242 628
242 678
242 770
242 834
242 856
242 932
243 353
243 378
243 824
243 970
244 292
244 299
244 303
244 454
244 475
244 555
244 564
244 603
244 678
244 742
244 758
244 769
244 811
245 288
245 353
245 363
245 553
245 643
245 649
245 677
245 770
245 808
245 902
245 919
245 955
245 985
245 1018
246 367
246 509
246 510
246 568
247 292
247 297
247 429
247 470
247 507
247 519
247 570
247 593
247 647
247 718
247 933
247 1002
247 1010
248 263
248 345
248 372
248 468
248 485
248 532
248 564
248 575
248 587
248 598
248 714
248 759
248 800
248 838
248 915
248 963
249 330
249 440
249 502
249 677
249 872
249 926
249 968
250 324
250 367
250 368
250 446
250 479
250 518
250 543
250 544
250 622
250 641
250 708
250 765
250 885
250 927
250 931
250 985
250 993
250 1008
251 392
251 460
251 505
251 514
251 538
251 539
251 618
251 656
251 760
251 852
252 294
252 314
252 378
252 383
252 479
252 568
252 627
252 653
252 915
252 944
252 980
252 1020
253 391
253 413
253 497
253 569
253 625
253 761
253 763
253 776
253 842
253 1004
253 1007
254 266
254 267
254 273
254 308
254 315
254 339
254 343
254 363
254 373
254 417
254 436
254 522
254 531
254 573
254 616
254 685
254 774
254 775
254 865
254 874
254 894
254 902
254 997
255 257
255 316
255 337
255 353
255 390
255 532
255 705
255 743
255 823
255 930
255 1023
256 312
256 326
256 379
256 409
256 413
256 442
256 654
256 983
257 328
257 358
257 581
257 582
257 673
257 747
257 753
257 961
258 300
258 475
258 525
258 695
258 718
258 826
259 263
259 274
259 304
259 474
259 480
259 506
259 683
259 827
260 292
260 309
260 531
260 587
260 665
260 768
260 833
261 297
261 321
261 749
262 274
262 499
262 615
262 662
262 900
262 908
262 978
263 403
263 599
263 885
264 436
264 559
264 661
264 809
265 285
265 367
265 418
265 462
265 516
265 530
265 560
265 596
265 699
265 704
265 877
266 318
267 327
267 353
267 814
267 912
267 999
268 282
268 326
268 355
268 359
268 371
268 402
268 457
268 639
268 744
268 889
268 974
269 435
269 538
269 566
269 980
270 284
270 392
270 409
270 486
270 594
270 659
270 661
270 807
270 925
271 307
271 360
271 385
271 466
271 570
271 582
271 976
272 343
272 410
272 450
272 476
272 479
272 527
272 647
272 699
272 814
273 284
273 313
273 406
273 492
273 497
273 591
273 611
273 680
273 747
273 825
273 832
273 842
273 914
273 917
273 1007
274 277
274 451
274 513
274 523
274 553
274 674
274 753
275 322
275 552
275 620
275 785
275 820
276 360
276 700
276 853
277 499
277 641
277 737
277 882
277 1000
278 284
278 293
278 301
278 446
278 568
278 724
278 810
278 884
278 920
279 283
279 346
279 392
279 396
279 460
279 555
279 605
279 672
280 341
280 396
280 402
280 511
280 543
280 594
280 806
280 857
280 890
280 898
280 951
280 988
281 398
281 444
281 450
281 507
281 625
281 694
281 852
281 861
281 864
281 916
282 305
282 465
282 746
283 352
283 383
283 390
283 481
283 642
283 725
283 773
283 778
283 903
283 979
284 404
284 525
284 565
284 659
284 661
284 693
284 835
285 501
285 657
285 856
285 969
285 972
285 979
285 1003
286 390
286 428
286 508
286 518
286 554
286 596
286 677
286 764
286 824
286 949
286 960
287 406
287 439
287 457
287 496
287 579
287 581
287 735
287 833
287 840
287 882
287 886
288 296
288 327
288 361
288 371
288 418
288 440
288 488
288 833
288 854
289 402
289 420
289 465
289 523
289 529
289 541
289 614
289 628
289 683
289 703
289 715
289 879
289 891
289 923
289 950
289 980
289 998
290 325
290 389
290 485
290 527
290 701
290 808
290 920
291 302
291 321
291 347
291 477
291 570
291 706
291 715
291 957
292 387
292 393
292 432
292 438
292 502
292 548
292 591
292 789
292 837
292 838
292 904
292 911
293 414
293 422
293 430
293 476
293 534
293 567
293 746
293 759
293 785
293 810
293 835
293 876
293 878
293 940
293 1012
294 295
294 297
294 306
294 316
294 421
295 396
295 472
295 475
295 514
295 546
295 754
296 386
296 428
296 445
296 518
296 680
296 694
296 719
296 862
296 913
296 946
296 1013
297 316
297 319
297 335
297 366
297 448
297 453
297 464
297 581
297 767
297 888
297 895
298 303
298 350
298 381
298 382
298 396
298 426
298 521
298 536
298 644
298 841
298 943
298 945
298 964
299 302
299 331
299 345
299 504
299 516
299 559
299 659
299 685
299 855
299 918
300 349
300 385
300 633
300 995
301 424
301 634
301 756
302 336
302 539
302 674
302 868
302 874
302 883
303 327
303 329
303 347
303 456
303 473
303 557
303 653
303 743
303 844
303 845
303 911
304 399
304 430
304 441
304 775
304 835
304 863
304 958
305 351
305 362
305 428
305 523
305 565
305 649
305 665
305 734
305 755
305 811
305 849
305 944
305 985
306 402
306 499
306 501
306 551
306 608
306 611
306 800
306 1008
307 374
307 599
307 687
307 738
307 840
307 907
307 948
308 309
308 438
308 459
308 583
308 635
308 643
308 655
308 738
308 752
308 884
308 896
308 915
308 973
309 401
309 442
309 523
309 858
309 911
310 314
310 457
310 466
310 510
310 515
310 522
310 538
310 632
310 722
310 756
311 457
311 708
311 850
311 954
312 491
312 532
312 545
312 580
312 664
313 326
313 350
313 389
313 441
313 617
313 647
313 653
313 662
313 676
313 696
313 752
313 842
313 869
313 875
314 319
314 349
314 371
314 416
314 428
314 501
314 517
314 521
314 577
314 583
314 804
314 850
314 908
315 322
315 336
315 337
315 361
315 379
315 381
315 388
315 562
315 605
315 637
315 650
315 789
315 910
316 366
316 377
316 395
316 432
316 507
316 545
316 548
316 585
316 586
316 621
316 638
316 648
316 669
316 812
316 819
316 901
316 921
316 992
317 426
317 477
317 552
317 561
317 574
317 858
317 927
317 942
317 1020
318 386
318 411
318 499
318 515
318 526
318 576
318 617
318 735
318 907
318 970
318 1014
319 447
319 563
319 866
319 968
319 975
320 397
320 411
320 515
320 550
320 572
320 770
320 826
320 855
320 964
321 348
321 446
321 751
321 943
321 959
322 434
322 444
322 615
322 644
322 681
322 913
323 366
323 374
323 386
323 401
323 454
323 512
323 612
323 648
323 780
323 784
323 863
323 869
324 340
324 399
324 544
324 625
324 751
325 335
325 547
325 840
325 917
325 1005
326 365
326 385
326 426
326 637
326 737
326 860
327 333
327 378
327 420
327 606
327 644
327 686
327 786
327 989
327 1004
328 334
328 370
328 376
328 597
328 604
328 641
328 984
329 500
329 504
329 634
329 669
329 717
329 758
329 790
329 1009
330 347
330 382
330 459
330 508
330 524
330 543
330 549
330 616
330 634
330 701
330 759
330 870
331 358
331 379
331 672
331 868
331 871
331 918
331 947
331 1012
332 336
332 401
332 441
332 463
332 509
332 537
332 552
332 568
332 573
332 593
332 732
332 828
332 882
332 885
333 350
333 551
333 570
333 572
333 596
333 729
334 395
334 440
334 456
334 515
334 608
334 650
334 743
334 794
334 861
334 884
334 991
335 610
336 419
336 453
336 527
336 684
336 741
336 773
336 832
336 852
336 938
336 955
336 1012
336 1014
336 1017
337 369
337 387
337 388
337 420
337 474
337 553
337 573
337 674
337 733
337 779
337 845
337 875
338 392
338 426
338 745
338 958
339 373
339 405
339 455
339 510
339 729
339 783
339 800
340 346
340 538
340 571
340 605
340 777
340 794
340 990
341 345
341 359
341 403
341 472
341 484
341 496
341 506
341 704
341 757
341 892
341 1003
341 1009
341 1022
342 533
342 538
342 597
342 727
342 796
342 993
343 360
343 448
344 348
344 621
344 668
344 787
344 795
344 921
345 379
345 454
345 462
345 468
345 544
345 553
345 594
345 642
345 659
345 736
345 743
345 796
345 997
346 356
346 407
346 461
346 528
346 561
346 630
346 660
346 720
346 872
346 875
347 362
347 394
347 418
347 433
347 471
347 487
347 488
347 634
347 783
347 816
347 834
347 993
348 384
348 442
348 489
348 704
348 749
348 828
348 939
349 354
349 386
349 414
349 451
349 466
349 502
349 566
349 601
349 618
349 690
349 763
349 810
349 827
349 882
349 899
351 544
351 598
351 878
351 928
352 424
352 490
352 744
353 405
353 408
353 621
353 734
353 778
353 819
354 589
354 784
354 841
354 848
354 991
355 485
355 748
355 894
356 390
356 484
356 491
356 729
356 781
356 811
356 879
356 991
357 380
357 382
357 477
357 532
357 651
357 1002
358 594
358 804
359 420
359 482
359 616
359 736
360 526
360 717
360 765
361 382
361 524
361 577
361 647
361 782
361 921
362 406
362 428
362 541
362 623
362 821
362 864
362 954
362 1021
363 426
363 476
363 507
363 579
363 831
363 850
363 851
363 954
364 368
364 389
364 440
364 452
364 455
364 458
364 502
364 531
364 577
364 687
364 778
364 781
364 799
364 803
364 889
364 921
364 938
364 941
365 508
365 538
365 602
365 740
365 797
365 800
366 687
366 734
366 756
366 960
367 565
367 644
367 682
368 380
368 465
368 591
368 602
368 603
368 614
368 724
368 877
368 881
368 946
368 975
369 470
369 643
369 656
369 663
369 666
369 689
369 851
369 923
370 382
370 551
370 619
370 740
370 795
370 891
370 981
371 433
371 588
371 628
371 630
371 646
371 720
372 446
372 458
372 559
372 622
372 660
372 848
372 891
372 986
373 515
373 522
373 563
373 588
373 622
373 700
373 761
373 782
374 423
374 460
374 556
374 562
374 591
374 615
374 666
374 703
374 738
375 565
375 701
375 706
375 732
375 863
376 401
376 643
376 797
376 832
376 983
377 388
377 534
377 700
377 724
377 925
377 976
377 995
377 1012
378 419
378 488
378 583
378 734
378 739
378 781
379 438
379 472
379 627
379 711
379 782
379 784
379 987
379 999
380 402
380 420
380 456
380 460
380 462
380 465
380 512
380 586
380 707
380 866
380 993
381 409
381 439
381 447
381 493
381 551
381 661
381 697
381 714
381 734
381 771
381 773
381 808
381 989
382 412
382 446
382 481
382 531
382 700
382 793
383 413
383 560
383 693
383 988
384 416
384 504
384 581
384 599
384 956
385 431
385 450
385 511
385 582
385 844
385 890
386 603
386 610
386 639
386 663
386 689
386 923
387 501
387 546
387 575
387 631
387 690
387 763
387 787
387 801
388 422
388 436
388 569
388 638
388 640
388 710
388 783
388 824
388 829
388 847
388 853
388 897
388 900
388 988
389 510
389 518
389 566
389 574
389 578
389 595
389 636
389 659
389 686
389 805
389 1020
390 418
390 471
390 508
390 613
390 639
390 712
390 773
390 803
391 394
391 602
391 888
392 480
392 485
392 866
392 910
392 994
393 455
393 539
393 599
393 613
393 883
394 458
394 476
394 481
394 589
394 616
394 703
394 792
394 805
394 895
395 979
396 520
396 723
396 916
396 1002
397 613
397 762
397 785
397 831
397 886
397 887
398 455
398 466
398 478
398 878
398 894
398 942
399 497
399 504
399 695
399 780
399 893
399 948
400 448
400 732
400 743
400 750
401 537
401 626
401 629
401 664
401 713
401 887
402 670
402 736
402 781
402 870
402 898
403 417
403 524
403 551
403 558
403 585
403 647
403 958
404 427
404 445
404 495
404 543
404 856
405 426
405 463
405 523
405 599
405 945
406 443
406 447
406 476
406 676
406 726
406 752
407 417
407 437
407 699
407 884
407 906
408 444
408 491
408 512
408 719
408 771
408 775
408 782
408 960
408 961
408 983
408 1016
409 498
409 518
409 671
409 783
409 957
410 522
410 759
410 927
410 929
411 721
411 860
412 491
412 505
412 548
412 558
412 609
412 623
412 646
412 652
412 733
412 734
412 749
412 804
412 855
412 896
412 920
412 941
412 978
413 443
413 471
413 502
413 619
413 628
413 714
413 754
413 827
413 878
413 933
413 958
414 468
414 654
414 657
414 713
414 766
415 709
415 1021
416 673
416 697
416 926
417 680
417 713
418 544
418 821
419 548
420 502
420 561
420 580
420 737
420 766
422 433
422 560
422 598
422 613
422 655
422 673
422 772
422 787
422 979
423 590
423 623
423 818
423 826
423 905
423 940
424 541
424 621
424 668
424 832
424 833
424 939
424 940
424 971
424 1000
425 548
425 563
425 599
425 622
425 629
425 671
425 765
425 866
425 874
425 937
425 968
425 996
426 757
426 898
427 530
427 544
427 591
427 777
427 824
427 900
427 908
428 434
428 441
428 458
428 533
428 652
428 726
428 819
428 820
428 877
428 1014
429 547
429 639
429 815
429 980
430 471
430 482
430 717
430 770
430 905
430 937
431 693
431 846
432 605
432 632
432 692
432 885
432 929
432 932
432 938
433 804
433 947
433 976
434 497
434 547
434 561
434 567
434 594
434 879
435 470
435 529
435 542
435 545
435 654
435 708
435 775
435 790
435 857
435 968
436 491
436 538
436 540
436 810
436 885
436 912
436 973
437 511
437 551
437 562
437 774
437 788
438 772
438 843
438 866
438 932
438 1002
439 458
439 489
439 578
440 480
440 483
440 499
440 654
440 690
440 818
440 912
440 936
441 524
441 558
441 804
441 1018
442 719
442 749
442 842
442 918
442 920
442 943
442 1012
442 1014
443 500
443 516
443 554
443 602
443 610
443 768
443 920
444 476
444 684
444 701
444 785
444 922
444 999
444 1019
445 468
445 486
445 525
445 536
445 555
445 615
445 681
445 802
445 928
445 949
445 1011
446 639
446 715
446 797
446 991
447 493
447 552
447 697
447 812
447 844
447 876
447 952
448 532
448 546
448 567
448 595
448 667
448 743
448 769
448 786
448 797
448 866
448 880
448 975
449 474
449 664
449 670
449 678
449 705
449 722
449 739
449 816
449 877
449 913
449 935
449 936
449 961
449 1014
450 992
451 519
451 564
451 720
451 1015
452 454
452 569
452 646
452 674
452 740
452 755
452 787
452 854
453 509
453 626
453 664
453 808
453 975
453 985
453 1011
455 503
455 926
455 989
456 474
456 482
456 493
456 505
456 620
456 640
457 473
457 498
457 557
457 584
457 612
457 634
457 661
457 722
457 971
457 1005
458 512
458 718
458 805
458 821
458 824
458 881
458 924
458 959
459 479
459 515
459 624
459 1014
460 467
460 529
460 555
460 645
460 740
460 792
460 804
460 892
460 917
460 925
460 964
461 462
461 487
461 551
461 618
461 656
461 671
461 728
461 810
461 956
461 995
461 998
462 494
462 527
462 608
462 628
462 788
462 846
462 961
463 514
463 535
463 592
463 709
463 872
464 536
465 715
465 768
465 954
465 981
466 562
467 471
467 534
467 571
467 674
467 872
467 912
468 470
468 520
468 699
468 776
468 778
468 822
468 838
468 857
468 973
469 503
469 572
469 612
469 679
469 684
469 690
469 803
469 848
469 870
469 883
469 929
469 938
470 486
470 556
470 585
471 559
471 585
471 644
471 692
471 809
471 849
471 871
471 906
472 511
472 593
472 651
473 545
473 557
473 643
473 711
473 763
474 760
474 886
474 957
475 684
475 771
475 973
476 567
476 568
476 614
476 882
476 894
476 986
477 719
477 792
478 520
478 542
478 586
478 722
478 964
479 492
479 562
479 577
480 505
480 561
480 686
480 727
481 533
481 582
481 617
481 630
482 509
482 685
482 689
482 742
482 822
482 832
483 581
484 528
484 570
484 646
484 751
484 810
484 990
484 1000
485 499
485 673
485 698
485 715
485 798
485 851
485 886
485 906
486 548
486 654
486 734
486 753
486 951
487 524
487 543
487 657
487 676
487 837
487 863
487 1000
488 500
488 951
489 554
489 777
489 806
489 811
489 834
490 582
490 596
490 798
491 546
491 667
492 519
492 568
492 575
492 748
492 797
492 826
492 886
493 532
493 547
493 736
493 737
493 763
494 547
494 600
494 607
494 663
494 799
494 922
495 647
495 654
495 714
495 902
496 589
496 619
496 692
496 731
496 771
496 982
496 1023
497 745
497 749
497 805
497 847
497 994
498 560
498 590
498 760
498 846
498 898
499 502
499 532
499 592
499 691
499 772
499 943
499 980
500 652
500 752
500 905
500 967
501 753
501 847
502 503
502 626
502 693
502 864
502 940
502 1010
503 615
503 949
505 545
505 583
505 697
505 952
505 965
505 1004
506 576
506 716
506 730
506 823
506 915
507 602
507 668
507 827
507 936
508 629
508 638
508 644
508 776
508 785
509 550
509 702
509 859
510 682
510 960
510 1014
511 597
511 750
511 759
511 840
512 519
512 720
512 751
512 970
512 980
512 1017
513 574
514 893
514 940
515 637
515 746
515 936
515 991
516 535
516 632
516 685
516 709
516 793
516 988
517 558
517 604
517 713
518 535
518 728
519 663
519 904
519 1008
520 603
520 839
521 716
521 815
521 883
521 1015
523 614
523 685
523 906
523 970
524 672
524 799
524 934
525 563
525 565
525 922
525 956
525 1005
526 528
526 624
526 642
526 649
526 650
526 697
526 899
526 990
527 550
527 765
527 811
527 875
528 530
528 559
528 623
528 939
529 821
530 535
530 603
530 616
530 643
530 795
531 562
531 601
531 629
531 651
531 825
531 947
531 1013
532 541
532 575
532 577
532 641
532 735
532 776
532 815
532 828
532 831
532 930
533 733
533 863
533 910
533 916
533 923
533 1001
534 829
534 919
534 936
535 550
535 705
535 736
535 853
536 605
536 698
536 743
537 608
537 705
537 711
537 753
537 780
538 560
538 606
538 712
538 980
539 561
539 670
539 698
539 772
539 788
539 917
539 993
540 573
540 682
540 784
540 894
541 657
541 666
541 773
541 857
541 865
541 888
541 990
542 549
542 658
542 826
543 576
543 679
543 683
543 817
543 956
543 1017
544 939
545 557
545 844
546 853
546 869
546 919
546 941
547 759
547 767
547 904
548 766
548 836
548 984
549 662
549 677
549 778
550 601
550 614
550 635
550 674
550 675
550 679
551 784
551 933
551 1001
552 622
552 821
552 822
552 860
552 905
552 931
552 940
552 976
552 982
553 597
553 625
554 677
554 942
555 766
555 993
556 652
556 693
556 851
556 864
557 612
557 626
557 680
557 809
557 812
557 830
558 624
559 571
559 1009
560 735
561 606
561 733
561 781
562 564
562 583
562 672
562 700
562 718
563 638
563 702
563 717
563 756
563 779
563 923
563 943
563 1006
563 1018
564 569
564 575
564 779
564 913
564 923
564 962
564 991
565 707
565 869
566 610
566 624
566 652
566 797
566 801
566 893
567 710
567 738
567 787
567 942
568 678
568 703
568 766
569 603
569 668
569 694
569 709
569 739
569 773
569 785
569 868
569 982
570 586
570 986
570 1006
571 710
571 916
571 937
572 616
572 819
572 978
573 589
573 693
573 716
573 721
573 787
573 809
573 903
573 937
573 964
574 580
574 598
574 657
575 607
575 705
575 717
575 749
576 585
576 720
576 1023
577 622
577 626
577 635
577 830
577 884
577 974
577 986
578 772
579 627
579 744
579 745
579 786
579 902
579 971
580 607
580 769
581 659
581 675
581 800
581 822
581 873
581 898
582 826
582 943
582 1000
583 639
583 676
583 932
583 964
584 672
584 751
585 621
585 748
585 935
586 788
586 992
587 634
587 779
588 630
588 923
588 1006
589 595
589 620
589 680
589 687
589 715
589 763
589 807
589 892
589 929
590 630
591 665
591 686
591 688
591 903
592 687
592 689
592 704
592 782
592 941
592 996
593 688
593 1019
594 658
594 818
595 686
595 820
595 918
596 609
596 614
596 615
596 729
596 947
596 959
597 911
598 789
598 822
599 713
599 726
599 788
599 843
599 870
599 873
599 914
600 636
600 669
600 928
600 998
601 758
601 760
601 1016
602 1021
603 818
603 944
603 989
604 642
604 645
604 747
605 617
605 950
606 633
606 668
606 708
606 741
606 813
606 859
606 935
606 1018
607 679
607 715
607 829
607 876
608 653
608 915
608 969
609 871
610 632
610 649
610 744
610 904
611 808
611 844
612 698
612 763
612 793
612 797
612 889
612 982
613 777
613 796
613 853
613 912
614 634
614 987
615 642
615 755
615 799
615 864
615 974
616 906
617 619
617 650
617 725
617 861
617 953
617 1006
618 631
618 737
618 744
618 763
618 959
619 746
619 822
619 874
620 665
620 670
620 741
621 971
621 988
622 862
622 915
622 1008
623 777
623 972
624 718
624 830
625 675
625 890
625 924
626 696
626 703
626 712
626 931
627 814
627 887
627 953
627 974
628 718
629 756
629 798
629 925
630 635
630 739
630 886
630 895
630 989
631 640
631 641
631 993
632 781
632 980
632 986
633 778
633 780
633 883
633 895
633 931
634 694
634 766
634 873
635 658
635 751
635 888
636 934
636 948
636 1013
637 789
637 960
637 976
638 787
639 780
639 862
640 697
640 700
640 728
640 914
641 800
641 845
643 763
643 849
643 890
643 923
644 686
644 954
644 972
644 976
644 994
646 959
646 992
647 761
647 952
648 774
648 870
648 1017
649 782
650 737
650 747
650 796
650 901
651 710
651 725
652 669
652 722
652 799
652 1002
653 701
653 944
654 663
654 667
654 899
654 941
654 989
654 1018
655 893
655 917
655 972
656 659
656 671
656 726
657 713
657 759
657 959
658 712
658 723
658 862
658 994
659 849
659 942
660 681
660 732
660 735
660 1003
661 777
661 848
661 949
661 972
661 976
663 698
663 907
664 727
664 740
665 747
665 890
665 999
666 757
666 806
666 872
666 889
666 928
667 858
668 861
670 710
670 1018
671 846
671 1021
672 797
672 821
672 856
672 939
673 694
673 734
673 816
673 839
673 880
673 889
673 903
673 1020
674 675
674 709
676 755
676 956
676 968
676 975
677 684
677 739
677 788
677 826
678 723
678 730
678 748
678 755
678 791
678 960
679 744
679 754
679 853
679 1007
680 710
680 996
680 1020
681 714
681 833
681 883
681 926
682 798
683 896
683 987
684 987
685 726
685 802
686 836
686 984
686 1023
687 794
687 800
687 891
687 937
687 967
687 975
688 699
688 953
688 1000
688 1022
689 941
689 960
690 893
691 760
691 769
691 871
691 887
691 894
692 717
692 745
693 813
694 702
694 848
694 921
694 981
695 724
695 855
695 893
696 701
696 726
696 1001
697 776
697 900
698 971
699 942
700 758
701 965
702 749
702 776
702 801
702 933
702 943
703 794
703 810
703 931
704 713
705 902
705 950
706 840
706 843
706 1006
707 813
708 838
709 1021
710 786
710 802
710 888
710 1008
711 733
712 807
712 845
712 852
713 747
713 788
713 818
714 830
715 824
715 943
716 776
717 797
717 863
717 963
718 742
718 916
718 1010
719 792
719 871
719 895
720 1015
721 790
721 991
722 783
722 796
722 884
722 1017
724 767
725 857
725 930
726 796
726 831
726 846
726 867
726 950
726 969
727 764
727 914
727 919
727 946
727 972
728 767
729 1020
730 762
730 824
730 887
731 762
731 816
731 828
731 959
731 964
731 1003
734 843
734 870
735 738
735 798
735 937
736 836
736 897
737 922
738 863
738 917
739 952
739 1006
740 743
740 849
742 913
743 906
744 821
744 888
744 940
744 984
744 1008
746 839
746 945
747 806
747 809
747 934
748 795
749 756
749 893
750 820
750 841
751 875
752 942
753 754
753 795
753 801
753 861
753 889
753 963
753 990
753 1000
754 961
754 1014
755 818
755 825
755 838
756 856
757 785
757 869
757 924
758 764
758 811
758 895
761 805
762 866
763 777
763 798
763 860
766 839
767 770
767 789
767 814
768 841
769 1010
770 783
770 897
771 902
771 994
771 1001
772 816
774 874
774 953
775 783
775 873
775 887
776 993
776 999
777 794
777 931
779 802
780 853
780 900
781 836
781 941
782 982
783 864
785 951
787 950
787 983
787 1010
788 806
788 849
788 927
789 820
789 832
789 881
789 905
789 909
791 869
792 902
794 811
798 982
801 850
803 892
803 918
804 839
804 882
804 1014
809 1010
810 825
811 841
811 858
811 961
813 927
813 942
813 1000
814 850
814 946
814 1004
815 976
815 1022
816 834
816 978
818 925
819 856
821 1009
822 1009
823 921
824 972
826 934
826 1008
827 962
828 867
829 860
829 895
829 904
830 849
830 875
830 996
831 862
831 935
832 843
832 920
833 1002
835 903
835 924
838 849
838 878
838 949
839 847
839 902
840 867
842 951
842 953
843 856
844 881
845 924
847 891
847 894
847 922
847 993
849 880
849 967
851 972
852 881
855 977
857 900
858 966
861 944
863 873
865 947
866 869
866 969
867 869
867 931
868 886
868 949
869 911
873 981
874 973
876 1016
877 900
879 882
879 917
879 992
880 891
880 978
882 898
883 977
885 928
886 934
888 926
888 941
888 1015
889 984
892 914
892 994
893 964
894 948
895 910
898 933
898 975
899 996
900 984
900 1006
900 1007
901 932
902 941
904 955
904 978
906 1004
909 1019
910 1009
913 932
913 963
914 985
915 920
916 932
926 955
927 996
929 993
930 951
930 983
931 988
932 970
934 957
934 1017
937 977
942 957
944 1013
947 998
950 964
957 1023
958 965
959 985
961 1006
963 983
976 989
979 1006
983 996
987 988
991 1012
996 1015
998 1013
