0 11
0 12
0 17
0 21
0 23
0 29
0 48
0 50
0 124
0 127
0 176
0 269
0 291
0 297
0 374
0 389
0 429
0 440
0 485
0 507
0 552
0 561
0 705
0 964
1 11
1 13
1 15
1 16
1 17
1 21
1 27
1 32
1 34
1 37
1 40
1 44
1 47
1 50
1 53
1 61
1 67
1 79
1 88
1 149
1 158
1 170
1 198
1 200
1 249
1 285
1 378
1 412
1 428
1 435
1 442
1 504
1 509
1 518
1 523
1 524
1 539
1 585
1 595
1 603
1 771
1 863
1 885
1 909
1 918
1 1005
1 1010
2 10
2 11
2 12
2 13
2 14
2 15
2 16
2 17
2 18
2 19
2 20
2 27
2 33
2 34
2 35
2 42
2 45
2 53
2 57
2 60
2 67
2 79
2 96
2 113
2 138
2 147
2 160
2 161
2 162
2 181
2 184
2 195
2 196
2 233
2 239
2 262
2 276
2 282
2 296
2 387
2 438
2 529
2 543
2 547
2 556
2 603
2 684
2 758
2 775
2 783
2 933
2 971
2 985
3 10
3 12
3 13
3 14
3 15
3 17
3 18
3 19
3 20
3 21
3 22
3 29
3 32
3 34
3 36
3 39
3 41
3 42
3 44
3 47
3 50
3 54
3 56
3 58
3 59
3 60
3 61
3 62
3 68
3 69
3 74
3 76
3 77
3 78
3 79
3 85
3 86
3 89
3 96
3 99
3 100
3 110
3 112
3 118
3 134
3 137
3 145
3 146
3 151
3 154
3 155
3 165
3 166
3 179
3 184
3 185
3 191
3 203
3 204
3 205
3 207
3 209
3 214
3 222
3 229
3 230
3 234
3 237
3 253
3 260
3 309
3 323
3 324
3 339
3 342
3 357
3 378
3 380
3 386
3 401
3 410
3 412
3 428
3 430
3 446
3 462
3 468
3 482
3 485
3 519
3 529
3 533
3 534
3 552
3 554
3 562
3 563
3 576
3 581
3 582
3 584
3 598
3 599
3 626
3 630
3 685
3 702
3 706
3 738
3 754
3 757
3 763
3 787
3 795
3 797
3 802
3 819
3 826
3 892
3 898
3 918
3 925
3 1014
4 10
4 11
4 12
4 14
4 15
4 19
4 26
4 32
4 46
4 47
4 62
4 86
4 87
4 94
4 95
4 99
4 101
4 105
4 111
4 146
4 164
4 189
4 217
4 229
4 232
4 238
4 280
4 297
4 346
4 366
4 371
4 404
4 413
4 424
4 432
4 516
4 532
4 551
4 557
4 585
4 597
4 663
4 685
4 686
4 707
4 741
4 750
4 755
4 767
4 778
4 804
4 841
4 905
4 948
5 11
5 12
5 14
5 15
5 16
5 20
5 23
5 29
5 59
5 64
5 66
5 71
5 75
5 76
5 85
5 99
5 104
5 106
5 117
5 119
5 122
5 123
5 132
5 167
5 177
5 179
5 180
5 193
5 250
5 265
5 273
5 281
5 323
5 354
5 385
5 430
5 435
5 506
5 508
5 541
5 635
5 709
5 738
5 781
5 795
5 815
5 849
5 859
5 861
5 945
5 975
5 984
5 988
6 10
6 11
6 12
6 13
6 15
6 17
6 18
6 22
6 25
6 26
6 27
6 33
6 37
6 46
6 61
6 65
6 66
6 74
6 80
6 83
6 90
6 97
6 103
6 107
6 112
6 117
6 125
6 129
6 135
6 144
6 169
6 173
6 176
6 195
6 228
6 232
6 235
6 263
6 264
6 268
6 283
6 299
6 330
6 337
6 349
6 405
6 407
6 430
6 444
6 455
6 494
6 500
6 524
6 544
6 555
6 561
6 576
6 622
6 671
6 703
6 729
6 741
6 749
6 770
6 771
6 787
6 790
6 806
6 824
6 840
6 843
6 888
6 920
6 945
6 963
6 982
6 983
6 997
6 1000
7 10
7 11
7 15
7 16
7 32
7 48
7 68
7 71
7 84
7 122
7 125
7 127
7 136
7 146
7 162
7 192
7 207
7 215
7 269
7 272
7 273
7 321
7 419
7 511
7 531
7 565
7 607
7 617
7 632
7 696
7 734
7 737
7 743
7 744
7 771
7 838
7 898
7 916
7 1005
7 1012
7 1015
7 1018
8 10
8 14
8 16
8 19
8 23
8 27
8 30
8 46
8 66
8 70
8 76
8 82
8 86
8 126
8 153
8 177
8 193
8 200
8 210
8 218
8 225
8 237
8 258
8 286
8 337
8 340
8 350
8 351
8 380
8 385
8 396
8 422
8 445
8 452
8 468
8 494
8 497
8 520
8 534
8 545
8 581
8 606
8 607
8 642
8 668
8 680
8 715
8 722
8 754
8 779
8 819
8 831
8 866
8 872
8 914
8 937
8 972
9 10
9 11
9 12
9 13
9 16
9 21
9 25
9 36
9 42
9 55
9 57
9 64
9 71
9 76
9 93
9 96
9 101
9 107
9 110
9 124
9 128
9 140
9 142
9 166
9 180
9 181
9 232
9 272
9 291
9 316
9 324
9 360
9 364
9 376
9 382
9 389
9 390
9 393
9 421
9 450
9 467
9 498
9 511
9 512
9 531
9 533
9 535
9 538
9 560
9 561
9 587
9 589
9 593
9 598
9 673
9 683
9 711
9 713
9 734
9 756
9 760
9 825
9 832
9 865
9 888
9 912
9 974
10 11
10 12
10 13
10 14
10 15
10 17
10 18
10 19
10 20
10 21
10 22
10 25
10 28
10 31
10 32
10 33
10 42
10 44
10 46
10 49
10 50
10 52
10 53
10 56
10 59
10 60
10 61
10 67
10 74
10 78
10 83
10 84
10 95
10 107
10 113
10 115
10 124
10 129
10 131
10 148
10 169
10 173
10 176
10 178
10 203
10 211
10 217
10 224
10 238
10 240
10 248
10 256
10 257
10 269
10 270
10 273
10 274
10 276
10 284
10 298
10 299
10 304
10 310
10 319
10 328
10 343
10 348
10 369
10 383
10 399
10 407
10 410
10 430
10 443
10 480
10 494
10 554
10 559
10 565
10 566
10 572
10 575
10 578
10 596
10 607
10 613
10 627
10 631
10 632
10 643
10 644
10 645
10 650
10 674
10 704
10 731
10 753
10 757
10 760
10 778
10 780
10 785
10 818
10 820
10 822
10 836
10 845
10 848
10 899
10 906
10 951
10 953
10 959
10 961
11 12
11 13
11 14
11 15
11 16
11 18
11 19
11 20
11 21
11 22
11 23
11 24
11 25
11 26
11 27
11 29
11 33
11 34
11 35
11 37
11 38
11 41
11 42
11 46
11 50
11 52
11 54
11 56
11 57
11 60
11 62
11 63
11 72
11 73
11 77
11 86
11 88
11 92
11 95
11 105
11 106
11 108
11 113
11 115
11 118
11 119
11 125
11 131
11 135
11 139
11 143
11 144
11 152
11 156
11 157
11 170
11 173
11 192
11 194
11 199
11 201
11 209
11 239
11 242
11 248
11 273
11 274
11 276
11 277
11 285
11 290
11 291
11 294
11 302
11 306
11 308
11 309
11 318
11 327
11 332
11 358
11 369
11 375
11 378
11 386
11 387
11 391
11 393
11 403
11 404
11 411
11 435
11 438
11 440
11 441
11 442
11 451
11 455
11 460
11 470
11 471
11 477
11 496
11 515
11 520
11 536
11 553
11 639
11 661
11 665
11 666
11 692
11 693
11 706
11 722
11 803
11 811
11 836
11 885
11 894
11 897
11 912
11 915
11 921
11 938
11 990
11 993
11 1018
12 14
12 17
12 20
12 21
12 25
12 39
12 47
12 49
12 53
12 57
12 59
12 73
12 77
12 121
12 141
12 155
12 173
12 184
12 203
12 259
12 284
12 309
12 320
12 336
12 337
12 345
12 354
12 387
12 435
12 438
12 490
12 515
12 542
12 548
12 566
12 595
12 668
12 679
12 798
12 831
12 887
12 918
12 922
12 930
12 942
12 960
12 996
12 1005
13 14
13 16
13 17
13 18
13 20
13 21
13 22
13 24
13 26
13 28
13 36
13 39
13 48
13 54
13 58
13 66
13 69
13 72
13 75
13 76
13 88
13 91
13 97
13 106
13 113
13 114
13 117
13 121
13 129
13 140
13 160
13 204
13 211
13 224
13 234
13 235
13 240
13 252
13 262
13 294
13 302
13 305
13 321
13 326
13 342
13 345
13 349
13 370
13 404
13 408
13 411
13 425
13 439
13 447
13 464
13 486
13 488
13 497
13 503
13 506
13 539
13 574
13 577
13 599
13 602
13 605
13 606
13 618
13 637
13 655
13 662
13 665
13 666
13 673
13 689
13 706
13 707
13 721
13 746
13 753
13 767
13 792
13 862
13 864
13 871
13 874
13 893
13 949
13 961
13 989
13 1001
13 1003
13 1004
13 1011
14 18
14 19
14 20
14 21
14 24
14 25
14 28
14 31
14 35
14 36
14 37
14 41
14 46
14 52
14 55
14 63
14 65
14 68
14 75
14 78
14 82
14 83
14 98
14 102
14 104
14 124
14 126
14 142
14 146
14 147
14 153
14 155
14 156
14 157
14 160
14 162
14 166
14 168
14 178
14 181
14 195
14 209
14 226
14 228
14 230
14 234
14 246
14 247
14 248
14 262
14 283
14 286
14 298
14 304
14 346
14 352
14 353
14 354
14 373
14 383
14 392
14 397
14 398
14 404
14 417
14 418
14 426
14 449
14 457
14 474
14 479
14 488
14 501
14 505
14 525
14 532
14 534
14 547
14 559
14 563
14 572
14 573
14 582
14 583
14 587
14 599
14 602
14 610
14 637
14 653
14 658
14 673
14 680
14 687
14 712
14 734
14 738
14 768
14 786
14 787
14 788
14 789
14 791
14 800
14 834
14 847
14 849
14 858
14 862
14 893
14 894
14 923
14 924
14 931
14 934
14 969
14 971
14 973
14 990
14 994
14 1008
14 1010
15 18
15 19
15 23
15 24
15 27
15 33
15 36
15 37
15 42
15 43
15 46
15 48
15 54
15 57
15 64
15 65
15 67
15 75
15 86
15 87
15 102
15 110
15 113
15 115
15 118
15 120
15 121
15 125
15 138
15 143
15 146
15 148
15 149
15 150
15 170
15 174
15 181
15 199
15 201
15 203
15 206
15 213
15 216
15 220
15 222
15 224
15 228
15 236
15 244
15 249
15 257
15 258
15 266
15 277
15 279
15 281
15 292
15 300
15 307
15 309
15 328
15 336
15 337
15 338
15 355
15 366
15 384
15 394
15 461
15 525
15 527
15 542
15 548
15 558
15 569
15 572
15 579
15 590
15 591
15 600
15 611
15 636
15 648
15 669
15 682
15 683
15 694
15 708
15 742
15 744
15 753
15 754
15 784
15 803
15 835
15 845
15 849
15 854
15 871
15 908
15 911
15 928
15 935
15 942
15 944
15 956
15 966
15 967
15 970
15 973
15 982
15 998
15 1018
15 1019
15 1023
16 19
16 20
16 21
16 24
16 25
16 27
16 29
16 34
16 35
16 37
16 38
16 44
16 49
16 52
16 64
16 70
16 77
16 85
16 92
16 94
16 101
16 131
16 132
16 133
16 134
16 135
16 141
16 142
16 167
16 171
16 175
16 178
16 185
16 199
16 212
16 227
16 277
16 285
16 286
16 290
16 297
16 303
16 306
16 308
16 331
16 333
16 373
16 382
16 390
16 395
16 406
16 417
16 423
16 454
16 457
16 463
16 469
16 475
16 567
16 576
16 583
16 603
16 619
16 630
16 720
16 727
16 733
16 743
16 748
16 781
16 790
16 832
16 844
16 858
16 871
16 893
16 904
16 911
16 947
16 972
17 18
17 23
17 24
17 29
17 31
17 32
17 33
17 35
17 36
17 37
17 38
17 41
17 43
17 45
17 49
17 51
17 52
17 54
17 57
17 59
17 61
17 63
17 69
17 72
17 73
17 74
17 83
17 89
17 101
17 114
17 127
17 130
17 141
17 145
17 147
17 155
17 159
17 171
17 175
17 180
17 200
17 207
17 226
17 229
17 245
17 252
17 257
17 272
17 274
17 279
17 280
17 288
17 291
17 295
17 296
17 305
17 306
17 317
17 322
17 334
17 352
17 365
17 373
17 375
17 394
17 415
17 420
17 464
17 479
17 498
17 523
17 526
17 554
17 559
17 626
17 634
17 645
17 646
17 653
17 661
17 669
17 709
17 775
17 779
17 796
17 807
17 833
17 844
17 851
17 869
17 896
17 909
17 911
17 913
17 939
17 978
17 987
17 1005
18 20
18 23
18 24
18 26
18 27
18 28
18 29
18 32
18 34
18 41
18 43
18 44
18 46
18 51
18 58
18 67
18 69
18 71
18 73
18 78
18 91
18 97
18 98
18 102
18 103
18 105
18 116
18 118
18 123
18 126
18 128
18 136
18 139
18 149
18 155
18 159
18 160
18 163
18 167
18 170
18 172
18 174
18 181
18 183
18 202
18 207
18 213
18 222
18 223
18 265
18 268
18 287
18 302
18 319
18 333
18 337
18 343
18 355
18 356
18 363
18 403
18 410
18 415
18 422
18 436
18 447
18 474
18 479
18 493
18 496
18 500
18 502
18 522
18 524
18 528
18 569
18 572
18 586
18 590
18 602
18 612
18 644
18 649
18 654
18 686
18 698
18 702
18 743
18 748
18 761
18 767
18 783
18 831
18 854
18 894
18 899
18 930
18 952
18 986
18 1000
18 1019
18 1020
19 23
19 24
19 30
19 37
19 38
19 44
19 53
19 55
19 58
19 61
19 62
19 81
19 86
19 106
19 108
19 112
19 116
19 122
19 147
19 155
19 168
19 197
19 201
19 208
19 245
19 273
19 301
19 306
19 318
19 326
19 422
19 465
19 479
19 495
19 501
19 511
19 517
19 594
19 622
19 642
19 644
19 646
19 666
19 670
19 684
19 716
19 745
19 762
19 801
19 808
19 898
19 958
19 970
19 1007
20 22
20 27
20 45
20 55
20 73
20 76
20 81
20 82
20 85
20 94
20 97
20 116
20 123
20 126
20 156
20 157
20 180
20 243
20 248
20 253
20 276
20 295
20 302
20 339
20 347
20 362
20 375
20 388
20 400
20 413
20 418
20 455
20 491
20 509
20 520
20 541
20 550
20 581
20 612
20 615
20 649
20 653
20 659
20 667
20 701
20 725
20 737
20 740
20 771
20 779
20 823
20 850
20 905
20 909
20 917
20 950
20 956
20 985
21 26
21 28
21 31
21 34
21 43
21 58
21 60
21 66
21 67
21 70
21 81
21 84
21 85
21 92
21 129
21 132
21 133
21 159
21 163
21 186
21 189
21 195
21 203
21 213
21 225
21 233
21 243
21 245
21 249
21 267
21 270
21 299
21 300
21 303
21 313
21 327
21 331
21 343
21 347
21 354
21 355
21 356
21 392
21 399
21 406
21 416
21 458
21 473
21 475
21 479
21 524
21 570
21 599
21 626
21 723
21 820
21 854
21 879
21 924
21 939
21 988
21 1020
22 25
22 26
22 38
22 41
22 42
22 45
22 46
22 72
22 79
22 80
22 84
22 88
22 91
22 116
22 119
22 122
22 124
22 126
22 130
22 153
22 157
22 164
22 165
22 166
22 172
22 199
22 214
22 218
22 241
22 262
22 266
22 274
22 275
22 278
22 302
22 304
22 327
22 329
22 336
22 341
22 348
22 353
22 360
22 374
22 392
22 393
22 434
22 450
22 452
22 482
22 489
22 517
22 568
22 581
22 591
22 638
22 658
22 661
22 675
22 688
22 730
22 819
22 822
22 869
22 882
22 915
22 957
22 1013
22 1019
22 1020
23 24
23 31
23 35
23 51
23 59
23 68
23 80
23 90
23 94
23 95
23 98
23 102
23 123
23 131
23 137
23 147
23 150
23 155
23 168
23 176
23 181
23 189
23 191
23 202
23 204
23 207
23 232
23 234
23 312
23 317
23 335
23 338
23 342
23 370
23 378
23 434
23 448
23 466
23 499
23 506
23 543
23 582
23 641
23 652
23 653
23 675
23 722
23 731
23 763
23 802
23 825
23 830
23 846
23 847
23 850
23 855
23 884
23 901
23 912
23 918
23 936
23 940
23 996
23 1023
24 25
24 27
24 28
24 29
24 32
24 35
24 38
24 39
24 42
24 43
24 50
24 57
24 64
24 68
24 69
24 72
24 74
24 80
24 89
24 98
24 103
24 106
24 110
24 112
24 122
24 157
24 164
24 167
24 169
24 174
24 180
24 182
24 185
24 188
24 189
24 195
24 196
24 229
24 237
24 242
24 249
24 251
24 259
24 261
24 275
24 281
24 290
24 293
24 304
24 308
24 320
24 324
24 326
24 351
24 356
24 357
24 359
24 371
24 372
24 393
24 401
24 427
24 431
24 450
24 451
24 461
24 469
24 472
24 476
24 477
24 517
24 526
24 529
24 531
24 535
24 570
24 573
24 620
24 629
24 646
24 677
24 691
24 705
24 723
24 740
24 826
24 866
24 885
24 886
24 901
24 902
24 919
24 942
24 952
24 989
24 1012
24 1014
25 26
25 28
25 30
25 31
25 39
25 40
25 45
25 47
25 48
25 54
25 57
25 76
25 79
25 80
25 84
25 87
25 94
25 95
25 101
25 107
25 115
25 118
25 122
25 132
25 137
25 150
25 174
25 178
25 188
25 215
25 226
25 265
25 267
25 311
25 313
25 336
25 342
25 361
25 370
25 396
25 400
25 415
25 420
25 425
25 451
25 500
25 513
25 529
25 572
25 631
25 692
25 715
25 755
25 770
25 801
25 807
25 809
25 813
25 907
25 940
25 955
25 996
25 1017
26 28
26 31
26 35
26 36
26 40
26 54
26 62
26 69
26 86
26 95
26 102
26 104
26 109
26 123
26 143
26 152
26 154
26 163
26 173
26 205
26 235
26 248
26 274
26 285
26 342
26 363
26 368
26 370
26 418
26 447
26 453
26 462
26 474
26 514
26 517
26 554
26 634
26 641
26 682
26 698
26 719
26 751
26 803
26 817
26 867
26 874
26 900
26 919
26 965
27 30
27 33
27 42
27 43
27 48
27 51
27 54
27 70
27 85
27 97
27 120
27 127
27 151
27 197
27 215
27 223
27 227
27 230
27 259
27 274
27 297
27 309
27 310
27 315
27 325
27 334
27 343
27 357
27 441
27 529
27 557
27 561
27 592
27 595
27 613
27 623
27 658
27 704
27 744
27 766
27 775
27 813
27 814
27 821
27 824
27 884
27 901
27 988
28 31
28 39
28 45
28 50
28 59
28 70
28 99
28 103
28 108
28 140
28 154
28 190
28 192
28 216
28 223
28 239
28 266
28 269
28 284
28 372
28 381
28 392
28 396
28 418
28 435
28 454
28 484
28 515
28 562
28 589
28 601
28 641
28 681
28 764
28 788
28 923
28 929
28 962
28 964
28 978
28 980
28 981
28 1001
28 1017
29 31
29 40
29 50
29 51
29 61
29 87
29 98
29 100
29 116
29 118
29 136
29 173
29 175
29 184
29 185
29 186
29 187
29 211
29 215
29 219
29 231
29 246
29 261
29 300
29 311
29 331
29 392
29 468
29 472
29 488
29 539
29 576
29 578
29 616
29 659
29 692
29 693
29 702
29 734
29 765
29 834
29 869
29 960
30 38
30 39
30 49
30 62
30 63
30 74
30 75
30 83
30 101
30 107
30 111
30 115
30 125
30 130
30 163
30 168
30 176
30 185
30 204
30 218
30 230
30 241
30 244
30 251
30 283
30 298
30 311
30 322
30 328
30 353
30 396
30 413
30 420
30 449
30 518
30 547
30 624
30 681
30 823
30 830
30 884
30 894
30 912
30 953
31 38
31 40
31 44
31 49
31 50
31 56
31 61
31 67
31 71
31 77
31 81
31 97
31 98
31 137
31 138
31 139
31 165
31 196
31 251
31 268
31 331
31 339
31 366
31 376
31 381
31 423
31 448
31 454
31 501
31 578
31 584
31 643
31 731
31 766
31 795
31 796
31 797
31 856
31 862
31 891
31 938
31 973
31 987
32 34
32 35
32 47
32 51
32 54
32 55
32 56
32 82
32 85
32 90
32 96
32 97
32 105
32 144
32 164
32 196
32 217
32 227
32 268
32 273
32 275
32 278
32 284
32 302
32 340
32 364
32 367
32 415
32 446
32 504
32 519
32 567
32 612
32 638
32 700
32 875
32 878
32 897
32 979
32 982
32 999
32 1020
33 43
33 47
33 53
33 55
33 56
33 81
33 83
33 102
33 117
33 150
33 164
33 179
33 270
33 276
33 315
33 358
33 360
33 395
33 401
33 403
33 404
33 405
33 408
33 484
33 501
33 523
33 553
33 560
33 638
33 643
33 707
33 709
33 765
33 827
33 865
33 886
33 928
33 942
33 1001
34 49
34 71
34 109
34 110
34 116
34 171
34 204
34 223
34 225
34 230
34 242
34 243
34 310
34 311
34 321
34 340
34 344
34 356
34 432
34 457
34 481
34 499
34 509
34 521
34 536
34 549
34 617
34 618
34 668
34 698
34 730
34 733
34 766
34 771
34 821
34 879
34 1009
35 36
35 39
35 40
35 43
35 44
35 47
35 48
35 61
35 65
35 68
35 111
35 117
35 127
35 135
35 153
35 154
35 160
35 162
35 164
35 165
35 167
35 175
35 177
35 182
35 194
35 196
35 206
35 207
35 234
35 239
35 259
35 263
35 289
35 315
35 318
35 387
35 394
35 402
35 412
35 416
35 419
35 447
35 464
35 470
35 505
35 555
35 558
35 562
35 565
35 585
35 591
35 610
35 615
35 629
35 648
35 677
35 686
35 713
35 739
35 763
35 773
35 794
35 800
35 809
35 814
35 832
35 890
35 904
35 928
35 937
35 950
35 959
35 1003
35 1006
36 40
36 52
36 55
36 75
36 89
36 90
36 105
36 111
36 117
36 118
36 123
36 132
36 150
36 166
36 229
36 264
36 289
36 309
36 362
36 380
36 390
36 428
36 450
36 479
36 599
36 715
36 726
36 807
36 873
36 903
36 954
37 66
37 91
37 128
37 145
37 149
37 180
37 198
37 209
37 217
37 246
37 249
37 307
37 463
37 551
37 597
37 703
37 783
37 866
37 908
37 975
37 987
37 1011
38 92
38 93
38 105
38 112
38 126
38 146
38 173
38 190
38 204
38 206
38 224
38 231
38 236
38 257
38 261
38 272
38 340
38 358
38 365
38 381
38 382
38 399
38 409
38 416
38 424
38 448
38 453
38 596
38 648
38 660
38 701
38 747
38 799
38 800
38 806
38 879
38 907
38 958
38 966
38 1012
39 40
39 44
39 45
39 65
39 70
39 98
39 133
39 150
39 158
39 224
39 228
39 244
39 264
39 282
39 296
39 301
39 341
39 357
39 374
39 427
39 458
39 469
39 492
39 551
39 580
39 600
39 674
39 679
39 701
39 713
39 772
39 810
39 982
40 41
40 49
40 65
40 78
40 88
40 100
40 109
40 124
40 150
40 155
40 173
40 176
40 183
40 184
40 191
40 222
40 244
40 333
40 406
40 441
40 549
40 620
40 641
40 650
40 734
40 751
40 776
40 781
40 787
40 829
40 842
40 882
40 899
40 904
40 980
40 1023
41 45
41 78
41 87
41 88
41 99
41 101
41 112
41 115
41 120
41 138
41 148
41 157
41 171
41 197
41 209
41 240
41 282
41 306
41 309
41 340
41 353
41 362
41 446
41 462
41 476
41 494
41 496
41 531
41 542
41 580
41 616
41 634
41 649
41 678
41 694
41 820
41 840
41 866
41 881
41 913
41 932
41 940
41 956
42 52
42 53
42 55
42 60
42 62
42 65
42 66
42 82
42 89
42 96
42 101
42 110
42 140
42 162
42 183
42 186
42 194
42 250
42 269
42 279
42 302
42 349
42 359
42 364
42 518
42 557
42 599
42 622
42 638
42 642
42 686
42 768
42 841
42 865
42 901
42 922
42 928
42 937
42 946
42 969
42 1003
43 48
43 61
43 84
43 89
43 130
43 143
43 186
43 214
43 298
43 352
43 371
43 601
43 720
43 952
44 57
44 93
44 106
44 160
44 238
44 243
44 254
44 345
44 373
44 455
44 457
44 628
44 632
44 706
44 722
44 742
44 754
44 830
44 983
45 46
45 51
45 62
45 63
45 71
45 77
45 79
45 82
45 85
45 114
45 130
45 138
45 152
45 177
45 218
45 223
45 224
45 229
45 237
45 258
45 261
45 267
45 268
45 284
45 289
45 291
45 299
45 305
45 307
45 309
45 338
45 339
45 341
45 367
45 412
45 453
45 467
45 532
45 534
45 542
45 554
45 560
45 575
45 580
45 596
45 609
45 697
45 700
45 714
45 716
45 755
45 762
45 779
45 816
45 848
45 852
45 856
45 867
45 994
45 1010
46 53
46 56
46 60
46 87
46 185
46 202
46 213
46 218
46 233
46 264
46 342
46 358
46 367
46 656
46 689
46 821
46 872
47 55
47 70
47 84
47 86
47 102
47 109
47 132
47 138
47 162
47 170
47 172
47 185
47 231
47 238
47 298
47 332
47 492
47 496
47 539
47 543
47 551
47 579
47 593
47 687
47 749
47 824
47 866
47 867
47 906
48 49
48 56
48 80
48 85
48 112
48 113
48 120
48 129
48 132
48 149
48 233
48 240
48 263
48 308
48 359
48 369
48 374
48 412
48 457
48 502
48 514
48 569
48 584
48 608
48 613
48 657
48 665
48 756
48 805
48 833
48 877
48 890
48 1008
48 1015
49 63
49 65
49 66
49 80
49 91
49 94
49 147
49 162
49 171
49 200
49 205
49 206
49 227
49 230
49 255
49 312
49 329
49 456
49 560
49 595
49 597
49 606
49 621
49 725
49 950
49 968
49 991
50 52
50 58
50 76
50 94
50 105
50 111
50 114
50 133
50 158
50 168
50 188
50 244
50 249
50 291
50 317
50 335
50 354
50 371
50 393
50 433
50 451
50 568
50 627
50 717
50 727
50 731
50 797
50 940
51 60
51 81
51 100
51 101
51 109
51 111
51 167
51 169
51 178
51 197
51 233
51 255
51 278
51 279
51 290
51 293
51 346
51 348
51 384
51 387
51 397
51 447
51 552
51 558
51 620
51 653
51 667
51 687
51 743
51 762
51 836
51 865
51 871
51 931
51 935
51 948
52 59
52 73
52 118
52 119
52 133
52 146
52 149
52 161
52 182
52 208
52 228
52 283
52 291
52 319
52 356
52 459
52 466
52 505
52 862
52 868
52 872
52 907
52 955
53 83
53 92
53 98
53 105
53 122
53 192
53 195
53 257
53 263
53 276
53 387
53 405
53 432
53 437
53 460
53 502
53 515
53 573
53 619
53 623
53 708
53 842
53 875
53 924
53 933
53 995
53 1006
54 91
54 102
54 114
54 125
54 153
54 162
54 175
54 182
54 189
54 227
54 247
54 255
54 286
54 356
54 365
54 395
54 445
54 469
54 473
54 479
54 482
54 521
54 543
54 594
54 599
54 608
54 646
54 694
54 725
54 751
54 803
54 818
54 905
54 991
55 74
55 125
55 175
55 181
55 203
55 250
55 251
55 274
55 285
55 322
55 366
55 375
55 391
55 486
55 509
55 568
55 645
55 647
55 830
55 877
56 62
56 69
56 80
56 82
56 83
56 87
56 91
56 99
56 108
56 114
56 130
56 139
56 150
56 159
56 171
56 176
56 195
56 226
56 233
56 236
56 241
56 249
56 258
56 270
56 280
56 282
56 288
56 323
56 343
56 363
56 367
56 369
56 374
56 433
56 440
56 501
56 510
56 522
56 528
56 532
56 551
56 588
56 605
56 611
56 613
56 614
56 627
56 640
56 659
56 713
56 732
56 746
56 748
56 762
56 772
56 773
56 781
56 787
56 829
56 833
56 856
56 860
56 895
56 896
57 59
57 63
57 64
57 72
57 83
57 119
57 143
57 170
57 196
57 209
57 289
57 342
57 386
57 440
57 484
57 486
57 500
57 588
57 661
57 663
57 682
57 703
57 779
57 835
57 902
57 943
57 991
57 1011
58 59
58 72
58 90
58 95
58 136
58 143
58 153
58 167
58 183
58 191
58 205
58 217
58 254
58 261
58 298
58 319
58 323
58 375
58 409
58 436
58 453
58 505
58 507
58 551
58 590
58 602
58 606
58 634
58 642
58 808
58 880
58 1000
59 63
59 65
59 68
59 93
59 96
59 103
59 165
59 266
59 348
59 384
59 425
59 462
59 557
59 593
59 652
59 674
59 778
59 786
59 854
59 928
59 960
60 70
60 90
60 95
60 115
60 121
60 240
60 260
60 278
60 315
60 358
60 369
60 391
60 395
60 408
60 409
60 490
60 497
60 510
60 519
60 526
60 647
60 741
60 799
60 815
60 835
60 894
60 898
60 929
60 949
60 954
61 90
61 92
61 141
61 207
61 250
61 352
61 462
61 488
61 508
61 578
61 709
61 774
61 918
61 927
61 934
61 939
62 77
62 108
62 116
62 152
62 188
62 245
62 278
62 325
62 368
62 392
62 397
62 420
62 426
62 431
62 444
62 486
62 489
62 516
62 540
62 676
62 758
62 810
62 880
62 902
63 65
63 75
63 84
63 91
63 113
63 137
63 144
63 208
63 219
63 227
63 287
63 364
63 380
63 509
63 512
63 541
63 590
63 650
63 776
63 795
63 912
63 968
63 1013
64 69
64 74
64 78
64 128
64 131
64 152
64 157
64 178
64 231
64 238
64 241
64 243
64 260
64 263
64 271
64 280
64 305
64 319
64 349
64 378
64 393
64 480
64 557
64 639
64 694
64 768
64 818
64 838
64 846
64 852
64 871
64 902
64 922
64 945
64 946
64 951
64 981
65 203
65 220
65 264
65 344
65 409
65 434
65 490
65 601
65 685
65 729
65 760
65 769
65 788
65 863
65 869
65 931
66 68
66 78
66 81
66 104
66 107
66 111
66 117
66 121
66 144
66 145
66 154
66 238
66 288
66 341
66 348
66 359
66 368
66 385
66 394
66 419
66 448
66 506
66 515
66 557
66 612
66 646
66 690
66 942
66 982
66 1007
67 81
67 96
67 100
67 103
67 107
67 152
67 168
67 177
67 191
67 222
67 227
67 245
67 250
67 283
67 289
67 329
67 344
67 361
67 363
67 396
67 484
67 534
67 535
67 540
67 566
67 665
67 666
67 687
67 704
67 740
67 747
67 829
67 894
67 934
67 943
67 961
68 75
68 87
68 97
68 109
68 116
68 119
68 133
68 157
68 196
68 200
68 253
68 282
68 434
68 442
68 510
68 542
68 693
68 706
68 738
68 818
68 889
68 938
68 957
69 103
69 107
69 113
69 119
69 134
69 137
69 140
69 144
69 174
69 239
69 267
69 275
69 289
69 296
69 322
69 343
69 392
69 400
69 418
69 433
69 451
69 452
69 562
69 564
69 581
69 627
69 629
69 641
69 657
69 696
69 699
69 717
69 726
69 757
69 903
69 939
70 73
70 83
70 90
70 95
70 99
70 102
70 159
70 160
70 164
70 172
70 218
70 308
70 397
70 403
70 473
70 829
70 832
70 931
70 953
71 77
71 187
71 198
71 257
71 262
71 288
71 355
71 403
71 417
71 435
71 519
71 549
71 667
71 761
71 837
71 955
72 88
72 102
72 112
72 116
72 156
72 163
72 202
72 241
72 242
72 338
72 349
72 424
72 440
72 503
72 627
72 662
72 668
72 690
72 782
72 914
72 925
72 930
73 79
73 86
73 100
73 101
73 106
73 117
73 123
73 145
73 152
73 154
73 163
73 187
73 231
73 281
73 302
73 317
73 322
73 329
73 352
73 461
73 514
73 515
73 619
73 629
73 688
73 697
73 894
74 76
74 94
74 100
74 151
74 161
74 206
74 207
74 214
74 254
74 271
74 300
74 301
74 326
74 330
74 343
74 365
74 383
74 415
74 472
74 497
74 549
74 551
74 606
74 608
74 628
74 642
74 666
74 717
74 718
74 756
74 926
74 1017
75 159
75 161
75 216
75 243
75 257
75 311
75 324
75 338
75 341
75 394
75 410
75 570
75 606
75 701
75 720
75 827
75 837
75 961
75 989
75 1000
75 1004
76 93
76 96
76 107
76 112
76 121
76 136
76 141
76 142
76 143
76 152
76 156
76 159
76 198
76 211
76 228
76 248
76 348
76 349
76 397
76 424
76 450
76 531
76 536
76 537
76 589
76 638
76 645
76 696
76 699
76 731
76 770
76 857
76 932
76 938
76 984
77 136
77 145
77 151
77 187
77 191
77 231
77 260
77 265
77 297
77 480
77 498
77 512
77 564
77 709
77 931
78 85
78 87
78 108
78 111
78 114
78 160
78 184
78 189
78 240
78 253
78 282
78 290
78 299
78 323
78 338
78 369
78 465
78 544
78 566
78 596
78 637
78 675
78 682
78 725
78 741
78 808
78 827
78 843
78 855
78 904
78 913
78 956
78 986
78 1018
79 136
79 161
79 177
79 191
79 483
79 585
79 650
79 890
80 105
80 114
80 119
80 136
80 154
80 166
80 178
80 250
80 260
80 263
80 288
80 335
80 458
80 516
80 566
80 610
80 677
80 726
80 957
81 97
81 115
81 124
81 189
81 256
81 271
81 429
81 431
81 432
81 447
81 471
81 478
81 515
81 527
81 602
81 615
81 631
81 684
81 722
81 747
81 758
81 958
81 1016
82 88
82 127
82 150
82 156
82 161
82 202
82 211
82 223
82 230
82 273
82 489
82 509
82 511
82 537
82 564
82 576
82 607
82 819
82 829
82 1002
82 1013
83 89
83 127
83 148
83 175
83 212
83 277
83 351
83 493
83 636
83 640
83 711
83 727
83 917
84 88
84 92
84 93
84 96
84 135
84 148
84 182
84 200
84 208
84 220
84 226
84 245
84 271
84 295
84 310
84 353
84 357
84 400
84 420
84 436
84 513
84 616
84 675
84 718
84 756
84 883
84 892
84 921
84 938
85 127
85 156
85 174
85 211
85 241
85 244
85 370
85 441
85 540
85 586
85 655
85 694
85 936
86 104
86 142
86 167
86 190
86 215
86 335
86 348
86 360
86 421
86 478
86 548
86 624
86 638
86 676
86 719
86 739
86 952
86 995
87 93
87 103
87 123
87 124
87 157
87 262
87 275
87 326
87 334
87 416
87 464
87 466
87 473
87 523
87 533
87 540
87 569
87 577
87 609
87 622
87 649
87 697
87 826
87 834
87 836
87 866
87 939
88 98
88 106
88 120
88 122
88 125
88 131
88 139
88 175
88 190
88 248
88 252
88 267
88 268
88 269
88 277
88 316
88 344
88 368
88 378
88 465
88 468
88 473
88 484
88 486
88 500
88 510
88 519
88 523
88 530
88 564
88 611
88 621
88 662
88 686
88 689
88 714
88 730
88 803
88 814
88 880
88 881
88 911
88 957
88 962
88 963
88 966
89 108
89 111
89 120
89 129
89 138
89 141
89 142
89 151
89 172
89 193
89 195
89 217
89 236
89 237
89 246
89 272
89 307
89 326
89 341
89 492
89 525
89 597
89 810
89 831
89 850
89 862
89 889
89 910
89 990
89 1012
90 92
90 94
90 125
90 133
90 148
90 197
90 198
90 220
90 313
90 324
90 334
90 347
90 388
90 431
90 446
90 461
90 537
90 575
90 576
90 850
91 92
91 99
91 109
91 110
91 139
91 148
91 151
91 172
91 176
91 179
91 189
91 198
91 205
91 210
91 221
91 225
91 228
91 238
91 252
91 385
91 420
91 480
91 482
91 485
91 550
91 560
91 621
91 645
91 702
91 733
91 792
91 820
91 829
91 844
91 859
91 966
91 980
91 1002
92 108
92 109
92 145
92 212
92 216
92 261
92 279
92 308
92 340
92 395
92 418
92 466
92 502
92 552
92 556
92 575
92 711
92 764
92 854
92 861
92 889
92 913
92 922
93 134
93 135
93 156
93 175
93 269
93 291
93 361
93 389
93 513
93 524
93 536
93 574
93 603
93 617
93 698
93 743
93 753
93 783
93 1020
94 117
94 172
94 208
94 285
94 292
94 351
94 498
94 530
94 545
94 561
94 747
94 763
94 770
94 846
94 878
94 920
94 923
94 999
94 1019
95 126
95 194
95 212
95 359
95 372
95 397
95 470
95 483
95 664
95 721
95 756
95 831
95 959
96 169
96 225
96 231
96 273
96 395
96 451
96 592
96 695
96 782
96 795
96 863
97 168
97 225
97 344
97 383
97 424
97 562
97 610
97 620
97 800
97 836
97 840
97 927
98 109
98 121
98 173
98 248
98 251
98 441
98 471
98 476
98 488
98 506
98 530
98 600
98 603
98 619
98 636
98 688
98 690
98 725
98 957
99 128
99 140
99 215
99 256
99 373
99 430
99 431
99 462
99 484
99 498
99 510
99 563
99 648
99 713
99 762
99 813
99 886
100 123
100 169
100 201
100 242
100 300
100 378
100 452
100 604
100 608
100 630
100 667
100 791
101 183
101 260
101 262
101 437
101 441
101 481
101 522
101 563
101 593
101 726
101 739
101 763
101 771
101 965
101 978
101 1012
102 104
102 108
102 201
102 504
102 564
102 675
102 708
102 732
102 983
102 1011
103 115
103 179
103 188
103 197
103 199
103 226
103 247
103 298
103 337
103 362
103 372
103 383
103 389
103 396
103 409
103 431
103 449
103 544
103 584
103 652
103 715
103 765
103 894
103 967
103 1016
104 133
104 139
104 165
104 221
104 234
104 322
104 328
104 330
104 347
104 366
104 446
104 470
104 691
104 702
104 843
105 110
105 134
105 179
105 220
105 263
105 265
105 278
105 326
105 337
105 376
105 545
105 582
105 589
105 599
105 604
105 742
105 749
105 809
105 878
105 966
106 131
106 186
106 217
106 355
106 361
106 419
106 619
106 648
106 737
106 746
106 762
106 825
106 839
106 876
106 951
107 183
107 237
107 246
107 271
107 308
107 311
107 314
107 321
107 384
107 407
107 490
107 586
107 594
107 715
107 858
107 866
107 901
107 929
107 972
108 134
108 142
108 158
108 166
108 187
108 189
108 213
108 228
108 402
108 408
108 456
108 508
108 579
108 615
108 798
109 113
109 124
109 141
109 263
109 338
109 411
109 587
109 655
109 804
109 822
109 1022
110 148
110 196
110 216
110 283
110 407
110 581
110 608
110 747
110 827
110 845
110 853
110 874
110 906
110 930
110 970
111 114
111 120
111 121
111 126
111 208
111 216
111 219
111 233
111 303
111 305
111 380
111 443
111 602
111 700
111 720
111 798
111 886
111 953
111 990
112 163
112 206
112 210
112 270
112 276
112 306
112 310
112 353
112 842
112 873
112 924
112 930
112 964
113 129
113 139
113 172
113 199
113 227
113 236
113 240
113 242
113 323
113 331
113 342
113 393
113 423
113 434
113 477
113 542
113 555
113 561
113 614
113 767
113 803
113 855
113 959
114 118
114 131
114 138
114 146
114 176
114 184
114 209
114 235
114 292
114 301
114 317
114 379
114 398
114 447
114 449
114 465
114 466
114 470
114 479
114 491
114 536
114 552
114 596
114 609
114 779
114 798
114 821
114 833
114 839
114 856
114 915
114 932
114 935
114 953
114 958
114 977
114 1013
114 1019
115 182
115 185
115 192
115 261
115 303
115 360
115 376
115 387
115 388
115 410
115 411
115 445
115 481
115 588
115 592
115 624
115 689
115 736
115 859
116 148
116 177
116 181
116 192
116 193
116 290
116 312
116 408
116 451
116 549
116 568
116 591
116 659
116 668
116 704
116 782
116 1016
117 130
117 268
117 271
117 321
117 333
117 354
117 367
117 394
117 436
117 546
117 646
117 858
118 126
118 130
118 155
118 161
118 186
118 199
118 208
118 255
118 272
118 275
118 294
118 297
118 372
118 406
118 417
118 459
118 501
118 526
118 568
118 579
118 580
118 714
118 725
118 751
118 773
118 780
118 800
118 804
118 872
118 875
118 877
118 912
118 943
118 1009
119 162
119 315
119 368
119 463
119 658
119 776
119 834
119 878
119 921
119 949
120 130
120 149
120 223
120 325
120 333
120 495
120 570
120 618
120 817
120 887
120 929
121 208
121 252
121 254
121 259
121 296
121 366
121 375
121 424
121 436
121 445
121 464
121 476
121 513
121 657
121 768
121 817
121 897
121 982
121 995
122 135
122 153
122 166
122 248
122 334
122 381
122 459
122 591
122 631
122 666
122 729
122 976
123 129
123 135
123 168
123 171
123 181
123 242
123 246
123 251
123 262
123 307
123 346
123 370
123 399
123 452
123 485
123 499
123 514
123 530
123 570
123 613
123 614
123 635
123 664
123 769
123 822
123 828
123 923
123 947
123 1003
124 214
124 475
124 516
124 564
124 640
124 847
124 902
124 911
125 130
125 155
125 161
125 201
125 205
125 259
125 331
125 409
125 418
125 428
125 457
125 516
125 627
125 738
125 809
125 835
126 152
126 164
126 193
126 285
126 304
126 339
126 350
126 357
126 390
126 459
126 489
126 490
126 586
126 630
126 734
126 735
126 924
126 934
127 146
127 356
127 480
127 487
127 528
127 560
127 624
127 647
127 664
127 856
127 865
127 978
128 211
128 238
128 327
128 412
128 430
128 436
128 565
128 579
128 636
128 730
128 741
128 746
128 765
128 768
128 840
128 932
128 944
128 994
129 243
129 291
129 306
129 319
129 351
129 464
129 507
129 614
129 623
129 687
129 688
129 738
129 838
129 862
129 942
129 1007
130 147
130 157
130 182
130 220
130 246
130 258
130 265
130 284
130 310
130 325
130 327
130 397
130 427
130 448
130 491
130 508
130 527
130 545
130 549
130 609
130 652
130 671
130 783
130 825
130 879
130 921
130 980
130 983
130 1022
131 136
131 147
131 177
131 259
131 270
131 285
131 313
131 337
131 346
131 443
131 483
131 512
131 518
131 523
131 557
131 620
132 137
132 153
132 159
132 247
132 275
132 292
132 314
132 465
132 520
132 521
132 632
132 648
132 853
132 867
132 885
132 889
133 148
133 214
133 251
133 276
133 310
133 377
133 381
133 407
133 448
133 460
133 543
133 566
133 700
133 709
133 833
133 846
133 957
134 182
134 184
134 197
134 240
134 282
134 390
134 478
134 493
134 565
134 595
134 695
134 769
134 804
134 828
134 885
134 918
134 936
134 965
134 974
134 993
134 1015
135 141
135 170
135 186
135 222
135 260
135 304
135 683
135 719
135 791
135 935
135 967
136 145
136 159
136 254
136 258
136 320
136 330
136 369
136 516
136 574
136 594
136 610
136 723
136 898
137 178
137 251
137 288
137 308
137 325
137 441
137 718
137 815
137 858
137 911
138 185
138 188
138 215
138 311
138 346
138 368
138 370
138 466
138 740
138 766
138 798
138 945
138 979
139 154
139 287
139 330
139 335
139 341
139 345
139 507
139 512
139 528
139 602
139 611
139 639
139 753
139 846
139 986
139 993
140 142
140 219
140 221
140 285
140 361
140 433
140 658
140 764
140 787
140 852
140 858
141 300
141 617
141 785
141 830
141 831
141 845
141 927
142 168
142 176
142 188
142 199
142 230
142 336
142 415
142 469
142 485
142 611
142 684
142 709
142 757
142 964
142 973
142 1005
143 203
143 216
143 231
143 254
143 294
143 336
143 400
143 426
143 434
143 549
143 769
143 854
143 940
144 151
144 209
144 218
144 220
144 221
144 232
144 331
144 494
144 565
144 623
144 725
144 827
144 891
144 897
144 1009
145 171
145 184
145 193
145 194
145 198
145 207
145 239
145 304
145 322
145 329
145 354
145 381
145 399
145 425
145 493
145 496
145 605
145 607
145 622
145 633
145 643
145 712
145 817
145 860
146 194
146 235
146 388
146 449
146 633
146 660
147 190
147 191
147 224
147 234
147 326
147 332
147 349
147 425
147 452
147 624
147 793
147 815
147 915
147 949
148 154
148 174
148 188
148 210
148 245
148 269
148 361
148 363
148 525
148 532
148 553
148 655
148 848
148 930
148 997
149 293
149 354
149 436
149 498
149 617
149 675
149 700
149 707
149 721
149 812
149 831
149 890
149 917
150 229
150 377
150 426
150 468
150 546
150 770
150 781
150 802
150 958
150 983
151 170
151 195
151 204
151 240
151 283
151 453
151 480
151 613
151 634
151 696
151 697
151 737
151 892
152 153
152 163
152 222
152 236
152 243
152 281
152 317
152 488
152 530
152 625
152 708
152 713
152 886
153 470
153 485
153 487
153 604
153 610
153 718
153 828
154 158
154 169
154 180
154 210
154 221
154 227
154 232
154 359
154 522
154 534
154 552
154 564
154 576
154 629
154 678
154 798
154 805
154 907
154 915
155 198
155 219
155 293
155 303
155 320
155 323
155 336
155 433
155 442
155 462
155 484
155 691
155 735
155 813
155 843
155 879
155 914
155 938
156 168
156 193
156 205
156 282
156 330
156 404
156 476
156 502
156 514
156 562
156 583
156 623
156 692
156 810
156 819
156 855
156 881
156 931
157 287
157 301
157 349
157 424
157 438
157 653
157 687
157 689
158 194
158 256
158 379
158 382
158 500
158 503
158 516
158 571
158 578
158 606
158 667
158 714
158 837
158 838
158 934
159 257
159 280
159 338
159 422
159 445
159 493
159 541
159 543
159 549
159 564
159 573
159 592
159 619
159 721
159 789
159 794
159 933
159 950
160 233
160 270
160 396
160 480
160 490
160 604
160 680
160 746
160 782
161 163
161 253
161 458
161 471
161 521
161 558
161 593
161 626
161 672
161 717
161 729
161 743
161 926
161 927
161 939
161 1022
162 172
162 193
162 199
162 220
162 235
162 244
162 267
162 376
162 403
162 417
162 559
162 560
162 659
162 895
162 984
162 1023
163 179
163 207
163 239
163 307
163 318
163 467
163 486
163 487
163 520
163 660
163 716
163 769
163 788
163 816
163 822
163 823
163 853
163 900
163 925
163 987
163 995
164 252
164 301
164 344
164 413
164 703
164 740
164 774
164 805
165 182
165 250
165 263
165 277
165 306
165 408
165 563
165 614
165 617
165 646
165 735
165 861
165 904
165 925
166 198
166 201
166 209
166 210
166 267
166 272
166 303
166 316
166 362
166 365
166 386
166 429
166 454
166 467
166 477
166 480
166 645
166 828
166 909
166 998
166 1003
166 1017
167 524
167 542
167 851
167 864
168 192
168 292
168 306
168 313
168 392
168 492
168 525
168 655
168 669
168 712
168 824
168 952
169 183
169 211
169 234
169 249
169 261
169 269
169 277
169 316
169 328
169 352
169 429
169 439
169 476
169 487
169 516
169 540
169 546
169 577
169 588
169 592
169 645
169 658
169 735
169 750
169 782
169 790
169 797
170 240
170 281
170 288
170 316
170 361
170 407
170 548
170 568
170 744
170 777
170 887
170 907
171 187
171 212
171 361
171 366
171 407
171 463
171 594
171 636
171 683
171 910
171 948
171 978
172 187
172 252
172 292
172 319
172 629
172 858
172 1013
173 224
173 345
173 420
173 443
173 513
173 629
173 761
173 812
174 214
174 244
174 304
174 312
174 371
174 421
174 447
174 513
174 524
174 597
174 635
174 670
174 875
175 243
175 246
175 297
175 343
175 404
175 469
175 522
175 545
175 586
175 591
175 603
175 672
175 692
175 730
175 914
175 941
176 233
176 253
176 280
176 294
176 415
176 442
176 488
176 661
176 674
176 724
176 873
177 187
177 195
177 202
177 275
177 278
177 344
177 350
177 414
177 482
177 514
177 519
177 559
177 567
177 577
177 613
177 621
177 923
177 994
178 208
178 212
178 232
178 293
178 298
178 407
178 521
178 761
178 971
179 192
179 196
179 215
179 224
179 225
179 255
179 278
179 282
179 300
179 346
179 395
179 418
179 505
179 514
179 552
179 584
179 604
179 665
179 711
179 771
179 1018
180 387
180 405
180 514
180 590
180 591
180 666
180 825
180 843
181 190
181 200
181 204
181 215
181 380
181 381
181 523
181 563
181 701
181 877
181 944
181 977
182 203
182 268
182 520
182 621
182 781
182 784
182 792
182 905
182 937
183 347
183 402
183 490
184 200
184 221
184 238
184 272
184 313
184 339
184 355
184 371
184 405
184 468
184 469
184 751
184 847
184 873
184 1007
184 1022
185 314
185 510
185 518
185 538
185 562
185 575
185 641
185 661
185 944
186 227
186 363
186 474
186 574
186 583
186 671
186 977
187 222
187 274
187 379
187 401
187 411
187 562
187 706
187 756
187 799
187 806
187 883
187 906
187 979
188 202
188 205
188 375
188 414
188 614
188 680
188 925
188 1002
189 191
189 205
189 226
189 266
189 283
189 329
189 348
189 350
189 442
189 445
189 554
189 679
189 852
189 932
189 945
189 991
190 216
190 384
190 389
190 499
190 588
190 635
190 977
190 1018
191 278
191 403
191 473
191 517
191 695
191 828
191 903
191 960
192 210
192 232
192 289
192 331
192 392
192 510
192 531
192 553
192 577
192 585
192 963
192 1014
193 229
193 286
193 302
193 386
193 537
193 618
193 643
193 864
193 882
193 938
194 388
194 468
194 474
194 632
194 732
194 739
194 954
195 254
195 295
195 301
195 303
195 335
195 368
195 384
195 535
195 551
195 609
195 625
195 632
195 663
195 671
195 697
195 749
195 782
195 994
195 1015
196 222
196 255
196 386
196 407
196 481
196 488
196 491
196 528
196 541
196 947
197 236
197 292
197 362
197 409
197 472
197 524
197 951
198 200
198 223
198 242
198 248
198 255
198 275
198 289
198 313
198 487
198 629
198 675
198 681
198 889
198 1004
198 1022
199 321
199 446
199 496
199 563
199 635
200 250
200 281
200 289
200 404
200 516
200 568
200 618
200 677
200 731
200 748
200 808
200 930
200 977
201 221
201 336
201 616
201 760
201 794
201 953
202 262
202 305
202 494
202 600
202 709
202 750
202 878
202 1021
203 508
204 237
204 255
204 265
204 312
204 324
204 374
204 433
204 554
204 578
204 874
205 305
205 489
205 498
205 499
205 527
205 528
205 852
205 953
205 1018
206 247
206 282
206 287
206 429
206 453
206 568
206 644
206 653
206 784
206 997
206 1022
207 221
207 292
207 430
207 648
208 246
208 380
208 477
208 527
208 534
208 567
208 622
208 641
208 643
208 665
208 746
208 800
208 888
208 1014
209 212
209 230
209 232
209 266
209 269
209 293
209 333
209 334
209 347
209 367
209 491
209 630
209 634
209 676
209 740
209 879
209 998
210 219
210 458
210 534
210 555
210 816
210 886
211 213
211 215
211 265
211 279
211 300
211 315
211 349
211 401
211 406
211 434
211 449
211 588
211 737
211 821
211 826
211 953
211 954
212 400
212 908
213 234
213 398
213 414
213 428
213 527
213 842
214 358
214 500
214 531
214 662
214 708
214 725
215 279
215 314
215 315
215 400
215 426
215 436
215 710
215 794
215 825
215 900
215 1017
216 228
216 334
216 389
216 481
216 763
216 796
216 841
216 904
217 235
217 260
217 328
217 433
217 529
217 702
217 708
217 726
217 795
217 871
217 882
218 245
218 263
218 367
218 446
218 616
218 649
218 828
218 1010
219 233
219 297
219 317
219 326
219 339
219 396
219 403
219 428
219 459
219 463
219 526
219 577
219 594
219 647
219 661
219 720
219 753
219 867
219 882
219 924
219 928
219 955
219 965
219 973
219 1021
220 237
220 430
220 484
220 588
220 657
220 718
221 222
221 226
221 239
221 266
221 387
221 406
221 478
221 868
221 1007
222 225
222 358
222 455
222 535
222 573
222 678
222 1021
223 266
223 268
223 305
223 314
223 327
223 333
223 350
223 359
223 410
223 527
223 543
223 555
223 690
223 721
223 768
223 784
223 792
223 850
224 321
224 362
224 438
224 491
224 566
224 849
225 256
225 325
225 363
225 371
225 391
225 399
225 425
225 550
225 563
225 824
226 442
226 449
226 711
227 363
227 439
227 602
227 751
227 818
227 916
227 1014
228 264
228 450
228 499
228 707
228 760
228 815
228 850
228 912
228 1005
229 249
229 256
229 305
229 324
229 423
229 532
229 534
229 599
229 693
229 778
229 793
229 825
229 891
230 347
230 371
230 390
230 429
230 566
230 680
230 826
230 897
231 365
231 421
231 459
231 525
231 537
231 727
231 731
231 754
231 780
231 793
232 376
232 391
232 463
232 472
232 508
232 586
232 752
232 789
233 239
233 465
233 478
233 600
233 601
233 705
233 718
233 765
233 791
234 241
234 258
234 297
234 478
234 525
234 571
234 628
234 781
234 934
235 268
235 643
235 830
236 267
236 294
236 311
236 348
236 352
236 401
236 462
236 507
236 518
236 545
236 580
236 799
237 314
237 480
237 495
237 570
237 615
237 768
237 835
237 847
237 849
237 868
237 909
237 1019
238 239
238 295
238 379
238 390
238 461
238 482
238 494
238 539
238 665
238 679
238 738
238 902
239 284
239 377
239 393
240 245
240 287
240 651
240 663
241 260
241 329
241 385
241 411
241 419
241 439
241 474
241 607
241 719
241 723
241 764
241 804
241 926
242 264
242 317
242 328
242 340
242 352
242 370
242 373
242 403
242 548
242 637
242 679
242 751
242 784
242 942
243 262
243 444
243 693
243 987
244 253
244 258
244 299
244 321
244 332
244 379
244 384
244 402
244 594
244 595
244 659
244 838
244 843
244 937
244 955
244 974
245 249
245 325
245 336
245 394
245 396
245 723
245 895
246 313
246 318
246 329
246 382
246 407
246 733
246 782
246 798
246 863
246 868
247 266
247 398
247 506
247 543
247 759
247 895
248 265
248 384
248 530
248 541
248 697
248 770
249 289
249 292
249 444
249 447
249 467
249 474
249 475
249 506
249 570
249 572
249 657
249 780
249 984
250 461
250 483
250 536
250 657
250 658
250 823
251 439
251 454
251 484
251 651
251 848
251 861
251 897
251 1008
252 450
252 451
252 524
252 808
252 868
253 284
253 297
253 313
253 341
253 346
253 508
253 526
253 589
253 595
253 624
253 654
253 728
253 776
253 778
253 786
253 801
253 805
253 860
253 955
254 440
254 490
254 495
254 521
254 600
254 650
254 684
254 961
254 966
255 723
255 798
255 896
255 970
256 318
256 658
256 682
256 729
256 827
256 940
257 295
257 417
257 482
257 969
258 311
258 409
258 459
258 572
258 585
258 643
258 790
258 814
258 916
258 999
259 295
259 323
259 341
259 358
259 628
259 744
259 855
259 921
259 935
260 362
260 401
260 414
260 416
260 528
260 579
260 665
260 734
260 849
260 861
260 902
260 928
261 275
261 363
261 429
261 533
261 542
261 647
261 695
261 728
261 926
262 271
262 352
262 367
262 421
262 529
262 580
262 972
263 303
263 327
263 426
263 476
263 558
263 647
264 292
264 416
264 686
264 774
264 780
264 923
265 314
265 319
265 383
265 475
265 476
265 946
265 961
266 295
266 473
266 770
266 993
266 1020
267 332
267 344
267 453
267 598
267 601
267 630
267 649
267 703
267 766
267 836
268 272
268 307
268 335
268 553
268 818
268 951
269 272
269 427
269 460
269 617
269 668
269 844
269 954
269 972
270 322
270 413
270 419
270 423
270 524
270 673
270 770
270 827
270 844
270 903
270 929
270 1008
271 370
271 439
271 809
271 864
272 308
272 368
272 571
272 697
272 724
272 736
272 737
272 816
272 926
273 405
273 455
273 505
273 907
274 285
274 301
274 350
274 377
274 423
274 621
274 669
274 674
274 721
274 905
274 1014
275 295
275 320
275 406
275 423
275 521
275 546
275 553
276 294
276 443
276 532
276 627
276 633
276 808
276 860
276 1001
277 413
277 661
277 818
278 437
278 603
278 606
278 655
278 677
278 757
278 852
278 870
279 429
279 456
279 495
279 665
279 689
279 716
279 732
279 735
279 819
279 872
279 978
280 347
280 481
280 492
280 496
280 580
280 700
280 710
280 792
280 838
280 885
281 288
281 426
281 882
282 286
282 300
282 437
282 559
282 654
282 670
282 672
282 769
282 830
282 842
283 330
283 416
283 510
283 568
283 660
283 725
283 883
284 372
284 690
284 694
284 738
284 789
284 851
285 286
285 306
285 353
285 483
285 497
285 539
285 550
285 610
285 615
285 837
285 913
285 939
285 997
286 316
286 330
286 369
286 389
286 395
286 412
286 427
286 601
286 621
286 910
286 923
286 948
286 1006
287 293
287 475
287 479
287 517
287 587
287 609
287 610
287 768
287 877
288 508
288 522
288 588
288 696
288 897
289 318
289 496
289 500
289 734
289 749
289 935
290 309
290 335
290 437
290 438
290 457
290 480
290 609
290 710
290 898
290 980
291 318
291 354
291 376
291 379
291 500
291 505
291 600
291 670
291 749
291 848
291 876
291 908
291 1007
291 1022
292 299
292 421
292 826
292 999
293 333
293 334
293 375
293 388
293 646
293 809
293 959
294 330
294 388
294 469
294 796
294 835
294 870
294 935
295 616
295 639
295 777
295 860
296 651
296 698
296 995
297 298
297 320
297 422
297 438
297 529
297 589
297 680
297 698
297 714
297 815
297 913
297 927
297 933
297 1012
298 350
298 422
298 443
298 695
298 747
298 811
298 899
299 303
299 355
299 418
299 680
299 745
299 786
299 873
299 890
299 941
299 960
300 318
300 394
300 402
300 427
300 537
300 593
300 676
300 853
300 876
301 426
301 521
301 531
301 548
301 842
301 941
301 994
301 999
302 446
302 454
302 470
302 478
302 634
302 758
302 823
302 850
302 917
303 378
303 414
303 453
303 581
303 631
303 638
303 716
303 823
303 955
304 416
304 420
304 526
304 561
304 567
304 612
304 681
304 695
304 744
304 751
304 874
304 887
304 928
305 324
305 359
305 365
305 440
305 605
305 712
306 307
306 327
306 421
306 687
306 696
307 328
307 347
307 360
307 373
307 466
307 483
307 560
307 1005
308 383
308 451
308 749
308 761
308 861
309 312
309 315
309 316
309 317
309 399
309 411
309 426
309 434
309 533
309 656
309 743
310 347
310 404
310 450
310 509
310 704
310 796
310 855
310 998
310 1000
311 321
311 356
311 673
311 680
311 684
311 963
312 465
312 489
312 530
312 538
312 547
312 626
312 669
312 808
312 811
312 872
312 884
312 895
312 945
312 972
312 1021
313 386
313 477
313 498
313 705
313 717
313 823
313 864
313 909
313 965
313 1011
314 337
314 425
314 431
314 460
314 469
314 511
314 521
314 722
314 782
314 880
314 893
314 985
314 1012
315 338
315 383
315 410
315 522
315 529
315 593
315 763
315 989
315 993
316 323
316 340
316 413
316 418
316 431
316 435
316 460
316 615
316 689
316 1004
317 334
317 351
317 593
317 691
317 766
317 880
317 927
318 331
318 394
318 430
318 442
318 494
318 540
318 663
318 740
318 774
318 973
319 327
319 439
319 688
319 750
319 806
319 887
319 927
320 533
320 567
320 732
320 740
320 748
320 803
321 362
321 377
321 378
321 444
321 528
321 669
321 699
321 849
321 1016
322 391
322 433
322 439
322 591
322 694
322 841
322 1015
323 456
323 457
323 814
323 901
324 539
324 589
324 690
324 700
324 927
325 345
325 566
325 584
325 590
325 664
325 721
325 863
325 918
326 389
326 419
326 625
326 766
326 802
326 831
327 339
327 509
327 630
327 733
327 789
327 971
328 580
328 772
329 404
329 463
329 510
329 582
329 614
329 835
329 893
329 975
329 977
330 400
330 454
330 547
330 664
330 863
331 335
331 359
331 426
331 587
331 758
331 917
331 948
332 573
332 640
332 929
332 945
333 553
333 582
333 589
333 591
334 351
334 460
334 642
334 816
335 375
335 547
335 697
335 800
336 357
336 598
336 656
336 676
336 759
336 804
336 989
337 391
337 438
337 597
337 1020
338 476
338 511
338 630
338 670
338 736
339 423
339 700
339 758
339 825
339 922
340 406
340 412
340 425
340 446
340 468
340 618
340 669
340 745
340 933
341 454
341 475
341 569
341 580
341 688
341 773
341 805
341 807
342 388
342 456
342 584
342 649
342 688
342 691
342 844
342 952
343 428
343 477
343 536
343 576
343 598
343 683
343 921
343 969
344 374
344 466
344 668
344 677
344 683
344 759
344 762
344 914
344 943
344 946
344 967
345 503
345 582
345 654
345 771
346 389
346 414
346 546
346 550
346 957
347 565
347 767
347 820
347 896
347 901
348 464
348 499
348 593
348 606
348 745
348 1014
349 487
349 598
350 444
350 571
350 574
350 635
350 654
350 954
350 1013
351 723
351 753
351 760
351 840
351 1015
352 485
352 492
352 681
353 596
353 625
353 790
353 1008
354 526
355 544
355 876
356 369
356 374
356 517
356 531
356 554
356 750
356 790
356 791
356 839
356 872
356 1007
356 1010
357 386
357 487
357 508
357 556
357 594
357 719
357 976
358 400
358 410
358 481
358 546
358 557
358 569
359 380
359 640
359 641
359 710
359 875
360 408
360 448
360 803
360 895
360 950
360 961
361 511
361 626
361 632
361 645
361 742
362 594
362 783
362 793
362 840
363 379
363 503
363 626
363 842
363 946
363 975
363 976
364 727
365 540
365 565
365 676
365 682
365 834
365 1017
366 382
366 432
366 548
366 572
366 744
366 934
366 941
366 992
366 995
367 415
367 439
367 465
367 679
367 699
367 720
367 747
367 761
367 785
368 374
368 568
368 750
368 930
369 401
369 603
369 868
370 478
370 654
370 750
370 811
370 832
370 895
371 530
371 670
371 702
371 900
371 979
372 395
372 561
372 632
372 694
372 704
372 892
373 452
373 545
373 972
374 512
374 665
374 877
374 971
375 525
375 635
375 660
375 676
375 731
375 784
376 458
376 465
376 547
376 598
376 616
376 713
376 773
376 788
377 642
377 694
377 944
378 422
378 461
378 485
378 544
378 556
378 581
378 607
378 655
378 686
378 699
378 728
378 736
378 755
378 770
378 870
378 916
378 963
379 540
379 555
379 567
379 572
379 772
379 788
379 1016
380 422
380 465
380 556
380 633
380 883
380 995
381 405
381 492
381 600
381 837
381 896
381 917
381 920
381 966
382 437
382 515
382 555
382 620
382 690
382 708
382 849
383 443
383 520
383 562
383 912
384 629
384 802
384 1001
385 387
385 433
385 647
385 799
385 841
385 875
386 484
386 725
386 767
386 793
386 891
386 992
387 399
387 616
387 986
388 390
388 486
388 489
388 504
388 647
388 715
388 805
388 966
389 682
389 856
389 864
390 460
390 704
390 1014
390 1016
391 416
391 502
391 589
391 639
391 656
391 806
391 820
391 983
392 558
392 1000
393 618
393 711
393 980
394 569
395 493
395 498
395 590
395 764
395 795
396 574
396 706
396 720
396 822
397 398
397 412
397 533
397 597
397 671
397 759
398 481
398 512
398 651
398 821
399 420
399 423
399 592
399 603
399 695
399 888
399 905
400 412
400 891
401 685
401 839
401 1013
402 554
402 651
402 698
402 747
402 862
402 874
402 884
403 421
403 960
403 963
404 441
404 596
404 933
405 436
405 456
405 618
405 693
405 855
406 419
406 487
406 511
406 656
406 724
406 783
406 807
407 622
407 688
407 780
408 502
408 521
408 673
408 977
409 413
409 424
409 456
409 556
409 737
409 898
409 918
410 542
410 601
410 698
410 797
410 839
410 876
411 497
411 810
412 564
412 573
412 681
412 724
412 964
413 528
413 588
413 843
413 925
413 949
414 466
414 935
415 535
415 689
415 930
415 992
416 544
416 794
416 956
417 425
417 504
417 551
417 614
417 865
418 501
418 558
418 639
418 677
418 727
418 765
418 862
418 936
418 968
419 452
419 858
420 461
420 472
420 503
420 516
420 569
420 845
420 936
420 964
421 427
421 456
421 546
421 826
421 868
421 897
421 989
422 473
422 575
422 619
422 828
422 892
423 424
423 450
423 495
423 667
423 720
423 880
423 943
423 991
423 1004
424 710
424 805
425 461
425 622
425 819
425 940
425 1008
426 574
426 642
426 667
426 809
426 892
426 964
426 971
426 991
427 463
427 746
427 1001
428 546
428 797
428 851
428 904
428 1006
429 486
429 869
429 870
430 455
430 747
430 933
430 997
431 553
431 576
431 741
431 775
431 815
431 864
432 1011
433 645
434 724
434 803
434 872
434 922
434 1015
435 487
435 495
435 550
435 562
435 628
435 640
435 682
435 777
436 724
436 867
437 642
437 754
437 816
438 449
438 503
438 696
438 992
439 644
439 878
440 530
440 671
440 709
440 908
440 969
441 490
441 813
441 941
442 660
442 713
442 786
443 459
443 673
443 685
443 775
443 999
443 1000
443 1014
444 489
444 587
444 681
444 727
445 555
445 787
445 981
446 507
446 624
446 719
446 1011
447 542
447 558
447 628
447 673
447 777
447 1005
448 473
448 575
448 979
449 547
449 661
449 837
449 1007
450 713
450 714
450 773
450 865
450 881
450 945
451 553
451 982
451 995
451 1002
452 579
452 958
452 1002
453 501
453 693
453 834
453 893
453 901
453 931
453 942
454 711
454 717
454 1003
455 619
455 976
456 549
456 613
456 621
456 644
456 711
456 724
456 778
456 897
457 479
457 949
458 478
459 481
459 491
459 551
459 919
459 1008
461 884
462 475
462 906
463 518
463 532
463 728
463 733
463 789
463 922
464 540
464 660
464 948
465 478
465 587
465 995
466 506
466 715
466 894
467 473
467 673
467 728
467 857
468 515
468 526
468 595
468 903
468 920
469 472
469 611
469 736
469 745
469 792
469 795
469 825
469 834
471 537
471 662
471 742
471 871
471 986
472 685
473 581
473 749
473 813
473 937
474 475
474 492
474 573
474 703
474 738
474 780
475 491
475 586
475 590
475 809
476 546
476 736
476 788
476 1000
477 497
477 544
477 903
477 910
478 571
478 585
479 559
479 631
479 962
480 494
480 501
480 513
480 548
480 613
480 720
480 858
480 867
481 609
481 655
481 718
481 748
481 994
482 660
482 785
482 789
483 528
483 652
483 847
484 499
484 554
484 685
484 752
484 769
485 604
485 675
485 845
485 942
486 579
486 756
486 945
486 987
487 494
487 503
487 593
487 760
487 910
488 646
488 837
488 968
489 533
489 544
489 651
489 686
489 806
489 909
489 995
490 505
490 574
490 579
490 619
490 674
490 696
490 737
490 937
490 954
490 992
491 493
491 728
491 776
492 559
492 658
492 679
492 963
493 616
493 981
494 676
494 876
494 925
494 985
495 527
495 720
496 637
496 883
497 537
497 671
497 721
497 749
497 785
497 900
498 518
498 561
498 639
498 732
498 870
498 915
499 529
499 656
499 678
499 716
499 817
499 856
499 900
499 989
500 626
500 701
500 754
500 851
500 962
503 711
503 811
504 541
504 688
504 758
504 1009
505 617
505 633
505 863
505 976
506 758
507 538
507 604
507 700
507 950
507 986
508 552
508 984
509 636
509 874
510 719
510 731
510 793
510 794
510 937
510 962
511 748
511 870
511 891
512 583
512 789
512 963
513 620
513 638
513 744
513 821
513 997
514 823
515 570
515 574
515 705
515 721
516 710
517 571
517 697
517 736
517 944
518 615
518 896
519 792
519 875
520 583
520 708
520 735
520 775
520 793
521 678
521 829
521 860
522 681
523 679
523 695
523 965
523 991
524 964
524 986
524 1013
525 712
525 775
525 816
525 984
526 539
526 623
526 634
526 892
526 1023
527 787
527 916
527 963
527 981
528 698
528 994
528 1000
528 1004
529 570
529 586
529 601
529 608
529 681
529 850
529 854
529 988
530 571
530 648
530 691
530 967
531 607
531 619
531 714
532 571
532 650
532 703
532 820
533 659
533 777
534 555
534 596
534 952
535 659
535 832
536 939
537 677
537 993
538 662
538 732
539 550
539 563
539 637
539 650
539 819
539 908
539 988
540 600
540 691
540 744
540 876
541 578
541 605
541 615
541 691
541 880
541 881
542 578
542 715
542 878
542 880
543 727
543 742
543 805
543 904
544 547
544 550
544 719
544 823
544 845
544 890
545 881
545 895
545 981
546 678
547 559
547 655
547 791
547 836
548 865
548 985
550 759
551 584
551 604
551 785
551 831
551 839
551 891
551 991
552 654
552 726
552 959
552 991
552 996
555 730
555 739
555 788
555 1002
556 1023
557 777
558 571
558 854
559 787
559 906
559 952
559 962
559 981
560 884
560 924
561 759
561 920
562 886
563 729
563 982
564 959
565 667
565 719
565 790
565 867
565 907
566 651
566 653
566 748
567 800
567 819
567 848
568 634
568 712
568 750
568 990
569 674
569 838
570 697
570 830
571 578
571 703
571 814
572 1010
573 799
573 835
573 903
573 938
574 688
574 698
574 735
574 796
574 855
575 735
575 796
575 975
576 583
576 659
576 775
576 793
576 984
577 659
577 974
577 1001
578 683
578 978
578 993
579 605
579 696
579 773
580 617
580 681
580 755
581 598
581 926
581 991
582 679
582 790
582 876
584 657
584 869
585 723
586 624
586 752
586 765
586 849
586 853
586 928
587 791
587 956
587 965
589 622
589 637
589 640
589 868
589 958
590 812
591 604
591 652
591 935
592 675
594 806
595 598
595 682
595 816
595 909
595 1009
596 633
596 692
596 712
596 732
596 766
597 654
597 734
597 973
597 996
598 690
598 782
598 1003
600 654
600 763
601 672
601 899
602 971
603 612
603 625
603 843
603 857
603 969
604 790
604 867
604 919
605 622
605 917
606 851
606 1016
607 632
608 787
609 853
609 993
610 981
611 861
611 864
612 892
612 1017
613 618
613 907
613 985
615 644
615 653
615 801
616 669
617 714
617 739
617 905
618 734
618 754
618 807
618 828
618 833
618 913
618 968
619 812
619 906
620 702
620 859
621 851
622 631
622 728
622 974
623 999
625 694
625 841
625 858
625 883
625 928
626 649
626 710
626 776
627 642
627 644
628 683
628 716
629 639
629 640
629 705
629 722
629 755
629 780
630 663
630 667
630 699
630 726
630 747
630 748
630 810
631 896
632 723
632 973
633 756
634 741
634 857
636 650
636 972
637 873
638 765
638 884
638 921
639 743
640 649
640 680
641 666
641 726
641 744
642 670
642 826
642 1002
643 684
643 766
643 916
644 892
644 993
644 1013
645 765
645 785
646 752
647 699
647 818
647 832
647 844
647 861
648 985
649 919
649 924
650 662
650 807
650 912
651 863
651 968
652 790
653 668
655 722
655 859
656 693
656 794
657 705
657 873
658 773
658 969
659 756
661 801
661 852
663 748
663 913
663 949
664 855
664 916
665 752
665 902
665 931
667 824
667 997
668 878
668 984
669 726
669 772
669 882
669 1009
670 802
670 830
670 871
670 971
671 910
671 988
672 696
672 970
673 774
673 967
674 792
674 956
677 929
678 947
679 969
679 998
680 857
680 1011
681 951
683 685
683 710
684 759
684 812
684 996
686 692
686 975
687 689
687 801
687 905
690 808
690 850
691 985
692 910
693 707
693 799
693 808
693 950
693 974
693 1004
694 926
694 944
695 777
695 844
695 880
695 920
696 839
696 1012
697 760
697 814
699 761
699 777
699 803
699 832
699 898
699 914
699 1010
700 713
700 728
700 800
700 864
700 1004
701 771
702 1009
706 949
707 863
707 938
708 827
709 764
710 721
710 781
710 979
711 761
711 797
712 733
712 755
712 802
714 729
714 920
715 810
715 946
715 968
717 732
719 859
721 793
721 815
722 793
722 903
723 753
723 775
723 898
724 753
724 776
724 838
724 992
725 814
725 840
725 913
726 893
726 949
727 786
727 846
727 856
727 868
727 870
728 946
728 950
728 1005
729 1016
730 758
730 779
730 781
732 810
732 982
733 739
735 953
739 852
740 940
741 962
742 908
743 900
745 857
749 772
749 795
750 796
750 810
751 890
752 784
752 853
753 952
753 968
754 917
754 1023
756 789
757 869
757 989
759 821
759 899
759 1004
760 764
760 781
760 932
761 962
762 769
762 826
762 943
764 946
765 919
766 952
766 1021
767 869
768 794
769 1007
770 823
771 785
771 795
771 893
771 922
771 960
773 936
775 908
775 926
775 967
776 908
777 884
777 900
777 1006
778 886
779 847
781 957
782 883
782 888
784 853
784 863
784 899
785 821
786 988
789 791
789 854
791 850
793 816
794 811
795 820
796 829
796 851
796 973
796 1018
798 829
801 846
803 914
804 879
804 899
806 941
807 985
808 890
809 814
809 851
809 889
809 1023
810 877
812 944
815 943
816 835
817 889
818 845
818 851
818 870
821 881
822 962
823 860
823 876
823 902
823 925
824 860
824 907
824 1007
824 1015
825 990
827 924
828 971
829 902
830 936
832 951
834 904
834 970
835 1002
836 891
839 886
839 1022
841 943
841 1005
842 954
843 940
844 855
846 874
846 876
848 891
850 941
850 969
852 1023
853 893
853 1014
854 911
854 921
855 889
855 923
856 884
856 910
858 932
858 987
859 1021
865 1006
867 896
867 920
869 910
871 909
875 999
878 977
879 914
879 986
881 929
883 900
883 921
884 948
886 912
887 970
892 956
894 947
895 911
896 996
897 910
897 916
897 966
901 914
904 915
913 973
915 1016
927 960
929 1011
940 947
947 999
951 966
951 1003
961 1017
967 1009
975 980
988 1016
990 1020
998 1006
1001 1023
