0 10
0 11
0 14
0 17
0 18
0 19
0 25
0 32
0 39
0 46
0 48
0 52
0 57
0 64
0 65
0 78
0 79
0 87
0 129
0 140
0 149
0 154
0 168
0 180
0 183
0 203
0 214
0 293
0 367
0 375
0 437
0 457
0 463
0 465
1 9
1 11
1 12
1 16
1 23
1 24
1 25
1 26
1 28
1 29
1 33
1 44
1 54
1 58
1 71
1 77
1 78
1 89
1 105
1 125
1 136
1 162
1 207
1 209
1 219
1 231
1 241
1 252
1 255
1 256
1 311
1 327
1 344
1 346
1 351
1 366
1 379
1 385
1 400
1 407
1 408
1 431
1 436
1 454
1 461
1 466
1 467
1 475
1 486
1 492
1 501
2 9
2 11
2 14
2 15
2 18
2 24
2 25
2 28
2 34
2 39
2 77
2 104
2 108
2 120
2 130
2 148
2 161
2 209
2 245
2 286
2 304
2 359
2 366
2 435
3 9
3 13
3 19
3 24
3 27
3 31
3 32
3 33
3 44
3 48
3 60
3 61
3 70
3 78
3 95
3 97
3 108
3 111
3 117
3 129
3 143
3 153
3 185
3 186
3 189
3 197
3 219
3 227
3 302
3 306
3 311
3 386
3 483
4 11
4 17
4 19
4 21
4 24
4 35
4 36
4 40
4 41
4 46
4 62
4 65
4 71
4 73
4 118
4 146
4 154
4 160
4 204
4 213
4 265
4 275
4 292
4 316
4 317
4 319
4 388
4 398
4 479
5 9
5 10
5 11
5 13
5 15
5 16
5 21
5 23
5 31
5 49
5 50
5 54
5 63
5 68
5 86
5 93
5 98
5 136
5 145
5 166
5 167
5 193
5 200
5 218
5 253
5 273
5 275
5 283
5 291
5 302
5 324
5 403
5 422
5 428
6 11
6 12
6 13
6 14
6 15
6 19
6 27
6 33
6 36
6 60
6 65
6 95
6 112
6 118
6 122
6 127
6 154
6 171
6 172
6 173
6 216
6 222
6 226
6 245
6 249
6 276
6 308
6 327
6 332
6 389
6 392
6 404
6 406
6 407
6 426
6 448
6 454
6 455
6 461
7 9
7 10
7 13
7 18
7 21
7 24
7 47
7 63
7 81
7 90
7 92
7 94
7 95
7 96
7 105
7 147
7 171
7 196
7 198
7 216
7 369
8 9
8 10
8 11
8 12
8 14
8 21
8 22
8 25
8 28
8 31
8 35
8 37
8 68
8 69
8 102
8 108
8 119
8 133
8 138
8 193
8 232
8 234
8 236
8 290
8 316
8 319
8 339
8 365
8 371
8 395
8 430
8 457
8 485
8 511
9 12
9 15
9 18
9 21
9 22
9 25
9 29
9 31
9 35
9 36
9 37
9 38
9 39
9 42
9 44
9 55
9 59
9 60
9 62
9 63
9 68
9 75
9 88
9 94
9 96
9 99
9 107
9 109
9 111
9 114
9 115
9 119
9 128
9 142
9 150
9 153
9 157
9 159
9 176
9 180
9 182
9 184
9 195
9 197
9 200
9 204
9 215
9 222
9 231
9 246
9 256
9 263
9 280
9 285
9 289
9 295
9 296
9 300
9 313
9 315
9 351
9 362
9 363
9 377
9 387
9 388
9 389
9 402
9 414
9 415
9 433
9 440
9 451
9 475
9 503
9 510
10 11
10 13
10 14
10 15
10 19
10 20
10 21
10 23
10 25
10 28
10 35
10 40
10 42
10 43
10 45
10 51
10 53
10 65
10 72
10 80
10 85
10 88
10 90
10 92
10 93
10 96
10 98
10 100
10 102
10 107
10 111
10 116
10 119
10 123
10 129
10 130
10 134
10 183
10 188
10 192
10 197
10 200
10 202
10 218
10 240
10 252
10 272
10 276
10 278
10 283
10 293
10 306
10 307
10 313
10 315
10 324
10 329
10 336
10 370
10 383
10 411
10 416
10 426
10 427
10 444
10 460
11 12
11 14
11 17
11 19
11 22
11 23
11 27
11 29
11 32
11 33
11 40
11 43
11 47
11 49
11 51
11 61
11 77
11 84
11 103
11 120
11 151
11 160
11 169
11 173
11 220
11 230
11 234
11 251
11 252
11 267
11 274
11 298
11 302
11 356
11 379
11 434
11 457
11 474
11 476
11 500
12 13
12 14
12 15
12 17
12 18
12 19
12 20
12 26
12 27
12 31
12 32
12 36
12 42
12 48
12 54
12 64
12 65
12 67
12 82
12 83
12 85
12 94
12 98
12 118
12 121
12 159
12 197
12 237
12 243
12 267
12 269
12 276
12 277
12 278
12 293
12 304
12 325
12 334
12 335
12 371
12 402
12 435
12 444
12 446
12 452
12 476
12 480
12 507
13 15
13 17
13 21
13 23
13 24
13 28
13 30
13 33
13 37
13 42
13 45
13 47
13 48
13 54
13 58
13 68
13 75
13 88
13 101
13 102
13 111
13 114
13 158
13 164
13 167
13 184
13 186
13 195
13 203
13 218
13 234
13 251
13 256
13 263
13 279
13 319
13 357
13 359
13 372
13 385
13 407
13 408
13 449
13 484
13 490
13 496
13 505
14 20
14 34
14 50
14 69
14 72
14 75
14 90
14 97
14 98
14 107
14 145
14 161
14 168
14 170
14 202
14 218
14 260
14 280
14 281
14 346
14 392
14 409
14 453
14 510
15 16
15 22
15 23
15 26
15 34
15 39
15 42
15 46
15 48
15 52
15 61
15 84
15 101
15 127
15 133
15 143
15 151
15 180
15 192
15 198
15 199
15 203
15 237
15 249
15 265
15 294
15 302
15 303
15 392
15 456
15 458
16 17
16 24
16 41
16 47
16 55
16 57
16 83
16 84
16 99
16 105
16 158
16 204
16 229
16 235
16 250
16 290
16 351
16 394
16 406
16 440
16 446
16 498
17 19
17 20
17 25
17 26
17 27
17 29
17 40
17 42
17 50
17 54
17 66
17 69
17 84
17 87
17 88
17 92
17 110
17 123
17 156
17 169
17 204
17 221
17 222
17 254
17 271
17 279
17 287
17 290
17 335
17 336
17 380
17 408
17 442
17 475
17 492
18 24
18 42
18 44
18 46
18 51
18 69
18 70
18 88
18 116
18 118
18 131
18 170
18 206
18 220
18 228
18 250
18 267
18 274
18 277
18 285
18 288
18 340
18 363
18 400
18 448
18 449
18 453
18 461
18 478
18 494
18 510
19 23
19 27
19 35
19 37
19 41
19 46
19 47
19 55
19 89
19 103
19 123
19 132
19 165
19 318
19 361
19 405
19 417
19 443
19 446
19 449
19 459
19 471
19 473
19 491
19 492
19 498
19 509
20 22
20 26
20 29
20 30
20 35
20 39
20 42
20 49
20 53
20 57
20 66
20 73
20 75
20 80
20 87
20 104
20 112
20 140
20 174
20 188
20 195
20 209
20 228
20 233
20 242
20 258
20 272
20 288
20 341
20 349
20 411
20 468
20 500
21 47
21 55
21 56
21 65
21 74
21 95
21 100
21 101
21 108
21 125
21 137
21 148
21 152
21 168
21 177
21 184
21 187
21 201
21 212
21 259
21 284
21 323
21 344
21 346
21 372
21 376
21 395
21 399
21 420
21 429
21 455
21 467
21 472
21 500
22 24
22 27
22 29
22 37
22 99
22 109
22 117
22 119
22 132
22 137
22 176
22 192
22 204
22 207
22 238
22 270
22 275
22 285
22 291
22 307
22 311
22 337
22 354
22 360
22 378
22 410
22 491
22 503
23 27
23 30
23 31
23 32
23 34
23 38
23 43
23 51
23 58
23 83
23 84
23 88
23 92
23 96
23 103
23 120
23 121
23 137
23 141
23 164
23 169
23 177
23 198
23 233
23 250
23 264
23 296
23 300
23 311
23 317
23 331
23 344
23 351
23 353
23 358
23 361
23 375
23 388
23 455
24 34
24 41
24 48
24 49
24 74
24 76
24 79
24 80
24 86
24 87
24 89
24 103
24 110
24 116
24 120
24 130
24 156
24 162
24 188
24 217
24 290
24 297
24 298
24 330
24 353
24 361
24 441
24 465
24 490
24 498
24 502
25 34
25 46
25 47
25 63
25 109
25 113
25 114
25 115
25 133
25 137
25 138
25 148
25 168
25 183
25 187
25 204
25 227
25 253
25 268
25 287
25 296
25 298
25 322
25 328
25 347
25 382
25 401
25 404
25 417
25 486
25 510
26 31
26 34
26 45
26 56
26 62
26 73
26 83
26 94
26 116
26 122
26 130
26 132
26 135
26 138
26 149
26 152
26 155
26 176
26 182
26 198
26 201
26 266
26 271
26 284
26 312
26 318
26 329
26 350
26 390
26 438
26 448
26 452
26 461
26 476
27 30
27 33
27 49
27 59
27 78
27 85
27 87
27 91
27 124
27 131
27 136
27 143
27 160
27 167
27 172
27 191
27 234
27 274
27 325
27 332
27 339
27 348
27 371
27 372
27 383
27 437
27 457
27 490
28 29
28 39
28 40
28 47
28 57
28 63
28 66
28 70
28 74
28 98
28 123
28 126
28 128
28 164
28 165
28 196
28 221
28 239
28 253
28 264
28 295
28 313
28 318
28 324
28 412
28 413
28 414
28 416
28 439
28 451
28 464
28 478
29 31
29 34
29 44
29 49
29 55
29 57
29 67
29 75
29 81
29 83
29 93
29 95
29 124
29 129
29 131
29 136
29 142
29 146
29 148
29 178
29 190
29 214
29 220
29 253
29 272
29 296
29 300
29 314
29 318
29 337
29 349
29 350
29 352
29 372
29 374
29 397
29 427
29 430
29 437
29 471
29 475
30 32
30 38
30 40
30 43
30 59
30 70
30 72
30 91
30 93
30 115
30 116
30 124
30 145
30 157
30 189
30 193
30 200
30 213
30 214
30 217
30 238
30 288
30 308
30 333
30 360
30 361
30 445
30 482
31 32
31 36
31 38
31 59
31 91
31 124
31 133
31 153
31 167
31 171
31 220
31 233
31 247
31 274
31 286
31 301
31 321
31 356
31 394
31 397
31 408
31 423
31 446
32 38
32 55
32 64
32 66
32 85
32 92
32 145
32 222
32 225
32 236
32 285
32 357
32 368
32 374
32 377
32 415
32 418
32 421
32 428
32 433
32 450
33 68
33 73
33 79
33 88
33 90
33 110
33 111
33 113
33 162
33 199
33 208
33 232
33 243
33 265
33 276
33 300
33 303
33 330
33 376
33 448
34 45
34 63
34 72
34 73
34 78
34 93
34 106
34 122
34 126
34 139
34 144
34 156
34 174
34 180
34 218
34 269
34 282
34 299
34 370
34 427
34 466
34 479
35 43
35 178
35 212
35 219
35 286
35 289
35 301
35 352
35 494
36 41
36 53
36 55
36 56
36 58
36 67
36 71
36 72
36 98
36 100
36 115
36 127
36 132
36 135
36 149
36 178
36 185
36 205
36 229
36 269
36 271
36 283
36 291
36 314
36 334
36 349
36 357
36 360
36 364
36 411
36 423
37 65
37 91
37 119
37 131
37 133
37 154
37 159
37 187
37 211
37 212
37 267
37 271
37 280
37 302
37 342
37 359
37 453
37 463
37 499
37 509
38 59
38 118
38 122
38 145
38 150
38 177
38 180
38 192
38 206
38 271
39 49
39 60
39 71
39 72
39 85
39 109
39 113
39 127
39 175
39 179
39 209
39 253
39 310
39 323
39 327
39 333
39 334
39 339
39 343
39 345
39 405
39 435
39 447
39 478
39 495
40 52
40 56
40 73
40 118
40 155
40 297
40 303
40 377
40 389
40 402
40 416
41 43
41 52
41 53
41 55
41 76
41 126
41 135
41 142
41 167
41 179
41 189
41 226
41 259
41 267
41 274
41 276
41 282
41 308
41 329
41 334
41 352
41 397
41 508
42 58
42 80
42 89
42 90
42 94
42 96
42 99
42 100
42 102
42 120
42 129
42 143
42 162
42 169
42 171
42 174
42 213
42 235
42 274
42 286
42 306
42 325
42 358
42 366
42 396
42 422
42 440
42 442
42 453
42 457
42 465
42 484
42 506
43 48
43 57
43 70
43 110
43 132
43 169
43 188
43 192
43 207
43 223
43 229
43 236
43 241
43 248
43 257
43 429
43 443
43 444
43 470
43 474
43 493
44 50
44 59
44 114
44 161
44 165
44 179
44 211
44 242
44 267
44 279
44 309
44 344
44 424
44 429
44 436
44 451
45 51
45 62
45 75
45 83
45 104
45 107
45 146
45 152
45 158
45 169
45 172
45 183
45 184
45 256
45 289
45 290
45 334
45 337
45 383
45 494
46 84
46 101
46 131
46 178
46 198
46 277
46 292
46 295
46 358
46 366
46 440
47 51
47 53
47 61
47 87
47 93
47 118
47 172
47 180
47 199
47 218
47 224
47 241
47 271
47 277
47 332
47 367
47 383
47 392
47 395
47 425
47 433
47 436
47 455
47 498
48 65
48 67
48 70
48 87
48 123
48 126
48 131
48 141
48 147
48 172
48 220
48 261
48 272
48 284
48 305
48 331
48 405
48 407
48 467
48 493
48 499
49 56
49 61
49 63
49 66
49 70
49 76
49 81
49 106
49 169
49 179
49 183
49 186
49 201
49 206
49 237
49 258
49 266
49 267
49 281
49 298
49 299
49 301
49 340
49 357
49 391
49 405
49 468
49 495
49 504
50 53
50 122
50 323
50 409
51 66
51 75
51 77
51 78
51 84
51 105
51 153
51 187
51 233
51 335
51 366
51 390
51 422
51 431
51 456
51 469
51 482
51 502
52 57
52 95
52 113
52 130
52 143
52 155
52 318
52 338
52 349
52 418
52 419
52 423
52 433
52 449
53 58
53 64
53 66
53 122
53 161
53 202
53 219
53 270
53 401
53 483
54 71
54 79
54 109
54 132
54 138
54 191
54 197
54 206
54 230
54 318
54 339
54 374
54 399
54 400
54 405
54 451
55 77
55 146
55 173
55 207
55 213
55 233
55 248
55 279
55 285
55 348
55 370
55 435
55 445
55 450
55 497
56 70
56 76
56 90
56 130
56 141
56 149
56 155
56 188
56 205
56 313
56 388
56 401
56 409
56 412
56 418
57 64
57 69
57 111
57 116
57 125
57 141
57 164
57 170
57 181
57 186
57 201
57 250
57 292
57 406
57 409
58 64
58 67
58 82
58 205
58 212
58 223
58 365
58 406
58 426
58 434
58 443
59 71
59 95
59 100
59 102
59 115
59 124
59 128
59 138
59 147
59 150
59 164
59 166
59 206
59 245
59 250
59 253
59 271
59 284
59 299
59 360
59 381
59 413
59 446
60 65
60 106
60 113
60 140
60 142
60 148
60 151
60 158
60 170
60 390
60 395
60 404
60 420
60 454
61 86
61 91
61 128
61 133
61 147
61 184
61 239
61 253
61 280
61 297
61 298
61 309
61 432
61 490
62 75
62 76
62 182
62 185
62 205
62 210
62 230
62 243
62 245
62 268
62 280
62 283
62 319
62 330
62 366
62 425
62 436
63 88
63 94
63 159
63 183
63 247
63 264
63 282
63 380
63 440
64 73
64 76
64 85
64 97
64 104
64 106
64 110
64 111
64 118
64 123
64 137
64 149
64 163
64 247
64 259
64 277
64 330
64 358
64 466
64 471
64 505
65 99
65 121
65 125
65 179
65 237
65 238
65 272
65 298
65 356
65 358
65 431
65 434
66 79
66 110
66 141
66 155
66 168
66 194
66 270
66 285
66 301
66 318
66 340
66 355
66 481
67 90
67 104
67 108
67 184
67 193
67 230
67 437
67 448
67 485
68 83
68 89
68 115
68 151
68 153
68 165
68 208
68 239
68 243
68 281
68 291
68 312
68 367
68 372
68 385
69 86
69 91
69 112
69 177
69 249
69 257
69 311
69 394
69 426
69 459
70 89
70 98
70 110
70 119
70 158
70 161
70 216
70 224
70 239
70 242
70 280
70 354
70 355
70 389
70 439
70 458
70 470
70 472
70 509
71 78
71 83
71 91
71 145
71 185
71 199
71 215
71 225
71 236
71 248
71 259
71 278
71 302
71 320
71 342
71 372
71 399
71 484
71 497
72 86
72 181
72 200
72 207
72 252
72 443
72 462
72 473
72 496
73 105
73 170
73 203
73 233
73 262
73 265
73 327
73 393
73 430
73 497
74 91
74 124
74 128
74 134
74 140
74 156
74 210
74 227
74 235
74 256
74 261
74 365
74 439
74 460
75 121
75 144
75 255
75 292
75 320
75 343
75 347
75 506
76 80
76 173
76 240
76 276
76 290
76 310
76 317
76 405
76 500
77 105
77 244
77 263
77 277
77 278
78 102
78 106
78 189
78 289
78 489
78 493
79 80
79 93
79 122
79 139
79 160
79 171
79 194
79 216
79 227
79 257
79 263
79 265
79 296
79 303
79 307
79 397
79 400
79 453
79 481
79 484
79 501
79 508
80 81
80 125
80 139
80 167
80 229
80 253
80 275
80 295
80 322
80 323
80 373
80 389
80 439
80 444
80 505
81 94
81 135
81 166
81 181
81 208
81 223
81 339
81 430
82 101
82 104
82 108
82 109
82 112
82 178
82 210
82 246
82 254
82 259
82 350
82 368
82 403
82 418
82 486
82 498
83 114
83 128
83 187
83 191
83 235
83 335
83 365
83 369
84 171
84 190
84 255
84 261
84 270
84 451
84 471
84 482
85 100
85 113
85 152
85 240
85 254
85 273
85 418
86 97
86 121
86 131
86 144
86 165
86 166
86 187
86 202
86 256
86 291
86 328
86 338
86 370
86 377
86 382
86 389
86 432
86 483
87 99
87 127
87 203
87 206
87 235
87 260
87 274
87 377
87 414
87 493
88 111
88 114
88 115
88 141
88 204
88 210
88 216
88 221
88 222
88 238
88 312
88 466
89 120
89 132
89 152
89 163
89 165
89 181
89 262
89 281
89 325
89 347
89 370
89 386
89 388
89 496
90 104
90 115
90 162
90 164
90 176
90 177
90 238
90 251
90 260
90 265
90 287
90 324
90 336
90 340
90 486
91 154
91 163
91 174
91 234
91 236
91 363
91 496
92 107
92 176
92 243
92 342
92 369
93 119
93 143
93 247
93 250
93 258
93 369
93 390
93 445
93 450
94 97
94 107
94 110
94 112
94 123
94 125
94 126
94 136
94 141
94 147
94 170
94 190
94 202
94 231
94 237
94 254
94 294
94 322
94 331
94 346
94 419
94 432
94 434
94 472
94 474
94 501
95 99
95 139
95 153
95 190
95 314
95 415
95 441
96 101
96 105
96 130
96 161
96 205
96 265
96 340
96 380
96 464
96 487
96 501
96 508
97 134
97 146
97 172
97 326
97 350
97 398
98 104
98 120
98 144
98 168
98 177
98 236
98 237
98 294
98 300
98 333
98 334
98 387
98 393
98 422
98 424
98 467
98 482
99 105
99 106
99 114
99 134
99 138
99 144
99 166
99 182
99 187
99 189
99 238
99 246
99 313
99 357
99 366
99 381
99 406
99 415
99 480
100 109
100 135
100 175
100 223
100 281
100 341
100 386
100 389
101 117
101 123
101 166
101 327
101 504
102 112
102 159
102 161
102 183
102 197
102 219
102 276
102 408
103 109
103 151
103 179
103 228
103 235
103 243
103 297
103 298
103 321
103 376
103 438
103 448
104 179
104 268
104 319
104 337
104 364
104 416
104 446
105 266
106 158
106 170
106 280
106 406
106 412
107 117
107 156
107 165
107 264
107 328
107 378
107 409
108 113
108 114
108 131
108 133
108 210
108 304
108 318
108 385
108 480
108 511
109 155
109 184
109 190
109 208
109 331
109 343
109 428
110 124
110 211
110 248
110 281
110 375
110 432
110 504
111 119
111 121
111 133
111 157
111 159
111 178
111 180
111 208
111 213
111 229
111 379
111 404
111 409
111 425
111 449
111 453
111 501
112 145
112 199
112 231
112 278
112 320
112 364
112 398
112 413
112 431
113 117
113 136
113 175
113 189
113 196
113 227
113 291
113 293
113 313
113 362
113 450
113 485
114 137
114 147
114 178
114 241
114 294
114 305
114 431
114 464
114 475
115 130
115 201
115 328
115 442
116 199
116 234
116 290
117 200
117 328
117 473
118 179
118 205
118 242
118 265
118 270
118 300
119 125
119 288
119 304
119 459
119 462
119 463
119 493
120 240
121 152
121 195
121 304
121 317
121 332
121 348
121 353
121 354
121 377
121 426
121 438
122 175
122 188
122 244
122 480
123 154
123 175
123 193
123 206
123 208
123 301
123 356
123 401
123 425
123 465
124 194
124 221
124 268
124 350
124 392
124 396
124 469
124 488
125 147
125 161
125 196
125 199
125 206
125 214
125 327
125 361
125 380
125 395
125 435
125 470
126 184
126 210
126 221
126 280
126 286
126 310
126 347
126 387
126 443
126 481
127 158
127 264
127 286
127 289
127 307
127 310
127 315
127 349
127 353
127 402
127 418
127 429
127 441
128 201
128 203
128 314
128 317
129 136
129 154
129 185
129 214
129 225
129 268
129 270
129 328
129 341
129 344
129 359
129 438
130 198
130 224
130 342
130 392
130 441
130 483
131 197
131 242
131 325
131 342
131 391
131 399
132 134
132 136
132 142
132 195
132 344
134 185
134 498
135 336
136 156
136 206
136 292
136 350
136 368
136 419
136 438
136 454
136 505
137 164
137 213
137 243
137 380
137 438
137 497
138 222
138 345
138 386
138 468
138 491
139 171
139 181
139 200
139 290
139 313
139 315
139 363
140 158
140 210
140 480
141 202
141 279
141 284
141 321
141 376
141 385
141 386
141 403
141 417
141 427
141 457
141 460
142 145
142 163
142 195
142 205
142 213
142 246
142 341
142 381
144 210
144 215
144 330
144 430
145 172
145 196
145 230
145 245
145 252
145 256
145 291
145 365
145 488
145 508
146 201
146 237
146 259
146 262
146 271
146 343
146 358
146 368
146 376
146 399
146 410
146 495
147 151
147 163
147 165
147 171
147 198
147 202
147 218
147 237
147 239
147 262
147 353
147 396
147 422
147 474
148 194
148 257
148 284
148 407
149 160
149 182
149 209
149 423
150 217
151 164
151 411
151 461
151 469
151 490
152 191
152 321
152 330
153 296
153 305
154 158
154 260
154 350
154 430
154 483
154 509
155 236
156 166
156 226
157 226
157 319
157 338
157 347
157 452
158 182
158 203
159 279
159 321
159 322
159 364
159 372
159 375
159 390
159 433
159 481
159 491
160 209
160 254
161 207
161 211
161 234
161 262
161 302
161 310
161 403
161 413
161 430
161 437
162 224
162 363
162 458
163 248
163 257
163 293
163 375
163 482
163 499
164 168
164 288
164 303
165 168
165 192
165 240
165 320
165 338
165 345
165 356
165 453
165 471
166 223
166 244
166 264
166 479
167 170
167 216
167 269
167 327
167 391
167 425
167 428
167 433
168 235
168 251
168 252
168 261
168 314
168 379
168 451
169 226
169 508
170 172
170 211
170 229
170 339
170 351
171 174
171 181
171 281
171 480
172 285
172 296
172 342
172 396
172 406
172 420
172 442
172 455
173 247
173 293
173 375
173 446
173 480
174 189
174 211
174 329
175 189
175 422
175 494
176 269
176 283
176 309
176 495
177 270
177 429
177 491
178 430
178 460
179 208
179 240
179 242
179 357
179 364
179 416
179 421
179 487
179 502
180 354
180 365
180 436
180 509
181 205
181 215
181 225
181 421
182 251
183 244
184 384
185 302
185 312
185 393
186 193
186 224
186 241
186 263
186 287
186 294
186 378
186 410
186 469
187 275
188 200
188 299
188 444
188 504
189 226
189 254
189 287
189 337
189 373
189 428
190 239
190 240
190 355
190 484
191 222
191 247
191 268
191 359
191 367
191 397
192 244
192 336
192 421
192 427
192 471
192 472
192 501
192 506
193 237
193 292
193 327
193 382
193 402
193 488
194 231
194 390
195 208
195 344
195 414
196 230
196 365
197 217
197 226
197 232
197 257
197 401
197 412
197 440
197 477
197 505
198 214
198 217
198 219
198 268
198 345
198 494
199 254
199 298
199 314
199 349
199 398
199 405
199 451
199 476
199 503
200 223
200 305
201 233
201 247
201 391
202 462
202 478
202 490
203 241
203 266
203 375
203 413
203 447
204 212
204 251
204 342
204 473
204 492
205 225
206 209
206 258
206 404
207 227
207 235
207 278
207 323
207 331
207 377
207 505
208 275
208 364
208 399
208 475
209 220
209 240
209 310
209 435
210 311
210 317
210 330
210 368
210 397
210 411
210 412
210 486
211 297
211 386
212 434
212 452
212 481
213 401
214 374
214 416
214 450
215 306
215 311
215 328
215 448
215 489
216 223
216 228
216 326
216 439
217 311
217 403
218 275
219 270
219 312
219 423
220 257
220 299
220 341
221 410
221 462
221 472
221 479
222 241
222 261
222 352
222 381
222 442
222 507
223 296
223 307
223 333
223 398
223 504
224 341
224 354
224 385
224 436
224 464
224 490
225 410
226 241
226 243
226 362
226 385
226 393
227 259
227 260
227 387
228 231
228 292
228 309
228 445
228 456
230 452
231 373
232 260
232 262
232 286
232 388
233 294
233 297
233 326
233 336
233 344
234 293
234 510
235 346
235 427
236 342
236 462
237 378
237 418
237 482
238 269
238 376
238 377
239 472
240 262
242 296
242 497
243 267
243 277
243 461
244 295
244 316
244 383
244 397
245 312
245 354
245 407
245 499
245 504
246 247
246 273
246 316
246 459
247 248
247 350
247 369
247 386
248 253
248 278
248 355
248 362
248 400
248 401
248 440
248 450
248 493
249 288
249 337
249 434
251 325
251 330
251 477
251 489
252 437
253 288
253 362
253 464
254 286
254 460
255 309
256 338
257 439
258 263
258 329
258 364
258 378
258 417
259 293
259 433
260 492
261 485
262 393
263 324
263 340
263 450
263 492
264 413
264 442
265 320
265 335
265 338
265 456
265 486
265 498
267 470
268 305
270 320
270 392
270 396
270 405
270 452
270 470
271 325
271 379
271 383
271 487
272 304
272 313
272 445
272 477
274 283
274 358
275 304
275 417
275 459
276 382
276 410
276 424
276 495
277 324
277 442
278 300
278 391
279 287
279 324
279 360
279 491
279 499
280 345
280 349
280 360
281 343
282 305
282 348
282 355
282 421
283 299
283 361
284 463
285 405
286 408
288 315
288 323
288 494
288 500
289 303
289 308
290 348
290 386
290 390
290 395
290 430
290 458
290 511
292 346
292 355
292 476
293 368
293 374
293 476
294 322
294 332
294 431
294 436
294 458
294 468
294 469
295 511
296 297
296 316
296 384
296 478
296 484
297 323
297 349
297 351
297 355
298 486
299 446
300 470
301 447
301 482
301 506
303 395
303 459
304 307
304 428
304 447
305 382
308 410
309 340
310 337
310 438
310 493
312 447
312 483
313 317
313 332
314 343
314 428
314 440
314 476
315 384
316 333
317 447
318 416
319 419
320 352
320 357
320 404
320 456
321 400
321 404
321 476
321 487
322 331
323 337
323 420
323 474
324 345
324 360
324 371
324 432
325 331
325 442
326 328
326 444
327 376
328 433
328 455
329 341
329 491
329 508
330 368
330 380
331 424
332 387
333 361
333 508
334 445
335 423
335 472
337 381
338 381
340 410
340 424
340 439
340 488
342 370
342 390
342 409
342 441
343 358
343 369
343 467
345 465
345 477
346 413
346 466
347 352
347 378
347 387
348 378
348 384
348 504
349 494
350 393
350 454
351 458
351 470
352 359
352 481
352 489
354 487
355 502
356 373
356 408
357 425
358 477
358 510
359 362
360 376
360 508
361 377
361 485
362 364
362 427
362 443
363 384
363 426
364 388
365 415
365 449
365 474
366 479
367 369
367 414
369 487
372 431
373 399
374 407
377 442
379 455
379 502
381 429
382 452
384 391
384 445
384 490
385 506
386 425
387 433
387 494
389 416
389 496
390 480
391 423
391 459
391 468
392 394
392 507
393 394
393 429
394 464
396 465
396 480
396 489
396 500
397 411
397 484
398 408
398 494
402 424
402 443
403 483
404 417
404 466
404 481
407 431
409 417
409 502
410 503
411 477
413 419
413 508
414 419
416 450
416 483
417 456
417 472
420 434
422 473
423 498
424 497
429 511
430 458
431 445
432 511
433 490
437 500
440 484
442 458
447 507
449 503
450 498
453 493
457 489
462 470
462 472
470 473
476 497
481 507
489 510
490 492
490 509
