0 91
0 92
0 176
0 242
0 294
0 309
0 335
0 336
0 427
0 438
0 458
0 500
0 626
0 728
0 747
0 882
0 907
0 944
0 969
0 980
0 985
1 233
1 236
1 444
1 654
1 720
1 902
2 63
2 89
2 118
2 159
2 214
2 266
2 270
2 815
2 832
2 862
2 1000
3 56
3 69
3 90
3 104
3 106
3 263
3 286
3 338
3 350
3 377
3 409
3 487
3 522
3 543
3 607
3 764
3 939
3 966
3 968
3 975
4 57
4 75
4 87
4 215
4 285
4 493
4 514
4 532
4 668
4 780
4 838
4 847
4 930
5 48
5 225
5 274
5 327
5 708
5 805
5 844
5 924
6 21
6 55
6 68
6 150
6 216
6 220
6 233
6 254
6 277
6 374
6 438
6 445
6 485
6 501
6 637
6 690
6 944
6 1008
7 154
7 251
7 253
7 284
7 293
7 296
7 344
7 402
7 419
7 422
7 442
7 521
7 523
7 534
7 785
7 830
7 839
7 844
7 972
7 981
8 15
8 66
8 240
8 275
8 309
8 447
8 456
8 462
8 471
8 753
8 833
8 894
9 16
9 24
9 36
9 63
9 107
9 123
9 216
9 242
9 273
9 372
9 377
9 407
9 453
9 498
9 500
9 600
9 661
9 707
9 751
9 802
10 316
10 546
10 552
10 694
10 746
10 845
10 952
10 964
10 998
11 52
11 72
11 82
11 164
11 176
11 192
11 221
11 254
11 383
11 412
11 414
11 421
11 459
11 552
11 575
11 759
11 877
11 908
11 1017
12 217
12 263
12 295
12 405
12 420
12 622
12 663
12 689
12 735
12 756
12 828
12 835
12 843
13 50
13 54
13 214
13 437
13 616
13 678
13 696
13 712
13 755
13 773
13 900
13 932
13 981
14 95
14 98
14 211
14 268
14 290
14 343
14 420
14 428
14 536
14 633
14 797
14 801
14 884
14 938
14 939
14 1002
15 163
15 194
15 213
15 348
15 427
15 471
15 490
15 832
15 938
15 1013
16 42
16 79
16 425
16 429
16 462
16 598
16 843
16 959
17 428
17 492
17 574
17 583
17 609
17 698
17 787
17 838
17 897
17 941
17 981
17 995
17 1019
18 45
18 90
18 189
18 320
18 408
18 481
18 671
18 737
18 739
18 774
18 809
18 848
18 851
18 986
19 123
19 131
19 134
19 175
19 181
19 246
19 315
19 390
19 406
19 427
19 447
19 615
19 683
19 873
19 878
19 972
19 1020
20 70
20 77
20 120
20 138
20 155
20 190
20 217
20 232
20 312
20 357
20 478
20 537
20 758
20 799
20 962
20 989
21 40
21 271
21 283
21 315
21 520
21 890
21 969
22 55
22 193
22 302
22 505
22 519
22 550
22 608
22 613
22 639
22 674
22 757
22 762
22 769
22 865
22 888
22 933
23 45
23 158
23 162
23 306
23 376
23 408
23 419
23 463
23 465
23 503
23 552
23 573
23 653
23 715
23 766
23 830
23 922
23 998
24 32
24 33
24 56
24 159
24 180
24 183
24 366
24 493
24 662
24 666
24 871
24 885
24 925
25 169
25 435
25 472
25 493
25 512
25 534
25 691
25 745
25 803
25 867
25 874
26 80
26 176
26 188
26 279
26 417
26 450
26 508
26 705
26 717
26 757
26 759
26 826
26 892
27 138
27 169
27 193
27 292
27 569
27 703
27 757
27 812
27 868
27 977
27 998
27 999
28 78
28 92
28 175
28 275
28 339
28 357
28 401
28 416
28 463
28 476
28 552
28 709
28 894
28 935
29 72
29 519
29 592
29 648
29 666
29 675
29 758
29 774
29 777
29 778
29 779
29 832
29 875
29 1021
30 266
30 379
30 576
30 661
30 723
30 743
30 896
31 62
31 142
31 149
31 165
31 190
31 212
31 306
31 385
31 396
31 455
31 479
31 483
31 579
31 604
31 640
31 732
31 913
32 153
32 363
32 380
32 398
32 416
32 452
32 481
32 588
32 843
32 964
32 978
33 195
33 215
33 244
33 470
33 572
33 598
33 799
33 881
33 921
34 55
34 238
34 240
34 346
34 435
34 437
34 526
34 587
34 611
34 721
34 739
34 757
34 969
35 145
35 218
35 288
35 352
35 499
35 575
35 592
35 701
35 731
35 904
36 131
36 190
36 260
36 275
36 437
36 522
36 524
36 590
36 602
36 645
36 667
36 744
36 802
36 833
36 915
36 948
36 966
37 57
37 134
37 151
37 208
37 344
37 357
37 373
37 443
37 452
37 467
37 509
37 511
37 513
37 572
37 646
37 654
37 758
37 771
37 820
37 888
38 81
38 216
38 483
38 496
38 868
38 909
38 943
38 957
38 962
39 63
39 131
39 197
39 205
39 235
39 429
39 542
39 608
39 665
39 822
39 885
39 891
39 906
39 919
39 936
39 960
40 46
40 63
40 130
40 178
40 247
40 274
40 348
40 371
40 397
40 514
40 576
40 606
40 619
40 659
40 661
40 700
40 732
40 817
40 857
40 891
40 897
40 961
40 1008
41 162
41 185
41 192
41 300
41 510
41 772
41 830
41 883
41 889
41 905
41 988
42 94
42 135
42 166
42 401
42 417
42 438
42 478
42 533
42 561
42 571
42 783
42 836
42 905
42 909
42 940
42 1002
43 50
43 113
43 160
43 161
43 192
43 450
43 697
43 700
43 701
43 754
43 960
44 65
44 188
44 202
44 218
44 403
44 436
44 477
44 511
44 527
44 831
44 839
44 927
44 943
44 951
44 1022
45 53
45 225
45 232
45 308
45 406
45 442
45 588
45 631
45 686
45 775
45 831
45 857
45 975
45 1003
45 1010
45 1022
46 121
46 186
46 189
46 200
46 242
46 359
46 403
46 529
46 595
46 621
46 635
46 637
46 643
46 769
46 794
46 843
47 384
47 526
47 566
47 675
47 743
47 752
47 761
47 928
48 61
48 130
48 327
48 349
48 384
48 397
48 482
48 554
48 610
48 621
48 689
48 836
48 994
49 50
49 134
49 419
49 467
49 542
49 557
49 568
49 628
49 740
50 117
50 199
50 330
50 375
50 380
50 516
50 559
50 588
50 650
50 724
50 758
50 784
50 837
50 889
50 994
51 199
51 305
51 344
51 354
51 490
51 619
51 673
51 705
51 992
52 113
52 120
52 241
52 349
52 367
52 368
52 369
52 403
52 565
52 639
52 678
52 812
52 839
52 843
52 902
52 932
53 55
53 70
53 186
53 351
53 492
53 509
53 517
53 609
53 637
53 645
53 677
53 980
54 116
54 149
54 187
54 246
54 261
54 278
54 288
54 345
54 346
54 502
54 560
54 581
54 715
54 751
54 788
55 65
55 120
55 184
55 246
55 249
55 329
55 337
55 413
55 420
55 474
55 500
55 801
55 954
56 64
56 154
56 686
56 802
56 943
57 91
57 289
57 299
57 379
57 456
57 476
57 522
57 533
57 573
57 611
57 654
57 694
57 768
58 155
58 158
58 194
58 214
58 275
58 477
58 556
58 571
58 687
58 718
58 873
58 964
58 972
58 982
59 67
59 190
59 244
59 269
59 301
59 361
59 370
59 415
59 434
59 478
59 594
59 600
59 743
59 745
59 785
59 829
59 841
60 122
60 239
60 240
60 330
60 415
60 488
60 527
60 563
60 586
60 651
60 693
60 729
60 815
60 840
60 875
60 909
60 928
60 939
60 1021
61 83
61 151
61 278
61 414
61 434
61 502
61 548
61 602
61 714
61 724
61 914
61 915
61 1004
61 1013
62 89
62 119
62 143
62 257
62 312
62 359
62 429
62 508
62 565
62 664
62 749
63 70
63 166
63 242
63 276
63 294
63 301
63 377
63 873
63 915
63 1010
64 74
64 128
64 148
64 246
64 320
64 456
64 564
64 576
64 589
64 695
64 883
65 125
65 189
65 350
65 384
65 423
65 437
65 449
65 459
65 464
65 740
65 746
65 752
65 758
65 786
65 872
65 992
66 127
66 227
66 267
66 523
66 631
66 681
66 781
66 859
66 875
66 901
66 1010
66 1013
67 98
67 136
67 155
67 157
67 172
67 242
67 336
67 346
67 491
67 598
67 745
67 860
67 918
67 970
68 313
68 474
68 484
68 496
68 604
68 605
68 674
68 708
68 774
68 803
68 832
68 907
68 927
68 977
69 128
69 289
69 368
69 450
69 496
69 692
69 825
69 841
69 914
69 932
70 143
70 152
70 158
70 213
70 258
70 456
70 488
70 572
70 620
70 705
70 719
70 815
70 863
70 888
70 993
70 999
71 319
71 336
71 345
71 359
71 406
71 411
71 528
71 530
71 535
71 539
71 653
71 756
71 896
71 902
72 317
72 337
72 375
72 440
72 495
72 505
72 526
72 721
72 998
73 92
73 120
73 166
73 478
73 482
73 510
73 566
73 584
73 654
73 677
73 795
73 954
73 968
73 972
73 1009
74 156
74 240
74 374
74 391
74 481
74 496
74 505
74 519
74 520
74 521
74 718
74 726
74 767
74 772
74 785
74 849
74 903
74 927
75 259
75 346
75 350
75 443
75 574
75 590
75 749
75 753
75 769
75 868
75 917
75 930
76 100
76 180
76 212
76 354
76 418
76 458
76 645
76 746
76 885
76 935
76 960
76 968
77 122
77 213
77 300
77 330
77 398
77 403
77 459
77 522
77 553
77 580
77 582
77 681
77 691
77 707
77 827
77 940
77 970
78 84
78 85
78 124
78 323
78 329
78 385
78 414
78 489
78 554
78 615
78 739
78 811
78 821
78 1011
79 113
79 434
79 476
79 591
79 612
79 688
79 716
79 747
79 824
79 884
79 885
79 992
80 201
80 289
80 306
80 323
80 346
80 403
80 464
80 509
80 576
80 700
80 993
81 162
81 257
81 593
81 620
81 719
81 786
81 791
81 943
81 991
82 166
82 202
82 323
82 374
82 375
82 418
82 498
82 500
82 540
82 601
82 751
82 759
82 762
82 887
82 935
82 949
82 1021
83 270
83 278
83 306
83 321
83 337
83 539
83 728
83 791
83 845
83 901
84 118
84 139
84 145
84 280
84 301
84 317
84 330
84 332
84 347
84 464
84 565
84 636
84 646
84 719
84 781
84 811
84 830
84 839
84 899
84 970
85 290
85 316
85 404
85 441
85 464
85 465
85 484
85 683
85 853
85 945
86 153
86 174
86 253
86 256
86 306
86 335
86 364
86 378
86 388
86 418
86 543
86 636
86 659
86 664
86 711
86 751
86 779
86 977
87 176
87 188
87 267
87 405
87 423
87 451
87 664
87 749
87 782
87 823
87 856
87 865
87 867
87 879
88 258
88 265
88 473
88 769
88 776
88 788
88 802
88 897
88 918
88 936
89 290
89 421
89 497
89 631
89 698
89 733
89 757
89 777
89 794
89 876
89 915
89 997
89 1004
90 149
90 177
90 422
90 446
90 448
90 470
90 576
90 594
90 668
90 761
90 773
90 787
90 847
90 881
90 936
90 967
90 1021
91 92
91 265
91 409
91 475
91 477
91 478
91 481
91 483
91 538
91 563
91 674
91 770
91 867
91 901
91 953
91 962
92 155
92 305
92 411
92 497
92 534
92 638
92 700
92 701
92 718
92 881
92 927
92 984
92 1016
93 265
93 335
93 346
93 354
93 405
93 511
93 609
93 689
93 751
93 871
93 921
93 943
93 945
93 946
94 127
94 180
94 230
94 379
94 461
94 526
94 680
94 691
94 943
94 991
94 1000
94 1004
95 173
95 183
95 334
95 379
95 383
95 422
95 475
95 509
95 564
95 701
95 710
95 769
95 1022
96 179
96 180
96 205
96 361
96 412
96 678
96 733
96 990
96 1013
97 124
97 168
97 274
97 313
97 355
97 375
97 447
97 463
97 569
97 571
97 606
97 669
97 703
97 904
97 947
97 990
97 991
98 176
98 281
98 282
98 373
98 451
98 555
98 759
99 275
99 293
99 299
99 431
99 553
99 562
99 627
99 643
99 670
99 682
99 749
99 753
99 755
99 882
99 911
100 127
100 184
100 303
100 552
100 620
100 625
100 631
100 644
100 668
100 687
100 728
100 833
100 902
100 972
100 995
101 189
101 230
101 346
101 365
101 377
101 476
101 574
101 659
101 666
101 668
101 674
101 760
101 912
101 946
102 184
102 187
102 194
102 237
102 240
102 359
102 377
102 456
102 457
102 572
102 613
102 755
102 798
102 932
103 201
103 381
103 410
103 429
103 497
103 507
103 587
103 612
103 625
103 708
103 750
103 847
103 861
103 881
103 994
103 1011
104 442
104 450
104 601
104 704
104 715
104 747
104 751
104 788
104 847
104 880
104 917
104 918
104 947
104 999
104 1007
105 122
105 189
105 246
105 324
105 329
105 363
105 430
105 439
105 475
105 513
105 529
105 554
105 571
105 617
105 622
105 748
105 871
105 920
105 969
105 992
106 136
106 200
106 300
106 315
106 392
106 517
106 550
106 597
106 700
106 781
106 797
106 1011
107 186
107 203
107 236
107 278
107 424
107 450
107 507
107 745
107 852
107 974
108 205
108 228
108 250
108 298
108 345
108 432
108 458
108 749
108 774
108 775
108 978
109 128
109 135
109 212
109 382
109 481
109 486
109 547
109 851
109 858
109 884
110 201
110 220
110 255
110 319
110 342
110 387
110 403
110 434
110 510
110 529
110 640
110 692
110 820
110 840
110 883
110 1004
111 241
111 246
111 361
111 512
111 579
111 665
111 840
111 933
112 113
112 282
112 284
112 417
112 505
112 519
112 620
112 722
112 875
112 1016
113 229
113 248
113 300
113 326
113 363
113 553
113 705
113 733
113 809
113 880
113 948
114 130
114 176
114 185
114 342
114 367
114 658
114 673
114 860
114 913
114 922
114 1005
115 143
115 215
115 219
115 226
115 265
115 278
115 280
115 334
115 442
115 449
115 484
115 581
115 611
115 651
115 896
115 912
115 922
115 994
116 118
116 310
116 352
116 413
116 511
116 547
116 553
116 1012
117 124
117 352
117 403
117 456
117 499
117 531
117 643
117 687
117 718
117 732
117 760
117 766
117 787
117 806
117 892
118 156
118 437
118 523
118 573
118 589
118 612
118 693
118 700
118 746
118 861
118 939
118 946
118 968
119 157
119 373
119 543
119 591
119 856
119 903
119 913
119 917
119 976
119 986
120 205
120 239
120 412
120 413
120 439
120 491
120 646
120 651
120 732
120 853
120 859
120 900
120 929
120 955
120 962
121 154
121 166
121 185
121 210
121 248
121 339
121 375
121 655
121 802
121 906
121 998
122 149
122 738
122 749
122 782
122 848
122 855
122 863
122 926
123 127
123 181
123 214
123 331
123 356
123 660
123 703
123 917
124 202
124 317
124 338
124 352
124 548
124 560
124 864
124 898
124 920
124 1010
125 167
125 237
125 278
125 306
125 329
125 507
125 538
125 577
125 584
125 609
125 669
125 693
125 710
125 771
125 943
125 1019
126 268
126 272
126 299
126 307
126 485
126 642
126 680
126 691
126 813
127 599
127 609
127 636
127 665
127 743
127 751
127 850
127 901
128 220
128 263
128 325
128 340
128 392
128 467
128 639
128 845
128 857
128 981
129 195
129 232
129 357
129 363
129 387
129 454
129 467
129 493
129 507
129 565
129 637
129 740
129 765
129 775
129 785
129 790
129 832
129 862
130 307
130 497
130 772
130 815
130 833
130 879
130 882
130 928
130 941
130 962
130 974
130 985
130 1018
131 152
131 316
131 317
131 320
131 362
131 364
131 463
131 494
131 546
131 592
131 648
131 744
131 989
132 170
132 216
132 336
132 377
132 405
132 513
132 566
132 613
132 797
132 856
132 883
132 892
132 917
132 984
132 989
133 150
133 301
133 306
133 340
133 354
133 375
133 392
133 507
133 568
133 600
133 783
133 854
134 327
134 392
134 437
134 439
134 459
134 487
134 547
134 829
134 900
134 978
134 998
135 194
135 259
135 306
135 337
135 446
135 574
135 593
135 662
135 706
135 716
135 746
135 755
135 760
135 843
135 975
135 1022
136 156
136 232
136 379
136 464
136 539
136 560
136 640
136 803
136 946
137 333
137 348
137 349
137 442
137 548
137 595
137 599
137 620
137 676
137 779
138 258
138 404
138 423
138 537
138 540
138 549
139 165
139 364
139 431
139 692
139 929
139 972
139 1009
139 1011
140 246
140 260
140 441
140 474
140 503
140 514
140 787
140 897
140 935
140 951
141 251
141 270
141 392
141 468
141 516
141 792
141 799
142 177
142 263
142 327
142 408
142 430
142 500
142 554
142 720
142 789
142 885
142 955
143 206
143 260
143 264
143 340
143 384
143 422
143 442
143 483
143 535
143 567
143 738
143 743
143 770
143 818
143 819
143 928
143 997
143 1019
144 198
144 228
144 252
144 343
144 467
144 473
144 591
144 630
144 698
144 725
144 787
144 799
144 913
144 922
144 962
144 1008
145 192
145 197
145 268
145 277
145 324
145 396
145 578
145 788
145 844
145 874
145 897
145 913
146 149
146 274
146 291
146 311
146 341
146 346
146 368
146 377
146 469
146 545
146 550
146 612
146 622
146 692
146 724
146 809
146 1013
147 152
147 179
147 299
147 324
147 604
147 636
147 713
148 257
148 283
148 395
148 430
148 444
148 514
148 601
148 627
148 649
148 661
148 702
148 790
148 859
148 958
149 192
149 199
149 238
149 371
149 465
149 548
149 566
149 579
149 609
149 628
149 703
149 720
149 759
149 762
149 804
149 852
149 949
149 1003
149 1008
149 1022
150 221
150 241
150 361
150 427
150 545
150 570
150 641
150 669
150 737
150 751
150 792
150 795
150 847
150 877
150 887
150 944
150 995
151 257
151 277
151 418
151 493
151 540
151 550
151 562
151 599
151 646
151 723
151 775
151 845
152 182
152 393
152 746
152 795
153 161
153 202
153 219
153 337
153 476
153 595
153 659
153 768
153 788
153 835
153 864
153 953
153 979
154 340
154 353
154 466
154 506
154 618
154 661
154 663
154 773
154 787
154 810
154 1012
155 322
155 334
155 427
155 472
155 487
155 548
155 801
155 831
155 897
155 991
155 1023
156 205
156 281
156 339
156 516
156 607
156 614
156 632
156 663
156 941
156 944
156 958
156 1006
156 1008
157 211
157 235
157 317
157 340
157 406
157 469
157 537
157 543
157 567
157 595
157 620
157 691
157 741
157 761
157 795
157 801
157 805
157 851
158 172
158 193
158 246
158 256
158 276
158 318
158 331
158 418
158 427
158 428
158 498
158 516
158 610
158 657
158 860
158 879
158 922
158 982
158 1008
159 249
159 297
159 336
159 477
159 779
159 925
160 254
160 325
160 370
160 469
160 487
160 810
160 867
160 906
160 924
160 950
161 211
161 255
161 377
161 448
161 457
161 503
161 520
161 523
161 524
161 611
161 735
161 797
161 863
161 864
161 868
161 938
161 950
161 971
161 1008
162 164
162 297
162 323
162 392
162 476
162 542
162 608
162 611
162 672
163 301
163 374
163 510
163 577
163 673
163 877
163 941
163 984
163 986
163 998
164 174
164 250
164 257
164 259
164 276
164 299
164 304
164 444
164 467
164 514
164 585
164 687
164 697
164 706
164 917
164 922
164 989
165 180
165 201
165 328
165 342
165 429
165 485
165 494
165 512
165 669
165 771
165 827
165 892
165 917
166 288
166 381
166 385
166 395
166 407
166 526
166 598
166 612
166 660
166 820
166 900
166 914
166 1007
167 230
167 274
167 497
167 515
167 617
167 803
167 840
167 1017
168 240
168 253
168 337
168 426
168 478
168 485
168 557
168 694
168 763
168 824
169 368
169 418
169 461
169 483
169 496
169 572
169 684
169 730
169 803
169 857
169 956
169 958
170 187
170 249
170 468
170 548
170 573
170 574
170 587
170 681
170 800
170 833
170 948
170 1014
171 226
171 331
171 429
171 532
171 576
171 642
171 657
171 669
171 836
171 883
171 896
171 944
171 992
172 176
172 287
172 317
172 319
172 320
172 326
172 333
172 336
172 380
172 387
172 391
172 501
172 661
172 775
172 798
172 812
172 1005
172 1008
173 174
173 229
173 354
173 394
173 426
173 427
173 440
173 628
173 636
173 647
173 650
173 735
173 740
173 750
173 791
173 836
173 875
173 1012
174 254
174 354
174 428
174 471
174 570
174 723
174 735
174 781
174 901
174 925
174 937
175 193
175 211
175 280
175 290
175 429
175 507
175 522
175 800
176 187
176 250
176 297
176 323
176 480
176 541
176 547
176 659
176 683
176 740
176 873
176 887
176 995
177 434
177 551
177 698
177 726
177 748
177 944
177 1021
178 285
178 468
178 471
178 509
178 521
178 560
178 633
178 1014
178 1015
179 239
179 379
179 515
179 667
179 678
179 687
179 697
179 748
179 765
179 772
179 829
179 831
179 921
179 959
180 210
180 223
180 224
180 248
180 254
180 324
180 347
180 476
180 481
180 501
180 671
180 694
180 695
180 700
180 755
180 761
180 794
180 899
180 948
180 995
180 1011
181 222
181 265
181 266
181 277
181 286
181 451
181 505
181 526
181 532
181 636
181 688
181 785
181 789
181 897
181 959
181 987
182 227
182 302
182 485
182 535
182 565
182 567
182 645
182 703
182 742
182 890
182 914
182 1005
183 187
183 209
183 220
183 562
183 629
183 672
183 685
183 725
183 803
183 859
183 906
184 300
184 309
184 386
184 491
184 600
184 623
184 634
184 639
184 661
184 680
184 688
184 714
184 967
184 981
185 247
185 360
185 378
185 401
185 561
185 613
185 632
185 655
185 925
185 938
185 939
185 946
185 997
186 287
186 301
186 315
186 373
186 377
186 388
186 502
186 575
186 743
186 792
186 920
186 951
186 978
187 203
187 416
187 441
187 504
187 595
187 613
187 637
187 747
187 811
187 916
187 937
188 199
188 208
188 217
188 249
188 289
188 296
188 341
188 448
188 479
188 505
188 611
188 703
188 715
188 728
188 802
188 864
188 907
188 958
189 205
189 214
189 229
189 286
189 295
189 475
189 532
189 652
189 675
189 979
190 222
190 360
190 372
190 478
190 562
190 640
190 671
190 757
190 976
190 988
191 244
191 299
191 336
191 378
191 550
191 663
191 767
191 839
191 841
191 908
192 281
192 294
192 331
192 362
192 661
192 684
192 697
192 720
192 750
192 757
192 836
192 888
192 925
193 226
193 312
193 421
193 441
193 554
193 615
193 622
193 652
193 685
193 889
194 197
194 422
194 472
194 585
194 709
194 744
194 959
194 993
194 1000
195 323
195 376
195 392
195 472
195 479
195 512
195 583
195 586
195 600
195 663
195 767
195 844
195 854
196 225
196 314
196 333
196 381
196 455
196 554
196 708
196 725
196 895
196 904
196 905
196 914
196 941
196 1007
197 203
197 345
197 392
197 460
197 617
197 658
197 666
197 921
197 937
197 960
198 248
198 255
198 397
198 461
198 528
198 548
198 583
198 588
198 594
198 659
198 843
198 895
198 907
199 380
199 432
199 495
199 607
199 626
199 642
199 652
199 866
199 913
199 920
199 990
200 233
200 238
200 295
200 300
200 318
200 362
200 461
200 510
200 643
200 662
200 695
200 793
200 816
200 846
200 873
201 265
201 320
201 408
201 695
201 933
201 1003
201 1011
202 253
202 303
202 480
202 570
202 573
202 662
202 664
202 714
202 815
202 932
202 936
203 774
203 797
203 953
203 982
203 992
204 299
204 429
204 452
204 458
204 489
204 553
204 559
204 673
204 694
204 795
204 796
204 934
204 941
204 944
204 950
205 297
205 381
205 390
205 520
205 557
205 675
205 686
205 730
205 852
205 917
205 965
205 971
206 278
206 287
206 322
206 490
206 547
206 653
206 829
206 837
206 916
206 967
206 1016
207 260
207 344
207 367
207 381
207 384
207 418
207 471
207 551
207 684
207 708
207 776
207 830
207 944
207 965
208 230
208 296
208 315
208 360
208 376
208 447
208 546
208 721
208 731
208 739
208 778
208 820
208 855
208 875
209 256
209 282
209 543
209 687
209 767
209 786
209 1002
210 216
210 230
210 309
210 315
210 337
210 459
210 625
210 688
210 845
210 963
211 367
211 422
211 425
211 517
211 525
211 560
211 581
211 617
211 671
211 714
211 817
211 825
211 836
211 843
211 850
211 887
211 1017
212 320
212 474
212 579
212 646
212 781
212 809
212 864
212 957
212 998
213 229
213 243
213 392
213 395
213 604
213 659
213 662
213 733
213 746
213 792
213 810
213 1002
213 1008
214 229
214 353
214 362
214 487
214 616
214 687
214 773
214 972
214 991
214 1004
215 288
215 321
215 325
215 335
215 477
215 490
215 610
215 689
215 784
215 797
215 829
215 889
215 896
215 949
216 225
216 272
216 288
216 321
216 375
216 778
216 790
216 820
216 1010
217 242
217 274
217 383
217 386
217 396
217 485
217 584
217 594
217 627
217 702
217 712
217 740
217 773
217 814
217 872
217 962
218 222
218 223
218 301
218 382
218 426
218 476
218 526
218 535
218 578
218 639
218 817
218 874
218 935
218 981
219 281
219 286
219 357
219 412
219 440
219 456
219 484
219 567
219 600
219 729
219 843
219 860
219 990
220 253
220 315
220 410
220 415
220 418
220 577
220 618
220 619
220 704
220 895
221 295
221 389
221 443
221 471
221 511
221 552
221 568
221 601
221 608
221 860
221 893
221 1001
222 230
222 400
222 415
222 466
222 605
222 729
222 758
222 841
222 855
222 946
222 982
223 378
223 383
223 413
223 425
223 476
223 511
223 514
223 561
223 563
223 611
223 763
223 793
223 824
223 996
224 412
224 454
224 467
224 491
224 513
224 717
224 739
224 792
224 885
225 271
225 288
225 292
225 325
225 368
225 382
225 383
225 384
225 449
225 561
225 599
225 734
225 754
225 898
225 941
225 978
226 234
226 355
226 399
226 445
226 451
226 480
226 521
226 553
226 638
226 672
226 702
226 734
226 800
227 477
227 527
227 680
227 801
227 851
227 921
227 948
227 1020
228 285
228 328
228 346
228 360
228 772
228 939
228 977
229 343
229 351
229 382
229 412
229 466
229 499
229 527
229 602
229 652
229 669
229 709
229 786
229 826
229 873
229 962
229 980
230 294
230 382
230 407
230 464
230 730
230 772
230 852
230 936
230 941
230 946
230 947
230 958
230 1020
231 277
231 309
231 364
231 389
231 517
231 771
231 902
231 927
231 960
232 259
232 316
232 340
232 349
232 448
232 466
232 521
232 632
232 673
232 759
232 936
232 998
233 346
233 381
233 557
233 589
233 690
233 754
233 780
233 819
233 829
233 904
234 268
234 272
234 320
234 333
234 448
234 464
234 506
234 647
234 666
234 667
234 726
234 745
234 803
234 861
234 929
234 956
234 1001
234 1017
235 268
235 320
235 379
235 450
235 499
235 630
235 701
235 792
235 822
235 829
235 865
235 867
235 967
235 991
236 299
236 354
236 390
236 603
236 617
236 694
236 707
236 799
236 855
236 911
236 967
236 1006
237 292
237 328
237 429
237 496
237 621
237 632
237 653
237 720
237 790
237 866
237 965
237 994
238 265
238 365
238 408
238 410
238 412
238 519
238 532
238 558
238 560
238 568
238 570
238 581
238 709
238 733
238 760
238 810
238 824
238 1022
239 267
239 277
239 316
239 555
239 556
239 582
239 601
239 644
239 705
239 754
239 782
239 844
239 905
239 919
240 362
240 380
240 703
240 764
240 775
240 866
240 884
240 1015
241 309
241 456
241 470
241 488
241 492
241 642
241 668
241 754
241 868
241 905
241 918
241 919
242 293
242 456
242 489
242 529
242 642
242 811
242 869
242 892
242 906
243 249
243 256
243 291
243 336
243 343
243 381
243 392
243 438
243 528
243 537
243 743
243 773
243 960
243 976
243 982
244 321
244 365
244 372
244 491
244 560
244 616
244 712
244 726
244 811
244 864
245 328
245 342
245 418
245 457
245 489
245 517
245 653
245 825
245 873
245 897
245 965
245 972
245 1008
246 267
246 311
246 313
246 452
246 548
246 568
246 593
246 612
246 744
246 771
246 891
246 896
247 278
247 555
247 559
247 568
247 599
247 675
247 688
247 695
247 698
247 754
247 858
247 1014
248 274
248 340
248 732
249 329
249 337
249 409
249 611
249 640
249 741
249 799
249 853
249 976
250 295
250 302
250 338
250 342
250 458
250 473
250 486
250 564
250 688
250 857
250 863
250 875
250 896
250 1021
250 1023
251 304
251 747
251 1007
252 370
252 600
252 612
252 646
252 741
252 902
252 972
252 979
253 268
253 489
253 502
253 521
253 603
253 605
253 612
253 640
253 644
253 658
253 722
253 886
253 897
253 913
253 921
253 959
253 1016
254 348
254 355
254 442
254 474
254 476
254 561
254 590
254 778
255 441
255 472
255 499
255 527
255 603
255 667
255 739
255 849
256 405
256 415
256 425
256 494
256 508
256 521
256 542
256 649
256 664
256 790
256 816
256 843
256 932
256 947
256 961
256 964
257 325
257 435
257 451
257 464
257 716
257 717
257 816
257 835
257 877
257 879
257 901
257 1020
258 387
258 396
258 415
258 436
258 443
258 494
258 612
258 634
258 672
258 703
258 719
258 767
258 779
258 874
259 283
259 345
259 413
259 510
259 542
259 570
259 659
259 733
259 781
259 810
259 871
259 875
259 882
259 996
260 273
260 319
260 382
260 427
260 429
260 448
260 555
260 640
260 646
260 716
260 782
260 985
260 1010
261 407
261 424
261 445
261 452
261 484
261 485
261 526
261 570
261 622
261 781
261 839
261 940
262 423
262 446
262 554
262 767
262 995
262 998
263 281
263 287
263 296
263 303
263 388
263 456
263 587
263 739
263 743
263 755
263 883
263 971
263 1007
264 296
264 376
264 391
264 435
264 551
264 556
264 584
264 658
264 890
264 921
264 996
264 1000
264 1012
265 343
265 363
265 615
265 630
265 693
265 694
265 726
265 733
265 738
265 742
265 871
265 880
265 903
265 969
265 980
265 1001
266 319
266 330
266 387
266 439
266 475
266 497
266 503
266 512
266 550
266 551
266 590
266 597
266 683
266 977
267 346
267 415
267 665
267 683
267 711
267 787
267 878
268 349
268 410
268 495
268 612
268 721
268 741
268 870
268 905
268 922
268 948
269 277
269 288
269 295
269 337
269 375
269 400
269 446
269 462
269 478
269 526
269 566
269 614
269 654
269 938
270 296
270 307
270 316
270 381
270 423
270 593
270 610
270 627
270 707
270 761
270 928
271 367
271 434
271 462
271 603
271 606
271 654
271 660
271 723
271 945
271 979
271 988
272 363
272 419
272 456
272 457
272 503
272 507
272 590
272 591
272 611
272 613
272 625
272 649
272 692
272 939
273 275
273 298
273 462
273 563
273 679
273 807
273 1022
274 357
274 527
274 572
274 627
274 678
274 719
274 851
274 973
274 985
274 991
274 1004
274 1020
275 381
275 384
275 453
275 472
275 642
275 674
275 704
275 711
275 722
275 746
275 751
275 765
275 801
275 910
275 1019
276 323
276 367
276 462
276 531
276 703
276 796
276 857
276 861
276 916
276 925
277 318
277 379
277 560
277 606
277 631
277 634
277 668
277 676
277 726
277 820
277 850
277 851
277 864
277 871
277 938
278 358
278 479
278 568
278 628
278 689
278 698
278 753
278 773
278 813
279 311
279 356
279 451
279 504
279 600
279 741
279 921
279 965
279 1013
280 312
280 313
280 377
280 497
280 564
280 590
280 591
280 597
280 730
280 782
280 849
280 940
280 1014
281 328
281 355
281 439
281 622
281 649
281 669
281 695
281 734
281 752
281 822
281 828
281 982
282 358
282 395
282 396
282 640
282 694
282 698
282 831
282 879
282 909
283 299
283 323
283 332
283 447
283 493
283 505
283 540
283 547
283 568
283 692
283 818
283 910
283 1010
284 322
284 494
284 497
284 594
284 601
284 696
284 725
284 912
284 919
284 974
285 344
285 354
285 383
285 665
285 787
285 792
285 796
285 823
285 830
285 888
286 412
286 428
286 434
286 446
286 447
286 492
286 678
286 811
286 883
286 892
286 1004
287 329
287 491
287 513
287 681
287 689
287 695
287 704
287 774
287 848
287 996
287 1008
288 301
288 434
288 456
288 561
288 662
288 679
288 696
288 740
289 437
289 597
289 754
289 797
289 818
289 976
290 293
290 320
290 376
290 502
290 546
290 553
290 639
290 754
290 905
290 916
291 709
291 785
291 923
291 979
291 1015
292 312
292 474
292 529
292 777
292 995
292 998
292 1013
292 1014
293 308
293 474
293 934
293 1012
294 368
294 374
294 427
294 487
294 555
294 649
294 661
294 776
294 823
294 885
294 938
294 946
294 985
295 309
295 540
295 542
295 601
295 642
295 647
295 654
295 744
295 840
296 354
296 355
296 398
296 419
296 519
296 570
296 610
296 764
296 893
296 927
296 931
297 348
297 352
297 410
297 535
297 666
297 700
297 874
297 959
298 358
298 378
298 439
298 464
298 565
298 605
298 631
298 803
298 861
298 924
298 946
299 359
299 510
299 581
299 789
299 868
299 970
300 301
300 388
300 415
300 461
300 530
300 544
300 737
300 744
300 904
300 908
301 363
301 523
301 533
301 542
301 572
301 588
301 692
301 731
301 830
301 855
301 868
301 875
302 437
302 470
302 561
302 566
302 652
302 718
302 757
302 811
302 997
303 309
303 362
303 661
303 704
303 751
303 868
303 889
303 964
304 422
304 475
304 540
304 687
304 722
304 833
304 891
304 1001
304 1022
305 319
305 329
305 331
305 445
305 466
305 543
305 592
305 680
305 912
305 979
305 1006
306 385
306 486
306 759
306 783
306 799
306 832
307 346
307 391
307 703
307 872
307 954
307 1020
308 326
308 340
308 504
308 534
308 570
308 623
308 693
308 704
308 743
308 755
308 844
308 908
308 973
309 374
309 419
309 464
309 474
309 488
309 498
309 513
309 624
309 686
309 691
309 737
309 782
309 874
309 912
309 975
309 987
310 493
310 700
310 768
310 772
310 784
310 866
310 939
311 379
311 602
311 615
311 1006
312 314
312 318
312 341
312 346
312 456
312 463
312 575
312 690
312 714
312 828
312 835
312 840
312 914
312 989
313 397
313 514
313 639
313 656
313 699
313 728
313 855
313 1020
314 456
314 507
314 665
314 916
314 975
315 336
315 508
315 512
315 551
315 586
315 630
315 777
315 926
315 927
315 977
316 335
316 400
316 419
316 437
316 438
316 605
316 839
316 854
316 873
316 877
316 878
316 879
316 1023
317 380
317 419
317 695
317 786
317 814
317 864
317 866
318 414
318 676
318 723
318 764
318 916
318 978
318 1015
319 341
319 541
319 639
319 652
319 667
319 717
319 936
319 977
320 348
320 370
320 412
320 444
320 446
320 491
320 537
320 575
320 606
320 647
320 662
320 812
320 984
320 985
321 443
321 529
321 564
321 611
321 734
321 803
321 833
321 998
322 512
322 720
322 723
322 760
322 797
322 835
322 844
322 851
322 860
322 877
322 969
323 346
323 602
323 765
324 358
324 440
324 470
324 542
324 586
324 759
324 899
324 920
324 954
325 329
325 535
325 689
325 694
325 721
325 861
325 880
325 889
325 1008
326 394
326 457
326 460
326 532
326 633
326 650
326 720
326 873
326 883
326 976
327 379
327 482
327 547
327 709
327 772
327 827
327 968
327 984
328 363
328 385
328 490
328 539
328 608
328 855
328 909
328 932
328 996
328 1004
329 492
329 615
329 768
329 816
329 839
329 977
329 988
329 1007
330 380
330 449
330 463
330 603
330 610
330 923
331 362
331 392
331 633
331 733
331 848
331 983
332 347
332 553
332 566
332 668
332 670
332 690
332 692
332 884
332 934
332 973
332 977
333 410
333 434
333 451
333 530
333 757
333 886
334 355
334 503
334 569
334 598
334 628
334 701
334 715
334 858
334 944
334 982
334 992
335 342
335 400
335 504
335 603
335 627
335 635
335 761
335 900
335 994
336 363
336 378
336 441
336 475
336 518
336 591
336 688
336 914
336 965
337 406
337 461
337 552
337 647
337 799
337 849
337 936
337 958
338 548
338 689
338 774
338 804
338 821
338 829
338 845
338 890
338 906
338 933
338 968
339 414
339 427
339 596
339 606
339 689
339 743
339 763
339 919
339 943
339 1020
340 559
340 706
340 780
340 834
340 863
340 884
340 924
340 1005
341 362
341 421
341 538
341 555
341 737
341 894
341 899
341 923
342 436
342 507
342 800
342 818
342 865
343 386
343 500
343 596
343 668
343 916
343 972
344 424
344 478
344 551
344 586
344 587
344 646
344 656
344 690
344 917
344 947
344 952
345 364
345 450
345 536
345 587
345 589
345 715
345 803
345 901
346 559
346 596
346 743
346 755
346 777
346 808
346 997
347 642
347 739
347 767
347 794
347 825
347 878
347 923
347 987
348 551
348 596
348 613
348 767
348 805
348 850
348 859
348 884
348 893
348 970
349 379
349 381
349 398
349 446
349 472
349 574
349 717
349 761
349 796
350 368
350 498
350 626
350 712
350 973
350 980
351 396
351 582
351 690
351 750
351 841
351 854
351 988
352 376
352 416
352 496
352 569
352 599
352 601
352 615
352 1010
353 421
353 480
353 486
353 498
353 532
353 538
353 877
353 913
353 965
354 422
354 439
354 459
354 594
354 654
354 665
354 705
354 765
354 771
354 891
354 932
354 967
355 470
355 477
355 495
355 621
355 683
355 692
355 705
355 706
355 752
355 788
355 873
355 874
355 945
356 508
356 690
356 758
356 783
357 371
357 512
357 546
357 592
357 672
357 692
357 693
357 932
357 970
358 407
358 551
358 651
358 1022
359 366
359 409
359 491
359 520
359 534
359 623
359 668
359 860
359 901
359 912
359 914
359 944
359 990
359 994
360 427
360 569
360 696
360 728
360 785
360 791
360 874
361 411
361 595
361 615
361 624
361 632
361 682
361 714
361 754
361 778
361 803
361 822
361 826
361 1006
361 1021
362 544
362 567
362 741
362 755
362 759
362 769
362 783
362 899
362 916
363 394
363 408
363 487
363 616
363 633
363 669
363 690
363 875
363 959
363 963
363 983
364 569
364 700
364 862
364 893
364 896
364 918
364 927
364 962
364 972
365 444
365 511
365 512
365 677
365 711
365 857
365 865
365 915
365 936
365 958
365 1005
365 1015
366 390
366 492
366 565
366 578
366 584
366 664
366 684
366 689
366 751
366 757
366 856
366 934
366 968
366 1000
367 395
367 432
367 513
367 577
367 798
367 804
367 870
368 393
368 417
368 422
368 474
368 588
368 664
368 686
368 959
368 987
368 1011
369 415
369 448
369 511
369 512
369 608
369 710
369 913
369 963
370 387
370 413
370 479
370 554
370 560
370 829
370 868
370 930
370 969
370 1006
371 376
371 401
371 446
371 486
371 703
371 724
371 818
371 838
371 872
371 971
372 682
372 730
372 735
372 934
373 477
373 528
373 580
373 796
373 861
373 914
373 946
373 1013
374 468
374 555
374 560
374 576
374 697
374 709
374 735
374 780
374 790
374 839
374 853
374 889
374 1022
375 551
375 636
375 657
375 696
375 1003
376 393
376 403
376 461
376 476
376 543
376 629
376 677
376 758
376 785
376 816
377 430
377 440
377 850
377 948
378 481
378 508
378 597
378 610
378 693
378 787
378 844
378 926
378 936
378 946
379 463
379 504
379 533
379 539
379 704
379 705
379 1009
380 493
380 627
380 729
380 735
380 764
380 837
380 852
380 860
380 902
380 1004
380 1006
380 1012
381 417
381 440
381 466
381 469
381 472
381 473
381 544
381 625
381 767
381 900
381 1014
382 631
382 722
382 831
382 848
382 896
383 534
383 543
383 558
383 620
383 640
383 653
383 782
383 875
383 884
383 901
383 954
384 518
384 551
384 557
384 566
384 619
384 763
384 906
384 916
384 950
384 965
384 1015
385 393
385 422
385 436
385 549
385 716
385 770
385 790
385 803
385 834
385 878
385 883
385 898
385 922
385 925
385 937
385 938
385 1002
386 682
386 978
387 408
387 430
387 450
387 586
387 824
387 860
387 961
388 761
388 929
388 954
388 987
389 520
389 671
389 700
389 732
389 883
389 916
389 923
389 932
390 502
390 528
390 674
390 713
390 837
390 841
390 884
390 912
390 956
390 965
390 1008
391 441
391 522
391 538
391 579
391 581
391 775
392 431
392 649
392 652
392 768
392 861
392 913
392 1015
393 440
393 582
393 634
393 843
393 844
393 911
393 994
393 1012
394 483
394 486
394 503
394 509
394 625
394 626
394 634
394 720
394 755
394 771
394 994
394 995
395 438
395 533
395 561
395 599
395 620
395 687
395 712
395 723
395 777
395 819
395 911
395 948
395 953
396 508
396 630
396 650
396 747
396 816
396 929
396 1017
397 719
397 722
397 794
397 851
397 963
397 983
397 1010
398 508
398 719
398 912
398 941
398 948
398 957
398 960
399 442
399 477
399 626
399 631
399 688
399 697
399 745
399 770
399 818
399 979
399 1019
400 521
400 649
400 837
400 879
400 1014
401 535
401 730
401 818
401 824
401 993
402 465
402 573
402 587
402 809
402 959
402 1022
403 469
403 473
403 645
403 656
403 691
403 710
403 789
403 819
403 885
404 405
404 605
404 607
404 664
404 670
404 756
404 854
404 890
404 902
404 977
405 464
405 744
405 839
405 884
405 902
405 985
406 454
406 604
406 612
406 651
406 736
406 778
406 885
406 927
407 544
407 727
407 750
407 841
407 847
407 996
408 513
408 560
408 629
408 662
408 825
408 950
408 1019
409 555
409 606
409 728
409 732
409 908
410 411
410 450
410 460
410 515
410 734
410 822
410 907
411 582
411 658
411 735
412 430
412 447
412 669
412 823
412 827
412 840
413 425
413 526
413 623
413 670
413 681
413 702
413 748
413 779
413 829
413 1005
414 423
414 434
414 481
414 534
414 676
414 690
414 698
414 700
414 729
414 882
414 932
415 501
415 640
415 717
415 856
415 871
415 940
415 1003
415 1016
416 501
416 694
416 700
416 755
416 798
416 846
416 895
416 987
417 421
417 503
417 608
417 654
417 870
417 890
417 899
417 920
418 553
418 576
418 610
418 796
418 882
418 914
419 525
419 621
419 677
419 727
419 734
419 881
419 894
419 927
419 979
420 464
420 506
420 642
420 744
420 780
420 865
421 437
421 452
421 495
421 553
421 630
421 752
421 814
422 435
422 492
422 554
422 646
422 648
422 748
422 857
422 922
422 988
423 456
423 540
423 608
423 706
423 712
423 718
423 811
423 835
424 482
424 508
424 542
424 557
424 687
424 735
424 764
424 890
424 891
424 937
425 461
425 500
425 506
425 550
425 611
425 624
425 685
425 788
425 798
425 841
425 862
425 874
425 934
425 970
426 453
426 464
426 476
426 491
426 530
426 595
426 695
426 722
426 830
427 471
427 606
427 911
428 439
428 588
428 606
428 649
428 662
428 767
428 857
428 862
428 876
428 943
429 462
429 639
429 768
429 795
429 821
429 914
430 439
430 450
430 454
430 541
430 593
430 606
430 724
430 752
430 762
430 786
430 865
430 893
430 931
431 510
431 581
431 675
431 921
431 953
432 509
432 563
432 638
432 699
432 708
432 810
432 867
432 889
432 902
432 933
432 975
432 1017
433 491
433 518
433 533
433 610
433 627
433 865
433 929
433 941
433 977
434 497
434 562
434 762
435 480
435 494
435 534
435 780
435 840
435 869
435 873
435 898
435 988
436 531
436 540
436 672
436 736
436 864
436 957
437 453
437 460
437 503
437 572
437 640
437 787
437 814
437 825
437 942
437 1009
438 706
438 924
439 463
439 493
439 582
439 708
439 750
439 764
439 786
439 837
439 1003
440 451
440 455
440 551
440 587
440 602
440 713
440 802
440 827
440 851
440 901
440 925
440 927
440 979
441 500
441 539
441 662
441 754
441 942
441 962
441 969
442 450
442 453
442 628
442 661
442 781
442 810
442 817
442 844
442 886
442 898
442 962
443 448
443 457
443 459
443 476
443 500
443 551
443 593
443 625
443 824
443 834
443 900
443 953
443 982
444 498
444 503
444 620
444 648
444 740
444 841
444 856
444 858
444 969
444 1017
445 480
445 541
445 599
445 811
446 532
446 542
446 626
446 637
446 706
446 712
446 826
446 854
446 907
446 954
446 983
446 993
447 515
447 568
447 614
447 648
447 696
447 873
447 934
447 1004
448 501
448 527
448 535
448 539
448 558
448 569
448 839
448 980
449 500
449 646
449 745
449 915
449 927
449 982
450 517
450 622
450 632
450 796
450 804
450 1009
451 613
451 649
451 925
451 944
452 542
452 646
452 738
452 773
452 881
452 893
452 927
453 501
453 565
453 689
453 739
453 760
453 871
454 490
454 656
454 818
454 860
454 939
454 1010
455 509
455 545
455 718
455 823
456 472
456 521
456 539
456 564
456 781
456 868
456 978
456 988
457 482
457 508
457 563
457 591
457 594
457 676
457 696
457 895
457 937
457 940
458 659
458 678
458 758
458 812
458 885
458 894
458 995
458 997
459 519
459 553
459 684
459 696
459 983
460 462
460 473
460 484
460 524
460 652
460 704
460 730
460 764
460 972
460 1000
461 592
461 634
461 670
461 713
461 811
462 506
462 673
462 682
462 717
462 794
462 828
462 865
462 882
462 930
462 949
463 492
463 521
463 661
463 729
463 780
463 807
463 938
463 964
464 507
464 562
464 667
464 753
464 774
464 789
464 916
465 524
465 664
465 735
465 738
465 850
465 872
465 880
465 1004
466 507
466 536
466 717
466 732
466 817
466 819
466 878
466 889
466 978
466 1021
467 499
467 505
467 556
467 586
467 621
467 622
467 656
467 666
467 767
467 786
467 910
467 1017
468 611
468 631
468 781
468 948
468 970
468 980
469 542
469 560
469 627
469 687
469 777
469 781
469 831
469 888
469 903
470 547
470 549
470 587
470 597
470 603
470 615
470 686
470 708
470 722
470 845
470 861
470 953
470 1006
471 852
471 884
471 930
471 945
471 977
471 984
472 533
472 553
472 737
472 800
472 911
473 996
473 1022
474 494
474 523
474 576
474 604
474 743
474 790
474 844
474 870
475 605
475 700
475 714
475 754
475 778
475 923
476 513
476 702
476 712
476 764
476 863
476 911
477 516
477 534
477 537
477 551
477 568
477 580
477 756
477 791
477 816
477 865
477 997
477 1007
478 490
478 511
478 568
478 589
478 614
478 736
478 765
478 919
478 951
478 989
479 635
479 667
479 678
479 751
479 828
479 857
480 493
480 620
480 843
480 1017
481 609
481 627
481 711
481 722
481 753
481 891
481 976
482 528
482 601
482 728
482 827
482 943
482 970
482 1007
483 485
483 503
483 536
483 614
483 662
483 739
483 748
483 761
484 488
484 510
484 533
484 538
484 600
484 636
484 649
484 659
484 664
484 673
484 824
484 980
485 488
485 512
485 551
485 626
485 647
485 680
485 694
485 706
485 723
485 785
485 904
486 535
486 624
486 838
486 938
486 951
486 955
486 969
486 998
487 627
487 650
487 670
487 731
487 761
487 779
487 945
487 961
487 979
487 1005
488 512
488 515
488 524
488 554
488 639
488 699
488 712
488 770
488 823
488 964
488 971
489 509
489 522
489 558
489 672
489 718
489 773
489 878
489 910
490 747
490 805
490 845
490 859
490 981
491 508
491 571
491 663
491 690
491 817
491 855
491 959
492 504
492 519
492 520
492 575
492 659
492 698
492 701
492 766
492 777
492 803
492 820
492 867
492 881
492 905
493 508
493 534
493 680
493 734
493 748
493 758
493 791
493 853
493 865
493 947
493 975
494 702
494 765
494 767
494 823
494 891
494 980
495 570
495 587
495 656
495 756
495 762
495 857
495 858
495 1015
496 567
496 634
496 638
496 669
496 676
496 712
496 756
496 863
497 586
497 700
497 704
498 542
498 558
498 568
498 677
498 707
498 819
498 830
498 834
498 853
498 884
498 997
498 1000
498 1009
499 538
499 741
499 859
499 867
499 904
499 933
499 941
500 631
500 642
500 758
500 777
500 826
500 926
500 981
501 550
501 562
501 563
501 607
501 685
501 691
501 720
501 806
501 830
501 939
502 534
502 638
502 678
502 810
502 829
502 847
502 950
502 952
502 990
502 1015
502 1018
503 518
503 550
503 583
503 629
503 705
503 822
503 955
503 983
504 508
504 544
504 563
504 627
504 723
504 780
504 879
504 883
504 980
505 605
505 624
505 646
505 659
505 814
506 644
506 680
506 794
506 878
506 904
506 983
506 1008
507 571
507 613
507 653
507 686
507 803
507 829
507 928
507 964
508 669
508 675
508 780
508 796
508 811
508 826
508 959
508 996
509 511
509 655
509 670
509 672
509 710
509 775
509 794
510 582
510 597
510 631
510 653
510 725
510 740
510 814
510 890
510 974
510 1023
511 516
511 525
511 553
511 588
511 589
511 748
511 753
511 813
511 821
511 829
511 882
511 890
511 914
511 989
511 1002
512 624
512 637
512 735
512 741
512 790
512 844
512 921
512 1017
513 590
513 630
513 658
513 692
513 767
513 775
513 806
513 809
513 870
513 1009
514 555
514 611
514 833
514 875
514 979
515 619
515 688
515 692
515 752
515 758
515 811
515 899
515 922
516 584
516 619
516 788
516 848
516 891
516 1021
517 586
517 609
517 647
517 666
517 712
517 974
518 636
518 651
518 682
518 713
518 739
518 814
518 815
518 912
518 970
519 523
519 541
519 587
519 648
519 901
519 925
519 1006
520 535
520 612
520 615
520 631
520 661
520 669
520 689
520 706
520 809
520 855
520 901
521 607
521 611
521 613
521 654
521 682
521 697
521 771
521 798
521 808
521 814
521 840
521 960
521 1015
522 546
522 917
522 1003
522 1013
523 592
523 594
523 687
523 694
523 726
523 730
523 749
523 779
524 641
524 797
524 799
524 816
524 819
524 854
524 957
525 549
525 623
525 957
525 995
525 1008
526 559
526 575
526 642
526 646
526 693
526 855
526 870
527 556
527 561
527 709
527 951
527 966
527 970
527 1010
528 583
528 614
528 675
528 828
528 855
528 901
528 905
528 952
528 955
528 984
529 551
529 623
529 647
529 658
529 778
529 838
529 934
530 534
530 536
530 565
530 626
530 736
530 921
530 937
530 960
531 559
531 637
531 652
531 783
531 838
531 876
531 965
532 695
533 534
533 591
533 880
533 1002
534 607
534 609
534 629
534 707
534 719
534 731
534 773
534 795
534 820
534 829
534 903
534 950
535 593
535 703
535 735
535 780
535 847
535 946
535 973
535 982
536 620
536 652
536 714
536 917
537 561
537 601
537 603
537 742
537 875
537 890
537 921
537 932
537 973
538 545
538 586
538 607
538 611
538 629
538 672
538 752
538 847
538 874
539 545
539 603
539 620
539 661
539 693
539 706
539 754
539 887
539 933
539 940
539 949
540 541
540 598
540 612
540 629
540 687
540 702
540 741
540 923
540 958
540 973
540 1019
541 609
541 614
541 785
541 822
541 842
541 872
541 966
541 979
542 727
542 751
542 834
542 874
542 895
542 987
542 1015
543 745
543 786
543 792
543 795
543 825
543 850
543 873
543 889
543 971
544 640
544 650
544 732
544 774
544 775
544 777
544 812
544 910
544 912
544 957
544 1014
545 679
545 716
545 807
545 831
545 882
545 979
545 994
546 548
546 675
546 693
546 704
546 852
546 913
546 930
546 954
547 571
547 614
547 650
547 727
547 851
547 888
547 929
548 570
548 660
548 683
548 726
548 855
548 864
549 709
549 752
549 824
549 883
549 914
549 922
549 949
549 996
549 1021
550 593
550 602
550 610
550 773
550 861
550 871
550 909
550 912
551 694
551 710
551 755
551 808
551 874
551 926
552 570
552 573
552 590
552 731
552 770
552 784
552 854
552 947
552 977
552 979
552 1000
552 1022
553 565
553 632
553 676
553 789
553 956
554 603
554 665
554 759
554 798
554 818
555 677
555 686
555 757
556 642
556 684
556 973
557 644
557 651
557 750
557 803
557 988
557 1000
558 567
558 571
558 623
558 709
558 859
558 964
559 590
559 717
559 730
559 733
559 803
559 1022
560 721
560 798
560 818
560 840
560 867
560 1010
561 640
561 653
561 877
561 934
561 986
561 995
562 628
562 990
562 1013
563 656
563 706
563 742
563 813
563 989
563 990
563 998
564 716
564 783
564 820
564 856
564 923
565 693
565 736
565 783
565 866
566 648
567 651
567 727
567 760
567 918
568 570
568 638
568 765
568 854
568 858
568 970
568 993
568 1020
569 822
569 869
569 913
569 938
569 984
570 770
570 841
570 977
570 1004
571 644
571 702
571 721
571 797
571 826
571 837
571 865
571 896
571 1013
572 587
572 671
572 889
572 905
572 965
572 992
573 613
573 716
573 756
573 773
573 803
573 809
573 980
574 655
574 698
574 724
574 765
574 785
574 824
574 901
575 592
575 769
575 837
575 1019
576 682
576 689
576 740
576 826
576 973
577 758
577 804
577 827
577 854
577 922
578 635
578 781
578 838
578 853
578 942
579 667
579 679
579 683
579 734
579 789
579 928
579 962
580 709
580 720
580 858
580 927
581 749
581 758
581 760
581 767
581 796
581 1014
582 623
582 671
582 684
582 729
582 765
582 772
582 833
582 870
582 921
582 994
582 1003
583 665
583 683
583 714
583 733
583 768
583 907
583 1018
584 618
584 840
584 880
584 917
585 596
585 637
585 644
585 677
585 702
585 738
585 806
585 915
585 926
586 638
586 885
586 964
587 597
587 670
587 818
587 896
587 898
587 972
587 978
588 686
588 748
588 931
589 656
589 658
589 660
589 810
589 834
589 964
589 987
590 657
590 718
590 748
590 779
590 811
590 970
590 990
591 600
591 634
591 825
591 846
591 885
591 925
591 977
591 993
592 642
592 663
592 674
592 676
592 717
592 831
592 911
592 923
592 933
592 941
592 1011
593 715
593 779
593 924
593 943
594 618
594 644
594 652
594 671
594 842
594 926
594 946
594 951
594 998
594 1010
595 624
595 721
595 842
595 894
596 693
596 821
596 846
596 943
596 1006
597 790
597 1016
598 659
598 701
598 706
598 717
598 803
598 814
598 843
598 895
598 967
599 611
599 620
599 793
599 811
599 909
599 918
600 641
600 696
600 837
600 839
600 860
601 608
601 795
601 882
601 888
601 967
602 669
602 709
602 722
602 791
602 802
602 913
603 769
603 916
603 979
604 690
604 727
604 828
605 673
605 684
605 706
605 727
605 775
605 826
605 885
605 965
605 971
606 667
606 679
606 849
606 870
607 637
607 722
607 799
607 827
607 989
607 1015
608 686
608 933
608 1016
609 687
609 717
609 744
609 864
609 967
609 988
609 1015
610 652
610 746
610 750
610 783
610 950
610 951
611 651
611 654
611 726
611 813
611 830
611 946
611 952
612 803
612 806
612 926
612 975
613 671
613 697
613 785
613 842
613 886
613 939
613 997
614 635
614 800
614 819
614 877
614 905
614 997
615 658
615 869
615 887
615 924
615 965
615 1009
616 688
616 716
616 745
616 751
616 956
616 968
617 622
617 800
617 815
618 632
618 727
618 759
618 807
618 889
618 958
618 982
619 836
619 864
619 999
620 632
620 727
620 914
620 916
620 953
620 1018
621 690
621 869
621 886
621 921
621 946
621 1007
622 931
623 733
623 879
623 901
623 933
623 990
623 1004
624 642
624 648
624 675
625 651
625 680
625 763
625 771
625 830
625 854
625 961
625 998
626 726
626 738
626 819
626 1021
627 631
627 649
627 665
627 739
627 792
627 1007
628 800
628 803
628 863
628 923
628 987
629 631
629 651
629 809
629 825
629 886
629 917
630 671
630 817
630 882
630 928
630 998
630 1017
631 789
631 872
631 957
631 1011
632 675
632 760
632 789
632 902
632 907
632 955
633 687
633 727
633 782
633 1018
633 1023
634 782
634 877
634 894
635 642
635 719
635 789
635 820
635 858
635 872
635 966
636 835
636 976
636 1022
637 642
637 650
637 677
637 718
637 733
637 891
638 721
638 745
638 798
638 960
639 708
639 945
640 649
640 651
640 684
640 778
640 787
640 843
640 975
641 721
641 744
641 795
642 765
642 808
642 815
642 897
642 949
642 986
642 989
643 654
643 656
643 686
643 710
643 717
643 793
643 952
644 784
644 862
644 976
645 673
645 678
645 686
645 774
645 781
645 852
645 893
645 930
645 974
645 1019
646 759
646 785
646 794
646 883
647 746
647 781
647 838
647 871
647 1014
648 738
648 916
648 921
648 999
648 1003
649 714
649 720
649 943
650 660
650 663
650 730
650 748
650 803
650 839
651 724
651 756
651 769
651 784
651 970
652 660
652 716
652 731
652 769
652 818
652 981
652 982
652 1010
653 738
653 899
653 1011
654 666
654 838
654 908
654 959
654 964
654 972
655 725
655 770
655 1009
656 660
656 700
656 791
656 854
656 911
656 939
656 945
657 845
657 857
657 876
657 951
658 787
658 867
658 1008
659 882
659 896
659 911
659 924
659 948
659 971
660 726
660 797
660 849
661 896
661 962
662 855
662 1020
663 673
663 744
663 778
663 804
663 941
664 719
664 724
664 835
665 748
665 786
665 1004
666 764
666 841
666 910
667 762
667 963
667 976
667 1020
668 681
668 812
668 985
669 714
669 730
669 817
669 829
669 847
669 899
670 749
670 779
670 968
671 673
671 774
671 927
672 718
672 736
672 743
672 749
672 770
672 785
672 885
672 905
672 932
673 771
673 911
673 915
673 938
673 988
673 1003
674 732
674 802
674 829
674 847
674 870
674 904
674 948
675 686
675 687
675 809
675 851
675 869
675 936
675 1005
675 1021
676 709
676 819
677 833
677 926
678 685
678 704
678 727
678 749
678 868
678 932
678 1002
679 685
679 728
679 859
679 957
680 689
680 899
680 952
680 966
680 1020
681 735
681 771
681 777
681 816
681 862
681 870
681 925
682 763
682 774
682 912
682 992
683 690
683 787
683 876
683 878
684 689
684 869
684 923
684 942
684 952
684 966
685 802
685 888
685 907
685 954
685 957
685 963
685 1007
686 712
686 818
686 899
686 956
686 994
687 690
687 730
687 752
687 850
687 880
687 908
687 912
688 851
688 990
688 1019
689 766
689 834
689 839
689 988
689 1014
690 725
690 827
690 841
690 862
690 882
690 885
691 704
691 735
691 791
691 988
692 818
692 824
692 891
692 911
692 972
692 1021
693 823
693 876
693 980
694 862
695 860
695 915
695 968
695 993
696 703
696 841
696 854
696 942
697 848
697 869
697 895
697 920
697 946
697 971
697 991
698 776
698 805
698 814
698 851
698 885
698 910
698 936
699 717
699 731
699 900
699 903
699 921
699 962
699 963
700 724
700 795
700 805
700 823
700 890
700 925
701 776
701 827
701 873
701 912
701 918
701 923
701 985
702 734
702 938
702 968
702 1021
704 707
704 798
704 946
705 811
705 853
705 913
705 960
706 798
706 823
707 749
707 818
707 862
707 893
708 710
708 817
708 955
709 991
709 1014
710 727
710 781
710 1016
711 718
711 740
711 794
711 851
711 939
711 956
711 1008
712 769
712 781
712 832
712 856
713 750
713 831
714 736
714 747
714 754
714 819
715 802
715 898
715 978
715 1019
716 790
716 1002
717 760
717 774
717 821
717 869
717 960
718 825
718 841
719 757
719 847
719 975
719 1013
720 766
720 819
720 823
720 842
720 864
720 979
721 746
721 765
721 813
721 866
721 931
721 945
721 1002
721 1023
722 727
722 841
722 886
722 887
722 977
723 814
723 870
723 903
723 907
723 999
723 1007
724 907
724 957
724 963
724 1012
725 761
725 766
725 825
725 910
726 756
726 803
726 856
726 899
726 914
726 1018
727 794
727 796
727 884
727 1000
728 742
728 759
728 775
728 856
728 868
728 932
728 985
729 975
729 977
730 854
730 865
730 897
730 898
730 957
730 1002
731 792
731 821
732 814
733 735
733 895
733 945
733 979
733 984
734 932
734 936
734 965
734 989
734 1012
735 794
735 800
735 809
735 863
735 905
735 921
736 823
736 918
736 925
736 927
736 1021
737 787
737 833
737 840
737 948
737 974
738 834
738 845
738 922
738 931
738 976
739 802
739 874
739 958
739 1000
740 835
741 969
742 771
742 794
742 954
743 888
743 903
744 839
744 922
744 1014
745 787
745 892
745 957
746 752
746 778
746 795
746 908
746 1002
747 800
747 935
747 962
747 981
748 918
748 937
748 962
748 973
749 781
749 822
749 937
750 754
750 866
751 777
751 781
751 785
751 847
751 862
751 912
752 787
752 837
752 865
753 800
753 845
754 758
754 762
754 805
754 807
754 885
754 931
755 840
755 896
755 917
755 959
755 994
756 877
756 932
756 958
757 941
757 949
758 966
759 761
759 800
759 908
759 987
760 765
760 827
760 891
760 979
761 871
761 891
761 935
761 951
761 960
762 895
762 1019
763 832
764 902
765 829
765 882
766 790
766 833
766 919
767 915
767 1017
768 878
768 958
769 784
769 886
769 974
769 1016
770 778
770 907
770 961
770 987
770 1019
770 1021
771 891
771 951
771 972
772 961
772 992
773 783
773 857
773 926
773 977
774 847
774 914
774 1016
775 996
776 850
776 883
777 907
777 999
778 782
779 793
779 862
779 962
779 978
780 782
780 936
781 832
781 885
781 926
781 980
781 989
782 902
782 910
782 939
782 950
783 816
783 965
783 985
784 810
784 818
784 918
784 1006
785 819
785 914
785 1008
786 811
786 872
786 901
786 990
786 1007
787 790
787 793
787 801
787 832
787 854
787 857
787 869
787 958
787 985
788 831
789 906
789 926
789 959
790 844
790 941
790 973
791 860
791 926
791 929
791 936
791 1008
792 841
792 850
792 865
792 891
792 1020
794 920
794 995
794 1006
795 821
795 840
795 906
795 972
795 999
796 817
796 843
796 858
796 876
796 934
797 831
797 884
797 937
798 842
798 867
799 824
799 951
799 961
799 966
800 969
801 885
801 910
801 988
802 804
802 891
802 995
806 855
806 873
806 879
806 922
806 992
806 1020
807 877
807 967
807 1004
808 919
808 922
808 955
808 959
809 843
809 844
809 858
809 1014
810 819
810 894
810 898
810 923
810 938
810 951
810 1004
811 825
811 852
811 861
811 946
811 952
811 963
811 977
811 1019
812 818
813 933
813 934
813 1012
813 1022
813 1023
814 883
814 912
814 1014
816 828
816 879
816 939
816 953
816 959
816 965
816 987
818 855
818 875
818 894
818 997
819 857
819 912
819 926
819 950
820 906
820 963
821 848
821 898
821 946
821 951
821 973
821 983
822 882
823 941
823 964
823 1017
824 942
824 1010
825 838
825 858
825 888
826 983
826 986
827 943
828 877
829 855
829 899
829 976
830 865
830 977
830 994
831 911
831 914
831 1017
832 839
832 849
832 893
832 917
833 854
833 870
833 956
835 944
835 952
836 879
836 916
836 932
837 857
837 902
837 978
837 1002
838 941
838 944
838 974
838 1006
839 936
840 861
840 915
841 871
842 843
842 874
842 911
842 923
843 944
844 943
844 1002
845 966
845 974
845 994
846 974
846 990
847 857
847 915
847 977
848 898
848 956
848 983
849 856
849 890
849 904
849 1007
851 924
851 928
852 889
852 958
853 902
853 919
853 992
853 1009
854 881
855 876
855 890
855 992
856 877
856 883
856 939
856 984
856 996
857 867
857 952
858 1001
859 897
859 924
859 998
861 953
861 971
861 1014
862 939
863 914
863 976
863 987
863 1014
864 907
866 936
866 948
867 901
867 951
867 1019
868 882
868 1010
869 912
869 951
870 1019
871 978
872 906
873 970
873 982
873 991
874 895
874 916
874 966
874 969
874 999
874 1012
875 885
875 890
875 966
876 925
876 933
876 936
876 963
877 893
877 944
878 906
878 971
878 1021
879 947
879 970
880 1002
881 905
882 901
882 921
882 978
882 990
882 994
883 901
885 894
885 916
886 900
886 936
886 951
886 1000
887 992
888 955
888 967
888 989
888 994
889 1019
890 900
890 966
892 938
893 930
893 1009
895 982
896 914
896 924
896 989
896 1005
897 906
897 968
898 900
899 976
899 982
899 1001
899 1019
900 908
900 917
900 934
900 978
900 1010
903 912
903 941
904 918
904 926
905 942
907 949
907 975
909 935
909 1019
910 926
910 1013
911 939
911 1005
912 923
912 929
912 979
913 984
913 999
914 916
914 954
914 976
915 963
916 917
916 954
916 990
917 959
918 968
918 969
918 1001
919 931
920 948
921 952
921 1013
922 944
922 981
922 999
923 969
923 1018
923 1023
926 966
926 1022
928 947
929 966
929 982
929 997
930 1006
931 941
931 960
931 1014
931 1018
932 934
932 960
933 999
933 1008
934 947
934 961
935 960
936 963
936 979
937 1012
939 972
940 1001
941 1012
942 946
942 1011
943 993
944 972
945 961
945 969
947 954
947 971
948 991
949 986
949 1015
950 975
951 961
952 1009
952 1019
952 1020
953 985
953 1017
954 963
954 982
956 973
957 989
958 961
958 963
958 990
960 961
963 979
963 1021
966 1023
967 970
968 992
968 1000
969 977
971 981
971 994
971 1001
972 984
972 996
972 1014
973 1012
975 1014
976 999
978 1017
978 1022
981 1017
982 1012
985 987
985 993
986 996
986 1007
986 1022
987 1015
989 1003
990 1005
991 1003
992 1004
994 1014
995 1000
1001 1002
1008 1011
