0 117
0 246
0 265
0 314
0 336
0 403
0 441
0 538
0 554
0 595
0 634
0 705
0 735
0 736
0 793
0 873
0 906
0 920
0 923
1 136
1 228
1 289
1 295
1 429
1 610
1 660
1 690
1 815
1 904
1 1003
2 9
2 212
2 257
2 308
2 419
2 509
2 514
2 515
2 632
2 659
2 714
2 731
2 740
2 910
2 1015
3 25
3 73
3 438
3 470
3 832
3 960
3 980
4 69
4 106
4 206
4 385
4 435
4 552
4 571
4 647
4 657
4 705
4 707
4 711
4 732
4 738
4 752
4 763
4 886
4 912
4 992
5 24
5 37
5 202
5 233
5 301
5 314
5 438
5 450
5 514
5 521
5 557
5 641
5 667
5 808
5 811
5 845
5 990
5 1005
6 63
6 85
6 98
6 250
6 266
6 402
6 475
6 559
6 604
6 617
6 618
6 668
6 674
6 699
6 920
6 984
7 39
7 102
7 128
7 225
7 272
7 305
7 535
7 700
7 702
7 805
7 821
7 872
7 877
7 934
7 936
7 1007
8 192
8 203
8 224
8 229
8 263
8 267
8 291
8 322
8 385
8 388
8 421
8 452
8 515
8 546
8 591
8 669
8 762
8 887
8 905
8 967
8 973
8 984
8 1016
9 130
9 261
9 296
9 362
9 385
9 396
9 418
9 448
9 499
9 539
9 588
9 592
9 628
9 779
9 792
9 831
9 848
10 46
10 51
10 105
10 231
10 322
10 340
10 501
10 591
10 763
10 866
10 895
10 987
11 106
11 324
11 325
11 473
11 533
11 553
11 603
11 680
11 762
11 799
11 823
11 893
11 931
11 977
11 984
12 128
12 164
12 186
12 205
12 311
12 328
12 396
12 475
12 510
12 511
12 522
12 604
12 622
12 655
12 671
12 675
12 850
12 913
12 915
13 137
13 375
13 490
13 623
13 638
13 679
13 948
13 961
13 983
14 111
14 317
14 333
14 411
14 474
14 634
14 657
14 682
14 736
14 837
14 876
14 889
14 901
14 957
15 184
15 217
15 326
15 362
15 379
15 386
15 401
15 423
15 512
15 608
15 649
15 691
15 704
15 733
15 769
15 830
15 912
15 934
16 22
16 115
16 162
16 177
16 189
16 230
16 323
16 353
16 373
16 438
16 439
16 446
16 537
16 552
16 563
16 598
16 658
16 659
16 705
16 729
16 730
16 744
16 783
16 876
16 888
16 905
16 912
17 21
17 160
17 226
17 349
17 359
17 426
17 539
17 553
17 702
17 709
17 749
17 759
17 770
17 809
17 822
17 880
17 900
18 29
18 129
18 136
18 176
18 204
18 253
18 266
18 288
18 350
18 548
18 700
18 759
18 785
18 856
18 896
18 906
18 907
18 926
18 983
18 1023
19 27
19 108
19 110
19 118
19 152
19 218
19 306
19 431
19 447
19 510
19 513
19 540
19 660
19 673
19 674
19 689
19 702
19 764
19 856
19 858
19 968
19 1006
20 40
20 148
20 252
20 371
20 482
20 516
20 521
20 522
20 636
20 696
20 728
20 736
20 800
20 802
20 844
20 884
21 87
21 115
21 224
21 258
21 329
21 332
21 343
21 404
21 415
21 445
21 477
21 525
21 585
21 731
21 745
21 796
21 904
22 29
22 61
22 64
22 91
22 105
22 148
22 173
22 262
22 284
22 294
22 426
22 502
22 544
22 557
22 573
22 654
22 709
22 765
22 797
22 974
22 1002
22 1023
23 332
23 367
23 448
23 520
23 672
23 752
23 789
23 885
23 959
23 979
23 1022
24 327
24 377
24 429
24 506
24 538
24 539
24 721
24 781
24 809
24 944
25 46
25 86
25 340
25 343
25 526
25 527
25 560
25 671
25 738
25 842
25 850
25 929
25 1019
26 56
26 108
26 126
26 209
26 223
26 420
26 481
26 576
26 805
26 810
26 816
26 822
26 825
27 219
27 388
27 411
27 413
27 421
27 427
27 541
27 568
27 658
27 701
27 781
27 838
27 890
27 924
28 134
28 212
28 319
28 390
28 483
28 502
28 507
28 567
28 570
28 580
28 712
28 726
28 774
28 936
28 996
29 141
29 160
29 208
29 225
29 337
29 350
29 435
29 500
29 728
29 739
29 848
29 862
29 973
29 1002
29 1016
30 109
30 136
30 154
30 206
30 245
30 413
30 499
30 611
30 656
30 692
30 790
30 791
30 934
31 122
31 159
31 175
31 525
31 585
31 689
31 834
31 865
31 1000
32 79
32 111
32 182
32 270
32 325
32 348
32 354
32 388
32 393
32 519
32 594
32 595
32 658
32 701
32 737
32 787
32 869
32 874
32 918
32 951
32 1007
33 151
33 196
33 231
33 263
33 529
33 571
33 623
33 735
33 776
33 909
33 982
33 1022
34 38
34 56
34 124
34 148
34 164
34 176
34 206
34 226
34 311
34 323
34 327
34 350
34 352
34 395
34 405
34 429
34 493
34 521
34 560
34 587
34 743
34 767
34 880
34 913
34 938
34 958
34 989
35 55
35 64
35 65
35 107
35 130
35 151
35 260
35 451
35 479
35 514
35 541
35 819
35 838
36 41
36 276
36 304
36 359
36 466
36 595
36 641
36 733
36 793
36 899
36 981
37 119
37 125
37 193
37 206
37 351
37 401
37 431
37 472
37 547
37 638
37 664
37 720
37 799
37 959
37 977
37 983
37 1020
38 76
38 113
38 222
38 261
38 304
38 311
38 355
38 383
38 445
38 449
38 455
38 490
38 501
38 529
38 584
38 640
38 651
38 670
38 703
38 796
38 905
38 919
38 983
38 988
39 66
39 100
39 129
39 198
39 454
39 630
39 637
39 656
39 684
40 366
40 709
40 792
40 948
40 949
40 962
41 238
41 328
41 507
41 523
41 534
41 545
41 601
41 605
41 607
41 636
41 694
41 711
41 714
41 727
41 773
41 808
41 843
41 870
41 879
41 916
42 162
42 279
42 316
42 317
42 541
42 548
42 554
42 571
42 572
42 580
42 588
42 688
42 712
42 768
42 822
42 937
42 938
42 941
43 104
43 105
43 118
43 431
43 466
43 504
43 524
43 567
43 582
43 738
43 741
43 742
43 794
44 97
44 109
44 115
44 138
44 149
44 217
44 307
44 353
44 364
44 530
44 544
44 704
44 732
44 938
45 88
45 223
45 339
45 371
45 457
45 706
45 720
45 723
45 748
45 800
45 944
46 54
46 86
46 161
46 173
46 236
46 240
46 267
46 269
46 290
46 291
46 328
46 352
46 383
46 529
46 631
46 660
46 698
46 763
46 816
46 881
46 900
46 923
46 995
46 1020
47 198
47 302
47 365
47 493
47 639
47 718
47 720
47 769
47 796
47 834
47 939
48 57
48 109
48 147
48 158
48 291
48 327
48 363
48 436
48 455
48 527
48 621
48 687
48 697
48 769
48 777
48 865
48 937
48 1007
49 86
49 127
49 133
49 164
49 190
49 268
49 272
49 281
49 312
49 464
49 514
49 572
49 593
49 639
49 684
49 709
49 765
49 777
49 822
49 942
49 1000
49 1017
50 122
50 257
50 282
50 325
50 383
50 392
50 545
50 663
50 721
50 862
50 893
50 928
50 1023
51 59
51 80
51 95
51 102
51 130
51 216
51 244
51 399
51 663
51 698
51 720
51 791
51 795
51 930
52 123
52 221
52 244
52 245
52 330
52 354
52 395
52 421
52 441
52 469
52 473
52 513
52 567
52 668
52 689
52 711
52 868
52 893
52 920
52 933
53 132
53 189
53 194
53 212
53 227
53 261
53 311
53 324
53 377
53 394
53 516
53 523
53 553
53 585
53 661
53 741
53 742
53 781
53 823
53 913
53 928
54 72
54 79
54 137
54 231
54 292
54 359
54 391
54 478
54 486
54 631
54 641
54 758
54 869
54 870
54 945
54 975
55 109
55 133
55 153
55 217
55 236
55 249
55 251
55 360
55 392
55 414
55 474
55 486
55 697
55 699
55 720
55 758
55 777
55 838
55 939
56 107
56 140
56 158
56 170
56 226
56 254
56 440
56 528
56 535
56 611
56 632
56 684
56 711
56 719
56 728
56 759
56 812
56 926
56 938
56 940
57 63
57 120
57 164
57 166
57 253
57 293
57 303
57 312
57 485
57 515
57 683
57 796
57 820
57 848
57 860
57 948
57 988
58 79
58 254
58 305
58 467
58 510
58 526
58 617
58 738
58 821
58 959
59 178
59 214
59 356
59 466
59 473
59 487
59 498
59 556
59 617
59 662
59 673
59 799
59 823
59 831
59 880
59 928
59 951
59 1016
59 1019
60 83
60 94
60 236
60 244
60 306
60 387
60 408
60 441
60 466
60 491
60 609
60 641
60 642
60 717
60 805
61 106
61 184
61 243
61 430
61 562
61 619
61 645
61 657
61 819
61 941
62 168
62 321
62 375
62 394
62 578
62 595
62 638
62 712
62 798
62 875
62 902
62 917
62 1002
63 95
63 130
63 293
63 352
63 665
63 741
63 781
63 865
64 106
64 171
64 174
64 238
64 239
64 324
64 378
64 479
64 560
64 596
64 673
64 801
64 844
64 880
64 923
64 949
64 1008
65 103
65 173
65 242
65 438
65 477
65 500
65 506
65 579
65 731
65 809
65 975
65 993
66 71
66 79
66 87
66 100
66 112
66 164
66 181
66 384
66 450
66 564
66 830
66 848
66 888
67 69
67 101
67 197
67 228
67 407
67 433
67 458
67 619
67 683
67 695
67 725
67 817
67 852
67 941
68 71
68 84
68 128
68 233
68 255
68 257
68 265
68 268
68 278
68 337
68 367
68 378
68 425
68 479
68 551
68 595
68 620
68 631
68 854
68 871
68 897
68 975
68 995
68 1000
68 1005
69 125
69 152
69 153
69 163
69 174
69 213
69 274
69 327
69 405
69 463
69 475
69 489
69 517
69 556
69 728
69 851
69 930
69 961
69 973
69 1003
70 179
70 181
70 283
70 352
70 414
70 430
70 548
70 636
70 661
70 773
70 909
71 141
71 315
71 332
71 379
71 560
71 598
71 632
71 671
71 693
71 762
71 781
71 801
71 882
71 897
72 170
72 190
72 485
72 529
72 552
72 610
72 714
72 717
72 740
72 785
72 834
72 869
72 927
73 174
73 233
73 364
73 441
73 613
73 620
73 622
73 706
73 772
73 795
73 853
73 876
73 956
73 992
74 82
74 118
74 183
74 186
74 209
74 275
74 337
74 339
74 364
74 485
74 546
74 552
74 577
74 673
74 702
74 772
74 810
74 817
74 822
74 890
74 1018
75 168
75 218
75 287
75 384
75 386
75 403
75 471
75 515
75 619
75 704
75 799
75 817
75 895
75 975
76 83
76 93
76 97
76 247
76 338
76 369
76 414
76 427
76 452
76 481
76 623
76 683
76 715
76 728
76 792
76 801
76 900
76 932
76 963
76 1014
77 235
77 313
77 373
77 427
77 428
77 456
77 487
77 611
77 644
77 655
77 667
77 792
77 802
78 355
78 362
78 414
78 495
78 521
78 655
78 669
78 785
78 787
78 788
78 874
78 878
79 128
79 231
79 272
79 325
79 427
79 530
79 546
79 591
79 614
79 692
79 704
79 720
79 768
79 916
79 977
80 89
80 112
80 215
80 229
80 357
80 400
80 424
80 429
80 432
80 518
80 530
80 575
80 598
80 641
80 698
80 719
80 758
80 868
80 905
80 972
81 329
81 343
81 346
81 408
81 414
81 571
81 606
81 892
81 900
82 150
82 248
82 255
82 342
82 411
82 511
82 626
82 779
82 846
82 921
82 1013
83 169
83 229
83 327
83 381
83 454
83 532
83 566
83 619
83 704
83 757
83 770
83 813
83 837
83 923
83 972
83 991
83 1017
84 159
84 175
84 182
84 207
84 214
84 341
84 452
84 628
84 723
84 763
84 779
85 175
85 276
85 293
85 316
85 318
85 340
85 403
85 425
85 657
85 658
85 896
85 915
85 924
85 937
85 996
85 1006
85 1016
86 120
86 122
86 141
86 178
86 187
86 194
86 204
86 248
86 360
86 432
86 437
86 526
86 587
86 798
86 865
86 869
86 888
86 900
86 937
87 177
87 184
87 236
87 272
87 294
87 343
87 408
87 457
87 633
87 655
87 673
87 873
87 890
87 976
87 1015
88 116
88 148
88 183
88 189
88 254
88 329
88 522
88 555
88 642
89 146
89 166
89 168
89 196
89 262
89 267
89 268
89 462
89 533
89 548
89 554
89 571
89 578
89 599
89 625
89 718
89 750
89 767
89 865
90 93
90 119
90 128
90 134
90 143
90 160
90 170
90 221
90 234
90 293
90 377
90 426
90 428
90 443
90 492
90 511
90 582
90 660
90 675
90 888
90 928
90 944
90 971
91 93
91 120
91 201
91 220
91 391
91 537
91 565
91 706
91 746
91 796
92 142
92 149
92 155
92 160
92 183
92 224
92 233
92 252
92 270
92 818
92 820
92 842
92 863
92 874
92 875
92 956
92 1020
93 130
93 179
93 228
93 289
93 337
93 452
93 487
93 566
93 730
93 752
93 902
93 912
93 954
93 1009
94 152
94 180
94 188
94 192
94 214
94 292
94 373
94 513
94 653
94 693
94 694
94 737
94 839
94 917
94 977
95 108
95 189
95 253
95 352
95 465
95 514
95 552
95 568
95 645
95 676
95 742
95 787
95 817
95 840
95 845
95 909
95 968
95 993
96 109
96 173
96 215
96 340
96 567
96 577
96 596
96 624
96 682
96 708
96 808
96 833
96 921
96 936
96 998
97 140
97 390
97 406
97 422
97 516
97 732
97 813
97 866
97 923
97 972
98 124
98 127
98 166
98 323
98 377
98 412
98 506
98 510
98 516
98 530
98 569
98 613
98 907
98 973
99 161
99 223
99 297
99 331
99 387
99 388
99 609
99 637
99 642
99 654
99 704
99 735
99 781
99 840
99 855
99 929
99 961
100 149
100 168
100 183
100 329
100 341
100 483
100 547
100 580
100 619
100 703
100 728
100 830
100 969
100 976
100 995
100 1007
100 1008
101 206
101 228
101 251
101 304
101 340
101 353
101 356
101 386
101 459
101 507
101 695
101 770
101 821
101 893
101 903
101 964
101 992
102 221
102 300
102 350
102 368
102 443
102 464
102 506
102 574
102 638
102 709
102 715
102 788
102 807
102 861
102 940
102 1023
103 121
103 202
103 223
103 226
103 252
103 304
103 364
103 488
103 544
103 595
103 695
103 703
103 797
103 863
103 913
103 934
103 973
104 114
104 138
104 706
104 724
104 883
104 886
104 907
105 142
105 276
105 281
105 294
105 308
105 628
105 706
105 850
105 854
105 965
105 982
106 133
106 134
106 228
106 230
106 239
106 304
106 370
106 377
106 388
106 422
106 552
106 639
106 688
106 727
106 787
106 834
106 892
106 939
107 169
107 181
107 183
107 192
107 211
107 371
107 372
107 391
107 408
107 417
107 422
107 428
107 433
107 438
107 475
107 503
107 516
107 534
107 616
107 664
107 668
107 718
107 764
107 918
108 110
108 135
108 169
108 202
108 216
108 349
108 361
108 588
108 682
108 717
108 762
108 851
108 867
108 882
108 906
109 248
109 392
109 581
109 665
109 783
109 843
110 127
110 246
110 360
110 424
110 546
110 569
110 660
110 667
110 716
110 826
110 843
110 862
110 929
110 963
110 1003
111 159
111 184
111 329
111 450
111 580
111 823
111 834
111 945
111 950
112 169
112 333
112 350
112 370
112 372
112 387
112 412
112 425
112 553
112 567
112 586
112 668
112 673
112 772
112 886
112 922
112 967
112 1021
113 118
113 127
113 230
113 250
113 292
113 343
113 344
113 404
113 405
113 424
113 452
113 458
113 527
113 572
113 736
113 804
113 860
113 874
114 265
114 454
114 482
114 643
114 657
114 681
114 693
114 789
114 791
114 950
114 952
114 980
114 1006
114 1007
115 171
115 229
115 257
115 403
115 422
115 518
115 860
115 885
115 919
115 958
115 959
116 127
116 324
116 486
116 574
116 680
116 698
116 777
116 826
116 843
116 979
117 126
117 287
117 332
117 348
117 378
117 567
117 582
117 584
117 623
117 658
117 687
117 699
117 732
117 787
117 796
117 935
117 1005
118 187
118 188
118 201
118 202
118 262
118 286
118 352
118 408
118 515
118 659
118 730
118 847
118 916
118 938
118 954
119 154
119 325
119 349
119 368
119 389
119 438
119 541
119 573
119 619
119 654
119 659
119 712
119 769
119 838
119 876
119 937
119 948
120 143
120 146
120 151
120 154
120 163
120 241
120 439
120 444
120 445
120 475
120 680
120 703
120 734
120 777
120 785
120 846
120 989
120 1015
121 164
121 170
121 398
121 495
121 538
121 617
121 763
121 862
121 942
121 986
121 1004
122 184
122 290
122 352
122 433
122 456
122 481
122 527
122 767
122 792
122 831
122 942
122 984
122 1012
123 172
123 199
123 202
123 217
123 328
123 420
123 454
123 596
123 674
123 774
123 783
123 811
124 156
124 203
124 227
124 233
124 244
124 253
124 349
124 426
124 431
124 448
124 481
124 805
125 143
125 393
125 536
125 559
125 564
125 571
125 678
125 692
125 722
125 951
125 966
125 1011
126 154
126 165
126 195
126 237
126 353
126 446
126 493
126 529
126 585
126 734
126 950
126 971
126 979
126 997
127 224
127 241
127 304
127 334
127 422
127 498
127 506
127 620
127 656
127 812
127 839
127 944
127 955
127 1012
128 209
128 353
128 524
128 532
128 535
128 633
128 636
128 661
128 685
128 719
128 729
128 855
128 901
128 930
128 972
129 267
129 292
129 365
129 495
129 509
129 568
129 593
129 604
129 722
129 767
129 882
129 896
129 935
129 943
129 997
130 208
130 319
130 332
130 456
130 534
130 562
130 673
130 690
130 708
130 719
130 762
130 793
131 207
131 220
131 245
131 282
131 326
131 460
131 490
131 543
131 548
131 602
131 611
131 626
131 681
131 744
131 859
131 963
132 136
132 311
132 349
132 420
132 424
132 522
132 670
132 760
132 772
132 900
132 973
133 295
133 305
133 601
133 694
133 700
133 736
133 741
133 746
133 817
133 876
133 888
133 909
133 916
133 985
134 143
134 188
134 200
134 441
134 491
134 562
134 600
134 617
134 622
134 661
134 939
134 941
134 966
134 975
134 1004
135 141
135 199
135 248
135 380
135 398
135 410
135 418
135 482
135 668
135 751
135 770
135 773
135 805
135 950
136 163
136 295
136 373
136 510
136 744
136 752
136 793
136 806
136 908
136 969
137 253
137 276
137 278
137 313
137 432
137 471
137 524
137 699
137 712
137 719
137 726
137 822
137 826
137 864
137 920
137 939
137 987
137 1008
138 179
138 231
138 302
138 480
138 606
138 647
138 655
138 694
138 766
138 852
138 921
138 922
138 1016
139 168
139 243
139 270
139 285
139 474
139 746
139 837
139 853
139 859
139 902
139 948
139 999
140 207
140 211
140 267
140 447
140 554
140 558
140 577
140 590
140 602
140 771
140 814
140 918
140 960
140 961
141 234
141 249
141 332
141 465
141 532
141 579
141 615
141 642
141 689
141 727
141 801
141 818
141 830
142 256
142 268
142 280
142 281
142 311
142 326
142 353
142 386
142 471
142 487
142 744
142 792
142 804
142 813
142 907
143 170
143 199
143 201
143 253
143 260
143 332
143 360
143 390
143 416
143 417
143 444
143 456
143 458
143 576
143 690
143 769
143 805
143 825
143 861
143 894
143 906
143 930
144 145
144 186
144 427
144 568
144 604
144 658
144 699
144 706
145 170
145 188
145 284
145 291
145 383
145 412
145 480
145 577
145 633
145 637
145 673
145 724
145 777
145 800
145 936
145 989
146 222
146 582
146 593
146 597
146 625
146 657
146 688
146 793
146 853
146 930
147 173
147 246
147 252
147 342
147 492
147 575
147 585
147 631
147 734
147 743
147 747
147 791
147 809
147 823
147 856
147 874
147 960
147 991
148 204
148 285
148 340
148 670
148 708
148 714
148 761
148 778
148 815
148 895
148 983
148 988
148 997
149 223
149 237
149 347
149 402
149 435
149 450
149 451
149 464
149 736
149 800
149 847
149 850
149 853
149 859
149 874
149 1008
150 176
150 211
150 228
150 383
150 646
150 777
150 874
150 929
150 992
151 315
151 348
151 417
151 494
151 536
151 577
151 634
151 940
152 230
152 317
152 479
152 480
152 536
152 616
152 619
152 630
152 747
152 773
152 778
152 791
152 809
152 828
152 922
152 925
152 998
153 155
153 199
153 289
153 400
153 467
153 536
153 568
153 789
153 867
153 898
153 907
153 976
153 984
154 156
154 163
154 247
154 361
154 381
154 437
154 652
154 754
154 775
154 784
154 902
154 1007
155 194
155 258
155 438
155 586
155 637
155 659
155 745
156 159
156 214
156 277
156 349
156 423
156 516
156 528
156 656
156 664
156 776
156 807
156 850
156 906
157 196
157 296
157 441
157 475
157 590
157 619
157 915
157 987
158 187
158 210
158 285
158 317
158 435
158 465
158 480
158 615
158 668
158 727
158 734
158 735
158 810
158 832
158 875
158 976
159 189
159 287
159 378
159 391
159 686
159 711
159 817
159 938
160 177
160 230
160 308
160 311
160 378
160 408
160 441
160 564
160 616
160 654
160 674
160 680
160 720
160 749
160 755
160 806
160 885
160 976
161 163
161 215
161 228
161 323
161 330
161 362
161 401
161 422
161 469
161 547
161 579
161 679
161 744
161 888
161 931
161 958
162 180
162 312
162 321
162 379
162 443
162 608
162 637
162 782
162 784
162 898
162 920
162 973
162 1014
162 1017
163 193
163 258
163 263
163 315
163 316
163 332
163 362
163 411
163 441
163 444
163 596
163 649
163 739
163 750
163 771
163 817
164 170
164 288
164 297
164 397
164 482
164 521
164 575
164 627
164 711
164 807
164 810
164 854
164 951
164 1010
165 206
165 317
165 456
165 506
165 534
165 774
165 837
165 845
165 946
166 187
166 190
166 229
166 302
166 361
166 522
166 527
166 536
166 606
166 652
166 663
166 707
166 768
166 791
166 926
166 962
166 1011
166 1019
167 226
167 236
167 278
167 286
167 558
167 561
167 641
167 670
167 671
167 673
167 750
167 767
167 793
167 1017
168 219
168 254
168 270
168 311
168 368
168 553
168 584
168 620
168 795
168 869
168 893
168 896
168 917
168 937
168 939
168 1023
169 312
169 397
169 786
169 852
169 861
169 1021
170 279
170 725
170 728
170 917
170 961
170 982
170 988
171 224
171 266
171 301
171 403
171 532
171 686
171 731
172 341
172 358
172 406
172 839
172 883
172 899
172 903
172 916
172 961
172 965
172 994
172 1003
173 236
173 247
173 334
173 413
173 424
173 528
173 551
173 554
173 597
173 602
173 614
173 618
173 754
173 959
173 1020
174 279
174 378
174 407
174 411
174 525
174 593
174 642
174 669
174 717
174 789
174 819
174 836
174 858
174 892
174 976
175 219
175 228
175 234
175 307
175 403
175 550
175 609
175 641
175 782
175 894
175 913
175 914
175 966
176 177
176 338
176 434
176 516
176 533
176 760
176 821
176 856
176 864
176 945
177 230
177 421
177 442
177 503
177 515
177 646
177 655
177 669
177 680
177 683
177 720
177 865
177 985
178 202
178 246
178 283
178 300
178 327
178 403
178 443
178 477
178 507
178 516
178 671
178 714
178 717
178 876
178 942
179 226
179 236
179 270
179 345
179 423
179 485
179 501
179 588
179 662
179 677
179 911
179 913
180 209
180 218
180 226
180 235
180 465
180 512
180 578
180 582
180 650
180 809
180 871
180 904
180 935
180 948
180 988
181 191
181 333
181 435
181 542
181 772
181 788
181 863
181 868
181 887
181 945
182 312
182 504
182 516
182 832
182 887
182 973
182 1022
183 361
183 457
183 460
183 555
183 577
183 620
183 719
183 759
183 784
183 927
184 191
184 286
184 411
184 442
184 523
184 536
184 561
184 662
184 708
184 809
184 810
184 824
184 889
184 924
185 272
185 295
185 316
185 336
185 444
185 547
185 635
185 714
185 725
185 772
186 190
186 191
186 305
186 345
186 379
186 467
186 471
186 488
186 509
186 515
186 536
186 753
186 765
186 833
186 864
186 944
186 977
186 1014
187 191
187 223
187 224
187 229
187 250
187 281
187 310
187 676
187 814
187 904
187 940
187 952
187 988
188 212
188 232
188 268
188 355
188 426
188 475
188 488
188 680
188 789
188 860
188 925
189 214
189 267
189 431
189 497
189 517
189 767
189 784
189 982
190 251
190 301
190 582
190 622
190 696
190 751
190 775
190 803
190 930
190 1019
191 236
191 282
191 333
191 363
191 379
191 593
191 618
191 806
191 908
191 912
191 944
192 308
192 341
192 387
192 419
192 444
192 545
192 575
192 639
192 655
192 836
192 943
192 947
192 1014
193 249
193 372
193 373
193 497
193 498
193 696
193 764
193 804
193 817
193 841
193 872
193 879
193 908
193 944
193 967
193 1013
194 262
194 304
194 460
194 617
194 661
194 686
194 709
194 786
194 819
194 853
194 862
194 871
194 1018
195 286
195 319
195 325
195 358
195 395
195 415
195 533
195 603
195 623
195 670
195 709
195 824
195 916
195 1004
196 338
196 385
196 412
196 532
196 554
196 610
196 625
196 656
196 867
196 946
196 971
197 199
197 202
197 222
197 260
197 297
197 314
197 341
197 343
197 374
197 436
197 558
197 643
197 665
197 761
197 929
197 1008
197 1020
198 441
198 449
198 517
198 621
198 648
198 649
198 701
198 749
198 832
198 898
198 921
198 982
198 992
199 391
199 453
199 470
199 510
199 518
199 819
199 830
199 847
199 979
200 276
200 298
200 429
200 455
200 517
200 598
200 769
200 788
200 859
200 936
200 973
201 210
201 231
201 264
201 351
201 436
201 490
201 553
201 636
201 746
201 767
201 769
201 779
202 429
202 431
202 537
202 555
202 588
202 781
202 820
202 892
202 913
202 956
202 997
203 360
203 472
203 539
203 593
203 724
203 781
203 801
203 996
203 1012
203 1013
204 247
204 285
204 312
204 363
204 364
204 375
204 416
204 446
204 540
204 671
204 679
204 694
204 830
204 846
204 850
204 1017
205 220
205 224
205 259
205 463
205 494
205 549
205 562
205 645
205 772
205 774
205 776
205 832
206 211
206 220
206 279
206 333
206 580
206 759
206 863
206 945
206 978
206 981
206 1002
207 226
207 283
207 492
207 502
207 798
207 846
207 897
207 930
207 986
208 352
208 364
208 507
208 583
208 652
208 678
208 716
208 745
208 816
208 831
208 932
208 996
209 247
209 315
209 327
209 399
209 420
209 482
209 526
209 539
209 700
209 702
209 711
209 793
209 808
209 894
209 926
210 230
210 271
210 405
210 699
210 715
210 747
210 750
210 811
210 861
210 915
210 947
210 958
210 961
211 276
211 286
211 342
211 361
211 369
211 398
211 649
211 653
211 754
211 755
211 922
211 933
211 943
211 1000
211 1004
212 242
212 283
212 329
212 373
212 391
212 394
212 437
212 477
212 518
212 527
212 544
212 565
212 696
212 720
212 827
212 883
212 925
212 948
213 330
213 332
213 427
213 467
213 468
213 510
213 526
213 651
213 699
213 879
213 881
213 924
213 954
213 970
214 261
214 576
214 638
214 702
214 778
214 807
214 872
214 931
215 267
215 339
215 501
215 738
215 748
215 980
216 554
216 580
216 597
216 726
216 729
216 733
216 751
216 838
216 849
216 895
216 902
216 982
217 267
217 276
217 297
217 300
217 445
217 458
217 600
217 644
217 708
217 840
217 906
217 994
217 1023
218 270
218 280
218 368
218 461
218 503
218 545
218 559
218 562
218 573
218 600
218 606
218 649
218 665
218 702
218 726
218 753
218 756
218 804
218 846
218 851
218 866
218 899
218 906
218 943
218 946
218 996
219 277
219 396
219 454
219 538
219 586
219 612
219 627
219 631
219 729
219 738
219 842
219 878
219 909
219 921
220 404
220 413
220 467
220 486
220 665
220 758
220 774
220 799
220 940
220 990
221 266
221 268
221 271
221 317
221 601
221 663
221 669
221 834
221 840
221 895
221 899
221 982
221 1015
222 269
222 320
222 339
222 346
222 585
222 677
222 1022
223 225
223 249
223 269
223 346
223 386
223 388
223 432
223 439
223 578
223 628
223 686
223 742
223 945
223 976
224 251
224 310
224 314
224 407
224 632
224 815
224 841
225 376
225 394
225 396
225 437
225 929
225 945
225 973
226 347
226 386
226 422
226 458
226 486
226 509
226 513
226 662
226 730
226 737
226 915
226 976
226 998
227 273
227 304
227 342
227 373
227 398
227 461
227 567
227 585
227 683
227 1007
228 262
228 380
228 387
228 431
228 436
228 456
228 568
228 631
228 656
228 699
228 767
228 844
228 970
229 264
229 292
229 324
229 327
229 349
229 363
229 432
229 501
229 527
229 606
229 698
229 828
229 863
229 866
229 920
229 933
229 937
230 368
230 386
230 467
230 513
230 583
230 835
230 892
230 901
230 908
230 981
231 248
231 364
231 427
231 490
231 571
231 653
231 758
231 761
231 787
231 928
231 951
231 966
232 259
232 318
232 351
232 366
232 467
232 551
232 563
232 591
232 651
232 681
232 706
232 729
232 792
232 803
232 846
232 938
232 942
232 996
233 256
233 258
233 285
233 391
233 409
233 488
233 515
233 548
233 552
233 566
233 630
233 687
233 738
233 758
233 774
233 786
233 866
233 914
234 328
234 337
234 463
234 523
234 530
234 608
234 693
234 741
234 758
234 774
234 780
234 802
234 875
234 880
234 896
234 958
234 972
234 995
234 1012
235 249
235 250
235 284
235 523
235 624
235 676
235 791
235 871
235 916
235 985
236 341
236 622
236 638
236 691
236 714
236 773
236 815
236 976
236 984
237 328
237 371
237 424
237 427
237 440
237 523
237 526
237 548
237 577
237 584
237 684
237 718
237 829
237 843
237 921
237 1019
238 302
238 330
238 424
238 649
238 650
238 724
238 760
238 966
238 1018
239 261
239 338
239 339
239 348
239 487
239 730
239 736
239 787
239 845
239 849
239 881
240 290
240 352
240 542
240 627
240 789
240 845
241 266
241 283
241 317
241 361
241 451
241 511
241 534
241 562
241 624
241 766
241 792
241 793
241 797
241 883
241 921
241 923
241 992
242 302
242 325
242 337
242 420
242 431
242 471
242 506
242 607
242 638
242 644
242 751
242 795
242 805
242 816
242 865
242 1008
243 275
243 335
243 399
243 451
243 455
243 662
243 752
243 761
243 890
244 322
244 366
244 371
244 380
244 384
244 411
244 422
244 432
244 497
244 528
244 650
244 730
244 743
245 279
245 321
245 326
245 373
245 403
245 408
245 499
245 563
245 565
245 622
245 685
245 693
245 711
245 732
245 907
245 929
245 969
245 1010
246 365
246 406
246 512
246 518
246 529
246 594
246 791
246 792
246 876
246 886
246 888
247 269
247 336
247 578
247 642
247 691
247 728
247 806
247 818
247 890
247 954
248 263
248 279
248 324
248 328
248 481
248 537
248 607
248 698
248 799
248 884
248 905
248 928
248 974
248 990
248 1023
249 396
249 400
249 462
249 718
249 734
249 753
249 979
250 372
250 389
250 468
250 506
250 568
250 624
250 634
250 643
250 796
250 841
250 948
250 984
250 993
251 306
251 353
251 372
251 396
251 431
251 520
251 526
251 562
251 592
251 619
251 663
251 672
251 770
251 859
251 900
251 903
251 923
252 306
252 543
252 710
252 773
252 807
252 857
252 881
252 998
253 310
253 314
253 315
253 489
253 496
253 557
253 719
253 798
253 801
253 824
253 836
253 901
253 975
254 505
254 515
254 668
254 737
254 740
254 752
254 803
254 993
254 1004
255 280
255 288
255 295
255 300
255 417
255 426
255 443
255 446
255 573
255 578
255 590
255 626
255 636
255 717
255 752
255 794
255 842
255 876
255 981
255 983
256 269
256 281
256 346
256 370
256 433
256 453
256 483
256 502
256 647
256 653
256 744
256 765
256 781
256 936
256 1009
257 485
257 543
257 588
257 613
257 672
257 685
257 760
257 836
257 874
257 917
257 922
257 930
258 324
258 500
258 508
258 574
258 599
258 672
258 859
258 883
258 903
258 916
258 1023
259 409
259 634
259 636
259 676
259 681
259 710
259 817
259 856
259 959
259 997
259 1003
260 290
260 399
260 417
260 420
260 612
260 620
260 656
260 666
260 679
260 750
260 872
260 875
260 935
260 942
261 410
261 589
261 604
261 824
261 863
261 871
261 956
261 1011
262 278
262 346
262 361
262 413
262 503
262 516
262 654
262 735
262 737
262 754
262 801
263 266
263 332
263 431
263 452
263 533
263 614
263 665
263 669
263 678
263 711
263 928
264 324
264 333
264 350
264 372
264 520
264 704
264 741
264 939
264 942
265 293
265 493
265 512
265 534
265 606
265 666
266 272
266 350
266 473
266 549
266 550
266 557
266 656
266 733
266 834
266 841
266 953
266 986
266 1003
267 276
267 283
267 299
267 305
267 330
267 357
267 383
267 454
267 467
267 476
267 508
267 544
267 743
267 756
267 788
267 823
267 932
267 967
267 1023
268 292
268 299
268 383
268 433
268 582
268 649
268 661
268 691
268 858
268 864
268 872
268 946
269 328
269 398
269 495
269 506
269 533
269 559
269 621
269 625
269 691
269 757
269 784
269 868
270 540
270 728
270 799
270 876
270 964
270 995
271 322
271 412
271 478
271 773
271 1009
272 285
272 363
272 401
272 429
272 485
272 506
272 546
272 638
272 719
272 749
272 798
272 825
272 831
272 926
273 279
273 386
273 481
273 635
273 723
273 747
273 777
273 794
273 817
273 863
273 912
273 982
273 989
274 293
274 384
274 423
274 424
274 494
274 520
274 686
274 688
274 794
274 837
274 884
274 903
274 946
274 988
274 1020
275 327
275 385
275 452
275 554
275 802
275 995
276 400
276 422
276 432
276 437
276 502
276 578
276 592
276 634
276 656
276 741
276 795
276 820
276 878
276 940
276 1010
277 278
277 285
277 366
277 437
277 663
277 674
277 723
277 747
277 820
277 830
277 832
277 837
278 310
278 413
278 496
278 517
278 530
278 560
278 592
278 608
278 684
278 813
278 828
278 941
279 318
279 434
279 516
279 535
279 601
279 657
279 700
279 757
279 774
279 778
279 784
279 918
279 931
280 329
280 335
280 337
280 358
280 473
280 561
280 745
280 775
280 822
280 916
280 956
281 306
281 332
281 338
281 354
281 366
281 379
281 552
281 742
281 776
281 778
281 780
281 822
281 841
281 970
281 990
281 992
282 291
282 348
282 451
282 504
282 639
282 711
282 876
282 884
282 940
282 942
283 329
283 334
283 339
283 390
283 412
283 536
283 562
283 580
283 693
283 920
283 947
283 984
284 369
284 447
284 522
284 577
284 583
284 712
284 734
284 792
284 954
284 983
284 993
285 362
285 369
285 459
285 460
285 567
285 576
285 607
285 713
285 725
285 744
285 811
285 831
285 882
285 930
285 956
286 293
286 319
286 327
286 339
286 364
286 469
286 569
286 658
286 763
286 819
286 971
286 1000
287 394
287 462
287 539
287 572
287 622
287 696
287 723
287 745
287 828
287 890
288 295
288 320
288 377
288 424
288 426
288 542
288 545
288 719
288 790
288 989
289 309
289 405
289 450
289 560
289 576
289 609
289 648
289 655
289 679
289 684
289 687
289 688
289 992
289 1002
290 370
290 415
290 419
290 444
290 453
290 456
290 474
290 607
290 633
290 658
290 687
290 739
290 740
290 767
290 888
290 947
290 973
291 326
291 350
291 372
291 458
291 464
291 500
291 509
291 604
291 652
291 755
291 907
292 322
292 446
292 452
292 468
292 507
292 559
292 573
292 582
292 583
292 602
292 615
292 752
292 773
292 832
292 954
292 960
293 428
293 447
293 454
293 465
293 500
293 529
293 650
293 710
293 815
293 871
293 971
294 299
294 351
294 386
294 408
294 500
294 640
294 642
294 655
294 747
294 800
294 803
294 807
294 911
294 1009
295 358
295 361
295 364
295 431
295 448
295 450
295 596
295 653
295 706
295 722
295 811
295 865
295 896
295 948
295 960
295 961
296 354
296 424
296 563
296 663
296 843
296 896
296 948
296 949
296 966
297 310
297 379
297 426
297 471
297 621
297 743
297 808
297 882
297 908
298 325
298 479
298 501
298 728
298 747
298 780
298 785
298 810
298 1000
299 415
299 417
299 449
299 501
299 614
299 647
299 710
299 825
299 942
299 982
299 1021
300 480
300 612
300 708
300 808
300 904
300 955
301 352
301 380
301 393
301 546
301 619
301 700
301 817
301 851
301 948
302 339
302 365
302 418
302 458
302 487
302 498
302 503
302 597
302 603
302 606
302 635
302 986
302 1002
303 337
303 380
303 527
303 559
303 670
303 698
303 839
303 875
303 953
304 307
304 439
304 652
304 732
304 771
304 782
304 806
305 434
305 507
305 534
305 546
305 587
305 642
305 686
305 689
305 709
305 750
305 978
305 1000
306 346
306 422
306 461
306 662
306 737
306 790
306 818
306 828
306 911
306 915
306 969
307 370
307 472
307 534
307 564
307 627
307 680
307 683
307 757
307 799
307 820
307 841
307 874
307 901
307 992
307 1017
308 322
308 368
308 371
308 446
308 592
308 595
308 752
308 846
309 379
309 419
309 421
309 481
309 521
309 556
309 658
309 774
309 994
310 345
310 419
310 486
310 489
310 511
310 526
310 529
310 545
310 587
310 597
310 759
310 800
310 862
310 913
310 986
311 553
311 582
311 727
311 733
311 750
311 789
312 330
312 369
312 552
312 629
312 635
312 737
312 787
312 845
313 372
313 438
313 442
313 540
313 576
313 685
313 808
313 851
313 898
313 964
313 976
313 998
314 371
314 396
314 430
314 545
314 611
314 636
314 800
314 814
314 837
315 391
315 716
315 798
315 806
315 836
315 862
315 987
315 1004
316 394
316 476
316 585
316 610
316 635
316 735
316 803
316 883
316 891
316 906
316 967
316 997
317 331
317 336
317 344
317 348
317 425
317 436
317 504
317 548
317 579
317 710
317 910
318 328
318 454
318 509
318 572
318 584
318 605
318 689
318 703
318 789
318 822
318 991
318 1002
319 362
319 366
319 413
319 528
319 557
319 646
319 665
319 668
319 727
320 367
320 533
320 582
320 584
320 585
320 634
320 817
320 837
320 857
320 876
320 902
320 911
320 962
320 992
321 333
321 413
321 468
321 469
321 601
321 605
321 617
321 652
321 677
321 687
321 711
321 778
321 836
321 904
321 913
321 921
321 950
321 976
322 393
322 410
322 542
322 551
322 606
322 687
322 732
322 857
322 932
323 364
323 394
323 420
323 472
323 620
323 622
323 647
323 652
323 653
323 655
323 684
323 729
323 774
323 851
323 883
323 936
324 329
324 380
324 382
324 402
324 416
324 468
324 475
324 494
324 510
324 535
324 565
324 610
324 774
324 912
324 956
324 1020
325 461
325 501
325 540
325 597
325 638
325 729
325 776
325 865
325 900
326 374
326 499
326 636
326 776
327 428
327 460
327 497
327 512
327 534
327 544
327 567
327 759
327 874
327 881
327 943
327 979
327 1005
328 437
328 455
328 461
328 541
328 551
328 592
328 618
328 650
328 666
328 833
328 974
328 993
329 352
329 455
329 549
329 681
329 734
329 1021
330 380
330 426
330 482
330 498
330 598
330 646
330 714
330 780
330 783
330 807
330 850
330 912
330 1017
331 383
331 415
331 505
331 523
331 561
331 660
331 683
331 687
331 715
331 771
331 817
331 853
331 877
331 879
331 933
331 938
331 957
331 977
332 378
332 470
332 500
332 506
332 556
332 570
332 575
332 606
332 620
332 627
332 655
332 690
332 788
332 821
332 827
332 964
333 472
333 621
333 709
333 798
333 800
333 857
333 870
333 925
333 1015
334 368
334 436
334 515
334 542
334 615
334 659
334 732
334 754
334 765
334 961
335 399
335 467
335 779
335 833
335 948
335 995
336 352
336 411
336 437
336 459
336 489
336 515
336 529
336 610
336 656
336 747
336 853
336 942
337 338
337 479
337 719
337 720
337 759
337 814
337 821
337 864
337 879
337 930
337 940
338 402
338 449
338 477
338 538
338 539
338 549
338 606
338 607
338 778
338 834
338 845
338 945
339 392
339 468
339 491
339 685
339 691
339 703
339 711
339 724
339 855
339 917
340 398
340 461
340 471
340 527
340 585
340 590
340 668
340 686
340 714
340 728
340 785
340 820
340 823
340 968
341 342
341 388
341 404
341 457
341 515
341 528
341 707
341 736
341 746
341 815
341 937
341 970
341 981
342 345
342 381
342 420
342 464
342 576
342 591
342 643
342 663
342 700
342 713
342 884
342 902
342 955
342 980
343 357
343 395
343 514
343 566
343 704
343 735
343 746
343 786
343 827
343 865
343 966
344 517
344 524
344 546
344 596
344 634
344 638
344 663
344 665
344 824
344 850
344 858
344 879
344 884
344 907
344 950
344 1022
345 436
345 484
345 527
345 541
345 560
345 622
345 631
345 633
345 644
345 650
345 702
345 774
345 1004
346 370
346 421
346 527
346 701
346 711
346 986
347 364
347 400
347 453
347 478
347 531
347 571
347 572
347 676
347 678
347 695
347 757
347 768
347 966
348 380
348 461
348 502
348 595
348 826
348 881
348 908
348 995
349 474
349 587
349 591
349 626
349 740
349 787
349 841
349 858
349 882
349 898
349 973
350 479
350 545
350 595
350 596
350 688
350 705
350 768
350 902
350 903
350 941
351 360
351 398
351 412
351 444
351 504
351 562
351 663
351 758
351 821
351 836
351 958
351 960
352 423
352 466
352 635
352 692
352 762
352 851
353 399
353 406
353 468
353 545
353 547
353 573
353 596
353 602
353 644
353 946
353 992
354 360
354 363
354 465
354 575
354 586
354 635
354 758
354 788
354 848
354 850
354 878
354 949
355 390
355 416
355 430
355 462
355 582
355 605
355 634
355 653
355 756
355 785
356 518
356 579
356 770
356 864
356 879
356 919
356 941
356 955
357 360
357 367
357 488
357 513
357 550
357 558
357 604
357 658
357 710
357 808
357 817
357 843
358 382
358 420
358 423
358 482
358 562
358 612
358 635
358 712
358 734
358 747
358 788
358 861
358 927
359 382
359 486
359 549
359 645
359 647
359 694
359 752
359 918
359 928
359 967
359 972
359 1003
359 1017
360 385
360 492
360 556
360 614
360 700
360 712
360 716
360 893
360 894
360 924
360 929
360 1012
361 364
361 646
361 655
361 663
361 680
361 686
361 807
361 814
361 833
361 940
361 972
361 991
362 461
362 472
362 490
362 562
362 650
362 661
362 667
362 731
362 923
362 1003
363 387
363 408
363 565
363 674
363 760
363 789
363 915
363 961
363 981
364 383
364 399
364 407
364 414
364 496
364 500
364 579
364 616
364 645
364 746
364 843
364 930
364 972
365 374
365 470
365 479
365 534
365 536
365 544
365 690
365 721
365 813
365 863
365 946
365 1021
366 545
366 570
366 707
366 881
366 919
366 935
366 980
366 1005
367 403
367 428
367 440
367 452
367 482
367 767
367 851
367 853
367 855
367 997
368 378
368 525
368 552
368 661
368 707
368 732
368 804
368 815
368 845
368 881
368 928
368 968
368 1011
369 495
369 505
369 514
369 515
369 702
369 716
370 392
370 441
370 474
370 504
370 531
370 532
370 591
370 632
370 654
370 687
370 809
370 856
371 649
371 719
371 855
371 865
371 894
371 909
371 936
371 994
372 379
372 387
372 450
372 630
372 636
372 648
372 704
372 786
372 877
373 418
373 504
373 539
373 588
373 635
373 660
373 675
373 676
373 770
373 781
373 787
373 934
373 942
374 375
374 437
374 444
374 487
374 491
374 597
374 621
374 653
374 694
374 750
374 770
374 772
374 810
374 876
374 920
374 932
374 1008
375 399
375 415
375 666
375 704
375 732
375 749
375 754
375 888
375 921
375 948
376 552
376 709
376 738
376 841
376 874
376 894
376 901
377 475
377 552
377 560
377 605
377 608
377 617
377 671
377 687
377 725
377 731
377 913
377 937
378 444
378 519
378 537
378 559
378 579
378 599
378 677
378 957
378 967
378 979
378 1006
379 509
379 670
379 731
379 843
379 868
379 886
379 933
380 521
380 747
380 906
380 951
380 969
381 401
381 454
381 512
381 553
381 554
381 621
381 719
381 820
381 862
382 406
382 454
382 514
382 567
382 619
382 737
382 745
382 878
382 889
382 914
382 930
382 941
382 959
383 463
383 501
383 528
383 616
383 635
383 663
383 769
383 779
383 876
383 887
384 391
384 435
384 475
384 600
384 759
384 813
384 913
384 1000
385 403
385 444
385 477
385 489
385 495
385 540
385 572
385 583
385 585
385 611
385 635
385 692
385 812
385 855
385 970
386 582
386 622
386 638
386 718
386 726
386 764
386 903
386 959
386 1019
387 414
387 456
387 666
387 776
387 781
387 833
387 839
387 850
387 979
387 1008
388 533
388 566
388 617
388 715
388 787
388 807
388 906
388 1004
389 418
389 441
389 449
389 461
389 525
389 627
389 676
389 689
389 739
389 802
389 843
389 869
389 904
389 987
390 462
390 487
390 494
390 557
390 585
390 601
390 678
390 690
390 834
390 843
390 876
390 893
390 907
391 458
391 487
391 533
391 603
391 793
391 875
391 894
391 1006
392 416
392 431
392 444
392 468
392 485
392 523
392 550
392 681
392 746
392 785
392 923
392 937
393 412
393 539
393 566
393 594
393 628
393 673
393 903
393 964
393 1012
394 540
394 555
394 590
394 605
394 618
394 692
394 767
394 769
394 835
394 846
394 865
395 604
395 607
395 641
395 647
395 816
395 857
395 912
395 921
395 1022
396 579
396 597
396 645
396 669
396 703
396 891
397 437
397 507
397 535
397 612
397 613
397 619
397 677
397 732
397 797
397 805
397 891
397 913
397 939
398 419
398 501
398 534
398 685
398 693
398 694
398 860
398 872
398 987
399 416
399 464
399 622
399 685
399 730
399 772
399 869
399 932
399 952
399 989
400 414
400 442
400 488
400 527
400 533
400 556
400 659
400 697
400 920
400 936
401 447
401 529
401 647
401 686
401 737
401 878
401 941
401 1013
402 415
402 443
402 468
402 619
402 719
402 761
402 822
402 870
402 929
402 952
403 438
403 549
403 591
403 722
403 791
403 906
404 433
404 455
404 549
404 564
404 602
404 960
404 993
405 490
405 542
405 574
405 619
405 650
405 685
405 748
405 769
405 841
405 924
406 417
406 509
406 515
406 524
406 531
406 626
406 705
406 720
406 782
406 821
406 878
406 945
406 963
407 411
407 442
407 450
407 488
407 525
407 609
407 622
407 687
407 691
407 877
407 883
408 419
408 481
408 646
408 650
408 651
408 664
408 680
408 858
408 902
408 903
408 909
408 945
408 975
409 419
409 437
409 450
409 575
409 588
409 672
409 766
409 819
409 828
409 923
409 957
410 540
410 656
410 665
410 711
410 798
410 804
410 883
410 904
411 415
411 418
411 550
411 600
411 608
411 652
411 668
411 675
411 792
411 808
411 844
411 953
411 969
411 971
411 1019
412 599
412 621
412 662
412 666
412 752
412 805
412 844
412 924
412 935
412 954
412 964
413 432
413 447
413 451
413 511
413 544
413 573
413 600
413 641
413 919
413 1019
414 638
414 683
414 712
414 815
414 959
414 974
415 419
415 485
415 497
415 507
415 731
415 941
415 952
415 1009
416 482
416 491
416 519
416 566
416 575
416 598
416 623
416 644
416 732
416 920
416 924
416 952
416 963
416 1019
417 420
417 460
417 573
417 666
417 702
417 706
417 720
417 723
417 738
417 741
417 743
417 812
417 851
417 858
417 925
417 939
417 963
418 577
418 878
418 999
419 479
419 504
419 520
419 574
419 597
419 636
419 743
419 804
419 877
419 899
419 901
420 446
420 465
420 569
420 578
420 582
420 639
420 643
420 739
420 954
421 593
421 607
421 675
421 691
421 748
421 794
421 911
421 924
421 972
421 996
422 426
422 637
422 749
422 765
422 810
422 915
422 957
422 978
422 984
422 1006
423 504
423 572
423 768
423 813
423 850
423 906
423 1003
424 478
424 526
424 557
424 690
424 712
424 788
424 855
424 966
424 974
424 1011
425 516
425 530
425 544
425 763
425 795
426 571
426 709
426 852
426 893
426 927
426 949
427 462
427 463
427 464
427 480
427 697
427 834
427 910
427 913
427 955
427 971
427 987
427 988
427 1002
428 445
428 498
428 518
428 537
428 597
428 656
428 659
428 684
428 709
428 755
428 903
428 998
428 1018
429 444
429 517
429 606
429 652
429 704
429 788
429 828
429 841
429 883
429 946
429 967
429 998
429 1009
429 1023
430 433
430 440
430 442
430 496
430 511
430 548
430 604
430 660
430 699
430 761
430 773
430 1014
430 1017
431 459
431 573
431 610
431 762
431 782
431 808
431 859
431 912
431 922
431 932
431 1021
432 449
432 532
432 545
432 548
432 620
432 702
432 729
432 770
432 806
432 842
432 862
432 893
432 947
432 1023
433 438
433 475
433 481
433 558
433 676
433 845
433 846
433 861
434 599
434 689
434 705
434 712
434 850
434 885
434 929
435 442
435 526
435 624
435 630
435 824
435 831
435 868
435 882
435 915
435 941
435 943
436 659
436 677
436 678
436 704
436 752
436 798
436 836
436 839
436 844
436 931
437 493
437 525
437 552
437 571
437 610
437 653
437 664
437 772
437 940
438 485
438 627
438 665
438 743
438 837
438 851
438 871
439 457
439 564
439 572
439 804
439 819
439 830
439 864
439 865
439 909
439 957
439 1008
440 488
440 509
440 530
440 601
440 619
440 688
440 723
440 725
440 845
440 953
440 961
440 998
440 1010
441 553
441 766
441 767
441 778
441 876
441 947
441 976
442 596
442 628
442 689
442 819
442 822
442 913
443 536
443 539
443 626
443 681
443 714
443 877
443 987
444 469
444 470
444 505
444 509
444 518
444 552
444 573
444 721
444 889
444 940
444 1008
445 448
445 501
445 528
445 531
445 662
445 694
445 698
445 767
445 851
445 874
445 917
445 971
445 996
446 461
446 475
446 493
446 587
446 972
447 452
447 543
447 607
447 749
447 830
447 886
447 925
448 495
448 559
448 641
448 806
448 825
448 833
448 950
448 986
449 464
449 543
449 602
449 674
449 875
449 951
449 1020
450 540
450 558
450 709
450 752
450 793
450 845
451 466
451 580
451 607
451 615
451 618
451 689
451 785
451 849
451 877
451 907
451 937
451 998
452 561
452 568
452 674
452 755
452 913
452 995
453 490
453 591
453 671
453 678
453 785
453 790
453 795
453 798
453 955
453 989
453 1006
453 1023
454 503
454 529
454 534
454 578
454 652
454 837
455 473
455 562
455 570
455 618
455 727
455 823
455 879
455 888
455 917
455 943
455 982
456 579
456 731
456 778
456 784
456 812
456 899
456 906
456 967
456 981
457 466
457 555
457 702
457 799
457 848
457 866
458 564
458 577
458 740
458 769
458 796
458 851
458 965
458 967
458 977
459 466
459 494
459 512
459 538
459 716
459 781
459 804
459 834
459 847
459 952
460 475
460 572
460 600
460 635
460 677
460 703
460 837
460 891
460 925
461 606
461 624
461 630
461 652
461 708
461 719
461 773
461 786
461 866
462 549
462 610
462 657
462 682
462 787
462 812
462 1017
463 484
463 912
463 1000
464 538
464 605
464 758
464 769
464 790
464 941
464 960
464 1013
465 580
465 662
465 849
465 957
466 579
466 609
466 659
466 709
466 900
466 913
466 1011
467 573
467 596
467 665
467 700
467 880
467 933
467 961
467 979
468 473
468 498
468 534
468 536
468 765
468 853
468 936
468 982
468 1015
469 735
469 848
469 945
469 951
469 981
470 702
470 754
470 829
470 943
471 524
471 702
471 989
472 479
472 506
472 679
472 726
472 738
472 910
472 916
472 1018
473 502
473 734
473 791
474 569
474 580
474 646
474 755
474 931
474 1005
474 1009
475 570
475 614
475 645
475 661
475 669
475 775
475 893
475 894
475 956
475 970
476 518
476 544
476 670
476 686
476 694
476 759
476 784
476 786
476 791
476 939
477 528
477 570
477 726
477 736
477 738
477 830
477 874
477 913
478 508
478 616
478 620
478 638
478 731
478 739
478 741
478 808
478 825
478 827
478 900
478 1005
479 513
479 524
479 531
479 566
479 642
479 723
479 885
479 916
479 967
480 502
480 615
480 618
480 979
480 991
481 502
481 530
481 573
481 574
481 616
481 742
481 803
481 816
481 819
481 931
482 645
482 732
482 817
482 858
482 949
482 1005
483 598
483 621
483 636
483 685
483 798
483 832
483 882
483 894
484 495
484 532
484 624
484 654
484 756
484 855
484 984
485 525
485 622
485 643
485 662
485 734
485 821
485 833
485 896
485 944
486 506
486 575
486 692
486 701
486 703
486 822
486 962
486 976
486 1007
486 1013
487 491
487 494
487 507
487 596
487 716
487 912
488 497
488 607
488 623
488 728
488 742
488 922
489 517
489 560
489 697
489 706
489 710
489 744
489 775
489 847
489 914
489 982
490 536
490 718
490 773
490 791
490 842
490 983
490 1002
491 531
491 697
491 700
491 705
491 724
491 755
491 765
491 779
491 790
491 873
491 981
491 988
491 1012
491 1020
492 574
492 757
492 846
493 495
493 515
493 556
493 613
493 750
493 778
493 801
493 843
493 913
493 987
493 1008
493 1022
494 733
494 739
494 743
494 757
494 773
494 845
494 896
494 942
495 615
495 639
495 673
495 754
495 796
495 826
495 852
495 892
495 909
495 922
495 1001
496 519
496 524
496 548
496 753
496 766
496 813
496 840
496 892
497 528
497 700
497 828
497 973
498 556
498 726
498 731
498 741
498 773
498 785
498 792
498 815
498 847
498 987
499 813
499 848
499 885
499 904
500 520
500 521
500 630
500 636
500 653
500 689
500 701
500 717
500 720
500 774
500 932
500 1023
501 694
501 727
501 734
501 748
501 845
501 873
501 1018
502 558
502 603
502 628
502 660
502 727
502 734
502 775
502 809
502 824
502 915
502 940
502 957
502 1002
503 558
503 597
503 600
503 687
503 698
503 757
503 779
503 800
503 844
504 613
504 681
504 756
504 813
504 834
504 1004
504 1013
505 579
505 669
505 735
505 757
505 768
505 862
505 874
505 921
505 951
505 1020
506 521
506 524
506 536
506 785
506 1013
507 510
507 530
507 582
507 620
507 684
507 793
508 517
508 620
508 661
508 690
508 736
508 852
508 855
508 877
508 896
508 906
508 919
508 957
509 521
509 646
509 872
509 950
510 517
510 624
510 926
511 512
511 554
511 767
511 858
511 896
511 963
511 979
512 573
512 675
512 770
512 805
512 866
512 895
512 927
512 947
512 975
512 980
512 982
513 516
513 540
513 680
513 705
513 816
513 839
513 842
513 847
513 851
513 911
514 572
514 766
514 986
515 532
515 689
515 802
515 845
515 849
516 573
516 669
516 801
516 935
516 1008
517 538
517 763
517 767
517 811
517 850
517 861
517 905
517 953
517 966
518 680
518 763
518 830
518 954
519 631
519 682
519 713
519 831
519 835
519 841
520 544
520 612
520 623
520 654
520 658
520 663
520 666
520 683
520 684
520 892
520 994
521 641
521 662
521 714
521 741
521 742
521 757
521 773
521 909
521 979
522 546
522 681
522 780
522 953
522 1009
523 559
523 608
523 621
523 633
523 655
523 664
523 758
523 846
523 870
523 907
524 537
524 555
524 582
524 583
524 684
524 691
524 830
525 545
525 595
525 606
525 635
525 651
525 669
525 730
525 795
525 886
525 964
525 965
525 977
526 604
526 611
526 750
526 782
526 802
526 832
526 836
526 962
526 996
526 1001
527 619
527 729
527 752
527 888
528 529
528 543
528 558
528 571
528 582
528 631
528 673
528 746
528 766
528 845
528 912
528 930
529 542
529 555
529 714
529 746
529 817
529 838
529 841
529 848
529 890
529 909
530 580
530 667
530 733
530 831
530 992
530 993
531 598
531 638
531 686
531 706
531 795
531 830
531 879
531 914
531 927
531 1018
532 558
532 604
532 631
532 794
532 795
532 823
532 853
532 940
532 981
533 611
533 633
533 739
533 811
533 1010
534 575
534 727
534 823
534 873
534 927
534 957
534 970
534 976
535 684
535 829
536 545
536 676
536 716
536 742
536 921
536 1007
536 1022
537 650
537 681
537 710
537 734
537 757
537 950
537 973
538 553
538 636
538 640
538 755
538 782
538 810
538 820
538 870
538 904
539 634
539 787
539 821
539 883
540 547
540 554
540 578
540 808
540 915
540 940
540 990
541 741
541 823
541 835
541 932
541 945
542 701
542 731
542 995
543 609
543 615
543 642
543 648
543 678
543 734
543 954
543 968
543 982
544 552
544 604
544 637
544 675
544 702
544 881
544 939
545 669
545 677
545 682
545 713
545 744
545 858
545 962
545 975
545 1000
546 558
546 604
546 612
546 685
546 920
546 936
546 985
546 1014
547 560
547 584
547 626
547 654
547 683
547 726
547 803
547 852
547 889
547 984
548 655
548 694
548 742
548 795
548 810
548 837
548 856
548 995
549 559
549 579
549 651
549 653
549 669
549 735
549 791
549 816
549 873
549 903
549 915
549 998
549 999
550 560
550 652
550 860
550 913
550 927
550 995
551 631
551 705
551 740
551 810
551 841
552 674
552 734
552 804
552 942
552 970
553 612
553 624
553 704
553 735
553 771
553 841
554 682
554 691
554 697
554 738
554 771
554 816
554 893
554 903
554 946
554 1016
555 576
555 619
555 793
555 969
555 987
555 994
555 1014
556 564
556 591
556 730
556 848
556 881
556 1015
557 796
557 799
557 984
558 562
558 692
558 765
558 773
558 793
558 826
558 947
558 959
559 584
559 615
559 623
559 718
559 741
559 756
559 791
559 833
559 848
559 885
559 971
559 990
560 629
560 850
560 968
560 973
560 996
560 1011
561 635
561 652
561 655
561 669
561 726
561 746
561 938
561 953
562 599
562 627
562 757
562 817
563 609
563 610
563 696
563 725
563 753
563 837
563 862
563 900
563 934
564 683
564 718
565 573
565 624
565 638
565 640
565 656
565 663
566 635
566 733
566 762
566 812
566 842
566 953
566 1003
567 651
567 668
567 716
567 782
567 862
567 870
567 900
567 930
567 933
568 634
568 729
568 738
568 875
568 931
568 962
568 979
569 593
569 680
569 689
569 726
569 785
569 826
569 844
569 893
569 913
570 627
570 833
570 899
570 992
571 607
571 656
571 680
571 681
571 704
571 792
571 815
571 839
571 884
571 904
571 949
571 979
571 1017
572 580
572 594
572 655
572 678
572 708
572 774
572 789
572 806
572 816
572 904
572 988
572 1009
573 822
573 835
573 916
573 955
573 965
573 976
573 986
574 599
574 629
574 653
574 785
574 928
574 939
575 599
575 696
575 707
575 734
575 784
575 801
575 826
575 836
575 909
575 933
575 959
575 976
575 987
576 594
576 675
576 838
576 840
576 940
576 1013
577 626
577 636
577 689
577 730
577 886
577 912
577 931
578 624
578 661
578 696
578 750
578 766
578 937
578 942
578 971
578 1016
578 1021
578 1022
579 586
579 718
579 783
579 810
579 825
579 834
579 873
579 991
580 668
580 728
580 737
580 868
580 870
580 1021
581 641
581 737
581 834
581 844
581 974
582 620
582 715
582 718
582 743
582 883
582 934
582 939
582 982
582 1003
582 1012
583 698
583 714
583 742
583 747
583 779
583 806
583 1021
584 656
584 825
584 901
584 956
585 658
585 851
586 667
586 668
586 676
586 731
586 810
586 896
586 901
586 905
586 914
586 947
586 994
587 639
587 712
587 715
587 792
587 851
587 873
587 1021
588 809
588 817
588 1009
589 841
589 860
589 913
590 606
590 612
590 648
590 824
590 1011
591 773
591 778
591 877
591 879
591 880
591 905
591 934
591 948
592 629
592 653
592 826
592 940
592 994
593 750
593 855
593 898
594 657
594 666
594 710
594 763
594 795
594 813
594 912
594 937
595 603
595 625
595 897
595 959
596 640
596 737
596 755
596 766
596 777
596 820
596 864
596 1007
596 1020
597 624
597 707
597 739
597 944
597 959
597 1007
598 604
598 661
598 757
598 854
598 909
598 953
598 981
598 983
599 626
599 650
599 672
599 810
599 1021
600 667
600 697
600 796
600 914
601 705
601 712
601 820
601 829
601 985
601 1021
602 605
602 652
602 684
602 688
602 791
602 828
602 836
602 885
602 952
603 608
603 617
603 733
604 653
604 898
604 946
604 982
604 1022
605 721
605 893
605 934
605 983
606 617
606 655
606 709
606 751
606 880
606 971
607 671
607 687
607 724
607 728
607 759
607 769
607 806
607 810
607 837
607 905
607 1001
608 713
608 823
608 844
608 863
608 865
608 945
608 966
608 968
609 611
609 632
609 756
609 779
609 898
609 921
610 764
610 891
611 640
611 801
611 927
611 946
611 971
611 972
612 624
612 702
612 746
612 784
612 878
612 942
613 655
613 665
613 671
613 691
613 770
613 816
613 818
613 926
614 669
614 745
614 791
614 882
614 959
614 999
615 651
615 685
615 716
615 802
615 815
615 835
615 852
615 863
615 1016
616 734
616 739
616 849
616 954
616 956
616 978
616 1010
617 706
617 732
617 855
617 877
617 885
618 622
618 705
618 756
618 812
618 826
618 905
619 626
619 657
619 713
619 744
619 769
619 782
619 818
619 891
619 950
620 773
620 799
620 832
620 843
620 974
620 1001
621 649
621 803
621 816
621 841
621 878
621 1023
622 668
622 741
622 759
622 853
622 1004
623 828
623 934
624 761
624 878
624 909
624 910
624 927
624 928
624 950
624 961
624 993
624 995
625 660
625 814
625 820
625 835
625 861
625 906
625 955
625 1000
626 724
626 797
626 948
626 973
626 995
627 628
627 671
627 740
627 749
627 914
627 1021
628 670
628 673
628 701
628 823
628 937
628 992
629 682
629 697
629 760
629 803
629 887
630 754
630 832
630 834
630 852
630 862
630 951
630 961
630 963
630 996
630 1001
630 1015
630 1018
631 785
631 804
631 813
631 817
631 970
631 1006
631 1012
632 667
632 799
632 836
632 849
632 933
632 988
632 1004
633 709
633 763
633 880
633 881
633 901
633 948
633 988
634 743
634 750
634 781
634 947
634 953
634 972
634 1005
635 709
635 928
636 654
636 868
636 891
636 1013
637 648
637 807
637 821
637 959
637 979
638 742
638 753
638 824
638 1002
639 697
639 743
639 812
639 833
640 664
640 765
640 802
640 887
640 971
640 1006
641 710
641 782
641 833
641 940
641 941
641 958
641 1021
641 1023
642 672
642 758
642 896
642 976
642 992
643 686
643 795
643 1005
644 708
644 738
644 805
644 935
644 987
645 681
645 706
645 707
645 802
645 804
645 863
645 895
645 904
645 947
645 998
646 686
646 701
646 1015
647 650
647 748
647 985
648 679
648 714
648 769
648 908
648 987
649 757
649 777
649 786
649 1012
650 707
650 759
650 790
650 958
651 758
651 774
651 869
651 928
651 930
651 944
651 947
652 762
652 781
652 835
652 929
652 958
652 962
652 1023
653 695
653 702
653 764
653 800
653 895
653 925
653 931
653 991
654 656
654 658
654 675
654 708
654 768
654 883
654 936
654 951
655 669
655 713
655 772
655 781
655 905
655 924
655 950
655 1015
656 670
656 793
656 842
656 913
656 942
656 995
656 1001
657 696
657 788
657 865
657 949
657 1007
658 798
658 847
658 877
658 909
658 934
658 953
659 706
659 796
659 817
659 818
659 913
659 946
659 954
659 979
660 855
660 890
661 672
661 725
661 813
661 870
661 891
662 843
662 883
662 908
662 983
662 1004
663 665
663 680
663 741
663 767
663 805
663 826
663 926
663 940
664 753
664 771
664 922
664 960
665 741
665 747
665 874
665 882
665 920
666 699
666 705
666 780
666 785
666 819
666 848
666 855
666 880
666 969
667 721
667 752
667 773
667 831
667 834
667 876
667 917
668 694
668 889
668 953
668 976
669 801
669 844
669 860
669 868
670 694
670 761
670 766
670 788
670 809
670 911
670 983
671 787
671 796
671 830
671 899
671 909
671 1002
672 798
672 960
673 753
673 813
673 886
673 980
673 1018
674 722
674 770
674 771
674 787
674 852
674 882
674 936
675 693
675 769
675 904
676 681
676 860
676 878
676 892
676 903
677 699
677 905
677 995
677 1015
679 687
679 699
679 822
679 836
679 890
679 945
679 966
679 1001
680 709
680 710
680 724
680 793
680 853
680 858
680 988
680 991
680 1010
681 690
681 727
681 786
681 865
681 948
682 721
682 831
683 751
683 818
683 979
684 711
684 728
684 890
685 827
686 738
686 938
686 1017
687 801
687 811
687 836
687 900
687 925
687 984
687 1008
687 1019
688 698
688 725
688 754
688 762
688 988
689 767
689 922
689 923
690 726
690 745
690 775
690 779
690 860
690 921
690 939
690 940
690 1010
691 741
691 754
691 827
692 771
692 879
692 894
692 942
692 995
693 734
693 857
693 929
694 764
694 788
694 822
694 927
694 997
694 1015
695 721
695 887
695 901
695 956
695 960
695 998
696 783
696 881
696 970
696 989
696 995
697 788
697 809
697 870
697 872
697 901
697 933
698 821
699 779
699 902
699 907
699 951
700 767
701 702
701 793
701 836
701 839
702 813
702 819
702 827
702 885
702 894
702 921
702 959
703 739
703 919
703 991
704 839
704 849
704 892
704 954
704 981
704 989
704 1008
705 790
705 911
705 977
706 741
706 781
706 807
706 816
706 838
706 858
706 941
706 967
706 987
706 999
707 717
707 730
707 817
707 865
707 896
707 897
707 914
708 782
708 887
708 973
709 716
709 737
709 817
709 825
709 886
709 919
709 966
709 978
709 1019
710 1001
711 779
711 832
711 857
711 970
712 775
712 788
712 790
712 817
712 885
712 888
712 898
712 955
712 978
713 776
714 738
714 819
714 919
714 982
714 1016
715 894
715 913
715 925
715 974
715 992
716 729
716 792
716 809
716 850
716 885
716 891
716 920
716 1001
717 792
717 830
717 853
717 854
717 874
717 882
717 947
717 978
718 797
718 809
718 896
718 904
718 916
718 947
718 982
719 756
720 772
720 919
720 925
720 940
720 983
721 790
722 765
722 769
722 814
722 817
722 895
723 735
723 774
723 791
723 822
723 1023
724 725
724 752
724 891
725 923
725 924
726 770
726 784
726 952
727 768
727 937
727 1007
728 741
728 789
728 838
729 795
729 979
729 999
730 794
730 833
730 875
730 906
731 914
731 979
732 778
733 766
733 851
733 856
733 883
733 884
733 889
733 934
733 948
733 1011
734 738
734 775
734 839
734 850
734 989
735 760
735 849
735 870
735 899
735 910
735 936
735 942
735 1023
736 838
736 900
737 769
737 818
737 826
737 1008
738 748
739 951
740 748
740 825
740 876
740 966
740 1018
742 770
742 783
742 814
742 824
742 897
742 902
742 974
743 919
743 934
743 995
743 1021
743 1023
744 882
744 904
745 922
745 931
745 965
745 968
745 998
746 817
746 895
746 937
746 951
746 957
747 765
747 769
747 794
747 891
747 898
747 922
747 965
747 1001
747 1017
748 780
748 880
749 774
749 928
750 935
750 966
750 982
751 886
751 921
751 933
751 959
751 1002
752 887
752 992
753 758
753 804
753 805
753 822
753 1020
754 837
754 861
754 892
754 922
754 946
754 963
755 837
755 942
756 759
756 811
756 818
756 887
757 823
757 878
757 899
757 924
757 960
758 759
758 772
758 784
758 801
758 840
758 933
758 986
759 897
759 906
759 1006
759 1021
760 773
760 777
760 807
760 957
760 996
761 772
761 802
761 810
761 877
762 809
762 811
762 857
762 875
762 881
762 913
762 950
763 797
763 799
763 803
763 842
763 957
764 790
764 793
764 815
764 917
764 942
764 958
764 988
764 1023
765 867
765 903
765 905
765 953
765 980
766 815
766 826
766 943
766 966
767 826
767 909
768 773
768 799
768 810
768 853
768 871
768 911
768 940
768 968
768 1018
769 826
769 842
769 861
769 984
769 990
770 795
770 1009
771 780
771 796
771 841
772 787
772 806
772 914
772 987
774 811
774 843
774 860
774 1011
775 776
775 822
775 823
775 929
776 803
776 878
776 885
776 921
776 971
777 805
777 857
777 872
777 909
777 1019
778 805
778 855
778 867
778 892
778 1017
779 963
779 984
779 1007
780 841
780 876
780 945
780 1002
780 1023
781 788
781 804
781 819
781 1003
781 1012
782 806
782 915
783 811
784 785
784 864
784 890
784 968
785 952
785 985
786 815
786 861
786 896
786 933
787 806
787 936
787 970
787 993
788 864
788 1002
788 1019
789 848
789 874
789 911
789 942
789 966
790 819
790 844
790 895
790 896
790 1005
791 793
791 803
791 850
791 861
791 880
791 976
792 901
792 1018
793 844
793 848
793 853
793 861
793 874
793 903
793 943
794 812
794 828
794 980
795 818
795 820
795 829
795 893
796 851
796 852
796 898
796 921
796 1016
797 945
797 953
797 1018
798 855
798 974
799 842
799 843
799 934
799 1001
800 805
800 811
800 839
800 865
800 1006
800 1017
801 820
801 864
801 906
802 891
802 904
802 985
803 841
803 907
804 821
804 824
804 859
804 901
804 919
804 946
804 961
805 991
806 807
806 877
806 882
806 884
806 897
806 995
806 1002
807 815
807 817
807 845
807 914
807 936
807 961
807 996
807 1001
807 1021
808 826
808 966
808 987
809 904
809 934
809 951
810 872
810 1022
811 833
811 890
811 981
811 991
812 990
813 819
814 820
814 852
815 835
816 846
816 885
816 915
816 962
816 974
818 841
818 847
818 927
818 984
818 988
818 989
819 881
819 903
820 832
820 905
820 972
820 1000
820 1015
821 837
821 923
821 1008
821 1020
822 826
822 845
822 956
823 851
823 878
823 919
823 960
823 984
824 885
824 893
824 922
824 928
825 835
825 884
825 886
825 942
825 950
825 1006
826 864
826 867
827 881
827 993
828 881
830 861
830 904
830 1010
832 850
832 900
833 968
834 846
834 847
834 978
834 1012
835 938
835 989
835 1004
836 917
836 953
836 992
837 848
837 868
837 881
837 950
837 979
838 866
838 969
838 1018
839 840
840 865
840 908
840 944
841 885
841 887
841 988
842 922
842 927
842 997
842 1012
843 863
843 939
843 1022
844 848
844 856
844 923
844 930
844 992
844 993
845 902
845 905
845 973
845 1015
846 968
846 985
847 897
848 927
848 952
849 876
849 996
849 999
849 1016
850 984
850 994
850 1004
851 854
851 968
852 870
854 864
854 907
854 924
854 957
854 1004
855 925
856 971
856 986
857 866
857 878
858 932
858 933
858 990
859 965
859 979
859 994
859 1003
861 982
862 983
863 959
864 879
864 971
864 1013
865 978
866 912
866 965
866 971
866 1003
866 1005
866 1018
866 1023
867 912
867 996
868 982
869 892
869 996
870 909
870 958
870 1002
871 879
871 927
871 939
871 949
871 971
871 999
872 894
872 946
872 947
872 1006
873 879
873 931
874 947
874 963
874 975
875 966
877 898
878 936
878 972
879 987
879 1002
880 882
880 930
880 994
881 902
881 938
881 950
881 995
882 979
883 904
883 920
883 932
884 902
884 962
884 969
885 898
885 986
886 932
886 985
888 941
889 1012
889 1021
890 969
892 925
892 975
892 1015
893 905
893 988
894 913
894 956
894 970
895 951
895 1023
896 904
896 919
896 937
897 905
897 938
898 913
898 928
898 973
899 918
899 933
900 927
900 956
900 1021
900 1023
901 976
901 1012
902 960
903 918
904 965
904 1021
905 984
906 999
907 914
907 921
908 919
908 945
909 980
910 927
910 967
910 974
910 1011
911 945
911 986
912 963
912 1023
914 917
914 923
915 926
915 981
915 1001
916 962
917 1008
918 1023
920 980
920 984
920 1004
922 968
923 931
924 970
925 950
925 1001
925 1013
926 927
926 931
926 991
927 932
927 944
928 934
929 967
929 973
932 937
932 1008
933 938
933 951
933 1001
934 950
934 955
935 980
935 1016
936 939
936 941
938 987
938 1010
941 1003
942 978
942 992
944 998
946 995
947 963
949 966
949 1002
950 966
954 1023
956 979
957 972
958 960
960 978
961 981
962 963
963 1021
964 990
965 972
965 985
965 999
966 998
967 980
967 990
970 989
970 995
973 1008
974 982
974 1000
975 976
975 996
975 1005
975 1022
978 988
979 1007
979 1019
981 986
981 1010
983 994
984 1011
986 1016
988 1004
988 1013
990 1019
991 996
995 1005
995 1020
998 1001
