0 10
0 11
0 12
0 13
0 14
0 15
0 17
0 19
0 21
0 23
0 27
0 28
0 35
0 36
0 38
0 39
0 59
0 68
0 69
0 73
0 77
0 83
0 90
0 92
0 96
0 97
0 98
0 100
0 109
0 118
0 121
0 128
0 144
0 159
0 169
0 173
0 198
0 240
0 244
0 275
0 304
0 327
0 334
0 350
0 358
0 373
0 377
0 389
0 394
0 401
0 422
0 436
0 438
0 444
0 528
0 551
0 612
0 658
0 690
0 760
0 769
0 780
0 824
0 843
0 881
0 928
0 940
0 945
0 982
0 988
1 10
1 11
1 12
1 14
1 16
1 17
1 19
1 20
1 21
1 22
1 26
1 31
1 42
1 45
1 49
1 57
1 58
1 68
1 79
1 86
1 99
1 110
1 113
1 120
1 131
1 160
1 175
1 194
1 213
1 218
1 221
1 222
1 244
1 249
1 297
1 305
1 311
1 328
1 343
1 352
1 393
1 404
1 448
1 470
1 524
1 565
1 665
1 687
1 749
1 773
1 829
1 854
1 966
1 972
2 11
2 13
2 16
2 19
2 20
2 23
2 25
2 38
2 39
2 41
2 47
2 50
2 52
2 53
2 54
2 61
2 62
2 63
2 80
2 87
2 88
2 90
2 92
2 95
2 101
2 108
2 146
2 176
2 203
2 214
2 225
2 240
2 241
2 256
2 270
2 316
2 327
2 388
2 402
2 432
2 453
2 466
2 489
2 503
2 524
2 536
2 570
2 585
2 593
2 606
2 610
2 625
2 713
2 771
2 872
2 925
2 970
3 10
3 16
3 17
3 18
3 21
3 23
3 27
3 35
3 45
3 46
3 54
3 62
3 69
3 95
3 116
3 139
3 158
3 162
3 164
3 190
3 201
3 217
3 236
3 292
3 310
3 336
3 340
3 352
3 357
3 398
3 409
3 452
3 649
3 688
3 773
3 798
3 840
3 892
3 915
3 954
3 957
3 1007
3 1018
4 10
4 12
4 19
4 20
4 25
4 27
4 30
4 44
4 114
4 118
4 142
4 157
4 167
4 209
4 235
4 246
4 256
4 272
4 289
4 346
4 420
4 436
4 440
4 449
4 456
4 520
4 531
4 563
4 570
4 644
4 725
4 808
4 823
4 940
4 991
4 1014
5 11
5 12
5 14
5 15
5 16
5 22
5 26
5 30
5 32
5 34
5 36
5 40
5 41
5 48
5 61
5 85
5 92
5 94
5 98
5 99
5 137
5 141
5 143
5 152
5 155
5 191
5 199
5 208
5 259
5 264
5 288
5 306
5 325
5 361
5 372
5 374
5 399
5 411
5 428
5 458
5 464
5 476
5 522
5 551
5 557
5 558
5 619
5 743
5 744
5 749
5 759
5 800
5 816
5 842
5 858
5 867
5 890
5 894
5 919
5 924
5 927
6 12
6 15
6 16
6 18
6 20
6 23
6 28
6 30
6 31
6 33
6 36
6 41
6 44
6 46
6 49
6 53
6 57
6 58
6 64
6 65
6 76
6 79
6 85
6 98
6 99
6 100
6 110
6 117
6 119
6 130
6 135
6 145
6 159
6 160
6 163
6 171
6 197
6 199
6 203
6 220
6 224
6 225
6 232
6 234
6 241
6 246
6 247
6 252
6 262
6 269
6 271
6 293
6 304
6 353
6 356
6 385
6 421
6 430
6 441
6 483
6 494
6 498
6 559
6 566
6 579
6 604
6 612
6 624
6 628
6 681
6 685
6 697
6 707
6 774
6 791
6 802
6 820
6 881
6 882
6 933
6 946
6 967
6 968
6 1011
7 10
7 11
7 12
7 14
7 15
7 16
7 17
7 18
7 20
7 22
7 24
7 25
7 26
7 31
7 33
7 34
7 36
7 48
7 50
7 53
7 54
7 55
7 56
7 58
7 59
7 63
7 65
7 68
7 76
7 82
7 89
7 120
7 124
7 126
7 130
7 136
7 143
7 153
7 159
7 169
7 179
7 200
7 210
7 212
7 219
7 222
7 223
7 227
7 238
7 283
7 291
7 304
7 305
7 306
7 308
7 313
7 319
7 322
7 328
7 331
7 342
7 344
7 353
7 355
7 356
7 360
7 362
7 369
7 371
7 373
7 393
7 396
7 418
7 429
7 446
7 491
7 495
7 546
7 548
7 583
7 594
7 609
7 610
7 623
7 627
7 637
7 661
7 710
7 727
7 731
7 772
7 776
7 784
7 786
7 793
7 797
7 810
7 817
7 845
7 855
7 877
7 900
7 903
7 920
7 929
7 930
7 969
7 1019
8 10
8 11
8 12
8 13
8 15
8 18
8 20
8 22
8 27
8 28
8 32
8 37
8 38
8 39
8 42
8 45
8 54
8 60
8 61
8 64
8 65
8 74
8 81
8 89
8 96
8 114
8 118
8 120
8 126
8 131
8 144
8 149
8 161
8 167
8 177
8 185
8 194
8 196
8 200
8 230
8 231
8 239
8 241
8 249
8 253
8 258
8 264
8 281
8 290
8 296
8 306
8 312
8 315
8 321
8 335
8 340
8 368
8 378
8 385
8 387
8 397
8 398
8 418
8 431
8 433
8 437
8 439
8 462
8 465
8 477
8 494
8 510
8 513
8 516
8 529
8 543
8 564
8 594
8 602
8 608
8 640
8 684
8 700
8 710
8 712
8 716
8 738
8 751
8 756
8 797
8 807
8 830
8 864
8 867
8 870
8 877
8 899
8 925
8 940
8 950
8 973
8 993
9 10
9 11
9 12
9 14
9 20
9 21
9 28
9 29
9 31
9 43
9 44
9 51
9 55
9 74
9 78
9 90
9 100
9 108
9 112
9 132
9 152
9 153
9 161
9 167
9 177
9 179
9 213
9 234
9 244
9 264
9 280
9 300
9 338
9 339
9 360
9 365
9 395
9 411
9 422
9 450
9 465
9 470
9 475
9 487
9 495
9 575
9 579
9 581
9 596
9 604
9 660
9 667
9 713
9 736
9 745
9 771
9 780
9 801
9 856
9 874
9 928
9 961
9 1006
9 1016
10 11
10 12
10 13
10 14
10 15
10 16
10 17
10 18
10 19
10 21
10 22
10 23
10 25
10 31
10 33
10 37
10 38
10 39
10 40
10 41
10 43
10 44
10 46
10 47
10 53
10 66
10 70
10 75
10 81
10 84
10 94
10 104
10 107
10 109
10 110
10 118
10 121
10 135
10 143
10 146
10 149
10 151
10 153
10 157
10 161
10 165
10 172
10 175
10 177
10 186
10 191
10 198
10 200
10 205
10 218
10 219
10 223
10 229
10 232
10 240
10 250
10 255
10 268
10 295
10 296
10 298
10 320
10 324
10 344
10 347
10 359
10 360
10 381
10 394
10 396
10 399
10 408
10 414
10 417
10 421
10 422
10 447
10 473
10 474
10 510
10 526
10 542
10 548
10 572
10 580
10 582
10 595
10 603
10 607
10 627
10 630
10 685
10 691
10 714
10 723
10 724
10 739
10 743
10 745
10 756
10 778
10 793
10 803
10 807
10 810
10 816
10 823
10 842
10 865
10 866
10 869
10 871
10 906
10 908
10 909
10 916
10 917
10 918
10 921
10 926
10 934
10 960
10 980
10 985
10 989
10 1003
10 1009
10 1011
10 1012
11 12
11 13
11 14
11 15
11 16
11 18
11 21
11 23
11 25
11 26
11 30
11 33
11 38
11 40
11 42
11 44
11 47
11 56
11 61
11 64
11 68
11 72
11 79
11 90
11 91
11 127
11 128
11 144
11 156
11 157
11 158
11 160
11 173
11 189
11 193
11 197
11 199
11 210
11 218
11 220
11 226
11 233
11 243
11 265
11 267
11 277
11 278
11 291
11 297
11 302
11 316
11 326
11 330
11 340
11 349
11 383
11 397
11 400
11 418
11 433
11 451
11 455
11 465
11 467
11 511
11 518
11 527
11 547
11 559
11 575
11 591
11 592
11 631
11 644
11 649
11 658
11 672
11 675
11 676
11 678
11 687
11 699
11 738
11 792
11 801
11 809
11 813
11 840
11 849
11 854
11 868
11 955
11 957
11 964
11 974
11 997
11 999
11 1003
11 1017
12 14
12 15
12 17
12 19
12 21
12 28
12 29
12 30
12 33
12 41
12 46
12 62
12 102
12 104
12 111
12 112
12 113
12 131
12 132
12 138
12 152
12 155
12 173
12 175
12 185
12 211
12 220
12 229
12 237
12 240
12 257
12 268
12 293
12 297
12 312
12 357
12 358
12 360
12 379
12 397
12 399
12 401
12 406
12 423
12 428
12 435
12 472
12 476
12 489
12 505
12 533
12 543
12 578
12 592
12 636
12 643
12 655
12 660
12 684
12 721
12 722
12 740
12 759
12 766
12 784
12 828
12 844
12 927
12 958
12 975
12 983
12 1009
12 1017
13 14
13 15
13 16
13 18
13 19
13 23
13 27
13 28
13 30
13 31
13 37
13 39
13 45
13 50
13 51
13 52
13 55
13 58
13 59
13 60
13 61
13 65
13 66
13 67
13 70
13 72
13 77
13 87
13 91
13 97
13 104
13 105
13 109
13 123
13 126
13 127
13 136
13 137
13 145
13 162
13 165
13 172
13 186
13 206
13 209
13 213
13 218
13 219
13 230
13 238
13 247
13 249
13 254
13 260
13 263
13 265
13 266
13 275
13 282
13 286
13 294
13 312
13 316
13 317
13 320
13 322
13 354
13 372
13 374
13 390
13 402
13 414
13 438
13 446
13 449
13 461
13 489
13 500
13 506
13 521
13 526
13 527
13 530
13 539
13 544
13 565
13 570
13 577
13 579
13 581
13 587
13 601
13 604
13 609
13 624
13 670
13 678
13 707
13 722
13 737
13 758
13 759
13 776
13 778
13 787
13 809
13 810
13 811
13 819
13 832
13 834
13 837
13 846
13 857
13 864
13 880
13 885
13 937
13 954
13 1010
13 1012
14 15
14 18
14 19
14 20
14 27
14 29
14 34
14 35
14 39
14 40
14 43
14 45
14 49
14 52
14 57
14 60
14 69
14 75
14 78
14 91
14 94
14 99
14 108
14 109
14 112
14 113
14 117
14 129
14 132
14 135
14 136
14 142
14 155
14 161
14 181
14 183
14 186
14 188
14 192
14 208
14 223
14 242
14 243
14 248
14 252
14 253
14 277
14 281
14 293
14 312
14 317
14 335
14 338
14 339
14 354
14 361
14 364
14 375
14 408
14 409
14 433
14 482
14 486
14 489
14 490
14 512
14 514
14 518
14 525
14 528
14 530
14 545
14 551
14 579
14 590
14 595
14 635
14 657
14 671
14 675
14 714
14 733
14 760
14 761
14 781
14 786
14 801
14 811
14 814
14 822
14 839
14 874
14 916
14 926
14 984
14 986
14 995
15 16
15 17
15 20
15 21
15 29
15 31
15 32
15 34
15 36
15 37
15 40
15 57
15 59
15 62
15 68
15 72
15 75
15 76
15 82
15 86
15 89
15 96
15 102
15 107
15 111
15 116
15 117
15 122
15 127
15 139
15 147
15 151
15 162
15 167
15 181
15 183
15 206
15 207
15 209
15 216
15 226
15 227
15 228
15 232
15 247
15 273
15 274
15 276
15 294
15 312
15 314
15 319
15 330
15 335
15 345
15 359
15 364
15 376
15 393
15 406
15 418
15 420
15 447
15 451
15 469
15 471
15 481
15 484
15 504
15 511
15 512
15 535
15 547
15 554
15 558
15 561
15 607
15 608
15 618
15 649
15 670
15 674
15 677
15 689
15 695
15 703
15 728
15 774
15 800
15 817
15 831
15 834
15 857
15 861
15 871
15 889
15 893
15 898
15 911
15 935
15 936
15 940
15 946
15 958
15 967
15 972
15 991
15 1002
16 21
16 22
16 24
16 25
16 29
16 32
16 34
16 37
16 38
16 48
16 51
16 53
16 54
16 62
16 64
16 72
16 75
16 77
16 80
16 84
16 85
16 108
16 110
16 127
16 160
16 172
16 179
16 184
16 203
16 215
16 233
16 237
16 238
16 246
16 251
16 255
16 264
16 294
16 327
16 350
16 371
16 394
16 423
16 437
16 459
16 494
16 526
16 529
16 553
16 554
16 556
16 566
16 637
16 666
16 688
16 691
16 699
16 733
16 746
16 750
16 798
16 824
16 872
16 925
16 932
16 988
16 996
16 1020
17 18
17 23
17 24
17 32
17 35
17 47
17 49
17 51
17 53
17 55
17 59
17 75
17 82
17 85
17 89
17 100
17 105
17 113
17 120
17 125
17 127
17 136
17 149
17 151
17 171
17 190
17 202
17 203
17 208
17 215
17 248
17 257
17 263
17 271
17 275
17 280
17 286
17 293
17 302
17 315
17 318
17 347
17 377
17 382
17 398
17 404
17 414
17 425
17 480
17 512
17 520
17 557
17 578
17 584
17 612
17 615
17 617
17 624
17 630
17 656
17 658
17 667
17 680
17 685
17 710
17 763
17 797
17 814
17 825
17 899
17 900
17 905
17 930
17 935
17 954
17 966
17 991
17 994
18 21
18 22
18 24
18 26
18 35
18 36
18 41
18 42
18 44
18 46
18 49
18 51
18 52
18 65
18 66
18 70
18 74
18 94
18 95
18 96
18 106
18 111
18 115
18 126
18 132
18 140
18 143
18 145
18 148
18 155
18 163
18 164
18 165
18 169
18 173
18 175
18 182
18 198
18 210
18 245
18 252
18 261
18 265
18 282
18 285
18 296
18 302
18 315
18 320
18 343
18 351
18 366
18 374
18 382
18 385
18 423
18 438
18 453
18 461
18 464
18 473
18 490
18 504
18 518
18 575
18 616
18 617
18 633
18 639
18 642
18 649
18 692
18 707
18 717
18 725
18 732
18 741
18 786
18 801
18 836
18 847
18 868
18 869
18 871
18 896
18 907
18 942
18 952
18 973
18 995
18 1013
19 22
19 26
19 30
19 31
19 38
19 43
19 46
19 48
19 50
19 64
19 73
19 74
19 82
19 97
19 119
19 132
19 138
19 141
19 158
19 162
19 166
19 182
19 188
19 189
19 193
19 194
19 197
19 213
19 223
19 228
19 232
19 242
19 244
19 252
19 272
19 274
19 275
19 286
19 296
19 297
19 314
19 335
19 355
19 356
19 375
19 386
19 389
19 394
19 405
19 412
19 451
19 463
19 466
19 477
19 494
19 503
19 516
19 521
19 524
19 526
19 539
19 549
19 565
19 570
19 572
19 647
19 656
19 682
19 684
19 689
19 692
19 697
19 702
19 705
19 708
19 730
19 739
19 754
19 755
19 778
19 782
19 825
19 832
19 858
19 861
19 864
19 878
19 902
19 910
19 934
19 976
19 979
20 24
20 25
20 28
20 30
20 40
20 41
20 44
20 48
20 49
20 52
20 57
20 62
20 69
20 73
20 76
20 77
20 78
20 82
20 89
20 93
20 110
20 112
20 114
20 129
20 130
20 134
20 139
20 147
20 156
20 167
20 177
20 180
20 191
20 202
20 207
20 214
20 224
20 227
20 232
20 241
20 255
20 287
20 304
20 322
20 337
20 345
20 377
20 382
20 393
20 413
20 417
20 419
20 430
20 454
20 481
20 485
20 525
20 542
20 546
20 566
20 572
20 586
20 603
20 610
20 627
20 645
20 647
20 648
20 663
20 721
20 725
20 787
20 804
20 808
20 846
20 861
20 883
20 956
20 966
20 976
20 981
20 998
21 24
21 26
21 29
21 31
21 33
21 48
21 62
21 63
21 67
21 69
21 86
21 88
21 91
21 104
21 111
21 124
21 129
21 136
21 137
21 154
21 162
21 170
21 174
21 176
21 183
21 201
21 206
21 238
21 251
21 267
21 349
21 379
21 384
21 387
21 395
21 399
21 408
21 428
21 435
21 436
21 445
21 470
21 473
21 477
21 481
21 483
21 505
21 544
21 604
21 623
21 653
21 661
21 678
21 687
21 701
21 766
21 770
21 794
21 923
21 932
21 948
21 967
21 986
21 993
21 1023
22 23
22 24
22 25
22 26
22 27
22 28
22 33
22 34
22 35
22 37
22 54
22 55
22 59
22 70
22 71
22 74
22 76
22 84
22 100
22 103
22 105
22 113
22 116
22 119
22 122
22 123
22 176
22 209
22 219
22 234
22 254
22 269
22 282
22 288
22 320
22 328
22 335
22 342
22 351
22 378
22 392
22 431
22 442
22 450
22 468
22 488
22 496
22 517
22 528
22 530
22 541
22 545
22 568
22 571
22 602
22 628
22 635
22 638
22 654
22 657
22 685
22 700
22 753
22 754
22 783
22 798
22 802
22 803
22 807
22 824
22 828
22 832
22 865
22 928
22 957
22 992
23 24
23 25
23 32
23 34
23 39
23 42
23 47
23 49
23 55
23 70
23 86
23 90
23 92
23 98
23 101
23 104
23 113
23 114
23 119
23 128
23 139
23 148
23 151
23 154
23 159
23 171
23 172
23 182
23 194
23 196
23 210
23 216
23 219
23 227
23 231
23 243
23 245
23 249
23 256
23 265
23 304
23 307
23 350
23 403
23 440
23 445
23 462
23 470
23 484
23 522
23 578
23 598
23 609
23 638
23 664
23 675
23 704
23 706
23 833
23 839
23 850
23 854
23 889
23 913
23 919
23 933
23 993
24 26
24 29
24 33
24 37
24 42
24 43
24 45
24 59
24 72
24 81
24 93
24 105
24 108
24 124
24 127
24 131
24 145
24 148
24 154
24 162
24 171
24 173
24 185
24 201
24 207
24 212
24 271
24 303
24 310
24 317
24 322
24 326
24 330
24 333
24 335
24 360
24 370
24 371
24 397
24 412
24 427
24 443
24 447
24 455
24 463
24 471
24 472
24 495
24 517
24 523
24 536
24 539
24 546
24 574
24 586
24 598
24 607
24 612
24 633
24 661
24 678
24 711
24 770
24 776
24 791
24 826
24 831
24 839
24 843
24 844
24 855
24 871
24 894
24 919
24 921
24 1006
24 1010
25 32
25 39
25 40
25 42
25 43
25 49
25 52
25 68
25 74
25 76
25 77
25 80
25 81
25 83
25 99
25 130
25 136
25 146
25 156
25 158
25 174
25 176
25 180
25 193
25 200
25 208
25 212
25 214
25 232
25 237
25 240
25 257
25 258
25 308
25 318
25 330
25 340
25 389
25 397
25 465
25 478
25 492
25 504
25 560
25 566
25 568
25 574
25 575
25 629
25 676
25 690
25 696
25 743
25 773
25 800
25 811
25 812
25 820
25 899
25 914
25 969
25 1017
26 28
26 29
26 32
26 33
26 35
26 41
26 50
26 54
26 63
26 65
26 66
26 71
26 81
26 91
26 92
26 98
26 109
26 120
26 182
26 202
26 206
26 225
26 246
26 280
26 287
26 292
26 293
26 295
26 298
26 307
26 355
26 365
26 370
26 374
26 376
26 379
26 443
26 466
26 486
26 541
26 594
26 625
26 642
26 652
26 654
26 667
26 683
26 691
26 716
26 744
26 754
26 764
26 781
26 791
26 792
26 814
26 826
26 841
26 910
26 947
26 972
26 977
27 34
27 37
27 39
27 47
27 53
27 55
27 71
27 83
27 89
27 111
27 138
27 140
27 141
27 155
27 159
27 172
27 180
27 184
27 190
27 208
27 210
27 223
27 254
27 257
27 259
27 261
27 281
27 295
27 300
27 323
27 331
27 333
27 407
27 412
27 421
27 427
27 441
27 442
27 462
27 487
27 518
27 539
27 555
27 559
27 563
27 577
27 584
27 586
27 601
27 615
27 618
27 621
27 629
27 678
27 684
27 726
27 739
27 740
27 749
27 766
27 769
27 790
27 806
27 933
27 1009
28 42
28 45
28 51
28 52
28 79
28 81
28 103
28 119
28 209
28 214
28 273
28 288
28 291
28 328
28 414
28 432
28 468
28 470
28 549
28 587
28 594
28 689
28 699
28 726
28 734
28 747
28 810
28 830
28 831
28 873
28 943
28 982
28 1014
29 30
29 32
29 33
29 35
29 40
29 48
29 53
29 63
29 67
29 75
29 76
29 79
29 86
29 115
29 125
29 128
29 134
29 144
29 168
29 196
29 197
29 200
29 225
29 229
29 230
29 231
29 239
29 249
29 261
29 263
29 282
29 286
29 289
29 320
29 323
29 332
29 342
29 411
29 429
29 450
29 455
29 461
29 493
29 505
29 513
29 525
29 544
29 553
29 558
29 567
29 582
29 597
29 603
29 637
29 642
29 643
29 663
29 666
29 684
29 694
29 695
29 711
29 749
29 789
29 791
29 792
29 805
29 817
29 871
29 883
29 898
29 903
29 909
29 911
29 934
29 947
29 955
29 977
29 987
29 992
29 1000
30 32
30 36
30 44
30 46
30 50
30 51
30 58
30 65
30 66
30 67
30 70
30 71
30 73
30 83
30 88
30 96
30 98
30 119
30 137
30 141
30 144
30 170
30 182
30 193
30 210
30 216
30 221
30 222
30 233
30 237
30 255
30 273
30 283
30 313
30 318
30 323
30 396
30 412
30 439
30 466
30 523
30 543
30 550
30 581
30 665
30 779
30 793
30 830
30 840
30 874
30 941
30 995
30 1015
31 34
31 35
31 42
31 61
31 62
31 63
31 75
31 76
31 84
31 91
31 102
31 103
31 145
31 152
31 173
31 185
31 187
31 198
31 215
31 227
31 252
31 254
31 262
31 273
31 286
31 292
31 302
31 343
31 372
31 401
31 408
31 425
31 462
31 485
31 505
31 516
31 546
31 580
31 626
31 627
31 636
31 724
31 760
31 764
31 768
31 794
31 834
31 835
31 836
31 871
31 887
31 916
31 944
31 958
31 976
32 34
32 43
32 46
32 56
32 57
32 113
32 116
32 129
32 168
32 174
32 178
32 187
32 203
32 204
32 231
32 251
32 278
32 296
32 309
32 314
32 335
32 338
32 389
32 441
32 455
32 536
32 554
32 566
32 676
32 830
32 847
32 848
32 873
32 925
32 963
32 991
32 1020
33 36
33 42
33 44
33 49
33 55
33 66
33 78
33 85
33 87
33 90
33 108
33 120
33 146
33 153
33 170
33 171
33 176
33 187
33 189
33 219
33 223
33 230
33 250
33 255
33 257
33 266
33 269
33 277
33 287
33 303
33 305
33 325
33 341
33 368
33 379
33 393
33 415
33 498
33 549
33 556
33 602
33 677
33 773
33 831
33 832
33 845
33 853
33 881
33 886
33 890
33 914
33 948
33 1003
33 1015
34 35
34 58
34 64
34 69
34 71
34 72
34 100
34 106
34 121
34 125
34 128
34 129
34 137
34 138
34 140
34 145
34 162
34 165
34 168
34 178
34 198
34 216
34 221
34 236
34 245
34 248
34 262
34 263
34 265
34 275
34 276
34 284
34 288
34 311
34 322
34 340
34 344
34 350
34 360
34 376
34 387
34 407
34 408
34 435
34 442
34 454
34 460
34 482
34 516
34 547
34 560
34 564
34 590
34 597
34 607
34 610
34 647
34 675
34 698
34 741
34 742
34 755
34 772
34 775
34 791
34 792
34 829
34 834
34 835
34 836
34 838
34 877
34 892
34 896
34 937
34 953
34 970
34 980
35 36
35 37
35 56
35 58
35 61
35 69
35 81
35 94
35 101
35 114
35 122
35 126
35 167
35 184
35 198
35 204
35 222
35 241
35 260
35 263
35 268
35 283
35 285
35 302
35 309
35 327
35 336
35 341
35 343
35 344
35 355
35 405
35 414
35 439
35 447
35 459
35 473
35 484
35 486
35 489
35 524
35 528
35 584
35 612
35 626
35 649
35 677
35 727
35 744
35 758
35 772
35 775
35 782
35 807
35 817
35 938
35 970
36 38
36 41
36 56
36 63
36 64
36 66
36 125
36 179
36 188
36 249
36 264
36 267
36 271
36 321
36 477
36 495
36 521
36 527
36 606
36 622
36 648
36 707
36 719
36 726
36 736
36 746
36 753
36 876
36 897
36 929
36 961
36 1011
37 38
37 41
37 47
37 50
37 54
37 62
37 63
37 66
37 68
37 78
37 81
37 87
37 89
37 90
37 99
37 100
37 115
37 119
37 123
37 134
37 147
37 151
37 179
37 180
37 183
37 192
37 203
37 212
37 226
37 238
37 239
37 251
37 268
37 276
37 278
37 285
37 288
37 291
37 313
37 363
37 372
37 376
37 387
37 395
37 403
37 414
37 432
37 451
37 468
37 476
37 480
37 483
37 486
37 511
37 518
37 531
37 578
37 587
37 617
37 631
37 659
37 682
37 691
37 720
37 729
37 741
37 742
37 755
37 776
37 785
37 800
37 808
37 810
37 816
37 837
37 860
37 864
37 887
37 924
37 925
37 930
37 937
37 984
37 994
38 39
38 80
38 88
38 130
38 147
38 149
38 155
38 156
38 159
38 161
38 165
38 192
38 193
38 221
38 233
38 235
38 270
38 284
38 290
38 328
38 333
38 335
38 348
38 428
38 431
38 434
38 443
38 460
38 476
38 482
38 493
38 507
38 550
38 602
38 607
38 620
38 626
38 657
38 731
38 741
38 789
38 840
38 892
38 907
38 987
39 46
39 56
39 60
39 67
39 70
39 74
39 87
39 90
39 92
39 97
39 111
39 113
39 117
39 133
39 138
39 146
39 153
39 188
39 214
39 225
39 255
39 321
39 328
39 330
39 354
39 366
39 381
39 485
39 504
39 511
39 514
39 559
39 576
39 600
39 631
39 646
39 665
39 674
39 700
39 712
39 718
39 726
39 768
39 771
39 835
39 849
39 881
39 908
39 931
39 944
40 56
40 57
40 71
40 82
40 85
40 107
40 110
40 112
40 115
40 121
40 123
40 137
40 146
40 159
40 160
40 166
40 171
40 182
40 196
40 236
40 250
40 258
40 284
40 295
40 307
40 309
40 310
40 317
40 328
40 397
40 422
40 436
40 453
40 474
40 476
40 480
40 484
40 489
40 499
40 529
40 540
40 558
40 588
40 590
40 618
40 668
40 704
40 751
40 778
40 785
40 877
40 913
40 936
40 951
40 1012
40 1021
41 45
41 50
41 72
41 73
41 78
41 80
41 83
41 90
41 96
41 101
41 145
41 148
41 154
41 174
41 184
41 192
41 196
41 204
41 257
41 265
41 270
41 289
41 296
41 310
41 311
41 332
41 344
41 411
41 426
41 448
41 490
41 565
41 582
41 600
41 605
41 631
41 652
41 657
41 785
41 815
41 821
41 832
41 989
42 43
42 47
42 56
42 66
42 75
42 83
42 92
42 105
42 112
42 118
42 119
42 125
42 126
42 147
42 153
42 165
42 168
42 190
42 195
42 208
42 221
42 239
42 250
42 261
42 274
42 296
42 301
42 327
42 331
42 341
42 342
42 346
42 376
42 441
42 454
42 480
42 485
42 508
42 527
42 531
42 545
42 552
42 621
42 643
42 664
42 680
42 688
42 708
42 709
42 710
42 713
42 717
42 771
42 797
42 918
42 947
43 55
43 73
43 84
43 93
43 101
43 108
43 118
43 129
43 141
43 143
43 174
43 184
43 202
43 204
43 210
43 217
43 230
43 243
43 263
43 285
43 298
43 324
43 334
43 338
43 339
43 348
43 367
43 381
43 384
43 445
43 457
43 463
43 475
43 506
43 556
43 622
43 636
43 662
43 673
43 709
43 714
43 721
43 735
43 737
43 750
43 756
43 761
43 800
43 827
43 842
43 912
43 919
43 938
43 967
43 978
43 1005
44 48
44 58
44 77
44 104
44 116
44 148
44 150
44 166
44 167
44 182
44 216
44 248
44 270
44 276
44 312
44 358
44 366
44 367
44 395
44 437
44 442
44 473
44 476
44 501
44 532
44 564
44 568
44 622
44 630
44 647
44 685
44 831
44 835
44 926
44 946
44 985
44 1004
44 1006
45 58
45 68
45 83
45 84
45 94
45 97
45 100
45 102
45 115
45 129
45 154
45 156
45 193
45 222
45 223
45 229
45 232
45 253
45 258
45 273
45 277
45 283
45 285
45 289
45 298
45 304
45 313
45 345
45 353
45 361
45 429
45 433
45 464
45 522
45 525
45 532
45 533
45 572
45 579
45 591
45 617
45 640
45 686
45 710
45 732
45 760
45 766
45 789
45 801
45 814
45 821
45 856
45 863
45 865
45 875
45 880
45 899
45 909
45 910
45 912
45 973
45 989
45 990
45 993
46 52
46 56
46 57
46 71
46 82
46 86
46 90
46 91
46 97
46 102
46 107
46 117
46 122
46 123
46 136
46 145
46 150
46 159
46 179
46 186
46 229
46 234
46 266
46 308
46 309
46 338
46 341
46 353
46 372
46 379
46 408
46 412
46 474
46 477
46 520
46 526
46 530
46 537
46 542
46 560
46 562
46 596
46 616
46 646
46 670
46 672
46 694
46 702
46 725
46 726
46 765
46 777
46 782
46 786
46 797
46 850
46 911
46 913
46 939
46 970
46 975
46 1001
47 48
47 54
47 57
47 59
47 74
47 84
47 88
47 91
47 101
47 105
47 108
47 121
47 122
47 134
47 170
47 206
47 217
47 272
47 287
47 307
47 323
47 346
47 354
47 460
47 632
47 637
47 649
47 668
47 762
47 793
47 812
47 839
47 930
48 51
48 59
48 62
48 66
48 67
48 68
48 77
48 79
48 80
48 88
48 96
48 106
48 119
48 124
48 139
48 152
48 185
48 213
48 225
48 228
48 285
48 334
48 336
48 342
48 380
48 398
48 402
48 403
48 415
48 416
48 428
48 454
48 468
48 491
48 495
48 513
48 527
48 534
48 539
48 569
48 573
48 589
48 615
48 619
48 623
48 625
48 628
48 751
48 752
48 776
48 783
48 796
48 841
48 891
48 924
48 950
48 953
48 971
48 984
49 50
49 85
49 106
49 130
49 141
49 143
49 144
49 156
49 169
49 171
49 190
49 203
49 292
49 303
49 428
49 524
49 525
49 551
49 585
49 588
49 611
49 638
49 653
49 730
49 765
49 979
50 52
50 95
50 115
50 153
50 190
50 210
50 378
50 402
50 411
50 417
50 431
50 571
50 574
50 611
50 625
50 704
50 927
50 947
51 64
51 77
51 137
51 142
51 145
51 148
51 165
51 188
51 191
51 207
51 241
51 244
51 281
51 316
51 384
51 437
51 458
51 467
51 478
51 480
51 484
51 519
51 533
51 561
51 565
51 570
51 573
51 581
51 655
51 660
51 662
51 733
51 746
51 803
51 828
51 841
51 850
51 851
51 878
51 885
51 948
52 53
52 54
52 55
52 64
52 94
52 95
52 112
52 125
52 142
52 149
52 156
52 160
52 168
52 213
52 227
52 231
52 300
52 307
52 308
52 315
52 334
52 342
52 385
52 396
52 431
52 436
52 446
52 467
52 469
52 589
52 644
52 667
52 688
52 690
52 691
52 697
52 813
52 905
52 928
52 954
52 965
53 96
53 152
53 157
53 171
53 358
53 383
53 415
53 479
53 497
53 541
53 709
53 776
53 905
53 914
53 923
54 65
54 87
54 93
54 95
54 102
54 123
54 133
54 158
54 166
54 197
54 300
54 324
54 351
54 372
54 422
54 459
54 564
54 569
54 639
54 656
54 724
54 780
54 847
54 927
55 57
55 73
55 80
55 83
55 96
55 102
55 121
55 150
55 191
55 222
55 231
55 256
55 261
55 266
55 281
55 305
55 356
55 357
55 384
55 409
55 466
55 481
55 516
55 539
55 611
55 623
55 646
55 678
55 724
55 761
55 802
55 833
55 837
55 841
55 849
55 1013
56 79
56 83
56 84
56 85
56 96
56 178
56 192
56 211
56 351
56 358
56 382
56 522
56 556
56 617
56 655
56 758
56 827
56 1008
57 58
57 60
57 61
57 68
57 87
57 89
57 92
57 116
57 133
57 139
57 177
57 226
57 269
57 279
57 369
57 377
57 380
57 388
57 426
57 456
57 529
57 608
57 638
57 673
57 873
57 887
57 959
57 979
58 79
58 88
58 89
58 92
58 93
58 104
58 108
58 160
58 233
58 253
58 301
58 422
58 459
58 508
58 570
58 598
58 664
58 823
58 889
58 956
58 957
59 63
59 70
59 71
59 103
59 123
59 140
59 169
59 185
59 200
59 291
59 309
59 364
59 379
59 405
59 461
59 514
59 527
59 562
59 563
59 574
59 649
59 664
59 691
59 723
59 736
59 767
59 768
59 856
59 965
59 978
60 99
60 122
60 135
60 147
60 170
60 199
60 207
60 211
60 229
60 242
60 283
60 348
60 371
60 382
60 386
60 391
60 400
60 402
60 450
60 475
60 670
60 698
60 703
60 775
60 815
60 830
60 834
60 850
60 855
60 926
61 82
61 91
61 105
61 109
61 127
61 135
61 137
61 203
61 256
61 377
61 414
61 419
61 486
61 610
61 664
61 686
61 695
61 745
61 859
61 961
62 65
62 67
62 71
62 78
62 88
62 157
62 194
62 199
62 208
62 252
62 258
62 278
62 310
62 338
62 383
62 394
62 405
62 415
62 423
62 427
62 458
62 472
62 485
62 500
62 507
62 518
62 520
62 521
62 527
62 537
62 549
62 582
62 595
62 676
62 705
62 781
62 841
63 67
63 70
63 72
63 75
63 84
63 102
63 120
63 123
63 124
63 125
63 133
63 142
63 147
63 153
63 183
63 185
63 280
63 298
63 303
63 320
63 333
63 352
63 361
63 373
63 419
63 425
63 453
63 490
63 495
63 520
63 531
63 545
63 594
63 728
63 733
63 755
63 792
63 823
63 873
63 907
64 69
64 94
64 111
64 122
64 127
64 140
64 157
64 171
64 177
64 196
64 235
64 252
64 309
64 366
64 369
64 386
64 388
64 400
64 401
64 421
64 450
64 469
64 536
64 589
64 605
64 613
64 636
64 716
64 722
64 750
64 811
64 820
64 838
64 861
64 919
64 923
64 996
65 73
65 99
65 100
65 101
65 107
65 121
65 129
65 151
65 161
65 163
65 166
65 212
65 215
65 232
65 279
65 344
65 359
65 371
65 379
65 388
65 390
65 398
65 429
65 438
65 441
65 458
65 471
65 473
65 490
65 493
65 497
65 501
65 510
65 517
65 626
65 628
65 652
65 689
65 696
65 723
65 742
65 762
65 776
65 779
65 787
65 806
65 818
65 951
65 1003
66 130
66 134
66 145
66 156
66 201
66 260
66 281
66 306
66 396
66 429
66 485
66 516
66 547
66 616
66 768
66 769
66 863
66 897
66 943
66 959
67 69
67 112
67 132
67 181
67 183
67 214
67 217
67 228
67 284
67 380
67 392
67 461
67 630
67 669
67 675
67 724
67 856
67 994
67 1012
68 72
68 74
68 97
68 106
68 126
68 129
68 133
68 180
68 181
68 182
68 192
68 198
68 199
68 250
68 257
68 266
68 337
68 375
68 378
68 404
68 416
68 456
68 554
68 587
68 604
68 624
68 679
68 699
68 701
68 793
68 861
68 878
68 897
68 931
68 980
68 986
68 988
69 114
69 124
69 126
69 174
69 204
69 216
69 236
69 246
69 250
69 279
69 287
69 513
69 575
69 576
69 578
69 694
69 751
69 882
69 897
69 911
69 975
69 1001
69 1002
70 81
70 118
70 132
70 158
70 240
70 253
70 299
70 301
70 367
70 373
70 374
70 479
70 499
70 515
70 553
70 562
70 573
70 628
70 767
70 847
70 859
70 876
70 938
71 98
71 105
71 109
71 112
71 128
71 131
71 134
71 155
71 157
71 205
71 244
71 245
71 247
71 264
71 267
71 284
71 301
71 306
71 311
71 326
71 360
71 363
71 422
71 423
71 446
71 471
71 498
71 512
71 614
71 644
71 653
71 680
71 856
71 868
71 904
71 933
71 940
71 993
72 76
72 81
72 83
72 91
72 101
72 117
72 118
72 165
72 187
72 194
72 196
72 197
72 213
72 226
72 233
72 234
72 241
72 259
72 269
72 273
72 276
72 279
72 285
72 300
72 367
72 369
72 394
72 405
72 419
72 472
72 475
72 509
72 538
72 540
72 546
72 633
72 640
72 657
72 680
72 703
72 734
72 784
72 806
72 830
72 848
72 940
72 974
72 980
72 994
73 77
73 86
73 111
73 181
73 209
73 281
73 341
73 382
73 436
73 476
73 504
73 620
73 622
73 677
73 860
73 880
73 929
74 77
74 103
74 124
74 147
74 173
74 206
74 209
74 244
74 245
74 261
74 286
74 293
74 492
74 581
74 608
74 614
74 731
74 734
74 761
74 764
74 809
74 949
74 982
74 1000
74 1017
75 95
75 103
75 117
75 152
75 244
75 293
75 296
75 320
75 336
75 357
75 373
75 421
75 456
75 663
75 664
75 691
75 788
75 817
75 881
75 909
76 78
76 97
76 110
76 150
76 157
76 166
76 175
76 214
76 218
76 230
76 258
76 298
76 326
76 330
76 331
76 348
76 373
76 381
76 390
76 452
76 459
76 552
76 569
76 580
76 599
76 635
76 636
76 684
76 738
76 741
76 886
76 960
76 994
76 1004
76 1005
77 93
77 103
77 120
77 131
77 138
77 140
77 143
77 157
77 201
77 222
77 234
77 288
77 289
77 324
77 364
77 383
77 433
77 448
77 455
77 467
77 511
77 549
77 623
77 691
77 707
77 827
77 843
77 889
77 963
78 82
78 85
78 86
78 87
78 107
78 117
78 141
78 164
78 176
78 184
78 190
78 209
78 231
78 251
78 268
78 282
78 288
78 300
78 309
78 329
78 331
78 366
78 367
78 428
78 437
78 440
78 498
78 564
78 658
78 741
78 797
78 817
78 909
78 934
78 973
79 95
79 140
79 150
79 151
79 184
79 195
79 197
79 220
79 269
79 367
79 395
79 403
79 458
79 513
79 536
79 703
79 778
79 836
79 862
80 102
80 113
80 135
80 149
80 164
80 224
80 290
80 348
80 425
80 586
80 606
80 639
80 664
80 683
80 716
80 843
80 913
80 963
81 93
81 95
81 120
81 136
81 140
81 164
81 177
81 204
81 205
81 229
81 310
81 320
81 345
81 358
81 363
81 417
81 588
81 611
81 688
81 826
82 122
82 167
82 248
82 320
82 327
82 329
82 351
82 373
82 438
82 439
82 489
82 506
82 597
82 607
82 678
82 718
82 768
82 987
83 85
83 116
83 125
83 143
83 241
83 266
83 308
83 370
83 449
83 490
83 508
83 554
83 684
83 755
83 791
83 891
83 915
83 965
84 107
84 112
84 134
84 152
84 210
84 215
84 282
84 292
84 322
84 343
84 374
84 375
84 444
84 457
84 468
84 469
84 475
84 488
84 496
84 501
84 507
84 515
84 522
84 533
84 618
84 631
84 642
84 650
84 665
84 696
84 718
84 770
84 831
84 854
84 883
84 888
84 923
84 927
84 943
84 976
84 1016
85 102
85 107
85 114
85 141
85 151
85 188
85 202
85 321
85 328
85 478
85 479
85 503
85 648
85 651
85 679
85 839
85 891
85 943
85 957
85 977
86 106
86 134
86 139
86 191
86 206
86 256
86 265
86 278
86 361
86 394
86 435
86 492
86 531
86 757
86 809
86 844
86 937
86 1016
87 108
87 121
87 144
87 176
87 178
87 192
87 215
87 237
87 285
87 290
87 296
87 316
87 356
87 362
87 373
87 492
87 543
87 566
87 588
87 784
87 828
87 888
87 948
87 961
87 971
87 975
87 983
88 116
88 123
88 172
88 191
88 201
88 208
88 214
88 261
88 264
88 265
88 303
88 330
88 346
88 369
88 370
88 388
88 428
88 432
88 438
88 487
88 497
88 634
88 646
88 658
88 698
88 749
88 819
88 906
88 977
89 109
89 118
89 121
89 130
89 134
89 135
89 142
89 168
89 180
89 243
89 248
89 380
89 418
89 450
89 495
89 501
89 518
89 533
89 652
89 697
89 711
89 715
89 736
89 994
90 93
90 95
90 117
90 129
90 139
90 154
90 196
90 235
90 269
90 271
90 302
90 348
90 353
90 395
90 410
90 423
90 496
90 560
90 643
90 663
90 705
90 719
90 765
90 818
90 958
90 1019
90 1023
91 100
91 115
91 132
91 212
91 237
91 454
91 556
91 865
91 869
92 132
92 138
92 153
92 176
92 178
92 196
92 220
92 243
92 250
92 276
92 313
92 315
92 319
92 332
92 365
92 477
92 492
92 700
92 757
92 803
92 838
92 844
92 867
92 885
92 942
92 988
92 1009
93 98
93 165
93 178
93 234
93 317
93 490
93 541
93 583
93 650
93 729
93 879
93 895
94 98
94 180
94 188
94 345
94 365
94 387
94 398
94 439
94 536
94 635
94 682
94 739
94 777
94 801
94 870
95 114
95 122
95 211
95 236
95 247
95 259
95 321
95 332
95 334
95 410
95 424
95 528
95 563
95 568
95 599
95 653
95 671
95 699
95 732
95 735
95 745
95 835
95 910
96 97
96 103
96 172
96 190
96 195
96 216
96 227
96 247
96 298
96 350
96 359
96 383
96 388
96 471
96 515
96 547
96 594
96 598
96 611
96 614
96 720
96 807
96 849
96 901
96 928
96 993
97 101
97 109
97 126
97 166
97 172
97 199
97 213
97 258
97 267
97 281
97 305
97 321
97 349
97 363
97 391
97 449
97 500
97 501
97 540
97 629
97 632
97 640
97 648
97 683
97 748
97 774
97 799
98 99
98 111
98 133
98 141
98 157
98 158
98 178
98 187
98 189
98 194
98 241
98 272
98 291
98 304
98 310
98 319
98 336
98 363
98 365
98 396
98 473
98 525
98 529
98 560
98 595
98 627
98 638
98 642
98 674
98 777
98 819
98 835
98 859
98 918
98 945
99 115
99 135
99 158
99 166
99 230
99 244
99 254
99 267
99 311
99 324
99 329
99 337
99 367
99 380
99 424
99 494
99 524
99 537
99 583
99 584
99 588
99 613
99 630
99 655
99 669
99 680
99 706
99 822
99 887
99 895
99 976
99 994
100 101
100 115
100 131
100 140
100 143
100 179
100 197
100 236
100 239
100 292
100 300
100 311
100 370
100 375
100 399
100 508
100 522
100 586
100 634
100 686
100 697
100 819
100 960
101 103
101 114
101 124
101 136
101 193
101 207
101 219
101 225
101 239
101 280
101 303
101 424
101 447
101 492
101 518
101 521
101 564
101 591
101 693
101 772
101 804
101 850
101 853
101 955
101 976
101 1010
101 1019
102 137
102 149
102 181
102 214
102 217
102 319
102 424
102 497
102 624
102 712
102 741
103 110
103 122
103 123
103 159
103 161
103 173
103 195
103 254
103 270
103 295
103 339
103 356
103 359
103 460
103 463
103 474
103 492
103 517
103 547
103 548
103 634
103 636
103 647
103 681
103 703
103 713
103 747
103 753
103 762
103 802
103 864
103 866
103 894
103 899
103 921
103 926
103 929
103 980
103 996
103 999
104 106
104 107
104 154
104 163
104 179
104 205
104 300
104 335
104 451
104 539
104 546
104 634
104 827
104 849
104 890
104 902
104 969
105 164
105 180
105 212
105 271
105 287
105 318
105 434
105 747
105 799
105 894
105 946
106 109
106 130
106 144
106 189
106 215
106 239
106 253
106 268
106 407
106 487
106 553
106 571
106 589
106 613
106 958
106 977
106 993
107 150
107 163
107 256
107 271
107 283
107 319
107 424
107 455
107 472
107 484
107 540
107 576
107 587
107 616
107 712
107 842
107 873
107 905
107 958
108 125
108 149
108 155
108 171
108 178
108 194
108 211
108 219
108 221
108 227
108 313
108 353
108 365
108 372
108 424
108 434
108 649
108 740
108 758
108 759
108 790
108 809
108 847
108 849
108 855
108 904
108 998
109 147
109 169
109 170
109 354
109 538
109 552
109 936
109 941
109 990
110 148
110 189
110 236
110 237
110 253
110 259
110 305
110 394
110 396
110 457
110 464
110 488
110 560
110 621
110 644
110 742
110 789
110 794
110 843
110 847
110 863
110 881
110 904
110 911
110 1011
111 128
111 163
111 184
111 202
111 254
111 329
111 337
111 393
111 404
111 455
111 600
111 698
111 806
111 869
111 914
111 939
111 1018
112 148
112 160
112 214
112 274
112 325
112 345
112 346
112 348
112 420
112 460
112 496
112 593
112 595
112 785
113 115
113 174
113 187
113 226
113 270
113 279
113 286
113 409
113 708
113 781
113 798
113 821
113 875
113 995
114 126
114 274
114 381
114 417
114 436
114 478
114 656
114 689
114 851
114 878
114 903
114 933
114 972
114 978
114 981
115 186
115 189
115 281
115 345
115 403
115 413
115 473
115 573
115 601
115 759
115 923
115 965
115 974
116 119
116 167
116 168
116 170
116 183
116 216
116 220
116 233
116 235
116 251
116 379
116 390
116 392
116 401
116 404
116 555
116 563
116 579
116 621
116 695
116 737
116 898
116 912
116 922
116 958
116 986
117 128
117 166
117 242
117 251
117 265
117 278
117 299
117 311
117 342
117 364
117 380
117 500
117 536
117 538
117 544
117 562
117 570
117 591
117 593
117 679
117 745
117 862
117 926
117 927
117 947
117 974
117 991
117 1003
118 138
118 203
118 219
118 222
118 284
118 344
118 376
118 417
118 418
118 445
118 483
118 517
118 698
118 758
118 766
118 833
118 880
118 933
118 959
118 1022
119 130
119 163
119 185
119 205
119 225
119 303
119 308
119 313
119 326
119 421
119 426
119 440
119 455
119 535
119 572
119 599
119 662
119 676
119 879
120 172
120 202
120 248
120 340
120 343
120 407
120 574
120 686
120 965
120 974
121 128
121 445
121 545
121 581
121 586
121 589
121 590
121 655
121 701
121 724
121 856
122 131
122 136
122 139
122 140
122 146
122 183
122 302
122 356
122 412
122 569
122 571
122 583
122 585
122 586
122 620
122 668
122 678
122 722
122 921
123 124
123 245
123 257
123 290
123 464
123 546
123 705
123 745
123 918
123 975
124 193
124 234
124 263
124 271
124 308
124 431
124 483
124 532
124 554
124 693
124 704
124 713
124 725
124 837
124 881
124 906
125 135
125 242
125 378
125 653
125 875
126 127
126 139
126 170
126 183
126 199
126 247
126 273
126 286
126 294
126 295
126 343
126 421
126 435
126 449
126 557
126 588
126 591
126 608
126 615
126 929
126 932
126 968
126 1009
127 133
127 137
127 163
127 168
127 177
127 260
127 344
127 440
127 484
127 485
127 502
127 528
127 607
127 632
127 663
127 751
127 949
128 146
128 149
128 188
128 223
128 242
128 275
128 284
128 294
128 493
128 568
128 682
128 702
128 757
128 815
128 820
128 868
129 138
129 152
129 160
129 181
129 198
129 201
129 230
129 250
129 291
129 354
129 372
129 396
129 616
129 676
129 681
129 796
129 897
129 949
130 175
130 224
130 264
130 296
130 313
130 353
130 452
130 542
130 548
130 551
130 575
130 632
130 644
130 656
130 749
130 757
130 798
131 142
131 164
131 221
131 242
131 327
131 358
131 373
131 510
131 686
131 762
131 770
131 796
131 824
131 944
132 166
132 186
132 195
132 201
132 226
132 256
132 280
132 351
132 352
132 355
132 444
132 509
132 569
132 577
132 588
132 603
132 609
132 641
132 675
132 724
132 754
132 756
132 861
132 900
132 952
132 996
132 998
132 1008
132 1021
133 138
133 186
133 238
133 255
133 283
133 385
133 493
133 521
133 746
133 948
134 155
134 189
134 204
134 274
134 331
134 400
134 440
134 474
134 530
134 535
134 536
134 817
134 860
134 874
134 907
134 917
134 1006
135 176
135 327
135 349
135 351
135 368
135 385
135 494
135 725
135 797
135 903
135 935
135 994
136 148
136 165
136 259
136 261
136 262
136 268
136 340
136 391
136 401
136 407
136 433
136 458
136 506
136 551
136 585
136 634
136 637
136 648
136 651
136 679
136 716
136 717
136 740
136 768
136 774
136 820
136 843
136 897
136 943
136 964
137 142
137 175
137 191
137 388
137 474
137 484
137 492
137 642
137 735
137 810
137 818
138 392
138 414
138 423
138 481
138 563
138 722
138 818
138 831
138 872
139 150
139 162
139 205
139 221
139 222
139 243
139 281
139 308
139 336
139 337
139 391
139 392
139 576
139 635
139 659
139 714
139 737
139 840
139 874
139 894
139 1012
140 163
140 167
140 168
140 169
140 192
140 269
140 273
140 333
140 493
140 524
140 534
140 556
140 636
140 651
140 681
140 685
140 695
140 706
140 709
140 713
140 742
140 752
140 787
140 808
140 890
140 951
141 191
141 213
141 287
141 513
141 561
141 752
141 929
141 941
142 190
142 238
142 275
142 287
142 311
142 354
142 484
142 549
142 630
142 666
142 701
142 763
142 894
142 932
143 198
143 206
143 226
143 280
143 286
143 289
143 291
143 301
143 345
143 352
143 368
143 760
143 860
144 147
144 151
144 153
144 175
144 189
144 234
144 246
144 307
144 316
144 319
144 329
144 343
144 370
144 389
144 390
144 432
144 454
144 470
144 537
144 551
144 601
144 609
144 634
144 638
144 662
144 804
144 839
144 1007
144 1010
145 155
145 184
145 224
145 231
145 240
145 279
145 298
145 381
145 457
145 533
145 586
145 642
145 706
145 749
146 156
146 179
146 210
146 226
146 282
146 291
146 292
146 303
146 304
146 343
146 350
146 369
146 381
146 406
146 412
146 434
146 531
146 553
146 572
146 615
146 661
146 671
146 679
146 693
146 699
146 724
146 866
146 871
146 971
146 1010
147 164
147 169
147 301
147 392
147 421
147 432
147 558
147 567
147 574
147 656
147 843
147 871
148 174
148 205
148 215
148 251
148 256
148 298
148 371
148 476
148 621
148 695
149 161
149 212
149 641
149 750
149 812
149 879
149 893
149 920
150 190
150 207
150 218
150 349
150 359
150 669
150 682
150 768
150 826
151 195
151 218
151 228
151 567
151 674
151 741
151 750
151 797
152 154
152 161
152 194
152 211
152 217
152 235
152 259
152 267
152 280
152 318
152 370
152 378
152 397
152 402
152 440
152 442
152 459
152 506
152 522
152 577
152 601
152 696
152 750
152 781
152 795
152 816
152 893
152 905
152 1001
153 163
153 226
153 249
153 375
153 648
153 721
153 744
153 902
153 917
153 966
154 218
154 275
154 311
154 339
154 397
154 615
154 621
154 651
154 772
154 883
154 910
154 955
155 178
155 225
155 260
155 282
155 303
155 339
155 389
155 428
155 443
155 619
155 643
155 708
155 740
155 780
155 788
155 838
155 865
155 1009
156 224
156 323
156 359
156 391
156 396
156 400
156 495
156 514
156 838
156 841
157 188
157 259
157 270
157 388
157 416
157 503
157 504
157 524
157 542
157 592
157 725
157 808
157 821
157 882
157 898
157 940
157 970
157 999
158 249
158 270
158 299
158 306
158 322
158 351
158 363
158 458
158 744
158 818
159 264
159 319
159 361
159 406
159 416
159 496
159 521
159 527
159 580
159 642
159 744
159 1023
160 180
160 231
160 239
160 259
160 277
160 328
160 346
160 435
160 440
160 486
160 496
160 567
160 608
160 705
160 748
160 765
161 168
161 175
161 242
161 316
161 318
161 324
161 347
161 348
161 371
161 439
161 472
161 558
161 559
161 580
161 586
161 787
161 892
161 893
161 1008
162 164
162 174
162 200
162 204
162 221
162 236
162 451
162 521
162 534
162 535
162 544
162 569
162 577
162 620
162 669
162 687
162 879
162 959
162 964
162 968
163 196
163 382
163 389
163 390
163 424
163 430
163 434
163 453
163 511
163 635
163 681
163 749
163 899
163 914
164 199
164 200
164 259
164 360
164 474
164 653
164 669
165 181
165 305
165 412
165 422
165 500
165 519
165 562
165 606
165 629
165 801
165 862
165 916
165 981
165 996
165 1020
166 192
166 227
166 230
166 260
166 267
166 277
166 483
166 584
166 754
166 851
166 990
166 1000
166 1004
167 180
167 201
167 213
167 221
167 287
167 297
167 555
167 578
167 604
167 649
167 697
167 798
167 814
167 891
167 901
167 916
167 950
167 973
167 1011
168 252
168 260
168 527
168 533
168 666
169 261
169 348
169 382
169 405
169 406
169 420
169 471
169 574
169 650
169 677
169 769
169 830
169 846
169 927
169 934
170 193
170 419
170 455
170 458
170 587
170 612
170 715
170 717
170 746
170 1001
171 251
171 273
171 315
171 419
171 542
171 639
171 704
171 787
171 832
171 1010
172 217
172 272
172 299
172 304
172 457
172 468
172 551
172 571
172 601
172 805
172 950
172 970
173 197
173 201
173 202
173 228
173 232
173 278
173 297
173 444
173 499
173 563
173 679
173 680
173 710
173 776
173 863
173 891
174 461
174 510
174 840
174 874
175 195
175 267
175 270
175 599
175 662
175 862
175 1013
176 200
176 202
176 207
176 209
176 262
176 309
176 368
176 430
176 464
176 474
176 492
176 508
176 561
176 589
176 600
176 644
176 666
176 675
176 687
176 692
176 812
176 884
176 891
176 920
176 985
177 216
177 220
177 227
177 246
177 254
177 315
177 393
177 466
177 486
177 499
177 506
177 573
177 576
177 893
178 247
178 338
178 490
178 781
178 800
179 197
179 209
179 220
179 222
179 251
179 275
179 336
179 340
179 355
179 362
179 420
179 516
179 618
179 851
179 855
179 876
179 903
179 909
179 934
179 944
179 1005
180 185
180 229
180 238
180 316
180 326
180 482
180 735
180 848
180 920
181 211
181 237
181 238
181 289
181 358
181 373
181 488
181 571
181 921
181 969
181 1014
182 205
182 224
182 231
182 265
182 268
182 315
182 367
182 386
182 391
182 526
182 545
182 598
182 622
182 663
182 669
182 762
182 777
182 809
182 873
182 980
183 342
183 439
183 482
183 516
183 884
183 990
184 245
184 289
184 362
184 385
184 499
184 547
184 556
184 602
184 619
184 654
184 701
184 746
184 767
184 778
184 833
184 860
184 865
184 873
184 949
185 207
185 220
185 241
185 283
185 292
185 309
185 325
185 399
185 401
185 481
185 497
185 565
185 628
185 631
185 674
185 694
185 711
185 783
185 818
185 891
185 924
185 1004
186 240
186 321
186 334
186 392
186 415
186 454
186 479
186 498
186 585
186 611
186 617
186 635
186 663
186 670
186 679
186 718
186 793
186 827
186 864
186 936
186 961
186 1010
186 1022
187 228
187 274
187 280
187 290
187 299
187 324
187 456
187 477
187 488
187 494
187 537
187 575
187 719
187 789
187 922
187 1006
188 215
188 216
188 228
188 247
188 262
188 294
188 398
188 404
188 442
188 486
188 561
188 597
188 608
188 688
188 807
188 889
188 987
188 1016
189 268
189 295
189 361
189 417
189 509
189 555
189 760
189 825
189 868
189 892
189 918
189 1002
190 211
190 333
190 382
190 426
190 757
190 979
191 206
191 236
191 276
191 329
191 347
191 369
191 395
191 411
191 412
191 444
191 493
191 694
191 710
192 195
192 314
192 405
192 475
192 553
192 679
192 896
192 945
193 423
193 453
193 465
193 496
193 552
193 622
193 627
193 637
193 712
193 805
193 825
193 886
193 965
194 246
194 314
194 386
194 429
194 522
194 523
194 550
194 598
194 646
194 654
194 780
194 781
194 803
194 878
195 235
195 277
195 318
195 697
195 728
195 812
195 999
196 258
196 332
196 364
196 625
196 683
196 764
196 846
196 861
196 885
196 908
196 929
196 1017
197 386
197 431
197 462
197 593
197 601
197 606
197 643
197 671
197 1018
198 219
198 223
198 249
198 255
198 313
198 465
198 512
198 744
198 910
199 299
199 301
199 533
199 752
200 262
200 454
200 641
200 673
200 780
200 997
201 206
201 235
201 302
201 305
201 346
201 349
201 372
201 399
201 416
201 426
201 445
201 511
201 645
201 702
201 754
201 768
201 782
201 795
201 832
202 203
202 212
202 228
202 269
202 334
202 357
202 437
202 490
202 499
202 578
202 674
202 723
202 742
202 754
202 812
202 983
202 1004
203 257
203 266
203 272
203 402
203 439
203 454
203 550
203 683
203 729
203 740
203 834
203 942
204 218
204 238
204 353
204 425
204 443
204 456
204 460
204 482
204 537
204 611
204 651
204 661
204 675
204 794
204 914
204 928
204 941
204 967
204 991
204 997
204 1018
205 207
205 267
205 320
205 355
205 640
205 688
205 960
206 471
206 863
206 1010
207 232
207 239
207 262
207 466
207 519
207 669
207 672
207 956
208 252
208 329
208 682
208 735
208 738
208 882
208 976
208 1001
209 285
209 302
209 337
209 505
209 607
209 794
209 849
209 1020
210 245
210 262
210 297
210 336
210 434
210 549
210 1022
211 254
211 255
211 264
211 266
211 276
211 279
211 301
211 318
211 322
211 323
211 339
211 342
211 368
211 392
211 477
211 520
211 531
211 669
211 781
211 829
211 837
211 863
211 871
211 877
211 960
211 964
211 1023
212 255
212 277
212 290
212 324
212 448
212 452
212 514
212 537
212 572
212 714
212 841
212 883
212 954
212 1002
213 258
213 324
213 332
213 349
213 411
213 519
213 543
213 740
213 786
213 790
213 817
213 988
214 288
214 341
214 590
214 609
214 797
214 805
214 829
214 879
214 1022
215 229
215 230
215 304
215 321
215 332
215 386
215 441
215 459
215 541
215 563
215 603
215 668
215 685
215 858
215 902
216 245
216 256
216 285
216 339
216 424
216 458
216 475
216 506
216 547
216 567
216 652
216 813
216 901
216 916
217 233
217 329
217 370
217 457
217 540
217 717
217 719
217 723
217 755
217 861
217 879
217 962
218 277
218 312
218 323
218 693
218 732
218 737
218 767
218 808
218 814
218 867
218 921
218 971
219 284
219 361
219 378
219 517
219 670
219 708
219 941
219 964
220 246
220 279
220 293
220 407
220 640
220 651
220 836
220 934
220 952
220 983
221 329
221 463
221 531
221 950
222 357
222 585
222 624
222 787
222 822
222 922
223 282
223 483
223 518
223 623
223 668
223 715
223 843
223 848
223 866
223 882
224 313
224 347
224 357
224 404
224 529
224 541
224 582
224 599
224 742
224 747
224 759
224 959
225 272
225 279
225 332
225 455
225 482
225 491
225 550
225 858
225 870
226 293
226 314
226 365
226 416
226 441
226 456
226 463
226 509
226 595
226 615
226 654
226 700
226 838
227 243
227 260
227 319
227 409
227 513
227 540
227 552
227 590
227 862
228 406
228 519
228 544
228 589
228 777
228 863
229 233
229 593
229 594
229 600
229 619
229 775
229 942
230 235
230 334
230 337
230 376
230 619
230 958
231 247
231 274
231 346
231 393
231 427
231 520
231 792
231 1005
232 248
232 266
232 387
232 442
232 448
232 454
232 481
232 484
232 489
232 522
232 539
232 655
232 659
232 727
232 806
232 844
232 964
232 1018
233 391
233 406
233 473
233 713
233 819
234 579
235 244
235 260
235 408
235 509
235 656
235 694
235 736
235 750
235 1021
236 269
236 271
236 279
236 300
236 303
236 398
236 434
236 592
236 598
236 653
236 771
236 811
236 851
236 859
236 948
237 278
237 333
237 399
237 410
237 444
237 605
237 635
237 870
238 253
238 359
238 366
238 532
238 609
238 1010
239 272
239 324
239 479
239 501
239 829
240 325
240 413
240 416
240 652
240 655
240 658
240 673
240 725
240 731
240 745
240 791
240 799
240 832
240 879
240 1014
241 242
241 248
241 301
241 347
241 419
241 637
241 641
241 666
241 806
241 885
241 971
242 331
242 366
242 429
242 459
242 842
243 275
243 308
243 498
243 756
243 821
243 886
243 997
243 1013
244 248
244 268
244 427
244 468
244 743
244 769
245 295
245 326
245 330
245 371
245 459
245 497
245 588
245 633
245 763
245 924
246 272
246 422
246 424
246 463
246 517
246 540
246 601
246 682
246 683
246 783
246 833
246 1003
247 263
247 270
247 282
247 426
247 434
247 449
247 505
247 544
247 592
247 695
247 783
247 799
247 820
247 846
247 865
247 886
248 257
248 319
248 331
248 375
248 379
248 408
248 493
248 505
248 510
248 585
248 597
248 679
248 779
248 796
248 835
248 1001
249 325
249 334
249 404
249 433
249 440
249 485
249 562
249 591
249 606
249 614
249 616
249 659
249 680
249 837
249 944
249 993
250 317
250 318
250 461
250 573
250 611
250 628
250 662
250 676
250 849
250 881
250 1014
251 291
251 314
251 407
251 500
251 557
251 580
251 711
251 775
251 884
252 283
252 507
252 560
252 583
252 587
252 727
252 894
252 895
253 294
253 306
253 507
253 804
253 931
254 274
254 278
254 389
254 403
254 438
254 449
254 509
254 554
254 710
254 752
254 852
254 856
254 866
254 899
254 974
255 514
255 979
256 260
256 542
256 544
256 576
256 624
256 652
256 702
256 756
256 972
257 441
257 530
257 584
257 628
257 655
257 667
257 731
257 802
257 845
257 970
258 344
258 364
258 622
258 767
258 783
258 985
258 1023
259 312
259 509
259 650
259 660
259 669
259 775
259 795
259 824
259 978
260 330
260 374
260 491
260 494
260 633
260 650
260 785
260 862
260 920
260 930
261 274
261 312
261 325
261 343
261 351
261 376
261 397
261 404
261 430
261 436
261 466
261 479
261 480
261 514
261 532
261 535
261 624
261 659
261 665
261 726
261 746
261 747
261 752
261 815
261 855
261 868
261 884
261 895
261 927
261 949
261 970
262 314
262 362
262 445
262 535
262 705
262 811
263 322
263 329
263 369
263 407
263 428
263 515
263 614
263 654
263 698
263 987
264 284
264 290
264 418
264 583
264 705
264 789
264 1022
265 288
265 341
265 347
265 349
265 467
265 529
265 722
265 827
265 842
266 284
266 299
266 330
266 344
266 387
266 525
266 539
266 637
266 743
266 812
266 915
266 944
267 301
267 302
267 307
267 357
267 417
267 478
267 543
267 549
267 589
267 696
267 719
267 807
267 959
267 1007
268 468
268 473
268 862
268 978
269 315
269 338
269 354
269 413
269 448
269 525
269 593
269 887
269 980
270 292
270 318
270 323
270 360
270 376
270 384
270 413
270 441
270 553
270 574
270 579
270 653
270 665
271 317
271 346
271 386
271 445
271 588
271 638
271 645
271 803
272 444
272 605
272 623
272 642
272 645
272 656
272 833
272 875
272 944
273 297
273 323
273 383
273 523
273 545
273 550
273 627
273 661
273 671
273 674
273 685
273 735
273 854
274 294
274 317
274 482
274 594
274 652
274 662
274 666
274 734
274 738
274 739
274 809
274 857
274 907
274 1016
275 331
275 380
275 409
275 463
275 552
275 666
275 696
275 885
275 895
275 930
275 932
275 943
275 960
275 987
275 1012
276 322
276 350
276 448
276 451
276 470
276 548
276 581
276 875
277 316
277 367
277 460
277 500
277 651
277 666
277 691
277 789
278 316
278 416
278 436
278 447
278 452
278 644
278 715
278 747
278 770
278 774
278 932
278 975
279 283
279 438
279 469
279 515
279 665
279 672
279 978
279 983
279 991
280 306
280 331
280 790
280 922
280 957
281 415
281 573
281 701
281 758
281 790
282 310
282 365
282 408
282 424
282 597
282 602
282 614
282 629
282 668
282 729
282 786
282 918
282 992
283 391
283 409
283 475
283 478
283 545
283 590
283 667
283 730
283 813
284 339
284 381
284 390
284 400
284 435
284 498
285 433
285 447
285 662
285 707
285 935
285 938
286 389
286 464
286 501
286 529
286 537
286 577
286 730
286 752
286 921
286 940
286 987
287 380
287 449
287 456
287 470
287 500
287 610
287 766
287 770
287 791
288 299
288 326
288 333
288 365
288 399
288 430
288 507
288 611
288 712
288 740
288 779
288 837
288 869
288 988
289 366
289 374
289 447
289 461
289 579
289 935
290 294
290 388
290 423
290 647
290 690
290 757
290 885
290 1021
291 294
291 317
291 488
291 572
291 593
291 726
291 767
291 782
291 934
291 952
292 632
292 678
292 812
293 311
293 350
293 353
293 363
293 386
293 450
293 488
293 496
293 499
293 502
293 888
293 1013
294 326
294 511
294 620
294 662
295 300
295 348
295 364
295 409
295 430
295 433
295 453
295 457
295 500
295 671
295 744
295 849
295 1023
296 298
296 332
296 377
296 405
296 543
296 730
296 940
296 995
297 415
297 496
297 514
297 557
297 801
297 828
297 1012
298 352
298 447
298 614
298 807
298 824
298 856
299 307
299 392
299 426
299 482
299 524
299 665
299 681
299 715
299 769
299 826
299 848
299 909
300 347
300 423
300 425
300 472
300 508
301 328
301 854
301 890
302 375
302 509
302 568
303 385
303 425
303 510
303 760
303 777
303 821
303 962
304 306
304 383
304 385
304 553
304 566
304 609
304 670
304 688
304 766
304 898
304 979
305 346
305 391
305 406
305 421
305 578
305 802
305 851
305 1015
305 1021
306 362
306 487
306 712
306 814
306 931
307 487
307 851
308 402
308 519
308 555
308 725
308 833
308 887
308 965
308 981
309 396
309 491
309 764
309 950
309 952
310 352
310 379
310 421
310 502
310 524
310 542
310 567
310 615
310 870
310 877
310 919
311 406
311 410
311 443
311 444
311 509
311 587
311 706
311 931
311 979
312 332
312 458
312 535
312 639
312 720
312 766
312 825
312 857
312 983
313 714
313 756
313 972
313 976
313 1003
314 707
314 828
315 366
315 443
315 630
315 672
315 717
315 750
315 812
316 384
316 503
316 555
316 911
316 922
316 967
317 341
317 389
317 420
317 434
317 462
317 580
317 631
317 736
317 816
317 888
317 890
317 893
317 936
318 435
318 555
318 564
318 755
318 911
319 533
319 708
319 753
319 785
319 799
319 892
319 908
320 626
320 675
320 794
320 854
320 989
320 993
321 429
321 648
321 673
321 885
321 1011
322 413
322 606
322 705
322 755
322 874
322 912
323 684
323 690
323 963
323 973
324 368
324 377
324 584
324 622
324 657
324 806
324 895
324 923
325 333
325 367
325 437
325 614
325 719
325 980
326 365
326 366
326 420
326 538
326 546
326 571
326 990
327 471
327 804
327 820
327 913
328 359
328 363
328 464
328 658
328 860
328 969
328 1015
329 560
329 639
329 775
329 882
329 912
330 369
330 399
330 613
330 723
330 771
330 859
330 869
331 596
331 745
331 815
331 853
331 878
331 908
331 951
333 410
333 425
333 448
333 947
334 446
334 450
334 760
334 860
335 337
335 383
335 774
335 803
336 477
336 498
336 734
336 900
337 452
337 629
337 832
338 414
338 432
338 445
338 467
338 550
338 557
338 652
338 700
339 386
339 410
339 493
339 498
339 796
339 800
339 946
339 947
340 469
340 499
341 443
341 600
341 799
341 804
342 558
342 571
342 786
342 853
342 859
342 980
343 355
343 383
343 670
343 715
343 1015
344 371
344 392
344 427
344 441
344 492
344 504
344 561
344 600
344 637
344 682
344 884
346 398
346 621
346 838
346 850
346 857
346 895
346 918
347 352
347 364
347 368
347 413
347 418
347 466
347 576
348 350
348 380
348 395
348 560
349 368
349 390
349 431
349 472
349 648
349 735
349 863
350 403
350 487
350 526
350 532
350 597
350 661
350 777
350 982
351 378
351 408
351 480
351 491
351 502
351 515
351 519
351 534
351 548
351 560
351 577
351 584
351 614
351 689
351 882
351 931
351 936
351 945
351 1017
352 385
352 402
352 638
352 742
352 795
352 824
353 481
353 572
353 618
353 656
353 813
353 899
354 415
354 515
354 570
354 875
355 374
355 905
356 376
356 526
356 555
356 952
357 508
357 512
357 599
357 604
357 637
357 647
357 692
357 772
357 884
358 400
358 403
358 407
358 514
358 519
358 576
358 639
358 640
358 737
358 890
358 916
359 383
359 395
359 469
359 660
359 677
359 748
360 375
360 433
360 479
360 538
360 549
360 598
360 870
360 937
361 471
361 710
361 902
361 986
362 370
362 377
362 562
362 596
362 610
362 619
362 692
362 786
362 838
362 855
362 933
362 950
363 548
363 714
363 804
364 410
364 456
364 681
364 695
364 720
364 912
365 446
365 525
365 527
365 632
365 685
365 954
365 990
366 401
366 487
366 519
366 794
366 798
366 809
366 902
367 969
367 992
368 538
368 572
368 773
368 919
369 470
369 861
370 440
370 460
370 726
370 786
370 997
371 452
371 480
371 816
371 900
371 963
372 411
372 420
372 442
372 556
372 612
372 792
372 880
373 545
373 577
373 650
373 706
373 754
373 769
374 554
374 599
374 686
374 727
374 733
374 904
374 945
374 992
374 1020
375 592
375 708
375 825
375 954
375 955
376 381
376 438
376 469
376 510
376 523
376 538
376 640
376 690
376 783
376 811
376 813
376 880
376 938
376 956
376 973
377 387
377 451
377 576
377 592
377 640
377 696
377 700
377 714
377 783
377 810
377 895
378 411
378 469
378 645
378 651
378 715
379 409
379 410
379 425
379 442
379 521
379 571
379 663
379 785
379 801
379 933
380 462
380 535
380 546
380 772
380 990
380 1017
381 450
381 465
381 479
381 486
381 559
381 645
381 717
381 732
381 854
381 878
381 904
381 923
381 1006
382 528
382 557
382 641
382 687
382 806
382 870
383 388
383 419
383 474
383 481
383 602
383 612
383 820
383 846
383 857
383 867
383 875
383 901
383 938
383 984
383 1020
384 427
384 605
384 612
384 644
384 773
384 779
384 790
384 794
384 846
384 996
384 1022
385 413
385 465
385 596
385 735
386 552
386 608
386 610
386 730
386 763
386 866
387 567
387 953
388 446
388 836
388 939
388 963
389 592
389 827
390 410
390 430
390 434
390 523
390 645
390 648
390 689
390 709
391 412
391 413
391 525
391 532
391 683
391 775
391 1008
392 476
392 543
393 400
393 472
393 508
394 753
394 792
394 793
394 869
394 942
394 953
394 1018
395 467
395 505
395 741
395 806
395 885
395 962
396 413
396 456
396 472
396 491
396 512
396 568
396 582
396 590
396 884
396 924
396 931
396 945
396 1020
397 476
397 700
397 921
397 952
398 462
398 483
398 489
398 517
398 581
398 665
398 672
398 836
398 913
399 542
399 552
399 617
399 775
399 910
399 1014
400 429
400 502
400 577
400 739
400 964
401 526
401 591
401 735
401 755
401 780
401 998
402 505
402 569
403 503
403 582
403 771
403 829
403 909
404 411
404 580
404 586
404 625
404 775
404 820
404 915
404 928
404 937
406 417
406 621
406 634
406 667
406 805
406 914
406 917
407 442
407 491
407 659
407 937
408 431
408 541
408 564
408 607
408 664
408 770
408 955
409 529
409 1001
410 660
410 704
411 443
411 616
411 838
412 462
412 479
412 536
412 621
412 717
412 901
412 922
412 1008
413 538
413 569
413 831
414 435
414 502
414 815
414 823
414 890
414 1002
415 465
415 523
415 530
415 986
416 703
416 729
416 779
417 460
417 512
417 650
417 1019
418 420
418 452
418 611
418 696
418 784
418 824
418 907
419 635
419 694
419 901
419 975
419 986
419 1007
420 463
420 647
420 828
420 981
420 1004
421 426
421 633
421 790
422 540
422 559
422 650
422 836
422 843
422 850
422 1003
423 446
423 613
423 800
423 858
424 453
424 469
424 571
424 578
424 632
424 784
424 962
424 972
425 432
425 698
425 728
425 733
425 755
425 903
426 584
426 709
427 460
427 504
427 511
427 537
427 616
427 674
427 760
427 801
428 437
428 467
429 526
429 596
429 598
429 777
429 802
430 715
430 723
430 814
430 986
431 497
432 737
432 855
432 944
433 444
433 531
433 633
434 508
434 594
434 599
434 702
434 704
435 899
436 646
436 743
436 900
436 906
436 967
437 528
437 873
437 886
438 457
438 502
438 564
438 718
439 478
439 547
439 548
439 603
439 765
439 1008
440 632
440 729
440 788
440 851
441 657
441 721
441 887
441 905
442 479
442 523
442 668
442 684
442 804
442 807
442 845
442 917
442 977
442 1013
443 530
443 537
443 840
443 900
443 987
444 445
444 489
444 561
444 575
444 721
444 770
444 1007
445 483
445 513
445 631
445 667
445 699
445 700
445 773
445 779
445 903
445 941
445 952
445 962
446 842
447 500
447 966
447 981
448 644
448 653
448 674
449 502
449 541
449 552
449 697
449 703
450 604
450 872
451 541
451 647
451 690
451 905
452 593
452 613
452 734
452 807
452 819
453 510
453 520
453 556
453 604
453 627
453 748
453 835
453 848
453 872
453 900
453 918
454 573
454 822
454 856
454 949
455 517
455 626
455 687
455 693
456 613
456 987
456 992
457 467
457 483
457 570
457 607
457 897
457 1001
458 541
458 800
459 486
459 498
459 529
459 538
459 543
459 605
459 727
459 799
459 872
459 889
459 901
461 464
461 565
461 958
462 475
462 544
462 559
462 568
462 707
462 893
463 499
463 550
464 663
464 729
464 833
464 932
465 698
465 1005
466 507
466 508
466 532
466 682
466 1008
467 733
467 825
467 853
467 874
467 945
467 1003
468 480
468 566
468 665
468 970
469 490
469 603
469 629
469 693
469 720
469 721
469 839
469 852
470 602
470 822
470 969
471 507
471 713
471 878
472 627
472 679
472 752
472 979
473 616
473 728
473 854
473 939
474 757
474 989
474 1004
475 513
475 555
475 689
476 519
476 599
476 626
476 694
476 767
477 938
478 534
478 876
479 845
479 868
479 1016
480 497
480 583
480 632
480 708
480 737
480 761
480 946
480 1013
481 518
482 718
482 759
483 603
483 788
483 939
483 973
484 503
484 731
484 761
484 779
484 963
485 555
485 582
486 557
486 723
486 762
486 772
486 833
486 1000
487 520
487 568
487 747
487 762
488 689
488 974
489 589
489 591
489 693
489 705
489 730
489 750
489 761
489 830
489 847
490 822
490 884
490 938
491 539
491 554
491 772
491 829
492 712
492 853
493 625
493 638
493 661
493 748
493 769
494 813
494 847
495 540
495 573
495 731
495 999
496 722
496 850
496 917
497 562
497 580
497 815
497 923
498 753
498 942
498 947
499 853
499 924
500 516
500 532
500 616
500 790
501 538
501 597
501 690
501 798
501 984
502 630
502 647
502 680
502 876
503 534
503 545
503 600
503 955
504 896
505 747
505 798
505 1011
506 568
506 923
506 939
507 534
507 593
507 945
507 954
507 956
508 543
508 561
508 699
508 714
508 761
508 763
508 960
509 511
509 550
509 620
509 668
509 731
509 765
509 816
509 935
509 949
510 828
510 859
510 894
510 981
510 985
511 698
511 744
511 781
512 606
512 789
512 1016
513 613
513 765
513 949
514 558
514 574
514 790
514 1006
514 1013
515 548
515 739
515 855
515 948
515 981
515 1002
516 585
516 596
516 622
516 708
517 660
517 694
517 930
518 641
518 950
519 661
519 692
519 764
519 992
520 701
520 968
521 739
522 764
522 830
522 973
523 779
524 703
524 787
524 867
524 985
525 558
525 772
525 1021
526 536
526 659
526 686
526 955
526 983
527 733
527 840
527 848
528 613
528 687
528 778
528 844
529 702
530 866
530 912
531 728
531 907
531 996
531 997
532 793
534 562
534 796
534 999
535 617
535 621
535 673
535 763
535 794
535 916
535 955
535 992
536 631
536 922
537 857
537 1015
538 643
538 705
538 721
538 745
538 853
538 964
539 546
539 626
539 876
539 884
539 967
539 969
540 728
540 777
541 544
541 559
541 608
541 624
541 633
541 885
541 931
541 956
541 975
542 820
542 858
542 958
543 763
543 822
543 929
544 557
544 720
544 723
544 761
545 654
545 681
545 911
545 949
546 813
547 605
548 727
548 737
548 793
548 802
548 852
548 860
548 913
548 914
549 675
549 694
550 565
550 659
551 566
551 609
551 683
551 706
551 986
552 625
552 660
552 1005
553 565
553 600
553 939
554 557
554 650
554 736
554 773
554 860
555 636
555 803
555 805
555 868
555 916
555 942
556 566
556 662
556 737
556 738
556 921
557 631
557 718
557 811
558 562
558 595
558 623
558 659
558 722
558 729
558 776
559 620
559 743
559 1007
560 627
560 717
560 936
561 614
561 686
561 994
562 617
562 731
562 732
562 919
562 941
563 599
563 605
563 757
563 877
563 896
563 1022
564 629
564 1005
565 628
567 804
567 819
567 978
569 719
569 945
570 654
570 697
570 913
570 988
571 898
571 944
572 693
572 727
572 757
572 806
572 915
573 606
573 667
574 686
574 925
574 1012
576 983
577 594
577 748
577 957
578 680
578 887
578 1002
579 676
579 711
579 738
580 632
580 908
580 952
580 968
581 823
582 678
582 771
582 782
582 826
582 991
583 589
583 661
583 1016
584 643
584 826
585 645
586 889
588 819
588 828
588 924
589 695
589 714
589 852
589 907
590 596
590 734
590 757
590 783
590 946
591 601
591 774
591 877
591 951
592 603
592 658
592 696
592 782
592 908
592 957
593 668
593 906
593 982
594 753
594 784
594 794
594 908
594 1015
595 612
595 646
595 867
595 937
596 613
596 719
596 796
596 895
597 753
598 729
598 746
598 853
599 615
600 638
600 728
600 767
600 857
600 894
600 944
600 998
601 808
601 1001
602 719
603 606
603 886
604 712
604 830
605 630
605 743
605 816
607 649
607 710
607 957
608 682
608 809
609 795
609 938
610 618
610 660
610 713
610 822
610 857
611 622
611 655
611 671
611 866
611 911
612 673
612 690
612 824
612 826
612 961
613 750
613 929
614 889
614 953
615 645
615 960
615 974
616 618
616 852
617 764
617 847
617 900
618 784
619 636
619 766
619 767
619 770
619 822
619 836
620 715
620 752
620 799
621 673
621 901
622 770
622 878
622 998
623 796
624 651
624 666
624 692
624 721
624 791
624 815
624 979
625 629
625 893
626 843
627 815
627 988
628 808
628 846
628 985
629 978
630 639
630 672
630 763
630 774
630 817
630 934
631 643
631 861
631 879
631 998
632 664
632 667
632 696
632 817
633 853
634 821
634 959
635 889
635 934
636 709
636 920
636 946
636 978
637 695
638 701
638 730
638 834
638 1012
639 645
639 762
639 797
640 711
640 733
640 765
640 818
640 877
640 962
641 751
641 758
641 850
643 831
643 1010
644 876
644 886
645 658
645 810
645 984
647 759
647 798
647 844
647 875
647 985
647 1023
648 691
648 787
648 845
648 894
649 738
649 906
650 782
650 909
651 773
651 866
651 883
651 984
651 1004
652 748
653 657
653 722
653 736
653 878
653 927
656 780
656 876
657 740
657 753
657 799
657 831
658 848
659 785
659 880
661 768
662 731
662 751
662 897
662 981
663 701
663 764
663 774
663 867
663 872
664 716
664 795
664 966
665 672
665 935
665 998
666 762
666 868
667 747
667 859
667 941
668 942
669 749
669 826
669 829
669 888
669 898
669 959
669 990
669 1006
669 1011
670 813
671 709
671 716
671 808
671 872
672 992
673 700
673 704
673 727
673 776
673 835
673 906
674 816
674 917
676 739
676 752
676 808
677 681
677 692
677 819
677 903
677 921
677 960
678 990
679 999
680 795
681 720
681 828
682 693
683 837
683 864
683 925
683 974
684 805
684 1007
687 995
688 778
688 823
688 930
688 965
689 777
689 920
689 968
690 709
691 736
691 846
691 908
691 943
693 984
695 742
695 805
695 887
696 751
696 954
697 723
697 802
698 740
698 904
698 972
699 730
699 1007
700 953
701 734
701 895
701 1022
703 781
703 867
703 896
703 904
703 961
703 1000
703 1015
704 728
704 890
704 918
705 805
705 870
705 883
705 919
705 925
705 938
706 711
707 982
707 989
708 746
709 787
710 804
712 882
713 716
713 732
713 744
714 954
717 967
719 1014
720 863
720 936
721 748
722 782
723 825
724 859
725 745
725 780
725 1023
726 841
726 873
728 844
730 862
731 735
731 1017
732 783
732 803
732 848
732 966
732 1021
733 1000
735 979
736 748
736 754
737 997
739 778
739 811
739 891
739 926
740 805
740 851
741 778
741 845
741 943
742 814
742 955
743 852
743 866
745 790
745 865
746 896
748 846
748 906
749 758
749 764
749 788
752 876
753 869
754 998
754 1017
755 1023
757 809
757 891
757 966
757 997
757 1015
758 953
759 812
759 856
762 839
762 859
763 771
763 788
763 891
763 910
763 997
764 897
764 905
765 857
765 870
765 904
765 1020
766 915
767 991
768 818
768 834
768 881
771 834
771 862
771 1000
771 1016
772 788
772 994
773 864
774 945
775 780
776 840
776 924
777 858
777 879
777 905
778 953
779 802
779 930
779 943
779 952
779 1005
780 976
781 926
781 1018
782 850
783 793
783 825
783 837
783 901
783 925
783 977
784 863
785 796
785 814
785 961
786 827
786 898
787 842
787 993
788 976
788 1019
790 941
792 943
792 946
793 823
796 821
796 858
796 962
797 951
798 877
799 819
799 911
800 1014
801 881
801 977
802 880
802 893
802 1014
803 892
804 872
804 888
804 951
807 865
807 896
808 860
808 1018
810 864
810 918
810 998
812 899
812 953
814 842
814 907
815 1014
816 937
816 956
817 982
818 975
819 892
819 931
819 950
819 962
822 851
825 898
825 900
825 971
826 908
826 1019
827 833
827 917
828 935
829 902
830 922
833 912
833 953
834 956
836 873
836 910
837 892
837 913
838 1004
839 937
839 1012
847 968
847 1013
850 926
850 1019
852 903
853 940
854 971
855 869
856 936
859 917
859 930
860 942
861 948
863 942
863 1003
864 901
867 872
867 963
868 915
868 978
870 932
872 904
876 968
879 902
884 906
885 1008
887 910
887 957
888 896
888 1019
899 956
902 959
902 982
903 949
906 1009
908 986
908 992
910 1009
918 989
920 928
920 936
925 987
926 999
933 991
933 1002
940 948
951 997
958 980
959 995
964 985
965 982
965 996
966 1004
968 1017
971 983
972 984
979 989
980 996
984 1021
1005 1019
1016 1021
1017 1021
