0 10
0 11
0 12
0 13
0 17
0 18
0 21
0 23
0 26
0 28
0 31
0 34
0 35
0 37
0 43
0 44
0 46
0 48
0 49
0 50
0 54
0 55
0 73
0 74
0 75
0 76
0 78
0 83
0 88
0 102
0 114
0 121
0 126
0 148
0 168
0 172
0 179
0 181
0 183
0 184
0 185
0 187
0 189
0 203
0 211
0 219
0 227
0 235
0 237
0 263
0 283
0 285
0 297
0 306
0 313
0 350
0 354
0 370
0 374
0 385
0 411
0 423
0 427
0 432
0 439
0 440
0 449
0 450
0 468
0 471
0 479
0 491
0 494
0 496
0 504
0 511
0 521
0 537
0 565
0 572
0 577
0 659
0 661
0 667
0 704
0 709
0 725
0 738
0 763
0 768
0 796
0 807
0 811
0 817
0 832
0 841
0 844
0 856
0 877
0 878
0 880
0 936
0 971
0 974
0 986
0 1001
0 1013
0 1016
1 10
1 11
1 12
1 16
1 17
1 18
1 19
1 23
1 27
1 29
1 30
1 32
1 33
1 35
1 39
1 41
1 42
1 46
1 54
1 55
1 57
1 60
1 65
1 66
1 77
1 85
1 95
1 109
1 133
1 138
1 140
1 145
1 152
1 158
1 161
1 171
1 176
1 178
1 181
1 189
1 192
1 196
1 197
1 210
1 212
1 228
1 231
1 239
1 262
1 271
1 277
1 287
1 292
1 295
1 300
1 309
1 311
1 317
1 330
1 354
1 363
1 366
1 370
1 399
1 410
1 420
1 437
1 448
1 478
1 481
1 501
1 502
1 507
1 516
1 519
1 533
1 539
1 540
1 558
1 560
1 596
1 598
1 607
1 608
1 612
1 627
1 628
1 643
1 650
1 653
1 656
1 677
1 691
1 704
1 715
1 746
1 751
1 753
1 755
1 770
1 773
1 779
1 784
1 790
1 798
1 810
1 883
1 888
1 896
1 901
1 914
1 918
1 932
1 985
2 10
2 11
2 14
2 15
2 17
2 19
2 21
2 22
2 24
2 25
2 26
2 28
2 29
2 34
2 40
2 42
2 48
2 56
2 59
2 60
2 62
2 64
2 75
2 79
2 82
2 86
2 88
2 89
2 90
2 93
2 98
2 100
2 104
2 118
2 122
2 129
2 132
2 133
2 143
2 158
2 159
2 167
2 169
2 177
2 189
2 191
2 194
2 197
2 199
2 213
2 220
2 225
2 227
2 233
2 248
2 258
2 260
2 268
2 276
2 278
2 282
2 290
2 307
2 327
2 344
2 345
2 346
2 347
2 352
2 373
2 397
2 408
2 415
2 427
2 429
2 438
2 447
2 454
2 478
2 498
2 500
2 510
2 522
2 557
2 561
2 581
2 585
2 586
2 604
2 611
2 619
2 623
2 643
2 651
2 661
2 670
2 683
2 684
2 686
2 689
2 712
2 731
2 750
2 808
2 850
2 857
2 887
2 905
2 945
2 958
2 963
2 967
2 969
2 981
2 984
3 10
3 11
3 12
3 13
3 14
3 18
3 20
3 21
3 22
3 27
3 31
3 32
3 36
3 45
3 55
3 62
3 71
3 81
3 84
3 104
3 117
3 128
3 129
3 140
3 146
3 152
3 158
3 174
3 193
3 211
3 213
3 227
3 238
3 241
3 246
3 268
3 300
3 301
3 310
3 320
3 366
3 374
3 379
3 386
3 387
3 391
3 392
3 413
3 429
3 431
3 468
3 473
3 486
3 515
3 525
3 526
3 537
3 546
3 554
3 571
3 669
3 676
3 694
3 695
3 734
3 747
3 757
3 775
3 786
3 793
3 803
3 889
3 939
3 977
3 980
3 985
4 10
4 11
4 12
4 13
4 14
4 15
4 16
4 22
4 25
4 42
4 49
4 53
4 56
4 57
4 61
4 64
4 68
4 85
4 86
4 87
4 101
4 104
4 105
4 107
4 116
4 139
4 144
4 191
4 201
4 217
4 218
4 221
4 231
4 240
4 247
4 252
4 270
4 295
4 324
4 329
4 331
4 349
4 363
4 391
4 464
4 483
4 527
4 535
4 646
4 670
4 676
4 685
4 735
4 789
4 794
4 810
4 866
4 909
4 917
4 998
5 10
5 12
5 13
5 20
5 24
5 27
5 36
5 39
5 41
5 44
5 54
5 83
5 125
5 126
5 192
5 194
5 200
5 242
5 246
5 274
5 281
5 336
5 343
5 359
5 394
5 407
5 452
5 456
5 492
5 500
5 536
5 545
5 614
5 621
5 622
5 648
5 736
5 740
5 789
5 826
5 847
5 880
5 959
5 971
5 979
5 982
6 10
6 11
6 14
6 20
6 32
6 47
6 53
6 60
6 62
6 71
6 93
6 95
6 147
6 158
6 164
6 247
6 256
6 346
6 347
6 487
6 580
6 725
6 800
6 893
6 955
7 10
7 11
7 12
7 13
7 14
7 15
7 17
7 18
7 21
7 28
7 29
7 30
7 31
7 36
7 38
7 60
7 62
7 68
7 80
7 97
7 109
7 121
7 122
7 132
7 135
7 170
7 179
7 182
7 187
7 201
7 203
7 206
7 221
7 250
7 260
7 312
7 318
7 322
7 328
7 342
7 343
7 344
7 371
7 387
7 410
7 421
7 444
7 470
7 495
7 496
7 499
7 504
7 506
7 517
7 528
7 539
7 541
7 545
7 552
7 555
7 597
7 627
7 695
7 702
7 715
7 776
7 788
7 791
7 810
7 824
7 829
7 876
7 880
7 952
7 969
7 985
7 1016
7 1020
8 10
8 11
8 12
8 13
8 15
8 16
8 21
8 23
8 25
8 28
8 30
8 33
8 43
8 48
8 49
8 63
8 69
8 86
8 88
8 91
8 96
8 98
8 100
8 101
8 131
8 142
8 148
8 151
8 155
8 192
8 237
8 242
8 251
8 294
8 312
8 352
8 389
8 399
8 405
8 407
8 444
8 453
8 460
8 474
8 488
8 492
8 530
8 537
8 543
8 604
8 655
8 702
8 774
8 799
8 801
8 842
8 872
8 888
8 894
8 899
8 934
8 936
8 940
8 956
8 960
8 961
8 972
8 989
9 10
9 11
9 12
9 13
9 14
9 15
9 16
9 19
9 20
9 22
9 24
9 26
9 29
9 35
9 36
9 39
9 40
9 41
9 44
9 45
9 47
9 48
9 49
9 57
9 63
9 66
9 70
9 73
9 77
9 79
9 80
9 86
9 92
9 97
9 130
9 132
9 134
9 137
9 150
9 151
9 161
9 166
9 170
9 173
9 187
9 189
9 208
9 223
9 231
9 240
9 244
9 245
9 246
9 275
9 279
9 291
9 301
9 321
9 331
9 342
9 350
9 356
9 364
9 365
9 374
9 388
9 397
9 427
9 430
9 446
9 456
9 457
9 461
9 466
9 469
9 483
9 484
9 493
9 509
9 511
9 543
9 568
9 582
9 638
9 651
9 671
9 673
9 677
9 685
9 698
9 710
9 718
9 728
9 755
9 756
9 760
9 762
9 795
9 809
9 829
9 849
9 878
9 888
9 889
9 907
9 934
9 994
10 11
10 12
10 13
10 14
10 15
10 16
10 17
10 18
10 19
10 20
10 22
10 23
10 25
10 26
10 27
10 29
10 31
10 32
10 35
10 36
10 38
10 39
10 42
10 43
10 44
10 46
10 49
10 51
10 52
10 53
10 55
10 59
10 62
10 65
10 68
10 70
10 71
10 72
10 74
10 81
10 84
10 85
10 87
10 92
10 97
10 102
10 106
10 108
10 110
10 113
10 115
10 118
10 119
10 120
10 125
10 126
10 128
10 133
10 136
10 138
10 144
10 165
10 168
10 170
10 185
10 195
10 196
10 209
10 220
10 223
10 224
10 225
10 226
10 239
10 241
10 246
10 254
10 259
10 277
10 281
10 282
10 291
10 296
10 300
10 302
10 308
10 312
10 316
10 320
10 324
10 332
10 345
10 348
10 368
10 381
10 390
10 391
10 395
10 396
10 408
10 419
10 446
10 449
10 455
10 458
10 465
10 466
10 468
10 480
10 481
10 483
10 490
10 493
10 499
10 502
10 509
10 510
10 522
10 526
10 535
10 541
10 546
10 594
10 611
10 620
10 621
10 639
10 645
10 660
10 662
10 665
10 674
10 697
10 700
10 706
10 710
10 723
10 732
10 739
10 765
10 767
10 775
10 779
10 783
10 784
10 796
10 798
10 826
10 836
10 845
10 859
10 863
10 864
10 888
10 889
10 896
10 902
10 908
10 912
10 915
10 921
10 926
10 938
10 943
10 953
10 955
10 994
10 1002
10 1010
11 12
11 13
11 14
11 15
11 16
11 17
11 18
11 21
11 23
11 24
11 25
11 28
11 31
11 32
11 33
11 34
11 37
11 38
11 39
11 40
11 43
11 45
11 46
11 47
11 49
11 54
11 61
11 62
11 63
11 69
11 77
11 86
11 89
11 97
11 99
11 103
11 111
11 114
11 118
11 120
11 130
11 135
11 141
11 142
11 150
11 155
11 156
11 161
11 181
11 192
11 199
11 212
11 228
11 231
11 232
11 238
11 250
11 254
11 258
11 261
11 268
11 271
11 279
11 288
11 323
11 325
11 329
11 346
11 347
11 353
11 358
11 360
11 379
11 381
11 398
11 408
11 418
11 427
11 436
11 440
11 458
11 461
11 481
11 533
11 534
11 536
11 538
11 543
11 555
11 567
11 576
11 583
11 588
11 599
11 611
11 626
11 644
11 645
11 647
11 657
11 658
11 677
11 685
11 693
11 696
11 704
11 708
11 723
11 729
11 760
11 790
11 801
11 812
11 814
11 815
11 816
11 844
11 846
11 852
11 874
11 881
11 903
11 912
11 960
11 972
11 1004
11 1020
12 13
12 14
12 15
12 16
12 17
12 19
12 20
12 21
12 23
12 28
12 30
12 32
12 39
12 40
12 41
12 42
12 43
12 56
12 57
12 58
12 63
12 67
12 75
12 78
12 83
12 84
12 85
12 103
12 105
12 106
12 109
12 122
12 126
12 130
12 144
12 154
12 169
12 171
12 172
12 186
12 187
12 192
12 194
12 196
12 197
12 198
12 204
12 205
12 207
12 211
12 213
12 215
12 218
12 237
12 238
12 246
12 251
12 260
12 261
12 264
12 267
12 269
12 270
12 271
12 276
12 295
12 301
12 303
12 309
12 310
12 311
12 316
12 325
12 345
12 358
12 359
12 377
12 382
12 387
12 389
12 394
12 396
12 407
12 425
12 430
12 435
12 436
12 437
12 447
12 452
12 484
12 487
12 492
12 493
12 503
12 518
12 523
12 531
12 535
12 540
12 547
12 559
12 567
12 585
12 589
12 603
12 616
12 620
12 639
12 640
12 655
12 659
12 667
12 672
12 686
12 688
12 714
12 724
12 734
12 748
12 749
12 752
12 758
12 793
12 804
12 807
12 837
12 847
12 879
12 887
12 891
12 892
12 914
12 918
12 922
12 930
12 942
12 952
12 963
12 970
12 983
12 991
12 1017
12 1021
12 1023
13 14
13 15
13 16
13 17
13 19
13 20
13 22
13 25
13 26
13 27
13 29
13 43
13 49
13 53
13 56
13 61
13 63
13 64
13 66
13 68
13 70
13 79
13 81
13 83
13 99
13 104
13 110
13 115
13 117
13 125
13 135
13 140
13 143
13 145
13 147
13 155
13 159
13 160
13 165
13 168
13 169
13 176
13 177
13 207
13 209
13 246
13 268
13 300
13 306
13 307
13 314
13 320
13 321
13 337
13 343
13 351
13 356
13 367
13 380
13 385
13 388
13 400
13 417
13 421
13 457
13 473
13 474
13 484
13 487
13 505
13 506
13 521
13 527
13 528
13 563
13 580
13 593
13 607
13 610
13 640
13 651
13 663
13 664
13 670
13 677
13 691
13 699
13 705
13 710
13 726
13 766
13 812
13 818
13 823
13 873
13 895
13 905
13 919
13 923
13 958
13 970
13 982
13 990
13 1009
14 15
14 16
14 17
14 18
14 22
14 23
14 25
14 27
14 28
14 30
14 31
14 32
14 33
14 35
14 36
14 40
14 41
14 43
14 47
14 48
14 50
14 54
14 57
14 60
14 79
14 81
14 82
14 85
14 91
14 92
14 96
14 103
14 104
14 106
14 109
14 114
14 115
14 116
14 117
14 119
14 124
14 130
14 131
14 136
14 140
14 141
14 147
14 148
14 149
14 150
14 151
14 159
14 162
14 166
14 170
14 171
14 172
14 176
14 179
14 180
14 181
14 185
14 186
14 191
14 204
14 208
14 209
14 211
14 216
14 220
14 226
14 229
14 231
14 234
14 240
14 244
14 251
14 260
14 264
14 266
14 271
14 274
14 275
14 279
14 292
14 293
14 298
14 307
14 314
14 326
14 351
14 357
14 358
14 360
14 361
14 366
14 377
14 378
14 379
14 387
14 388
14 393
14 398
14 404
14 407
14 416
14 420
14 424
14 425
14 428
14 429
14 433
14 437
14 448
14 450
14 466
14 476
14 481
14 485
14 488
14 499
14 516
14 523
14 529
14 531
14 537
14 542
14 549
14 555
14 578
14 580
14 584
14 586
14 613
14 614
14 625
14 630
14 644
14 648
14 663
14 674
14 701
14 715
14 722
14 738
14 743
14 753
14 764
14 766
14 797
14 815
14 818
14 835
14 849
14 852
14 869
14 878
14 891
14 893
14 912
14 914
14 947
14 953
14 959
14 960
14 973
14 995
14 1004
14 1010
15 16
15 18
15 19
15 21
15 22
15 23
15 24
15 25
15 27
15 29
15 30
15 31
15 35
15 37
15 42
15 43
15 47
15 48
15 50
15 52
15 53
15 56
15 59
15 67
15 71
15 73
15 74
15 76
15 85
15 88
15 90
15 93
15 104
15 107
15 124
15 126
15 127
15 131
15 132
15 133
15 137
15 138
15 162
15 169
15 170
15 179
15 192
15 204
15 214
15 215
15 242
15 243
15 270
15 278
15 283
15 290
15 298
15 302
15 311
15 315
15 321
15 327
15 328
15 329
15 330
15 352
15 365
15 378
15 382
15 385
15 387
15 389
15 428
15 457
15 459
15 460
15 472
15 474
15 475
15 489
15 499
15 503
15 540
15 578
15 597
15 632
15 649
15 654
15 671
15 690
15 708
15 724
15 731
15 754
15 756
15 763
15 771
15 784
15 788
15 838
15 865
15 868
15 869
15 876
15 894
15 897
15 904
15 914
15 919
15 946
15 950
15 957
15 969
15 976
15 1023
16 17
16 18
16 19
16 20
16 22
16 24
16 26
16 27
16 31
16 32
16 33
16 35
16 37
16 41
16 44
16 46
16 47
16 50
16 54
16 66
16 70
16 72
16 76
16 82
16 84
16 87
16 90
16 91
16 94
16 103
16 105
16 112
16 119
16 120
16 130
16 159
16 164
16 168
16 174
16 175
16 181
16 187
16 190
16 194
16 208
16 217
16 218
16 230
16 234
16 237
16 239
16 240
16 243
16 248
16 262
16 267
16 271
16 285
16 304
16 339
16 349
16 354
16 362
16 371
16 372
16 374
16 380
16 399
16 411
16 421
16 433
16 441
16 463
16 472
16 481
16 502
16 513
16 553
16 558
16 562
16 563
16 577
16 587
16 589
16 621
16 626
16 629
16 656
16 659
16 661
16 678
16 692
16 697
16 717
16 727
16 739
16 755
16 761
16 780
16 786
16 811
16 839
16 852
16 867
16 874
16 889
16 896
16 924
16 934
16 936
16 941
16 947
16 985
17 18
17 19
17 20
17 21
17 24
17 29
17 31
17 33
17 34
17 36
17 38
17 39
17 51
17 52
17 68
17 70
17 73
17 74
17 75
17 82
17 87
17 95
17 103
17 105
17 113
17 117
17 126
17 134
17 136
17 140
17 145
17 159
17 160
17 162
17 190
17 201
17 203
17 204
17 206
17 212
17 240
17 255
17 257
17 259
17 285
17 288
17 298
17 300
17 309
17 317
17 335
17 388
17 398
17 404
17 450
17 456
17 515
17 531
17 561
17 564
17 585
17 588
17 599
17 627
17 648
17 662
17 668
17 672
17 697
17 726
17 730
17 738
17 757
17 760
17 770
17 782
17 786
17 795
17 820
17 870
17 895
17 967
17 979
17 1001
18 19
18 21
18 22
18 29
18 30
18 32
18 33
18 37
18 39
18 42
18 44
18 45
18 50
18 51
18 58
18 61
18 64
18 67
18 70
18 73
18 78
18 79
18 83
18 92
18 96
18 97
18 98
18 99
18 108
18 109
18 117
18 129
18 132
18 136
18 146
18 154
18 173
18 174
18 180
18 191
18 192
18 194
18 204
18 208
18 210
18 245
18 248
18 249
18 250
18 266
18 286
18 305
18 311
18 313
18 327
18 329
18 339
18 354
18 369
18 374
18 385
18 388
18 392
18 393
18 404
18 440
18 465
18 500
18 534
18 550
18 566
18 571
18 587
18 589
18 591
18 611
18 631
18 641
18 657
18 686
18 688
18 712
18 729
18 750
18 751
18 755
18 768
18 769
18 781
18 791
18 798
18 804
18 822
18 888
18 936
18 946
18 957
18 967
18 980
18 989
18 1001
18 1017
19 20
19 24
19 26
19 28
19 32
19 33
19 39
19 46
19 51
19 60
19 63
19 69
19 76
19 93
19 96
19 100
19 101
19 109
19 115
19 119
19 142
19 161
19 164
19 165
19 186
19 200
19 207
19 223
19 269
19 287
19 289
19 290
19 297
19 308
19 315
19 325
19 333
19 369
19 400
19 403
19 414
19 426
19 434
19 443
19 482
19 495
19 506
19 516
19 523
19 533
19 570
19 595
19 658
19 681
19 684
19 687
19 689
19 773
19 792
19 823
19 901
19 904
19 937
19 939
19 946
19 956
19 964
19 989
19 1001
19 1007
20 24
20 25
20 26
20 34
20 40
20 44
20 45
20 56
20 70
20 72
20 83
20 91
20 104
20 107
20 112
20 116
20 117
20 123
20 129
20 134
20 137
20 145
20 154
20 159
20 182
20 200
20 214
20 217
20 234
20 242
20 249
20 259
20 276
20 281
20 284
20 353
20 395
20 404
20 414
20 448
20 462
20 473
20 483
20 519
20 529
20 532
20 540
20 546
20 602
20 617
20 643
20 647
20 649
20 689
20 697
20 748
20 764
20 782
20 805
20 829
20 847
20 850
20 851
20 870
20 871
20 894
20 945
20 990
20 1000
21 23
21 24
21 25
21 27
21 29
21 30
21 37
21 49
21 52
21 60
21 62
21 71
21 75
21 81
21 89
21 94
21 101
21 103
21 110
21 124
21 128
21 142
21 161
21 162
21 195
21 200
21 214
21 223
21 226
21 230
21 238
21 245
21 256
21 266
21 274
21 280
21 339
21 348
21 350
21 365
21 376
21 400
21 421
21 423
21 468
21 473
21 491
21 534
21 564
21 587
21 592
21 596
21 601
21 603
21 606
21 638
21 654
21 696
21 761
21 779
21 793
21 799
21 852
21 929
21 934
21 957
21 964
21 999
21 1011
22 23
22 26
22 30
22 34
22 36
22 52
22 59
22 60
22 67
22 90
22 95
22 100
22 107
22 118
22 135
22 146
22 149
22 152
22 153
22 198
22 214
22 215
22 222
22 295
22 320
22 326
22 337
22 399
22 412
22 438
22 482
22 487
22 572
22 577
22 588
22 591
22 598
22 663
22 680
22 687
22 713
22 798
22 801
22 882
22 893
22 901
22 1009
22 1021
23 28
23 36
23 38
23 48
23 57
23 58
23 65
23 78
23 92
23 98
23 101
23 102
23 107
23 109
23 110
23 113
23 118
23 129
23 140
23 146
23 148
23 156
23 173
23 174
23 175
23 176
23 178
23 193
23 197
23 199
23 204
23 214
23 216
23 239
23 252
23 279
23 283
23 297
23 303
23 324
23 331
23 341
23 365
23 385
23 387
23 389
23 412
23 464
23 469
23 525
23 636
23 652
23 655
23 662
23 672
23 681
23 686
23 736
23 739
23 740
23 856
23 889
23 899
23 1021
24 26
24 27
24 35
24 40
24 41
24 44
24 46
24 54
24 55
24 57
24 58
24 66
24 73
24 77
24 79
24 80
24 88
24 89
24 93
24 102
24 110
24 111
24 118
24 119
24 143
24 149
24 151
24 163
24 174
24 177
24 179
24 198
24 199
24 206
24 209
24 219
24 220
24 222
24 224
24 238
24 253
24 264
24 291
24 299
24 302
24 312
24 319
24 328
24 349
24 371
24 374
24 375
24 391
24 396
24 400
24 409
24 410
24 412
24 414
24 419
24 428
24 433
24 500
24 517
24 530
24 533
24 538
24 552
24 560
24 577
24 595
24 602
24 607
24 633
24 684
24 687
24 690
24 716
24 722
24 727
24 762
24 763
24 768
24 770
24 784
24 789
24 792
24 799
24 814
24 819
24 826
24 833
24 849
24 870
24 883
24 911
24 914
24 924
24 999
24 1006
24 1019
24 1023
25 28
25 35
25 37
25 40
25 42
25 44
25 45
25 47
25 58
25 61
25 62
25 76
25 77
25 80
25 86
25 100
25 102
25 111
25 116
25 120
25 123
25 129
25 144
25 146
25 158
25 160
25 171
25 190
25 209
25 228
25 230
25 266
25 268
25 272
25 305
25 342
25 359
25 360
25 363
25 391
25 394
25 414
25 415
25 426
25 430
25 447
25 448
25 471
25 484
25 488
25 489
25 514
25 525
25 532
25 546
25 547
25 569
25 578
25 584
25 587
25 626
25 632
25 645
25 646
25 672
25 708
25 712
25 721
25 769
25 771
25 796
25 806
25 822
25 873
25 880
25 883
25 892
25 893
25 927
25 979
25 992
25 1010
26 34
26 45
26 53
26 64
26 72
26 86
26 94
26 105
26 106
26 123
26 127
26 150
26 152
26 163
26 168
26 169
26 177
26 181
26 182
26 186
26 188
26 198
26 205
26 227
26 240
26 271
26 275
26 287
26 333
26 334
26 343
26 368
26 374
26 393
26 415
26 426
26 453
26 458
26 478
26 511
26 519
26 533
26 543
26 556
26 558
26 592
26 635
26 638
26 640
26 641
26 671
26 679
26 700
26 706
26 714
26 819
26 835
26 845
26 857
26 866
26 880
26 887
26 943
26 948
26 965
26 992
27 33
27 43
27 52
27 53
27 64
27 70
27 75
27 77
27 81
27 82
27 89
27 91
27 93
27 96
27 97
27 100
27 108
27 133
27 135
27 142
27 150
27 157
27 175
27 178
27 182
27 183
27 187
27 207
27 208
27 217
27 229
27 253
27 259
27 284
27 292
27 298
27 308
27 334
27 335
27 337
27 340
27 369
27 375
27 429
27 466
27 470
27 529
27 530
27 533
27 544
27 567
27 587
27 610
27 619
27 638
27 660
27 680
27 695
27 702
27 716
27 718
27 727
27 745
27 861
27 862
27 878
27 925
28 30
28 34
28 37
28 41
28 48
28 56
28 58
28 59
28 65
28 66
28 68
28 71
28 74
28 81
28 84
28 90
28 101
28 102
28 122
28 123
28 124
28 126
28 128
28 131
28 136
28 143
28 148
28 153
28 163
28 179
28 183
28 188
28 198
28 203
28 214
28 294
28 298
28 313
28 337
28 338
28 352
28 368
28 380
28 387
28 399
28 402
28 406
28 423
28 424
28 428
28 441
28 492
28 511
28 518
28 524
28 551
28 560
28 565
28 586
28 628
28 666
28 680
28 699
28 706
28 712
28 752
28 760
28 875
28 907
28 919
28 945
28 962
28 1023
29 31
29 33
29 34
29 38
29 39
29 40
29 46
29 47
29 48
29 51
29 61
29 64
29 65
29 67
29 69
29 72
29 74
29 77
29 89
29 91
29 97
29 101
29 108
29 110
29 112
29 116
29 121
29 127
29 145
29 151
29 159
29 204
29 209
29 216
29 223
29 224
29 233
29 253
29 268
29 272
29 274
29 279
29 281
29 300
29 315
29 316
29 318
29 321
29 328
29 334
29 350
29 357
29 362
29 394
29 420
29 443
29 445
29 446
29 464
29 475
29 497
29 502
29 505
29 513
29 541
29 568
29 572
29 577
29 583
29 607
29 617
29 628
29 637
29 638
29 644
29 646
29 653
29 685
29 714
29 726
29 771
29 780
29 790
29 801
29 802
29 809
29 815
29 821
29 837
29 846
29 854
29 856
29 864
29 882
29 971
29 973
29 990
29 995
29 1011
29 1014
30 36
30 38
30 43
30 53
30 72
30 74
30 87
30 89
30 93
30 98
30 101
30 105
30 107
30 114
30 115
30 121
30 129
30 131
30 135
30 151
30 156
30 180
30 182
30 193
30 225
30 238
30 241
30 245
30 254
30 261
30 272
30 278
30 279
30 297
30 299
30 309
30 312
30 338
30 357
30 376
30 442
30 458
30 472
30 476
30 489
30 512
30 534
30 539
30 540
30 550
30 569
30 579
30 606
30 634
30 647
30 696
30 704
30 794
30 826
30 846
30 905
30 922
30 947
30 956
30 959
30 968
30 1012
31 34
31 41
31 52
31 57
31 67
31 75
31 76
31 77
31 84
31 88
31 108
31 166
31 178
31 197
31 217
31 224
31 257
31 263
31 280
31 289
31 314
31 325
31 333
31 340
31 371
31 372
31 417
31 460
31 485
31 610
31 625
31 637
31 639
31 673
31 687
31 732
31 741
31 769
31 779
31 789
31 818
31 929
31 950
31 953
31 962
31 966
32 46
32 50
32 55
32 61
32 62
32 67
32 94
32 108
32 119
32 120
32 129
32 133
32 136
32 145
32 146
32 150
32 153
32 157
32 173
32 182
32 193
32 197
32 198
32 210
32 214
32 220
32 228
32 235
32 243
32 251
32 254
32 268
32 278
32 285
32 289
32 292
32 319
32 341
32 355
32 363
32 400
32 404
32 479
32 507
32 552
32 566
32 577
32 618
32 636
32 639
32 668
32 682
32 692
32 705
32 719
32 764
32 796
32 830
32 855
32 857
32 919
32 951
32 987
32 993
33 37
33 45
33 51
33 63
33 69
33 85
33 152
33 161
33 185
33 190
33 204
33 224
33 226
33 287
33 295
33 334
33 335
33 338
33 346
33 367
33 405
33 411
33 508
33 525
33 539
33 621
33 639
33 653
33 654
33 739
33 776
33 778
33 786
33 831
33 836
33 839
33 841
33 868
33 972
33 977
33 1012
33 1014
34 35
34 41
34 45
34 46
34 51
34 54
34 55
34 56
34 58
34 59
34 81
34 84
34 97
34 99
34 100
34 111
34 116
34 150
34 153
34 154
34 156
34 157
34 163
34 225
34 227
34 228
34 236
34 276
34 279
34 299
34 303
34 313
34 328
34 330
34 389
34 409
34 417
34 425
34 449
34 531
34 580
34 594
34 600
34 623
34 667
34 705
34 736
34 746
34 754
34 802
34 884
34 918
34 949
34 994
34 1011
34 1015
35 37
35 38
35 51
35 53
35 57
35 64
35 66
35 69
35 72
35 77
35 88
35 110
35 114
35 138
35 160
35 175
35 216
35 252
35 315
35 336
35 339
35 402
35 407
35 436
35 441
35 446
35 462
35 561
35 581
35 611
35 650
35 668
35 747
35 765
35 787
35 875
35 905
35 909
35 922
35 930
35 933
35 981
36 38
36 40
36 52
36 57
36 63
36 65
36 72
36 73
36 79
36 87
36 96
36 97
36 107
36 122
36 143
36 154
36 155
36 176
36 178
36 188
36 189
36 194
36 225
36 230
36 257
36 273
36 286
36 291
36 311
36 335
36 341
36 371
36 388
36 392
36 433
36 439
36 441
36 451
36 471
36 472
36 474
36 487
36 538
36 545
36 551
36 576
36 603
36 622
36 623
36 642
36 657
36 660
36 691
36 743
36 745
36 766
36 798
36 807
36 878
36 889
36 944
37 38
37 42
37 47
37 73
37 90
37 94
37 99
37 113
37 139
37 142
37 144
37 156
37 158
37 164
37 192
37 231
37 238
37 258
37 272
37 306
37 362
37 366
37 373
37 379
37 476
37 574
37 642
37 702
37 777
37 832
37 869
37 891
37 929
37 956
37 1023
38 50
38 59
38 63
38 65
38 109
38 123
38 128
38 185
38 193
38 229
38 245
38 286
38 314
38 317
38 363
38 365
38 369
38 381
38 403
38 410
38 415
38 446
38 507
38 526
38 547
38 569
38 578
38 594
38 598
38 651
38 709
38 818
38 842
38 873
38 885
38 908
38 968
38 1002
38 1015
39 42
39 44
39 48
39 49
39 55
39 56
39 59
39 69
39 70
39 72
39 73
39 74
39 79
39 83
39 95
39 96
39 99
39 112
39 115
39 124
39 130
39 138
39 141
39 147
39 162
39 167
39 185
39 206
39 210
39 224
39 230
39 237
39 246
39 248
39 252
39 253
39 256
39 282
39 291
39 293
39 300
39 303
39 319
39 324
39 328
39 334
39 378
39 412
39 413
39 445
39 456
39 464
39 465
39 482
39 491
39 500
39 515
39 533
39 534
39 554
39 572
39 581
39 593
39 596
39 602
39 607
39 629
39 631
39 642
39 655
39 706
39 728
39 740
39 749
39 767
39 783
39 804
39 813
39 823
39 840
39 852
39 879
39 883
39 913
39 967
39 970
39 971
39 984
39 993
39 1017
40 47
40 54
40 61
40 87
40 112
40 113
40 115
40 122
40 131
40 133
40 148
40 154
40 172
40 176
40 209
40 215
40 237
40 243
40 248
40 253
40 258
40 281
40 286
40 304
40 308
40 321
40 329
40 332
40 336
40 374
40 393
40 406
40 459
40 469
40 513
40 608
40 645
40 707
40 728
40 730
40 736
40 749
40 768
40 876
40 881
40 967
40 997
40 1001
41 45
41 50
41 51
41 86
41 92
41 94
41 122
41 125
41 131
41 162
41 165
41 168
41 216
41 228
41 242
41 265
41 354
41 413
41 453
41 497
41 503
41 517
41 542
41 570
41 631
41 642
41 718
41 730
41 758
41 774
41 783
41 880
41 1014
42 50
42 51
42 78
42 111
42 141
42 151
42 167
42 200
42 252
42 329
42 352
42 360
42 390
42 399
42 415
42 693
42 751
42 756
42 805
42 870
42 965
42 978
43 52
43 55
43 58
43 69
43 94
43 98
43 102
43 108
43 117
43 118
43 123
43 127
43 131
43 134
43 161
43 180
43 183
43 188
43 201
43 208
43 258
43 263
43 269
43 305
43 331
43 340
43 345
43 348
43 386
43 423
43 429
43 456
43 470
43 479
43 485
43 486
43 505
43 507
43 511
43 530
43 540
43 545
43 549
43 566
43 578
43 613
43 615
43 623
43 634
43 635
43 666
43 690
43 691
43 710
43 714
43 750
43 834
43 874
43 890
43 968
43 971
44 78
44 93
44 94
44 122
44 141
44 143
44 173
44 190
44 194
44 202
44 229
44 253
44 259
44 267
44 271
44 279
44 285
44 315
44 317
44 324
44 326
44 336
44 340
44 382
44 392
44 437
44 477
44 546
44 579
44 623
44 669
44 675
44 700
44 703
44 718
44 737
44 781
44 812
44 892
44 916
44 935
44 939
44 949
44 975
44 993
45 58
45 59
45 61
45 78
45 80
45 88
45 106
45 108
45 131
45 141
45 183
45 184
45 215
45 224
45 230
45 233
45 259
45 266
45 267
45 285
45 318
45 322
45 345
45 436
45 480
45 493
45 497
45 679
45 763
45 766
45 816
45 938
46 69
46 137
46 143
46 167
46 196
46 212
46 236
46 239
46 248
46 273
46 334
46 368
46 560
46 561
46 615
46 654
46 742
46 777
47 52
47 53
47 54
47 68
47 80
47 92
47 106
47 114
47 116
47 118
47 135
47 180
47 184
47 191
47 199
47 202
47 227
47 239
47 297
47 310
47 324
47 343
47 395
47 419
47 439
47 516
47 551
47 600
47 609
47 612
47 652
47 668
47 743
47 819
47 861
47 933
47 944
47 1011
48 49
48 50
48 55
48 56
48 60
48 70
48 78
48 103
48 109
48 114
48 115
48 120
48 121
48 124
48 127
48 128
48 132
48 139
48 155
48 156
48 179
48 202
48 211
48 216
48 224
48 226
48 243
48 253
48 267
48 278
48 286
48 303
48 316
48 336
48 355
48 368
48 372
48 376
48 379
48 382
48 385
48 418
48 419
48 421
48 435
48 460
48 465
48 477
48 504
48 561
48 562
48 569
48 570
48 573
48 593
48 598
48 626
48 638
48 647
48 649
48 650
48 667
48 678
48 733
48 744
48 754
48 892
48 948
48 954
48 974
48 1006
48 1008
48 1015
48 1019
48 1020
49 76
49 78
49 89
49 98
49 101
49 110
49 123
49 180
49 184
49 187
49 208
49 215
49 248
49 290
49 297
49 311
49 324
49 327
49 372
49 403
49 404
49 420
49 424
49 442
49 477
49 509
49 524
49 545
49 597
49 613
49 627
49 645
49 742
49 750
49 768
49 810
49 850
49 910
49 945
49 962
49 988
49 995
49 996
49 1005
49 1015
49 1023
50 74
50 91
50 191
50 198
50 227
50 232
50 248
50 289
50 305
50 324
50 534
50 568
50 595
50 602
50 615
50 668
50 713
50 807
50 813
50 942
50 991
51 63
51 74
51 84
51 94
51 96
51 108
51 120
51 155
51 190
51 218
51 255
51 263
51 276
51 311
51 336
51 355
51 361
51 420
51 435
51 490
51 535
51 582
51 696
51 705
51 738
51 779
51 887
52 61
52 65
52 66
52 72
52 112
52 120
52 135
52 222
52 242
52 249
52 280
52 312
52 375
52 390
52 467
52 471
52 584
52 591
52 598
52 898
53 67
53 107
53 175
53 183
53 203
53 244
53 265
53 269
53 277
53 302
53 308
53 349
53 364
53 365
53 380
53 427
53 655
53 683
53 772
53 810
53 883
53 964
53 967
53 1000
54 58
54 65
54 75
54 79
54 80
54 93
54 95
54 116
54 140
54 193
54 194
54 195
54 222
54 283
54 301
54 310
54 404
54 422
54 435
54 440
54 442
54 446
54 455
54 458
54 470
54 535
54 536
54 542
54 567
54 659
54 662
54 673
54 689
54 745
54 765
54 770
54 774
54 781
54 816
54 849
54 872
54 919
54 933
54 951
54 1000
55 69
55 80
55 82
55 95
55 98
55 99
55 121
55 124
55 128
55 139
55 173
55 184
55 193
55 219
55 232
55 241
55 248
55 257
55 298
55 308
55 320
55 323
55 335
55 345
55 391
55 397
55 416
55 451
55 495
55 497
55 534
55 572
55 590
55 617
55 632
55 673
55 731
55 754
55 787
55 935
55 958
56 62
56 71
56 80
56 87
56 117
56 127
56 130
56 134
56 144
56 145
56 148
56 154
56 161
56 169
56 196
56 212
56 222
56 225
56 256
56 280
56 314
56 371
56 379
56 420
56 427
56 449
56 555
56 611
56 623
56 669
56 695
56 699
56 724
56 725
56 738
56 789
56 803
56 809
56 846
56 880
56 894
56 907
56 913
56 916
56 924
56 941
56 1003
56 1014
57 64
57 66
57 82
57 88
57 98
57 102
57 111
57 113
57 118
57 126
57 130
57 135
57 138
57 175
57 193
57 199
57 212
57 213
57 259
57 266
57 357
57 385
57 417
57 431
57 443
57 460
57 504
57 505
57 624
57 630
57 700
57 721
57 728
57 772
57 781
57 816
57 861
57 869
57 1013
58 59
58 68
58 73
58 80
58 106
58 107
58 166
58 180
58 203
58 204
58 243
58 269
58 273
58 302
58 314
58 434
58 469
58 479
58 507
58 519
58 536
58 573
58 574
58 610
58 649
58 683
58 709
58 725
58 862
58 948
58 955
58 1015
59 60
59 68
59 78
59 82
59 95
59 112
59 138
59 171
59 191
59 198
59 209
59 223
59 247
59 263
59 273
59 329
59 339
59 351
59 352
59 360
59 376
59 378
59 384
59 438
59 445
59 448
59 449
59 485
59 520
59 543
59 564
59 582
59 587
59 602
59 687
59 699
59 730
59 749
59 752
59 763
59 785
59 841
59 888
59 894
59 912
59 924
59 975
60 64
60 67
60 81
60 92
60 100
60 104
60 106
60 125
60 136
60 139
60 141
60 151
60 168
60 178
60 250
60 285
60 291
60 355
60 358
60 397
60 401
60 418
60 482
60 495
60 514
60 568
60 600
60 630
60 665
60 670
60 700
60 735
60 903
60 1010
61 111
61 116
61 153
61 165
61 179
61 306
61 372
61 430
61 472
61 542
61 656
61 752
61 861
61 871
61 994
61 999
61 1023
62 67
62 75
62 85
62 88
62 148
62 177
62 187
62 227
62 238
62 243
62 247
62 251
62 279
62 288
62 293
62 308
62 313
62 328
62 351
62 400
62 452
62 473
62 484
62 549
62 609
62 625
62 656
62 792
62 813
62 818
62 848
62 970
62 1007
63 66
63 71
63 76
63 89
63 96
63 103
63 110
63 132
63 134
63 157
63 164
63 171
63 215
63 219
63 221
63 227
63 250
63 278
63 284
63 315
63 356
63 368
63 372
63 436
63 476
63 515
63 534
63 548
63 555
63 559
63 566
63 576
63 585
63 624
63 634
63 637
63 650
63 660
63 663
63 740
63 791
63 802
63 875
63 902
63 904
63 912
63 922
63 973
63 982
63 1016
64 65
64 71
64 86
64 114
64 123
64 125
64 167
64 170
64 193
64 200
64 233
64 283
64 290
64 332
64 341
64 454
64 463
64 494
64 514
64 519
64 521
64 555
64 587
64 616
64 632
64 683
64 740
64 780
64 811
64 830
64 908
64 940
64 963
65 68
65 76
65 91
65 95
65 103
65 157
65 158
65 160
65 168
65 191
65 219
65 269
65 303
65 309
65 310
65 329
65 330
65 338
65 354
65 366
65 441
65 476
65 599
65 616
65 647
65 717
65 728
65 743
65 778
65 795
65 823
65 831
65 854
65 867
65 890
65 893
65 948
65 993
65 1011
66 71
66 87
66 105
66 111
66 112
66 124
66 226
66 239
66 247
66 275
66 385
66 428
66 442
66 494
66 538
66 556
66 626
66 635
66 650
66 759
66 858
66 901
66 906
66 934
66 1018
67 92
67 106
67 107
67 124
67 132
67 138
67 255
67 348
67 349
67 383
67 416
67 439
67 467
67 544
67 587
67 639
67 655
67 691
67 762
67 792
67 798
67 803
67 842
67 862
67 864
67 906
67 931
67 933
67 939
67 943
67 1009
68 82
68 87
68 90
68 91
68 126
68 130
68 137
68 164
68 170
68 233
68 322
68 332
68 341
68 346
68 353
68 395
68 438
68 454
68 502
68 671
68 706
68 707
68 729
68 764
68 866
69 76
69 83
69 119
69 154
69 167
69 190
69 224
69 239
69 264
69 267
69 306
69 350
69 415
69 422
69 477
69 542
69 561
69 564
69 572
69 632
69 669
69 677
69 827
69 923
70 75
70 77
70 96
70 108
70 181
70 219
70 220
70 243
70 276
70 279
70 290
70 321
70 334
70 341
70 364
70 370
70 409
70 429
70 444
70 500
70 510
70 562
70 591
70 612
70 711
70 753
70 766
70 790
70 809
70 817
70 819
70 912
70 919
70 981
70 1003
71 83
71 94
71 152
71 162
71 178
71 198
71 207
71 251
71 258
71 304
71 327
71 333
71 352
71 355
71 357
71 395
71 396
71 405
71 497
71 561
71 615
71 691
71 695
71 776
71 782
72 83
72 84
72 90
72 99
72 119
72 138
72 140
72 220
72 225
72 270
72 277
72 287
72 299
72 330
72 337
72 338
72 353
72 383
72 469
72 489
72 498
72 638
72 657
72 721
72 781
72 840
72 936
72 951
72 959
72 963
72 986
72 987
72 1003
72 1012
73 97
73 197
73 217
73 326
73 357
73 403
73 436
73 440
73 507
73 512
73 558
73 665
73 690
73 890
74 79
74 90
74 106
74 109
74 121
74 128
74 133
74 136
74 217
74 233
74 238
74 252
74 257
74 289
74 296
74 320
74 322
74 323
74 362
74 376
74 401
74 411
74 490
74 494
74 508
74 548
74 550
74 562
74 567
74 573
74 592
74 616
74 634
74 669
74 729
74 736
74 838
74 890
74 908
74 949
74 973
74 1009
75 82
75 111
75 116
75 130
75 147
75 200
75 221
75 235
75 259
75 261
75 282
75 284
75 299
75 360
75 384
75 386
75 389
75 409
75 413
75 439
75 451
75 452
75 521
75 577
75 615
75 673
75 709
75 775
75 809
75 824
76 91
76 105
76 111
76 127
76 163
76 218
76 230
76 264
76 272
76 301
76 385
76 432
76 468
76 528
76 685
76 704
76 727
76 770
76 871
77 81
77 117
77 271
77 275
77 297
77 364
77 380
77 541
77 863
77 932
78 85
78 99
78 104
78 176
78 200
78 207
78 267
78 282
78 283
78 286
78 351
78 410
78 419
78 425
78 438
78 440
78 453
78 468
78 520
78 531
78 843
78 890
79 84
79 122
79 139
79 162
79 165
79 197
79 247
79 262
79 274
79 296
79 347
79 420
79 451
79 461
79 560
79 579
79 597
79 651
79 683
79 746
79 850
79 940
79 1006
80 95
80 101
80 110
80 134
80 137
80 139
80 142
80 143
80 149
80 150
80 160
80 184
80 185
80 195
80 247
80 249
80 291
80 294
80 347
80 455
80 532
80 534
80 569
80 596
80 627
80 633
80 651
80 653
80 669
80 738
80 757
80 791
80 820
80 828
80 869
80 913
80 934
80 998
81 86
81 100
81 137
81 151
81 179
81 185
81 218
81 224
81 236
81 262
81 275
81 299
81 322
81 373
81 423
81 439
81 526
81 559
81 631
81 822
81 860
81 940
81 942
81 1008
82 85
82 103
82 119
82 122
82 128
82 133
82 135
82 141
82 150
82 157
82 222
82 232
82 277
82 280
82 283
82 310
82 325
82 340
82 361
82 370
82 372
82 377
82 398
82 401
82 413
82 414
82 422
82 433
82 512
82 515
82 519
82 520
82 547
82 562
82 609
82 616
82 634
82 644
82 691
82 747
82 778
82 805
82 844
82 873
82 907
82 942
82 976
83 98
83 127
83 153
83 172
83 176
83 194
83 220
83 261
83 325
83 397
83 402
83 428
83 433
83 466
83 475
83 480
83 549
83 550
83 559
83 573
83 588
83 653
83 666
83 673
83 675
83 697
83 717
83 727
83 790
83 891
83 942
84 90
84 93
84 206
84 210
84 221
84 257
84 268
84 284
84 300
84 363
84 437
84 465
84 494
84 598
84 624
84 674
84 815
84 833
84 838
84 896
84 911
84 985
84 1011
85 102
85 105
85 114
85 126
85 140
85 144
85 149
85 157
85 171
85 181
85 195
85 209
85 213
85 228
85 240
85 254
85 285
85 300
85 303
85 309
85 463
85 474
85 480
85 487
85 497
85 548
85 559
85 581
85 624
85 641
85 668
85 671
85 680
85 711
85 726
85 774
85 828
85 845
85 854
85 872
85 881
85 928
85 987
85 993
85 1018
86 113
86 174
86 310
86 347
86 371
86 397
86 423
86 486
86 571
86 586
86 593
86 679
86 722
86 732
86 741
86 750
86 784
86 977
86 987
86 996
86 1020
87 102
87 129
87 154
87 170
87 188
87 217
87 262
87 300
87 322
87 342
87 357
87 361
87 363
87 369
87 377
87 382
87 404
87 423
87 426
87 453
87 478
87 479
87 498
87 523
87 554
87 622
87 644
87 690
87 696
87 763
87 794
87 842
87 863
87 867
87 895
87 950
87 956
87 963
88 89
88 159
88 166
88 183
88 186
88 211
88 235
88 250
88 251
88 265
88 293
88 294
88 310
88 370
88 373
88 384
88 426
88 520
88 584
88 697
88 745
88 755
88 782
88 813
88 853
88 917
88 974
88 979
89 104
89 142
89 144
89 147
89 156
89 243
89 257
89 262
89 281
89 287
89 292
89 383
89 448
89 467
89 501
89 530
89 601
89 604
89 636
89 659
89 682
89 685
89 696
89 765
89 788
89 800
89 825
89 845
89 854
89 897
89 903
89 928
89 945
89 947
90 92
90 100
90 153
90 177
90 183
90 189
90 205
90 208
90 210
90 212
90 251
90 273
90 330
90 363
90 365
90 376
90 382
90 390
90 392
90 397
90 412
90 418
90 473
90 475
90 514
90 517
90 544
90 692
90 737
90 776
90 781
90 783
90 804
90 1002
91 99
91 160
91 174
91 202
91 304
91 323
91 342
91 482
91 551
91 707
91 780
91 835
91 879
91 885
91 985
91 1016
92 154
92 162
92 195
92 241
92 250
92 283
92 325
92 378
92 435
92 444
92 532
92 566
92 914
93 105
93 115
93 123
93 178
93 182
93 253
93 254
93 289
93 305
93 320
93 338
93 369
93 467
93 487
93 488
93 654
93 874
93 937
93 954
93 991
93 995
94 157
94 170
94 188
94 196
94 234
94 266
94 286
94 294
94 353
94 364
94 416
94 516
94 529
94 603
94 606
94 626
94 672
94 766
94 796
94 831
94 861
95 112
95 113
95 121
95 136
95 139
95 166
95 229
95 252
95 263
95 277
95 297
95 308
95 314
95 383
95 396
95 405
95 483
95 525
95 543
95 558
95 594
95 621
95 629
95 667
95 822
95 869
95 875
95 1007
96 129
96 149
96 151
96 186
96 232
96 236
96 273
96 291
96 312
96 392
96 405
96 422
96 458
96 462
96 492
96 609
96 749
96 950
96 984
97 125
97 132
97 134
97 138
97 173
97 179
97 199
97 236
97 282
97 430
97 431
97 463
97 483
97 486
97 495
97 548
97 664
97 670
97 878
97 972
97 977
98 163
98 167
98 206
98 256
98 278
98 292
98 304
98 349
98 369
98 390
98 401
98 491
98 496
98 524
98 572
98 606
98 659
98 808
98 810
98 1020
99 137
99 146
99 175
99 186
99 196
99 197
99 226
99 242
99 254
99 327
99 344
99 375
99 408
99 415
99 509
99 567
99 617
99 621
99 708
99 719
99 767
99 867
99 893
99 899
100 112
100 149
100 406
100 430
100 435
100 485
100 644
100 693
100 710
100 736
100 755
101 117
101 134
101 140
101 147
101 202
101 205
101 219
101 236
101 256
101 305
101 307
101 416
101 457
101 606
101 634
101 643
101 786
101 803
101 864
101 942
102 113
102 115
102 124
102 137
102 141
102 155
102 157
102 170
102 206
102 208
102 256
102 267
102 305
102 358
102 364
102 371
102 392
102 404
102 461
102 530
102 551
102 625
102 639
102 674
102 724
102 736
102 774
102 807
102 876
102 893
102 905
102 907
102 979
102 1006
103 113
103 125
103 158
103 187
103 210
103 258
103 359
103 392
103 401
103 406
103 432
103 436
103 454
103 538
103 566
103 604
103 658
103 682
103 722
103 769
103 809
103 920
103 944
103 978
103 983
104 120
104 183
104 257
104 262
104 293
104 296
104 318
104 331
104 350
104 429
104 501
104 546
104 570
104 574
104 636
104 729
104 769
104 783
104 918
104 1022
105 114
105 139
105 150
105 195
105 203
105 234
105 286
105 333
105 443
105 527
105 545
105 562
105 668
105 735
105 769
105 823
105 888
105 984
105 998
106 155
106 169
106 174
106 184
106 211
106 286
106 292
106 326
106 378
106 547
106 624
106 731
106 734
106 736
106 755
106 855
106 926
106 987
107 121
107 222
107 277
107 301
107 319
107 379
107 435
107 634
107 663
107 673
107 762
107 866
107 974
108 121
108 125
108 132
108 198
108 205
108 223
108 247
108 311
108 331
108 343
108 344
108 354
108 441
108 447
108 484
108 508
108 521
108 526
108 601
108 734
108 759
108 839
108 953
108 1018
109 148
109 158
109 161
109 175
109 225
109 238
109 261
109 270
109 290
109 312
109 326
109 342
109 383
109 421
109 454
109 493
109 500
109 602
109 689
109 757
109 767
109 851
109 1002
110 120
110 128
110 146
110 153
110 183
110 216
110 230
110 254
110 264
110 274
110 288
110 323
110 330
110 338
110 344
110 371
110 492
110 533
110 579
110 593
110 620
110 699
110 733
110 824
110 840
110 850
110 867
110 875
110 900
110 959
110 989
111 118
111 175
111 216
111 232
111 265
111 302
111 358
111 455
111 553
111 614
111 628
111 685
111 698
111 710
111 767
111 791
111 875
112 125
112 153
112 199
112 225
112 317
112 319
112 524
112 530
112 657
112 663
112 752
112 767
112 805
112 926
112 987
113 119
113 142
113 144
113 210
113 244
113 270
113 354
113 358
113 419
113 542
113 660
113 666
113 721
113 857
113 908
114 123
114 127
114 136
114 161
114 184
114 195
114 244
114 245
114 255
114 258
114 307
114 351
114 360
114 386
114 408
114 449
114 495
114 513
114 550
114 597
114 632
114 779
114 785
114 799
114 807
114 1011
115 143
115 157
115 172
115 273
115 306
115 381
115 439
115 537
115 620
115 633
115 643
115 760
115 762
115 825
115 832
115 834
115 844
115 934
115 1005
116 144
116 147
116 167
116 190
116 202
116 242
116 255
116 302
116 321
116 344
116 365
116 386
116 402
116 441
116 632
116 667
116 852
116 859
116 904
116 909
116 937
116 1008
117 127
117 143
117 145
117 152
117 310
117 339
117 384
117 554
117 563
117 576
117 582
117 586
117 718
117 726
117 805
118 145
118 147
118 162
118 177
118 282
118 336
118 350
118 364
118 377
118 384
118 388
118 426
118 446
118 452
118 498
118 630
118 653
118 694
118 707
118 739
118 744
118 915
118 952
118 969
118 985
118 996
119 186
119 208
119 398
119 665
119 804
119 877
120 173
120 382
120 491
120 497
120 608
120 695
120 716
120 845
120 863
121 163
121 164
121 210
121 222
121 276
121 298
121 520
121 522
121 585
121 973
121 1007
121 1022
122 134
122 141
122 155
122 218
122 228
122 237
122 254
122 255
122 308
122 319
122 359
122 377
122 415
122 431
122 442
122 456
122 490
122 510
122 513
122 747
122 787
122 949
122 1017
123 153
123 182
123 184
123 191
123 253
123 337
123 443
123 469
123 481
123 677
123 825
123 932
123 980
123 991
124 164
124 189
124 256
124 420
124 427
124 489
124 613
124 615
124 775
124 836
124 889
124 897
124 899
124 920
124 947
125 131
125 133
125 184
125 188
125 201
125 277
125 344
125 373
125 449
125 458
125 479
125 536
125 538
125 550
125 568
125 570
125 592
125 638
125 673
125 685
125 693
125 727
125 840
125 905
125 923
125 980
126 149
126 166
126 214
126 259
126 330
126 381
126 384
126 419
126 467
126 472
126 476
126 511
126 525
126 577
126 659
126 664
126 696
126 717
126 742
126 820
126 880
126 905
126 925
127 146
127 354
127 358
127 414
127 453
127 472
127 527
127 550
127 592
127 699
127 768
127 783
127 815
127 860
127 890
127 956
127 1014
128 152
128 156
128 201
128 242
128 286
128 291
128 362
128 409
128 511
128 521
128 641
128 714
128 787
128 921
128 1016
129 137
129 231
129 297
129 332
129 418
129 439
129 549
129 666
129 961
129 978
130 147
130 148
130 149
130 164
130 181
130 190
130 195
130 196
130 203
130 210
130 218
130 245
130 259
130 260
130 263
130 265
130 287
130 332
130 348
130 393
130 425
130 432
130 452
130 464
130 571
130 590
130 601
130 632
130 639
130 652
130 654
130 675
130 679
130 680
130 689
130 733
130 735
130 779
130 817
131 159
131 172
131 202
131 220
131 263
131 268
131 306
131 319
131 323
131 375
131 434
131 463
131 477
131 482
131 518
131 538
131 540
131 575
131 616
131 682
131 727
131 740
132 260
132 275
132 281
132 318
132 535
132 554
132 689
132 764
132 966
133 139
133 160
133 195
133 223
133 225
133 233
133 235
133 288
133 324
133 401
133 406
133 409
133 424
133 533
133 555
133 564
133 583
133 620
133 648
133 733
133 745
133 761
133 808
133 820
133 986
134 156
134 166
134 177
134 265
134 320
134 328
134 401
134 475
134 512
134 541
134 586
134 650
134 722
134 725
134 738
134 845
134 893
134 946
134 958
135 200
135 237
135 257
135 261
135 285
135 288
135 296
135 353
135 378
135 430
135 464
135 504
135 505
135 526
135 628
135 629
135 679
135 681
135 690
135 700
135 800
135 805
135 832
135 836
135 847
135 923
135 978
135 999
136 158
136 160
136 175
136 207
136 213
136 228
136 239
136 275
136 305
136 393
136 403
136 464
136 466
136 488
136 510
136 527
136 573
136 600
136 635
136 818
136 848
136 886
137 160
137 237
137 266
137 306
137 362
137 370
137 460
137 524
137 531
137 583
137 640
137 651
137 671
137 732
137 809
137 839
137 906
137 940
138 159
138 185
138 249
138 262
138 389
138 438
138 512
138 514
138 620
138 769
138 898
139 142
139 166
139 205
139 228
139 234
139 323
139 361
139 367
139 390
139 461
139 490
139 492
139 520
139 528
139 544
139 754
139 760
139 771
139 802
139 894
139 988
139 1016
140 264
140 290
140 296
140 340
140 351
140 477
140 553
140 592
140 597
140 630
140 672
140 734
140 759
140 797
140 960
141 146
141 202
141 232
141 235
141 524
141 528
141 551
141 591
141 749
141 827
141 828
141 962
141 979
141 989
142 145
142 152
142 199
142 206
142 230
142 250
142 290
142 326
142 361
142 371
142 437
142 443
142 505
142 507
142 508
142 544
142 572
142 641
142 731
142 757
142 764
142 778
142 781
142 824
142 867
142 982
142 1017
143 166
143 193
143 194
143 196
143 280
143 346
143 403
143 662
143 762
143 799
143 895
144 163
144 165
144 234
144 241
144 261
144 329
144 350
144 380
144 459
144 501
144 518
144 539
144 661
144 664
144 706
144 746
144 825
144 826
145 237
145 256
145 312
145 461
145 467
145 606
145 706
145 788
145 902
145 986
145 1019
146 163
146 173
146 297
146 299
146 313
146 418
146 422
146 441
146 444
146 452
146 528
146 604
146 635
146 648
146 657
146 744
146 776
146 803
146 836
146 843
146 877
147 165
147 206
147 271
147 294
147 373
147 382
147 453
147 466
147 635
147 794
147 801
147 934
148 149
148 152
148 155
148 231
148 232
148 272
148 296
148 395
148 406
148 410
148 468
148 516
148 716
148 732
148 752
148 772
148 905
148 921
149 178
149 181
149 190
149 201
149 301
149 307
149 422
149 431
149 438
149 628
149 674
149 772
149 928
150 171
150 186
150 207
150 236
150 318
150 345
150 384
150 420
150 445
150 451
150 480
150 484
150 515
150 656
150 688
150 772
150 793
150 978
151 165
151 172
151 201
151 207
151 239
151 267
151 270
151 402
151 475
151 495
151 524
151 813
151 829
151 896
151 907
151 952
152 156
152 168
152 169
152 171
152 172
152 174
152 219
152 273
152 282
152 303
152 381
152 405
152 535
152 544
152 564
152 600
152 625
152 666
152 687
152 688
152 730
152 749
152 785
152 852
152 860
152 894
152 900
152 931
152 988
152 996
153 164
153 204
153 214
153 293
153 343
153 374
153 488
153 498
153 556
153 699
153 728
153 833
153 976
154 180
154 214
154 218
154 234
154 295
154 347
154 384
154 439
154 455
154 509
154 523
154 584
154 599
154 607
154 649
154 653
154 729
154 785
154 911
154 973
154 995
155 213
155 229
155 234
155 246
155 249
155 365
155 370
155 381
155 405
155 415
155 424
155 451
155 470
155 549
155 591
155 624
155 681
155 728
155 758
155 797
155 807
155 810
155 846
155 853
155 869
155 891
155 915
155 923
155 949
155 1021
156 171
156 186
156 345
156 702
156 713
156 918
156 1011
157 172
157 278
157 293
157 339
157 351
157 597
157 615
157 692
157 764
157 765
157 797
157 808
158 189
158 245
158 284
158 315
158 370
158 471
158 488
158 622
158 701
158 840
158 992
159 180
159 185
159 212
159 236
159 251
159 283
159 316
159 375
159 394
159 402
159 460
159 490
159 510
159 598
159 615
159 715
159 725
159 751
159 773
159 799
159 814
159 827
159 950
159 982
160 165
160 168
160 174
160 202
160 241
160 262
160 488
160 547
160 633
160 680
160 717
160 807
160 829
160 920
160 1003
160 1018
161 173
161 177
161 199
161 203
161 209
161 233
161 235
161 281
161 329
161 393
161 394
161 397
161 444
161 464
161 490
161 493
161 496
161 505
161 563
161 598
161 758
161 897
161 947
162 163
162 277
162 281
162 495
162 567
162 645
162 768
163 167
163 187
163 189
163 213
163 219
163 221
163 232
163 241
163 262
163 282
163 288
163 294
163 308
163 322
163 335
163 380
163 396
163 442
163 502
163 518
163 528
163 561
163 590
163 613
163 641
163 678
163 713
163 751
163 788
163 873
163 885
163 930
164 169
164 252
164 288
164 426
164 437
164 440
164 466
164 579
164 594
164 685
164 777
164 850
164 897
164 938
164 984
165 167
165 177
165 182
165 192
165 205
165 226
165 236
165 260
165 303
165 450
165 451
165 461
165 487
165 517
165 522
165 531
165 653
165 699
165 795
165 810
165 892
165 912
165 916
165 950
165 970
165 997
166 394
166 431
166 529
166 682
166 684
166 961
166 971
167 169
167 212
167 221
167 233
167 255
167 304
167 309
167 321
167 367
167 372
167 508
167 512
167 568
167 573
167 590
167 686
167 701
167 747
167 754
167 797
167 825
167 886
167 925
167 928
167 956
168 180
168 201
168 206
168 236
168 264
168 314
168 362
168 395
168 402
168 486
168 541
168 558
168 656
168 718
168 767
168 819
168 846
168 933
169 176
169 226
169 230
169 269
169 307
169 331
169 357
169 359
169 407
169 454
169 456
169 489
169 511
169 520
169 559
169 614
169 698
169 776
169 865
169 866
169 894
169 919
169 948
170 235
170 252
170 292
170 346
170 377
170 447
170 503
170 531
170 558
170 651
170 669
170 720
170 758
170 761
170 770
170 978
170 1014
171 202
171 211
171 249
171 311
171 364
171 376
171 521
171 626
171 721
171 767
171 824
172 176
172 188
172 192
172 213
172 218
172 234
172 287
172 311
172 337
172 443
172 489
172 498
172 502
172 519
172 589
172 728
172 743
172 798
172 800
172 849
172 859
172 993
172 1004
173 178
173 261
173 266
173 289
173 415
173 504
173 652
173 663
173 899
173 929
173 989
174 232
174 298
174 342
174 343
174 541
174 574
175 217
175 221
175 255
175 313
175 326
175 359
175 448
175 508
175 578
175 773
175 775
175 796
175 831
175 887
175 953
175 995
176 271
176 625
176 975
177 189
177 221
177 244
177 355
177 372
177 392
177 393
177 400
177 425
177 513
177 553
177 574
177 655
177 661
177 742
178 188
178 205
178 207
178 229
178 258
178 270
178 425
178 431
178 492
178 505
178 524
178 557
178 692
178 785
178 812
178 904
178 910
178 913
178 974
179 334
179 537
179 575
179 586
179 755
179 787
179 875
180 323
180 508
180 721
180 828
180 886
180 998
181 182
181 269
181 800
181 831
181 836
181 903
181 909
181 945
182 240
182 284
182 456
182 483
182 517
182 590
182 616
182 664
182 720
182 868
182 900
182 927
182 1005
183 197
183 223
183 330
183 348
183 416
183 433
183 496
183 509
183 512
183 529
183 749
183 829
183 840
183 847
183 898
183 995
184 229
184 270
184 327
184 340
184 403
184 459
184 502
184 851
184 915
184 935
185 283
185 321
185 322
185 362
185 450
185 466
185 499
185 579
185 633
185 677
185 857
185 872
185 967
185 1008
186 188
186 196
186 205
186 315
186 703
187 191
187 215
187 217
187 231
187 317
187 335
187 336
187 427
187 450
187 465
187 493
187 557
187 595
187 759
187 821
187 841
187 851
187 873
187 990
188 212
188 222
188 258
188 295
188 414
188 451
188 523
188 556
188 580
188 589
188 646
188 711
188 766
188 830
188 864
188 997
189 256
189 273
189 519
189 547
189 600
189 628
189 691
189 702
189 768
189 814
190 324
190 335
190 405
190 409
190 456
190 522
190 685
190 742
190 839
190 862
190 880
190 885
190 933
190 935
190 942
190 954
190 1001
191 219
191 244
191 280
191 468
191 568
191 597
191 681
191 811
191 916
192 215
192 221
192 278
192 417
192 574
192 634
192 642
192 654
192 790
192 899
192 994
193 201
193 240
193 289
193 310
193 314
193 333
193 353
193 450
193 637
193 658
193 904
193 990
193 998
193 1017
194 233
194 252
194 355
194 484
194 552
194 560
194 820
194 853
194 855
194 927
194 985
194 1018
195 229
195 250
195 282
195 334
195 349
195 382
195 395
195 515
195 734
195 818
195 901
195 923
196 200
196 215
196 269
196 338
196 341
196 504
196 518
196 593
196 609
196 675
196 798
196 884
196 916
196 961
196 1000
196 1011
197 222
197 458
197 485
197 828
198 353
198 383
198 397
198 431
198 527
198 544
198 568
198 585
198 610
198 806
198 897
199 285
199 309
199 313
199 316
199 322
199 323
199 453
199 455
199 612
199 831
199 879
199 935
200 243
200 244
200 319
200 440
200 548
200 557
200 650
200 662
200 686
200 724
200 790
200 861
200 973
201 203
201 213
201 260
201 334
201 426
201 428
201 444
201 447
201 543
201 612
201 672
201 820
201 872
202 211
202 229
202 376
202 387
202 429
202 454
202 497
202 534
202 643
202 653
202 668
202 675
202 791
202 838
202 856
202 946
202 1005
203 216
203 280
203 293
203 309
203 419
203 434
203 511
203 515
203 554
203 594
203 610
203 622
203 829
203 879
203 951
204 205
204 253
204 266
204 268
204 304
204 317
204 332
204 378
204 408
204 430
204 470
204 514
204 596
204 614
204 619
204 703
204 865
204 958
204 963
205 223
205 231
205 288
205 452
205 548
205 633
205 683
205 732
206 226
206 261
206 274
206 276
206 278
206 302
206 356
206 462
206 585
206 588
206 591
206 914
207 260
207 294
207 322
207 333
207 347
207 351
207 481
207 585
207 588
207 769
207 771
207 932
208 216
208 249
208 320
208 411
208 441
208 484
208 535
208 550
208 627
208 708
208 723
208 842
208 843
208 845
208 944
208 964
209 211
209 235
209 246
209 254
209 315
209 333
209 527
209 562
209 658
209 785
209 894
210 249
210 272
210 299
210 393
210 427
210 438
210 476
210 499
210 519
210 607
210 813
210 844
210 860
210 986
211 296
211 333
211 369
211 396
211 504
211 513
211 576
211 580
211 590
211 652
211 713
211 951
211 955
212 585
212 699
212 753
212 910
213 227
213 270
213 362
213 438
213 503
213 542
213 746
213 954
213 1021
214 307
214 355
214 512
214 516
214 517
214 627
214 640
214 756
214 772
214 819
214 828
214 844
214 851
214 857
215 274
215 372
215 386
215 510
215 532
215 563
215 711
215 941
215 975
216 220
216 263
216 313
216 356
216 377
216 396
216 423
216 443
216 499
216 609
216 644
216 720
216 776
216 819
216 836
216 917
216 928
217 263
217 301
217 348
217 375
217 376
217 423
217 426
217 433
217 437
217 577
217 578
217 609
217 753
217 759
217 802
217 837
217 852
218 257
218 280
218 348
218 427
218 459
218 528
218 724
218 737
218 878
218 928
219 255
219 423
219 505
219 636
219 743
219 840
220 272
220 315
220 326
220 407
220 461
220 535
220 621
220 861
220 970
220 975
220 980
221 244
221 347
221 491
221 622
221 957
221 986
222 246
222 247
222 307
222 338
222 348
222 364
222 416
222 422
222 430
222 510
222 548
222 618
222 692
222 841
222 1014
223 275
223 288
223 373
223 422
223 446
223 453
223 454
223 605
223 646
223 650
223 657
223 664
223 693
223 768
223 914
223 960
223 994
223 1010
224 247
224 345
224 360
224 391
224 474
224 745
224 824
225 241
225 313
225 401
225 448
225 575
225 696
225 772
225 804
225 926
225 1019
226 260
226 267
226 287
226 328
226 368
226 434
226 572
226 837
226 966
227 318
227 321
227 332
227 342
227 451
227 496
227 548
227 579
227 701
227 703
227 834
227 881
228 242
228 249
228 250
228 265
228 363
228 369
228 399
228 410
228 444
228 502
228 518
228 523
228 574
228 741
228 778
228 832
228 892
229 235
229 241
229 265
229 325
229 389
229 418
229 650
229 964
230 346
230 442
230 478
230 515
230 529
230 575
230 819
230 831
230 851
230 887
230 902
231 425
231 546
231 580
231 652
231 926
232 349
232 350
232 614
232 660
232 747
232 913
233 251
233 413
233 424
233 489
233 586
233 602
233 606
233 774
233 874
233 885
233 924
233 927
233 941
233 1003
234 264
234 304
234 425
234 445
234 539
234 709
234 710
234 905
234 938
234 969
234 987
235 264
235 277
235 450
235 551
235 824
235 969
236 291
236 361
236 477
236 496
236 530
236 785
237 269
237 284
237 386
237 388
237 470
237 494
237 557
237 683
237 688
237 698
237 765
237 831
237 951
237 952
238 240
238 248
238 294
238 336
238 351
238 402
238 407
238 417
238 470
238 524
238 541
238 600
238 605
238 609
238 666
238 734
238 736
238 744
238 858
238 916
238 968
238 988
239 244
239 265
239 373
239 402
239 408
239 421
239 432
239 448
239 463
239 508
239 577
239 581
239 596
239 611
239 637
239 716
239 717
239 732
239 780
239 824
239 835
239 843
239 863
239 944
239 952
239 977
239 1007
240 301
240 338
240 350
240 491
240 551
240 601
240 720
240 768
240 984
241 245
241 255
241 272
241 316
241 339
241 532
241 566
242 245
242 323
242 364
242 500
242 528
242 553
242 637
242 794
242 951
243 265
243 461
243 491
243 493
243 499
243 516
243 557
243 599
243 775
243 786
243 847
243 917
244 284
244 337
244 444
244 485
244 618
244 680
244 780
245 340
245 376
245 378
245 459
245 466
245 565
245 604
245 605
245 646
245 675
245 799
245 805
245 865
245 958
245 978
245 983
246 276
246 316
246 325
246 462
246 512
246 677
246 688
246 695
246 767
247 374
247 387
247 542
247 656
247 737
247 996
248 514
248 536
248 605
248 612
248 661
248 714
248 737
248 788
249 295
249 327
249 347
249 382
249 432
249 595
249 599
249 604
249 647
249 756
249 762
249 991
250 305
250 306
250 379
250 643
250 649
250 778
250 853
252 274
252 293
252 352
252 383
252 408
252 429
252 501
252 545
252 553
252 643
252 663
252 683
252 696
252 730
252 788
252 800
252 955
252 993
253 295
253 298
253 301
253 367
253 582
253 705
253 748
253 870
253 903
253 917
254 272
254 276
254 316
254 318
254 343
254 375
254 455
254 486
254 549
254 578
254 618
254 625
254 670
254 676
254 687
254 783
254 794
254 799
254 863
254 869
254 886
254 966
254 1022
255 306
255 384
255 470
255 583
255 628
255 630
255 762
255 978
255 1004
256 317
256 346
256 360
256 370
256 404
256 467
256 647
256 688
256 691
256 756
256 872
256 919
256 953
257 280
257 356
257 403
257 410
257 544
257 589
257 598
257 684
257 716
257 737
257 739
257 750
257 773
257 790
257 806
257 848
257 888
257 927
258 294
258 335
258 341
258 411
258 492
258 552
258 986
259 274
259 296
259 318
259 412
259 457
259 471
259 495
259 503
259 579
259 689
259 738
259 774
259 829
259 931
259 941
260 332
260 478
260 549
260 568
260 594
260 596
260 624
260 648
260 687
260 690
260 853
260 893
260 896
260 906
260 965
260 968
260 980
261 586
261 962
262 528
262 597
262 634
262 703
262 718
262 722
262 733
262 846
262 906
262 1019
263 414
263 467
263 480
263 526
263 603
263 627
263 637
263 675
263 681
263 703
263 714
263 825
263 881
263 990
263 1007
264 275
264 299
264 375
264 406
264 602
264 656
264 936
264 982
265 273
265 289
265 298
265 327
265 366
265 587
265 775
265 789
265 833
265 854
265 1017
266 305
266 390
266 406
266 443
266 485
266 506
266 521
266 566
266 573
266 605
266 640
266 712
266 765
266 804
266 941
266 989
267 319
267 328
267 367
267 471
267 498
267 509
267 510
267 616
267 640
267 719
268 312
268 390
268 523
268 530
268 556
268 567
268 679
268 806
268 856
268 912
268 1005
269 299
269 400
269 482
269 491
269 496
269 615
269 639
269 640
269 733
269 771
269 976
269 979
269 1003
270 296
270 343
270 344
270 398
270 446
270 455
270 708
270 849
271 292
271 345
271 359
271 409
271 445
271 478
271 526
271 559
271 573
271 658
271 737
271 792
271 799
271 837
271 992
272 292
272 360
272 445
272 457
272 478
272 777
272 799
272 930
272 1008
273 333
273 451
273 472
273 633
273 931
274 473
274 709
274 1013
275 314
275 339
275 403
275 411
275 424
275 442
275 452
275 478
275 480
275 506
275 508
275 713
275 890
275 986
275 989
276 304
276 349
276 414
276 420
276 459
276 510
276 552
276 594
276 670
276 681
276 684
276 849
277 281
277 287
277 289
277 330
277 381
277 384
277 387
277 473
277 476
277 584
277 654
277 682
277 688
277 806
277 844
277 910
277 978
277 1000
278 548
278 671
278 871
279 339
279 359
279 462
279 670
279 858
279 987
279 991
280 284
280 302
280 316
280 342
280 400
280 435
280 444
280 495
280 545
280 547
280 616
280 678
280 746
280 829
280 969
280 987
280 1020
281 344
281 611
281 739
281 1017
282 295
282 337
282 426
282 618
282 620
282 690
282 719
282 763
282 804
282 909
282 924
282 977
283 447
283 467
283 727
283 1000
284 396
284 457
284 476
284 480
284 555
284 599
284 601
284 682
284 761
284 802
284 808
284 847
285 410
285 507
285 726
285 936
285 1020
286 290
286 349
286 642
286 714
286 757
286 830
287 293
287 319
287 359
287 366
287 475
287 478
287 483
287 721
287 842
287 922
288 428
288 503
289 569
289 583
289 683
289 707
289 809
290 383
290 417
290 503
290 537
290 549
290 572
290 811
290 930
290 979
291 302
291 332
291 388
291 471
291 531
291 574
291 630
291 716
291 740
291 757
291 802
291 882
291 938
292 307
292 406
292 418
292 437
292 570
292 594
292 597
292 733
292 855
292 916
292 960
293 303
293 653
293 904
294 355
294 472
294 521
294 746
295 352
295 354
295 421
295 422
295 433
295 447
295 490
295 590
295 665
295 962
296 390
296 399
296 445
296 489
296 599
296 955
297 407
297 416
297 475
297 580
297 682
297 782
297 886
297 949
297 992
298 390
298 508
298 704
298 845
298 898
298 991
298 1015
299 320
299 383
299 400
299 583
299 584
299 694
299 813
299 857
299 996
300 516
300 612
300 720
300 753
300 783
300 795
300 944
300 957
301 317
301 440
301 524
301 550
301 551
301 612
301 635
301 645
301 673
301 719
301 764
301 774
301 934
301 937
302 425
302 527
302 804
302 925
303 304
303 325
303 326
303 358
303 362
303 399
303 465
303 556
303 617
303 620
303 658
303 666
303 674
303 776
303 805
303 903
304 441
304 479
304 481
304 527
304 694
304 718
304 946
304 1005
305 318
305 356
305 435
305 601
305 621
305 695
305 722
305 782
305 874
305 923
305 929
305 978
306 383
306 413
306 453
306 702
306 801
306 864
306 1020
307 309
307 421
307 482
307 557
307 571
307 747
307 752
308 327
308 344
308 366
308 368
308 432
308 457
308 642
308 706
308 758
308 838
308 875
308 890
309 317
309 438
309 563
309 662
309 795
309 910
309 1012
310 661
310 898
310 984
311 337
311 575
312 434
312 436
312 565
312 629
312 668
313 348
313 373
313 486
313 520
313 677
313 953
314 606
314 608
314 786
314 888
314 908
314 954
315 398
315 417
315 447
315 450
315 494
315 603
315 619
315 724
315 725
315 741
315 750
315 778
315 906
315 944
316 331
316 355
316 380
316 388
316 462
316 662
316 749
316 801
316 866
316 899
316 910
316 1017
317 413
317 462
317 612
317 627
317 702
317 849
317 879
317 911
318 367
318 428
318 517
318 561
318 578
318 701
318 721
318 834
318 869
318 982
318 1009
319 340
319 353
319 401
319 449
319 463
319 570
319 573
319 631
319 640
319 643
319 667
319 744
320 584
320 698
320 897
320 952
321 346
321 375
321 430
321 523
321 771
321 794
321 803
321 822
321 900
321 938
321 963
322 367
322 380
322 436
322 562
322 681
322 705
322 961
323 467
323 754
323 858
323 882
323 921
324 340
324 368
324 442
324 449
324 509
324 784
324 812
325 365
325 391
325 398
325 553
325 557
325 558
325 660
325 700
325 703
325 756
325 842
325 918
325 938
325 1006
325 1012
326 677
327 331
327 369
327 379
327 407
327 419
327 536
327 544
327 582
327 877
327 901
328 367
328 386
328 406
328 432
328 549
328 605
328 754
328 794
328 801
328 886
328 970
328 1022
329 331
329 335
329 837
329 1008
330 377
330 386
330 409
330 424
330 468
330 471
330 496
330 590
330 649
330 686
330 689
330 694
330 700
330 722
330 740
330 778
330 816
330 827
330 1004
330 1015
331 336
331 342
331 356
331 447
331 618
331 698
331 726
331 753
331 937
332 378
332 574
332 619
332 836
332 845
333 341
333 475
333 519
333 630
333 805
333 873
333 890
333 959
334 361
334 412
334 450
334 485
334 515
334 612
334 636
334 723
334 816
334 833
334 900
334 945
334 1020
335 361
335 417
335 464
335 477
335 615
335 695
335 791
335 841
336 353
336 358
336 386
336 482
336 619
336 715
336 729
336 734
336 814
336 815
336 874
337 405
337 610
337 874
337 905
337 1017
338 380
338 546
339 341
339 366
339 412
339 494
339 501
339 558
339 560
339 599
339 730
340 356
340 412
340 525
340 582
340 591
340 617
340 664
340 698
340 731
340 744
341 373
341 392
341 397
341 474
341 499
341 870
341 896
341 907
342 379
342 637
342 775
342 975
343 439
343 503
343 518
343 565
343 579
343 769
343 830
343 833
343 878
343 899
343 911
343 944
343 950
344 368
344 418
344 436
344 465
344 783
344 812
344 822
344 994
345 437
345 485
345 629
345 652
345 746
345 859
345 915
345 973
346 409
346 429
346 458
346 605
346 606
346 608
346 841
347 408
347 448
347 488
347 498
347 732
347 981
348 479
348 525
348 657
348 855
349 352
349 356
349 391
349 458
349 462
349 526
349 540
349 571
349 583
349 640
349 820
349 848
349 901
349 983
350 357
350 396
350 418
350 662
350 668
350 709
350 800
350 867
350 1001
351 840
351 857
352 424
352 434
352 462
352 488
352 506
352 535
352 560
352 571
352 694
352 721
352 747
352 755
352 808
352 982
352 1023
353 395
353 626
353 835
353 900
353 959
354 489
354 583
354 672
354 724
354 882
355 357
355 361
355 377
355 460
355 486
355 741
355 898
355 1015
356 434
356 486
356 566
356 673
356 735
356 780
356 834
356 872
357 477
357 522
357 556
357 631
357 839
357 856
357 964
357 997
358 403
358 518
358 532
358 618
358 708
359 411
359 416
359 431
359 761
359 763
359 839
359 859
359 960
360 366
360 370
360 394
360 593
360 616
360 820
360 906
360 976
360 1002
361 363
361 411
361 434
361 559
361 569
361 675
362 367
362 547
362 636
362 645
362 682
362 814
363 391
363 402
364 401
364 463
364 481
364 483
364 507
364 566
364 608
364 742
364 786
364 828
364 898
364 963
364 972
365 389
365 398
365 463
365 606
365 658
365 871
365 982
365 1009
366 381
366 394
366 479
366 603
366 620
366 980
366 984
367 389
367 529
367 575
367 609
367 648
367 727
367 808
367 926
367 1002
368 557
368 604
368 733
369 431
369 750
369 762
369 874
369 883
369 889
369 939
369 977
369 993
370 602
370 882
370 953
371 381
371 412
371 413
371 442
371 459
371 474
371 541
371 680
372 385
372 560
372 727
372 735
372 778
372 781
373 474
373 913
373 935
373 1012
373 1018
374 394
374 743
374 943
375 414
375 434
375 446
375 761
375 817
375 877
375 985
375 1002
376 410
376 704
376 745
377 469
377 537
377 711
377 725
377 746
377 787
378 399
378 428
378 576
378 647
378 693
378 760
378 771
379 395
379 473
380 541
380 582
380 855
380 925
380 941
381 405
381 480
381 518
381 567
381 596
381 681
381 800
381 851
381 894
381 922
382 393
382 599
382 608
382 611
382 641
382 761
382 781
382 884
382 997
383 520
383 587
383 661
383 731
383 812
383 815
383 816
383 943
384 433
384 506
384 529
384 563
384 649
384 659
384 676
384 693
384 766
384 833
384 958
384 995
385 421
385 481
385 642
385 696
385 838
385 918
385 961
385 988
386 471
386 665
386 777
386 921
386 986
386 1013
387 522
387 661
387 672
388 501
388 641
388 670
388 747
388 929
388 943
388 1009
389 419
389 457
389 497
389 555
389 622
389 719
389 789
389 1012
390 517
390 538
390 786
390 787
390 945
391 408
391 411
391 413
391 470
391 480
391 491
391 545
391 589
391 608
391 686
391 710
391 741
391 760
391 859
391 867
391 878
391 994
393 604
393 652
393 660
393 705
393 728
393 771
393 1005
393 1019
394 502
394 522
394 654
394 711
394 855
394 863
395 398
395 445
395 455
395 621
395 629
395 648
395 711
395 856
395 966
396 865
397 540
397 542
397 697
397 815
397 826
398 540
398 552
398 891
399 454
399 614
399 832
399 910
399 954
400 626
400 834
400 909
401 417
401 493
401 498
401 525
401 585
401 623
401 678
401 712
401 843
401 885
402 483
402 499
402 561
402 571
402 603
402 605
402 683
402 743
402 883
402 939
403 689
403 717
404 424
404 464
404 482
404 850
404 866
404 873
404 996
405 416
405 460
405 490
405 571
405 710
405 788
405 965
406 461
406 525
406 530
406 835
407 497
407 607
407 784
407 789
407 871
407 891
407 897
407 903
407 963
408 490
408 821
408 842
408 971
408 972
409 459
409 507
409 529
409 553
409 757
409 758
409 845
409 964
410 548
410 825
411 501
411 513
412 887
413 665
413 725
414 739
415 656
415 684
415 862
415 867
415 895
415 912
415 927
415 1004
416 474
416 623
416 676
416 734
416 748
416 777
416 833
417 544
417 608
417 647
417 655
417 806
417 839
417 914
417 939
418 432
418 539
418 709
418 814
418 913
419 588
419 618
419 698
420 494
420 622
420 658
420 719
420 749
420 882
420 1019
421 422
421 531
421 605
421 710
421 887
421 917
421 1002
422 440
422 455
422 506
422 551
422 776
422 836
422 854
422 911
422 983
423 432
423 457
423 504
423 512
423 521
423 613
423 822
423 835
423 1018
424 435
424 454
424 468
424 496
424 680
424 761
424 930
425 445
425 487
425 536
425 634
425 687
425 705
425 751
425 806
425 884
425 998
426 559
426 652
426 678
426 700
426 723
426 860
426 899
426 902
426 921
427 503
427 554
427 559
427 802
427 811
429 619
429 833
429 897
429 957
430 456
430 505
430 649
430 752
431 452
431 479
431 622
431 809
431 870
431 883
431 961
431 972
431 1001
432 545
432 547
432 578
432 745
432 920
433 443
433 463
433 527
433 539
433 610
433 637
433 669
433 691
433 782
433 946
433 983
434 460
434 543
434 581
434 610
434 709
434 738
434 753
434 770
434 885
434 974
435 492
435 642
435 864
435 889
435 947
436 667
436 709
436 784
437 475
437 536
437 641
437 644
437 688
437 706
437 868
438 533
438 708
439 611
439 862
440 449
440 539
440 565
440 793
440 854
440 925
441 501
441 669
441 853
442 514
442 526
442 564
442 674
442 693
442 741
442 790
442 860
443 621
443 639
443 748
443 824
443 862
443 936
443 996
444 504
444 665
444 714
444 739
444 750
444 916
444 955
444 972
445 562
445 884
446 542
446 629
446 711
446 729
446 861
446 932
446 1013
447 473
447 590
447 823
447 911
447 915
448 570
448 596
448 857
448 951
448 979
448 999
449 671
449 713
449 916
450 469
450 522
450 588
450 688
450 968
450 976
451 514
451 536
451 671
451 679
451 836
452 676
453 506
453 537
453 562
453 764
453 826
453 929
453 942
454 500
454 607
454 860
454 921
455 459
455 556
455 607
455 637
455 665
455 954
455 977
456 469
456 486
456 494
456 532
456 601
456 656
456 701
456 712
456 715
456 741
456 788
456 858
456 950
457 472
457 476
457 477
457 568
457 575
457 791
457 997
458 509
458 539
458 580
458 591
458 595
458 636
458 662
458 756
458 825
458 933
458 981
458 1003
459 806
459 838
459 1022
460 724
460 814
460 990
461 465
461 822
461 826
462 465
462 516
462 554
462 692
462 834
463 532
463 553
463 563
463 635
463 636
463 795
463 821
463 931
464 484
465 546
465 589
465 603
466 469
466 517
466 762
466 782
466 798
466 813
466 846
466 858
466 915
466 971
466 1014
467 576
467 624
467 657
467 735
467 871
467 895
468 697
468 853
469 569
469 652
469 670
469 680
469 734
470 509
470 609
470 966
471 990
472 493
472 523
472 565
473 567
474 571
474 581
474 740
474 757
474 777
474 960
475 569
475 646
475 651
475 698
475 715
475 773
475 808
476 584
476 625
476 679
476 719
476 810
476 827
476 841
476 843
476 878
477 704
477 712
477 742
477 751
477 780
478 631
478 672
478 717
478 742
478 744
478 759
478 938
479 501
479 514
479 624
479 693
479 742
479 886
480 487
480 563
480 645
480 684
480 707
480 793
480 816
480 858
480 948
481 513
482 613
482 720
482 843
482 1018
483 582
483 675
483 723
483 902
483 988
484 500
484 506
484 543
484 554
484 570
484 575
484 586
484 600
484 624
484 686
484 708
484 719
484 751
484 824
484 868
484 904
484 927
485 631
485 797
485 846
485 900
485 941
485 995
486 838
486 960
487 593
487 619
487 772
488 537
488 649
488 813
488 926
489 604
490 646
490 667
490 718
491 617
491 646
491 777
491 933
491 993
492 617
492 692
492 718
492 759
492 843
493 631
493 770
493 785
493 832
493 977
495 837
496 573
496 694
496 787
496 917
497 498
497 581
497 608
497 626
497 834
497 982
498 522
498 589
498 592
498 716
498 830
499 554
499 820
499 902
499 950
500 575
500 678
500 754
500 765
500 794
500 814
501 625
501 660
501 665
501 737
502 553
502 564
502 784
502 789
502 869
502 870
502 913
503 865
504 752
504 795
504 835
504 861
505 855
506 511
507 520
507 590
507 614
507 644
507 714
507 812
507 963
508 596
508 684
508 716
509 513
509 532
509 675
509 687
509 707
509 777
509 884
510 552
510 556
510 574
510 595
510 814
510 855
510 867
510 896
510 929
511 543
511 594
511 613
511 619
511 654
511 671
511 872
512 575
512 581
512 613
512 678
512 726
512 834
512 844
513 538
513 593
513 797
514 565
514 595
514 756
514 1005
515 538
515 583
515 622
515 646
515 1014
516 701
516 793
516 877
516 927
517 591
517 784
519 817
519 1010
520 858
520 865
520 908
520 1023
521 592
521 623
521 780
521 782
521 932
521 972
522 694
522 800
522 830
522 1004
523 546
523 560
523 619
523 772
523 848
523 947
524 558
524 600
524 614
524 617
524 720
524 827
524 846
525 860
526 943
527 817
527 890
527 914
527 958
528 579
528 737
529 935
529 948
530 564
530 729
530 776
530 822
530 823
530 945
531 614
531 902
532 570
533 695
533 733
533 925
533 937
533 949
534 556
534 617
534 797
534 921
535 552
535 690
535 827
535 850
536 669
536 957
536 1023
537 792
537 858
538 628
538 751
539 550
539 576
539 595
539 642
539 660
539 697
539 907
539 957
540 601
540 630
540 959
540 988
541 569
541 588
541 613
541 632
541 664
541 792
541 819
541 962
542 552
542 598
542 641
542 892
543 793
543 872
543 895
543 898
544 635
544 733
544 859
544 903
544 958
544 962
545 576
545 899
545 915
545 934
546 555
546 564
546 603
546 632
546 692
546 933
547 638
547 723
547 773
547 822
547 853
547 931
547 1000
548 767
548 802
548 892
549 635
549 664
550 676
550 765
550 813
550 887
550 930
551 659
551 1013
552 563
552 601
552 865
552 909
552 959
553 581
553 679
553 785
553 948
553 1010
554 759
554 850
554 891
554 945
554 1005
555 828
556 557
556 565
556 584
556 702
556 937
557 711
557 818
557 851
557 968
558 740
558 772
558 796
558 807
558 865
558 888
558 974
560 645
560 793
561 576
561 580
561 676
561 863
561 908
561 915
562 565
562 803
562 876
562 965
563 752
563 947
564 882
565 605
565 631
565 949
566 820
566 938
567 659
567 730
568 602
568 625
568 628
568 700
568 720
568 827
569 595
569 647
569 797
570 588
570 593
570 630
570 651
570 678
570 681
570 928
571 748
572 589
572 735
572 859
572 998
573 703
573 712
573 931
574 742
574 764
574 1016
575 582
575 592
575 633
575 750
575 885
576 843
576 873
577 774
577 975
578 623
578 854
578 927
579 705
579 775
579 913
579 1022
580 633
581 999
582 808
582 974
582 997
582 1007
582 1012
582 1016
583 935
583 937
584 792
585 875
585 992
586 775
586 847
586 858
587 643
587 678
587 817
588 592
588 610
588 618
588 753
589 720
589 739
589 976
589 990
590 600
590 666
590 725
590 926
590 955
591 655
591 724
591 748
591 830
591 896
591 940
591 943
591 980
592 759
592 831
592 965
593 629
593 1002
594 661
594 794
594 983
595 636
595 823
595 940
595 1012
596 663
596 877
596 911
597 996
598 744
598 800
599 618
599 881
599 920
599 997
600 679
600 755
600 769
600 920
601 783
601 787
602 620
602 682
602 717
602 886
602 949
602 954
603 864
603 879
604 702
604 1006
606 723
606 844
606 879
607 664
607 713
607 852
607 962
607 965
607 1016
608 795
608 920
609 716
609 757
609 826
609 980
610 657
610 690
610 726
610 761
611 773
611 882
613 706
613 782
614 816
615 638
615 1006
616 658
616 852
616 902
617 694
617 699
617 831
617 883
617 885
617 900
617 917
619 970
620 629
620 723
620 763
620 770
620 835
620 1006
620 1018
621 663
621 778
621 1008
622 707
622 821
622 927
623 856
623 952
624 627
624 952
625 986
626 648
626 676
626 751
626 903
627 692
628 731
628 821
628 949
628 981
629 703
629 719
630 686
630 835
630 912
630 923
631 633
631 726
631 842
631 847
631 884
631 975
631 981
631 984
631 1000
632 811
632 868
632 909
633 732
633 877
633 940
633 946
634 707
634 920
634 983
635 674
636 676
636 735
636 910
637 839
637 855
637 866
637 874
638 644
638 650
638 728
638 765
640 674
640 746
640 992
641 720
641 883
641 936
642 743
642 808
642 961
642 1021
643 704
643 790
643 819
643 839
643 876
644 851
644 853
645 648
645 694
645 721
645 937
645 1009
646 893
646 967
647 970
648 704
648 796
648 994
650 698
650 701
650 732
650 917
650 966
651 655
651 666
651 898
651 911
651 938
651 999
651 1004
652 711
652 760
652 810
652 988
652 1021
653 1022
654 815
654 1003
655 722
655 837
655 906
655 990
655 1012
656 715
658 760
658 860
659 667
659 684
659 717
659 737
659 744
659 771
661 863
661 920
661 1011
662 791
662 871
662 891
662 974
663 1000
663 1019
664 707
664 964
665 697
665 786
665 915
666 693
666 703
666 773
666 837
666 922
666 936
669 758
669 797
670 701
670 748
670 877
670 942
671 780
671 815
671 827
671 841
672 674
672 722
672 827
673 713
673 961
673 968
673 1013
674 850
675 962
676 809
677 785
677 887
678 730
678 909
678 917
678 965
679 792
679 946
681 705
681 876
682 723
682 779
682 862
682 871
682 920
682 954
682 995
683 759
683 805
683 861
685 843
686 879
687 908
687 922
687 958
687 961
688 777
688 795
688 892
688 935
689 701
689 744
689 900
689 959
691 774
692 753
692 806
692 892
693 715
693 998
694 832
694 904
694 932
694 992
695 913
696 886
696 909
696 965
698 943
699 738
699 943
699 965
700 712
700 969
701 708
701 736
701 821
702 900
703 731
703 758
703 801
703 886
704 745
704 862
705 933
708 884
709 713
709 730
709 851
710 715
710 754
710 802
710 924
710 948
710 1022
711 811
711 988
713 862
713 889
714 931
715 758
715 950
717 796
718 834
718 925
718 973
719 848
720 741
720 763
720 781
720 868
720 999
721 817
721 1004
721 1015
722 823
722 871
722 991
723 735
723 747
723 957
723 996
724 729
724 832
725 803
725 817
725 847
725 1002
726 928
726 979
727 748
727 868
729 731
729 1007
730 779
730 948
731 770
731 854
731 902
731 956
733 745
733 748
733 826
733 906
734 766
734 1022
735 741
735 853
735 976
735 989
736 779
736 872
736 904
736 910
736 916
737 796
737 947
739 907
740 821
740 885
741 743
741 807
741 821
741 910
743 816
743 881
743 1021
744 798
744 848
744 964
747 1013
748 840
748 977
749 803
749 928
750 811
750 830
750 873
750 981
752 756
752 792
752 922
753 766
753 866
753 922
753 941
753 966
754 823
754 860
755 901
755 968
756 825
756 951
757 773
757 1016
758 903
758 937
759 811
762 876
762 918
764 848
765 964
766 818
767 881
767 911
768 803
768 859
768 906
769 818
770 791
770 1008
771 838
771 908
772 789
773 848
773 1006
774 793
774 854
774 926
774 955
776 981
776 997
777 840
777 1021
778 857
778 907
778 924
781 998
783 788
783 825
783 940
784 787
784 1007
785 989
786 895
787 848
787 1010
788 838
789 863
789 921
790 801
791 864
791 967
793 880
794 971
794 976
795 1005
796 812
796 856
796 870
796 976
796 1001
796 1004
796 1013
797 1022
798 817
798 828
798 833
798 842
798 981
799 812
800 901
801 804
802 828
802 864
802 879
803 930
805 806
807 953
807 991
808 830
809 821
809 997
812 865
814 939
815 929
816 849
816 859
817 868
818 829
818 832
818 876
818 882
819 837
821 895
824 844
825 932
825 998
826 881
826 953
826 984
827 875
829 876
831 891
832 884
832 1009
834 849
835 955
836 856
836 940
837 928
838 1019
839 866
840 841
840 870
842 926
844 877
844 930
845 918
845 919
845 946
847 954
847 1001
851 868
851 974
851 1003
853 884
853 972
853 991
855 968
861 932
863 881
863 970
863 1010
865 919
874 1000
875 925
876 898
877 897
877 925
877 980
877 1020
881 924
882 901
883 895
884 999
885 1003
886 957
886 975
887 944
887 985
887 993
890 966
892 896
893 939
894 942
896 967
896 969
898 930
898 992
900 1015
901 1013
902 918
902 931
905 941
906 939
907 1010
907 1014
910 929
911 994
913 923
913 924
914 921
916 969
917 931
917 956
918 1021
920 923
920 973
921 960
922 932
922 935
928 944
930 992
930 1008
931 971
934 1009
935 951
939 952
947 999
950 966
954 956
955 983
956 987
961 983
965 1008
974 975
981 988
981 1006
983 1007
1003 1019
1012 1018
