0 3
0 10
0 143
0 210
0 236
0 237
0 243
0 299
0 300
0 318
0 324
0 328
0 338
0 366
0 370
0 405
0 468
0 482
0 506
1 9
1 11
1 13
1 87
1 88
1 93
1 142
1 157
1 162
1 201
1 205
1 216
1 219
1 249
1 292
1 325
1 388
1 510
2 33
2 49
2 50
2 78
2 107
2 128
2 153
2 177
2 183
2 221
2 262
2 292
2 314
2 389
2 496
2 507
3 56
3 120
3 135
3 153
3 167
3 186
3 188
3 248
3 298
3 347
3 359
3 483
3 494
4 17
4 30
4 37
4 60
4 94
4 130
4 132
4 459
5 7
5 61
5 95
5 106
5 126
5 169
5 181
5 198
5 205
5 254
5 300
5 361
5 506
6 39
6 79
6 114
6 120
6 122
6 126
6 154
6 185
6 240
6 289
6 309
6 347
6 366
6 370
6 381
6 460
7 33
7 36
7 93
7 157
7 176
7 178
7 223
7 311
7 382
7 389
7 412
7 419
7 485
8 22
8 46
8 118
8 120
8 179
8 259
8 281
8 301
8 345
8 375
8 438
9 18
9 64
9 121
9 147
9 193
9 205
9 247
9 249
9 351
9 373
9 389
9 459
9 471
10 107
10 132
10 145
10 240
10 332
10 349
10 351
10 368
10 378
10 403
10 485
10 493
10 495
11 13
11 94
11 157
11 186
11 195
11 205
11 220
11 272
11 331
11 365
11 375
11 402
11 422
11 453
11 459
11 477
12 60
12 112
12 115
12 124
12 263
12 264
12 291
12 316
12 342
12 363
12 364
12 392
13 28
13 37
13 76
13 101
13 124
13 291
13 407
13 417
13 468
13 500
13 502
14 31
14 33
14 55
14 82
14 124
14 202
14 212
14 217
14 242
14 252
14 335
14 425
14 436
14 481
15 118
15 152
15 188
15 225
15 253
15 281
15 286
15 357
15 389
15 406
15 503
16 52
16 63
16 87
16 117
16 215
16 226
16 255
16 317
16 330
16 338
16 413
16 415
16 432
16 483
17 42
17 68
17 77
17 131
17 160
17 170
17 192
17 219
17 292
17 310
17 316
17 332
17 362
17 383
17 476
18 84
18 89
18 96
18 113
18 123
18 165
18 257
18 285
18 337
18 360
18 388
18 399
18 479
18 484
19 22
19 96
19 127
19 132
19 154
19 176
19 240
19 254
19 255
19 266
19 281
19 288
19 320
19 339
19 384
19 391
19 430
19 480
20 87
20 116
20 207
20 218
20 336
20 340
20 351
20 364
20 393
20 400
20 433
20 437
20 457
20 459
21 30
21 50
21 86
21 103
21 112
21 122
21 146
21 149
21 160
21 192
21 221
21 239
21 252
21 293
21 329
21 336
21 367
21 381
21 383
21 398
21 436
21 474
22 55
22 97
22 150
22 152
22 192
22 214
22 298
22 329
22 396
22 425
22 446
22 450
22 473
22 489
23 50
23 61
23 95
23 122
23 190
23 228
23 239
23 249
23 265
23 313
23 375
23 445
24 38
24 68
24 114
24 135
24 139
24 145
24 153
24 158
24 272
24 319
24 397
24 410
24 465
24 502
25 85
25 89
25 140
25 167
25 181
25 198
25 239
25 247
25 262
25 281
25 309
25 329
25 339
25 381
25 407
25 412
25 439
25 447
25 497
26 97
26 104
26 164
26 174
26 182
26 229
26 232
26 274
26 287
26 289
26 323
26 334
26 347
26 396
26 413
26 440
27 32
27 68
27 94
27 128
27 162
27 276
27 281
27 348
27 450
27 469
27 470
27 471
27 492
28 29
28 33
28 64
28 71
28 104
28 109
28 137
28 233
28 244
28 265
28 294
28 351
28 375
28 383
28 403
28 416
28 419
28 484
28 508
29 56
29 63
29 160
29 169
29 260
29 263
29 315
29 320
29 332
29 388
29 404
29 417
29 477
29 480
29 485
29 496
29 498
29 511
30 63
30 98
30 114
30 143
30 267
30 285
30 287
30 296
30 304
30 306
30 316
30 370
30 374
30 410
30 420
30 438
30 449
30 453
30 477
31 35
31 45
31 73
31 122
31 143
31 218
31 221
31 254
31 331
31 386
31 406
32 44
32 88
32 124
32 131
32 213
32 325
32 329
32 352
32 398
32 423
32 439
32 442
32 444
33 40
33 45
33 115
33 162
33 193
33 200
33 240
33 252
33 274
33 319
33 358
33 367
33 448
33 449
33 453
33 467
34 39
34 53
34 189
34 288
34 330
34 337
34 339
34 432
34 498
35 120
35 123
35 125
35 175
35 177
35 333
35 351
35 404
35 508
35 509
36 55
36 92
36 97
36 114
36 119
36 188
36 220
36 265
36 267
36 274
36 325
36 338
36 347
36 363
36 388
36 389
36 395
36 420
36 431
36 465
36 509
37 45
37 81
37 215
37 347
37 410
37 458
37 499
37 510
38 59
38 67
38 72
38 109
38 158
38 169
38 217
38 236
38 277
38 297
38 298
38 392
38 489
38 503
38 506
39 57
39 108
39 164
39 168
39 269
39 324
39 348
39 360
39 464
39 493
39 506
40 57
40 77
40 145
40 158
40 193
40 352
40 357
40 453
41 60
41 86
41 118
41 127
41 130
41 157
41 228
41 240
41 283
41 342
41 399
41 496
42 153
42 164
42 191
42 221
42 244
42 269
42 297
42 340
42 363
42 435
42 462
42 481
42 494
43 59
43 86
43 102
43 173
43 180
43 208
43 360
43 374
43 394
43 406
43 435
43 446
43 451
43 480
43 496
43 509
44 99
44 143
44 214
44 266
44 393
44 429
44 441
44 456
44 487
44 492
45 53
45 54
45 144
45 232
45 245
45 249
45 327
45 330
45 332
45 350
45 360
45 367
45 444
45 466
45 472
46 64
46 77
46 126
46 201
46 225
46 249
46 255
46 285
46 311
46 320
46 375
46 437
46 452
46 499
47 69
47 87
47 108
47 136
47 153
47 322
47 326
47 364
47 382
47 385
47 396
47 436
47 469
48 52
48 177
48 182
48 205
48 232
48 259
48 261
48 275
48 356
48 359
48 365
48 379
48 382
48 434
48 440
48 460
48 472
48 477
49 60
49 72
49 181
49 231
49 280
49 303
49 366
49 463
50 98
50 145
50 157
50 167
50 268
50 275
50 337
50 447
50 494
51 114
51 147
51 223
51 225
51 232
51 245
51 268
51 289
51 315
51 339
51 355
51 366
51 380
51 426
51 449
51 489
52 62
52 76
52 96
52 117
52 190
52 244
52 260
52 263
52 295
52 388
52 437
52 463
52 489
53 100
53 131
53 152
53 208
53 255
53 355
53 356
53 381
53 392
53 404
53 453
54 70
54 76
54 142
54 145
54 180
54 186
54 190
54 211
54 251
54 253
54 301
54 330
54 488
55 111
55 119
55 163
55 189
55 202
55 261
55 279
55 283
55 328
55 336
55 343
55 367
55 391
56 88
56 202
56 209
56 250
56 268
56 328
56 417
56 419
56 437
56 452
57 108
57 113
57 124
57 134
57 197
57 238
57 282
57 287
57 313
57 317
57 495
58 69
58 97
58 156
58 166
58 176
58 190
58 201
58 292
58 304
58 308
58 334
58 343
58 386
58 498
58 499
59 65
59 76
59 102
59 136
59 184
59 201
59 205
59 226
59 245
59 254
59 283
59 325
59 348
59 367
59 375
59 398
59 407
59 428
59 435
59 445
59 450
59 459
60 122
60 136
60 154
60 175
60 235
60 241
60 258
60 264
60 325
60 345
60 347
60 442
60 477
60 505
61 107
61 121
61 148
61 168
61 185
61 221
61 231
61 245
61 247
61 291
61 335
61 404
61 413
61 500
62 241
62 266
62 298
62 340
62 366
62 388
62 411
62 495
63 72
63 148
63 149
63 176
63 194
63 238
63 249
63 278
63 350
63 362
63 413
63 429
63 437
63 492
64 78
64 102
64 105
64 169
64 213
64 380
64 392
64 393
64 417
64 493
65 68
65 92
65 125
65 179
65 283
65 299
65 308
65 319
65 322
65 387
65 403
65 409
65 419
65 426
65 494
66 135
66 177
66 181
66 197
66 214
66 250
66 317
66 333
66 430
66 449
66 479
67 111
67 116
67 141
67 168
67 179
67 274
67 276
67 293
67 300
67 306
67 329
67 351
67 353
67 393
67 398
67 426
67 478
68 122
68 125
68 265
68 301
68 375
68 383
68 401
68 430
68 444
68 450
69 106
69 143
69 182
69 243
69 286
69 306
69 367
69 371
69 379
69 385
69 439
69 485
70 77
70 79
70 114
70 166
70 247
70 322
70 328
70 338
70 357
70 377
70 417
70 450
70 510
71 135
71 291
71 293
71 376
71 484
72 174
72 217
72 248
72 273
72 293
72 356
72 438
73 117
73 190
73 263
73 297
73 304
73 448
73 482
73 505
74 86
74 92
74 146
74 181
74 294
74 356
74 398
75 85
75 109
75 132
75 173
75 221
75 225
75 244
75 260
75 275
75 278
75 279
75 281
75 298
75 323
75 399
75 460
75 463
76 79
76 89
76 99
76 108
76 164
76 309
76 366
76 396
76 405
76 454
76 496
76 497
77 109
77 143
77 180
77 182
77 223
77 266
77 308
77 336
77 381
77 397
77 426
77 508
77 511
78 92
78 228
78 285
78 325
78 338
78 366
78 384
78 440
78 461
78 471
78 504
79 85
79 132
79 134
79 144
79 199
79 222
79 292
79 294
79 347
79 458
79 471
80 95
80 105
80 146
80 153
80 228
80 241
80 325
80 332
80 351
80 394
80 437
80 482
81 90
81 97
81 194
81 195
81 242
81 274
81 285
81 292
81 393
81 395
81 413
81 459
82 116
82 127
82 160
82 196
82 252
82 282
82 289
82 328
82 340
82 350
82 425
82 452
82 466
82 477
83 84
83 86
83 157
83 178
83 206
83 209
83 219
83 221
83 251
83 284
83 385
83 410
83 425
83 458
83 476
84 93
84 133
84 153
84 158
84 200
84 230
84 319
84 320
84 322
84 371
84 378
84 416
84 448
84 477
84 489
84 493
85 213
85 233
85 242
85 267
85 284
85 314
85 326
85 371
85 386
85 439
85 490
85 502
86 154
86 175
86 176
86 282
86 292
86 299
86 307
86 336
86 345
86 353
86 354
86 376
86 395
86 480
86 481
86 501
87 119
87 131
87 176
87 203
87 213
87 256
87 349
87 355
87 363
87 433
87 511
88 109
88 125
88 198
88 215
88 244
88 254
88 261
88 282
88 320
88 353
88 368
88 412
88 475
88 487
88 495
89 112
89 134
89 135
89 150
89 169
89 173
89 226
89 277
89 300
89 302
89 346
89 404
89 484
89 496
90 129
90 156
90 167
90 215
90 219
90 228
90 258
90 259
90 262
90 271
90 278
90 289
90 321
90 363
90 433
90 469
90 491
91 111
91 189
91 227
91 248
91 400
91 406
91 413
91 472
92 158
92 332
92 358
92 395
92 440
92 442
93 102
93 130
93 147
93 163
93 182
93 237
93 266
93 300
93 310
93 313
93 329
93 336
93 345
93 349
93 371
93 417
93 496
93 501
94 187
94 210
94 228
94 237
94 243
94 255
94 283
94 316
94 348
94 380
94 382
94 409
94 425
94 426
94 430
94 476
94 504
95 97
95 143
95 152
95 264
95 280
95 302
95 306
95 367
95 374
95 473
95 490
95 496
95 499
96 122
96 166
96 217
96 255
96 281
96 353
96 370
96 377
96 425
96 444
96 469
96 479
96 480
96 490
96 495
96 498
97 103
97 109
97 145
97 162
97 177
97 182
97 192
97 197
97 232
97 264
97 270
97 341
97 345
97 373
97 432
97 444
97 452
97 465
97 468
98 166
98 175
98 195
98 263
98 315
98 322
98 335
98 431
98 435
98 500
98 503
99 111
99 120
99 125
99 137
99 151
99 174
99 204
99 225
99 229
99 303
99 336
99 352
99 407
99 425
99 506
100 112
100 154
100 187
100 235
100 322
100 334
100 346
100 409
100 489
100 491
101 199
101 251
101 277
101 288
101 291
101 300
101 384
101 402
101 461
101 504
102 106
102 137
102 210
102 243
102 249
102 374
102 377
102 391
102 418
102 497
103 112
103 147
103 174
103 184
103 187
103 193
103 222
103 234
103 311
103 332
103 413
103 430
103 440
103 457
103 458
103 479
103 491
104 113
104 227
104 240
104 331
104 343
104 365
104 444
104 451
104 500
105 131
105 148
105 180
105 191
105 201
105 204
105 225
105 251
105 291
105 298
105 336
105 396
105 465
105 492
105 501
105 508
106 119
106 166
106 243
106 272
106 308
106 410
106 422
106 485
106 500
106 510
107 122
107 137
107 142
107 160
107 164
107 176
107 180
107 196
107 202
107 205
107 207
107 225
107 266
107 287
107 339
107 351
107 408
107 442
107 487
108 120
108 163
108 191
108 201
108 208
108 253
108 270
108 292
108 295
108 357
108 360
109 182
109 189
109 207
109 310
109 314
109 378
109 502
110 140
110 153
110 197
110 238
110 248
110 313
110 353
110 379
110 435
110 466
110 507
110 509
111 136
111 141
111 187
111 193
111 196
111 315
111 326
111 367
111 398
111 451
112 190
112 296
112 400
112 448
112 471
113 142
113 256
113 270
113 328
113 467
114 182
114 335
114 339
114 369
114 376
114 477
115 187
115 242
115 277
115 297
115 316
115 375
115 405
115 434
115 458
115 469
115 485
115 486
116 184
116 228
116 286
116 409
116 416
116 503
117 182
117 230
117 240
117 293
117 300
117 350
117 460
117 479
117 499
118 147
118 149
118 327
118 360
118 389
118 495
119 137
119 209
119 244
119 316
119 387
120 125
120 185
120 265
120 325
120 368
120 425
120 429
120 469
120 497
120 508
121 135
121 161
121 164
121 185
121 190
121 207
121 251
121 358
121 375
121 508
122 134
122 159
122 168
122 175
122 177
122 245
122 276
122 279
122 353
122 399
122 447
122 456
122 461
123 145
123 183
123 217
123 239
123 279
123 315
123 396
123 471
123 495
123 500
123 503
123 507
124 139
124 178
124 280
124 315
124 462
124 501
125 178
125 205
125 255
125 288
125 381
125 392
125 477
125 489
125 509
126 167
126 188
126 222
126 223
126 254
126 260
126 274
126 346
126 382
126 383
126 441
126 443
126 457
126 483
126 501
127 198
127 232
127 287
127 305
127 346
127 360
127 393
128 175
128 185
128 249
128 282
128 322
128 334
128 349
128 409
129 187
129 200
129 295
129 373
129 402
129 448
129 475
130 147
130 158
130 211
130 217
130 239
130 276
130 298
130 350
130 369
130 371
130 418
130 438
130 445
131 133
131 156
131 164
131 180
131 254
131 292
131 294
131 318
131 326
131 354
131 363
131 388
131 392
131 451
131 504
132 172
132 177
132 200
132 236
132 279
132 291
132 323
132 330
132 337
132 418
132 421
132 446
132 459
133 165
133 192
133 202
133 224
133 259
133 277
133 284
133 286
133 291
133 332
133 340
133 429
133 451
133 496
133 505
134 137
134 140
134 156
134 176
134 195
134 407
134 416
134 421
134 454
134 461
135 150
135 205
135 253
135 256
135 376
135 419
135 476
136 157
136 175
136 322
136 403
136 498
137 180
137 192
137 220
137 239
137 240
137 259
137 268
137 334
137 337
137 351
137 425
137 442
137 502
138 151
138 160
138 193
138 198
138 240
138 271
138 340
138 346
138 360
138 398
138 449
138 451
138 498
139 212
139 248
139 270
139 276
139 326
139 340
139 398
139 422
139 470
139 474
139 510
140 141
140 145
140 156
140 158
140 211
140 219
140 229
140 316
140 332
140 354
140 372
140 393
140 450
140 455
140 463
140 465
141 200
141 256
141 263
141 285
141 286
141 367
141 375
141 430
141 440
142 342
142 363
142 390
142 417
142 462
142 485
143 168
143 179
143 196
143 206
143 224
143 249
143 307
143 312
143 328
143 394
143 473
144 152
144 248
144 275
144 308
144 309
144 316
144 332
144 374
144 399
144 403
144 408
144 418
144 448
144 465
144 469
145 160
145 211
145 234
145 321
145 324
145 329
145 384
145 505
146 198
146 292
146 302
146 367
146 369
146 385
146 450
146 508
147 155
147 229
147 277
147 304
147 368
147 391
147 406
147 465
147 492
147 495
148 177
148 258
148 264
148 367
148 404
148 406
148 421
148 428
148 442
148 490
148 495
149 159
149 207
149 247
149 256
149 317
149 339
149 377
149 380
149 401
149 503
150 166
150 171
150 175
150 223
150 251
150 258
150 287
150 331
150 443
150 454
151 223
151 259
151 294
151 297
151 363
151 365
151 379
151 399
151 431
151 435
151 444
152 195
152 263
152 268
152 288
152 302
152 472
152 473
153 266
153 280
153 298
153 371
153 375
153 441
153 447
153 458
153 464
153 476
153 477
154 211
154 246
154 282
154 368
154 370
154 386
154 462
155 159
155 208
155 300
155 317
155 405
155 421
155 427
156 187
156 217
156 230
156 242
156 286
156 340
156 392
156 408
156 439
156 495
157 201
157 249
157 300
157 310
157 312
157 400
157 418
157 489
158 159
158 167
158 189
158 241
158 252
158 331
158 415
159 176
159 186
159 191
159 197
159 266
159 290
159 299
159 324
159 349
159 404
159 406
159 411
159 413
159 459
159 464
159 474
160 211
160 247
160 270
160 332
160 355
160 383
160 384
160 424
160 425
160 438
160 464
160 473
160 486
161 220
161 246
161 276
161 288
161 329
161 371
161 373
161 406
161 410
161 458
161 481
161 501
161 507
162 176
162 204
162 214
162 272
162 275
162 307
162 339
162 354
162 371
162 382
162 416
162 426
162 485
163 180
163 228
163 261
163 301
163 308
163 311
163 320
163 368
163 409
163 418
163 442
164 179
164 336
164 348
164 360
164 444
164 450
165 190
165 207
165 233
165 283
165 330
165 414
165 439
165 469
165 490
166 172
166 173
166 195
166 216
166 253
166 272
166 342
166 375
166 434
167 169
167 203
167 205
167 217
167 242
167 253
167 270
167 315
167 327
167 343
167 358
167 383
167 455
167 456
167 507
168 216
168 226
168 254
168 259
168 391
168 405
168 505
169 248
169 250
169 290
169 339
169 417
169 424
169 459
169 467
169 475
170 237
170 263
170 332
170 466
170 481
171 187
171 213
171 224
171 294
171 302
171 375
171 416
171 422
171 427
171 467
171 471
172 214
172 220
172 232
172 256
172 302
172 311
172 338
172 355
172 384
172 389
172 399
172 437
172 438
172 439
172 478
173 178
173 292
173 334
173 391
173 459
173 486
173 500
174 191
174 230
174 232
174 241
174 243
174 248
174 264
174 312
174 331
174 385
174 417
174 430
174 444
174 449
175 221
175 233
175 277
175 297
175 334
175 369
175 393
175 401
175 459
175 466
175 468
175 470
176 215
176 248
176 286
176 500
176 504
177 178
177 209
177 226
177 252
177 309
177 318
177 328
177 337
177 362
177 368
177 369
177 373
177 382
177 413
177 460
177 499
178 199
178 210
178 249
178 279
178 303
178 332
178 353
178 367
178 494
178 496
179 180
179 203
179 240
179 249
179 302
179 321
179 324
179 388
179 403
179 417
179 487
180 355
180 362
180 392
180 429
180 457
180 474
181 198
181 208
181 216
181 223
181 282
181 287
181 300
181 309
181 361
181 372
181 464
181 506
182 225
182 226
182 280
182 295
182 298
182 347
182 394
182 431
182 432
182 510
183 277
183 284
183 316
183 352
183 356
183 416
183 440
183 487
183 497
184 202
184 205
184 232
184 240
184 328
184 420
184 438
184 456
185 198
185 271
185 276
185 311
185 318
185 319
185 328
185 339
185 340
185 424
185 455
186 230
186 233
186 250
186 295
186 306
186 361
186 412
186 443
186 471
187 236
187 271
187 279
187 300
187 382
187 400
187 440
187 473
187 506
188 211
188 321
188 341
188 372
188 490
189 295
189 326
189 363
189 439
189 446
189 469
190 236
190 285
190 308
190 324
190 354
190 426
190 477
190 492
191 200
191 201
191 247
191 280
191 303
191 318
191 321
191 367
191 428
191 438
191 487
191 494
191 503
192 230
192 247
192 283
192 336
192 349
192 364
192 397
192 416
192 425
192 460
192 476
193 215
193 231
193 275
193 358
193 359
193 366
193 410
193 424
193 482
194 251
194 263
194 272
194 290
194 333
194 349
194 350
194 382
194 389
194 390
194 480
194 482
194 508
195 208
195 230
195 292
195 307
195 327
195 343
195 380
196 230
196 266
196 268
196 281
196 309
196 316
196 430
196 453
196 486
197 213
197 239
197 254
197 267
197 298
197 334
197 350
197 354
197 364
197 368
197 392
197 400
197 418
197 433
197 436
197 446
197 461
197 485
197 507
198 200
198 247
198 368
198 407
198 435
198 458
198 479
199 252
199 280
199 290
199 317
199 379
199 432
199 494
200 203
200 232
200 236
200 326
200 399
200 417
200 437
200 485
201 249
201 284
201 445
201 499
201 510
202 291
202 320
202 321
202 387
202 413
202 423
202 427
202 441
202 454
203 260
203 288
203 305
203 445
203 468
204 208
204 225
204 258
204 300
204 307
204 387
204 509
205 278
205 311
205 334
205 345
205 353
205 373
205 416
205 453
205 455
206 211
206 359
206 428
206 432
206 497
206 510
207 252
207 294
207 296
207 312
207 355
207 369
207 471
207 505
208 243
208 336
208 355
208 377
208 482
209 228
209 256
209 263
209 297
209 316
209 362
209 371
210 278
210 309
210 341
210 349
210 361
210 375
210 410
210 411
210 461
210 475
211 224
211 230
211 250
211 275
211 278
211 283
211 303
211 312
211 321
211 323
211 326
211 329
211 457
212 237
212 243
212 245
212 309
212 310
212 388
212 404
212 437
212 455
212 498
213 258
213 310
213 325
213 343
213 378
213 432
213 492
213 494
213 495
213 503
214 216
214 289
214 366
214 373
214 379
214 452
214 471
214 492
215 281
215 285
215 288
215 292
215 320
215 334
215 370
215 402
215 404
215 437
215 454
215 489
215 491
216 220
216 233
216 260
216 279
216 354
216 388
216 392
216 443
216 476
217 218
217 248
217 257
217 261
217 268
217 286
217 299
217 310
217 326
217 339
217 385
217 393
217 447
217 456
218 256
218 285
218 304
218 321
218 323
218 346
218 404
218 433
218 435
218 451
219 222
219 280
219 294
219 329
219 373
219 435
219 485
219 503
220 263
220 315
220 337
220 349
220 358
220 387
220 496
221 282
221 315
221 319
221 332
221 356
221 412
221 438
221 509
222 228
222 249
222 319
222 328
222 383
222 385
222 406
222 419
222 457
222 468
223 259
223 291
223 348
223 417
223 424
223 455
224 264
224 302
224 309
224 320
224 350
224 358
224 364
224 471
225 270
225 272
225 274
225 295
225 364
225 377
225 399
225 498
226 257
226 261
226 275
226 324
226 331
226 334
226 404
226 407
226 409
226 457
226 492
227 238
227 249
227 282
227 301
227 306
227 398
227 409
227 449
227 470
227 483
228 252
228 322
228 381
228 410
228 431
229 268
229 326
229 338
229 352
229 355
229 365
229 394
229 411
229 494
230 256
230 294
230 302
230 319
230 337
230 392
230 409
230 431
230 432
230 433
230 437
230 482
231 252
231 261
231 271
231 301
231 342
231 355
231 370
231 465
231 504
232 264
232 319
232 321
232 341
232 397
232 398
232 404
232 413
232 480
232 485
233 246
233 296
233 355
233 356
233 384
233 394
233 423
233 432
233 445
233 459
233 461
233 478
233 487
233 491
234 247
234 336
234 350
234 380
234 445
234 474
235 261
235 279
235 286
235 325
235 327
235 337
235 381
235 391
235 455
235 463
235 475
236 267
236 278
236 448
236 503
237 258
237 282
237 289
237 298
237 421
237 454
237 488
238 265
238 276
238 302
238 311
238 409
238 481
238 495
238 503
239 297
239 366
239 398
239 411
239 450
239 469
239 470
240 251
240 312
240 315
240 332
240 410
240 419
240 431
240 445
241 262
241 267
241 288
241 359
241 396
241 411
241 485
242 248
242 256
242 260
242 344
242 470
242 472
242 479
242 501
243 249
243 313
243 383
243 408
243 416
243 445
243 452
243 454
244 291
244 304
244 307
244 313
244 326
244 414
244 418
244 463
245 395
245 436
245 441
246 250
246 323
246 339
246 364
246 442
246 445
246 467
246 468
246 471
246 493
247 273
247 283
247 297
247 347
247 349
247 402
247 468
247 488
248 274
248 324
248 355
248 364
248 390
248 403
248 430
248 469
249 283
249 295
249 333
249 337
249 430
249 442
249 468
249 509
250 256
250 258
250 303
250 415
250 421
250 499
251 266
251 385
251 424
251 436
251 447
251 488
252 272
252 285
252 310
252 368
252 380
252 443
252 478
253 281
253 283
253 299
253 312
253 316
253 325
253 353
253 355
253 366
253 390
253 413
253 430
253 510
254 256
254 257
254 312
254 328
254 338
254 340
254 345
254 378
254 462
255 293
255 294
255 345
255 420
255 423
255 446
255 476
255 494
256 300
256 317
256 391
256 405
256 431
256 446
256 466
257 308
257 349
257 404
257 451
257 455
257 493
258 261
258 271
258 303
258 307
258 309
258 312
258 313
258 322
258 342
258 347
258 350
258 424
258 432
258 438
258 449
258 481
259 268
259 307
259 323
259 350
259 355
259 369
259 399
259 451
259 496
260 271
260 355
260 389
260 480
261 273
261 308
261 359
261 413
261 469
261 487
262 323
262 324
262 335
262 398
262 456
262 480
262 506
263 271
263 287
263 322
263 346
263 360
263 429
263 476
264 371
264 393
264 414
264 436
264 449
265 338
265 360
265 423
265 475
265 505
266 291
266 382
266 428
266 485
267 272
267 296
267 338
267 343
267 369
267 373
268 270
268 277
268 285
268 291
268 298
268 302
268 331
269 278
269 342
269 357
269 358
269 364
269 460
269 481
270 333
270 351
270 373
270 386
270 428
270 439
270 447
270 460
270 487
271 275
271 277
271 291
271 310
271 382
271 389
271 407
271 419
271 466
271 484
271 489
272 315
272 344
272 360
272 361
272 473
272 481
273 292
273 300
273 303
273 389
273 392
273 421
273 456
273 466
273 493
274 376
274 411
274 438
274 448
274 457
275 277
275 322
275 368
276 320
276 333
276 357
276 387
276 391
276 500
277 289
277 294
277 306
277 356
277 424
277 436
278 293
278 395
278 473
278 505
279 292
279 298
279 307
279 384
279 414
279 457
279 459
279 472
279 497
280 308
280 370
280 371
280 394
280 434
280 499
281 288
281 422
281 502
282 291
282 309
282 322
282 323
282 330
282 368
282 401
282 412
282 488
283 309
283 316
283 355
283 357
283 378
283 384
283 401
283 421
283 434
283 453
284 382
284 421
284 430
284 448
284 471
284 476
284 489
284 497
284 501
285 358
285 402
285 432
285 459
286 288
286 292
286 323
286 352
286 369
286 434
286 464
287 324
287 326
287 372
287 386
287 392
287 483
287 504
287 505
288 308
288 458
288 471
288 472
288 475
288 497
289 319
289 329
289 357
289 366
289 385
289 386
289 392
289 421
289 472
289 478
289 489
289 506
290 399
290 416
290 471
290 476
291 312
291 314
291 318
291 359
291 401
291 414
291 444
291 448
291 491
292 316
292 340
292 349
292 351
292 431
292 433
292 462
292 475
293 338
293 370
293 430
293 463
293 469
294 373
294 388
294 431
294 472
295 354
295 493
295 511
296 317
296 336
296 378
297 301
297 325
297 424
298 304
298 442
298 474
298 488
298 493
299 305
299 316
299 345
299 389
299 420
299 422
299 424
299 427
300 315
300 332
300 370
300 382
300 399
300 406
300 433
300 443
300 491
301 311
301 332
301 379
301 440
301 473
302 325
302 365
302 390
302 410
303 307
303 326
303 350
303 412
303 418
303 485
304 320
304 355
304 371
305 322
305 416
305 445
305 446
305 476
305 496
306 320
306 375
306 410
307 337
307 401
307 421
307 432
307 436
307 471
307 509
308 314
308 342
308 344
308 399
308 424
308 450
308 488
308 501
309 324
309 329
309 382
309 421
310 316
310 356
310 366
310 425
310 458
311 341
311 396
311 423
311 465
311 473
312 361
313 408
313 473
314 385
314 426
314 506
315 341
315 352
315 371
315 423
315 486
315 489
316 369
316 413
316 442
316 467
316 486
317 363
317 370
317 383
317 420
318 393
318 407
318 417
318 433
318 439
318 470
318 477
318 480
319 357
319 373
319 375
319 416
319 420
319 434
319 449
319 460
319 503
319 508
320 321
320 474
320 481
320 496
321 400
321 457
322 323
322 331
322 423
322 428
322 469
323 334
323 348
323 383
323 413
323 451
323 475
323 505
324 326
324 367
324 380
324 432
324 459
324 496
324 502
325 408
326 413
326 439
326 465
327 354
327 384
327 399
327 434
327 457
327 511
328 333
328 340
328 350
328 370
328 446
328 469
329 332
329 347
329 391
329 453
329 466
329 470
330 363
330 375
330 424
330 441
330 493
331 363
331 370
331 386
331 409
331 415
331 430
331 438
331 456
331 457
331 458
331 486
332 388
332 426
332 434
332 438
332 445
333 380
333 415
333 461
333 509
334 361
334 362
334 373
334 379
334 480
335 350
335 354
335 358
335 436
335 469
335 483
336 338
336 340
336 450
336 488
336 494
337 486
338 341
338 342
338 357
338 386
338 462
338 487
339 413
339 449
339 463
339 472
340 402
340 408
341 494
341 505
342 377
342 393
342 489
342 511
343 389
343 393
343 410
343 418
343 430
343 431
343 493
344 347
344 363
344 367
344 390
344 429
345 362
345 449
345 491
345 500
345 507
346 363
346 393
347 390
347 400
347 406
347 504
347 506
348 451
348 489
349 356
349 369
349 450
349 458
349 463
349 469
349 487
350 389
350 392
350 471
350 488
350 506
351 354
351 495
352 354
352 435
352 459
352 467
353 388
353 423
353 443
353 474
353 477
353 488
354 356
354 385
354 490
354 510
356 369
356 474
357 371
357 397
357 494
358 377
358 402
358 404
358 443
358 482
358 499
359 367
359 374
359 399
359 401
359 455
360 401
360 415
360 445
360 492
360 503
361 372
361 431
361 454
362 421
362 493
363 430
363 468
363 483
364 366
364 393
364 426
364 436
364 457
364 494
364 503
364 508
365 387
365 420
365 422
365 424
365 457
365 480
366 379
367 382
367 395
367 399
367 418
367 461
367 501
368 403
368 435
369 382
369 434
369 445
370 447
371 378
371 403
371 435
371 448
371 474
371 507
372 402
372 447
372 454
372 471
372 481
372 483
373 409
373 412
373 477
374 379
374 416
374 457
374 459
375 399
375 444
375 469
375 486
376 380
376 436
377 379
377 390
377 404
377 477
377 479
378 419
378 441
378 466
378 494
379 408
379 420
380 394
380 420
380 444
380 473
380 505
381 391
381 399
381 459
381 477
381 499
382 387
382 442
382 445
382 458
382 478
384 386
384 410
384 417
384 426
384 511
385 400
386 398
386 454
386 465
387 423
387 424
387 451
387 469
387 490
388 414
388 418
388 464
388 498
389 413
389 438
389 466
389 479
390 412
390 474
390 481
391 407
391 429
391 449
391 458
391 475
392 408
392 432
392 504
393 394
393 452
393 483
394 401
394 427
394 461
394 498
395 492
395 502
396 427
396 465
396 505
398 461
399 401
399 451
399 474
399 480
400 406
400 407
400 421
400 453
400 471
400 493
400 499
401 441
402 416
403 421
403 462
403 466
403 487
404 434
404 464
404 499
405 457
405 485
405 494
405 511
406 464
406 477
406 509
407 485
407 496
409 509
410 435
410 474
410 492
410 508
411 434
412 482
412 494
412 506
414 447
414 451
414 511
415 440
415 477
416 419
416 476
416 487
416 497
416 506
417 424
417 454
417 464
417 485
418 493
419 432
419 442
419 447
419 471
420 429
420 471
420 492
421 442
422 424
422 442
422 452
422 500
423 424
423 444
423 500
424 471
425 445
425 476
425 502
426 454
426 468
427 478
427 486
428 484
429 462
429 479
429 483
430 445
430 482
431 442
431 444
431 475
432 454
432 507
433 468
433 477
434 462
434 470
435 439
435 487
435 503
436 501
437 449
437 471
437 497
437 509
438 464
439 448
440 475
441 453
441 489
441 501
442 459
442 462
443 465
443 483
443 504
444 483
445 460
446 460
448 454
448 504
449 458
449 478
449 504
450 506
452 465
452 483
452 508
452 509
453 479
453 509
454 508
455 462
455 482
455 488
455 508
456 481
457 471
457 506
458 503
458 505
458 509
459 474
459 507
462 490
463 489
465 486
467 498
467 506
467 507
469 471
469 476
469 493
470 505
471 487
471 507
472 478
472 489
473 480
474 487
477 492
477 495
478 479
479 483
479 489
479 500
480 499
483 502
484 507
485 495
485 502
486 492
489 503
490 499
490 504
492 506
499 506
509 510
