0 10
0 14
0 17
0 19
0 23
0 27
0 30
0 36
0 40
0 42
0 50
0 57
0 85
0 127
0 134
0 148
0 169
0 187
0 226
0 240
0 252
0 260
0 294
0 310
0 332
0 354
0 411
0 477
0 484
0 490
0 530
0 560
0 564
0 593
0 597
0 636
0 639
0 687
0 691
0 702
0 709
0 716
0 806
0 869
0 894
0 903
0 1021
1 10
1 11
1 13
1 15
1 17
1 19
1 21
1 23
1 25
1 28
1 38
1 40
1 42
1 43
1 44
1 50
1 59
1 62
1 66
1 70
1 71
1 74
1 81
1 83
1 92
1 95
1 99
1 102
1 105
1 111
1 113
1 117
1 121
1 125
1 142
1 146
1 147
1 154
1 156
1 166
1 171
1 172
1 173
1 178
1 218
1 222
1 241
1 248
1 254
1 261
1 263
1 268
1 303
1 310
1 338
1 347
1 360
1 364
1 366
1 371
1 378
1 381
1 382
1 396
1 399
1 425
1 426
1 439
1 442
1 473
1 474
1 490
1 514
1 521
1 538
1 540
1 544
1 548
1 560
1 561
1 563
1 586
1 591
1 618
1 622
1 670
1 706
1 736
1 753
1 758
1 773
1 807
1 828
1 893
1 894
1 907
1 968
1 986
1 1005
1 1014
2 10
2 11
2 12
2 13
2 14
2 15
2 16
2 17
2 18
2 20
2 23
2 24
2 30
2 32
2 33
2 37
2 42
2 43
2 48
2 60
2 61
2 68
2 69
2 94
2 98
2 102
2 106
2 119
2 123
2 129
2 137
2 138
2 141
2 143
2 151
2 156
2 158
2 160
2 178
2 218
2 227
2 232
2 246
2 280
2 292
2 304
2 310
2 317
2 319
2 352
2 360
2 363
2 368
2 380
2 450
2 487
2 500
2 540
2 546
2 555
2 571
2 581
2 612
2 634
2 640
2 645
2 650
2 656
2 657
2 658
2 673
2 701
2 754
2 760
2 763
2 781
2 783
2 797
2 822
2 848
2 862
2 874
2 902
2 927
2 975
2 978
2 985
2 995
2 996
2 1007
3 10
3 11
3 12
3 13
3 14
3 15
3 19
3 22
3 23
3 25
3 26
3 31
3 39
3 50
3 51
3 52
3 53
3 55
3 58
3 62
3 69
3 74
3 83
3 94
3 117
3 122
3 124
3 128
3 130
3 131
3 138
3 141
3 155
3 158
3 166
3 170
3 178
3 179
3 189
3 203
3 229
3 234
3 241
3 250
3 255
3 260
3 275
3 276
3 282
3 318
3 335
3 359
3 366
3 377
3 409
3 429
3 439
3 447
3 450
3 464
3 484
3 491
3 511
3 526
3 563
3 580
3 629
3 658
3 718
3 724
3 749
3 769
3 787
3 794
3 816
3 821
3 837
3 854
3 862
3 898
3 922
3 928
3 968
3 990
4 10
4 11
4 12
4 13
4 14
4 15
4 19
4 26
4 27
4 36
4 38
4 61
4 65
4 69
4 74
4 80
4 92
4 95
4 106
4 110
4 111
4 118
4 131
4 134
4 136
4 145
4 249
4 284
4 307
4 325
4 335
4 356
4 375
4 396
4 439
4 463
4 465
4 512
4 531
4 571
4 615
4 648
4 691
4 705
4 723
4 728
4 736
4 739
4 751
4 764
4 765
4 804
4 862
4 921
4 956
5 10
5 11
5 12
5 13
5 16
5 18
5 21
5 47
5 56
5 59
5 66
5 68
5 71
5 85
5 91
5 94
5 132
5 163
5 174
5 181
5 205
5 232
5 247
5 248
5 259
5 264
5 292
5 297
5 298
5 326
5 333
5 360
5 378
5 386
5 394
5 397
5 432
5 460
5 462
5 538
5 599
5 608
5 623
5 675
5 688
5 710
5 805
5 954
5 999
6 10
6 11
6 12
6 14
6 17
6 22
6 25
6 26
6 37
6 46
6 54
6 72
6 84
6 96
6 122
6 148
6 211
6 214
6 216
6 222
6 311
6 321
6 367
6 370
6 374
6 395
6 408
6 466
6 515
6 537
6 550
6 562
6 576
6 591
6 611
6 642
6 661
6 694
6 724
6 817
6 845
6 854
6 868
7 10
7 11
7 12
7 13
7 14
7 17
7 18
7 19
7 20
7 21
7 24
7 25
7 26
7 27
7 34
7 35
7 36
7 37
7 39
7 40
7 51
7 54
7 55
7 63
7 64
7 66
7 68
7 71
7 84
7 89
7 112
7 116
7 119
7 128
7 132
7 144
7 152
7 159
7 168
7 169
7 172
7 182
7 211
7 220
7 249
7 290
7 293
7 294
7 296
7 308
7 327
7 354
7 390
7 400
7 404
7 418
7 435
7 478
7 499
7 510
7 517
7 525
7 546
7 572
7 589
7 623
7 659
7 666
7 695
7 702
7 740
7 774
7 779
7 795
7 797
7 811
7 834
7 844
7 853
7 854
7 878
7 890
7 899
7 917
7 927
7 935
7 947
7 976
7 978
7 987
7 1023
8 10
8 11
8 12
8 14
8 15
8 16
8 17
8 18
8 19
8 20
8 22
8 24
8 34
8 38
8 40
8 41
8 47
8 55
8 75
8 76
8 78
8 83
8 84
8 96
8 98
8 123
8 127
8 128
8 139
8 152
8 155
8 156
8 168
8 171
8 191
8 193
8 236
8 249
8 272
8 274
8 306
8 324
8 345
8 347
8 349
8 362
8 363
8 387
8 388
8 416
8 445
8 467
8 500
8 501
8 526
8 533
8 543
8 544
8 562
8 718
8 842
8 857
8 861
8 883
8 919
8 963
8 966
8 987
9 10
9 11
9 12
9 13
9 14
9 15
9 16
9 17
9 21
9 22
9 24
9 26
9 28
9 29
9 30
9 33
9 35
9 36
9 39
9 41
9 42
9 43
9 46
9 50
9 51
9 55
9 61
9 65
9 70
9 75
9 77
9 82
9 87
9 93
9 97
9 112
9 113
9 115
9 120
9 121
9 124
9 125
9 140
9 142
9 145
9 149
9 158
9 164
9 170
9 178
9 185
9 201
9 204
9 211
9 215
9 221
9 234
9 253
9 255
9 262
9 264
9 274
9 284
9 295
9 306
9 326
9 331
9 337
9 338
9 353
9 364
9 383
9 389
9 392
9 404
9 417
9 428
9 449
9 451
9 458
9 466
9 471
9 480
9 495
9 497
9 511
9 516
9 527
9 538
9 543
9 549
9 570
9 583
9 588
9 593
9 594
9 609
9 614
9 631
9 634
9 644
9 657
9 673
9 679
9 713
9 728
9 731
9 768
9 775
9 785
9 787
9 805
9 813
9 815
9 817
9 840
9 849
9 858
9 871
9 881
9 884
9 887
9 915
9 921
9 940
9 981
9 988
9 998
9 1003
9 1011
10 11
10 12
10 13
10 16
10 18
10 20
10 23
10 25
10 31
10 34
10 37
10 40
10 42
10 44
10 45
10 50
10 53
10 59
10 63
10 65
10 69
10 74
10 76
10 78
10 85
10 87
10 90
10 91
10 97
10 106
10 112
10 113
10 114
10 123
10 125
10 126
10 133
10 152
10 154
10 155
10 161
10 162
10 164
10 166
10 173
10 184
10 189
10 192
10 223
10 241
10 246
10 247
10 252
10 258
10 262
10 275
10 278
10 286
10 292
10 305
10 307
10 316
10 327
10 328
10 350
10 359
10 361
10 365
10 369
10 371
10 373
10 386
10 402
10 417
10 439
10 443
10 463
10 471
10 474
10 480
10 490
10 518
10 544
10 545
10 548
10 551
10 558
10 561
10 567
10 576
10 583
10 593
10 599
10 617
10 622
10 624
10 662
10 667
10 721
10 723
10 759
10 764
10 770
10 779
10 786
10 790
10 807
10 826
10 840
10 877
10 900
10 929
10 941
10 944
10 965
10 966
10 990
10 996
10 1011
11 12
11 13
11 14
11 15
11 16
11 18
11 20
11 21
11 24
11 26
11 28
11 30
11 32
11 33
11 34
11 39
11 41
11 42
11 45
11 47
11 54
11 61
11 68
11 69
11 70
11 83
11 86
11 88
11 89
11 91
11 92
11 99
11 101
11 102
11 107
11 114
11 119
11 139
11 153
11 155
11 159
11 171
11 185
11 192
11 202
11 204
11 208
11 222
11 227
11 228
11 239
11 246
11 254
11 255
11 261
11 263
11 267
11 279
11 284
11 286
11 289
11 293
11 294
11 296
11 303
11 316
11 325
11 381
11 383
11 393
11 445
11 465
11 468
11 472
11 475
11 517
11 523
11 535
11 542
11 559
11 578
11 585
11 617
11 621
11 643
11 647
11 652
11 673
11 706
11 707
11 721
11 725
11 731
11 737
11 783
11 789
11 799
11 806
11 816
11 833
11 834
11 853
11 857
11 873
11 904
11 910
11 918
11 953
11 985
11 990
11 993
11 1008
11 1009
12 13
12 15
12 16
12 17
12 19
12 20
12 21
12 22
12 23
12 24
12 28
12 29
12 31
12 32
12 34
12 35
12 36
12 37
12 38
12 43
12 45
12 46
12 49
12 54
12 59
12 60
12 65
12 67
12 69
12 71
12 73
12 76
12 80
12 92
12 95
12 107
12 108
12 117
12 121
12 123
12 130
12 135
12 137
12 139
12 141
12 147
12 148
12 157
12 159
12 164
12 168
12 173
12 175
12 185
12 186
12 189
12 191
12 194
12 202
12 204
12 212
12 216
12 226
12 234
12 256
12 257
12 258
12 265
12 270
12 273
12 274
12 277
12 282
12 284
12 289
12 294
12 312
12 320
12 321
12 323
12 334
12 341
12 348
12 352
12 362
12 379
12 385
12 388
12 412
12 420
12 439
12 444
12 446
12 457
12 459
12 462
12 479
12 491
12 497
12 504
12 506
12 511
12 522
12 529
12 534
12 550
12 577
12 579
12 599
12 616
12 626
12 633
12 634
12 643
12 648
12 649
12 656
12 661
12 667
12 674
12 675
12 676
12 706
12 715
12 726
12 735
12 739
12 741
12 751
12 752
12 755
12 766
12 768
12 775
12 794
12 816
12 824
12 843
12 849
12 850
12 855
12 858
12 877
12 890
12 892
12 909
12 910
12 912
12 917
12 972
12 982
12 1017
13 14
13 15
13 16
13 17
13 18
13 19
13 21
13 23
13 31
13 34
13 36
13 37
13 38
13 43
13 46
13 48
13 52
13 55
13 67
13 70
13 75
13 80
13 83
13 87
13 96
13 100
13 104
13 108
13 111
13 143
13 158
13 162
13 171
13 177
13 184
13 190
13 191
13 196
13 197
13 222
13 250
13 264
13 265
13 267
13 275
13 285
13 308
13 310
13 319
13 332
13 341
13 343
13 391
13 431
13 472
13 479
13 488
13 489
13 515
13 531
13 532
13 537
13 554
13 555
13 557
13 567
13 590
13 615
13 631
13 645
13 652
13 653
13 659
13 715
13 730
13 732
13 735
13 738
13 741
13 794
13 804
13 839
13 846
13 848
13 879
13 919
13 939
13 948
13 951
13 960
13 973
13 1007
13 1014
14 15
14 16
14 18
14 19
14 20
14 22
14 23
14 24
14 25
14 26
14 27
14 28
14 35
14 40
14 43
14 45
14 46
14 48
14 54
14 55
14 56
14 60
14 62
14 63
14 66
14 69
14 75
14 79
14 87
14 91
14 94
14 111
14 114
14 116
14 118
14 122
14 124
14 126
14 128
14 134
14 136
14 137
14 140
14 142
14 144
14 146
14 151
14 157
14 169
14 191
14 194
14 195
14 199
14 208
14 227
14 228
14 236
14 239
14 241
14 243
14 244
14 245
14 249
14 254
14 263
14 270
14 271
14 273
14 276
14 280
14 288
14 307
14 319
14 333
14 336
14 340
14 355
14 356
14 358
14 367
14 370
14 383
14 389
14 390
14 408
14 409
14 418
14 432
14 436
14 446
14 451
14 456
14 465
14 482
14 485
14 494
14 502
14 503
14 513
14 514
14 520
14 549
14 592
14 598
14 647
14 648
14 656
14 672
14 679
14 707
14 720
14 723
14 725
14 727
14 737
14 742
14 748
14 753
14 777
14 784
14 805
14 821
14 836
14 837
14 841
14 871
14 872
14 879
14 880
14 897
14 905
14 930
14 935
14 938
14 954
14 974
14 994
14 1013
14 1015
15 16
15 17
15 18
15 20
15 26
15 27
15 28
15 30
15 32
15 33
15 34
15 36
15 39
15 43
15 48
15 49
15 52
15 60
15 63
15 66
15 72
15 77
15 79
15 100
15 103
15 112
15 129
15 161
15 162
15 167
15 173
15 176
15 179
15 180
15 183
15 197
15 203
15 204
15 209
15 247
15 258
15 272
15 289
15 319
15 322
15 324
15 326
15 357
15 380
15 382
15 403
15 418
15 419
15 429
15 451
15 456
15 463
15 483
15 485
15 517
15 518
15 520
15 540
15 542
15 561
15 589
15 605
15 621
15 648
15 655
15 681
15 692
15 696
15 698
15 701
15 711
15 750
15 787
15 788
15 825
15 831
15 832
15 858
15 912
15 933
15 939
15 946
15 952
15 955
15 965
15 966
15 972
15 976
15 985
15 1019
15 1023
16 19
16 21
16 22
16 24
16 25
16 27
16 28
16 29
16 30
16 35
16 38
16 40
16 42
16 47
16 50
16 51
16 53
16 59
16 61
16 65
16 67
16 68
16 72
16 75
16 89
16 90
16 104
16 109
16 110
16 114
16 118
16 119
16 125
16 130
16 141
16 146
16 147
16 153
16 156
16 167
16 175
16 184
16 217
16 220
16 221
16 229
16 235
16 237
16 238
16 240
16 241
16 257
16 262
16 268
16 284
16 296
16 302
16 305
16 323
16 337
16 340
16 352
16 353
16 363
16 373
16 387
16 393
16 408
16 412
16 413
16 418
16 419
16 437
16 445
16 460
16 465
16 486
16 499
16 535
16 556
16 557
16 558
16 561
16 567
16 597
16 616
16 618
16 656
16 658
16 666
16 670
16 706
16 711
16 743
16 770
16 772
16 844
16 845
16 849
16 861
16 914
16 930
16 934
16 953
16 981
16 995
16 999
16 1008
16 1017
17 18
17 20
17 21
17 22
17 23
17 24
17 31
17 34
17 35
17 38
17 40
17 41
17 44
17 48
17 49
17 52
17 57
17 58
17 63
17 64
17 68
17 79
17 85
17 89
17 94
17 101
17 104
17 105
17 107
17 115
17 120
17 125
17 128
17 130
17 135
17 143
17 146
17 163
17 174
17 178
17 179
17 182
17 184
17 195
17 206
17 209
17 210
17 212
17 213
17 217
17 251
17 258
17 259
17 264
17 270
17 283
17 292
17 293
17 296
17 301
17 308
17 315
17 317
17 330
17 335
17 364
17 379
17 385
17 392
17 396
17 401
17 406
17 408
17 409
17 420
17 422
17 423
17 433
17 437
17 451
17 459
17 463
17 465
17 475
17 489
17 493
17 497
17 500
17 505
17 516
17 522
17 530
17 535
17 541
17 559
17 574
17 581
17 592
17 595
17 596
17 599
17 606
17 610
17 611
17 625
17 661
17 662
17 680
17 698
17 705
17 712
17 714
17 729
17 743
17 757
17 758
17 762
17 770
17 784
17 815
17 816
17 826
17 833
17 834
17 838
17 865
17 866
17 893
17 911
17 919
17 927
17 928
17 934
17 988
17 1017
18 20
18 21
18 23
18 25
18 26
18 27
18 29
18 33
18 35
18 37
18 40
18 44
18 45
18 46
18 49
18 51
18 52
18 53
18 56
18 58
18 81
18 86
18 87
18 88
18 90
18 91
18 101
18 106
18 115
18 117
18 127
18 137
18 145
18 148
18 152
18 163
18 177
18 178
18 180
18 206
18 215
18 218
18 231
18 236
18 238
18 239
18 246
18 255
18 265
18 269
18 276
18 278
18 279
18 298
18 342
18 358
18 366
18 381
18 391
18 397
18 407
18 450
18 451
18 471
18 483
18 497
18 542
18 562
18 564
18 565
18 594
18 597
18 599
18 697
18 700
18 717
18 719
18 720
18 775
18 778
18 810
18 823
18 826
18 955
18 962
19 22
19 27
19 28
19 31
19 32
19 35
19 45
19 49
19 70
19 73
19 80
19 89
19 90
19 95
19 97
19 102
19 106
19 124
19 136
19 144
19 145
19 159
19 162
19 168
19 181
19 182
19 185
19 215
19 252
19 265
19 286
19 313
19 344
19 361
19 367
19 385
19 402
19 415
19 428
19 451
19 461
19 466
19 487
19 496
19 505
19 517
19 518
19 548
19 588
19 609
19 623
19 638
19 675
19 697
19 709
19 743
19 789
19 810
19 811
19 837
19 842
19 912
19 929
19 938
19 965
19 967
19 986
19 991
19 1016
20 24
20 25
20 27
20 28
20 29
20 32
20 33
20 34
20 37
20 39
20 43
20 44
20 45
20 47
20 48
20 49
20 51
20 53
20 68
20 77
20 80
20 82
20 83
20 89
20 93
20 94
20 98
20 101
20 103
20 109
20 116
20 132
20 148
20 151
20 160
20 162
20 187
20 192
20 197
20 203
20 204
20 206
20 215
20 217
20 221
20 238
20 246
20 254
20 261
20 262
20 272
20 285
20 290
20 296
20 297
20 303
20 310
20 314
20 318
20 324
20 345
20 352
20 376
20 380
20 383
20 402
20 403
20 404
20 434
20 471
20 477
20 490
20 496
20 504
20 524
20 531
20 566
20 595
20 598
20 600
20 601
20 603
20 609
20 612
20 653
20 681
20 684
20 696
20 698
20 742
20 750
20 753
20 768
20 777
20 792
20 797
20 815
20 816
20 849
20 880
20 911
20 927
20 952
20 953
20 981
20 1004
20 1020
20 1023
21 22
21 30
21 31
21 32
21 44
21 46
21 53
21 56
21 64
21 70
21 85
21 111
21 116
21 125
21 160
21 166
21 190
21 200
21 204
21 240
21 244
21 256
21 268
21 269
21 284
21 326
21 352
21 353
21 358
21 371
21 403
21 430
21 449
21 500
21 525
21 528
21 603
21 626
21 627
21 632
21 655
21 712
21 725
21 795
21 840
21 857
21 859
21 871
21 881
21 983
22 25
22 26
22 29
22 31
22 32
22 35
22 39
22 45
22 48
22 51
22 53
22 54
22 57
22 58
22 59
22 63
22 64
22 67
22 77
22 81
22 82
22 83
22 91
22 92
22 97
22 101
22 106
22 112
22 115
22 123
22 126
22 128
22 132
22 142
22 145
22 162
22 167
22 175
22 186
22 188
22 193
22 195
22 199
22 202
22 209
22 214
22 222
22 224
22 227
22 229
22 231
22 241
22 242
22 244
22 248
22 256
22 268
22 280
22 289
22 291
22 292
22 296
22 305
22 311
22 317
22 318
22 320
22 322
22 333
22 334
22 342
22 344
22 356
22 359
22 364
22 373
22 383
22 443
22 445
22 449
22 479
22 482
22 487
22 494
22 512
22 541
22 561
22 566
22 568
22 576
22 578
22 579
22 608
22 610
22 614
22 621
22 634
22 635
22 649
22 658
22 661
22 685
22 688
22 724
22 737
22 741
22 745
22 758
22 767
22 774
22 808
22 811
22 813
22 814
22 830
22 840
22 874
22 880
22 894
22 913
22 957
22 962
22 982
22 990
22 1015
23 33
23 43
23 47
23 50
23 51
23 59
23 68
23 79
23 84
23 95
23 114
23 117
23 144
23 150
23 155
23 194
23 202
23 237
23 247
23 296
23 328
23 357
23 382
23 411
23 439
23 457
23 486
23 497
23 510
23 524
23 527
23 533
23 535
23 574
23 586
23 627
23 637
23 710
23 715
23 733
23 751
23 762
23 765
23 771
23 794
23 869
23 920
23 956
23 984
24 28
24 29
24 32
24 47
24 56
24 57
24 64
24 67
24 78
24 81
24 87
24 96
24 101
24 112
24 122
24 127
24 134
24 135
24 153
24 157
24 167
24 183
24 186
24 188
24 214
24 218
24 232
24 238
24 244
24 282
24 288
24 303
24 314
24 328
24 330
24 334
24 391
24 400
24 447
24 493
24 540
24 641
24 679
24 698
24 734
24 743
24 748
24 905
24 926
24 950
24 964
25 27
25 29
25 30
25 33
25 38
25 39
25 41
25 47
25 52
25 59
25 63
25 75
25 89
25 98
25 99
25 103
25 108
25 117
25 121
25 126
25 147
25 188
25 191
25 194
25 198
25 205
25 212
25 223
25 248
25 278
25 283
25 291
25 293
25 298
25 331
25 332
25 340
25 375
25 386
25 399
25 441
25 470
25 472
25 503
25 507
25 508
25 527
25 538
25 585
25 588
25 640
25 672
25 683
25 693
25 700
25 712
25 740
25 766
25 767
25 782
25 784
25 790
25 795
25 825
25 933
25 940
25 944
25 945
25 951
25 975
26 29
26 36
26 41
26 46
26 49
26 69
26 74
26 79
26 84
26 88
26 95
26 100
26 105
26 108
26 109
26 111
26 129
26 138
26 149
26 155
26 192
26 195
26 200
26 205
26 223
26 224
26 233
26 244
26 245
26 282
26 334
26 360
26 362
26 367
26 390
26 412
26 422
26 425
26 453
26 457
26 476
26 478
26 488
26 519
26 540
26 554
26 562
26 603
26 606
26 611
26 623
26 630
26 632
26 636
26 695
26 711
26 712
26 728
26 739
26 779
26 791
26 831
26 840
26 841
26 864
26 930
26 946
26 969
26 985
26 987
26 998
26 1004
26 1013
26 1017
27 30
27 31
27 42
27 44
27 49
27 61
27 62
27 64
27 66
27 69
27 72
27 78
27 80
27 86
27 90
27 96
27 106
27 109
27 120
27 124
27 144
27 147
27 157
27 170
27 174
27 197
27 199
27 215
27 218
27 240
27 267
27 268
27 283
27 294
27 295
27 318
27 339
27 442
27 456
27 477
27 482
27 494
27 505
27 506
27 550
27 573
27 600
27 626
27 653
27 675
27 703
27 709
27 740
27 753
27 791
27 821
27 824
27 837
27 865
27 868
27 872
27 1000
27 1020
27 1021
28 29
28 30
28 33
28 40
28 41
28 44
28 50
28 67
28 72
28 93
28 102
28 107
28 111
28 118
28 124
28 139
28 142
28 158
28 160
28 170
28 176
28 193
28 202
28 210
28 273
28 356
28 363
28 398
28 427
28 478
28 488
28 499
28 505
28 526
28 539
28 557
28 565
28 595
28 631
28 648
28 651
28 653
28 689
28 698
28 768
28 787
28 811
28 814
28 831
28 841
28 884
28 895
28 936
28 960
28 1017
29 31
29 37
29 42
29 60
29 62
29 67
29 71
29 80
29 88
29 93
29 97
29 98
29 100
29 132
29 149
29 162
29 164
29 169
29 174
29 184
29 213
29 233
29 245
29 271
29 309
29 319
29 344
29 364
29 372
29 373
29 440
29 539
29 551
29 558
29 613
29 638
29 677
29 722
29 777
29 783
29 786
29 810
29 892
29 901
29 920
29 959
29 975
30 37
30 44
30 46
30 53
30 54
30 57
30 60
30 71
30 73
30 74
30 83
30 84
30 85
30 93
30 103
30 105
30 108
30 109
30 111
30 120
30 129
30 144
30 151
30 168
30 171
30 174
30 185
30 186
30 191
30 236
30 248
30 256
30 267
30 299
30 300
30 301
30 314
30 321
30 329
30 334
30 339
30 344
30 361
30 373
30 374
30 378
30 394
30 399
30 400
30 434
30 436
30 447
30 458
30 470
30 477
30 496
30 514
30 527
30 542
30 591
30 624
30 675
30 681
30 689
30 705
30 707
30 713
30 715
30 722
30 725
30 780
30 786
30 793
30 797
30 834
30 835
30 839
30 879
30 882
30 895
30 902
30 911
30 915
30 952
30 994
30 1016
31 32
31 33
31 34
31 35
31 36
31 38
31 41
31 48
31 52
31 58
31 60
31 73
31 76
31 81
31 88
31 100
31 113
31 125
31 127
31 135
31 147
31 156
31 169
31 199
31 200
31 207
31 211
31 228
31 259
31 274
31 317
31 333
31 336
31 353
31 371
31 386
31 401
31 406
31 502
31 503
31 504
31 530
31 538
31 555
31 575
31 589
31 592
31 633
31 657
31 677
31 696
31 708
31 736
31 745
31 748
31 751
31 772
31 777
31 812
31 828
31 855
31 869
31 925
31 942
31 963
31 1004
31 1006
32 36
32 39
32 45
32 46
32 50
32 55
32 56
32 67
32 72
32 77
32 86
32 108
32 116
32 126
32 130
32 133
32 139
32 144
32 151
32 152
32 162
32 177
32 203
32 207
32 219
32 243
32 276
32 320
32 322
32 339
32 346
32 395
32 453
32 462
32 497
32 502
32 524
32 560
32 572
32 573
32 593
32 610
32 682
32 693
32 709
32 759
32 779
32 825
32 858
32 902
32 922
32 956
33 38
33 41
33 56
33 57
33 58
33 61
33 65
33 73
33 88
33 93
33 101
33 107
33 110
33 114
33 131
33 151
33 157
33 165
33 169
33 170
33 176
33 180
33 184
33 194
33 198
33 201
33 203
33 214
33 219
33 247
33 255
33 286
33 317
33 328
33 355
33 356
33 400
33 415
33 417
33 431
33 438
33 449
33 462
33 469
33 488
33 554
33 565
33 578
33 589
33 606
33 636
33 644
33 686
33 692
33 708
33 713
33 745
33 755
33 761
33 766
33 782
33 849
33 891
33 933
33 935
33 973
33 975
33 976
33 988
33 1021
34 39
34 70
34 74
34 140
34 167
34 175
34 178
34 198
34 224
34 232
34 287
34 302
34 312
34 337
34 349
34 356
34 357
34 374
34 408
34 420
34 468
34 484
34 521
34 541
34 601
34 642
34 673
34 693
34 720
34 727
34 859
34 870
34 894
34 897
34 913
34 949
34 958
34 974
34 978
35 52
35 70
35 88
35 109
35 120
35 159
35 163
35 183
35 213
35 235
35 247
35 291
35 311
35 324
35 331
35 336
35 357
35 375
35 413
35 474
35 476
35 484
35 488
35 491
35 620
35 663
35 664
35 675
35 683
35 799
35 900
35 904
35 905
35 909
35 918
35 920
35 937
35 939
36 44
36 62
36 75
36 78
36 85
36 86
36 92
36 110
36 120
36 122
36 128
36 163
36 183
36 222
36 235
36 239
36 251
36 258
36 259
36 278
36 310
36 329
36 331
36 342
36 382
36 402
36 409
36 426
36 431
36 492
36 502
36 515
36 517
36 570
36 606
36 623
36 650
36 677
36 687
36 754
36 767
36 800
36 886
36 970
36 989
36 998
37 41
37 42
37 43
37 45
37 55
37 73
37 82
37 100
37 110
37 115
37 123
37 126
37 154
37 161
37 175
37 177
37 191
37 196
37 198
37 236
37 237
37 262
37 287
37 300
37 319
37 339
37 362
37 377
37 462
37 471
37 482
37 502
37 525
37 561
37 569
37 584
37 586
37 600
37 615
37 672
37 699
37 724
37 769
37 788
37 898
37 918
37 929
37 967
37 975
38 79
38 90
38 94
38 103
38 119
38 160
38 231
38 315
38 354
38 369
38 376
38 422
38 441
38 458
38 504
38 539
38 549
38 640
38 657
38 698
38 742
38 749
38 781
38 800
38 875
39 47
39 55
39 58
39 59
39 61
39 73
39 85
39 89
39 97
39 99
39 104
39 114
39 121
39 125
39 130
39 140
39 157
39 181
39 210
39 212
39 220
39 235
39 247
39 250
39 252
39 257
39 259
39 263
39 271
39 277
39 278
39 349
39 355
39 359
39 364
39 377
39 379
39 419
39 422
39 423
39 424
39 429
39 431
39 443
39 457
39 471
39 494
39 532
39 540
39 576
39 581
39 637
39 654
39 660
39 673
39 687
39 689
39 699
39 732
39 757
39 804
39 812
39 819
39 822
39 844
39 853
39 873
39 893
39 904
39 967
39 971
39 976
40 48
40 51
40 52
40 63
40 66
40 73
40 75
40 82
40 102
40 109
40 110
40 114
40 148
40 165
40 192
40 196
40 200
40 209
40 219
40 229
40 297
40 307
40 313
40 345
40 371
40 423
40 454
40 464
40 479
40 486
40 575
40 581
40 726
40 743
40 804
40 852
40 860
40 875
40 887
41 86
41 103
41 118
41 124
41 125
41 149
41 151
41 153
41 173
41 285
41 288
41 305
41 325
41 345
41 355
41 363
41 379
41 445
41 486
41 514
41 570
41 572
41 584
41 592
41 693
41 694
41 704
41 722
41 734
41 736
41 845
41 896
41 925
41 954
41 994
42 49
42 51
42 54
42 61
42 62
42 74
42 76
42 78
42 80
42 99
42 110
42 115
42 129
42 134
42 180
42 193
42 216
42 224
42 229
42 230
42 244
42 250
42 265
42 279
42 295
42 307
42 326
42 365
42 431
42 434
42 452
42 456
42 492
42 500
42 601
42 617
42 628
42 718
42 730
42 783
42 835
42 874
42 877
42 887
42 909
42 960
42 969
43 56
43 100
43 105
43 170
43 189
43 212
43 221
43 290
43 326
43 374
43 416
43 454
43 457
43 481
43 500
43 584
43 591
43 653
43 929
43 1012
44 47
44 54
44 57
44 72
44 76
44 93
44 100
44 101
44 114
44 127
44 146
44 158
44 160
44 177
44 190
44 193
44 208
44 210
44 225
44 279
44 281
44 316
44 318
44 347
44 348
44 350
44 383
44 385
44 387
44 397
44 401
44 407
44 414
44 477
44 500
44 507
44 525
44 552
44 657
44 679
44 685
44 687
44 722
44 836
44 907
44 916
44 931
44 932
44 965
44 969
44 984
45 56
45 62
45 67
45 70
45 90
45 95
45 98
45 103
45 119
45 132
45 145
45 150
45 151
45 159
45 194
45 220
45 226
45 239
45 254
45 293
45 297
45 304
45 321
45 332
45 344
45 346
45 352
45 354
45 454
45 459
45 490
45 499
45 535
45 545
45 548
45 602
45 635
45 662
45 691
45 713
45 728
45 729
45 733
45 764
45 789
45 830
45 837
45 843
45 865
45 913
45 918
45 957
45 967
45 998
45 1012
46 48
46 55
46 63
46 78
46 127
46 141
46 146
46 154
46 172
46 185
46 196
46 203
46 205
46 235
46 273
46 277
46 421
46 454
46 574
46 582
46 604
46 691
46 699
46 703
46 714
46 725
46 762
46 791
46 832
46 897
46 907
46 978
46 997
47 49
47 57
47 71
47 77
47 79
47 82
47 84
47 87
47 90
47 96
47 99
47 104
47 106
47 108
47 112
47 126
47 128
47 129
47 152
47 158
47 164
47 168
47 170
47 172
47 175
47 180
47 191
47 192
47 202
47 205
47 238
47 261
47 270
47 280
47 281
47 305
47 315
47 334
47 338
47 355
47 361
47 368
47 382
47 390
47 398
47 414
47 419
47 435
47 470
47 506
47 548
47 550
47 570
47 583
47 594
47 597
47 618
47 623
47 646
47 649
47 662
47 703
47 704
47 723
47 777
47 806
47 811
47 890
47 974
47 999
48 50
48 56
48 86
48 147
48 152
48 155
48 180
48 311
48 495
49 53
49 54
49 57
49 66
49 80
49 110
49 127
49 133
49 134
49 143
49 156
49 193
49 197
49 200
49 208
49 244
49 336
49 346
49 446
49 447
49 492
49 505
49 512
49 531
49 558
49 595
49 596
49 635
49 699
49 725
49 744
49 747
49 752
49 785
49 797
49 801
49 856
49 869
49 896
49 906
49 931
50 52
50 64
50 72
50 81
50 90
50 92
50 93
50 95
50 104
50 130
50 135
50 143
50 148
50 152
50 163
50 175
50 182
50 238
50 243
50 250
50 304
50 315
50 324
50 357
50 365
50 370
50 379
50 413
50 414
50 435
50 461
50 539
50 565
50 585
50 588
50 607
50 610
50 669
50 677
50 693
50 701
50 727
50 745
50 749
50 751
50 759
50 770
50 791
50 841
50 907
50 914
50 982
50 984
50 1001
50 1002
50 1007
51 62
51 65
51 69
51 71
51 73
51 74
51 102
51 120
51 121
51 122
51 142
51 164
51 169
51 186
51 188
51 189
51 192
51 206
51 208
51 212
51 218
51 237
51 247
51 248
51 253
51 272
51 331
51 370
51 395
51 438
51 449
51 459
51 463
51 512
51 525
51 543
51 547
51 553
51 561
51 596
51 615
51 642
51 650
51 654
51 670
51 691
51 735
51 744
51 809
51 818
51 833
51 929
51 939
51 941
51 979
52 53
52 57
52 59
52 60
52 61
52 64
52 65
52 68
52 82
52 88
52 94
52 103
52 125
52 133
52 135
52 141
52 157
52 158
52 163
52 164
52 183
52 185
52 203
52 209
52 243
52 257
52 271
52 287
52 295
52 310
52 340
52 343
52 346
52 410
52 423
52 429
52 441
52 455
52 459
52 539
52 558
52 628
52 640
52 655
52 667
52 687
52 698
52 734
52 753
52 763
52 798
52 823
52 839
52 843
52 899
52 955
52 1010
53 58
53 66
53 74
53 77
53 78
53 86
53 167
53 179
53 182
53 190
53 200
53 227
53 234
53 245
53 252
53 253
53 262
53 269
53 271
53 365
53 395
53 411
53 433
53 436
53 475
53 531
53 543
53 561
53 571
53 607
53 645
53 732
53 737
53 757
53 808
53 822
53 860
53 871
53 990
53 1017
54 58
54 60
54 63
54 75
54 78
54 81
54 102
54 140
54 161
54 172
54 228
54 242
54 253
54 266
54 300
54 301
54 314
54 321
54 342
54 346
54 385
54 411
54 412
54 423
54 445
54 554
54 607
54 632
54 803
54 809
54 946
54 961
54 997
55 58
55 64
55 67
55 77
55 114
55 115
55 129
55 141
55 196
55 226
55 231
55 232
55 264
55 273
55 277
55 313
55 322
55 329
55 384
55 465
55 480
55 511
55 543
55 595
55 600
55 641
55 643
55 679
55 680
55 885
55 949
56 68
56 85
56 86
56 88
56 113
56 115
56 117
56 130
56 133
56 136
56 179
56 188
56 201
56 218
56 230
56 236
56 266
56 339
56 354
56 366
56 435
56 507
56 533
56 535
56 560
56 645
56 651
56 706
56 796
56 822
56 893
56 943
56 960
56 963
57 62
57 65
57 70
57 72
57 78
57 102
57 109
57 131
57 133
57 174
57 222
57 255
57 262
57 270
57 319
57 371
57 375
57 387
57 397
57 404
57 413
57 416
57 432
57 439
57 442
57 484
57 501
57 538
57 548
57 577
57 580
57 606
57 611
57 674
57 701
57 717
57 723
57 838
57 844
57 923
57 998
57 1002
58 88
58 94
58 96
58 120
58 140
58 149
58 202
58 213
58 297
58 309
58 370
58 391
58 438
58 441
58 467
58 485
58 495
58 503
58 508
58 552
58 605
58 630
58 638
58 639
58 658
58 670
58 742
58 764
58 787
58 843
58 926
58 935
58 969
58 981
58 1003
59 60
59 65
59 75
59 76
59 107
59 109
59 111
59 133
59 155
59 156
59 157
59 186
59 201
59 215
59 240
59 241
59 242
59 246
59 251
59 256
59 258
59 259
59 296
59 302
59 316
59 334
59 335
59 343
59 376
59 380
59 392
59 398
59 406
59 428
59 486
59 506
59 510
59 549
59 587
59 613
59 621
59 658
59 661
59 669
59 670
59 671
59 729
59 731
59 733
59 770
59 850
59 893
59 907
59 926
59 933
59 973
59 1015
59 1020
60 76
60 77
60 92
60 123
60 126
60 136
60 141
60 147
60 154
60 193
60 200
60 229
60 299
60 335
60 351
60 357
60 425
60 450
60 499
60 575
60 649
60 657
60 662
60 684
60 690
60 723
60 771
60 802
60 820
60 822
60 864
60 912
60 943
60 958
60 979
61 66
61 71
61 72
61 81
61 104
61 107
61 121
61 170
61 211
61 243
61 250
61 261
61 271
61 272
61 316
61 369
61 374
61 410
61 446
61 484
61 532
61 534
61 600
61 628
61 657
61 684
61 723
61 727
61 772
61 794
61 845
61 932
61 939
61 968
62 96
62 116
62 122
62 144
62 175
62 188
62 195
62 220
62 249
62 264
62 361
62 402
62 439
62 466
62 476
62 495
62 508
62 520
62 530
62 597
62 624
62 660
62 689
62 702
62 738
62 764
62 803
62 858
62 932
62 983
63 64
63 103
63 105
63 150
63 186
63 201
63 204
63 210
63 254
63 286
63 303
63 306
63 324
63 326
63 353
63 387
63 489
63 492
63 520
63 547
63 557
63 571
63 576
63 579
63 602
63 606
63 650
63 659
63 684
63 702
63 710
63 798
63 944
64 92
64 115
64 149
64 150
64 154
64 161
64 171
64 175
64 210
64 216
64 230
64 246
64 248
64 322
64 364
64 367
64 396
64 421
64 437
64 460
64 463
64 510
64 521
64 542
64 554
64 569
64 586
64 609
64 649
64 774
64 777
64 778
64 850
64 890
64 991
65 79
65 89
65 106
65 113
65 116
65 123
65 145
65 147
65 156
65 165
65 179
65 182
65 196
65 204
65 215
65 220
65 233
65 237
65 244
65 254
65 261
65 293
65 295
65 300
65 312
65 313
65 316
65 350
65 369
65 397
65 444
65 447
65 468
65 474
65 504
65 513
65 529
65 586
65 610
65 615
65 634
65 638
65 831
65 850
65 879
65 916
65 940
65 941
65 1005
66 71
66 77
66 80
66 81
66 84
66 87
66 97
66 98
66 107
66 150
66 172
66 187
66 201
66 202
66 206
66 210
66 249
66 258
66 295
66 312
66 336
66 345
66 355
66 367
66 528
66 541
66 622
66 636
66 641
66 800
66 808
66 823
66 903
66 911
66 943
67 129
67 133
67 144
67 165
67 174
67 235
67 238
67 285
67 292
67 311
67 359
67 424
67 460
67 623
67 736
67 755
67 800
67 802
68 73
68 79
68 99
68 102
68 104
68 152
68 175
68 185
68 187
68 190
68 230
68 237
68 257
68 272
68 275
68 282
68 294
68 331
68 343
68 354
68 380
68 394
68 420
68 469
68 475
68 574
68 576
68 578
68 580
68 588
68 627
68 650
68 682
68 696
68 716
68 728
68 768
68 772
68 775
68 798
68 864
68 873
68 888
68 950
68 963
68 976
69 84
69 91
69 116
69 154
69 205
69 245
69 246
69 253
69 274
69 300
69 320
69 346
69 388
69 404
69 530
69 568
69 586
69 611
69 622
69 639
69 702
69 719
69 731
69 868
69 906
69 910
69 997
70 76
70 94
70 105
70 123
70 142
70 145
70 165
70 168
70 180
70 183
70 195
70 196
70 223
70 231
70 241
70 267
70 270
70 272
70 301
70 372
70 403
70 409
70 492
70 509
70 530
70 557
70 590
70 739
70 754
70 816
70 821
70 827
70 891
70 934
70 940
70 1001
71 118
71 122
71 136
71 165
71 180
71 187
71 208
71 212
71 277
71 289
71 315
71 330
71 348
71 388
71 417
71 459
71 492
71 495
71 545
71 593
71 666
71 694
71 697
71 799
71 823
71 864
71 886
71 943
71 979
72 84
72 91
72 93
72 98
72 124
72 131
72 135
72 169
72 184
72 201
72 281
72 330
72 335
72 341
72 343
72 359
72 366
72 378
72 384
72 393
72 410
72 419
72 467
72 497
72 501
72 502
72 518
72 534
72 593
72 595
72 609
72 615
72 627
72 659
72 686
72 716
72 740
72 757
72 818
72 858
72 866
72 888
72 920
72 1018
73 76
73 83
73 87
73 105
73 136
73 167
73 206
73 249
73 300
73 426
73 530
73 586
73 589
73 590
73 599
73 622
73 736
73 778
73 793
73 799
73 855
73 879
73 933
73 945
73 976
74 91
74 98
74 153
74 190
74 207
74 221
74 251
74 334
74 335
74 365
74 378
74 389
74 406
74 502
74 577
74 599
74 619
74 632
74 807
74 861
75 82
75 93
75 95
75 96
75 104
75 113
75 167
75 178
75 211
75 232
75 271
75 288
75 302
75 319
75 404
75 445
75 489
75 512
75 526
75 556
75 566
75 579
75 583
75 585
75 628
75 647
75 690
75 713
75 757
75 763
75 813
75 837
75 896
76 96
76 118
76 130
76 256
76 272
76 274
76 329
76 354
76 365
76 370
76 386
76 387
76 413
76 420
76 513
76 526
76 572
76 604
76 621
76 628
76 690
76 749
76 856
77 135
77 137
77 138
77 186
77 269
77 330
77 355
77 443
77 472
77 505
77 554
77 607
77 685
77 735
77 785
77 839
77 869
77 929
77 947
77 970
78 79
78 82
78 99
78 103
78 129
78 138
78 139
78 159
78 176
78 181
78 189
78 192
78 207
78 226
78 228
78 251
78 273
78 281
78 283
78 347
78 360
78 374
78 379
78 404
78 484
78 527
78 546
78 563
78 577
78 581
78 608
78 632
78 659
78 723
78 745
78 748
78 759
78 762
78 776
78 813
78 839
78 859
78 863
78 885
78 895
78 899
78 953
78 976
79 82
79 89
79 90
79 108
79 112
79 145
79 196
79 243
79 277
79 285
79 318
79 396
79 427
79 493
79 529
79 566
79 568
79 613
79 678
79 714
79 798
79 857
79 862
79 863
79 873
79 910
79 913
79 996
80 81
80 83
80 85
80 107
80 119
80 131
80 136
80 146
80 154
80 181
80 195
80 199
80 209
80 229
80 279
80 287
80 302
80 323
80 326
80 342
80 381
80 383
80 398
80 430
80 453
80 496
80 541
80 556
80 562
80 568
80 581
80 588
80 678
80 685
80 731
80 753
80 757
80 788
80 800
80 836
80 850
80 852
80 853
80 863
80 876
80 883
80 885
80 886
80 956
80 982
81 109
81 119
81 174
81 228
81 273
81 473
81 479
81 480
81 516
81 517
81 536
81 552
81 739
81 802
81 891
81 924
81 1018
82 87
82 113
82 115
82 120
82 133
82 134
82 137
82 162
82 177
82 188
82 194
82 253
82 266
82 306
82 318
82 339
82 344
82 379
82 421
82 570
82 596
82 612
82 668
82 713
82 727
82 734
82 768
82 844
82 868
82 965
82 978
82 1005
83 111
83 117
83 173
83 177
83 199
83 205
83 215
83 320
83 350
83 412
83 489
83 503
83 515
83 516
83 605
83 810
83 824
84 86
84 121
84 122
84 135
84 139
84 146
84 148
84 150
84 153
84 164
84 207
84 219
84 230
84 265
84 297
84 312
84 385
84 418
84 444
84 475
84 505
84 614
84 778
84 791
84 826
84 1007
85 95
85 135
85 149
85 183
85 197
85 211
85 292
85 304
85 452
85 464
85 486
85 590
85 638
85 719
85 761
85 780
85 829
85 847
85 874
85 908
85 914
85 918
85 937
85 945
86 176
86 256
86 288
86 368
86 426
86 454
86 478
86 481
86 499
86 627
86 681
86 690
86 735
86 766
86 803
86 857
86 988
87 91
87 106
87 131
87 141
87 143
87 198
87 227
87 244
87 295
87 317
87 335
87 369
87 472
87 495
87 503
87 508
87 543
87 607
87 698
87 741
87 765
87 829
87 834
87 941
87 971
87 1000
88 92
88 97
88 100
88 127
88 166
88 213
88 219
88 224
88 268
88 298
88 447
88 466
88 475
88 498
88 516
88 523
88 594
88 600
88 672
88 707
88 725
88 856
88 859
89 97
89 101
89 104
89 134
89 166
89 171
89 173
89 186
89 188
89 193
89 197
89 207
89 226
89 236
89 243
89 268
89 280
89 289
89 313
89 355
89 389
89 401
89 418
89 427
89 449
89 485
89 489
89 505
89 506
89 536
89 552
89 587
89 665
89 670
89 745
89 750
89 777
89 793
89 823
89 841
89 872
89 971
89 1006
89 1008
90 99
90 131
90 165
90 168
90 198
90 210
90 236
90 260
90 279
90 302
90 337
90 348
90 351
90 380
90 412
90 461
90 494
90 510
90 536
90 540
90 573
90 582
90 587
90 692
90 720
90 754
90 782
90 823
90 855
90 906
90 965
91 139
91 143
91 229
91 278
91 309
91 310
91 386
91 392
91 438
91 467
91 488
91 489
91 493
91 509
91 559
91 587
91 641
91 664
91 730
91 744
91 751
91 852
91 892
91 942
91 960
92 97
92 133
92 176
92 179
92 257
92 327
92 340
92 437
92 461
92 553
92 571
92 683
92 710
92 802
92 833
92 840
92 884
92 986
92 989
93 112
93 187
93 265
93 283
93 363
93 385
93 466
93 959
94 99
94 105
94 107
94 108
94 112
94 180
94 223
94 233
94 275
94 299
94 368
94 414
94 415
94 432
94 444
94 493
94 624
94 738
94 764
94 776
94 894
95 100
95 101
95 105
95 121
95 129
95 150
95 176
95 187
95 204
95 205
95 245
95 246
95 247
95 254
95 305
95 318
95 322
95 333
95 346
95 382
95 413
95 437
95 447
95 464
95 548
95 551
95 559
95 602
95 630
95 667
95 701
95 702
95 707
95 750
95 785
95 808
95 860
95 865
95 909
95 923
96 189
96 242
96 308
96 317
96 448
96 530
96 564
96 565
96 625
96 782
96 825
96 860
97 98
97 108
97 116
97 117
97 128
97 138
97 179
97 193
97 200
97 201
97 220
97 223
97 261
97 276
97 280
97 284
97 306
97 315
97 331
97 337
97 394
97 398
97 430
97 434
97 437
97 438
97 441
97 445
97 480
97 577
97 582
97 620
97 649
97 687
97 716
97 791
97 805
97 831
97 951
97 999
97 1023
98 118
98 145
98 147
98 149
98 158
98 163
98 164
98 172
98 195
98 214
98 221
98 223
98 235
98 277
98 283
98 294
98 347
98 351
98 358
98 410
98 427
98 440
98 485
98 544
98 546
98 678
98 688
98 730
98 765
98 806
98 810
98 819
98 898
99 126
99 149
99 176
99 183
99 203
99 216
99 222
99 226
99 275
99 278
99 282
99 305
99 357
99 392
99 433
99 498
99 542
99 639
99 661
99 695
99 702
99 742
99 752
99 961
100 121
100 140
100 214
100 225
100 338
100 428
100 608
100 679
100 747
100 830
100 919
101 137
101 178
101 208
101 242
101 251
101 392
101 393
101 398
101 532
101 626
101 669
101 704
101 760
101 773
101 814
101 951
102 110
102 117
102 118
102 119
102 124
102 132
102 150
102 180
102 186
102 187
102 200
102 245
102 283
102 315
102 351
102 372
102 391
102 429
102 453
102 460
102 497
102 514
102 518
102 596
102 624
102 706
102 906
102 915
102 970
103 128
103 136
103 138
103 163
103 177
103 189
103 194
103 203
103 255
103 263
103 314
103 394
103 458
103 475
103 519
103 647
103 680
103 726
103 815
103 866
103 947
103 1006
104 113
104 149
104 199
104 225
104 290
104 312
104 350
104 428
104 492
104 573
104 574
104 677
104 709
104 711
104 720
104 748
104 813
104 820
104 822
104 928
104 930
104 964
105 240
105 403
105 552
105 613
105 631
105 677
105 709
105 877
106 160
106 275
106 277
106 287
106 375
106 394
106 396
106 531
106 618
106 644
106 998
106 1011
107 118
107 119
107 132
107 148
107 160
107 216
107 224
107 368
107 387
107 415
107 523
107 567
107 570
107 586
107 613
107 615
107 651
107 667
107 710
107 733
107 842
107 868
107 876
107 1001
108 160
108 190
108 264
108 265
108 286
108 294
108 309
108 351
108 407
108 416
108 469
108 626
108 751
108 763
108 881
108 941
109 110
109 113
109 144
109 176
109 198
109 222
109 245
109 344
109 410
109 567
109 584
109 642
109 779
109 793
109 927
109 1000
109 1009
109 1012
110 116
110 143
110 178
110 216
110 227
110 248
110 250
110 273
110 302
110 359
110 369
110 384
110 403
110 420
110 429
110 480
110 488
110 523
110 629
110 630
110 693
110 755
110 762
110 769
110 785
110 806
110 991
111 132
111 137
111 154
111 159
111 161
111 198
111 260
111 404
111 486
111 551
111 569
111 574
111 585
111 668
111 745
111 830
112 122
112 124
112 146
112 155
112 181
112 187
112 204
112 206
112 230
112 276
112 350
112 376
112 455
112 477
112 479
112 490
112 564
112 660
112 719
112 747
112 842
112 848
112 923
112 943
112 952
113 126
113 131
113 141
113 172
113 184
113 188
113 201
113 206
113 209
113 214
113 238
113 279
113 316
113 362
113 379
113 384
113 408
113 427
113 503
113 522
113 553
113 595
113 610
113 679
113 680
113 692
113 696
113 698
113 713
113 714
113 720
113 740
113 755
113 792
113 922
114 120
114 159
114 208
114 237
114 264
114 291
114 306
114 307
114 332
114 337
114 364
114 422
114 451
114 467
114 509
114 513
114 544
114 589
114 601
114 607
114 644
114 738
114 783
114 828
114 936
115 143
115 159
115 166
115 287
115 382
115 494
115 602
115 676
115 697
115 746
115 828
115 962
116 130
116 134
116 142
116 170
116 217
116 218
116 225
116 304
116 306
116 403
116 416
116 418
116 425
116 455
116 496
116 534
116 639
116 694
116 934
117 123
117 136
117 166
117 206
117 231
117 312
117 359
117 423
117 440
117 530
117 566
117 569
117 625
117 675
117 746
117 779
117 964
118 216
118 246
118 284
118 301
118 375
118 511
118 780
118 790
118 805
118 833
118 940
118 1004
119 140
119 184
119 280
119 327
119 368
119 377
119 415
119 434
119 501
119 562
119 600
119 663
119 668
119 700
119 797
119 808
119 901
119 950
119 991
120 127
120 139
120 150
120 163
120 165
120 207
120 269
120 282
120 290
120 295
120 312
120 330
120 336
120 337
120 379
120 452
120 453
120 481
120 500
120 503
120 580
120 612
120 617
120 624
120 629
120 643
120 672
120 694
120 714
120 716
120 717
120 861
120 935
120 953
120 999
120 1020
121 138
121 151
121 168
121 179
121 212
121 223
121 253
121 257
121 274
121 293
121 300
121 333
121 337
121 349
121 390
121 393
121 445
121 483
121 487
121 514
121 529
121 565
121 608
121 619
121 637
121 674
121 699
121 708
121 838
121 839
121 884
121 886
121 935
121 1003
121 1023
122 185
122 194
122 274
122 323
122 419
122 542
122 563
122 746
123 132
123 134
123 138
123 183
123 231
123 243
123 416
123 467
123 509
123 568
123 581
123 652
123 696
123 705
123 810
123 895
123 937
123 961
124 138
124 142
124 161
124 255
124 455
124 485
124 513
124 686
124 703
124 851
125 174
125 183
125 251
125 293
125 317
125 344
125 347
125 400
125 414
125 446
125 483
125 586
125 601
125 686
125 825
125 985
126 131
126 211
126 230
126 292
126 302
126 313
126 335
126 342
126 349
126 362
126 402
126 434
126 633
126 635
126 738
126 771
126 815
126 870
126 882
126 955
127 231
127 233
127 255
127 268
127 277
127 294
127 307
127 406
127 411
127 473
127 612
127 618
127 818
127 875
127 889
127 918
128 137
128 440
128 580
128 682
128 800
128 883
129 146
129 154
129 156
129 167
129 181
129 203
129 213
129 219
129 253
129 269
129 276
129 299
129 327
129 341
129 351
129 448
129 456
129 457
129 491
129 512
129 543
129 638
129 705
129 776
129 801
129 823
129 908
130 148
130 191
130 196
130 263
130 278
130 312
130 345
130 356
130 398
130 429
130 455
130 483
130 515
130 578
130 617
130 663
130 773
130 788
130 834
130 874
130 930
131 139
131 177
131 201
131 266
131 298
131 387
131 506
131 614
131 629
131 642
131 684
131 889
131 952
131 1005
132 153
132 161
132 209
132 276
132 308
132 309
132 310
132 322
132 362
132 435
132 460
132 461
132 479
132 653
132 734
132 764
132 765
132 831
132 877
132 941
132 957
132 962
132 982
133 151
133 160
133 219
133 220
133 238
133 245
133 250
133 260
133 299
133 309
133 323
133 325
133 349
133 358
133 396
133 417
133 423
133 441
133 467
133 486
133 504
133 523
133 547
133 615
133 620
133 732
133 763
133 764
133 793
133 802
133 841
133 842
133 878
133 919
133 949
133 984
134 137
134 164
134 181
134 185
134 213
134 223
134 229
134 255
134 259
134 297
134 325
134 326
134 327
134 352
134 466
134 547
134 635
134 781
134 804
134 863
134 870
134 914
134 934
134 1010
134 1022
135 140
135 157
135 189
135 197
135 198
135 230
135 267
135 311
135 353
135 478
135 482
135 573
135 616
135 625
135 721
135 787
135 835
135 874
135 878
135 986
135 1014
136 150
136 166
136 195
136 370
136 387
136 425
136 464
136 519
136 605
136 790
136 891
136 966
136 979
137 140
137 142
137 143
137 152
137 158
137 165
137 291
137 292
137 321
137 377
137 425
137 453
137 457
137 469
137 472
137 476
137 496
137 499
137 505
137 532
137 544
137 638
137 684
137 727
137 738
137 802
137 948
138 162
138 182
138 224
138 244
138 415
138 453
138 656
138 681
138 692
138 750
138 782
138 897
138 924
139 155
139 173
139 189
139 213
139 221
139 262
139 336
139 360
139 447
139 470
139 477
139 532
139 675
139 703
139 927
139 946
139 971
140 177
140 212
140 248
140 262
140 299
140 424
140 440
140 527
140 827
140 958
140 995
140 1016
140 1020
141 153
141 190
141 270
141 275
141 282
141 290
141 320
141 324
141 341
141 344
141 352
141 468
141 513
141 516
141 676
141 703
141 713
141 734
141 740
141 741
141 753
141 978
142 153
142 170
142 259
142 260
142 302
142 328
142 336
142 340
142 346
142 360
142 442
142 584
142 610
142 664
142 830
142 879
142 940
142 987
142 991
142 1022
143 171
143 190
143 208
143 224
143 236
143 270
143 299
143 381
143 401
143 438
143 457
143 619
143 641
143 650
143 758
143 760
144 266
144 280
144 314
144 336
144 397
144 409
144 448
144 472
144 504
144 541
144 564
144 566
144 590
144 612
144 616
144 622
144 651
144 714
144 784
144 801
144 802
144 948
145 157
145 161
145 213
145 219
145 248
145 331
145 356
145 360
145 366
145 403
145 438
145 467
145 476
145 526
145 529
145 549
145 580
145 669
145 780
145 820
145 835
145 906
145 938
145 951
145 957
145 967
145 972
145 993
146 210
146 301
146 388
146 445
146 474
146 476
146 628
146 703
146 985
146 998
147 156
147 176
147 207
147 319
147 333
147 381
147 558
147 616
147 650
147 768
147 892
147 979
147 990
148 198
148 221
148 351
148 365
148 434
148 463
148 483
148 498
148 555
148 757
148 842
148 892
148 934
148 1006
149 169
149 202
149 207
149 214
149 235
149 242
149 321
149 374
149 401
149 444
149 461
149 522
149 550
149 596
149 641
149 774
149 930
149 981
150 171
150 199
150 233
150 262
150 308
150 320
150 338
150 440
150 494
150 616
150 668
150 689
150 923
150 984
151 153
151 334
151 473
151 733
151 773
151 776
152 209
152 225
152 253
152 268
152 284
152 404
152 428
152 585
152 601
152 633
152 654
152 827
152 839
152 1008
153 281
153 375
153 518
153 599
153 660
153 673
153 796
153 817
153 960
154 215
154 252
154 258
154 301
154 363
154 380
154 441
154 482
154 494
154 502
154 546
154 555
154 564
154 625
154 638
154 651
154 898
154 1010
154 1021
155 171
155 239
155 329
155 380
155 708
155 795
155 806
156 202
156 211
156 243
156 293
156 321
156 325
156 330
156 348
156 382
156 384
156 416
156 493
156 574
156 685
156 771
156 843
156 906
156 932
157 221
157 227
157 234
157 240
157 249
157 273
157 311
157 324
157 340
157 388
157 487
157 551
157 637
157 641
157 686
157 812
157 842
157 916
157 966
158 166
158 168
158 305
158 310
158 334
158 427
158 471
158 491
158 526
158 547
158 552
158 598
158 606
158 671
158 680
158 721
158 815
158 903
158 997
158 1021
159 161
159 188
159 222
159 252
159 291
159 295
159 307
159 429
159 433
159 453
159 455
159 695
160 165
160 209
160 216
160 218
160 266
160 308
160 320
160 325
160 333
160 399
160 425
160 431
160 450
160 467
160 481
160 493
160 579
160 583
160 595
160 598
160 697
160 701
160 715
160 796
160 815
160 870
160 887
160 925
160 957
160 991
161 169
161 226
161 231
161 242
161 267
161 290
161 308
161 390
161 516
161 709
161 725
161 746
161 846
161 886
161 1007
162 167
162 181
162 190
162 228
162 230
162 237
162 241
162 346
162 354
162 411
162 418
162 450
162 559
162 699
162 744
162 751
162 788
162 985
163 172
163 217
163 218
163 237
163 274
163 372
163 411
163 424
163 431
163 473
163 478
163 504
163 517
163 655
163 673
163 721
163 819
163 916
163 918
164 174
164 220
164 265
164 267
164 271
164 298
164 332
164 338
164 370
164 371
164 392
164 400
164 466
164 469
164 474
164 483
164 519
164 524
164 531
164 556
164 623
164 759
164 775
164 778
164 791
164 796
164 814
164 819
164 882
164 904
164 924
165 206
165 261
165 287
165 357
165 469
165 514
165 534
165 665
165 746
165 932
166 172
166 173
166 181
166 196
166 197
166 211
166 217
166 223
166 234
166 257
166 344
166 348
166 351
166 374
166 392
166 399
166 405
166 503
166 520
166 539
166 572
166 629
166 659
166 670
166 672
166 730
166 756
166 762
166 844
166 860
166 861
166 879
166 892
166 949
166 970
167 195
167 251
167 278
167 279
167 290
167 298
167 309
167 314
167 400
167 410
167 582
167 617
167 647
167 759
167 854
167 891
167 910
168 225
168 274
168 328
168 586
168 716
168 923
168 999
169 214
169 234
169 258
169 286
169 299
169 322
169 327
169 339
169 358
169 424
169 429
169 448
169 449
169 452
169 547
169 645
169 656
169 665
169 689
169 708
169 812
169 946
169 993
170 173
170 228
170 278
170 285
170 308
170 371
170 532
170 546
170 665
170 683
170 837
170 894
170 979
170 981
171 179
171 182
171 187
171 205
171 325
171 405
171 415
171 449
171 528
171 545
171 649
171 676
171 678
171 688
171 697
171 757
171 856
172 217
172 227
172 403
172 442
172 470
172 473
172 485
172 489
172 566
172 672
172 675
172 676
172 801
172 829
172 853
172 979
172 1014
173 192
173 308
173 398
173 594
173 972
173 997
174 227
174 228
174 233
174 260
174 265
174 280
174 286
174 300
174 303
174 311
174 324
174 398
174 400
174 417
174 427
174 432
174 449
174 460
174 549
174 622
174 654
174 755
174 762
174 894
174 915
174 942
174 958
174 972
174 973
174 1001
175 182
175 184
175 197
175 226
175 336
175 341
175 355
175 390
175 494
175 582
175 650
175 653
175 692
175 845
175 867
175 911
175 937
176 242
176 319
176 501
176 509
176 511
176 564
176 604
176 769
176 887
177 182
177 283
177 385
177 548
177 562
177 612
177 620
177 687
177 721
177 829
178 254
178 358
178 375
178 390
178 430
178 487
178 655
178 881
178 916
178 951
179 297
179 323
179 390
179 401
179 408
179 551
179 556
179 697
179 742
179 756
179 806
179 891
179 939
179 962
180 208
180 225
180 352
180 372
180 422
180 616
180 635
180 652
180 699
180 797
180 890
180 910
181 191
181 192
181 221
181 229
181 243
181 260
181 297
181 301
181 313
181 340
181 436
181 466
181 537
181 570
181 597
181 610
181 635
181 641
181 648
181 686
181 880
181 902
181 948
181 950
181 1013
182 194
182 240
182 273
182 304
182 313
182 343
182 393
182 399
182 443
182 455
182 490
182 502
182 556
182 654
182 707
182 740
182 795
182 836
182 905
183 235
183 251
183 277
183 295
183 300
183 558
183 559
183 691
183 867
183 889
183 1010
184 232
184 236
184 252
184 261
184 361
184 414
184 419
184 485
184 491
184 518
184 799
184 869
185 254
185 272
185 346
185 347
185 444
185 446
185 459
185 522
185 600
185 704
185 729
185 827
185 859
185 890
185 928
185 961
186 193
186 205
186 271
186 275
186 365
186 384
186 388
186 405
186 468
186 502
186 712
186 730
186 761
186 871
186 1011
187 217
187 225
187 269
187 350
187 362
187 404
187 420
187 462
187 533
187 568
187 613
187 799
187 819
187 883
187 899
187 912
188 212
188 260
188 288
188 294
188 362
188 370
188 386
188 531
188 590
188 655
188 751
188 833
188 850
189 260
189 410
189 413
189 430
189 470
189 473
189 484
189 536
189 545
189 560
189 618
189 622
189 847
189 859
189 871
189 882
189 928
189 1008
190 207
190 315
190 353
190 571
190 601
190 690
190 727
190 758
190 871
190 908
191 323
191 337
191 342
191 373
191 384
191 428
191 508
191 512
191 575
191 619
191 711
191 717
191 817
192 419
192 466
192 522
192 639
192 644
192 712
192 714
192 715
192 810
193 210
193 234
193 256
193 289
193 298
193 314
193 341
193 373
193 408
193 433
193 654
193 671
193 795
193 831
193 845
193 898
194 199
194 241
194 252
194 285
194 325
194 329
194 457
194 465
194 519
194 606
194 661
194 668
194 811
194 969
194 997
195 217
195 224
195 296
195 345
195 384
195 437
195 553
195 583
195 600
195 646
195 665
195 712
195 764
195 782
195 819
195 844
195 889
195 908
195 986
195 1019
196 199
196 291
196 351
196 372
196 389
196 552
196 655
196 695
196 720
196 792
196 839
196 841
196 1011
197 213
197 214
197 216
197 230
197 238
197 279
197 380
197 396
197 470
197 629
197 744
197 886
197 891
197 906
197 983
198 228
198 257
198 285
198 340
198 402
198 643
198 677
198 970
199 200
199 272
199 311
199 331
199 361
199 400
199 407
199 414
199 452
199 567
199 591
199 605
199 634
199 656
199 902
199 1014
200 232
200 286
200 320
200 350
200 458
200 511
200 542
200 629
200 634
200 652
200 660
200 862
200 914
200 960
200 965
201 215
201 282
201 306
201 458
201 487
201 520
201 533
201 590
201 713
201 825
201 941
201 989
202 283
202 299
202 347
202 406
202 434
202 478
202 509
202 554
202 568
202 633
202 730
202 905
202 922
202 945
203 225
203 303
203 304
203 315
203 451
203 452
203 529
203 575
203 645
203 837
203 846
203 908
204 217
204 220
204 225
204 242
204 266
204 329
204 406
204 436
204 462
204 468
204 515
204 779
204 838
204 931
204 1004
205 224
205 239
205 250
205 257
205 284
205 288
205 289
205 438
205 488
205 499
205 514
205 587
205 656
205 679
205 701
205 790
205 796
205 814
205 853
205 874
205 1001
206 269
206 359
206 378
206 379
206 391
206 515
206 626
206 643
206 952
207 219
207 240
207 313
207 349
207 352
207 370
207 372
207 373
207 389
207 405
207 407
207 436
207 464
207 676
207 715
207 754
207 759
207 785
207 909
207 924
207 948
207 992
208 239
208 323
208 325
208 402
208 520
208 556
208 682
208 763
208 834
208 921
208 926
208 973
208 975
209 232
209 415
209 416
209 421
209 462
209 571
209 591
209 614
209 690
209 749
209 791
209 793
209 885
209 967
209 999
210 451
210 699
210 880
210 928
211 302
211 428
211 645
211 735
211 744
211 905
211 944
211 1006
212 219
212 231
212 322
212 323
212 413
212 468
212 528
212 553
212 634
212 786
212 793
212 816
212 828
213 226
213 242
213 286
213 355
213 914
213 961
213 995
213 999
213 1016
214 291
214 303
214 330
214 659
215 234
215 715
215 767
216 237
216 271
216 369
216 415
216 449
216 464
216 652
216 715
216 798
216 906
216 1007
216 1019
217 287
217 304
217 321
217 342
217 569
217 668
217 804
217 880
217 948
218 307
218 322
218 331
218 378
218 433
218 457
218 468
218 557
218 632
218 728
218 770
218 926
218 947
219 239
219 259
219 261
219 263
219 276
219 301
219 327
219 330
219 362
219 366
219 383
219 386
219 452
219 508
219 533
219 551
219 569
219 614
219 619
219 633
219 664
219 674
219 690
219 700
219 735
219 748
219 769
219 900
219 973
219 977
219 1015
220 256
220 263
220 285
220 287
220 317
220 402
220 411
220 455
220 503
220 536
220 559
220 613
220 821
220 866
220 996
220 998
221 267
221 333
221 394
221 722
221 769
221 847
221 908
221 1003
221 1009
222 320
222 363
222 401
222 421
222 422
222 443
222 469
222 577
222 614
222 822
222 823
222 853
222 885
222 940
222 962
222 981
223 409
223 462
223 651
223 702
223 831
224 233
224 252
224 266
224 349
224 369
224 393
224 454
224 489
224 663
224 686
224 733
225 233
225 474
226 232
226 235
226 240
226 287
226 420
226 426
226 483
226 508
226 509
226 611
226 664
226 692
226 756
226 836
226 856
226 915
226 919
226 942
226 956
226 999
227 234
227 239
227 256
227 315
227 426
227 432
227 480
227 510
227 517
227 536
227 589
227 657
227 731
227 767
227 865
227 963
227 1012
228 411
228 435
228 440
228 461
228 484
228 543
228 547
228 558
228 604
228 718
228 810
228 850
229 309
229 328
229 412
229 605
229 1015
230 249
230 268
230 270
230 281
230 306
230 338
230 366
230 496
230 498
230 546
230 613
230 642
230 643
230 691
230 801
230 808
230 960
231 233
231 275
231 338
231 436
231 509
231 565
231 601
231 761
231 787
231 811
231 833
231 886
232 399
232 410
232 417
232 443
232 452
232 500
232 519
232 749
232 760
232 874
232 941
232 1013
233 368
233 376
233 694
233 722
233 799
233 846
233 861
235 299
235 328
235 343
235 360
235 394
235 395
235 422
235 430
235 523
235 598
235 630
235 654
235 763
235 873
235 902
236 250
236 281
236 285
236 424
236 537
236 603
236 628
236 663
236 668
236 714
236 905
236 916
236 921
236 1023
237 365
237 393
237 423
237 454
237 582
237 741
237 856
237 974
238 313
238 382
238 422
239 247
239 263
239 282
239 292
239 448
239 508
239 512
239 529
240 279
240 482
240 618
240 799
240 868
240 928
241 245
241 291
241 582
241 768
241 855
241 862
241 952
242 316
242 407
242 498
242 549
242 565
242 647
242 770
242 778
242 859
243 249
243 264
243 269
243 358
243 395
243 430
243 578
243 655
243 672
243 711
243 943
244 253
244 283
244 301
244 350
244 358
244 376
244 403
244 424
244 491
244 517
244 537
244 552
244 559
244 651
244 654
244 793
244 799
244 955
244 972
245 259
245 312
245 333
245 461
245 518
245 522
245 593
245 596
245 828
245 836
245 867
245 899
245 1002
246 289
246 412
246 519
246 545
246 621
246 665
246 712
246 875
247 251
247 264
247 276
247 289
247 305
247 348
247 380
247 414
247 427
247 444
247 479
247 575
247 587
247 747
247 771
247 813
247 867
247 916
247 1012
248 288
248 339
248 435
248 580
248 592
248 628
248 708
249 571
249 637
249 664
249 710
249 747
249 903
249 956
249 984
250 258
250 267
250 280
250 288
250 306
250 414
250 470
250 567
250 754
250 771
250 777
250 844
250 866
250 933
250 937
250 970
250 980
250 1013
251 1023
252 263
252 327
252 338
252 532
252 805
252 867
252 879
252 956
252 974
252 1005
253 353
253 498
253 584
253 704
253 711
253 772
253 983
253 993
254 300
254 328
254 392
254 407
254 410
254 426
254 487
254 651
254 680
254 763
254 824
254 849
254 951
254 992
255 297
255 316
255 324
255 327
255 339
255 372
255 389
255 390
255 425
255 464
255 475
255 492
255 498
255 505
255 520
255 531
255 540
255 572
255 674
255 741
256 266
256 460
256 463
256 583
256 704
256 875
256 1008
257 270
257 341
257 356
257 432
257 450
257 458
257 492
257 575
257 592
257 662
257 828
258 354
258 425
258 435
258 439
258 454
258 555
258 572
258 647
258 688
258 700
258 722
258 905
258 983
258 994
258 1016
259 293
259 341
259 342
260 266
260 281
260 397
260 418
260 481
260 560
260 578
260 592
260 796
260 836
260 909
261 413
261 428
261 441
261 626
261 785
261 955
261 1019
262 328
262 423
262 528
262 599
262 758
262 912
262 950
262 983
263 298
263 493
264 360
264 385
264 907
264 959
265 269
265 281
265 309
265 314
265 483
265 525
265 847
265 903
265 1016
266 353
266 377
266 771
266 788
266 822
267 501
267 547
267 550
267 591
267 611
267 1017
268 391
268 447
268 532
268 674
269 290
269 332
269 552
269 773
269 794
269 834
269 917
269 997
270 332
270 372
270 391
270 444
270 495
270 533
270 550
270 664
270 854
270 936
270 975
270 978
271 288
271 357
271 371
271 419
271 520
271 537
271 575
271 967
272 296
272 298
272 332
272 368
272 433
272 587
272 800
272 894
273 307
273 341
273 469
273 579
273 689
274 317
274 510
275 329
275 411
275 419
275 424
275 448
275 487
275 531
275 574
275 584
275 610
275 616
275 682
275 684
275 742
275 776
275 803
275 966
275 968
276 349
276 444
276 520
276 686
276 702
276 721
276 821
276 876
276 966
277 290
277 386
277 645
277 876
277 877
277 884
278 343
278 347
278 492
278 556
278 643
278 688
278 726
278 895
279 281
279 326
279 345
279 391
279 495
279 611
279 726
279 812
279 841
279 974
280 405
280 447
280 456
280 485
280 678
280 878
280 904
280 944
281 337
281 401
281 407
281 529
281 754
281 821
282 395
282 405
282 406
282 759
282 861
283 304
283 343
283 516
283 517
283 579
284 704
284 720
284 769
284 911
285 291
285 321
285 338
285 348
285 421
285 483
285 521
285 539
285 567
285 569
285 589
285 797
285 828
285 954
285 969
285 1015
286 332
286 348
286 395
286 461
286 755
286 928
286 932
286 950
286 1012
286 1022
287 377
287 382
287 417
287 461
287 462
287 656
288 366
288 369
288 377
288 381
288 431
288 578
288 687
288 843
288 903
289 361
289 442
289 455
289 501
289 511
289 581
289 772
289 803
290 305
290 345
290 398
290 497
290 732
290 933
290 941
291 316
291 351
291 402
291 454
291 528
291 553
291 701
291 931
291 962
291 1011
291 1022
292 304
292 314
292 448
292 507
292 683
292 731
292 743
292 798
292 805
292 889
292 1020
293 480
293 511
293 529
293 742
293 891
294 303
294 309
294 329
294 506
294 555
294 577
294 593
294 665
294 703
294 730
294 798
295 373
295 405
295 421
295 430
295 480
295 484
295 522
295 545
295 550
295 620
295 625
295 683
295 775
295 802
295 805
296 348
296 440
296 594
296 710
296 801
296 835
296 873
296 938
296 1002
297 361
297 448
297 761
297 857
298 350
298 668
298 693
298 934
299 303
299 311
299 470
299 666
299 942
299 964
300 369
300 553
300 563
300 747
300 777
300 783
300 792
300 848
300 881
300 944
300 945
301 395
301 408
301 511
301 589
301 670
301 681
301 730
301 830
301 875
301 915
301 971
301 1006
302 363
302 365
302 366
302 410
302 479
302 523
302 528
302 542
302 660
302 726
302 772
303 421
303 508
303 625
303 636
303 700
303 851
303 1016
304 418
304 463
304 515
304 527
304 612
304 674
304 755
304 765
304 825
304 900
304 1003
305 364
305 438
305 470
305 646
305 689
305 795
305 838
305 906
305 942
305 953
306 376
306 388
306 576
306 639
306 705
306 856
306 946
307 548
307 614
307 778
307 901
307 952
308 342
308 389
308 405
308 629
308 895
308 913
308 949
308 959
309 323
309 408
309 432
309 458
309 477
309 571
309 615
309 653
309 905
309 945
309 1020
310 364
310 413
310 481
310 621
310 644
310 745
310 903
310 920
310 955
311 329
311 330
311 384
311 436
311 443
311 529
311 937
312 318
312 356
312 394
312 569
312 763
312 821
312 902
312 996
314 347
314 528
314 565
314 602
314 728
314 796
314 884
315 339
315 367
315 376
315 465
315 472
315 513
315 546
315 597
315 692
315 696
315 736
315 738
315 788
315 789
315 861
315 876
315 908
315 977
315 982
316 318
316 431
316 476
316 773
316 977
316 1018
317 384
317 458
317 537
317 615
317 626
317 632
317 811
317 827
317 1017
318 393
318 416
318 421
318 510
318 551
318 811
318 817
319 527
319 947
320 399
320 538
320 722
320 767
320 847
320 870
320 897
320 950
321 349
321 397
321 450
321 548
321 599
321 658
321 671
321 748
321 809
321 852
321 863
321 924
322 434
322 506
322 515
322 727
322 798
322 820
322 921
323 345
323 482
323 601
323 724
323 850
323 899
323 931
323 1015
323 1018
324 354
324 459
324 501
324 533
324 536
324 537
324 540
324 595
324 732
324 860
324 863
324 901
324 1017
324 1023
325 424
325 442
325 545
325 606
325 671
325 732
325 812
327 423
327 475
327 671
328 468
328 588
328 617
328 674
328 979
329 335
329 353
329 446
330 371
330 406
330 474
330 493
330 522
330 600
330 619
330 666
330 700
330 776
330 826
330 934
331 340
331 367
331 716
331 882
331 1006
332 480
332 494
332 833
333 377
333 603
333 620
333 629
333 668
333 879
333 1009
334 377
334 432
334 519
334 541
334 557
334 631
334 676
334 710
334 789
334 954
335 375
335 385
335 421
335 545
335 549
335 567
335 594
335 836
335 852
336 381
336 407
336 454
336 521
336 594
336 746
336 783
336 854
336 866
336 995
336 1013
337 399
337 465
337 535
337 539
337 672
337 760
337 824
337 836
337 853
337 857
337 875
337 889
337 913
337 938
338 375
338 532
338 535
338 632
338 795
338 1020
339 383
339 621
339 634
339 734
339 850
339 926
340 386
340 399
340 533
340 534
340 541
340 545
340 568
340 607
340 627
340 638
340 658
340 659
340 667
340 693
340 865
340 931
340 987
340 1010
341 374
341 534
341 785
341 851
341 913
342 343
342 388
342 443
342 636
342 730
342 778
342 805
342 816
342 827
342 863
342 888
342 897
342 915
342 919
343 367
343 528
343 573
343 624
343 644
343 767
343 775
343 860
343 959
344 422
344 544
344 613
344 733
344 1009
345 389
345 405
345 475
345 527
345 560
345 633
345 636
345 694
345 807
345 867
345 950
346 383
346 433
346 468
346 591
346 617
346 625
346 697
346 850
346 959
347 358
347 368
347 378
347 391
347 472
347 478
347 625
347 756
347 776
347 897
347 956
348 361
348 388
348 395
348 606
348 729
348 1008
349 406
349 871
349 875
350 405
350 409
350 416
350 432
350 770
351 452
351 514
351 632
351 645
351 702
351 752
351 753
351 789
351 832
351 925
351 931
351 961
351 993
351 1000
352 359
352 412
352 542
352 587
352 677
352 773
352 882
352 923
352 954
353 367
353 373
353 754
353 771
353 782
353 809
353 871
353 945
354 376
354 467
354 530
354 669
354 781
354 898
355 357
355 420
355 424
355 585
355 592
355 646
355 744
355 824
355 908
355 1022
356 519
356 524
356 958
356 968
356 983
357 372
357 430
357 456
357 473
357 535
357 539
357 744
357 793
357 827
357 834
357 890
358 376
358 397
358 400
358 414
358 426
358 460
358 597
358 617
358 662
358 687
358 772
358 839
358 859
359 497
359 718
359 981
360 490
360 495
360 570
360 578
360 588
360 591
360 624
360 688
360 729
360 731
360 733
360 764
360 957
361 363
361 573
361 646
361 779
361 867
361 897
362 439
362 486
362 526
362 602
362 682
362 840
362 877
363 393
363 396
363 435
363 486
363 558
363 580
364 368
364 469
364 561
364 590
364 774
365 609
365 664
366 374
366 441
366 491
366 522
366 549
366 585
366 595
366 627
366 640
366 642
366 723
366 953
366 960
366 977
366 1021
367 506
367 525
367 546
367 601
367 695
367 781
367 980
368 378
368 389
368 428
368 437
368 452
368 491
368 554
368 609
368 623
368 634
368 712
368 785
368 855
368 895
368 910
368 917
369 436
369 589
369 669
369 766
369 774
369 843
370 427
370 448
370 459
370 464
370 523
370 551
370 651
370 744
370 765
370 843
371 412
371 491
371 559
371 683
371 699
371 718
371 786
371 797
371 892
371 916
372 378
372 381
372 409
372 456
372 507
372 516
372 523
372 637
372 640
372 778
372 814
372 830
372 841
372 878
372 899
373 396
373 401
373 485
373 525
373 560
373 570
373 584
373 598
373 627
373 636
373 726
373 786
373 805
373 820
373 883
373 893
373 989
374 381
374 471
374 564
374 620
374 684
374 739
374 825
374 828
374 869
374 958
374 984
375 394
375 407
375 499
375 680
375 697
375 824
375 832
375 847
376 427
376 750
376 919
376 924
377 476
377 624
377 659
377 691
377 793
377 851
378 442
378 562
378 573
378 748
379 648
379 936
380 387
380 513
380 534
380 662
380 722
380 738
380 780
381 420
381 538
381 598
381 663
381 732
381 767
381 908
382 611
382 961
383 446
383 755
383 787
383 929
384 546
384 553
384 1019
385 515
385 652
385 670
385 673
385 678
385 796
385 826
386 392
386 417
386 443
386 534
386 543
386 551
386 583
386 683
386 811
386 815
386 877
386 971
386 977
387 430
387 437
387 521
387 643
387 649
387 864
388 431
388 658
388 660
388 711
388 756
388 902
388 1004
389 482
389 488
390 433
390 604
390 863
390 894
390 920
390 922
391 444
391 524
391 696
391 902
392 433
392 737
393 426
393 521
393 699
393 848
393 888
393 921
394 518
394 560
394 679
394 681
394 717
394 801
394 882
395 471
395 524
395 614
395 636
395 647
395 684
395 808
395 906
396 397
396 409
396 459
396 579
396 661
396 695
396 700
396 755
396 914
396 931
397 429
397 450
397 544
397 690
397 708
397 783
397 879
397 1002
398 442
398 465
398 481
398 569
398 596
398 609
398 718
398 739
398 788
398 833
398 893
398 922
399 609
399 666
399 685
399 694
399 724
399 728
399 851
399 896
399 914
399 940
400 667
400 892
400 931
400 960
401 482
401 539
401 570
401 637
401 656
401 707
401 758
401 813
401 825
401 987
401 1019
402 442
402 524
402 526
402 558
402 575
402 583
402 609
402 633
402 899
402 942
402 946
402 988
403 673
403 700
403 794
403 1022
404 450
404 474
404 496
404 807
404 904
404 911
405 425
405 456
405 464
405 804
406 496
406 521
406 610
406 922
406 945
406 963
407 435
407 436
407 582
407 622
407 654
407 718
407 923
407 983
408 415
408 631
408 663
408 671
408 698
408 892
409 469
409 476
409 537
409 642
409 739
409 771
409 936
410 498
410 572
410 681
410 872
411 417
411 438
411 501
411 553
411 663
411 912
411 1006
412 578
412 807
412 951
413 481
413 536
413 582
413 669
413 688
413 776
413 795
413 855
413 891
413 900
413 974
414 562
414 580
414 878
414 1021
415 434
415 446
415 474
415 481
415 598
415 801
415 871
415 937
415 1003
416 478
416 509
416 557
416 587
416 637
416 762
416 803
416 930
417 498
417 524
417 598
417 607
417 685
417 893
418 426
418 519
418 635
418 646
418 761
418 840
419 596
419 682
419 701
419 716
419 818
419 874
419 993
419 998
420 535
420 640
420 681
421 534
421 735
421 830
421 908
421 1010
421 1015
423 596
423 725
423 758
423 781
423 835
423 986
424 472
424 506
425 507
425 555
425 866
425 907
425 935
425 1012
426 446
426 507
426 563
426 770
426 838
427 477
427 498
427 582
427 603
427 619
427 660
427 683
427 790
427 883
427 963
427 971
428 603
429 554
429 727
429 748
429 820
429 826
429 845
429 904
429 956
430 448
430 473
430 512
430 513
430 556
430 576
430 650
430 776
430 826
430 854
430 855
430 980
431 437
431 508
431 561
431 786
431 855
431 947
432 441
432 590
432 789
432 878
433 440
433 451
433 455
433 612
433 655
433 661
433 662
433 664
433 737
433 746
433 944
433 984
434 563
434 629
434 786
434 884
434 1009
435 477
436 543
436 583
436 808
437 458
437 713
437 750
437 830
437 851
437 875
437 896
437 923
437 948
438 440
438 608
438 672
438 892
439 453
439 765
440 707
441 504
441 590
441 593
442 463
442 513
442 573
442 732
442 762
442 780
442 790
442 842
442 864
442 904
443 521
443 633
443 998
444 460
444 478
444 729
444 888
445 489
445 669
445 675
445 731
445 800
446 885
447 557
447 673
447 746
448 680
448 770
448 870
448 907
448 926
448 992
449 476
449 496
449 504
449 665
449 814
450 453
450 456
450 564
450 605
450 644
450 670
450 866
451 762
451 848
451 872
452 716
452 761
453 473
453 507
453 537
453 560
453 924
453 929
454 547
454 666
454 835
454 867
454 899
455 573
455 678
455 820
455 890
456 493
456 572
456 618
456 828
456 845
456 898
456 932
457 577
457 734
457 760
457 820
458 579
458 689
458 782
458 942
458 1002
459 490
459 553
459 638
459 648
459 677
459 780
459 880
460 587
460 711
460 824
460 939
460 955
461 471
461 507
461 510
461 564
461 620
461 706
461 709
461 808
461 835
461 864
461 909
462 538
462 554
462 665
462 773
462 984
462 1011
463 628
463 747
463 967
463 993
464 631
464 659
464 666
464 680
464 704
465 646
465 664
465 847
466 637
466 752
466 869
467 575
467 639
467 667
467 736
467 1005
468 896
469 688
469 833
469 888
470 555
471 781
471 847
471 982
471 1004
471 1022
472 507
472 552
472 559
472 604
472 663
472 925
473 481
473 500
473 514
473 727
473 736
473 769
473 783
473 814
473 923
473 948
474 495
474 591
474 642
475 717
475 918
475 992
476 479
476 547
476 612
476 626
476 677
476 684
476 721
476 737
476 752
476 780
476 989
477 885
477 976
478 490
478 769
478 829
478 922
478 984
479 666
479 909
480 579
480 658
480 748
480 832
480 957
481 568
481 819
482 488
482 536
482 627
482 708
482 725
482 806
482 823
482 889
483 622
483 648
483 715
483 988
484 585
484 630
484 641
484 680
484 685
484 821
485 487
485 636
485 721
485 772
485 830
485 935
486 510
486 512
486 523
486 719
486 901
486 915
486 969
486 995
486 1006
487 525
487 556
487 594
487 816
487 1006
487 1009
488 763
489 524
489 541
489 602
489 624
489 652
489 959
489 995
490 550
491 592
491 602
491 700
491 766
491 768
491 787
491 927
492 516
492 521
492 549
492 594
492 619
492 693
492 708
492 944
492 971
493 566
493 576
493 620
493 626
493 691
493 893
493 897
493 949
494 528
495 538
495 555
495 605
495 616
495 628
495 643
495 666
495 810
496 630
496 644
496 704
496 717
496 784
496 802
496 938
497 499
497 501
497 745
497 836
497 968
498 804
499 527
499 565
499 584
499 694
499 722
499 752
499 769
499 853
499 917
499 927
499 943
499 991
499 1000
500 737
500 932
501 608
501 705
502 649
502 682
502 719
502 1009
503 509
503 526
503 550
503 681
503 756
503 973
504 729
504 1005
505 518
505 533
505 875
506 832
506 933
506 975
507 608
507 690
507 696
508 604
508 655
508 747
508 794
508 881
509 617
509 740
509 905
510 544
510 569
510 678
510 964
510 991
511 572
511 614
511 884
511 888
511 899
512 541
512 653
512 895
512 930
513 580
513 721
513 766
513 774
514 525
514 839
514 844
515 625
515 694
515 695
515 756
515 807
515 994
516 738
516 747
516 838
517 686
517 766
517 802
517 884
517 1005
518 804
518 1001
519 563
519 648
519 792
519 901
520 630
520 640
520 649
520 753
520 788
520 813
520 858
520 939
521 536
521 544
521 574
521 768
521 792
521 876
521 986
521 1004
522 571
522 644
522 1002
523 557
523 632
523 994
523 1004
524 563
524 604
524 647
524 774
524 817
524 841
524 885
525 627
526 540
526 979
526 1009
527 870
527 967
527 1020
529 585
529 647
529 989
529 1000
530 592
530 619
530 696
530 818
530 856
531 584
531 639
531 735
531 801
531 838
531 1014
532 746
533 562
533 566
533 603
533 630
533 705
533 880
533 983
533 992
534 607
534 611
534 651
534 817
534 890
534 913
534 989
535 661
535 844
535 971
535 1011
536 588
538 566
538 736
538 798
538 849
539 603
539 742
539 743
539 912
539 990
540 741
540 817
540 925
541 683
541 776
541 891
542 598
542 665
542 667
542 692
542 868
542 947
542 969
543 697
543 747
543 852
543 936
543 958
544 605
544 607
544 640
544 765
544 818
546 818
547 581
547 618
547 623
547 646
547 652
547 718
547 749
547 941
548 581
548 593
548 827
548 981
548 1012
549 577
549 602
549 796
550 678
550 724
550 813
550 885
550 887
551 567
551 604
551 669
551 705
551 887
551 957
551 975
552 826
552 888
552 967
553 604
553 707
553 765
553 896
553 996
554 563
554 757
554 794
554 840
554 861
555 568
555 707
556 621
556 650
557 576
557 686
557 756
557 787
557 858
558 605
558 608
558 865
558 951
558 1016
559 849
559 1010
560 685
561 616
561 750
561 795
562 786
562 803
562 976
563 577
563 588
563 597
563 882
563 930
564 717
564 739
564 774
564 809
564 942
564 955
565 574
565 676
566 603
567 704
567 717
567 738
567 740
567 781
567 895
567 911
567 1017
568 620
568 690
568 709
568 750
568 773
568 796
568 812
568 845
568 860
568 866
568 950
568 991
569 703
569 977
569 978
570 682
570 718
571 777
572 678
572 711
572 865
572 922
572 1003
572 1005
573 608
573 691
573 869
573 918
574 597
574 635
574 901
574 949
575 732
575 812
576 652
576 754
576 954
576 1000
577 710
578 602
578 631
578 835
578 873
579 717
579 829
579 859
579 951
580 757
580 923
580 973
581 657
581 693
581 744
581 863
581 1001
581 1008
582 637
582 660
582 726
583 668
583 907
584 662
584 846
584 884
584 1011
585 792
585 949
585 974
585 996
586 630
586 682
586 701
586 723
586 724
586 853
586 989
589 817
589 824
589 843
589 854
589 924
590 790
590 835
590 903
590 989
591 809
592 759
593 726
593 740
593 758
593 775
593 852
593 980
594 750
594 848
594 886
594 896
594 913
595 849
595 859
596 973
597 956
598 621
598 687
598 1002
599 618
599 719
599 807
599 876
601 640
601 883
601 933
601 1000
602 876
602 925
602 1007
603 778
603 809
603 848
603 865
604 631
604 674
605 639
605 724
605 788
605 898
606 706
606 837
606 851
606 985
607 635
607 641
607 663
607 671
607 791
607 846
607 954
608 733
608 789
608 856
608 987
609 958
609 994
610 613
610 633
610 676
610 803
611 822
611 874
612 642
612 646
613 692
614 619
614 669
614 708
614 815
614 994
615 710
615 1021
616 705
616 814
617 761
617 834
618 737
618 760
618 772
619 794
620 714
620 1013
621 671
621 695
621 829
623 824
623 965
624 714
625 631
626 654
626 749
626 774
626 854
627 831
627 864
628 817
628 881
628 996
629 688
629 869
630 653
630 865
630 972
631 646
631 689
631 766
631 789
632 719
632 800
633 709
633 760
634 819
634 934
635 735
636 965
637 825
637 910
637 937
637 938
637 959
639 679
639 878
639 988
640 667
640 867
641 657
641 671
642 645
643 728
643 901
644 789
645 660
645 719
645 962
646 674
646 753
646 792
646 858
646 889
647 781
648 867
648 928
648 948
649 676
649 911
649 929
650 726
650 809
650 829
650 1019
651 864
651 1018
652 818
653 703
653 803
653 832
653 843
653 924
655 724
655 783
655 785
656 749
656 851
656 1023
657 728
657 746
657 873
657 977
657 995
658 784
658 914
658 928
659 990
660 695
660 706
660 800
661 767
661 870
663 720
663 745
663 846
663 851
663 966
663 1018
664 754
664 792
664 918
665 739
665 758
665 878
665 934
666 685
666 781
666 813
666 980
666 1003
667 888
667 949
668 706
668 737
668 741
668 743
668 767
668 790
668 809
668 823
668 897
668 939
668 948
669 749
669 782
669 784
669 822
669 863
669 870
671 939
671 969
673 820
673 963
674 784
674 980
674 1022
676 742
676 752
676 957
676 1014
676 1016
677 734
677 932
678 907
679 997
682 827
682 988
683 838
683 872
684 786
684 837
684 920
685 771
685 1001
686 812
686 895
686 925
687 816
687 852
687 900
687 1002
689 974
689 980
690 784
690 926
691 759
692 756
692 798
692 832
692 898
692 916
693 881
693 920
693 921
696 947
696 968
697 780
698 791
700 719
700 820
700 883
700 977
701 761
701 801
701 898
701 986
701 994
702 780
702 803
702 922
702 927
702 992
703 712
704 729
704 751
704 819
705 949
705 1010
706 880
707 743
707 900
707 921
708 766
709 720
709 741
709 773
709 807
709 862
709 883
711 752
711 872
711 968
711 990
712 716
712 731
713 743
713 814
713 847
714 860
714 904
715 733
715 868
715 985
717 873
717 970
718 729
718 914
718 982
718 1010
719 855
720 806
720 829
721 734
721 760
724 1001
725 752
725 985
727 808
727 868
728 812
728 952
730 857
731 827
731 901
731 915
731 937
732 962
732 1014
734 760
734 775
734 866
735 861
736 775
736 862
736 920
737 900
738 846
738 872
738 994
739 925
739 953
740 756
740 889
741 1018
742 840
742 842
742 849
744 790
744 896
744 933
745 842
745 872
746 806
746 917
748 782
748 873
748 926
751 804
751 832
752 1016
753 784
753 919
756 761
757 819
758 845
758 902
760 940
761 826
762 862
762 900
763 792
763 797
763 807
763 903
763 980
763 1002
764 779
764 809
764 993
765 886
766 810
766 876
766 913
767 831
767 964
767 1014
768 931
768 1007
770 779
771 890
771 911
772 917
773 993
773 1004
774 924
775 932
777 909
779 970
779 992
780 945
780 973
780 1011
783 799
784 1001
785 972
787 858
788 986
789 818
789 912
789 937
790 821
790 848
790 881
791 847
792 936
792 993
793 852
794 857
796 1012
796 1020
797 885
797 893
798 851
799 829
799 990
800 815
800 901
800 959
801 856
801 868
802 818
805 888
805 958
805 969
805 972
805 1013
805 1018
806 876
807 921
808 943
808 1007
809 916
811 832
811 854
811 917
812 961
812 971
813 904
813 968
814 887
815 883
817 987
817 1000
817 1019
818 846
818 909
818 952
818 986
819 925
819 959
820 921
823 848
824 889
825 970
826 882
827 870
827 896
828 882
828 910
828 978
829 846
829 878
829 989
829 1012
830 838
830 877
832 927
832 947
835 919
835 942
839 852
840 864
841 887
842 1019
843 872
843 962
845 894
847 946
849 881
850 860
850 987
851 857
851 930
853 936
855 968
856 978
857 943
858 880
858 957
859 862
859 917
859 954
861 944
863 936
863 1021
865 926
865 946
865 992
865 995
865 1003
866 877
867 954
867 972
868 947
872 966
872 1008
874 900
874 936
874 982
875 887
875 929
877 946
879 991
881 976
885 886
886 977
888 964
889 938
890 912
890 938
890 965
892 961
896 903
899 910
899 970
900 958
901 915
901 935
902 944
902 1013
902 1019
903 953
903 983
904 920
907 943
908 950
911 1015
912 917
912 961
913 979
916 945
917 964
918 935
919 987
923 940
923 988
924 992
924 1005
926 1015
927 938
927 963
928 974
929 953
929 1008
935 955
936 988
939 964
939 980
939 992
939 1014
941 995
943 997
945 981
945 1007
945 1021
946 963
948 1000
948 1003
952 1022
954 1013
955 964
957 999
958 975
962 1023
963 1018
964 966
971 996
973 977
973 980
974 982
978 997
979 996
999 1009
1002 1018
1006 1010
1021 1022
