0 10
0 12
0 13
0 16
0 17
0 18
0 22
0 23
0 28
0 38
0 45
0 55
0 60
0 63
0 67
0 74
0 86
0 87
0 89
0 95
0 98
0 99
0 104
0 126
0 127
0 131
0 140
0 143
0 157
0 160
0 174
0 187
0 189
0 207
0 209
0 231
0 241
0 251
0 253
0 256
0 259
0 264
0 278
0 304
0 314
0 317
0 341
0 344
0 358
0 359
0 408
0 421
0 423
0 429
0 446
0 461
0 473
0 486
0 488
0 523
0 545
0 568
0 595
0 705
0 741
0 755
0 786
0 794
0 815
0 817
0 822
0 852
0 872
0 886
0 895
0 922
0 934
0 949
0 1022
1 10
1 11
1 12
1 15
1 16
1 17
1 18
1 30
1 31
1 34
1 35
1 39
1 48
1 53
1 58
1 62
1 65
1 77
1 83
1 108
1 117
1 121
1 129
1 154
1 171
1 174
1 176
1 258
1 274
1 295
1 314
1 329
1 352
1 362
1 420
1 455
1 486
1 509
1 524
1 545
1 550
1 584
1 591
1 601
1 717
1 718
1 720
1 727
1 731
1 747
1 761
1 787
1 812
1 846
1 871
1 882
1 896
1 920
1 941
1 990
1 1006
2 11
2 12
2 13
2 15
2 16
2 21
2 22
2 24
2 26
2 30
2 37
2 39
2 40
2 44
2 45
2 50
2 65
2 75
2 92
2 95
2 97
2 98
2 101
2 127
2 143
2 147
2 158
2 162
2 185
2 189
2 197
2 202
2 215
2 219
2 251
2 279
2 320
2 323
2 324
2 326
2 355
2 374
2 384
2 386
2 418
2 436
2 456
2 517
2 520
2 529
2 546
2 552
2 569
2 603
2 615
2 625
2 645
2 683
2 684
2 735
2 736
2 744
2 826
2 829
2 937
3 10
3 11
3 12
3 13
3 14
3 15
3 19
3 23
3 27
3 28
3 29
3 30
3 31
3 47
3 48
3 49
3 50
3 52
3 54
3 58
3 61
3 62
3 66
3 71
3 78
3 94
3 101
3 130
3 132
3 137
3 168
3 178
3 182
3 194
3 211
3 225
3 232
3 249
3 275
3 278
3 285
3 298
3 300
3 317
3 331
3 342
3 350
3 356
3 391
3 396
3 397
3 409
3 424
3 425
3 447
3 458
3 466
3 478
3 534
3 563
3 571
3 582
3 602
3 617
3 637
3 657
3 678
3 693
3 705
3 719
3 745
3 775
3 778
3 844
3 853
3 863
3 873
3 883
3 891
3 923
3 926
3 945
3 946
3 951
3 956
3 967
3 1009
4 11
4 67
4 87
4 249
4 287
4 725
4 834
4 862
5 12
5 15
5 18
5 25
5 26
5 34
5 41
5 93
5 97
5 119
5 121
5 162
5 166
5 255
5 269
5 352
5 369
5 510
5 565
5 567
5 680
5 725
5 781
5 886
5 974
5 994
6 10
6 13
6 19
6 20
6 24
6 26
6 29
6 32
6 35
6 37
6 46
6 48
6 54
6 60
6 68
6 69
6 74
6 100
6 115
6 135
6 139
6 161
6 164
6 194
6 244
6 288
6 294
6 332
6 397
6 433
6 445
6 474
6 554
6 557
6 558
6 579
6 605
6 610
6 615
6 640
6 683
6 707
6 806
6 829
6 833
6 850
6 919
6 982
6 986
6 1021
7 11
7 12
7 13
7 14
7 15
7 17
7 19
7 25
7 29
7 33
7 35
7 39
7 40
7 77
7 98
7 99
7 113
7 121
7 127
7 155
7 162
7 164
7 218
7 284
7 295
7 329
7 338
7 393
7 402
7 404
7 416
7 459
7 474
7 476
7 491
7 509
7 519
7 546
7 548
7 587
7 598
7 670
7 677
7 688
7 715
7 752
7 771
7 793
7 816
7 821
7 960
7 979
8 11
8 12
8 13
8 20
8 22
8 25
8 28
8 35
8 46
8 57
8 66
8 75
8 101
8 108
8 111
8 132
8 145
8 146
8 177
8 199
8 210
8 248
8 270
8 325
8 333
8 336
8 402
8 439
8 470
8 491
8 504
8 526
8 541
8 544
8 600
8 613
8 654
8 670
8 673
8 676
8 685
8 688
8 698
8 729
8 875
8 900
8 930
8 954
8 962
8 970
8 973
9 10
9 20
9 28
9 33
9 73
9 106
9 150
9 234
9 240
9 290
9 305
9 355
9 414
9 415
9 487
9 516
9 627
9 699
10 11
10 12
10 13
10 15
10 17
10 18
10 19
10 20
10 21
10 22
10 24
10 25
10 27
10 28
10 29
10 37
10 38
10 39
10 40
10 45
10 48
10 49
10 52
10 56
10 64
10 67
10 70
10 72
10 83
10 85
10 89
10 93
10 95
10 96
10 109
10 115
10 118
10 123
10 124
10 126
10 129
10 134
10 140
10 145
10 146
10 147
10 148
10 157
10 158
10 161
10 162
10 168
10 172
10 176
10 179
10 184
10 189
10 206
10 222
10 223
10 237
10 243
10 251
10 262
10 264
10 266
10 269
10 312
10 317
10 320
10 325
10 336
10 338
10 347
10 351
10 364
10 367
10 376
10 381
10 387
10 393
10 406
10 410
10 415
10 419
10 423
10 427
10 441
10 451
10 453
10 491
10 493
10 498
10 508
10 515
10 517
10 527
10 543
10 544
10 548
10 553
10 569
10 581
10 586
10 588
10 600
10 602
10 616
10 618
10 640
10 641
10 644
10 670
10 683
10 691
10 698
10 699
10 702
10 705
10 709
10 713
10 722
10 726
10 731
10 753
10 763
10 779
10 781
10 782
10 783
10 814
10 826
10 833
10 834
10 835
10 855
10 857
10 868
10 871
10 930
10 931
10 945
10 952
11 13
11 14
11 15
11 16
11 17
11 18
11 19
11 20
11 21
11 23
11 26
11 27
11 30
11 32
11 33
11 36
11 37
11 38
11 40
11 43
11 47
11 48
11 51
11 52
11 53
11 54
11 62
11 65
11 66
11 67
11 68
11 69
11 76
11 77
11 78
11 80
11 86
11 107
11 112
11 115
11 129
11 132
11 133
11 137
11 144
11 145
11 149
11 152
11 155
11 159
11 167
11 199
11 200
11 207
11 212
11 215
11 226
11 227
11 228
11 233
11 251
11 258
11 261
11 266
11 267
11 272
11 273
11 276
11 281
11 285
11 306
11 310
11 314
11 317
11 329
11 331
11 332
11 335
11 341
11 353
11 354
11 369
11 388
11 389
11 399
11 403
11 437
11 438
11 446
11 465
11 482
11 485
11 497
11 498
11 530
11 535
11 536
11 550
11 589
11 591
11 597
11 598
11 601
11 662
11 675
11 682
11 694
11 696
11 701
11 709
11 729
11 750
11 781
11 784
11 795
11 820
11 838
11 864
11 888
11 898
11 912
11 914
11 927
11 971
11 972
11 973
11 975
11 990
11 1010
12 13
12 14
12 16
12 17
12 18
12 20
12 21
12 28
12 35
12 36
12 42
12 47
12 48
12 52
12 60
12 61
12 72
12 74
12 79
12 81
12 87
12 91
12 92
12 93
12 94
12 95
12 97
12 103
12 113
12 116
12 138
12 143
12 161
12 165
12 175
12 178
12 184
12 185
12 191
12 200
12 202
12 214
12 222
12 242
12 245
12 259
12 266
12 270
12 275
12 290
12 291
12 319
12 329
12 345
12 349
12 364
12 370
12 385
12 418
12 426
12 430
12 457
12 501
12 518
12 541
12 550
12 555
12 557
12 594
12 603
12 604
12 618
12 623
12 627
12 633
12 634
12 653
12 700
12 711
12 778
12 787
12 800
12 814
12 825
12 850
12 857
12 861
12 890
12 902
12 907
12 985
12 989
12 1000
12 1004
13 14
13 16
13 21
13 22
13 25
13 26
13 29
13 32
13 34
13 38
13 49
13 50
13 52
13 58
13 67
13 74
13 75
13 80
13 81
13 101
13 107
13 108
13 118
13 120
13 122
13 127
13 131
13 133
13 139
13 144
13 149
13 161
13 169
13 170
13 183
13 189
13 193
13 203
13 205
13 209
13 213
13 224
13 225
13 227
13 234
13 253
13 254
13 261
13 269
13 280
13 286
13 297
13 321
13 326
13 331
13 335
13 367
13 385
13 388
13 395
13 396
13 403
13 450
13 454
13 470
13 480
13 481
13 490
13 492
13 496
13 521
13 530
13 542
13 548
13 566
13 579
13 587
13 596
13 605
13 606
13 627
13 632
13 633
13 637
13 640
13 646
13 647
13 677
13 692
13 697
13 698
13 722
13 747
13 751
13 758
13 808
13 828
13 907
13 924
13 931
13 932
13 936
13 943
13 962
13 982
13 1000
14 15
14 16
14 18
14 21
14 23
14 25
14 28
14 31
14 32
14 33
14 40
14 41
14 43
14 46
14 47
14 48
14 49
14 54
14 56
14 59
14 61
14 71
14 81
14 84
14 85
14 92
14 94
14 97
14 98
14 109
14 113
14 119
14 125
14 127
14 140
14 146
14 147
14 153
14 160
14 166
14 168
14 171
14 174
14 184
14 203
14 208
14 211
14 217
14 227
14 230
14 233
14 236
14 243
14 250
14 267
14 270
14 277
14 299
14 312
14 327
14 346
14 351
14 367
14 368
14 388
14 433
14 440
14 448
14 455
14 476
14 496
14 513
14 521
14 533
14 535
14 564
14 594
14 620
14 621
14 645
14 678
14 685
14 700
14 728
14 731
14 732
14 749
14 778
14 791
14 796
14 803
14 806
14 870
14 895
14 905
14 972
14 996
15 16
15 17
15 19
15 20
15 21
15 27
15 31
15 36
15 38
15 41
15 43
15 44
15 50
15 51
15 52
15 53
15 57
15 60
15 64
15 69
15 71
15 80
15 83
15 84
15 90
15 95
15 104
15 105
15 124
15 128
15 130
15 148
15 165
15 191
15 193
15 197
15 203
15 204
15 205
15 206
15 239
15 244
15 257
15 276
15 283
15 293
15 305
15 326
15 327
15 329
15 357
15 390
15 399
15 423
15 432
15 441
15 447
15 451
15 461
15 465
15 518
15 528
15 561
15 565
15 566
15 572
15 586
15 620
15 640
15 642
15 671
15 708
15 710
15 711
15 720
15 754
15 755
15 811
15 827
15 833
15 870
15 893
15 898
15 905
15 930
15 941
15 949
15 955
15 956
15 986
15 987
15 990
15 1008
16 21
16 23
16 24
16 36
16 47
16 56
16 72
16 75
16 79
16 80
16 84
16 85
16 103
16 106
16 111
16 127
16 129
16 173
16 176
16 178
16 181
16 185
16 214
16 217
16 232
16 234
16 247
16 252
16 263
16 289
16 321
16 353
16 357
16 361
16 441
16 483
16 510
16 562
16 568
16 581
16 582
16 597
16 636
16 642
16 676
16 712
16 727
16 787
16 789
16 792
16 797
16 839
16 863
16 871
16 880
16 967
16 998
16 1005
16 1020
17 20
17 22
17 23
17 26
17 31
17 35
17 37
17 39
17 42
17 47
17 51
17 53
17 54
17 57
17 67
17 72
17 82
17 84
17 88
17 156
17 174
17 190
17 192
17 194
17 233
17 310
17 331
17 342
17 343
17 398
17 416
17 436
17 462
17 474
17 482
17 486
17 497
17 511
17 532
17 533
17 536
17 541
17 560
17 615
17 637
17 643
17 675
17 686
17 790
17 821
17 838
17 877
17 901
17 984
18 20
18 21
18 24
18 26
18 28
18 29
18 41
18 46
18 50
18 51
18 54
18 71
18 75
18 98
18 128
18 134
18 141
18 169
18 172
18 211
18 239
18 244
18 258
18 265
18 268
18 291
18 300
18 339
18 366
18 380
18 396
18 398
18 415
18 417
18 475
18 478
18 531
18 557
18 596
18 701
18 729
18 742
18 752
18 895
18 942
18 945
18 1023
19 21
19 22
19 23
19 27
19 44
19 45
19 49
19 51
19 52
19 56
19 63
19 68
19 71
19 90
19 95
19 106
19 109
19 114
19 122
19 130
19 135
19 157
19 186
19 191
19 193
19 199
19 200
19 216
19 261
19 263
19 284
19 294
19 296
19 299
19 322
19 334
19 343
19 355
19 360
19 365
19 379
19 381
19 413
19 418
19 422
19 478
19 480
19 488
19 502
19 516
19 558
19 567
19 608
19 643
19 663
19 672
19 684
19 757
19 782
19 800
19 817
19 831
19 838
19 840
19 853
19 900
19 1005
19 1008
19 1016
20 23
20 24
20 25
20 26
20 29
20 34
20 38
20 42
20 44
20 54
20 75
20 82
20 87
20 153
20 171
20 185
20 203
20 214
20 223
20 236
20 243
20 293
20 318
20 359
20 412
20 423
20 429
20 433
20 559
20 564
20 616
20 730
20 762
20 862
20 911
20 939
20 1023
21 22
21 24
21 25
21 29
21 35
21 38
21 82
21 91
21 100
21 113
21 120
21 128
21 134
21 144
21 150
21 162
21 164
21 167
21 168
21 169
21 173
21 181
21 203
21 204
21 234
21 235
21 238
21 254
21 259
21 282
21 284
21 286
21 304
21 305
21 310
21 319
21 324
21 325
21 326
21 345
21 373
21 389
21 400
21 415
21 429
21 494
21 501
21 504
21 514
21 523
21 524
21 575
21 583
21 606
21 641
21 651
21 657
21 687
21 696
21 712
21 737
21 738
21 747
21 797
21 842
21 846
21 878
21 940
22 23
22 27
22 32
22 39
22 45
22 48
22 61
22 63
22 65
22 68
22 71
22 76
22 85
22 86
22 88
22 90
22 102
22 104
22 115
22 125
22 134
22 137
22 139
22 147
22 150
22 156
22 227
22 248
22 276
22 290
22 326
22 337
22 340
22 356
22 393
22 408
22 488
22 489
22 502
22 509
22 587
22 615
22 665
22 703
22 742
22 749
22 773
22 783
22 803
22 846
22 864
22 897
22 923
22 953
22 959
22 981
23 24
23 25
23 26
23 27
23 32
23 36
23 40
23 52
23 57
23 63
23 66
23 68
23 72
23 78
23 80
23 97
23 98
23 101
23 103
23 108
23 111
23 112
23 120
23 136
23 137
23 140
23 142
23 150
23 175
23 182
23 189
23 200
23 205
23 218
23 219
23 239
23 254
23 256
23 260
23 277
23 298
23 303
23 323
23 348
23 351
23 353
23 354
23 359
23 366
23 403
23 405
23 417
23 418
23 419
23 435
23 447
23 458
23 461
23 477
23 481
23 483
23 500
23 501
23 514
23 516
23 555
23 598
23 600
23 607
23 635
23 652
23 722
23 726
23 790
23 807
23 819
23 867
23 895
23 903
23 925
23 952
23 986
23 1012
24 28
24 30
24 43
24 49
24 66
24 77
24 91
24 92
24 99
24 107
24 119
24 123
24 131
24 145
24 164
24 170
24 172
24 178
24 195
24 200
24 213
24 246
24 280
24 282
24 285
24 306
24 313
24 316
24 374
24 377
24 394
24 440
24 478
24 482
24 511
24 546
24 592
24 619
24 634
24 636
24 639
24 653
24 679
24 684
24 736
24 738
24 740
24 764
24 782
24 788
24 790
24 830
24 843
24 861
24 924
24 948
24 965
24 984
24 986
25 26
25 28
25 29
25 31
25 40
25 41
25 42
25 46
25 53
25 59
25 60
25 61
25 65
25 68
25 100
25 108
25 158
25 175
25 191
25 202
25 236
25 237
25 251
25 254
25 258
25 268
25 298
25 306
25 322
25 325
25 397
25 403
25 424
25 453
25 462
25 470
25 473
25 501
25 512
25 519
25 521
25 527
25 541
25 547
25 571
25 583
25 647
25 669
25 671
25 672
25 673
25 717
25 739
25 745
25 805
25 843
25 848
25 852
25 902
25 912
25 918
25 920
25 929
25 981
26 30
26 36
26 43
26 46
26 53
26 56
26 65
26 67
26 72
26 76
26 79
26 90
26 93
26 97
26 102
26 107
26 110
26 116
26 125
26 132
26 140
26 147
26 162
26 183
26 184
26 187
26 191
26 192
26 198
26 208
26 211
26 218
26 230
26 235
26 244
26 250
26 262
26 272
26 285
26 293
26 296
26 302
26 320
26 335
26 342
26 356
26 365
26 383
26 400
26 452
26 455
26 459
26 460
26 469
26 471
26 492
26 498
26 503
26 505
26 518
26 533
26 569
26 578
26 588
26 624
26 639
26 645
26 693
26 707
26 731
26 759
26 763
26 771
26 772
26 807
26 822
26 898
26 961
26 968
27 33
27 42
27 50
27 51
27 53
27 59
27 61
27 77
27 83
27 92
27 97
27 101
27 109
27 110
27 126
27 131
27 132
27 134
27 150
27 159
27 195
27 208
27 219
27 225
27 230
27 232
27 285
27 292
27 293
27 294
27 352
27 396
27 397
27 406
27 417
27 431
27 461
27 463
27 514
27 519
27 521
27 531
27 546
27 575
27 610
27 625
27 710
27 752
27 791
27 833
27 842
27 876
27 877
27 897
27 912
27 960
27 972
27 976
28 32
28 34
28 38
28 41
28 55
28 59
28 71
28 85
28 96
28 105
28 109
28 117
28 121
28 128
28 135
28 146
28 154
28 216
28 217
28 229
28 286
28 310
28 320
28 327
28 346
28 353
28 356
28 361
28 365
28 366
28 370
28 375
28 421
28 433
28 435
28 439
28 449
28 450
28 457
28 484
28 513
28 537
28 553
28 571
28 580
28 596
28 625
28 652
28 669
28 683
28 769
28 778
28 796
28 799
28 894
28 921
29 32
29 34
29 38
29 39
29 41
29 43
29 44
29 50
29 51
29 55
29 56
29 58
29 61
29 83
29 87
29 88
29 100
29 115
29 119
29 122
29 165
29 171
29 178
29 185
29 186
29 216
29 235
29 246
29 268
29 297
29 307
29 309
29 344
29 346
29 371
29 372
29 386
29 390
29 391
29 402
29 482
29 535
29 570
29 578
29 579
29 589
29 613
29 627
29 631
29 635
29 698
29 734
29 768
29 888
29 959
29 970
29 980
29 1009
30 34
30 35
30 38
30 42
30 45
30 46
30 50
30 58
30 60
30 64
30 73
30 116
30 118
30 123
30 128
30 168
30 195
30 209
30 222
30 231
30 235
30 244
30 247
30 250
30 263
30 288
30 291
30 292
30 334
30 336
30 340
30 363
30 399
30 416
30 450
30 466
30 514
30 523
30 537
30 555
30 612
30 623
30 630
30 658
30 660
30 692
30 702
30 723
30 725
30 729
30 735
30 744
30 752
30 764
30 770
30 789
30 814
30 885
30 903
30 916
30 936
30 939
30 950
30 952
30 983
30 989
30 996
31 46
31 49
31 57
31 61
31 70
31 116
31 118
31 124
31 156
31 170
31 237
31 239
31 244
31 253
31 325
31 330
31 342
31 375
31 495
31 508
31 525
31 541
31 618
31 662
31 690
31 816
31 882
31 920
31 930
32 34
32 41
32 89
32 99
32 112
32 153
32 161
32 228
32 241
32 272
32 277
32 318
32 321
32 354
32 426
32 454
32 501
32 503
32 517
32 549
32 634
32 643
32 712
32 717
32 725
32 810
32 886
32 887
32 956
32 964
33 42
33 44
33 47
33 57
33 64
33 72
33 78
33 79
33 86
33 93
33 102
33 106
33 115
33 118
33 142
33 152
33 190
33 212
33 289
33 336
33 372
33 384
33 452
33 575
33 822
33 831
33 851
33 865
33 867
33 881
33 991
33 995
34 35
34 64
34 74
34 79
34 85
34 86
34 89
34 106
34 112
34 135
34 136
34 160
34 195
34 199
34 213
34 218
34 233
34 241
34 274
34 276
34 285
34 297
34 329
34 345
34 348
34 366
34 384
34 387
34 404
34 426
34 432
34 471
34 506
34 559
34 567
34 570
34 631
34 659
34 663
34 699
34 820
34 844
34 856
34 946
34 947
35 44
35 46
35 49
35 51
35 62
35 64
35 65
35 69
35 88
35 91
35 93
35 113
35 144
35 159
35 164
35 166
35 169
35 189
35 210
35 212
35 219
35 249
35 265
35 279
35 287
35 288
35 306
35 313
35 421
35 445
35 451
35 479
35 485
35 502
35 507
35 509
35 526
35 571
35 577
35 582
35 586
35 608
35 677
35 704
35 719
35 724
35 800
35 801
35 808
35 865
35 875
35 887
35 952
35 954
35 955
35 975
35 983
35 1010
35 1011
35 1014
35 1019
36 53
36 56
36 64
36 66
36 70
36 75
36 86
36 89
36 110
36 114
36 115
36 117
36 123
36 124
36 133
36 148
36 153
36 185
36 191
36 193
36 201
36 207
36 215
36 232
36 286
36 300
36 307
36 310
36 315
36 319
36 341
36 356
36 407
36 409
36 437
36 548
36 561
36 562
36 565
36 585
36 590
36 604
36 623
36 687
36 710
36 711
36 801
36 810
36 814
36 847
36 899
36 920
36 930
36 935
37 40
37 41
37 47
37 56
37 58
37 64
37 66
37 73
37 76
37 87
37 88
37 112
37 114
37 133
37 140
37 151
37 153
37 180
37 210
37 213
37 219
37 240
37 332
37 386
37 394
37 395
37 401
37 411
37 426
37 460
37 528
37 565
37 617
37 636
37 639
37 641
37 668
37 671
37 682
37 691
37 733
37 748
37 761
37 795
37 935
37 936
37 956
37 974
37 993
37 997
38 43
38 44
38 55
38 57
38 59
38 62
38 72
38 75
38 82
38 83
38 86
38 98
38 99
38 104
38 109
38 131
38 132
38 161
38 165
38 174
38 187
38 205
38 213
38 221
38 231
38 234
38 264
38 284
38 371
38 391
38 392
38 403
38 431
38 448
38 453
38 485
38 492
38 523
38 526
38 554
38 565
38 580
38 583
38 612
38 673
38 710
38 716
38 722
38 744
38 748
38 859
38 868
38 883
38 979
39 40
39 63
39 65
39 75
39 77
39 94
39 118
39 120
39 161
39 171
39 196
39 256
39 264
39 281
39 357
39 452
39 467
39 518
39 625
39 691
39 849
39 951
40 55
40 78
40 104
40 164
40 184
40 207
40 240
40 255
40 265
40 315
40 331
40 335
40 370
40 378
40 405
40 419
40 508
40 512
40 517
40 539
40 552
40 622
40 628
40 646
40 698
40 853
40 856
40 874
40 882
41 64
41 68
41 118
41 122
41 134
41 136
41 159
41 162
41 218
41 295
41 297
41 316
41 362
41 477
41 484
41 495
41 607
41 667
41 684
41 792
41 887
41 933
42 45
42 61
42 65
42 81
42 89
42 108
42 114
42 129
42 137
42 243
42 271
42 297
42 328
42 360
42 394
42 399
42 406
42 430
42 447
42 455
42 463
42 494
42 562
42 610
42 625
42 650
42 654
42 818
42 918
42 943
42 977
42 979
42 993
42 1012
43 50
43 52
43 58
43 60
43 79
43 96
43 184
43 203
43 214
43 216
43 221
43 240
43 264
43 282
43 333
43 382
43 446
43 479
43 517
43 533
43 538
43 545
43 593
43 663
43 734
43 809
43 866
43 905
43 975
44 51
44 86
44 100
44 105
44 110
44 111
44 114
44 116
44 137
44 147
44 169
44 214
44 253
44 320
44 371
44 456
44 461
44 470
44 485
44 489
44 519
44 535
44 562
44 575
44 597
44 604
44 652
44 655
44 669
44 719
44 856
44 882
44 960
44 969
44 980
44 1015
45 48
45 74
45 96
45 107
45 137
45 177
45 186
45 201
45 221
45 226
45 277
45 280
45 283
45 295
45 296
45 298
45 303
45 312
45 328
45 363
45 373
45 381
45 392
45 430
45 484
45 499
45 673
45 713
45 759
45 781
45 825
45 867
45 869
46 57
46 62
46 89
46 122
46 141
46 168
46 169
46 196
46 237
46 276
46 279
46 291
46 303
46 336
46 346
46 385
46 411
46 428
46 449
46 462
46 544
46 557
46 573
46 596
46 689
46 746
46 749
46 767
46 792
46 799
46 833
46 885
46 910
46 956
46 1006
47 49
47 61
47 63
47 93
47 101
47 103
47 111
47 117
47 147
47 158
47 166
47 171
47 175
47 218
47 220
47 222
47 267
47 296
47 336
47 344
47 365
47 411
47 563
47 586
47 601
47 628
47 657
47 672
47 678
47 693
47 737
47 765
47 794
47 804
47 810
47 832
47 857
47 892
47 909
47 910
47 962
47 964
47 1015
47 1022
48 67
48 74
48 80
48 81
48 94
48 102
48 148
48 163
48 175
48 181
48 183
48 189
48 210
48 213
48 228
48 263
48 266
48 270
48 273
48 333
48 356
48 408
48 455
48 459
48 507
48 530
48 587
48 667
48 680
48 757
48 767
48 798
48 813
48 876
48 916
48 976
49 52
49 54
49 63
49 78
49 81
49 92
49 99
49 102
49 106
49 107
49 123
49 134
49 180
49 182
49 187
49 201
49 204
49 233
49 254
49 273
49 279
49 311
49 315
49 322
49 325
49 348
49 358
49 368
49 386
49 392
49 407
49 418
49 440
49 449
49 469
49 515
49 547
49 581
49 585
49 637
49 667
49 751
49 793
49 818
49 854
49 917
49 1012
49 1014
50 53
50 71
50 79
50 106
50 107
50 123
50 128
50 141
50 151
50 155
50 156
50 229
50 239
50 275
50 317
50 320
50 339
50 342
50 367
50 398
50 551
50 598
50 699
51 56
51 59
51 69
51 96
51 106
51 111
51 114
51 124
51 153
51 188
51 229
51 234
51 249
51 252
51 268
51 301
51 319
51 341
51 349
51 355
51 392
51 417
51 430
51 436
51 491
51 538
51 555
51 606
51 641
51 642
51 658
51 723
51 791
51 823
51 934
51 939
51 944
51 988
52 54
52 55
52 82
52 93
52 110
52 116
52 121
52 122
52 144
52 155
52 163
52 167
52 177
52 213
52 253
52 254
52 256
52 282
52 283
52 316
52 343
52 345
52 404
52 421
52 424
52 463
52 465
52 467
52 488
52 491
52 501
52 543
52 569
52 591
52 608
52 609
52 623
52 685
52 726
52 727
52 758
52 811
52 823
52 869
52 877
52 889
52 904
52 954
52 984
53 83
53 85
53 93
53 119
53 129
53 141
53 148
53 154
53 214
53 231
53 272
53 430
53 461
53 488
53 494
53 496
53 540
53 547
53 549
53 570
53 687
53 785
53 911
53 1014
54 73
54 78
54 79
54 84
54 103
54 125
54 146
54 153
54 155
54 170
54 179
54 182
54 203
54 206
54 219
54 226
54 246
54 247
54 364
54 400
54 401
54 449
54 540
54 555
54 626
54 689
54 840
54 879
54 895
54 1019
54 1023
55 77
55 83
55 98
55 121
55 138
55 149
55 163
55 197
55 257
55 279
55 304
55 308
55 344
55 390
55 424
55 425
55 429
55 435
55 444
55 453
55 518
55 537
55 592
55 593
55 595
55 661
55 709
55 729
55 787
55 866
55 932
56 60
56 62
56 89
56 99
56 100
56 124
56 132
56 151
56 161
56 163
56 168
56 240
56 290
56 294
56 360
56 361
56 372
56 380
56 382
56 397
56 433
56 447
56 457
56 464
56 535
56 546
56 577
56 605
56 632
56 639
56 649
56 679
56 686
56 918
56 919
57 80
57 87
57 124
57 183
57 298
57 348
57 381
57 390
57 743
57 825
57 984
58 71
58 100
58 137
58 156
58 186
58 192
58 210
58 224
58 260
58 304
58 397
58 405
58 466
58 467
58 480
58 525
58 551
58 562
58 577
58 581
58 582
58 622
58 637
58 723
58 725
58 753
58 797
58 811
58 817
58 830
58 854
58 924
58 943
58 1014
58 1023
59 74
59 88
59 105
59 123
59 125
59 127
59 151
59 152
59 183
59 188
59 273
59 278
59 281
59 307
59 347
59 357
59 391
59 398
59 401
59 410
59 443
59 451
59 460
59 471
59 554
59 575
59 577
59 584
59 593
59 639
59 747
59 874
59 876
59 878
59 889
59 915
59 1022
60 62
60 76
60 82
60 87
60 89
60 92
60 102
60 113
60 121
60 136
60 141
60 173
60 182
60 197
60 199
60 235
60 285
60 322
60 332
60 340
60 369
60 370
60 375
60 459
60 500
60 544
60 547
60 561
60 631
60 659
60 679
60 735
60 746
60 807
60 811
60 847
60 852
60 872
60 905
60 907
60 984
60 1002
61 62
61 80
61 83
61 88
61 137
61 165
61 207
61 232
61 251
61 262
61 266
61 271
61 279
61 297
61 302
61 335
61 348
61 608
61 628
61 653
61 694
61 695
61 765
61 768
61 795
61 874
61 901
61 932
61 944
62 73
62 76
62 103
62 110
62 113
62 166
62 213
62 214
62 223
62 234
62 267
62 282
62 364
62 440
62 475
62 497
62 544
62 556
62 570
62 593
62 605
62 650
62 674
62 771
62 772
62 860
62 872
62 912
62 969
62 973
62 997
62 1001
63 64
63 73
63 74
63 91
63 166
63 174
63 221
63 260
63 264
63 270
63 286
63 325
63 330
63 394
63 407
63 410
63 443
63 492
63 534
63 551
63 573
63 640
63 668
63 677
63 685
63 697
63 708
63 773
63 781
63 866
63 870
63 988
63 1002
63 1006
63 1017
64 66
64 88
64 109
64 147
64 154
64 169
64 247
64 338
64 358
64 499
64 534
64 670
64 741
64 764
64 956
65 70
65 101
65 128
65 148
65 156
65 179
65 187
65 199
65 223
65 236
65 239
65 246
65 289
65 334
65 341
65 355
65 417
65 435
65 439
65 466
65 522
65 647
65 720
65 808
65 851
65 857
65 865
65 867
65 1014
66 82
66 84
66 85
66 105
66 111
66 129
66 147
66 165
66 200
66 250
66 255
66 330
66 412
66 422
66 424
66 434
66 640
66 803
66 809
66 929
67 84
67 91
67 215
67 223
67 242
67 289
67 309
67 369
67 371
67 374
67 466
67 493
67 517
67 633
67 644
67 749
67 794
67 805
67 827
67 832
67 833
67 1018
68 81
68 95
68 106
68 155
68 162
68 194
68 261
68 271
68 311
68 320
68 333
68 414
68 415
68 497
68 498
68 505
68 515
68 547
68 593
68 635
68 680
68 719
68 745
68 760
68 767
68 770
68 780
68 867
68 923
68 1013
69 70
69 74
69 80
69 100
69 262
69 275
69 334
69 390
69 417
69 423
69 425
69 440
69 442
69 522
69 571
69 607
69 613
69 616
69 659
69 664
69 696
69 846
69 872
69 921
69 941
69 966
69 1016
70 125
70 150
70 158
70 169
70 210
70 271
70 351
70 354
70 355
70 469
70 515
70 568
70 666
70 828
70 832
70 836
70 892
70 921
70 949
70 1019
71 122
71 172
71 183
71 190
71 344
71 349
71 408
71 419
71 522
71 571
71 576
71 687
71 854
71 891
71 962
72 90
72 119
72 146
72 253
72 300
72 304
72 482
72 554
72 739
72 776
72 819
72 931
73 87
73 104
73 116
73 142
73 146
73 185
73 192
73 368
73 464
73 479
73 542
73 632
73 636
73 778
74 77
74 81
74 88
74 90
74 101
74 123
74 135
74 150
74 174
74 215
74 263
74 296
74 376
74 465
74 490
74 494
74 495
74 510
74 552
74 619
74 668
74 687
74 720
74 741
74 789
74 796
74 801
74 895
74 957
74 1021
75 85
75 88
75 120
75 130
75 139
75 149
75 163
75 181
75 198
75 257
75 267
75 298
75 316
75 321
75 329
75 383
75 465
75 474
75 524
75 525
75 528
75 529
75 539
75 543
75 576
75 598
75 620
75 690
75 727
75 740
75 786
75 793
75 815
75 846
75 890
75 891
75 923
75 938
75 960
75 1002
76 132
76 144
76 184
76 221
76 234
76 243
76 273
76 281
76 291
76 354
76 382
76 401
76 418
76 466
76 488
76 512
76 527
76 556
76 623
76 1000
76 1013
77 138
77 140
77 172
77 178
77 207
77 220
77 261
77 312
77 345
77 370
77 389
77 493
77 528
77 692
77 742
77 813
77 834
77 995
78 105
78 114
78 149
78 164
78 203
78 297
78 302
78 311
78 315
78 332
78 335
78 467
78 492
78 499
78 712
78 743
78 851
79 131
79 139
79 152
79 160
79 196
79 220
79 279
79 362
79 379
79 457
79 517
79 627
79 687
79 738
79 758
79 830
79 1014
80 102
80 104
80 117
80 141
80 172
80 187
80 188
80 191
80 193
80 202
80 204
80 215
80 229
80 232
80 235
80 257
80 272
80 328
80 406
80 424
80 428
80 502
80 505
80 507
80 586
80 602
80 642
80 646
80 713
80 740
80 795
80 818
80 882
81 121
81 133
81 182
81 213
81 265
81 274
81 356
81 441
81 605
81 676
81 683
81 690
81 746
81 749
81 774
81 842
81 956
81 1009
82 135
82 198
82 221
82 282
82 284
82 327
82 358
82 370
82 371
82 381
82 393
82 468
82 475
82 476
82 564
82 568
82 578
82 619
82 649
82 882
82 909
83 84
83 99
83 105
83 122
83 192
83 260
83 295
83 299
83 435
83 534
83 661
83 668
83 682
83 697
83 975
83 1011
83 1017
84 90
84 124
84 132
84 150
84 151
84 196
84 215
84 236
84 238
84 239
84 312
84 337
84 457
84 525
84 649
84 669
84 671
84 676
84 717
84 813
84 940
85 244
85 246
85 287
85 303
85 311
85 413
85 450
85 553
85 584
85 599
85 926
86 94
86 120
86 142
86 155
86 165
86 188
86 190
86 228
86 255
86 300
86 376
86 411
86 425
86 439
86 550
86 572
86 609
86 670
86 687
86 692
86 718
86 721
86 755
86 831
86 865
86 914
86 960
86 963
86 975
86 1002
86 1009
87 110
87 118
87 139
87 179
87 238
87 269
87 290
87 297
87 487
87 600
87 685
87 728
87 748
87 836
87 924
87 971
88 90
88 104
88 112
88 124
88 130
88 143
88 158
88 183
88 224
88 271
88 281
88 282
88 361
88 470
88 472
88 496
88 511
88 654
88 657
88 782
88 809
88 848
88 877
89 149
89 156
89 159
89 281
89 370
89 431
89 537
89 542
89 561
89 571
89 669
89 723
89 844
89 861
89 866
89 950
89 982
90 114
90 120
90 129
90 131
90 139
90 211
90 225
90 346
90 358
90 362
90 562
90 566
90 710
90 829
90 862
90 963
91 93
91 128
91 174
91 201
91 219
91 249
91 275
91 305
91 324
91 362
91 381
91 472
91 563
91 614
91 663
91 700
91 742
91 798
91 856
91 950
92 132
92 146
92 185
92 189
92 191
92 193
92 238
92 253
92 297
92 310
92 340
92 401
92 422
92 468
92 508
92 510
92 513
92 524
92 552
92 581
92 611
92 630
92 634
92 703
92 723
92 728
92 773
92 798
92 813
92 838
92 946
92 962
92 963
92 977
92 1023
93 103
93 104
93 129
93 143
93 145
93 228
93 229
93 279
93 283
93 312
93 315
93 350
93 391
93 392
93 514
93 528
93 544
93 557
93 571
93 591
93 617
93 647
93 691
93 753
93 824
93 905
93 931
93 965
93 1020
94 107
94 109
94 118
94 125
94 136
94 167
94 192
94 195
94 196
94 237
94 294
94 345
94 366
94 393
94 573
94 595
94 609
94 647
94 675
94 689
94 763
94 848
94 887
94 894
94 903
94 929
94 958
94 983
95 104
95 113
95 128
95 147
95 171
95 180
95 216
95 219
95 385
95 474
95 561
95 575
95 581
95 892
95 956
95 1008
96 115
96 139
96 173
96 199
96 205
96 218
96 347
96 478
96 498
96 572
96 660
96 796
96 903
96 959
96 1003
97 110
97 138
97 204
97 231
97 238
97 247
97 286
97 328
97 343
97 360
97 411
97 454
97 616
97 699
97 732
97 743
97 776
97 821
97 851
97 875
97 920
98 118
98 127
98 135
98 150
98 157
98 189
98 361
98 367
98 379
98 583
98 587
98 617
98 623
98 668
98 931
98 955
99 119
99 203
99 260
99 305
99 309
99 386
99 485
99 583
99 679
99 768
100 152
100 208
100 245
100 299
100 339
100 507
100 521
100 534
100 548
100 644
100 689
100 914
101 136
101 151
101 165
101 273
101 399
101 520
101 569
101 580
101 591
101 630
101 719
101 761
102 124
102 125
102 151
102 153
102 165
102 179
102 217
102 262
102 277
102 282
102 432
102 519
102 559
102 573
102 589
102 598
102 613
102 614
102 628
102 647
102 801
102 806
102 871
102 920
102 985
102 1019
103 141
103 172
103 192
103 198
103 261
103 358
103 396
103 646
103 717
103 719
103 764
103 822
103 826
103 842
103 879
103 944
103 1007
104 111
104 143
104 157
104 175
104 223
104 244
104 351
104 375
104 377
104 421
104 558
104 597
104 625
104 661
104 695
104 822
104 832
104 844
104 864
104 953
104 1013
105 109
105 138
105 196
105 259
105 274
105 462
105 542
105 556
105 707
105 741
105 750
105 832
105 876
106 117
106 119
106 167
106 176
106 181
106 186
106 193
106 246
106 292
106 322
106 339
106 349
106 382
106 402
106 414
106 553
106 576
106 759
106 870
106 1010
107 127
107 177
107 194
107 198
107 216
107 256
107 269
107 273
107 276
107 308
107 336
107 338
107 350
107 363
107 439
107 461
107 529
107 623
107 634
107 641
107 748
107 770
107 782
107 799
107 810
107 878
107 948
107 1005
108 135
108 149
108 161
108 168
108 237
108 259
108 293
108 377
108 421
108 473
108 514
108 528
108 583
108 595
108 624
108 635
108 653
108 685
108 700
108 712
108 737
108 756
108 770
108 857
108 888
108 1004
108 1008
109 112
109 231
109 292
109 303
109 405
109 437
109 478
109 819
109 895
109 909
109 974
109 991
110 152
110 179
110 246
110 325
110 357
110 359
110 365
110 371
110 396
110 415
110 427
110 433
110 578
110 605
110 745
110 965
110 968
111 190
111 194
111 282
111 283
111 406
111 422
111 442
111 466
111 530
111 532
111 543
111 552
111 557
111 583
111 721
111 736
111 793
111 853
111 924
111 938
111 992
112 163
112 164
112 171
112 187
112 252
112 294
112 299
112 324
112 340
112 454
112 463
112 479
112 484
112 744
112 769
112 797
112 802
112 820
112 826
113 152
113 168
113 171
113 176
113 180
113 221
113 226
113 252
113 266
113 289
113 377
113 386
113 486
113 487
113 590
113 636
113 660
113 682
113 691
113 799
113 1000
114 119
114 145
114 175
114 219
114 260
114 267
114 289
114 329
114 390
114 482
114 508
114 526
114 746
114 949
114 982
115 133
115 160
115 400
115 481
115 484
115 560
115 567
115 609
115 901
115 922
115 969
116 233
116 271
116 315
116 494
116 520
116 545
116 666
116 689
116 711
116 798
116 814
117 140
117 201
117 216
117 280
117 357
117 395
117 572
117 629
117 885
118 164
118 186
118 209
118 211
118 215
118 339
118 346
118 512
118 513
118 527
118 631
118 634
118 805
118 861
118 963
119 309
119 434
119 444
119 448
119 543
119 618
119 637
119 669
119 922
119 942
119 983
120 144
120 188
120 195
120 222
120 265
120 269
120 312
120 407
120 471
120 477
120 665
120 674
120 805
120 919
121 138
121 158
121 162
121 169
121 224
121 225
121 227
121 270
121 278
121 308
121 351
121 464
121 587
121 596
121 617
121 687
121 743
121 751
121 892
121 954
121 963
121 982
122 181
122 190
122 196
122 218
122 248
122 274
122 284
122 287
122 290
122 319
122 389
122 539
122 582
122 651
122 700
122 710
122 718
122 726
122 756
122 789
122 819
122 841
122 937
122 967
123 127
123 158
123 197
123 208
123 228
123 274
123 293
123 305
123 329
123 378
123 427
123 550
123 653
123 688
123 721
123 748
123 763
123 774
123 777
123 800
123 862
123 882
123 931
124 158
124 212
124 437
124 438
124 448
124 450
124 498
124 505
124 529
124 563
124 621
124 716
124 728
124 772
124 787
124 852
124 876
125 144
125 152
125 269
125 459
125 515
125 531
125 620
125 797
125 824
125 923
125 934
125 992
125 997
125 1002
126 129
126 136
126 199
126 241
126 242
126 289
126 326
126 334
126 387
126 505
126 564
126 591
126 629
126 633
126 652
126 658
126 665
126 699
126 727
126 755
126 794
126 797
126 803
126 828
126 932
126 937
127 131
127 154
127 206
127 214
127 268
127 292
127 295
127 327
127 342
127 343
127 367
127 393
127 505
127 525
127 539
127 646
127 726
127 834
127 892
127 902
127 906
127 966
128 156
128 167
128 188
128 197
128 206
128 228
128 235
128 272
128 321
128 338
128 377
128 379
128 382
128 415
128 431
128 499
128 502
128 504
128 533
128 675
128 782
128 785
128 874
128 996
128 999
129 208
129 369
129 398
129 519
129 574
129 693
129 769
129 792
129 977
129 983
130 155
130 229
130 264
130 370
130 403
130 446
130 447
130 515
130 529
130 726
130 749
131 138
131 257
131 268
131 296
131 304
131 603
131 665
131 902
131 1008
132 138
132 257
132 291
132 311
132 369
132 520
132 657
132 833
132 970
133 148
133 159
133 200
133 212
133 253
133 289
133 372
133 410
133 493
133 496
133 660
133 668
133 920
133 943
133 973
133 1004
134 145
134 205
134 609
134 663
134 697
134 831
134 848
134 889
134 954
135 205
135 267
135 328
135 391
135 430
135 559
135 623
135 710
135 742
135 808
135 839
135 844
136 152
136 159
136 167
136 174
136 177
136 214
136 217
136 319
136 323
136 326
136 373
136 421
136 480
136 625
136 681
136 761
136 841
136 993
136 1000
137 143
137 240
137 330
137 339
137 342
137 410
137 472
137 516
137 549
137 613
137 709
137 760
137 804
137 822
137 895
138 140
138 308
138 320
138 323
138 359
138 368
138 439
138 476
138 636
138 643
138 705
138 909
139 145
139 222
139 255
139 257
139 266
139 269
139 270
139 304
139 318
139 330
139 350
139 359
139 388
139 406
139 454
139 468
139 503
139 513
139 532
139 555
139 567
139 584
139 596
139 608
139 611
139 666
139 800
139 901
139 937
139 945
140 154
140 176
140 181
140 198
140 207
140 274
140 308
140 357
140 375
140 540
140 684
140 948
141 173
141 255
141 274
141 361
141 442
141 547
141 577
141 634
141 776
142 149
142 160
142 237
142 368
142 399
142 433
142 434
142 475
142 591
142 600
142 696
142 709
142 972
143 190
143 475
143 512
143 615
143 690
143 707
143 874
144 172
144 186
144 200
144 268
144 305
144 309
144 450
144 500
144 537
144 602
144 629
144 638
144 676
144 791
144 851
144 911
145 190
145 238
145 251
145 350
145 399
145 467
145 538
145 948
145 962
145 973
145 988
145 1006
146 157
146 294
146 321
146 335
146 665
147 157
147 158
147 163
147 167
147 173
147 177
147 201
147 230
147 238
147 243
147 284
147 293
147 303
147 313
147 315
147 322
147 400
147 445
147 479
147 487
147 532
147 551
147 594
147 598
147 635
147 674
147 696
147 765
147 816
147 885
147 937
147 970
148 182
148 195
148 202
148 243
148 256
148 265
148 293
148 320
148 330
148 343
148 351
148 354
148 380
148 381
148 421
148 432
148 495
148 506
148 527
148 629
148 631
148 663
148 695
148 732
148 734
148 756
148 779
148 780
148 799
148 801
148 811
148 869
148 947
148 961
148 964
148 977
149 300
149 340
149 377
149 383
149 624
149 989
150 200
150 524
150 548
150 602
150 619
150 630
150 874
150 926
151 239
151 242
151 349
151 406
151 467
151 469
151 533
151 565
151 627
151 640
151 750
151 766
151 768
151 807
151 884
151 916
151 961
151 998
152 157
152 225
152 245
152 272
152 321
152 402
152 416
152 455
152 474
152 475
152 499
152 506
152 532
152 556
152 599
152 624
152 639
152 654
152 659
152 763
152 813
152 969
152 984
152 1001
153 182
153 294
153 337
153 422
153 505
153 572
153 578
153 746
153 849
153 927
154 254
154 271
154 594
154 632
154 664
154 714
154 802
154 818
154 824
155 156
155 177
155 262
155 739
155 1017
156 166
156 198
156 222
156 230
156 232
156 242
156 265
156 301
156 383
156 409
156 436
156 479
156 512
156 535
156 660
156 695
156 773
156 900
156 958
157 172
157 186
157 205
157 233
157 247
157 260
157 295
157 313
157 351
157 432
157 448
157 502
157 523
157 544
157 664
157 863
157 873
157 885
157 915
157 971
158 235
158 252
158 283
158 359
158 462
158 520
158 524
158 655
158 665
158 672
158 684
158 705
158 740
158 746
158 879
158 897
158 961
159 177
159 197
159 220
159 257
159 347
159 379
159 518
159 528
159 532
159 696
159 792
159 904
159 1006
160 195
160 220
160 290
160 379
160 421
160 497
160 524
160 644
160 688
160 717
160 987
161 173
161 207
161 307
161 390
161 458
161 469
161 525
161 549
161 610
161 646
161 892
162 180
162 217
162 300
162 359
162 425
162 431
162 459
162 588
162 608
162 630
162 665
162 788
162 859
162 872
162 944
162 985
163 174
163 194
163 205
163 255
163 305
163 317
163 341
163 361
163 402
163 415
163 429
163 430
163 471
163 627
163 677
163 686
163 766
163 893
163 978
164 456
164 529
164 580
164 585
164 627
164 712
164 762
164 781
164 940
164 1009
165 188
165 197
165 227
165 318
165 403
165 467
166 241
166 277
166 462
166 476
166 511
166 531
166 792
167 177
167 344
167 404
167 451
167 456
167 514
167 650
167 681
167 793
167 806
167 852
167 959
167 998
168 222
168 242
168 574
168 588
168 697
168 851
168 938
169 173
169 188
169 203
169 265
169 266
169 331
169 336
169 358
169 362
169 412
169 490
169 515
169 708
169 753
169 840
169 873
169 1021
170 183
170 345
170 390
170 494
170 506
170 519
170 585
170 589
170 615
170 641
171 191
171 197
171 284
171 437
171 509
171 646
171 694
171 779
171 949
172 242
172 248
172 249
172 292
172 323
172 324
172 378
172 411
172 421
172 470
172 538
172 737
172 817
172 838
172 946
172 1018
173 177
173 198
173 227
173 230
173 277
173 360
173 379
173 387
173 416
173 425
173 619
173 635
173 761
173 950
173 969
174 190
174 198
174 206
174 207
174 236
174 256
174 277
174 333
174 531
174 549
174 587
174 607
174 630
174 654
174 894
174 951
174 989
175 184
175 188
175 250
175 257
175 321
175 338
175 400
175 492
175 494
175 574
175 662
175 692
176 213
176 240
176 251
176 399
176 669
176 870
177 322
177 389
177 722
177 812
177 960
178 179
178 209
178 212
178 263
178 281
178 333
178 342
178 352
178 368
178 400
178 448
178 455
178 458
178 597
178 791
179 227
179 338
179 397
179 413
179 529
179 537
179 554
179 696
179 779
179 1018
180 201
180 244
180 275
180 276
180 296
180 302
180 308
180 323
180 368
180 370
180 378
180 501
180 514
180 609
180 772
180 985
181 227
181 277
181 299
181 303
181 409
181 458
181 467
181 762
181 836
181 991
181 1000
182 236
182 250
182 258
182 288
182 299
182 314
182 376
182 395
182 469
183 187
183 209
183 328
183 405
183 510
183 635
183 684
183 946
183 1010
184 205
184 254
184 359
184 372
184 426
184 530
184 536
184 551
184 935
184 1023
185 220
185 231
185 278
185 279
185 314
185 365
185 373
185 376
185 381
185 424
185 483
185 495
185 505
185 516
185 619
185 641
185 645
185 668
185 720
185 777
185 831
185 880
185 936
185 958
185 974
186 199
186 322
186 325
186 434
186 512
186 524
186 621
186 642
186 702
186 707
187 248
187 271
187 275
187 309
187 330
187 365
187 404
187 417
187 526
187 595
187 739
187 994
188 245
188 477
188 530
188 610
188 745
188 837
188 1016
189 260
189 296
189 306
189 324
189 349
189 388
189 431
189 458
189 463
189 474
189 496
189 574
189 582
189 614
189 913
190 204
190 296
190 324
190 350
190 505
190 706
190 850
190 948
190 1000
191 237
191 337
191 380
191 495
191 503
191 560
191 638
191 880
192 220
192 233
192 254
192 255
192 354
192 409
192 444
192 581
192 618
192 643
192 660
192 736
192 746
192 855
193 221
193 304
193 311
193 385
193 395
193 406
193 407
193 428
193 565
193 575
193 605
193 666
193 706
193 723
193 791
193 858
193 928
193 955
193 994
194 278
194 300
194 352
194 416
194 438
194 446
194 466
194 780
194 788
194 986
194 1019
195 201
195 204
195 210
195 252
195 257
195 316
195 353
195 356
195 374
195 380
195 393
195 425
195 502
195 557
195 622
195 628
195 821
195 897
195 947
196 224
196 460
196 739
196 778
196 993
197 245
197 624
197 867
198 324
198 374
198 474
198 503
198 521
198 567
198 648
198 655
198 804
198 890
199 212
199 300
199 339
199 526
199 704
199 783
199 906
200 202
200 227
200 248
200 260
200 280
200 366
200 379
200 383
200 429
200 432
200 444
200 516
200 645
200 648
200 733
200 754
200 770
200 830
200 850
200 855
201 206
201 216
201 235
201 250
201 327
201 365
201 393
201 465
201 517
201 595
201 652
201 654
202 519
202 668
202 686
202 820
202 840
202 894
202 995
202 1012
203 208
203 289
203 317
203 333
203 389
203 395
203 396
203 443
203 512
203 523
203 580
203 601
203 683
203 772
203 822
203 942
203 987
204 280
204 294
204 486
204 542
204 754
205 229
205 237
205 418
205 536
205 615
205 677
205 836
206 215
206 230
206 238
206 242
206 243
206 272
206 387
206 406
206 434
206 705
206 976
206 1002
207 210
207 241
207 334
207 461
207 564
207 593
207 655
207 918
208 226
208 252
208 338
208 450
208 481
208 572
208 721
208 846
208 916
208 998
209 216
209 318
209 428
209 556
209 599
209 676
209 751
209 792
209 861
210 223
210 224
210 308
210 644
210 698
211 222
211 231
211 310
211 460
211 491
211 525
211 593
211 607
211 624
211 702
211 784
211 786
211 881
211 999
212 251
212 263
212 285
212 318
212 338
212 410
212 426
212 447
212 457
212 512
212 552
212 704
212 711
212 715
212 750
212 827
212 915
212 970
213 216
213 284
213 352
213 761
213 874
213 926
214 256
214 286
214 308
214 367
214 412
214 425
214 587
214 594
214 658
214 672
214 690
214 902
215 304
215 694
215 806
216 471
216 500
216 515
216 602
216 620
216 941
216 990
217 259
217 405
217 431
217 590
217 650
217 686
217 700
217 765
217 796
218 262
218 286
218 314
218 324
218 344
218 382
218 487
218 503
218 508
218 573
218 680
218 757
218 894
218 1020
219 222
219 579
219 678
219 839
219 884
219 893
220 349
220 385
220 405
220 486
220 592
220 726
220 990
221 225
221 310
221 347
221 391
221 426
221 449
221 458
221 556
221 612
221 613
221 631
221 814
221 955
221 978
222 321
222 360
222 388
222 417
222 446
222 464
222 521
222 577
222 692
222 994
223 296
223 299
223 314
223 334
223 340
223 413
223 428
223 706
223 785
223 865
223 877
224 247
224 330
224 362
224 521
224 652
224 683
224 1017
225 358
225 500
225 537
225 561
225 745
225 825
225 877
225 1005
226 394
226 470
226 633
227 553
227 588
227 864
227 899
227 990
228 237
228 242
228 250
228 253
228 259
228 275
228 414
228 485
228 563
228 662
228 671
228 824
228 996
228 1004
229 294
229 435
229 438
229 449
229 497
229 576
229 594
229 686
229 727
229 753
230 278
230 318
230 326
230 341
230 390
230 456
230 764
230 878
231 302
231 401
231 475
231 530
231 698
231 701
231 731
231 841
231 922
231 976
232 438
232 644
232 791
232 895
232 988
232 1000
233 308
233 335
233 400
233 442
233 451
233 584
233 705
233 953
233 1001
233 1011
234 302
234 328
234 337
234 554
234 673
234 676
234 761
234 767
234 797
234 853
234 869
235 362
235 510
235 721
235 811
235 934
235 1015
236 315
236 423
236 545
236 869
236 1004
237 284
237 911
237 961
238 246
238 247
238 468
238 489
238 550
238 667
238 776
238 864
238 882
238 985
239 299
239 363
239 369
239 372
239 468
239 561
239 724
240 243
240 318
240 347
240 388
240 560
240 650
240 933
241 292
241 312
241 323
241 373
241 411
241 510
241 601
241 629
241 716
242 249
242 259
242 271
242 348
242 394
242 419
242 434
242 487
242 511
242 627
242 741
242 913
243 313
243 371
243 543
243 570
243 880
243 887
244 307
244 355
244 617
244 664
244 762
244 765
244 796
244 802
244 858
245 280
245 367
245 373
245 395
245 408
245 443
245 444
245 488
245 595
245 610
245 624
245 653
245 693
245 718
245 735
245 764
245 825
246 316
246 555
246 574
246 653
246 750
247 322
247 416
247 489
247 706
247 966
248 261
248 317
248 530
248 558
248 718
248 735
248 839
248 871
249 276
249 286
249 420
249 566
249 611
249 619
249 716
249 778
249 803
249 804
249 934
250 255
250 337
250 410
250 420
250 465
250 510
250 612
250 638
250 704
250 785
251 410
251 447
251 638
251 658
251 877
251 910
252 431
252 434
252 536
252 755
252 856
252 921
253 966
254 345
254 404
254 413
254 457
254 667
254 675
254 734
254 995
254 997
255 380
255 489
255 498
255 590
255 737
255 898
255 961
256 283
256 532
257 270
257 818
258 298
258 475
258 687
258 893
258 975
258 993
259 286
259 303
259 335
259 350
259 565
259 602
259 645
259 660
259 739
259 790
260 298
260 302
260 354
260 427
260 528
260 673
260 904
260 976
261 312
261 316
261 374
261 396
261 715
261 716
261 779
261 878
261 935
261 951
261 952
261 980
262 265
262 307
262 351
262 392
262 398
262 407
262 416
262 435
262 541
262 618
262 827
262 863
262 953
263 264
263 323
263 531
263 602
263 891
263 914
263 928
263 937
264 268
264 392
264 684
264 931
264 965
264 1010
265 462
265 480
265 496
265 520
265 606
265 798
265 820
265 835
266 282
266 320
266 328
266 355
266 492
266 499
266 552
266 615
266 656
266 789
266 888
266 944
266 1004
266 1018
266 1020
267 270
267 386
267 449
267 452
267 489
267 600
267 658
267 661
267 882
267 992
268 301
268 321
268 578
268 830
269 280
269 319
269 368
269 474
269 486
269 538
269 659
269 666
269 682
269 760
269 842
269 854
270 287
270 292
270 295
270 323
270 567
270 657
270 672
270 785
270 962
271 273
271 367
271 384
271 425
271 430
271 494
271 495
271 708
271 868
271 935
271 945
272 354
272 614
272 753
272 786
272 916
272 1020
273 300
273 365
273 436
273 621
273 772
274 373
274 382
274 388
274 540
274 541
274 606
274 910
275 315
275 523
275 690
275 873
275 909
275 999
276 288
276 374
276 378
276 413
276 568
276 591
276 689
276 691
276 693
277 403
277 473
277 555
277 695
277 809
277 847
277 913
278 387
278 443
278 627
278 632
278 691
278 720
278 842
279 318
279 326
279 378
279 388
279 394
279 441
279 465
279 468
279 606
279 633
279 675
279 709
279 775
279 817
279 907
279 938
279 1020
280 387
280 468
280 500
280 520
280 631
280 648
280 774
280 855
280 925
281 749
281 783
282 356
282 359
282 617
282 714
283 473
283 487
283 522
283 812
283 983
284 456
284 556
284 592
284 594
285 414
285 416
285 503
285 523
285 546
285 599
285 611
285 704
285 740
285 752
285 887
285 912
285 927
285 1008
286 301
286 489
286 559
286 640
286 648
287 364
287 513
287 545
287 815
287 965
288 387
288 436
288 483
288 515
289 339
289 375
289 441
289 536
289 728
289 731
289 867
290 693
290 780
290 948
290 963
290 992
291 430
291 476
291 481
291 510
291 568
291 681
291 926
291 963
292 313
292 331
292 411
292 412
292 428
292 536
292 634
292 678
292 732
292 842
292 859
292 949
293 342
293 487
293 597
293 664
293 755
293 934
293 983
294 364
294 372
294 472
294 493
294 509
294 906
294 1012
295 429
295 805
295 881
295 884
295 886
295 954
295 999
295 1005
296 337
296 404
296 427
296 606
296 636
296 712
296 731
296 741
296 888
296 1013
297 314
297 429
297 476
297 480
297 537
297 543
297 598
297 603
297 640
297 700
297 724
297 886
297 974
297 994
298 339
298 397
298 469
298 560
298 674
299 344
299 427
299 652
299 884
300 432
300 492
300 710
300 751
300 802
300 834
300 992
300 1001
301 395
301 424
301 508
301 577
301 788
301 859
301 878
302 440
302 443
302 504
302 605
302 607
302 709
302 738
302 789
302 987
303 385
303 435
303 582
303 779
303 834
303 846
303 958
303 1008
304 341
304 349
304 455
304 483
304 555
304 786
305 309
305 368
305 476
305 858
305 889
305 977
306 516
306 607
306 660
306 828
306 933
307 357
307 379
307 433
307 649
307 906
308 350
308 373
308 399
308 913
308 931
308 983
309 316
309 403
309 408
309 470
309 609
309 694
309 715
309 744
310 325
310 374
310 409
310 469
310 637
310 738
310 740
310 914
310 976
310 1015
311 447
311 594
311 622
311 670
312 333
312 360
312 371
312 419
312 457
312 535
312 621
312 639
312 642
312 863
312 913
312 932
313 384
313 390
313 521
313 626
313 638
313 674
313 725
313 764
313 809
313 864
314 378
314 435
314 490
314 511
314 531
314 656
314 735
314 738
314 752
315 402
315 525
315 809
315 1017
316 414
316 541
316 553
316 629
316 663
316 699
317 485
317 563
317 918
318 464
318 614
318 739
318 786
318 951
319 324
319 564
319 616
319 765
319 858
319 956
320 345
320 362
320 479
320 493
320 540
320 545
320 580
320 775
320 860
320 924
320 991
321 527
321 859
321 942
322 417
322 490
322 710
322 794
322 892
323 540
323 579
323 642
323 980
324 520
324 727
324 944
325 472
325 473
325 603
325 604
325 771
325 824
325 869
326 420
326 678
326 722
326 843
326 1015
327 651
327 679
327 800
328 343
328 507
328 685
328 790
328 988
329 346
329 429
329 442
329 551
329 570
329 809
329 836
329 972
329 1009
330 413
330 420
330 549
330 576
330 662
330 1005
330 1013
331 332
331 334
331 340
331 388
331 440
331 557
331 795
331 868
331 949
331 987
332 495
332 769
332 944
333 434
333 522
333 542
333 708
333 757
333 760
333 766
333 770
333 913
333 933
334 361
334 378
334 576
334 708
334 881
334 914
335 375
335 770
335 805
335 855
335 1012
335 1016
336 494
336 639
336 677
336 999
336 1010
337 413
337 414
337 572
337 692
337 741
337 906
337 924
338 407
338 460
338 604
338 662
338 730
338 803
338 947
338 1005
339 383
339 473
339 502
339 568
339 597
339 646
339 688
339 767
339 788
339 798
339 867
340 377
340 437
340 561
340 569
340 621
340 734
340 789
340 961
341 375
341 377
341 423
341 453
341 568
341 599
341 632
341 676
341 958
341 968
342 352
342 389
342 718
342 758
342 774
342 826
342 900
342 1004
343 364
343 385
343 496
343 512
343 522
343 533
343 743
343 908
343 915
343 981
343 1003
343 1021
344 491
344 522
344 592
344 775
344 883
345 428
345 472
345 484
345 516
345 565
345 581
345 719
345 804
345 810
345 897
346 413
346 573
346 999
346 1001
347 397
347 458
347 771
347 937
348 371
348 496
348 532
348 608
348 628
350 543
350 554
350 700
350 774
351 407
351 816
351 932
352 354
352 391
352 510
352 591
352 760
352 885
352 896
352 987
352 1003
352 1017
353 644
353 808
354 445
354 690
354 697
354 777
354 960
354 971
354 1011
355 445
355 477
355 500
355 664
355 846
355 936
355 980
355 1006
356 382
356 475
356 610
356 672
356 707
356 909
357 436
357 558
357 574
357 579
357 889
358 484
358 489
358 504
358 579
358 609
358 836
358 858
358 872
358 890
359 385
359 405
359 446
359 592
359 614
359 695
359 729
359 746
359 776
359 790
359 897
360 409
360 410
360 473
360 500
360 829
360 849
360 855
360 996
361 420
361 506
361 651
361 866
361 930
361 1015
362 377
362 391
362 397
362 497
362 516
362 582
362 647
362 675
362 857
362 1003
363 383
363 434
363 436
363 452
363 453
363 466
363 556
363 569
363 584
363 628
363 655
363 683
363 730
363 738
363 850
363 896
364 383
364 399
364 585
364 878
364 945
365 642
366 414
366 560
366 728
366 789
366 804
366 907
367 417
367 487
368 449
369 409
369 463
369 653
369 659
369 695
369 804
369 891
369 910
369 962
370 389
370 459
370 542
370 606
370 624
370 626
370 692
370 696
370 701
370 885
370 935
371 464
371 630
371 695
371 856
372 428
372 597
373 380
373 444
373 456
373 574
373 620
373 838
373 860
374 517
374 558
375 504
375 523
375 790
375 812
375 879
375 926
375 964
376 462
376 464
376 586
376 650
376 688
376 1022
377 443
377 468
377 759
377 768
377 804
377 881
378 755
378 774
378 943
379 432
379 549
379 964
380 566
380 668
380 721
380 799
380 821
380 926
380 995
381 588
381 674
381 781
381 993
381 1016
382 442
382 465
382 565
382 681
382 860
382 935
383 392
383 552
383 630
383 732
383 943
384 448
384 679
385 404
385 451
385 554
385 718
385 780
385 947
385 981
386 456
386 663
386 754
386 995
386 1022
387 437
387 511
387 531
387 673
387 711
387 759
387 805
387 858
387 957
387 1012
388 467
388 481
388 506
388 507
388 508
388 738
388 741
388 776
388 1000
388 1007
389 514
389 604
390 438
390 443
390 445
390 534
390 553
390 567
390 649
390 667
390 681
390 726
390 739
390 802
390 839
390 879
390 884
390 897
391 402
391 647
391 656
391 796
391 812
392 437
393 400
393 539
393 650
393 664
394 413
394 648
394 669
394 714
394 814
395 693
395 722
395 808
396 412
396 427
396 628
396 716
396 827
396 876
397 507
397 550
397 909
398 404
398 463
398 527
398 754
398 758
398 810
398 997
399 559
399 570
399 957
400 511
400 541
400 571
400 621
400 744
400 821
401 412
401 789
401 896
401 934
401 1023
402 420
402 752
402 903
402 927
403 459
403 681
403 809
403 866
403 1014
403 1015
404 456
404 461
404 553
404 759
404 793
405 485
405 588
405 766
405 848
405 970
406 596
406 866
407 427
407 443
407 453
407 488
407 590
407 757
407 813
408 422
408 728
408 733
409 431
409 489
409 646
409 782
409 861
409 866
409 896
409 940
409 942
409 961
409 1005
410 505
410 520
410 532
410 594
410 750
410 846
410 971
411 415
411 444
411 929
412 537
412 589
412 886
413 478
413 639
413 650
414 435
414 490
414 558
414 690
414 697
414 818
414 826
414 848
414 878
415 514
415 595
415 830
416 507
416 513
416 526
416 706
416 734
417 606
417 711
417 903
418 523
418 734
418 852
418 897
419 471
419 504
419 602
419 825
419 873
420 626
420 684
420 750
420 910
421 438
421 483
421 865
421 888
422 431
422 480
422 499
422 699
422 740
422 807
422 822
422 861
422 881
422 905
422 922
425 477
425 493
425 639
425 785
425 870
425 980
426 479
426 534
426 578
426 631
426 742
426 765
426 918
427 617
427 669
427 840
427 897
428 475
429 449
431 438
431 445
431 550
431 572
431 788
431 923
431 980
431 1021
432 441
432 454
433 504
433 573
433 595
433 803
433 871
433 974
434 689
435 504
435 521
435 795
435 805
435 815
435 824
435 837
435 983
436 440
436 459
436 775
436 777
437 506
437 589
437 726
437 733
437 747
438 777
439 531
439 618
439 714
439 721
439 870
440 560
441 479
441 492
441 539
441 655
441 743
441 839
442 444
442 518
442 614
442 724
442 807
442 969
443 585
443 588
443 654
443 717
443 1001
444 482
444 620
444 828
444 859
445 911
445 979
446 693
446 732
446 779
446 939
447 530
447 610
447 664
447 875
447 944
447 970
448 958
449 546
449 610
449 792
449 839
449 878
450 568
450 622
450 674
450 676
450 947
451 995
452 481
452 507
452 573
452 780
452 836
452 837
453 551
453 560
453 601
453 707
453 773
454 481
454 491
454 555
454 582
454 583
454 592
454 629
454 659
454 737
454 756
454 995
456 460
456 924
456 1011
457 843
458 706
458 747
458 823
458 973
459 477
459 564
459 650
459 678
459 781
459 792
459 837
459 966
459 1013
460 605
460 821
460 901
461 564
461 874
462 694
462 713
462 947
463 483
463 635
463 703
464 567
464 633
464 944
465 522
465 598
465 913
465 976
466 487
466 612
466 638
466 830
466 833
466 917
466 929
467 483
467 500
467 659
467 705
467 777
467 873
467 950
468 485
468 501
468 865
468 908
468 991
469 536
469 544
470 478
470 762
470 791
470 798
470 919
471 650
471 871
472 820
473 546
473 616
473 762
473 848
473 883
473 938
474 606
474 686
474 707
474 713
474 731
474 768
475 665
475 764
475 869
475 914
475 947
476 484
476 486
476 553
476 583
476 853
476 859
478 492
478 497
478 539
478 793
478 847
478 888
478 928
478 1003
479 649
480 499
480 533
480 617
480 748
480 862
480 879
481 714
481 747
481 856
481 905
481 989
482 599
482 800
483 499
483 531
484 542
484 603
484 757
484 784
484 886
485 560
485 651
485 656
486 887
486 903
487 493
487 702
487 884
487 992
488 680
488 682
489 601
489 642
489 649
489 674
489 724
489 757
489 769
489 797
489 829
489 840
489 860
489 938
490 506
490 641
490 838
490 973
491 576
491 600
491 756
491 925
492 507
492 628
493 497
493 729
493 859
493 913
494 509
494 754
494 774
494 953
495 519
495 524
496 745
496 804
496 900
497 673
497 739
497 764
497 853
497 890
498 633
498 737
499 572
499 599
499 698
500 621
500 657
500 1019
501 587
501 699
501 764
501 825
501 844
502 666
502 824
503 618
504 702
504 813
504 889
504 925
504 949
505 829
505 958
506 533
506 535
506 648
506 693
506 950
507 517
507 580
507 586
507 636
507 784
508 722
508 933
509 826
510 661
510 690
510 767
510 775
510 904
511 706
511 1012
512 528
512 546
512 752
513 563
513 621
513 706
513 747
513 776
513 898
513 929
514 563
514 586
514 894
514 947
515 608
515 659
515 759
515 910
516 576
516 638
516 655
516 936
516 985
517 562
517 577
517 597
517 689
517 724
517 780
518 575
518 774
518 823
518 881
518 969
518 1013
519 744
520 526
520 677
521 680
521 747
521 763
522 588
522 655
522 995
522 998
523 545
523 546
523 566
523 623
523 735
523 766
523 816
523 899
523 908
523 1012
524 563
524 633
524 656
524 750
525 536
525 564
525 796
525 809
525 842
525 845
525 875
525 885
525 892
526 566
526 686
527 709
527 809
527 907
527 979
529 595
529 613
529 753
530 698
530 952
531 541
531 616
531 827
531 904
532 613
532 797
532 936
532 953
533 588
533 675
533 682
535 540
535 569
535 827
535 843
536 611
536 675
536 706
536 744
536 876
536 877
537 848
537 907
538 648
538 656
538 749
538 868
538 967
539 658
540 697
540 701
540 780
540 855
540 910
541 597
541 678
541 830
541 860
541 959
543 673
544 957
545 960
546 615
546 696
546 808
546 864
546 940
546 951
546 970
547 600
547 768
547 829
548 574
548 800
548 813
548 837
548 863
548 901
548 933
548 969
549 626
549 678
550 557
550 581
550 615
550 798
550 851
550 890
550 938
550 978
552 1001
553 630
553 645
553 730
553 908
553 928
554 662
554 853
555 904
556 854
558 667
558 771
559 622
560 574
560 631
560 687
560 770
560 777
561 566
561 637
561 855
561 937
562 737
562 742
562 806
563 619
563 730
563 788
564 599
564 618
564 626
564 654
564 794
564 799
564 899
565 616
565 658
565 742
565 804
565 861
565 942
565 957
565 968
566 661
567 835
567 911
568 626
568 742
568 881
569 814
569 941
570 704
570 722
571 846
572 769
573 598
573 845
574 755
574 944
575 577
575 593
575 667
575 670
575 712
575 806
575 870
575 878
575 900
575 949
576 850
577 806
578 696
579 604
579 610
579 685
579 832
579 868
580 931
580 1009
581 768
581 852
582 740
582 820
583 694
583 1005
584 756
585 661
585 672
586 707
586 754
586 824
586 1003
588 638
588 702
588 723
588 803
588 827
588 843
588 932
588 943
588 977
589 714
589 926
591 614
591 731
591 818
592 997
593 612
593 624
593 651
593 839
594 748
594 819
594 873
594 909
596 605
596 613
596 775
596 945
597 719
597 918
600 622
600 934
601 731
601 816
601 893
602 715
603 604
603 718
604 765
604 871
604 917
605 668
605 774
605 832
606 784
606 793
606 972
606 1020
607 920
607 922
608 629
608 631
608 683
608 740
608 757
608 879
609 656
609 715
609 821
609 939
609 994
610 723
611 746
612 733
613 656
613 806
614 633
614 759
615 754
615 845
616 869
617 645
617 841
618 619
618 632
618 703
618 862
618 901
619 725
619 736
619 1008
620 661
620 703
621 640
621 708
621 725
621 767
621 921
621 981
622 630
622 653
622 678
622 723
622 854
623 795
624 681
624 730
624 933
625 880
625 917
626 669
626 707
626 815
626 1001
627 637
627 970
628 814
628 906
630 635
631 766
631 800
631 818
632 657
632 672
633 948
634 728
635 773
635 857
635 868
635 884
636 638
636 821
636 852
636 913
636 965
636 977
637 872
639 684
639 752
639 919
639 982
640 702
640 721
640 783
641 759
642 651
642 911
643 761
643 843
643 893
644 672
644 898
646 936
648 694
648 772
648 981
649 738
649 758
649 828
652 703
653 698
653 880
654 712
654 716
655 792
655 844
655 848
656 710
656 713
656 715
656 760
656 795
656 821
656 823
656 957
657 714
657 744
657 925
657 948
660 671
660 679
660 735
660 916
661 715
661 925
662 829
663 810
663 1018
664 680
664 702
664 733
665 923
666 761
666 782
666 826
667 708
667 771
667 978
668 842
668 906
668 955
668 996
669 751
669 883
670 803
670 833
670 845
670 927
670 936
671 860
672 771
672 812
672 828
672 974
672 1023
673 760
673 905
675 815
675 823
675 836
675 916
675 994
676 732
676 815
677 898
678 714
679 695
679 716
679 968
680 682
680 709
680 777
680 802
680 806
680 813
680 915
680 966
681 742
682 905
682 960
682 1017
683 714
683 854
683 875
686 928
687 717
687 879
689 978
690 774
691 723
691 894
691 898
691 902
692 711
694 1014
695 704
695 776
695 791
696 790
697 900
700 703
700 720
700 724
700 807
700 837
700 898
701 972
701 1000
702 895
702 993
702 1010
703 971
704 906
705 987
707 849
707 899
708 760
708 966
709 883
709 906
709 939
710 816
710 974
711 756
711 802
712 907
713 908
714 720
714 751
714 834
715 737
715 953
716 1018
717 746
717 901
718 799
718 902
719 838
721 766
721 951
722 751
722 823
722 828
722 883
722 990
723 949
723 1003
726 812
726 834
727 729
727 754
727 915
727 964
727 980
729 758
729 814
729 922
729 950
730 860
731 980
732 786
732 857
732 979
734 779
734 783
734 810
734 865
734 876
734 887
734 964
738 783
738 927
738 979
739 782
739 801
741 747
741 901
741 915
741 954
741 1021
742 945
742 947
742 992
742 1018
744 745
744 958
745 850
745 946
745 1018
746 771
746 863
746 909
746 919
748 758
749 753
749 826
749 885
751 762
751 928
751 946
751 980
753 756
753 900
753 942
754 767
754 872
755 847
755 866
755 981
757 922
758 956
758 978
758 1005
758 1006
759 875
759 941
759 998
760 797
760 899
760 1015
762 768
762 912
763 989
764 908
765 969
766 787
766 816
766 827
766 835
766 1002
766 1020
767 807
767 879
767 985
768 824
768 867
768 871
769 982
770 924
770 929
770 1001
771 955
772 808
775 794
775 832
775 904
776 859
777 813
778 811
778 986
780 818
780 873
780 929
780 946
781 831
781 957
782 783
782 790
783 988
784 805
784 812
786 788
786 856
786 969
787 996
788 997
792 955
793 830
793 952
793 1016
793 1019
794 888
796 807
797 862
798 1013
799 997
800 850
800 863
802 912
802 1015
803 819
803 845
803 1012
804 864
804 973
805 967
806 850
806 958
806 971
807 845
809 904
809 943
809 985
810 926
810 971
811 839
815 825
815 831
817 832
818 937
821 993
822 890
822 916
822 996
825 896
826 975
827 872
828 860
831 876
831 881
833 999
835 899
837 845
837 1007
838 988
840 889
840 912
840 957
841 911
841 983
843 964
844 982
845 1011
846 870
846 874
846 902
847 950
849 968
850 1004
851 909
854 870
854 930
854 959
855 919
855 1023
856 884
856 917
856 923
857 921
858 935
859 963
861 930
865 892
865 933
868 918
873 896
874 968
874 991
876 884
877 903
877 1002
879 954
880 919
882 967
887 976
888 971
889 912
890 978
891 892
891 998
896 1002
898 979
899 901
899 943
899 1007
903 978
904 942
907 918
907 962
907 982
908 985
915 933
915 959
922 927
931 986
934 951
934 1009
934 1010
941 967
942 953
943 972
944 1003
946 991
947 967
947 1022
949 1022
951 1020
952 1004
952 1017
954 1007
957 1015
964 972
965 986
967 976
973 978
973 1020
980 984
985 987
989 1016
991 1018
999 1007
1007 1014
