0 10
0 12
0 13
0 16
0 17
0 19
0 22
0 24
0 27
0 28
0 30
0 32
0 38
0 45
0 55
0 60
0 63
0 67
0 74
0 75
0 86
0 87
0 89
0 91
0 95
0 96
0 98
0 99
0 104
0 126
0 143
0 148
0 157
0 160
0 174
0 175
0 187
0 189
0 207
0 209
0 231
0 238
0 240
0 241
0 251
0 253
0 256
0 259
0 264
0 278
0 304
0 311
0 314
0 317
0 331
0 341
0 344
0 358
0 359
0 384
0 421
0 446
0 448
0 473
0 486
0 488
0 490
0 509
0 523
0 545
0 568
0 590
0 701
0 705
0 741
0 772
0 786
0 794
0 815
0 817
0 822
0 839
0 852
0 872
0 886
0 895
0 921
0 922
0 949
0 968
0 1021
0 1022
1 10
1 11
1 12
1 16
1 18
1 20
1 30
1 31
1 34
1 35
1 39
1 48
1 53
1 55
1 58
1 62
1 65
1 70
1 77
1 83
1 108
1 117
1 121
1 129
1 154
1 176
1 202
1 258
1 274
1 295
1 314
1 329
1 352
1 362
1 509
1 518
1 524
1 545
1 550
1 584
1 591
1 601
1 717
1 718
1 727
1 731
1 747
1 761
1 770
1 812
1 823
1 846
1 871
1 882
1 896
1 920
1 941
1 1006
2 12
2 14
2 15
2 22
2 26
2 37
2 40
2 42
2 43
2 44
2 45
2 53
2 60
2 65
2 75
2 92
2 95
2 97
2 98
2 127
2 133
2 147
2 158
2 162
2 180
2 185
2 189
2 197
2 215
2 219
2 249
2 251
2 287
2 315
2 320
2 323
2 324
2 326
2 357
2 374
2 384
2 386
2 456
2 460
2 503
2 517
2 520
2 529
2 546
2 552
2 603
2 615
2 625
2 670
2 671
2 683
2 684
2 736
2 744
2 826
2 829
2 843
2 930
2 937
3 11
3 13
3 14
3 15
3 16
3 19
3 27
3 28
3 30
3 31
3 36
3 48
3 49
3 50
3 52
3 61
3 67
3 71
3 94
3 101
3 132
3 133
3 137
3 141
3 148
3 168
3 175
3 178
3 194
3 211
3 225
3 232
3 249
3 267
3 275
3 298
3 300
3 317
3 330
3 331
3 342
3 350
3 391
3 396
3 401
3 409
3 425
3 447
3 458
3 466
3 552
3 563
3 571
3 578
3 582
3 602
3 617
3 637
3 678
3 679
3 691
3 693
3 705
3 718
3 719
3 745
3 775
3 778
3 829
3 844
3 853
3 863
3 873
3 875
3 883
3 923
3 926
3 946
3 951
3 956
3 967
3 992
4 10
4 11
4 87
4 249
4 287
4 655
4 725
4 834
4 862
5 11
5 13
5 15
5 18
5 25
5 26
5 32
5 41
5 97
5 108
5 121
5 160
5 162
5 166
5 182
5 269
5 329
5 352
5 369
5 510
5 565
5 680
5 725
5 781
5 886
5 966
5 974
5 994
6 10
6 11
6 13
6 24
6 26
6 29
6 32
6 35
6 37
6 46
6 47
6 48
6 54
6 60
6 68
6 69
6 74
6 100
6 115
6 135
6 139
6 161
6 164
6 194
6 258
6 288
6 294
6 332
6 433
6 439
6 445
6 474
6 554
6 557
6 558
6 579
6 605
6 610
6 640
6 683
6 701
6 707
6 806
6 829
6 833
6 982
6 986
6 1021
7 10
7 11
7 13
7 14
7 15
7 17
7 25
7 33
7 35
7 37
7 39
7 40
7 62
7 76
7 77
7 98
7 99
7 113
7 121
7 126
7 127
7 155
7 162
7 164
7 192
7 295
7 307
7 338
7 386
7 393
7 402
7 404
7 416
7 418
7 438
7 474
7 476
7 491
7 519
7 546
7 548
7 587
7 591
7 598
7 662
7 670
7 677
7 686
7 688
7 715
7 719
7 752
7 771
7 778
7 816
7 821
7 917
7 920
7 960
7 979
8 10
8 11
8 12
8 13
8 14
8 19
8 20
8 22
8 25
8 28
8 35
8 45
8 46
8 57
8 70
8 75
8 101
8 108
8 111
8 145
8 146
8 163
8 177
8 185
8 194
8 199
8 210
8 325
8 333
8 336
8 402
8 420
8 470
8 491
8 504
8 526
8 541
8 544
8 600
8 613
8 653
8 654
8 666
8 670
8 676
8 685
8 689
8 698
8 729
8 900
8 954
8 962
8 970
8 973
9 10
9 12
9 14
9 20
9 28
9 33
9 73
9 106
9 150
9 234
9 240
9 264
9 285
9 305
9 355
9 373
9 384
9 415
9 487
9 516
9 627
9 699
10 11
10 12
10 13
10 14
10 16
10 17
10 19
10 20
10 21
10 25
10 27
10 28
10 29
10 34
10 37
10 38
10 40
10 41
10 48
10 49
10 52
10 56
10 64
10 67
10 70
10 72
10 76
10 83
10 85
10 93
10 95
10 96
10 99
10 103
10 107
10 109
10 120
10 123
10 126
10 129
10 136
10 137
10 140
10 145
10 146
10 147
10 148
10 157
10 161
10 162
10 168
10 172
10 176
10 179
10 181
10 183
10 187
10 189
10 197
10 206
10 222
10 223
10 229
10 237
10 243
10 262
10 264
10 266
10 269
10 274
10 290
10 298
10 312
10 317
10 320
10 325
10 335
10 336
10 340
10 346
10 347
10 351
10 353
10 363
10 364
10 367
10 381
10 387
10 393
10 406
10 410
10 415
10 419
10 420
10 423
10 427
10 441
10 451
10 453
10 474
10 491
10 493
10 498
10 508
10 515
10 517
10 527
10 543
10 548
10 553
10 586
10 600
10 602
10 616
10 618
10 640
10 641
10 648
10 670
10 683
10 691
10 699
10 705
10 709
10 722
10 726
10 731
10 751
10 753
10 779
10 781
10 782
10 783
10 841
10 844
10 855
10 857
10 868
10 871
10 902
10 904
10 930
10 945
10 952
10 1007
11 12
11 13
11 14
11 15
11 16
11 17
11 18
11 19
11 20
11 23
11 26
11 30
11 32
11 33
11 36
11 37
11 38
11 43
11 47
11 48
11 51
11 52
11 53
11 54
11 55
11 62
11 65
11 66
11 67
11 69
11 73
11 76
11 80
11 82
11 86
11 95
11 100
11 107
11 110
11 112
11 115
11 120
11 129
11 133
11 135
11 144
11 145
11 146
11 149
11 159
11 160
11 167
11 199
11 200
11 207
11 212
11 215
11 226
11 227
11 228
11 233
11 250
11 261
11 267
11 273
11 276
11 281
11 285
11 310
11 314
11 329
11 331
11 332
11 341
11 353
11 354
11 369
11 380
11 388
11 389
11 403
11 437
11 438
11 446
11 465
11 482
11 485
11 497
11 501
11 513
11 530
11 535
11 536
11 550
11 591
11 598
11 601
11 624
11 662
11 675
11 682
11 689
11 692
11 694
11 696
11 701
11 709
11 729
11 750
11 781
11 784
11 795
11 820
11 849
11 864
11 885
11 888
11 898
11 912
11 914
11 927
11 928
11 940
11 972
11 973
11 975
11 990
11 1010
12 13
12 14
12 16
12 17
12 20
12 21
12 23
12 24
12 27
12 28
12 35
12 36
12 42
12 47
12 48
12 52
12 60
12 61
12 68
12 69
12 72
12 74
12 79
12 81
12 91
12 92
12 94
12 95
12 97
12 114
12 116
12 123
12 135
12 138
12 143
12 144
12 161
12 165
12 175
12 178
12 180
12 184
12 185
12 191
12 200
12 202
12 214
12 222
12 228
12 242
12 245
12 249
12 259
12 270
12 275
12 290
12 291
12 301
12 319
12 329
12 345
12 364
12 369
12 370
12 385
12 418
12 426
12 457
12 460
12 501
12 541
12 550
12 552
12 555
12 603
12 611
12 618
12 623
12 633
12 634
12 653
12 700
12 711
12 732
12 776
12 778
12 784
12 787
12 800
12 814
12 825
12 850
12 861
12 890
12 902
12 907
12 914
12 940
12 985
12 989
12 1000
12 1004
13 15
13 16
13 17
13 19
13 25
13 26
13 29
13 32
13 33
13 34
13 38
13 49
13 50
13 55
13 58
13 75
13 78
13 80
13 81
13 91
13 101
13 107
13 108
13 113
13 114
13 118
13 120
13 122
13 127
13 131
13 133
13 144
13 169
13 170
13 189
13 193
13 203
13 209
13 213
13 219
13 220
13 224
13 225
13 227
13 230
13 253
13 254
13 269
13 278
13 280
13 281
13 286
13 297
13 306
13 321
13 326
13 331
13 335
13 352
13 367
13 388
13 395
13 396
13 403
13 424
13 450
13 454
13 470
13 480
13 481
13 490
13 496
13 525
13 530
13 542
13 548
13 566
13 579
13 586
13 587
13 596
13 605
13 606
13 611
13 627
13 633
13 637
13 640
13 646
13 647
13 692
13 694
13 697
13 698
13 703
13 722
13 747
13 751
13 767
13 808
13 924
13 931
13 932
13 936
13 943
13 962
13 1000
14 15
14 16
14 17
14 18
14 21
14 23
14 25
14 31
14 32
14 33
14 39
14 40
14 41
14 43
14 54
14 56
14 57
14 58
14 65
14 71
14 81
14 85
14 92
14 94
14 97
14 98
14 109
14 119
14 125
14 127
14 146
14 147
14 150
14 160
14 166
14 168
14 171
14 179
14 184
14 203
14 208
14 211
14 227
14 230
14 236
14 243
14 250
14 267
14 270
14 277
14 297
14 299
14 312
14 318
14 327
14 337
14 346
14 351
14 356
14 367
14 368
14 371
14 388
14 433
14 440
14 455
14 476
14 496
14 521
14 533
14 535
14 564
14 576
14 594
14 621
14 645
14 678
14 680
14 700
14 731
14 732
14 749
14 778
14 791
14 803
14 806
14 870
14 895
14 905
14 924
14 972
14 981
14 996
15 17
15 18
15 21
15 27
15 31
15 36
15 40
15 41
15 43
15 44
15 49
15 50
15 51
15 52
15 53
15 57
15 60
15 64
15 71
15 80
15 83
15 90
15 91
15 95
15 104
15 105
15 109
15 124
15 128
15 144
15 148
15 153
15 165
15 191
15 193
15 197
15 203
15 205
15 206
15 210
15 224
15 239
15 244
15 257
15 276
15 291
15 293
15 305
15 326
15 327
15 329
15 342
15 348
15 357
15 390
15 399
15 423
15 451
15 461
15 465
15 518
15 528
15 565
15 566
15 586
15 620
15 640
15 642
15 647
15 671
15 708
15 711
15 720
15 754
15 811
15 833
15 870
15 883
15 893
15 898
15 905
15 941
15 949
15 956
15 986
15 987
15 990
15 1017
16 17
16 23
16 24
16 25
16 27
16 30
16 56
16 58
16 73
16 75
16 79
16 84
16 85
16 103
16 106
16 127
16 129
16 173
16 176
16 178
16 181
16 185
16 214
16 217
16 232
16 234
16 247
16 252
16 289
16 321
16 361
16 392
16 441
16 447
16 483
16 538
16 539
16 562
16 568
16 582
16 616
16 634
16 636
16 642
16 712
16 727
16 787
16 789
16 839
16 863
16 871
16 907
16 967
16 998
16 1005
16 1020
17 20
17 23
17 26
17 31
17 33
17 34
17 35
17 37
17 39
17 42
17 46
17 47
17 53
17 54
17 57
17 63
17 67
17 72
17 82
17 84
17 88
17 101
17 102
17 111
17 156
17 174
17 250
17 303
17 319
17 343
17 345
17 398
17 416
17 436
17 455
17 462
17 474
17 482
17 486
17 493
17 497
17 511
17 532
17 533
17 541
17 560
17 615
17 635
17 637
17 643
17 675
17 686
17 697
17 790
17 821
17 838
17 877
17 901
17 908
17 984
18 20
18 21
18 24
18 28
18 29
18 36
18 37
18 42
18 46
18 50
18 51
18 54
18 71
18 79
18 98
18 110
18 112
18 128
18 134
18 140
18 141
18 170
18 172
18 184
18 190
18 211
18 239
18 244
18 258
18 265
18 291
18 300
18 339
18 366
18 380
18 396
18 398
18 415
18 417
18 422
18 475
18 491
18 516
18 557
18 596
18 685
18 701
18 742
18 752
18 765
18 816
18 847
18 895
18 934
18 942
18 945
18 994
18 1023
19 21
19 22
19 23
19 27
19 29
19 31
19 43
19 44
19 45
19 51
19 52
19 55
19 63
19 68
19 69
19 71
19 83
19 85
19 90
19 95
19 106
19 109
19 112
19 114
19 115
19 122
19 130
19 135
19 143
19 157
19 186
19 191
19 193
19 195
19 199
19 200
19 212
19 216
19 261
19 263
19 284
19 294
19 296
19 299
19 311
19 322
19 334
19 343
19 360
19 365
19 381
19 407
19 413
19 422
19 478
19 502
19 516
19 536
19 558
19 579
19 608
19 672
19 757
19 782
19 800
19 817
19 831
19 838
19 840
19 841
19 853
19 1008
19 1016
20 24
20 25
20 26
20 29
20 34
20 38
20 54
20 75
20 82
20 87
20 153
20 185
20 214
20 223
20 236
20 293
20 318
20 412
20 423
20 429
20 433
20 564
20 616
20 762
20 862
20 911
20 939
20 1023
21 22
21 24
21 25
21 30
21 35
21 38
21 91
21 100
21 120
21 128
21 131
21 134
21 143
21 144
21 150
21 164
21 167
21 168
21 169
21 173
21 181
21 203
21 204
21 234
21 238
21 254
21 259
21 284
21 286
21 304
21 305
21 307
21 326
21 328
21 360
21 373
21 374
21 389
21 400
21 429
21 489
21 494
21 501
21 504
21 523
21 575
21 583
21 606
21 641
21 651
21 687
21 696
21 712
21 737
21 738
21 750
21 842
21 846
21 878
21 940
21 1008
22 23
22 27
22 31
22 39
22 45
22 61
22 63
22 65
22 68
22 71
22 76
22 86
22 88
22 90
22 102
22 104
22 115
22 125
22 137
22 139
22 147
22 150
22 156
22 248
22 259
22 276
22 290
22 302
22 326
22 337
22 340
22 356
22 396
22 408
22 488
22 489
22 587
22 615
22 665
22 708
22 742
22 773
22 783
22 803
22 864
22 884
22 897
22 923
22 953
22 959
23 24
23 25
23 32
23 36
23 40
23 42
23 52
23 57
23 59
23 63
23 68
23 72
23 78
23 96
23 97
23 98
23 99
23 101
23 103
23 108
23 112
23 117
23 120
23 137
23 140
23 150
23 156
23 175
23 182
23 189
23 200
23 218
23 219
23 254
23 256
23 260
23 277
23 280
23 298
23 303
23 348
23 351
23 352
23 353
23 359
23 366
23 372
23 403
23 405
23 417
23 418
23 419
23 447
23 450
23 458
23 477
23 481
23 501
23 514
23 543
23 555
23 598
23 600
23 607
23 635
23 652
23 726
23 790
23 799
23 807
23 819
23 854
23 867
23 895
23 903
23 952
23 964
23 986
24 30
24 33
24 43
24 49
24 77
24 92
24 99
24 107
24 119
24 131
24 145
24 159
24 164
24 170
24 178
24 195
24 200
24 246
24 280
24 282
24 306
24 311
24 313
24 316
24 353
24 377
24 440
24 511
24 546
24 592
24 619
24 636
24 639
24 653
24 679
24 684
24 738
24 740
24 788
24 790
24 830
24 843
24 924
24 948
24 965
24 984
24 986
24 990
24 1009
25 28
25 29
25 31
25 33
25 37
25 42
25 46
25 53
25 59
25 60
25 61
25 65
25 68
25 158
25 175
25 182
25 191
25 196
25 202
25 236
25 237
25 254
25 258
25 268
25 288
25 298
25 306
25 325
25 397
25 403
25 424
25 462
25 470
25 473
25 482
25 501
25 512
25 519
25 521
25 547
25 583
25 647
25 669
25 671
25 672
25 673
25 739
25 745
25 805
25 843
25 902
25 918
25 920
25 929
25 981
25 987
26 30
26 36
26 46
26 48
26 53
26 56
26 65
26 76
26 79
26 90
26 93
26 97
26 102
26 107
26 110
26 116
26 121
26 125
26 132
26 140
26 147
26 149
26 162
26 165
26 183
26 187
26 191
26 192
26 208
26 211
26 218
26 221
26 230
26 231
26 235
26 241
26 250
26 262
26 272
26 296
26 302
26 320
26 335
26 342
26 356
26 383
26 452
26 455
26 459
26 460
26 469
26 471
26 492
26 498
26 503
26 505
26 518
26 562
26 569
26 578
26 585
26 588
26 612
26 624
26 639
26 693
26 707
26 731
26 759
26 763
26 771
26 772
26 822
26 898
26 961
26 968
27 33
27 36
27 39
27 42
27 50
27 51
27 53
27 58
27 59
27 61
27 68
27 77
27 83
27 97
27 101
27 109
27 110
27 132
27 134
27 150
27 159
27 166
27 189
27 195
27 208
27 219
27 225
27 226
27 230
27 232
27 285
27 293
27 294
27 316
27 352
27 353
27 386
27 396
27 397
27 417
27 431
27 463
27 476
27 514
27 519
27 531
27 575
27 590
27 625
27 735
27 736
27 798
27 831
27 842
27 876
27 912
27 960
27 972
28 31
28 32
28 34
28 38
28 41
28 44
28 55
28 57
28 59
28 69
28 71
28 85
28 96
28 117
28 121
28 128
28 135
28 142
28 146
28 154
28 162
28 217
28 225
28 229
28 286
28 290
28 301
28 310
28 327
28 344
28 346
28 353
28 356
28 361
28 366
28 370
28 375
28 421
28 433
28 435
28 439
28 444
28 449
28 450
28 457
28 484
28 513
28 537
28 553
28 571
28 596
28 618
28 625
28 652
28 669
28 683
28 755
28 769
28 778
28 796
28 799
28 833
28 858
28 894
28 915
29 32
29 34
29 37
29 38
29 41
29 43
29 44
29 50
29 51
29 56
29 58
29 61
29 70
29 83
29 87
29 88
29 95
29 100
29 119
29 145
29 151
29 176
29 178
29 185
29 186
29 216
29 235
29 268
29 297
29 298
29 305
29 307
29 309
29 332
29 344
29 346
29 360
29 371
29 390
29 391
29 434
29 482
29 578
29 579
29 589
29 604
29 627
29 631
29 635
29 666
29 670
29 698
29 700
29 734
29 805
29 841
29 849
29 857
29 888
29 980
29 1009
30 35
30 38
30 46
30 50
30 73
30 116
30 123
30 128
30 168
30 195
30 209
30 222
30 231
30 233
30 235
30 247
30 250
30 263
30 288
30 291
30 292
30 302
30 334
30 336
30 340
30 416
30 450
30 514
30 523
30 537
30 555
30 582
30 612
30 623
30 630
30 651
30 660
30 692
30 702
30 723
30 725
30 730
30 735
30 744
30 752
30 764
30 770
30 789
30 801
30 814
30 885
30 903
30 917
30 950
30 952
30 983
30 989
31 37
31 46
31 57
31 61
31 70
31 116
31 118
31 124
31 130
31 170
31 236
31 237
31 239
31 244
31 325
31 342
31 375
31 411
31 446
31 495
31 508
31 525
31 541
31 618
31 662
31 690
31 724
31 816
31 866
31 882
32 34
32 41
32 59
32 89
32 112
32 153
32 161
32 228
32 241
32 277
32 318
32 321
32 339
32 426
32 454
32 501
32 503
32 517
32 634
32 643
32 647
32 712
32 717
32 725
32 769
32 810
32 886
32 887
32 956
32 964
33 42
33 44
33 47
33 57
33 64
33 72
33 79
33 86
33 93
33 102
33 106
33 152
33 271
33 289
33 336
33 372
33 384
33 392
33 452
33 498
33 549
33 575
33 822
33 831
33 865
33 867
33 880
33 881
33 940
33 991
33 995
34 35
34 54
34 64
34 74
34 79
34 85
34 86
34 89
34 112
34 121
34 135
34 136
34 154
34 168
34 195
34 199
34 206
34 213
34 218
34 220
34 226
34 233
34 241
34 274
34 285
34 297
34 329
34 345
34 348
34 384
34 404
34 432
34 442
34 471
34 490
34 506
34 559
34 567
34 631
34 659
34 661
34 717
34 730
34 820
34 856
34 946
34 947
35 44
35 49
35 50
35 51
35 62
35 64
35 65
35 69
35 88
35 91
35 92
35 93
35 113
35 144
35 154
35 159
35 164
35 166
35 189
35 204
35 212
35 219
35 249
35 265
35 266
35 279
35 287
35 306
35 309
35 313
35 421
35 445
35 451
35 473
35 478
35 479
35 502
35 507
35 509
35 526
35 571
35 577
35 582
35 586
35 608
35 620
35 677
35 704
35 719
35 724
35 800
35 801
35 808
35 852
35 865
35 875
35 887
35 917
35 952
35 954
35 975
35 983
35 1011
35 1014
35 1019
36 45
36 53
36 56
36 59
36 60
36 66
36 70
36 75
36 84
36 86
36 89
36 110
36 114
36 115
36 117
36 123
36 124
36 133
36 148
36 153
36 191
36 193
36 201
36 207
36 215
36 243
36 274
36 300
36 307
36 310
36 315
36 319
36 341
36 356
36 407
36 437
36 484
36 548
36 554
36 561
36 562
36 565
36 585
36 590
36 604
36 623
36 687
36 710
36 711
36 810
36 811
36 814
36 847
36 869
36 899
36 935
36 1021
37 40
37 43
37 47
37 56
37 63
37 64
37 66
37 73
37 76
37 87
37 88
37 114
37 140
37 151
37 153
37 180
37 186
37 219
37 223
37 240
37 287
37 290
37 306
37 327
37 332
37 394
37 395
37 401
37 411
37 426
37 449
37 460
37 528
37 565
37 617
37 636
37 639
37 670
37 671
37 682
37 691
37 733
37 748
37 761
37 795
37 835
37 935
37 974
37 993
37 997
38 43
38 44
38 55
38 59
38 62
38 72
38 75
38 82
38 83
38 92
38 98
38 99
38 109
38 131
38 132
38 161
38 165
38 174
38 187
38 205
38 213
38 234
38 255
38 264
38 287
38 301
38 371
38 391
38 403
38 442
38 481
38 483
38 485
38 492
38 523
38 526
38 554
38 565
38 580
38 583
38 612
38 629
38 710
38 716
38 722
38 744
38 748
38 859
38 868
38 883
38 979
39 40
39 44
39 65
39 75
39 94
39 118
39 120
39 161
39 171
39 187
39 196
39 256
39 264
39 281
39 313
39 357
39 518
39 625
39 727
39 758
39 849
39 896
39 951
40 55
40 78
40 104
40 164
40 207
40 240
40 255
40 265
40 315
40 331
40 335
40 370
40 378
40 398
40 405
40 419
40 508
40 517
40 534
40 539
40 552
40 559
40 622
40 628
40 646
40 698
40 853
40 856
40 874
41 64
41 68
41 118
41 134
41 136
41 159
41 162
41 295
41 297
41 316
41 336
41 362
41 396
41 484
41 607
41 894
41 933
42 45
42 61
42 65
42 81
42 89
42 108
42 114
42 129
42 130
42 243
42 271
42 297
42 328
42 360
42 399
42 406
42 430
42 455
42 463
42 494
42 562
42 610
42 625
42 650
42 654
42 918
42 943
42 977
42 979
42 993
42 1012
43 50
43 52
43 60
43 79
43 91
43 96
43 130
43 184
43 214
43 216
43 221
43 223
43 264
43 267
43 282
43 333
43 382
43 400
43 446
43 479
43 517
43 533
43 538
43 593
43 638
43 663
43 711
43 734
43 800
43 905
43 975
44 45
44 51
44 86
44 98
44 100
44 105
44 110
44 111
44 114
44 116
44 137
44 155
44 169
44 214
44 253
44 320
44 371
44 456
44 461
44 485
44 489
44 535
44 562
44 575
44 597
44 604
44 652
44 655
44 669
44 856
44 960
44 969
44 980
44 1015
45 48
45 73
45 74
45 96
45 107
45 137
45 152
45 153
45 177
45 186
45 201
45 226
45 277
45 278
45 280
45 283
45 295
45 296
45 298
45 303
45 312
45 328
45 363
45 373
45 381
45 392
45 430
45 484
45 490
45 499
45 660
45 673
45 759
45 781
45 867
45 869
46 57
46 62
46 89
46 119
46 134
46 136
46 168
46 169
46 196
46 237
46 275
46 276
46 279
46 303
46 336
46 346
46 385
46 411
46 428
46 544
46 557
46 573
46 590
46 596
46 746
46 749
46 767
46 799
46 833
46 885
46 889
46 956
46 1006
47 49
47 61
47 71
47 72
47 80
47 93
47 94
47 101
47 103
47 117
47 147
47 158
47 166
47 171
47 175
47 178
47 193
47 218
47 222
47 230
47 267
47 296
47 336
47 344
47 349
47 365
47 381
47 411
47 556
47 563
47 586
47 589
47 628
47 657
47 672
47 678
47 693
47 765
47 794
47 804
47 810
47 832
47 857
47 892
47 910
47 964
47 1015
47 1022
48 66
48 67
48 74
48 80
48 81
48 82
48 94
48 102
48 163
48 175
48 183
48 189
48 210
48 228
48 263
48 270
48 273
48 333
48 356
48 450
48 455
48 459
48 530
48 587
48 592
48 667
48 767
48 798
48 813
48 876
48 889
48 916
48 976
49 52
49 54
49 78
49 81
49 92
49 99
49 106
49 107
49 157
49 180
49 182
49 201
49 204
49 206
49 254
49 273
49 311
49 315
49 322
49 348
49 358
49 386
49 392
49 407
49 418
49 440
49 449
49 468
49 469
49 515
49 547
49 581
49 585
49 626
49 637
49 667
49 751
49 793
49 818
49 854
49 917
49 1012
49 1014
49 1017
50 53
50 71
50 79
50 107
50 123
50 128
50 133
50 141
50 151
50 155
50 156
50 229
50 239
50 317
50 320
50 339
50 358
50 361
50 398
50 401
50 467
50 551
50 562
50 584
50 598
50 625
50 644
50 699
51 56
51 59
51 79
51 106
51 114
51 124
51 188
51 208
51 209
51 234
51 249
51 252
51 268
51 295
51 319
51 349
51 355
51 366
51 392
51 417
51 436
51 491
51 538
51 555
51 658
51 723
51 791
51 823
51 939
51 944
51 988
51 999
52 56
52 69
52 82
52 93
52 110
52 116
52 121
52 122
52 144
52 155
52 163
52 167
52 177
52 248
52 253
52 254
52 283
52 288
52 316
52 332
52 343
52 345
52 404
52 421
52 424
52 463
52 465
52 467
52 488
52 501
52 526
52 591
52 608
52 609
52 623
52 685
52 715
52 726
52 727
52 758
52 811
52 817
52 823
52 869
52 877
52 889
52 904
52 954
52 984
52 1022
53 85
53 92
53 93
53 119
53 125
53 129
53 141
53 148
53 154
53 199
53 212
53 214
53 272
53 419
53 430
53 488
53 496
53 540
53 570
53 661
53 687
53 785
53 911
53 1014
54 79
54 84
54 86
54 117
54 125
54 146
54 153
54 155
54 170
54 179
54 182
54 203
54 219
54 226
54 246
54 247
54 400
54 401
54 540
54 555
54 689
54 879
54 886
54 895
54 985
54 988
54 1019
54 1023
55 59
55 69
55 83
55 98
55 121
55 138
55 149
55 163
55 195
55 197
55 232
55 279
55 288
55 304
55 309
55 344
55 390
55 424
55 425
55 435
55 444
55 453
55 456
55 593
55 661
55 677
55 709
55 729
55 787
55 820
55 866
55 995
56 60
56 62
56 89
56 103
56 124
56 132
56 151
56 161
56 163
56 168
56 240
56 290
56 294
56 360
56 361
56 382
56 397
56 433
56 463
56 535
56 546
56 605
56 612
56 632
56 649
56 679
56 686
56 854
56 918
56 919
57 116
57 124
57 183
57 331
57 348
57 381
57 390
57 603
57 743
57 812
57 984
58 71
58 100
58 137
58 156
58 186
58 192
58 210
58 229
58 260
58 304
58 397
58 445
58 466
58 467
58 480
58 525
58 562
58 577
58 581
58 582
58 622
58 637
58 723
58 725
58 753
58 811
58 830
58 854
58 943
58 951
58 1014
58 1023
59 74
59 88
59 105
59 123
59 125
59 127
59 152
59 155
59 160
59 183
59 188
59 273
59 278
59 281
59 307
59 347
59 357
59 391
59 395
59 398
59 401
59 410
59 419
59 443
59 451
59 460
59 471
59 554
59 575
59 577
59 584
59 593
59 747
59 874
59 889
59 928
59 1022
60 62
60 76
60 82
60 87
60 89
60 92
60 96
60 102
60 105
60 113
60 121
60 138
60 182
60 197
60 199
60 229
60 235
60 285
60 322
60 340
60 369
60 370
60 375
60 414
60 458
60 459
60 500
60 544
60 547
60 554
60 561
60 601
60 620
60 631
60 641
60 659
60 679
60 735
60 807
60 847
60 852
60 872
60 905
60 907
60 984
60 1002
61 62
61 68
61 80
61 83
61 107
61 112
61 113
61 137
61 165
61 170
61 207
61 232
61 241
61 262
61 266
61 271
61 297
61 302
61 335
61 348
61 653
61 695
61 765
61 795
61 810
61 874
61 901
61 932
61 944
61 961
62 73
62 76
62 103
62 110
62 113
62 166
62 198
62 213
62 214
62 223
62 234
62 252
62 263
62 282
62 364
62 440
62 457
62 475
62 497
62 539
62 544
62 556
62 570
62 593
62 644
62 650
62 749
62 771
62 772
62 845
62 856
62 872
62 876
62 912
62 969
62 997
62 1001
63 64
63 73
63 74
63 91
63 128
63 209
63 221
63 249
63 260
63 270
63 286
63 322
63 325
63 330
63 394
63 407
63 410
63 443
63 492
63 534
63 573
63 640
63 668
63 671
63 677
63 685
63 697
63 708
63 736
63 781
63 866
63 870
63 914
63 988
63 1002
63 1006
63 1017
64 78
64 88
64 109
64 145
64 147
64 154
64 169
64 247
64 338
64 358
64 534
64 670
64 741
64 764
64 907
64 956
64 959
65 101
65 128
65 154
65 179
65 187
65 199
65 223
65 239
65 289
65 355
65 427
65 439
65 466
65 548
65 556
65 708
65 720
65 762
65 808
65 851
65 857
65 865
65 867
65 1014
66 84
66 105
66 111
66 122
66 129
66 165
66 179
66 193
66 200
66 255
66 338
66 412
66 422
66 434
66 803
66 809
66 929
67 84
67 91
67 148
67 215
67 225
67 289
67 369
67 374
67 466
67 493
67 517
67 633
67 644
67 749
67 827
67 832
67 833
67 940
67 1018
68 72
68 81
68 95
68 155
68 162
68 194
68 271
68 311
68 320
68 333
68 334
68 415
68 497
68 498
68 502
68 505
68 515
68 547
68 593
68 635
68 680
68 727
68 745
68 760
68 767
68 770
68 867
68 916
68 923
68 952
68 1013
69 74
69 80
69 100
69 130
69 226
69 242
69 275
69 291
69 332
69 390
69 417
69 423
69 425
69 429
69 440
69 442
69 446
69 522
69 571
69 616
69 659
69 664
69 696
69 846
69 914
69 941
69 966
69 974
69 1016
70 81
70 94
70 108
70 125
70 150
70 158
70 169
70 210
70 271
70 351
70 354
70 355
70 361
70 469
70 515
70 568
70 652
70 666
70 828
70 832
70 836
70 838
70 892
70 949
70 1003
70 1019
71 95
71 122
71 181
71 183
71 190
71 344
71 349
71 408
71 423
71 506
71 522
71 571
71 576
71 679
71 854
71 891
71 962
72 90
72 119
72 146
72 191
72 253
72 261
72 304
72 380
72 391
72 482
72 739
72 776
72 819
72 931
73 77
73 84
73 116
73 138
73 146
73 185
73 192
73 368
73 455
73 464
73 479
73 636
73 778
73 932
73 975
74 77
74 81
74 88
74 90
74 101
74 123
74 150
74 174
74 183
74 215
74 226
74 252
74 263
74 296
74 337
74 465
74 490
74 494
74 495
74 510
74 552
74 619
74 668
74 687
74 720
74 741
74 789
74 796
74 801
74 895
74 957
74 1021
75 78
75 82
75 85
75 88
75 120
75 130
75 139
75 149
75 159
75 163
75 180
75 181
75 198
75 267
75 321
75 326
75 329
75 383
75 451
75 463
75 465
75 474
75 524
75 525
75 529
75 539
75 543
75 576
75 598
75 620
75 654
75 666
75 793
75 810
75 846
75 890
75 891
75 923
75 960
75 1002
76 86
76 132
76 144
76 184
76 221
76 234
76 273
76 281
76 291
76 354
76 382
76 401
76 418
76 426
76 427
76 466
76 478
76 488
76 527
76 556
76 623
76 728
76 1000
76 1013
77 138
77 140
77 172
77 178
77 207
77 220
77 261
77 312
77 345
77 370
77 389
77 493
77 528
77 692
77 720
77 813
77 834
77 995
78 97
78 105
78 114
78 149
78 164
78 203
78 248
78 297
78 302
78 311
78 315
78 332
78 335
78 467
78 477
78 492
78 674
78 712
78 743
78 851
79 139
79 152
79 160
79 163
79 169
79 196
79 220
79 246
79 362
79 379
79 416
79 457
79 517
79 525
79 627
79 687
79 738
79 758
79 830
79 903
79 958
79 1014
80 116
80 117
80 126
80 141
80 170
80 172
80 187
80 188
80 193
80 229
80 232
80 235
80 264
80 272
80 328
80 373
80 394
80 406
80 424
80 428
80 448
80 586
80 602
80 642
80 646
80 713
80 781
80 795
80 818
80 994
81 87
81 121
81 133
81 141
81 182
81 265
81 274
81 347
81 605
81 629
81 676
81 683
81 690
81 746
81 749
81 774
81 842
81 1009
82 123
82 126
82 135
82 198
82 217
82 282
82 284
82 358
82 370
82 371
82 381
82 393
82 468
82 475
82 476
82 564
82 568
82 578
82 619
82 632
82 741
82 787
82 882
82 909
83 84
83 99
83 122
83 192
83 254
83 260
83 295
83 299
83 330
83 382
83 435
83 439
83 451
83 534
83 661
83 668
83 682
83 959
83 975
83 1011
83 1017
84 90
84 124
84 150
84 151
84 160
84 196
84 215
84 239
84 312
84 525
84 649
84 671
84 717
84 734
84 813
84 940
84 953
85 94
85 217
85 244
85 246
85 303
85 311
85 413
85 584
85 701
85 926
86 94
86 120
86 142
86 155
86 165
86 188
86 190
86 228
86 255
86 376
86 411
86 425
86 550
86 572
86 670
86 687
86 692
86 718
86 721
86 755
86 831
86 865
86 914
86 960
86 963
86 1002
86 1009
87 102
87 118
87 139
87 179
87 269
87 290
87 297
87 487
87 685
87 688
87 748
87 836
87 924
87 971
88 90
88 104
88 112
88 124
88 130
88 183
88 224
88 271
88 281
88 282
88 293
88 344
88 366
88 470
88 472
88 496
88 654
88 657
88 809
88 848
88 877
89 149
89 156
89 159
89 206
89 281
89 370
89 537
89 561
89 571
89 669
89 721
89 723
89 836
89 844
89 861
89 866
89 979
89 982
89 1007
90 114
90 120
90 129
90 131
90 139
90 172
90 211
90 346
90 362
90 562
90 566
90 701
90 710
90 829
90 831
90 963
91 93
91 149
91 174
91 215
91 219
91 275
91 305
91 324
91 362
91 381
91 472
91 563
91 614
91 663
91 742
91 834
91 950
91 997
92 96
92 97
92 132
92 185
92 189
92 191
92 193
92 238
92 297
92 310
92 340
92 401
92 422
92 465
92 468
92 470
92 508
92 513
92 524
92 552
92 581
92 611
92 703
92 705
92 723
92 798
92 838
92 946
92 962
92 963
92 977
92 1023
93 103
93 129
93 141
93 143
93 192
93 210
93 228
93 229
93 268
93 279
93 283
93 312
93 315
93 350
93 391
93 392
93 514
93 544
93 557
93 571
93 591
93 599
93 617
93 647
93 659
93 691
93 753
93 763
93 824
93 905
93 931
93 941
93 1020
94 107
94 108
94 109
94 118
94 125
94 167
94 192
94 195
94 196
94 294
94 345
94 349
94 426
94 573
94 595
94 609
94 675
94 689
94 763
94 848
94 887
94 894
94 903
94 929
94 958
94 983
95 113
95 128
95 147
95 170
95 171
95 180
95 216
95 474
95 558
95 575
95 581
95 892
95 956
95 1008
96 103
96 105
96 115
96 173
96 188
96 218
96 234
96 370
96 420
96 478
96 498
96 542
96 562
96 572
96 660
96 903
96 959
96 1003
97 110
97 138
97 225
97 231
97 238
97 286
97 328
97 360
97 405
97 411
97 412
97 454
97 551
97 616
97 699
97 732
97 743
97 776
97 821
97 851
97 875
97 920
98 127
98 135
98 150
98 157
98 189
98 279
98 361
98 367
98 379
98 511
98 583
98 611
98 617
98 623
98 668
98 931
98 955
99 203
99 305
99 309
99 386
99 485
99 583
99 679
99 768
99 820
99 871
99 1009
100 102
100 152
100 208
100 245
100 293
100 339
100 521
100 534
100 548
100 644
100 689
101 165
101 224
101 273
101 395
101 399
101 472
101 520
101 630
101 719
101 761
101 785
102 124
102 125
102 151
102 217
102 262
102 277
102 282
102 283
102 301
102 432
102 439
102 519
102 559
102 573
102 589
102 598
102 613
102 614
102 628
102 647
102 711
102 801
102 806
102 871
102 985
102 1019
103 141
103 172
103 192
103 198
103 358
103 396
103 406
103 477
103 646
103 717
103 719
103 764
103 822
103 879
103 944
103 1007
104 143
104 157
104 175
104 223
104 244
104 351
104 375
104 377
104 412
104 421
104 540
104 558
104 597
104 625
104 661
104 682
104 695
104 709
104 753
104 832
104 840
104 844
104 864
104 953
104 989
104 1013
105 138
105 196
105 259
105 274
105 462
105 542
105 707
105 741
105 832
105 876
106 117
106 119
106 142
106 176
106 180
106 186
106 192
106 292
106 322
106 339
106 349
106 382
106 402
106 414
106 574
106 724
106 759
106 870
106 1010
107 127
107 151
107 194
107 198
107 216
107 256
107 269
107 276
107 308
107 336
107 338
107 363
107 401
107 439
107 461
107 529
107 623
107 641
107 748
107 770
107 782
107 799
107 878
107 948
107 1005
108 149
108 161
108 237
108 285
108 293
108 377
108 421
108 473
108 514
108 528
108 583
108 635
108 653
108 685
108 700
108 712
108 737
108 756
108 770
108 857
108 888
108 1004
108 1008
109 112
109 303
109 405
109 437
109 478
109 538
109 819
110 152
110 163
110 179
110 246
110 247
110 287
110 359
110 364
110 365
110 366
110 371
110 396
110 415
110 427
110 433
110 578
110 605
110 745
110 965
110 968
111 190
111 194
111 283
111 406
111 422
111 442
111 466
111 532
111 543
111 552
111 557
111 583
111 721
111 736
111 793
111 794
111 853
111 924
111 938
112 163
112 164
112 171
112 187
112 252
112 294
112 299
112 324
112 418
112 463
112 479
112 484
112 509
112 596
112 744
112 769
112 802
112 826
113 152
113 168
113 171
113 176
113 180
113 186
113 200
113 221
113 226
113 232
113 252
113 261
113 266
113 289
113 377
113 386
113 590
113 660
113 691
113 721
113 932
114 133
114 145
114 173
114 175
114 260
114 267
114 289
114 329
114 390
114 482
114 508
114 642
114 746
114 949
114 982
115 133
115 202
115 232
115 481
115 484
115 560
115 567
115 609
115 922
115 969
116 233
116 271
116 315
116 317
116 437
116 469
116 494
116 520
116 545
116 666
116 673
116 689
116 711
116 798
116 814
116 873
117 140
117 201
117 280
117 357
117 395
117 572
117 629
117 688
118 176
118 186
118 209
118 211
118 215
118 339
118 346
118 369
118 512
118 527
118 631
118 634
118 805
118 861
118 963
119 157
119 323
119 404
119 434
119 448
119 543
119 669
119 922
119 942
119 983
119 996
120 142
120 144
120 195
120 222
120 265
120 269
120 312
120 327
120 407
120 471
120 674
120 805
121 138
121 158
121 162
121 169
121 224
121 227
121 233
121 270
121 278
121 308
121 351
121 464
121 587
121 596
121 617
121 743
121 751
121 892
121 954
121 982
122 181
122 190
122 196
122 218
122 248
122 274
122 284
122 287
122 290
122 319
122 358
122 389
122 539
122 582
122 651
122 700
122 718
122 726
122 756
122 789
122 819
122 841
122 937
122 967
123 127
123 158
123 175
123 197
123 201
123 274
123 293
123 305
123 329
123 378
123 427
123 464
123 496
123 550
123 653
123 688
123 721
123 748
123 756
123 763
123 774
123 777
123 800
123 862
123 931
124 212
124 375
124 437
124 438
124 448
124 450
124 529
124 563
124 599
124 621
124 716
124 728
124 772
124 787
124 841
124 852
124 876
125 134
125 144
125 152
125 159
125 269
125 515
125 531
125 620
125 797
125 934
125 992
125 1002
126 129
126 136
126 199
126 241
126 242
126 289
126 326
126 334
126 387
126 564
126 612
126 632
126 633
126 651
126 652
126 665
126 674
126 699
126 727
126 755
126 768
126 794
126 803
126 828
126 932
126 937
127 131
127 154
127 209
127 292
127 295
127 327
127 342
127 343
127 367
127 393
127 498
127 505
127 520
127 525
127 539
127 646
127 658
127 726
127 784
127 834
127 892
127 906
127 935
127 966
128 131
128 167
128 184
128 188
128 197
128 206
128 217
128 221
128 228
128 235
128 272
128 321
128 338
128 377
128 379
128 415
128 431
128 499
128 502
128 526
128 675
128 780
128 782
128 874
128 963
128 996
129 173
129 178
129 235
129 302
129 369
129 398
129 519
129 574
129 656
129 693
129 769
129 792
129 840
129 977
129 983
130 155
130 264
130 266
130 301
130 370
130 403
130 446
130 447
130 515
130 529
130 726
130 741
130 749
130 959
131 138
131 257
131 296
131 304
131 383
131 603
131 665
131 902
131 1008
132 138
132 257
132 291
132 360
132 369
132 520
132 662
132 743
132 833
132 970
133 200
133 209
133 211
133 212
133 253
133 368
133 372
133 410
133 496
133 660
133 668
133 887
133 920
133 973
133 1004
133 1022
134 170
134 205
134 351
134 609
134 663
134 697
134 831
134 848
134 889
134 954
134 973
135 185
135 205
135 267
135 391
135 430
135 452
135 559
135 623
135 710
135 742
135 808
135 839
135 941
136 152
136 159
136 167
136 174
136 177
136 214
136 217
136 275
136 319
136 326
136 421
136 681
136 761
136 841
136 993
136 1000
137 142
137 143
137 330
137 339
137 410
137 472
137 516
137 549
137 613
137 709
137 760
137 895
138 140
138 308
138 323
138 359
138 368
138 476
138 636
138 643
138 705
138 909
139 145
139 222
139 255
139 257
139 266
139 269
139 304
139 318
139 330
139 359
139 388
139 406
139 454
139 468
139 503
139 513
139 555
139 584
139 596
139 608
139 611
139 769
139 800
139 901
139 937
140 154
140 176
140 198
140 207
140 274
140 308
140 357
140 375
140 376
140 540
140 663
140 684
140 933
140 948
141 173
141 255
141 261
141 274
141 361
141 442
141 535
141 547
141 577
141 634
141 776
141 845
141 864
142 149
142 160
142 237
142 281
142 399
142 433
142 434
142 475
142 591
142 600
142 709
142 815
142 925
142 972
143 190
143 512
143 572
143 615
143 690
143 874
144 172
144 186
144 239
144 268
144 273
144 602
144 629
144 638
144 676
144 794
144 851
144 911
145 190
145 226
145 238
145 399
145 467
145 538
145 948
145 962
145 973
145 988
145 1006
146 157
146 294
146 321
146 335
146 665
147 157
147 158
147 163
147 167
147 173
147 177
147 201
147 238
147 263
147 284
147 293
147 303
147 313
147 315
147 322
147 400
147 479
147 487
147 551
147 594
147 598
147 635
147 674
147 696
147 765
147 885
147 937
147 942
147 970
148 182
148 202
148 305
148 320
148 330
148 343
148 351
148 354
148 380
148 432
148 495
148 506
148 527
148 629
148 732
148 734
148 756
148 780
148 799
148 801
148 811
148 840
148 938
148 947
148 964
148 977
149 300
149 307
149 377
149 383
149 624
149 966
149 978
149 989
150 200
150 524
150 548
150 602
150 619
150 630
150 705
150 926
151 171
151 194
151 239
151 242
151 277
151 349
151 372
151 406
151 469
151 494
151 518
151 565
151 627
151 640
151 766
151 768
151 807
151 884
151 916
151 961
151 998
152 166
152 193
152 225
152 245
152 272
152 321
152 402
152 416
152 455
152 474
152 499
152 506
152 532
152 556
152 599
152 624
152 639
152 654
152 763
152 788
152 813
152 969
152 1001
153 294
153 337
153 572
153 578
153 746
153 849
153 927
154 254
154 380
154 560
154 594
154 632
154 664
154 714
154 763
154 802
154 824
155 156
155 177
155 579
155 706
155 739
155 1017
156 166
156 230
156 232
156 242
156 245
156 265
156 301
156 409
156 436
156 512
156 535
156 660
156 695
156 900
156 958
157 186
157 205
157 212
157 233
157 247
157 260
157 295
157 351
157 377
157 448
157 502
157 523
157 544
157 664
157 829
157 850
157 863
157 885
157 915
157 971
157 988
158 204
158 223
158 235
158 252
158 359
158 524
158 655
158 665
158 672
158 746
158 801
158 879
158 897
158 961
159 177
159 197
159 211
159 257
159 262
159 347
159 428
159 518
159 528
159 532
159 688
159 696
159 766
159 904
159 1006
160 195
160 220
160 290
160 421
160 497
160 524
160 644
160 717
160 987
161 173
161 207
161 385
161 390
161 458
161 469
161 549
161 610
161 646
162 178
162 180
162 211
162 217
162 310
162 363
162 365
162 425
162 431
162 459
162 488
162 588
162 630
162 665
162 859
162 944
162 985
163 174
163 194
163 205
163 255
163 317
163 341
163 347
163 361
163 402
163 415
163 429
163 430
163 471
163 627
163 677
163 686
163 766
163 812
163 893
163 978
164 231
164 456
164 529
164 580
164 585
164 627
164 712
164 940
164 1009
165 188
165 197
165 227
165 318
165 441
165 467
166 241
166 277
166 476
166 511
166 531
166 792
166 818
167 177
167 344
167 404
167 451
167 456
167 514
167 650
167 681
167 793
167 806
167 852
167 959
167 998
168 222
168 242
168 574
168 588
168 697
168 851
168 938
169 173
169 188
169 203
169 265
169 291
169 292
169 331
169 336
169 358
169 362
169 490
169 515
169 691
169 753
169 772
169 837
169 873
169 1021
170 334
170 345
170 383
170 494
170 506
170 615
170 641
170 844
171 191
171 284
171 433
171 509
171 646
171 694
171 779
171 949
172 242
172 249
172 292
172 319
172 324
172 378
172 411
172 421
172 470
172 538
172 567
172 596
172 817
172 838
172 946
172 1018
173 177
173 230
173 362
173 379
173 416
173 425
173 453
173 619
173 635
173 761
173 950
174 190
174 198
174 207
174 218
174 236
174 277
174 531
174 549
174 587
174 607
174 609
174 630
174 654
174 851
174 894
174 923
174 951
175 184
175 188
175 250
175 257
175 291
175 321
175 338
175 400
175 473
175 492
175 574
175 662
175 692
175 744
175 935
176 213
176 240
176 585
176 669
176 870
177 322
177 389
177 722
177 812
177 960
178 179
178 209
178 212
178 281
178 333
178 342
178 368
178 400
178 448
178 455
178 597
178 791
179 227
179 397
179 413
179 529
179 537
179 554
179 696
179 736
179 779
180 201
180 244
180 288
180 296
180 308
180 323
180 368
180 370
180 501
180 514
180 609
180 772
180 915
180 985
181 277
181 299
181 303
181 409
181 458
181 467
181 476
181 762
181 836
181 991
181 1000
182 236
182 250
182 258
182 288
182 299
182 314
182 409
182 469
183 187
183 209
183 328
183 403
183 510
183 635
183 937
183 946
183 971
183 1010
184 205
184 241
184 258
184 359
184 372
184 426
184 518
184 530
184 536
184 538
184 551
184 935
184 1023
185 220
185 231
185 234
185 278
185 279
185 314
185 365
185 373
185 376
185 381
185 424
185 495
185 505
185 537
185 619
185 645
185 668
185 688
185 720
185 760
185 777
185 880
185 958
186 322
186 389
186 461
186 512
186 524
186 621
186 642
186 683
186 703
186 707
186 816
187 248
187 271
187 275
187 283
187 309
187 330
187 404
187 417
187 526
187 583
187 595
187 665
187 739
187 994
188 245
188 453
188 477
188 530
188 610
188 837
188 873
188 1016
189 260
189 296
189 306
189 324
189 349
189 388
189 431
189 444
189 458
189 463
189 474
189 496
189 559
189 574
189 582
189 614
189 634
190 204
190 296
190 309
190 350
190 505
190 706
190 850
190 948
190 1000
190 1007
191 337
191 350
191 380
191 495
191 503
191 880
192 207
192 220
192 228
192 254
192 267
192 336
192 354
192 384
192 398
192 401
192 409
192 618
192 660
192 746
192 817
192 841
192 855
192 946
192 968
193 221
193 304
193 311
193 385
193 395
193 406
193 407
193 428
193 565
193 575
193 605
193 666
193 706
193 723
193 791
193 882
193 928
193 955
194 278
194 300
194 327
194 352
194 416
194 438
194 446
194 466
194 780
194 788
194 986
194 1019
195 201
195 210
195 224
195 240
195 252
195 257
195 316
195 353
195 374
195 380
195 425
195 557
195 622
195 625
195 628
195 821
195 897
196 224
196 460
196 739
196 778
196 993
197 245
197 569
197 624
197 656
197 867
198 272
198 324
198 374
198 439
198 474
198 503
198 521
198 567
198 648
198 655
198 804
198 890
199 212
199 300
199 526
199 704
199 783
200 227
200 248
200 260
200 280
200 372
200 379
200 383
200 432
200 444
200 516
200 645
200 648
200 733
200 754
200 783
200 830
200 850
201 216
201 235
201 250
201 317
201 327
201 365
201 393
201 465
201 517
201 652
201 654
202 519
202 655
202 686
202 840
202 865
202 894
202 995
203 208
203 289
203 317
203 333
203 382
203 389
203 395
203 396
203 443
203 512
203 523
203 580
203 601
203 683
203 772
203 822
203 942
204 280
204 304
204 398
204 486
204 542
204 754
205 229
205 237
205 418
205 536
205 615
205 677
206 215
206 230
206 238
206 242
206 272
206 387
206 406
206 434
206 584
206 645
206 705
206 918
206 976
206 1002
207 210
207 241
207 461
207 564
207 593
207 765
208 226
208 252
208 289
208 450
208 481
208 572
208 721
208 846
208 916
208 998
209 303
209 318
209 408
209 428
209 556
209 599
209 676
209 719
209 730
209 792
209 861
209 999
210 223
210 224
210 308
210 644
210 698
210 837
211 222
211 231
211 460
211 491
211 525
211 593
211 607
211 624
211 784
211 786
211 803
211 881
211 999
212 251
212 285
212 292
212 338
212 410
212 426
212 447
212 457
212 512
212 552
212 613
212 675
212 704
212 711
212 915
212 950
212 970
213 284
213 352
213 547
213 643
213 761
213 874
214 256
214 286
214 308
214 367
214 412
214 425
214 587
214 672
214 738
214 795
214 902
215 228
215 304
215 440
215 543
215 806
216 454
216 471
216 500
216 515
216 602
216 620
216 990
217 259
217 405
217 424
217 590
217 686
217 758
217 765
217 796
218 256
218 262
218 286
218 314
218 324
218 344
218 382
218 479
218 503
218 573
218 680
218 757
218 894
218 928
218 1020
219 222
219 411
219 579
219 678
219 839
219 884
219 893
220 349
220 405
220 486
220 592
220 726
220 990
221 225
221 246
221 310
221 347
221 348
221 391
221 415
221 426
221 453
221 458
221 556
221 612
221 613
221 769
221 814
221 955
221 978
221 1018
222 245
222 321
222 360
222 417
222 446
222 521
222 577
222 692
222 875
222 994
223 296
223 299
223 314
223 334
223 340
223 413
223 428
223 584
223 645
223 706
223 785
223 877
224 281
224 330
224 521
224 652
224 683
224 1017
225 283
225 333
225 358
225 423
225 500
225 537
225 561
225 745
225 877
225 1005
226 331
226 470
226 633
227 553
227 588
227 763
227 899
227 990
228 237
228 250
228 253
228 256
228 259
228 275
228 414
228 485
228 593
228 662
228 671
228 996
228 1004
229 294
229 435
229 438
229 449
229 468
229 497
229 501
229 594
229 686
229 753
230 260
230 278
230 318
230 326
230 341
230 364
230 390
230 456
230 764
231 401
231 475
231 522
231 530
231 701
231 731
231 841
231 922
231 976
232 438
232 644
232 791
232 895
232 988
233 308
233 335
233 400
233 442
233 451
233 584
233 705
233 953
233 1001
233 1011
234 302
234 328
234 337
234 554
234 673
234 761
234 767
234 797
234 869
235 262
235 508
235 510
235 636
235 690
235 721
235 811
235 934
235 1015
236 248
236 315
236 423
236 545
236 869
236 1004
237 284
237 376
237 457
237 961
238 247
238 468
238 489
238 550
238 667
238 776
238 864
238 882
238 985
239 299
239 363
239 369
239 372
239 430
239 468
239 561
239 622
239 724
240 243
240 318
240 347
240 388
240 393
240 560
241 270
241 292
241 312
241 323
241 373
241 411
241 601
241 629
241 713
241 716
241 998
242 348
242 394
242 419
242 434
242 487
242 511
242 627
242 741
242 913
242 988
243 253
243 313
243 341
243 371
243 543
243 570
243 880
243 887
244 307
244 355
244 664
244 762
244 765
244 796
244 802
244 849
244 858
245 280
245 367
245 373
245 395
245 408
245 444
245 488
245 595
245 610
245 624
245 653
245 682
245 718
245 735
245 764
245 825
246 316
246 509
246 555
246 574
246 653
247 322
247 416
247 489
247 706
248 261
248 317
248 530
248 558
248 718
248 735
248 839
248 871
249 276
249 286
249 566
249 608
249 611
249 619
249 654
249 713
249 716
249 803
249 804
250 255
250 299
250 337
250 420
250 441
250 465
250 510
250 612
250 704
250 785
251 410
251 534
251 638
251 658
251 877
251 910
251 917
252 269
252 431
252 434
252 536
252 539
252 755
252 856
253 412
253 858
253 929
254 268
254 345
254 404
254 413
254 457
254 462
254 667
254 734
254 817
254 995
254 997
255 380
255 498
255 590
255 737
255 961
256 283
256 532
257 270
257 818
258 343
258 374
258 451
258 475
258 893
258 975
258 993
259 286
259 303
259 335
259 350
259 565
259 576
259 739
259 790
260 298
260 302
260 340
260 528
260 673
260 904
260 976
261 312
261 316
261 374
261 508
261 715
261 716
261 779
261 843
261 878
261 935
261 951
261 952
261 980
262 265
262 307
262 347
262 351
262 392
262 398
262 407
262 416
262 435
262 477
262 541
262 618
262 734
262 827
262 863
262 953
263 264
263 319
263 531
263 602
263 811
263 914
263 928
263 937
264 268
264 392
264 664
264 931
264 1010
265 462
265 480
265 496
265 798
265 820
265 835
266 282
266 288
266 328
266 355
266 492
266 499
266 529
266 552
266 615
266 748
266 789
266 888
266 944
266 1004
266 1018
266 1020
267 270
267 452
267 600
267 658
267 661
267 798
267 882
267 943
267 992
268 301
268 321
268 327
268 578
268 830
269 280
269 368
269 446
269 474
269 486
269 682
269 760
269 842
269 854
269 869
270 295
270 323
270 580
270 657
270 672
270 785
270 891
270 962
271 273
271 367
271 384
271 425
271 430
271 494
271 495
271 708
271 868
271 935
272 354
272 426
272 614
272 753
272 767
272 828
272 916
272 1020
273 300
273 365
273 436
273 621
273 772
274 313
274 373
274 382
274 388
274 540
274 559
274 606
274 910
275 523
275 690
275 873
275 909
275 999
276 287
276 348
276 374
276 378
276 407
276 413
276 568
276 591
276 652
276 689
276 787
277 403
277 473
277 495
277 555
277 695
277 809
277 847
277 913
278 387
278 627
278 632
278 691
278 720
278 842
278 1019
279 318
279 326
279 388
279 394
279 422
279 441
279 465
279 468
279 530
279 578
279 581
279 606
279 633
279 675
279 817
279 938
279 1020
280 341
280 387
280 500
280 520
280 631
280 648
281 614
281 749
282 359
282 384
282 617
282 714
283 473
283 487
283 522
283 812
283 983
284 456
284 556
284 592
284 594
284 815
285 384
285 414
285 416
285 503
285 523
285 546
285 611
285 704
285 740
285 756
285 827
285 887
285 927
285 1001
286 489
286 533
286 640
286 648
287 513
287 545
287 820
287 965
288 314
288 387
288 436
288 515
288 793
289 339
289 363
289 375
289 513
289 536
289 570
289 704
289 728
289 731
289 867
289 948
290 693
290 729
290 948
290 963
290 992
291 425
291 454
291 481
291 510
291 568
291 681
291 775
291 926
291 962
291 963
292 313
292 331
292 411
292 428
292 452
292 536
292 634
292 652
292 678
292 732
292 842
292 855
292 859
292 949
293 342
293 487
293 597
293 755
293 934
294 372
294 472
294 493
294 509
294 906
294 1012
295 429
295 805
295 886
295 954
295 999
295 1005
296 394
296 427
296 606
296 636
296 731
296 741
296 835
296 1013
297 429
297 480
297 486
297 493
297 537
297 543
297 561
297 603
297 640
297 724
297 886
297 974
298 397
298 560
298 674
298 789
299 344
299 366
299 884
300 492
300 710
300 751
300 802
300 834
300 992
301 395
301 424
301 508
301 577
301 788
301 878
302 423
302 440
302 443
302 504
302 605
302 607
302 709
302 900
302 987
303 385
303 435
303 779
303 834
303 846
303 958
304 341
304 349
304 483
304 547
304 555
304 786
305 308
305 309
305 476
305 849
305 858
305 889
305 977
306 516
306 607
306 660
306 891
306 933
307 379
307 433
307 558
307 609
307 649
307 906
308 350
308 373
308 399
308 607
308 740
308 913
308 983
309 316
309 363
309 403
309 408
309 470
309 538
309 609
309 694
309 715
309 744
310 325
310 409
310 472
310 584
310 637
310 663
310 740
310 787
310 914
310 1015
311 447
311 545
311 594
311 622
311 670
312 333
312 360
312 371
312 419
312 457
312 500
312 535
312 616
312 639
312 819
312 848
312 863
312 913
312 932
313 384
313 521
313 626
313 674
313 725
313 764
313 809
313 864
314 378
314 435
314 490
314 531
314 656
314 735
314 752
315 402
315 525
315 1017
316 355
316 402
316 414
316 441
316 541
316 629
316 663
316 699
317 376
317 485
317 563
317 918
317 1006
318 464
318 614
318 739
318 786
318 951
318 1004
319 419
319 564
319 616
319 765
319 893
319 956
320 458
320 479
320 540
320 545
320 643
320 775
320 860
320 924
320 991
321 527
321 859
321 942
321 1003
322 490
322 607
322 710
322 794
322 892
323 410
323 540
323 579
323 642
323 980
323 986
324 520
324 727
324 944
325 472
325 473
325 604
325 771
325 824
325 869
326 389
326 420
326 550
326 678
326 722
326 736
326 843
326 1015
327 679
327 800
328 507
328 685
328 790
328 988
329 346
329 429
329 442
329 483
329 551
329 570
329 858
329 972
329 1009
330 413
330 420
330 662
330 697
330 945
330 1005
330 1013
331 334
331 340
331 388
331 440
331 761
331 795
331 949
331 953
332 386
332 495
332 769
333 522
333 542
333 578
333 708
333 757
333 760
333 770
333 855
333 913
333 933
334 353
334 361
334 378
334 418
334 576
334 708
334 881
334 914
335 375
335 773
335 805
335 862
335 863
335 1012
335 1016
336 494
336 639
336 677
336 999
336 1010
337 414
337 572
337 692
337 741
337 924
338 460
338 604
338 662
338 730
338 803
338 947
338 975
338 1005
339 383
339 473
339 568
339 597
339 620
339 646
339 688
339 767
339 788
339 798
339 867
340 377
340 437
340 561
340 569
340 621
340 961
341 375
341 408
341 423
341 568
341 599
341 632
341 676
341 958
341 968
342 352
342 389
342 718
342 758
342 774
342 826
342 900
342 1004
343 364
343 385
343 512
343 589
343 908
343 915
343 919
343 992
343 1003
343 1021
344 482
344 491
344 522
344 592
344 775
344 883
345 428
345 516
345 565
345 581
345 704
345 804
345 810
345 897
346 413
346 573
346 999
346 1001
347 397
347 458
347 481
347 592
347 771
347 937
348 496
348 608
348 628
348 751
348 957
350 543
350 700
350 774
350 899
350 965
351 407
351 491
351 502
351 816
351 932
352 354
352 391
352 510
352 591
352 717
352 760
352 896
352 936
352 987
352 1017
353 644
353 808
354 428
354 445
354 697
354 777
354 960
354 971
355 445
355 477
355 500
355 664
355 936
355 980
355 1006
356 382
356 471
356 475
356 672
356 707
356 909
357 436
357 558
357 574
357 874
357 889
358 484
358 519
358 609
358 779
358 836
358 858
358 872
358 890
359 385
359 405
359 438
359 446
359 497
359 592
359 614
359 695
359 746
359 790
359 897
360 409
360 410
360 473
360 500
360 503
360 513
360 829
360 855
360 858
360 996
361 420
361 506
361 651
361 720
361 866
362 377
362 391
362 397
362 497
362 516
362 573
362 582
362 622
362 647
362 675
362 714
362 862
362 990
362 1003
363 383
363 436
363 453
363 466
363 556
363 569
363 593
363 628
363 655
363 730
363 850
363 896
364 383
364 585
364 878
364 890
364 945
365 642
366 560
366 728
366 789
366 804
366 907
367 487
367 649
367 957
368 449
368 1019
369 378
369 463
369 653
369 659
369 695
369 804
369 962
370 459
370 624
370 626
370 692
370 885
370 935
371 464
371 856
372 428
372 506
372 597
372 657
373 380
373 444
373 456
373 766
373 838
373 860
374 517
374 558
375 409
375 504
375 523
375 832
375 879
375 926
375 964
376 462
376 464
376 586
376 650
376 779
376 1022
377 443
377 484
377 768
377 783
377 804
377 881
378 387
378 480
378 774
379 432
379 549
379 964
380 566
380 668
380 721
380 799
380 821
380 926
380 995
381 588
381 674
381 781
381 993
381 1016
382 442
382 465
382 565
382 860
383 392
383 552
383 630
383 943
384 448
384 679
385 451
385 665
385 676
385 680
385 718
385 733
385 780
385 947
386 456
386 663
386 754
386 898
386 995
387 437
387 531
387 673
387 711
387 759
387 805
387 957
387 1012
388 467
388 481
388 507
388 508
388 738
388 1000
388 1007
389 514
389 604
390 438
390 443
390 534
390 553
390 567
390 657
390 667
390 681
390 839
390 879
390 884
391 402
391 548
391 647
391 656
391 796
391 812
392 437
392 715
393 400
393 539
393 650
393 664
394 413
394 511
394 648
394 669
394 714
394 814
395 398
395 693
395 861
395 1007
396 412
396 427
396 628
396 743
396 827
396 876
397 507
397 550
398 404
398 463
398 472
398 527
398 754
398 758
398 948
398 997
399 559
399 570
399 957
400 541
400 571
400 621
400 744
400 821
401 412
401 472
401 524
401 641
401 789
401 896
401 921
401 934
401 1023
402 420
402 752
402 903
402 927
403 408
403 459
403 681
403 809
403 866
403 1014
403 1015
404 456
404 461
404 553
404 759
404 786
404 793
405 485
405 588
405 766
406 596
406 866
407 443
407 453
407 590
407 757
407 813
408 422
408 728
408 733
408 938
409 431
409 725
409 782
409 866
409 896
409 940
409 942
409 961
409 1005
410 505
410 532
410 594
410 750
410 971
411 415
411 444
411 564
411 929
412 433
412 537
412 886
413 478
413 639
413 650
414 490
414 558
414 690
414 818
414 848
415 595
415 830
415 835
416 507
416 513
416 526
416 706
416 734
417 711
418 523
418 570
418 734
418 852
418 897
419 504
419 602
419 825
419 873
420 626
420 667
420 684
420 750
420 910
421 888
422 480
422 499
422 699
422 740
422 807
422 822
422 861
422 881
422 905
422 922
423 891
424 732
425 477
425 639
425 785
425 870
425 980
426 479
426 534
426 631
426 671
426 742
426 786
427 617
427 669
427 840
427 897
427 910
428 527
428 990
429 449
431 440
431 445
431 923
431 1013
431 1021
432 441
432 454
433 504
433 573
433 803
433 871
433 974
434 689
434 730
435 445
435 470
435 521
435 795
435 815
435 1011
436 440
436 775
436 777
437 506
437 544
437 726
439 515
439 561
439 714
439 721
439 870
440 538
440 677
440 733
440 819
441 471
441 479
441 492
441 539
441 655
441 743
441 839
441 904
442 444
442 518
442 614
442 807
442 912
443 522
443 540
443 585
443 588
443 717
443 879
443 1001
444 482
444 553
444 775
444 859
445 847
445 911
445 979
446 693
446 779
446 801
447 610
447 664
447 875
447 944
447 970
448 464
448 958
449 546
449 610
449 792
449 839
450 568
450 622
450 676
450 947
451 482
451 589
451 727
451 995
452 481
452 498
452 507
452 573
452 780
452 836
452 837
453 551
453 560
453 601
453 707
453 773
454 481
454 527
454 555
454 582
454 592
454 629
454 737
454 756
454 995
455 587
456 460
456 733
456 1011
457 776
457 843
458 706
458 745
458 747
458 823
458 973
459 477
459 564
459 678
459 735
459 781
459 837
459 966
459 1013
460 821
460 901
461 564
462 694
462 947
463 635
463 703
464 567
464 633
464 944
465 488
465 522
465 598
465 913
465 976
466 487
466 612
466 638
466 713
466 830
466 833
467 500
467 659
467 705
467 777
467 950
467 1006
468 485
468 501
468 865
468 991
469 536
470 478
470 762
470 791
470 919
471 650
472 733
472 820
473 546
473 616
473 737
473 762
473 848
473 883
474 606
474 686
474 713
474 731
474 768
475 665
475 686
475 764
475 869
475 914
475 941
475 947
475 1011
476 484
476 486
476 553
476 853
476 859
478 492
478 497
478 539
478 544
478 793
478 888
478 928
478 1003
479 649
479 952
480 495
480 533
480 617
480 748
480 879
481 626
481 714
481 747
481 856
481 905
481 989
482 599
482 625
482 800
482 939
483 531
484 542
484 603
484 757
484 784
484 886
485 570
485 594
485 651
485 656
486 887
486 903
487 493
487 702
487 851
487 992
488 680
488 902
489 601
489 642
489 649
489 797
489 829
489 840
489 860
489 938
490 506
490 641
491 576
491 600
491 619
491 756
491 769
491 925
492 507
492 628
493 497
493 859
493 913
494 509
494 754
494 774
494 953
495 519
496 662
496 745
496 804
497 649
497 673
497 739
497 764
497 853
497 890
498 535
498 633
498 737
499 572
499 599
499 712
499 822
500 621
500 657
500 1019
501 587
501 699
501 764
501 825
501 844
501 845
502 824
503 618
504 542
504 702
504 718
504 813
504 889
504 925
504 949
505 958
506 533
506 535
506 648
506 950
507 517
507 580
507 586
507 784
508 722
508 933
509 600
509 826
510 661
510 767
510 775
510 904
510 922
511 558
511 1012
512 528
512 546
512 752
513 563
513 706
513 776
513 929
514 532
514 563
514 586
514 947
515 608
515 659
515 759
515 910
516 638
516 655
516 954
516 985
517 562
517 577
517 597
517 689
517 724
517 780
518 551
518 646
518 823
518 881
518 969
518 1013
519 744
520 526
520 677
520 691
520 974
521 680
521 747
521 763
521 926
521 960
522 588
522 777
522 972
522 995
522 998
523 545
523 546
523 735
523 766
523 816
523 853
523 908
523 1012
524 563
524 633
524 732
524 750
525 536
525 564
525 796
525 809
525 842
525 875
525 885
525 892
526 686
526 777
527 590
527 709
527 809
527 907
527 911
527 979
529 595
529 613
529 753
530 614
530 698
530 952
531 541
531 904
532 797
532 936
532 953
533 588
533 675
533 682
533 757
535 540
535 569
535 819
535 827
535 843
535 939
536 575
536 706
536 876
536 877
537 848
537 907
538 563
538 648
538 749
538 790
538 967
539 547
540 685
540 697
540 701
540 780
540 855
540 900
541 597
541 678
541 773
541 830
541 860
542 967
543 673
544 957
545 960
546 696
546 864
546 940
546 951
546 970
546 984
547 600
547 829
548 800
548 813
548 837
548 863
548 901
548 933
548 969
549 678
549 939
550 557
550 581
550 615
550 757
550 808
550 851
550 890
550 938
550 978
552 566
553 630
553 645
553 730
553 908
553 928
554 853
555 580
555 603
555 904
556 854
557 903
558 771
559 617
560 568
560 574
560 631
560 770
560 777
561 566
561 637
561 855
561 937
562 742
562 806
563 619
563 730
563 755
563 788
564 599
564 618
564 626
564 654
564 799
564 899
565 616
565 658
565 742
565 804
565 861
565 886
565 942
565 957
566 621
566 661
567 911
568 626
568 742
568 881
568 890
569 814
570 704
570 722
570 868
571 846
572 769
573 598
573 845
575 577
575 667
575 712
575 806
575 870
575 878
575 900
576 850
578 696
579 604
579 610
579 685
579 832
580 931
580 1009
582 740
582 820
582 982
583 694
583 766
583 1005
584 756
584 908
585 661
586 824
586 1003
587 752
588 638
588 702
588 723
588 803
588 827
588 843
588 943
588 977
589 714
591 818
591 835
592 745
592 997
593 612
593 624
593 839
593 880
594 725
594 726
594 748
594 819
594 909
596 613
596 722
596 775
596 945
597 666
597 719
597 918
600 622
600 934
601 816
602 715
603 604
603 718
604 765
604 871
604 917
605 664
605 668
605 774
605 832
606 784
606 793
606 972
606 1020
607 716
607 922
608 631
608 683
608 740
608 780
608 879
609 656
609 715
609 821
609 896
609 939
609 994
610 723
611 746
612 733
612 796
613 656
613 806
614 633
615 754
616 869
617 645
617 692
617 841
617 1022
618 619
618 632
618 862
618 901
619 725
619 736
619 880
619 1008
620 648
620 703
621 640
621 708
621 921
621 979
621 981
622 630
622 653
622 678
622 723
622 824
622 854
623 795
624 681
624 933
625 694
625 880
625 917
626 707
626 1001
627 637
627 970
628 814
628 883
628 906
630 635
631 766
631 800
631 860
632 657
632 802
633 948
633 977
634 888
635 773
635 857
635 884
636 638
636 913
636 965
636 977
637 817
637 987
639 684
639 752
639 919
639 982
639 1016
640 783
641 759
641 791
642 651
642 911
643 761
643 893
644 672
644 898
646 936
648 772
649 738
649 758
649 828
651 955
652 703
652 739
653 698
653 880
655 792
655 848
655 991
656 743
656 795
656 821
656 823
656 891
656 940
656 957
657 714
657 744
657 925
657 948
660 671
660 735
660 772
660 916
660 925
661 715
661 925
662 829
663 810
663 1018
664 702
664 733
665 923
666 703
666 761
666 782
666 826
667 708
667 771
667 978
668 842
668 906
668 996
669 883
670 845
671 860
672 771
672 828
672 1023
673 760
673 905
673 963
675 815
675 823
675 836
675 916
676 732
676 815
676 984
677 716
677 898
678 714
679 695
679 716
679 968
679 981
680 682
680 777
680 802
680 806
680 813
680 915
680 966
682 905
682 960
682 1017
683 714
683 773
683 854
683 875
683 908
686 939
687 717
689 729
689 978
690 774
690 828
691 723
691 843
691 894
691 898
691 902
691 922
692 711
693 872
693 1021
696 790
697 900
700 703
700 807
700 837
700 898
701 972
701 986
702 895
702 993
702 1010
704 906
705 987
707 849
707 899
708 760
709 883
709 906
709 939
710 816
710 974
711 802
711 844
712 907
714 720
714 751
714 834
715 737
716 1002
716 1018
717 746
717 749
717 901
720 966
720 1010
721 951
722 751
722 822
722 823
722 828
722 883
722 990
723 847
723 949
723 1003
725 925
726 812
727 729
727 754
727 915
727 964
728 852
729 758
729 814
729 950
730 860
731 980
732 786
732 857
732 979
733 834
734 810
734 865
734 880
734 887
736 925
738 748
738 783
738 927
738 979
739 782
739 801
741 901
741 915
741 954
741 1021
742 894
742 945
742 947
744 745
744 958
744 989
745 850
745 946
745 1018
746 771
746 863
746 909
746 919
749 753
749 826
749 885
751 762
751 836
751 928
751 946
751 980
753 756
753 900
753 931
753 942
754 767
755 847
755 866
755 981
757 922
758 956
758 978
758 1005
758 1006
759 875
759 941
759 998
760 797
760 899
762 768
763 989
764 908
765 969
766 787
766 816
766 835
766 1002
766 1020
767 781
767 879
767 985
767 1006
768 824
768 867
768 871
769 823
769 982
770 924
770 929
770 1001
775 904
776 859
778 811
779 954
780 818
780 873
780 929
780 946
781 831
781 957
781 997
782 783
782 793
783 988
783 1023
784 805
784 812
784 946
786 788
786 856
786 969
787 996
792 911
792 955
793 952
793 1019
794 888
796 807
799 997
800 863
802 912
803 819
803 845
803 1012
804 973
805 967
806 850
806 958
806 971
809 904
809 943
810 926
810 971
815 831
817 832
818 937
822 916
825 896
825 951
826 975
827 872
828 860
829 927
831 876
831 881
832 859
833 999
834 938
835 899
837 1007
838 988
840 889
840 912
841 911
841 983
843 964
844 868
844 982
845 1011
846 870
849 968
851 909
852 961
854 870
854 930
854 959
855 919
856 884
856 917
856 923
857 921
857 927
858 935
860 1010
861 930
865 892
873 896
874 968
874 991
875 927
876 884
877 903
877 1002
879 929
879 954
880 919
880 999
882 967
887 976
888 971
890 978
891 998
898 979
899 901
899 943
899 1007
904 942
907 962
907 982
908 985
910 919
911 1011
915 933
915 959
922 927
927 977
931 986
934 951
934 1009
934 1010
941 967
946 991
947 967
949 1022
952 989
952 1004
952 1017
954 975
954 1007
957 1015
967 976
973 1020
978 1008
980 984
985 987
989 1016
991 1018
999 1007
1007 1014
