0 100
0 121
0 123
0 239
0 337
0 453
0 487
0 488
0 494
1 2
1 42
1 75
1 98
1 175
1 184
1 204
1 208
1 212
1 222
1 249
1 284
1 310
1 366
1 384
1 480
2 16
2 59
2 109
2 156
2 175
2 193
2 223
2 237
2 245
2 265
2 327
2 342
2 485
2 506
3 40
3 81
3 179
3 209
3 227
3 349
3 428
4 60
4 100
4 244
4 248
4 284
4 347
4 377
4 427
4 434
4 482
5 12
5 59
5 95
5 144
5 199
5 222
5 237
5 376
5 395
5 440
6 31
6 118
6 134
6 177
6 199
6 225
6 231
6 311
6 338
6 346
6 359
6 403
7 11
7 13
7 94
7 104
7 112
7 184
7 221
7 257
7 295
7 357
7 434
7 441
7 447
7 482
7 490
8 26
8 103
8 161
8 423
9 124
9 141
9 207
9 293
9 353
9 361
9 364
9 389
9 417
9 436
9 445
9 487
10 21
10 31
10 33
10 36
10 126
10 192
10 209
10 268
10 400
10 441
10 442
10 490
10 495
10 507
11 26
11 33
11 120
11 135
11 142
11 147
11 247
11 303
11 424
11 459
11 506
12 70
12 76
12 193
12 223
12 262
12 274
12 301
12 413
12 437
13 43
13 44
13 108
13 163
13 201
13 246
13 341
13 388
13 408
13 416
13 454
13 456
13 499
14 17
14 49
14 102
14 108
14 130
14 133
14 137
14 160
14 163
14 166
14 195
14 213
14 223
14 264
14 278
14 349
14 415
14 498
14 509
15 16
15 54
15 170
15 245
15 310
15 321
15 328
15 362
15 425
15 491
16 62
16 72
16 84
16 134
16 224
16 246
16 258
16 378
16 409
16 418
16 446
16 451
16 455
17 21
17 70
17 122
17 154
17 215
17 266
17 281
17 347
17 378
17 455
17 460
17 477
18 20
18 65
18 74
18 116
18 143
18 196
18 282
18 310
18 339
18 343
18 400
18 450
19 49
19 158
19 171
19 183
19 319
19 481
19 507
20 38
20 101
20 180
20 183
20 233
20 251
20 343
20 351
20 361
20 394
20 415
20 442
21 23
21 111
21 177
21 178
21 192
21 206
21 250
21 263
21 320
21 333
21 340
21 373
21 475
21 480
22 26
22 32
22 53
22 56
22 109
22 111
22 158
22 172
22 329
22 345
22 350
22 364
22 430
22 443
22 448
22 453
22 500
23 39
23 42
23 48
23 104
23 132
23 181
23 192
23 212
23 234
23 242
23 315
23 346
23 353
23 432
23 453
23 463
24 51
24 158
24 196
24 223
24 288
24 301
24 331
24 349
24 368
24 459
24 460
24 509
25 33
25 81
25 214
25 225
25 334
25 336
25 343
25 448
25 492
26 40
26 76
26 119
26 136
26 143
26 163
26 211
26 250
26 300
26 306
26 324
26 333
26 340
26 352
26 359
26 360
26 445
26 495
26 501
27 33
27 61
27 118
27 179
27 240
27 349
27 410
27 412
27 477
28 31
28 71
28 134
28 230
28 231
28 295
28 297
28 394
28 416
28 445
28 511
29 56
29 112
29 159
29 253
29 263
29 265
29 282
29 303
29 305
29 307
29 444
29 450
29 463
29 483
30 61
30 122
30 130
30 159
30 292
30 364
31 57
31 71
31 114
31 134
31 159
31 175
31 201
31 218
31 387
31 460
31 504
32 164
32 196
32 209
32 226
32 257
32 433
32 482
33 51
33 64
33 99
33 119
33 190
33 191
33 197
33 226
33 255
33 260
33 332
33 367
33 373
33 393
33 451
33 461
33 470
34 48
34 62
34 195
34 213
34 256
34 260
34 289
34 383
34 418
34 458
35 43
35 47
35 48
35 95
35 129
35 179
35 216
35 284
35 308
35 316
35 329
35 347
35 417
35 443
35 490
36 67
36 125
36 126
36 140
36 151
36 215
36 284
36 301
36 351
36 367
36 413
36 433
37 83
37 97
37 172
37 196
37 217
37 347
37 376
37 415
37 426
37 478
37 497
37 508
38 46
38 54
38 85
38 112
38 122
38 135
38 265
38 273
38 274
38 314
38 315
38 345
38 350
38 481
39 76
39 103
39 308
39 396
39 403
39 431
39 443
40 41
40 74
40 82
40 256
40 371
40 372
40 403
40 406
40 477
40 483
41 45
41 58
41 91
41 166
41 193
41 235
41 299
41 314
41 333
41 356
41 397
41 398
41 451
42 47
42 157
42 232
42 236
42 246
42 401
43 57
43 95
43 244
43 257
43 315
43 387
43 391
43 395
43 426
43 451
44 79
44 86
44 157
44 425
45 75
45 107
45 128
45 164
45 252
45 414
45 419
45 446
45 464
45 490
46 52
46 219
46 268
46 272
46 305
46 321
46 331
46 455
47 75
47 92
47 93
47 94
47 104
47 137
47 151
47 164
47 175
47 198
47 217
47 219
47 345
47 358
47 369
47 381
47 404
47 424
47 476
47 478
47 483
48 71
48 101
48 127
48 170
48 200
48 244
48 252
48 257
48 267
48 348
48 427
48 450
48 460
49 59
49 150
49 159
49 252
49 278
49 491
49 508
50 111
50 284
50 318
50 350
50 374
50 385
50 428
50 447
50 458
50 474
51 55
51 146
51 228
51 293
51 304
51 321
51 335
51 414
51 420
51 464
51 483
51 494
52 187
52 223
52 239
52 257
52 264
52 317
52 351
52 353
52 402
52 409
52 470
53 73
53 90
53 109
53 195
53 247
53 305
53 309
53 464
53 475
54 88
54 141
54 159
54 233
54 258
54 267
54 312
54 317
54 332
54 334
54 425
54 436
54 455
54 461
54 465
54 482
54 490
55 70
55 172
55 190
55 210
55 264
55 286
55 290
55 296
55 337
55 340
55 345
55 397
55 431
55 495
56 109
56 110
56 194
56 201
56 209
56 255
56 291
56 350
56 359
56 482
57 90
57 97
57 148
57 151
57 159
57 212
57 227
57 240
57 250
57 266
57 272
57 280
57 354
57 381
57 387
57 458
58 117
58 121
58 125
58 142
58 221
58 305
58 323
58 329
58 433
58 505
59 61
59 84
59 118
59 135
59 152
59 164
59 223
59 335
59 355
59 357
59 404
59 446
59 457
59 482
60 80
60 170
60 185
60 208
60 217
60 439
60 504
60 508
61 84
61 130
61 143
61 168
61 204
61 284
61 345
61 383
61 387
61 429
61 439
61 440
61 448
61 511
62 137
62 227
62 228
62 257
62 271
62 320
62 336
62 369
62 372
62 374
62 392
62 427
62 430
62 472
63 121
63 205
63 324
63 385
63 452
63 473
63 493
63 494
64 89
64 157
64 235
64 299
64 330
64 369
64 381
64 388
64 402
64 424
64 509
65 71
65 89
65 93
65 108
65 128
65 132
65 247
65 304
65 308
65 314
65 398
65 432
65 443
65 453
65 468
65 470
65 504
66 101
66 193
66 228
66 239
66 273
66 353
66 413
67 82
67 94
67 155
67 193
67 195
67 204
67 211
67 216
67 236
67 356
67 382
67 397
67 398
67 399
67 422
67 473
67 483
67 494
68 71
68 90
68 109
68 133
68 188
68 216
68 251
68 260
68 391
68 395
68 417
68 465
69 119
69 149
69 155
69 207
69 244
69 325
69 338
69 374
69 386
69 467
69 477
70 104
70 158
70 187
70 199
70 236
70 251
70 258
70 275
70 320
70 364
70 371
70 373
70 401
70 460
70 488
70 489
71 213
71 215
71 224
71 277
71 308
71 318
71 372
71 383
71 414
71 419
71 435
71 442
71 444
71 467
71 476
71 483
72 74
72 115
72 119
72 124
72 137
72 195
72 210
72 253
72 328
72 384
72 386
72 391
72 497
72 508
73 105
73 186
73 211
73 213
73 263
73 293
73 326
74 108
74 205
74 267
74 309
74 352
74 393
75 125
75 143
75 245
75 253
75 256
75 262
75 314
75 358
75 365
75 368
75 426
75 433
75 453
76 96
76 122
76 125
76 161
76 182
76 208
76 230
76 273
76 285
76 309
76 340
76 365
76 433
76 481
76 483
77 114
77 181
77 184
77 241
77 389
77 391
77 400
77 451
78 153
78 231
78 234
78 314
78 354
78 355
78 358
78 376
78 384
78 399
78 488
79 178
79 192
79 248
79 256
79 281
79 284
79 292
79 300
79 454
79 482
79 488
79 490
80 99
80 104
80 117
80 160
80 182
80 188
80 213
80 260
80 306
80 344
80 458
80 470
80 501
80 503
81 159
81 306
81 375
81 378
81 428
81 463
82 93
82 131
82 142
82 207
82 229
82 250
82 331
82 350
82 375
82 490
83 144
83 155
83 168
83 172
83 194
83 223
83 239
83 242
83 247
83 340
83 373
83 393
83 445
83 451
83 502
84 88
84 100
84 146
84 292
84 302
84 306
84 337
84 358
84 373
85 167
85 246
85 315
85 357
85 382
85 427
85 467
85 476
86 112
86 139
86 182
86 243
86 245
86 330
86 354
86 405
86 427
86 439
86 447
86 468
86 474
87 91
87 121
87 184
87 261
87 282
87 286
87 358
87 400
87 466
87 494
88 100
88 124
88 138
88 139
88 220
88 301
88 319
88 348
88 375
88 482
88 506
89 105
89 107
89 139
89 163
89 185
89 199
89 203
89 206
89 285
89 293
89 304
89 335
89 444
89 478
90 241
90 255
90 264
90 284
90 289
90 339
90 356
90 432
90 444
91 98
91 126
91 139
91 149
91 161
91 171
91 173
91 176
91 255
91 284
91 446
91 477
92 138
92 155
92 181
92 210
92 240
92 262
92 305
92 374
92 467
93 121
93 127
93 143
93 149
93 269
93 302
93 326
93 338
93 344
93 354
93 369
93 372
93 386
94 115
94 184
94 224
94 233
94 249
94 295
94 314
94 376
94 385
94 473
94 502
95 130
95 134
95 138
95 163
95 191
95 227
95 232
95 266
95 284
95 314
95 338
95 365
95 428
96 119
96 180
96 191
96 216
96 221
96 225
96 256
96 305
96 348
96 410
96 427
96 446
97 107
97 138
97 188
97 208
97 255
97 353
97 369
97 388
97 415
97 499
98 99
98 217
98 243
98 271
98 301
98 326
98 386
98 392
98 499
99 204
99 219
99 223
99 242
99 278
99 308
99 309
99 396
99 424
99 457
99 461
99 496
100 110
100 144
100 162
100 170
100 230
100 353
100 394
100 396
100 471
101 111
101 156
101 173
101 184
101 249
101 274
101 327
101 373
101 509
102 103
102 218
102 235
102 307
102 321
102 445
102 459
103 125
103 191
103 349
103 433
103 471
104 169
104 183
104 357
104 394
104 400
104 423
104 448
104 482
104 485
104 491
104 499
105 106
105 150
105 188
105 192
105 217
105 224
105 259
105 280
105 284
105 386
105 420
105 439
105 443
105 475
106 124
106 133
106 135
106 155
106 203
106 231
106 318
106 366
106 419
106 436
106 458
106 468
106 475
106 481
107 145
107 151
107 256
107 310
107 330
107 373
107 464
107 485
108 136
108 155
108 167
108 184
108 214
108 225
108 248
108 296
108 299
108 354
108 394
108 437
108 452
108 478
108 500
109 123
109 158
109 258
109 485
110 155
110 187
110 193
110 203
110 256
110 305
110 313
110 417
110 456
110 468
111 163
111 169
111 179
111 206
111 248
111 257
111 367
111 373
111 374
111 389
111 434
112 171
112 177
112 256
112 268
112 279
112 326
112 334
112 356
112 358
112 372
112 438
112 478
113 120
113 183
113 193
113 213
113 233
113 261
113 274
113 308
113 321
113 379
113 452
113 467
113 509
114 159
114 252
114 292
114 294
114 430
114 432
114 441
114 459
114 491
115 126
115 132
115 140
115 234
115 249
115 303
115 371
115 389
115 396
115 398
116 170
116 187
116 228
116 254
116 268
116 320
116 370
116 399
116 463
116 493
117 118
117 129
117 144
117 203
117 231
117 251
117 254
117 278
117 364
117 390
117 464
117 477
117 494
117 510
118 161
118 178
118 185
118 280
118 290
118 302
118 311
118 318
118 326
118 426
118 461
118 463
118 470
118 474
118 477
119 133
119 253
119 281
119 425
119 430
119 495
120 143
120 194
120 238
120 240
120 248
120 255
120 263
120 264
120 369
120 375
120 394
120 428
120 505
121 194
121 201
121 204
121 218
121 235
121 263
121 310
121 311
121 316
121 323
121 462
122 176
122 199
122 206
122 329
122 386
122 446
122 455
122 458
123 141
123 165
123 188
123 242
123 253
123 261
123 272
123 295
123 296
123 302
123 366
123 395
123 449
123 462
123 496
124 244
124 294
124 323
124 334
125 219
125 273
125 349
125 387
125 433
125 459
126 130
126 138
126 140
126 171
126 228
126 238
126 240
126 359
126 365
126 369
126 454
126 476
127 134
127 206
127 220
127 228
127 246
127 258
127 260
127 310
127 335
127 455
127 511
128 157
128 159
128 162
128 174
128 212
128 216
128 219
128 233
128 262
128 265
128 303
128 346
128 355
128 364
128 368
128 407
128 426
128 441
128 467
128 481
129 133
129 161
129 170
129 259
129 296
129 316
129 320
129 338
129 346
129 353
129 473
129 484
129 496
130 258
130 297
130 316
130 361
130 391
130 432
130 440
130 453
130 499
130 504
131 152
131 177
131 223
131 227
131 315
131 354
131 355
131 371
131 402
131 476
131 502
131 505
131 506
132 148
132 206
132 225
132 256
132 500
133 146
133 203
133 324
133 331
133 482
134 149
134 230
134 261
134 291
134 316
134 466
135 168
135 238
135 295
135 302
135 332
135 366
135 386
136 155
136 180
136 188
136 196
136 317
136 354
136 502
136 503
136 506
137 176
137 214
137 292
137 327
137 366
137 370
137 412
137 448
137 508
138 157
138 178
138 234
138 250
138 278
138 298
138 301
138 345
138 375
138 394
138 404
138 443
138 455
139 142
139 168
139 175
139 191
139 207
139 208
139 253
139 324
139 387
139 488
139 492
140 212
140 224
140 296
140 365
140 393
140 394
140 455
140 493
141 143
141 172
141 228
141 235
141 258
141 417
141 424
141 425
141 488
141 500
142 168
142 230
142 241
142 322
142 373
142 397
142 400
142 409
142 449
142 455
142 494
142 498
143 144
143 157
143 168
143 214
143 219
143 241
143 297
143 320
143 457
143 491
144 175
144 207
144 231
144 294
144 298
144 368
144 378
144 407
144 468
145 149
145 234
145 274
145 287
145 379
145 386
145 410
145 447
145 506
146 165
146 190
146 251
146 426
146 472
146 500
146 510
147 305
147 319
147 357
147 380
147 381
147 384
147 394
147 411
148 153
148 158
148 211
148 238
148 243
148 259
148 282
148 321
148 397
149 154
149 211
149 216
149 228
149 295
149 302
149 415
149 439
149 447
149 493
150 188
150 241
150 289
150 297
150 347
150 403
150 468
150 499
151 192
151 205
151 253
151 258
151 290
152 153
152 263
152 313
152 327
152 404
152 491
153 173
153 241
153 287
153 333
153 368
153 371
153 375
153 437
153 492
153 495
154 162
154 292
154 348
154 421
154 428
154 497
155 183
155 205
155 317
155 456
155 497
156 158
156 193
156 233
156 248
156 269
156 270
156 287
156 357
156 385
156 398
156 404
156 432
157 227
157 320
157 424
157 482
157 488
157 500
158 198
158 212
158 345
158 346
158 406
159 165
159 182
159 236
159 277
159 299
159 314
159 350
159 398
159 413
160 183
160 221
160 255
160 257
160 304
160 505
161 200
161 239
161 257
161 276
161 363
161 366
161 410
161 420
161 470
162 170
162 183
162 216
162 349
162 379
162 401
162 451
162 460
162 467
162 473
163 209
163 251
163 262
163 295
163 438
163 469
163 479
163 492
164 201
164 202
164 333
164 349
165 271
165 290
165 296
165 329
165 366
165 420
165 468
165 491
166 172
166 181
166 323
166 335
166 410
166 420
166 430
166 452
167 230
167 231
167 454
167 497
168 175
168 176
168 182
168 189
168 217
168 277
168 395
168 473
168 485
169 190
169 191
169 195
169 224
169 230
169 270
169 309
169 360
169 383
169 487
170 307
170 309
170 312
170 317
170 364
170 386
170 433
170 443
171 203
171 248
171 293
171 331
171 355
171 383
171 385
171 496
171 501
172 211
172 260
172 274
172 310
172 334
172 348
172 370
172 446
172 486
172 500
173 184
173 200
173 216
173 218
173 234
173 405
173 459
173 488
173 508
174 194
174 207
174 215
174 222
174 271
174 309
174 374
174 400
174 404
175 191
175 212
175 248
175 332
175 349
175 401
175 450
175 465
175 504
176 190
176 195
176 209
176 220
176 243
176 264
176 266
176 312
176 362
176 461
176 484
176 485
176 495
177 200
177 221
177 311
177 334
177 363
177 377
177 434
177 490
178 190
178 201
178 230
178 315
178 338
178 363
178 369
178 496
179 217
179 237
179 266
179 296
179 306
179 387
179 422
179 423
179 426
179 480
179 504
180 192
180 213
180 309
180 315
180 352
180 369
180 415
180 440
180 453
180 496
181 192
181 328
181 331
181 394
181 482
181 485
181 489
182 211
182 212
182 335
182 424
182 438
182 466
183 188
183 228
183 305
183 461
184 230
184 276
184 280
184 347
184 384
184 385
184 404
184 459
184 465
184 482
184 485
184 486
185 187
185 264
185 300
185 301
185 353
185 395
185 423
185 505
186 192
186 196
186 238
186 240
186 270
186 318
186 330
186 400
186 427
186 476
186 496
186 503
187 243
187 295
187 322
187 368
187 435
188 194
188 212
188 235
188 316
188 319
188 439
188 458
188 498
189 206
189 259
189 272
189 302
189 346
189 443
190 222
190 226
190 244
190 309
190 364
190 443
190 446
190 470
190 484
191 252
191 319
191 344
191 378
191 412
191 448
191 469
191 492
191 497
191 509
192 214
192 354
192 456
192 481
192 498
193 214
193 317
193 334
193 394
193 398
193 408
193 426
193 472
194 312
194 334
194 415
194 436
194 437
194 476
194 486
194 493
195 224
195 229
195 266
195 288
195 331
195 383
195 390
196 201
196 242
196 249
196 252
196 302
196 306
196 339
196 340
196 348
196 362
196 406
196 412
196 453
196 479
196 492
196 503
196 511
197 212
197 265
197 379
197 426
197 496
198 226
198 252
198 342
198 360
198 370
198 399
198 419
198 472
198 493
199 407
199 415
199 425
199 433
199 453
199 477
199 479
199 500
200 301
200 316
200 326
200 504
201 216
201 244
201 248
201 295
201 367
201 404
201 461
201 467
201 479
201 491
201 500
202 242
202 262
202 273
202 325
202 327
202 344
202 347
202 390
202 400
203 324
203 386
203 402
203 435
203 437
203 453
203 461
203 486
203 505
204 292
204 385
204 427
204 452
204 498
205 210
205 228
205 233
205 247
205 270
205 413
205 434
205 478
206 238
206 275
206 280
206 286
206 345
206 364
206 444
206 448
207 250
207 258
207 331
207 341
207 378
207 414
207 439
208 284
208 289
208 312
208 325
208 346
208 407
208 452
208 464
208 487
209 242
209 275
209 449
210 220
210 241
210 245
210 249
210 270
210 310
210 325
210 335
210 410
210 432
210 470
211 237
211 310
211 325
211 351
211 362
211 375
211 479
212 230
212 315
212 319
212 327
212 484
213 306
213 357
213 373
213 381
213 406
213 408
213 457
213 464
213 466
213 492
214 303
214 359
214 367
214 429
214 452
214 496
214 511
215 233
215 246
215 259
215 276
215 279
215 328
215 351
215 377
215 440
215 445
215 463
215 494
216 246
216 293
216 301
216 316
216 431
216 492
217 310
217 378
218 249
218 262
218 320
218 358
218 433
219 257
219 258
219 314
219 320
219 363
219 415
219 484
219 494
220 272
220 316
220 328
220 382
220 482
221 257
221 273
221 280
221 286
221 296
221 399
221 432
221 479
221 510
222 237
222 278
222 288
222 322
222 487
223 364
223 374
223 395
223 445
223 460
224 231
224 293
224 393
224 413
224 460
225 272
225 367
225 504
226 243
226 245
226 248
226 253
226 376
226 392
226 477
227 320
227 492
228 293
228 298
228 349
228 391
228 392
228 472
229 279
230 269
230 292
230 393
230 394
230 417
230 429
231 433
232 319
232 321
232 429
232 482
233 256
233 277
233 451
234 236
234 289
234 290
234 311
234 334
234 369
234 406
234 417
235 258
235 283
235 315
235 393
235 433
235 450
235 487
235 489
236 306
236 420
236 424
237 318
237 364
237 427
237 493
238 250
238 274
238 281
238 379
238 386
238 445
238 476
238 492
239 270
239 294
239 319
239 328
239 410
240 336
240 475
241 267
241 273
241 304
241 307
241 353
241 369
241 432
241 446
241 466
241 498
242 256
242 331
242 503
243 257
243 289
243 297
243 392
243 393
243 409
244 299
244 363
244 415
244 490
245 272
245 279
245 364
245 365
245 382
245 407
245 453
245 480
245 482
246 268
246 276
246 290
246 368
246 372
246 404
246 444
246 450
246 460
247 257
247 322
247 324
247 337
247 388
247 401
247 430
248 313
248 378
248 403
248 409
248 465
249 260
249 331
249 366
249 376
249 407
249 493
250 305
250 339
250 373
250 393
251 298
251 439
251 465
251 497
251 498
251 505
252 277
252 287
252 313
252 328
252 353
252 455
252 506
253 283
253 307
253 334
253 439
253 464
253 466
253 474
253 486
254 277
254 286
254 294
254 339
254 391
254 461
255 271
255 379
255 381
255 458
255 474
255 477
255 487
255 502
256 264
256 283
256 365
256 407
256 417
256 418
256 470
256 472
256 489
257 264
257 301
257 345
257 396
257 438
258 294
258 312
258 338
258 396
258 455
258 458
258 505
259 342
259 359
259 404
259 411
259 462
259 483
259 493
260 284
260 295
260 357
260 376
260 413
260 465
260 494
261 312
261 328
261 332
261 341
261 411
261 430
261 431
261 465
261 496
261 504
262 302
262 305
262 372
262 392
262 396
262 418
262 504
263 292
263 313
263 361
263 392
263 436
263 459
263 462
263 477
263 506
264 265
264 266
264 338
264 340
264 376
264 390
264 435
264 447
264 449
264 466
265 331
265 421
265 426
265 432
265 502
266 415
266 477
267 270
267 314
267 337
267 345
267 364
267 400
267 418
267 429
267 433
268 270
268 327
268 340
268 371
268 478
268 498
269 297
269 325
269 411
269 429
269 436
269 466
269 471
269 484
269 507
270 272
270 281
270 341
270 357
270 409
270 441
270 496
270 498
271 274
271 339
271 348
271 367
271 399
271 405
271 472
272 306
272 322
272 323
272 339
272 345
272 352
272 418
272 486
272 495
273 315
273 335
273 372
273 387
273 431
273 460
273 492
273 509
274 312
274 357
274 366
274 388
274 406
274 433
274 449
274 483
275 303
275 381
275 399
275 401
275 433
275 440
275 479
275 480
276 426
276 459
277 290
277 364
277 370
277 418
277 427
277 444
278 284
278 292
278 324
278 414
278 437
278 503
278 506
278 509
279 289
279 331
279 342
279 377
279 483
280 338
280 424
280 431
280 486
281 355
281 381
281 421
281 423
281 457
281 482
282 328
282 373
282 408
282 421
282 490
283 298
283 314
283 321
283 354
283 371
283 397
283 456
284 320
284 328
284 396
284 414
284 449
284 497
285 317
285 370
285 381
286 299
286 303
286 315
286 445
287 293
287 373
288 350
288 370
288 470
288 471
289 407
289 422
289 441
289 442
290 394
290 404
291 323
291 333
291 334
291 417
291 438
291 476
292 393
292 418
292 457
292 484
292 499
293 339
293 399
294 439
294 452
294 462
294 471
295 301
295 307
295 321
295 413
295 429
295 450
295 491
296 357
296 485
297 356
297 383
297 394
297 509
298 386
298 391
298 429
298 479
299 379
299 478
300 313
300 341
300 406
300 408
300 494
301 326
301 335
301 344
301 432
301 456
301 505
302 342
302 356
302 425
302 429
302 485
303 345
303 348
303 381
303 390
303 411
303 418
303 457
304 318
304 371
304 390
304 405
304 438
304 480
304 485
305 332
305 343
305 367
305 416
305 421
306 333
306 349
306 385
307 350
307 383
307 398
308 376
310 312
310 337
310 356
310 357
310 361
310 385
310 432
310 441
310 445
310 505
311 337
311 382
311 428
311 429
311 450
311 458
311 484
311 492
312 318
312 383
312 434
312 461
312 474
312 479
312 481
312 486
312 497
312 508
313 321
313 371
313 373
313 509
314 376
314 436
315 359
315 364
315 433
316 347
316 378
316 384
316 470
316 472
316 507
317 344
318 321
318 362
318 400
318 467
319 327
319 421
319 438
319 461
319 499
320 345
320 354
320 369
320 386
320 496
320 508
321 333
321 359
321 373
321 377
321 404
321 481
321 487
321 504
322 326
322 332
322 394
322 422
322 428
323 329
323 353
323 358
323 365
323 417
323 439
323 462
323 496
324 391
324 426
324 501
325 407
325 435
325 453
326 430
326 448
327 372
327 396
327 456
327 468
327 492
328 420
328 436
328 496
329 449
329 465
329 476
329 483
330 340
330 343
330 451
331 394
331 434
331 493
332 353
332 384
332 390
332 420
332 501
333 448
333 476
334 373
334 498
335 358
335 365
335 382
335 453
335 480
336 346
336 391
336 503
337 351
337 380
337 449
337 500
337 510
338 345
338 359
338 360
338 378
338 474
338 496
339 446
340 394
340 429
340 474
341 443
341 490
342 425
342 508
343 389
343 392
343 457
344 407
345 370
345 413
346 361
346 367
346 416
346 441
346 454
347 467
348 444
348 485
348 487
349 355
349 380
349 413
349 417
349 469
350 388
350 404
350 501
351 358
351 386
351 420
351 431
351 460
351 496
352 366
352 367
352 465
353 391
353 411
353 468
354 454
355 381
355 433
355 460
355 478
356 430
356 442
356 443
356 510
357 371
357 393
357 437
357 444
357 478
357 500
358 411
358 445
358 498
359 467
360 370
360 389
360 409
361 363
361 369
361 416
361 423
362 445
362 450
362 476
362 478
363 397
363 420
363 429
363 435
363 444
364 377
364 392
364 437
364 443
365 368
365 384
365 429
365 511
366 448
366 457
366 491
366 494
366 499
367 379
367 420
367 460
368 400
369 375
369 418
369 442
369 448
369 470
369 479
370 379
370 437
370 452
370 476
370 498
370 499
371 484
371 488
372 425
372 460
372 464
372 499
373 376
373 400
373 412
373 419
373 427
373 433
373 480
374 471
374 495
375 385
375 437
375 475
376 393
376 444
376 458
376 480
376 486
376 492
377 383
377 463
378 426
378 461
379 434
379 436
379 443
380 456
381 426
381 430
381 469
381 485
381 495
382 394
382 403
382 411
382 464
382 470
382 480
383 405
383 444
383 471
383 481
384 391
384 448
384 479
385 388
385 475
385 495
386 447
386 454
386 496
386 503
386 511
387 491
387 511
388 497
389 393
389 408
389 450
389 504
391 404
391 470
392 455
392 467
392 491
392 511
393 432
393 469
393 483
393 490
393 498
394 424
394 431
394 433
394 447
394 455
395 498
396 453
398 433
398 448
398 451
398 504
400 466
400 478
401 436
402 405
402 504
402 509
403 431
403 467
403 484
404 406
404 445
404 490
404 491
405 413
405 431
406 497
407 413
407 427
407 435
408 432
408 433
408 472
408 511
409 417
409 475
409 500
410 469
410 474
411 418
411 432
411 455
411 465
411 488
412 446
412 448
412 508
413 414
413 417
414 444
414 457
414 459
414 475
415 427
415 466
415 473
415 474
415 478
415 503
416 422
417 428
418 478
418 502
419 452
420 433
421 474
421 477
422 487
423 452
423 511
424 483
425 442
425 461
425 471
425 506
426 446
427 445
427 502
428 441
429 464
430 447
431 458
431 466
432 449
432 488
434 468
434 474
434 475
434 489
435 446
435 467
435 500
437 462
437 491
438 462
439 448
439 472
440 449
440 505
441 453
442 480
443 502
444 462
444 468
444 488
446 476
446 493
447 464
447 466
447 501
448 466
448 493
449 456
450 455
450 476
451 460
451 510
452 498
453 478
453 481
453 484
453 485
454 487
455 500
456 492
456 501
458 480
458 507
459 465
459 487
461 507
462 484
462 504
463 509
464 508
466 485
467 468
467 491
468 492
468 508
469 472
473 480
476 501
477 511
479 481
479 497
481 490
485 495
485 511
487 496
487 506
488 493
489 497
489 501
490 492
490 504
491 501
492 494
506 511
510 511
