0 41
0 110
0 121
0 172
0 208
0 291
0 337
0 368
0 487
0 488
1 2
1 175
1 204
1 212
1 222
1 249
1 310
1 341
1 366
1 384
1 503
2 59
2 109
2 138
2 156
2 175
2 193
2 223
2 237
2 245
2 265
2 327
2 342
2 370
2 485
2 506
3 40
3 81
3 94
3 177
3 179
3 209
3 227
3 370
3 428
4 23
4 60
4 100
4 248
4 284
4 298
4 347
4 377
4 434
4 482
5 12
5 26
5 95
5 144
5 199
5 222
5 237
5 249
5 299
5 316
5 320
5 360
5 470
6 31
6 33
6 47
6 65
6 118
6 134
6 177
6 187
6 199
6 225
6 231
6 269
6 311
6 338
6 346
6 357
6 359
7 13
7 94
7 104
7 184
7 221
7 257
7 264
7 313
7 343
7 394
7 434
7 441
7 447
8 26
8 27
8 49
8 161
8 204
8 355
8 423
8 428
8 511
9 116
9 141
9 207
9 265
9 338
9 353
9 361
9 364
9 389
9 445
9 487
10 31
10 33
10 66
10 117
10 126
10 131
10 192
10 209
10 297
10 301
10 370
10 400
10 441
10 442
10 490
10 495
11 71
11 120
11 142
11 147
11 203
11 206
11 314
11 405
11 443
11 459
12 70
12 76
12 101
12 221
12 262
12 274
12 301
12 402
12 415
12 419
13 33
13 43
13 44
13 108
13 201
13 246
13 341
13 364
13 388
13 408
13 416
13 454
13 499
14 17
14 49
14 102
14 117
14 137
14 160
14 163
14 166
14 195
14 213
14 223
14 229
14 264
14 278
14 415
14 433
14 509
15 40
15 54
15 76
15 100
15 106
15 170
15 245
15 310
15 316
15 321
15 394
15 425
16 62
16 84
16 161
16 199
16 223
16 224
16 246
16 277
16 371
16 378
16 409
16 418
16 446
16 451
16 455
17 38
17 70
17 122
17 154
17 201
17 215
17 266
17 281
17 347
17 455
17 457
18 20
18 65
18 74
18 198
18 258
18 282
18 343
18 393
18 400
18 450
19 49
19 76
19 81
19 158
19 171
19 373
19 466
19 481
19 495
19 507
20 27
20 101
20 105
20 180
20 183
20 189
20 214
20 233
20 251
20 253
20 284
20 343
20 351
20 358
20 361
20 394
20 415
20 487
21 23
21 183
21 250
21 263
21 320
21 340
21 480
21 506
22 26
22 32
22 53
22 56
22 80
22 103
22 109
22 158
22 172
22 244
22 345
22 430
22 440
22 448
22 453
22 485
22 500
23 39
23 42
23 48
23 104
23 105
23 132
23 165
23 181
23 192
23 212
23 234
23 242
23 247
23 315
23 346
23 353
23 432
23 453
23 463
24 158
24 196
24 288
24 331
24 368
24 459
24 509
25 52
25 81
25 92
25 214
25 225
25 334
25 343
25 492
26 40
26 76
26 119
26 128
26 136
26 143
26 163
26 211
26 219
26 250
26 306
26 333
26 340
26 352
26 360
26 445
26 495
26 496
26 501
26 510
27 33
27 42
27 61
27 69
27 118
27 179
27 240
27 348
27 349
27 410
27 412
27 425
28 31
28 134
28 138
28 143
28 231
28 295
28 297
28 394
28 416
28 445
29 30
29 56
29 112
29 159
29 171
29 206
29 240
29 265
29 282
29 303
29 305
29 307
29 413
29 450
30 61
30 130
30 159
30 292
30 318
30 364
30 367
31 57
31 63
31 70
31 71
31 134
31 157
31 159
31 175
31 201
31 218
31 282
31 387
31 460
32 88
32 164
32 226
32 433
32 482
32 509
33 64
33 99
33 119
33 191
33 194
33 197
33 235
33 255
33 260
33 325
33 332
33 346
33 367
33 368
33 451
33 461
33 470
33 484
34 48
34 195
34 260
34 289
34 309
34 327
34 418
34 439
34 458
34 484
35 47
35 48
35 79
35 95
35 179
35 216
35 235
35 284
35 308
35 316
35 329
35 347
35 367
35 417
36 72
36 128
36 140
36 151
36 176
36 201
36 215
36 262
36 284
36 289
36 301
36 351
36 367
36 409
36 413
36 433
36 442
36 511
37 83
37 97
37 208
37 347
37 376
37 478
38 54
38 112
38 135
38 265
38 273
38 297
38 314
38 345
38 350
38 378
38 433
39 76
39 308
39 396
39 407
39 431
39 451
40 74
40 82
40 256
40 371
40 372
40 406
40 468
40 477
40 499
41 45
41 58
41 91
41 111
41 117
41 235
41 285
41 299
41 314
41 356
41 451
42 60
42 155
42 157
42 164
42 210
42 232
42 236
42 241
42 401
42 474
42 497
43 57
43 95
43 98
43 120
43 226
43 244
43 257
43 274
43 315
43 391
43 395
43 451
43 484
43 510
44 86
44 88
44 157
44 183
44 425
45 67
45 75
45 92
45 107
45 128
45 164
45 204
45 252
45 414
45 419
45 446
45 464
45 490
46 126
46 219
46 268
46 272
46 301
46 305
46 321
46 331
46 354
46 412
47 92
47 93
47 94
47 137
47 151
47 164
47 198
47 217
47 219
47 312
47 334
47 335
47 358
47 381
47 404
47 424
47 456
47 476
47 483
47 496
48 71
48 88
48 93
48 101
48 218
48 244
48 252
48 257
48 267
48 288
48 431
48 450
49 59
49 86
49 102
49 150
49 159
49 252
49 278
49 307
49 404
49 491
49 508
50 111
50 127
50 248
50 284
50 318
50 350
50 374
50 385
50 447
50 453
50 458
51 55
51 145
51 228
51 293
51 304
51 321
51 355
51 414
51 420
51 483
51 494
52 110
52 223
52 239
52 257
52 264
52 309
52 317
52 351
52 393
52 402
52 421
52 470
53 90
53 109
53 181
53 247
53 305
53 309
53 464
53 475
54 141
54 155
54 159
54 187
54 231
54 258
54 267
54 312
54 317
54 332
54 334
54 422
54 436
54 455
54 461
54 465
54 482
54 487
54 490
55 59
55 70
55 172
55 190
55 210
55 264
55 286
55 290
55 296
55 337
55 340
55 397
55 495
56 110
56 194
56 201
56 209
56 255
56 291
56 350
56 359
56 482
57 90
57 97
57 148
57 151
57 159
57 212
57 240
57 250
57 266
57 272
57 292
57 327
57 354
57 381
57 387
57 442
57 458
58 121
58 125
58 142
58 221
58 305
58 317
58 329
58 433
58 505
59 84
59 118
59 135
59 152
59 223
59 241
59 311
59 335
59 343
59 357
59 390
59 404
59 446
59 451
59 457
60 65
60 80
60 170
60 185
60 208
60 221
60 247
60 340
60 404
60 439
60 483
60 504
60 508
61 84
61 130
61 143
61 168
61 200
61 204
61 284
61 313
61 324
61 345
61 383
61 387
61 429
61 440
61 448
62 67
62 93
62 155
62 209
62 257
62 280
62 336
62 372
62 374
62 392
62 430
62 472
63 86
63 120
63 121
63 205
63 306
63 324
63 385
63 452
63 473
63 484
63 493
63 494
64 89
64 223
64 235
64 330
64 369
64 381
64 388
64 402
64 424
64 496
64 509
65 71
65 109
65 128
65 147
65 247
65 304
65 308
65 312
65 314
65 335
65 352
65 396
65 459
65 470
65 484
66 101
66 120
66 148
66 193
66 239
66 273
66 286
66 413
66 498
67 82
67 94
67 155
67 193
67 204
67 211
67 216
67 273
67 356
67 382
67 397
67 399
67 422
67 473
67 483
67 494
68 71
68 90
68 109
68 133
68 188
68 190
68 216
68 260
68 391
68 395
68 417
68 459
69 149
69 155
69 207
69 244
69 286
69 298
69 338
69 353
69 386
69 477
70 104
70 158
70 176
70 199
70 236
70 238
70 251
70 258
70 273
70 275
70 320
70 401
70 426
70 484
70 488
70 508
71 122
71 213
71 215
71 229
71 277
71 302
71 308
71 318
71 319
71 323
71 332
71 383
71 444
71 452
71 467
71 476
72 74
72 77
72 115
72 119
72 124
72 137
72 195
72 210
72 253
72 284
72 289
72 328
72 375
72 386
72 391
72 497
72 508
73 105
73 186
73 228
73 265
73 293
73 295
73 311
73 326
74 99
74 108
74 205
74 267
74 305
74 309
74 318
74 348
74 352
74 393
75 119
75 245
75 253
75 262
75 350
75 358
75 365
75 368
75 419
75 426
75 453
75 473
75 511
76 125
76 137
76 208
76 230
76 285
76 309
76 340
76 365
76 433
76 445
76 481
76 483
76 487
77 100
77 114
77 181
77 184
77 215
77 241
77 339
77 379
77 389
77 391
77 439
77 451
78 153
78 201
78 234
78 240
78 354
78 358
78 376
78 467
78 488
79 178
79 179
79 204
79 256
79 281
79 284
79 292
79 293
79 294
79 296
79 300
79 316
79 380
79 454
79 482
79 488
79 490
80 99
80 104
80 117
80 160
80 182
80 260
80 267
80 269
80 305
80 306
80 344
80 451
80 458
80 497
80 498
80 503
81 122
81 145
81 375
81 378
81 419
81 428
82 93
82 142
82 207
82 350
82 397
82 490
83 88
83 144
83 155
83 172
83 194
83 239
83 242
83 247
83 336
83 340
83 373
83 393
83 400
84 88
84 100
84 146
84 257
84 292
84 306
84 337
84 373
85 167
85 232
85 315
85 357
85 414
85 427
85 467
85 476
86 112
86 139
86 245
86 322
86 330
86 337
86 354
86 405
86 439
86 453
86 468
87 91
87 108
87 121
87 136
87 156
87 261
87 282
87 286
87 358
87 400
87 466
87 494
87 498
88 124
88 139
88 220
88 319
88 329
88 375
88 506
89 105
89 107
89 163
89 199
89 203
89 285
89 292
89 293
89 304
89 305
89 335
89 444
90 108
90 191
90 255
90 264
90 284
90 356
90 432
90 444
90 471
91 94
91 98
91 139
91 171
91 173
91 174
91 176
91 255
91 284
91 365
91 446
91 461
91 477
91 487
91 492
92 138
92 155
92 181
92 210
92 240
92 259
92 262
92 305
92 374
92 467
92 481
93 121
93 149
93 269
93 289
93 302
93 324
93 326
93 338
93 344
93 354
93 369
94 115
94 233
94 249
94 295
94 324
94 376
94 377
94 473
95 121
95 130
95 134
95 138
95 227
95 232
95 266
95 284
95 314
95 338
95 343
95 365
96 111
96 119
96 180
96 200
96 216
96 217
96 221
96 225
96 256
96 410
96 427
96 446
97 107
97 138
97 180
97 208
97 255
97 291
97 326
97 353
97 399
97 499
98 99
98 220
98 243
98 271
98 330
98 386
99 197
99 204
99 219
99 242
99 278
99 298
99 308
99 309
99 362
99 396
99 457
99 496
100 101
100 110
100 162
100 170
100 192
100 224
100 230
100 265
100 471
101 156
101 184
101 194
101 253
101 459
102 103
102 218
102 235
102 303
102 307
102 319
102 406
103 125
103 138
103 191
103 349
103 433
104 169
104 183
104 400
104 423
104 482
104 485
104 491
104 499
105 142
105 150
105 188
105 192
105 217
105 224
105 259
105 280
105 297
105 335
105 374
105 420
105 467
105 475
106 124
106 133
106 135
106 155
106 203
106 318
106 330
106 390
106 436
106 453
106 458
106 475
107 145
107 256
107 276
107 310
107 330
107 468
107 485
108 136
108 155
108 162
108 167
108 184
108 214
108 248
108 296
108 299
108 342
108 354
108 394
108 437
108 452
108 478
108 484
108 489
108 498
108 499
108 500
109 123
109 206
109 258
109 330
109 332
109 363
109 485
110 139
110 155
110 187
110 281
110 305
110 313
110 339
110 417
110 432
110 456
110 501
111 154
111 169
111 248
111 257
111 285
111 347
111 366
111 367
111 373
111 389
111 410
111 417
111 434
112 171
112 177
112 256
112 279
112 316
112 326
112 356
112 372
112 394
112 411
112 437
112 478
113 120
113 129
113 183
113 213
113 233
113 261
113 274
113 308
113 321
113 342
113 379
113 452
113 467
114 131
114 159
114 198
114 245
114 252
114 294
114 339
114 347
114 436
114 441
114 451
114 459
114 491
115 126
115 132
115 140
115 234
115 249
115 272
115 303
115 341
115 371
115 389
115 396
115 414
116 159
116 170
116 187
116 228
116 268
116 320
116 370
116 379
116 399
116 463
116 492
117 118
117 129
117 144
117 166
117 227
117 231
117 254
117 278
117 292
117 364
117 390
117 451
117 477
117 485
117 486
117 494
117 498
117 505
117 510
118 156
118 161
118 178
118 185
118 280
118 290
118 302
118 318
118 326
118 395
118 445
118 461
118 463
118 474
119 229
119 253
119 279
119 354
119 388
119 425
119 495
120 229
120 238
120 240
120 248
120 255
120 263
120 306
120 375
120 403
120 428
120 451
120 505
121 201
121 235
121 263
121 310
121 311
121 316
121 323
121 462
122 280
122 329
122 386
122 412
122 414
122 446
122 506
123 141
123 165
123 188
123 238
123 242
123 253
123 261
123 295
123 296
123 302
123 395
123 449
123 496
124 159
124 244
124 279
124 294
124 323
124 334
125 219
125 241
125 273
125 279
125 359
125 387
125 459
125 473
126 129
126 130
126 138
126 140
126 228
126 238
126 241
126 245
126 359
126 365
126 369
126 371
126 454
126 476
127 134
127 228
127 231
127 260
127 310
128 159
128 162
128 212
128 216
128 219
128 233
128 235
128 242
128 265
128 305
128 311
128 346
128 355
128 368
128 407
128 481
129 133
129 161
129 170
129 213
129 259
129 296
129 316
129 324
129 338
129 353
129 473
129 496
129 510
130 327
130 389
130 432
130 453
130 499
131 177
131 227
131 254
131 315
131 354
131 355
131 371
131 379
131 386
131 402
131 476
131 486
131 502
131 505
132 153
132 188
132 189
132 206
132 256
132 282
132 289
132 299
132 419
132 500
133 146
133 203
133 331
133 482
134 230
134 291
134 466
135 168
135 234
135 238
135 268
135 332
135 366
135 400
135 437
135 452
135 507
136 180
136 188
136 295
136 354
136 502
136 503
136 508
137 176
137 292
137 304
137 327
137 366
137 370
137 383
138 178
138 184
138 234
138 301
138 345
138 375
138 404
138 479
139 142
139 168
139 175
139 191
139 208
139 242
139 282
139 373
139 387
139 488
139 492
140 212
140 224
140 296
140 301
140 393
140 438
140 493
141 143
141 228
141 258
141 424
141 488
141 500
142 168
142 230
142 241
142 322
142 359
142 397
142 409
142 449
142 455
142 494
142 498
143 168
143 214
143 219
143 241
143 320
143 408
143 457
143 491
143 495
144 175
144 207
144 212
144 231
144 241
144 268
144 294
144 298
144 378
144 407
144 468
145 149
145 234
145 287
145 304
145 330
145 376
145 379
145 386
145 394
145 441
145 501
145 506
146 190
146 256
146 262
146 405
146 426
146 472
146 510
147 204
147 228
147 319
147 328
147 357
147 380
147 381
147 384
147 394
147 411
147 464
147 479
147 495
148 153
148 158
148 211
148 238
148 243
148 274
148 321
148 397
149 199
149 211
149 216
149 364
149 415
149 439
149 447
150 170
150 188
150 289
150 297
150 322
150 347
150 398
150 403
150 468
151 192
151 205
151 374
151 449
151 474
152 153
152 313
152 366
152 404
152 461
152 491
152 493
153 241
153 243
153 258
153 333
153 349
153 368
153 371
153 437
153 465
153 492
154 162
154 285
154 292
154 348
154 421
154 428
154 446
154 497
155 183
155 250
155 317
155 360
155 495
156 158
156 212
156 248
156 269
156 270
156 287
156 304
156 357
156 398
156 404
157 244
157 424
157 482
157 488
157 500
158 198
158 212
158 226
158 406
158 472
159 165
159 182
159 227
159 237
159 239
159 253
159 277
159 299
159 314
159 350
159 398
159 433
159 461
160 180
160 221
160 255
160 257
160 359
160 443
161 200
161 222
161 239
161 249
161 256
161 257
161 318
161 363
161 420
162 170
162 183
162 216
162 242
162 349
162 373
162 379
162 460
162 473
163 209
163 274
163 294
163 295
163 429
163 469
163 479
163 492
164 187
164 201
164 202
164 316
164 509
165 271
165 329
165 352
165 366
165 420
165 468
166 172
166 181
166 303
166 323
166 410
166 430
166 433
166 452
167 230
167 345
167 378
167 426
168 189
168 217
168 277
168 473
169 195
169 224
169 230
169 309
169 383
169 488
169 490
170 209
170 288
170 307
170 309
170 312
170 317
170 362
170 364
170 386
170 391
170 433
170 443
171 203
171 248
171 293
171 331
171 355
171 395
171 434
171 494
171 501
172 211
172 260
172 274
172 310
172 370
172 446
172 453
172 500
173 197
173 200
173 218
173 234
173 405
173 459
173 488
173 508
174 194
174 207
174 215
174 222
174 268
174 271
174 309
174 374
174 400
174 404
174 498
175 212
175 221
175 244
175 248
175 349
175 375
175 401
175 450
175 465
175 504
176 190
176 195
176 209
176 220
176 233
176 243
176 264
176 266
176 312
176 362
176 461
176 462
176 484
176 485
176 495
177 200
177 221
177 308
177 311
177 334
177 377
177 434
178 190
178 220
178 230
178 315
178 363
178 369
178 496
179 266
179 401
179 423
179 462
179 480
180 192
180 230
180 234
180 242
180 315
180 352
180 412
180 496
181 192
181 328
181 394
181 482
181 485
182 211
182 335
182 360
182 408
182 424
182 438
182 440
182 466
182 502
183 188
183 228
183 255
183 279
183 305
183 327
183 332
183 461
184 230
184 248
184 276
184 280
184 293
184 347
184 384
184 385
184 404
184 465
184 482
184 485
185 187
185 203
185 240
185 263
185 264
185 300
185 301
185 395
185 423
185 430
185 481
186 196
186 238
186 240
186 270
186 318
186 330
186 400
186 427
186 476
186 480
186 503
187 322
187 368
187 435
188 194
188 212
188 235
188 264
188 316
188 319
188 439
188 458
189 206
189 220
189 229
189 268
189 272
189 287
189 346
189 424
189 443
190 226
190 244
190 297
190 360
190 364
190 370
190 443
190 470
190 484
191 252
191 314
191 318
191 319
191 448
191 469
191 492
191 497
192 198
192 214
192 354
192 406
192 498
193 214
193 317
193 394
193 408
193 426
194 254
194 312
194 334
194 398
194 436
194 437
194 476
195 224
195 288
195 331
195 380
196 201
196 249
196 252
196 302
196 306
196 340
196 348
196 362
196 406
196 411
196 412
196 453
196 479
196 511
197 244
197 265
197 292
197 426
197 496
198 222
198 342
198 360
198 370
198 399
198 472
198 493
199 250
199 352
199 358
199 407
199 415
199 425
199 453
199 500
200 301
200 316
200 326
200 504
201 202
201 216
201 244
201 305
201 367
201 401
201 404
201 461
201 467
201 500
202 242
202 262
202 325
202 327
202 344
202 390
202 400
202 506
203 330
203 331
203 386
203 389
203 402
203 437
203 443
203 453
203 461
203 486
203 505
204 292
204 297
204 366
204 385
204 498
205 228
205 270
205 430
205 434
206 275
206 280
206 438
206 444
206 448
206 463
207 331
207 341
207 414
207 439
208 284
208 287
208 289
208 325
208 357
208 407
208 452
209 249
209 261
209 309
209 394
210 220
210 245
210 270
210 280
210 325
210 335
210 370
210 432
210 470
211 237
211 265
211 325
211 375
211 387
212 230
212 263
212 315
212 319
212 327
212 334
212 353
213 241
213 304
213 357
213 373
213 398
213 406
213 408
213 432
213 466
214 303
214 322
214 359
214 367
214 429
214 446
214 452
214 511
215 233
215 246
215 259
215 276
215 279
215 316
215 351
215 377
215 440
215 494
215 504
216 237
216 293
216 301
216 316
216 335
216 492
217 262
217 310
217 496
217 507
218 320
218 328
218 358
219 257
219 258
219 314
219 320
219 324
219 363
219 371
219 415
219 432
219 492
219 494
220 272
220 316
220 328
220 343
220 382
220 482
221 257
221 273
221 286
221 296
221 399
221 437
221 479
221 510
222 237
222 288
222 322
222 330
222 371
222 385
222 414
223 395
223 416
223 445
223 460
224 265
224 293
224 355
224 393
224 399
224 413
224 431
224 454
224 460
225 367
225 399
225 504
226 248
226 253
226 414
226 467
226 477
227 290
227 338
227 340
227 470
228 254
228 293
228 349
228 392
228 482
230 269
230 347
230 348
230 394
230 417
231 370
231 433
231 496
232 319
232 321
232 429
232 482
233 277
233 314
233 446
233 451
233 459
234 290
234 311
234 334
234 369
234 417
234 423
235 258
235 283
235 315
235 393
235 433
235 450
235 487
235 489
236 249
236 271
236 311
236 424
236 502
237 364
237 427
237 493
238 252
238 274
238 281
238 299
238 379
238 445
238 476
239 270
239 319
240 336
240 475
241 267
241 304
241 322
241 369
241 375
241 446
241 466
241 477
241 498
242 256
242 499
242 503
243 257
243 289
243 392
243 409
244 299
244 359
244 363
244 415
244 447
244 476
244 490
245 272
245 279
245 301
245 364
245 365
245 382
245 407
245 453
245 480
245 482
246 268
246 285
246 368
246 372
246 404
246 435
246 450
246 456
246 460
247 318
247 322
247 337
247 388
247 430
248 313
248 371
248 378
248 403
248 404
249 331
249 366
249 376
249 390
249 407
249 425
249 452
249 465
249 493
249 504
250 265
250 339
250 360
250 373
250 393
251 313
251 351
251 439
251 442
251 465
251 497
251 498
251 505
252 313
252 328
252 353
252 400
252 448
252 455
253 283
253 307
253 439
253 464
253 486
254 277
254 286
254 294
254 339
254 340
254 470
254 499
255 271
255 373
255 415
255 458
255 474
255 477
255 487
255 502
256 283
256 339
256 365
256 380
256 417
256 418
256 470
256 489
256 509
257 264
257 267
257 396
257 438
258 294
258 396
258 455
258 458
258 481
258 505
259 342
259 350
259 359
259 404
259 411
259 457
259 462
259 483
259 493
260 355
260 465
260 494
261 328
261 355
261 431
261 465
261 473
261 496
261 504
262 302
262 305
262 504
263 292
263 313
263 361
263 384
263 392
263 400
263 436
263 462
263 477
264 338
264 340
264 383
264 390
264 435
264 447
264 449
265 301
265 318
265 331
265 368
265 432
265 502
266 295
266 382
266 415
267 269
267 270
267 297
267 314
267 345
267 364
267 400
267 429
267 433
268 284
268 312
268 340
268 478
268 498
269 297
269 325
269 366
269 412
269 416
269 429
269 436
269 466
269 471
269 480
269 484
269 507
270 272
270 281
270 341
270 409
270 496
271 274
271 304
271 339
271 348
271 379
271 399
271 405
271 472
272 286
272 306
272 322
272 323
272 339
272 345
272 352
272 486
272 495
273 315
273 335
273 387
273 460
273 492
273 509
274 312
274 357
274 366
274 388
274 436
274 449
275 303
275 345
275 379
275 399
275 440
275 480
276 320
276 459
276 466
276 483
277 290
277 364
278 292
278 437
278 454
278 503
278 506
278 509
279 331
279 342
279 363
279 377
279 483
279 497
280 321
280 424
280 431
280 486
281 355
281 381
281 421
281 423
281 429
281 457
282 373
282 408
282 500
283 298
283 314
283 321
283 354
283 371
283 456
283 495
284 328
284 338
284 352
284 414
284 497
285 317
285 381
286 299
286 311
286 315
286 423
286 445
287 380
288 317
288 370
288 458
288 470
288 471
288 472
289 314
289 331
289 352
289 422
289 442
290 320
290 404
291 318
291 323
291 325
291 334
291 368
291 417
291 476
292 393
292 418
292 457
292 484
292 499
293 339
293 381
293 399
293 421
293 448
294 439
294 452
295 301
295 321
295 385
295 429
295 450
296 357
296 485
297 356
297 383
297 394
298 347
298 479
299 379
300 313
300 341
300 406
300 408
300 494
301 326
301 335
301 344
301 416
301 432
301 456
301 489
301 505
302 342
302 425
302 429
302 485
302 503
303 318
303 348
303 381
303 390
303 411
303 418
304 318
304 327
304 390
304 403
304 405
304 414
304 429
304 471
304 480
304 485
304 489
305 332
305 341
305 343
305 373
305 406
305 416
305 421
306 333
306 349
306 385
306 401
307 383
307 398
307 412
307 422
308 415
309 314
309 369
309 395
309 497
310 312
310 337
310 361
310 432
310 434
310 438
310 441
310 448
310 505
311 382
311 428
311 450
311 458
311 463
311 484
311 491
312 318
312 363
312 383
312 434
312 461
312 474
312 479
312 481
312 486
312 508
313 321
313 361
313 371
313 373
313 489
313 492
314 330
314 376
315 359
315 364
315 433
316 347
316 378
316 507
317 344
317 412
317 478
317 489
318 321
318 362
318 395
318 400
318 467
319 369
319 381
319 461
319 499
319 507
320 345
320 418
320 496
321 333
321 373
321 377
321 404
321 429
321 471
321 481
321 504
321 509
322 326
322 332
322 338
322 394
322 422
322 428
322 447
323 329
323 353
323 358
323 370
323 417
323 439
323 462
324 391
324 501
325 407
325 435
325 453
325 469
325 493
326 418
326 430
326 448
326 504
327 331
327 396
327 405
327 437
327 456
327 468
327 507
328 385
328 420
328 436
328 462
328 496
329 449
329 465
329 476
329 500
330 340
330 378
330 391
330 451
331 394
331 509
332 420
332 464
333 405
333 437
333 455
333 467
334 366
334 480
334 498
335 358
335 382
335 453
336 391
336 503
337 359
337 380
337 500
338 355
338 378
338 472
338 474
338 496
339 446
339 489
340 344
340 351
340 394
340 429
340 474
341 383
341 443
341 487
342 425
342 493
342 508
343 389
343 392
343 457
343 510
345 370
345 413
345 446
346 361
346 416
346 441
346 454
347 467
347 488
348 485
348 487
348 494
349 355
349 380
349 413
349 417
349 469
350 388
350 404
350 407
350 424
351 386
351 400
351 420
351 431
351 460
351 496
352 458
352 465
353 410
353 466
353 468
354 407
354 454
355 454
356 442
357 393
357 444
357 478
357 500
358 445
359 467
360 370
360 389
360 396
360 414
360 418
361 363
361 369
361 416
361 423
361 439
362 372
362 445
362 471
362 476
363 382
363 397
363 429
363 434
363 435
363 444
363 468
363 480
364 375
364 380
364 392
364 437
364 443
364 467
365 384
365 429
365 466
365 511
366 457
366 486
366 491
366 494
367 379
367 420
367 460
367 497
368 439
368 468
369 418
369 448
369 470
369 479
370 379
370 433
370 437
370 452
370 498
370 499
371 372
371 481
371 484
372 416
372 425
372 447
372 460
372 499
373 376
373 400
373 427
373 433
373 480
374 511
375 385
375 437
375 475
376 393
376 480
376 486
376 492
377 463
378 426
378 461
379 436
379 443
379 482
381 469
381 485
381 495
382 394
382 411
382 480
382 505
383 444
383 471
383 498
384 391
384 448
384 479
385 416
385 475
385 495
386 447
386 454
386 496
386 503
386 511
387 491
387 511
388 408
389 460
389 461
389 464
389 504
391 404
391 470
391 495
392 396
392 455
392 457
392 491
392 511
393 432
393 490
394 431
394 447
394 455
395 453
395 455
398 433
398 448
398 451
398 482
399 410
399 433
399 459
400 466
400 478
401 413
401 436
401 445
402 405
402 509
403 431
403 467
403 484
404 406
404 445
404 490
405 413
405 431
405 463
406 493
407 410
407 413
407 427
407 435
408 433
408 454
408 472
409 417
409 473
409 475
409 500
410 469
411 418
411 447
411 455
411 465
411 488
412 421
412 446
412 448
412 468
412 492
412 505
412 508
413 417
414 444
414 457
414 459
414 475
415 427
415 466
415 473
415 474
415 478
415 503
417 428
417 440
418 436
418 502
420 433
420 493
421 474
421 477
422 434
424 450
424 483
425 442
425 450
425 461
426 434
426 446
426 491
427 445
427 491
427 502
428 503
429 464
429 488
430 447
431 450
431 458
431 466
432 449
433 463
434 458
434 468
434 474
434 489
435 446
435 467
435 500
436 454
437 479
437 491
438 441
438 511
439 448
439 472
440 449
440 505
441 453
441 475
442 446
442 472
442 475
442 480
443 502
444 462
444 468
444 481
444 488
446 449
446 476
446 493
447 464
447 466
447 501
448 466
448 499
449 456
449 471
450 455
450 476
451 474
451 510
452 498
453 481
453 485
453 486
453 502
454 487
455 499
455 500
456 492
456 501
457 504
458 507
459 465
461 507
462 484
462 504
463 509
464 508
465 497
466 485
467 491
468 492
469 472
470 474
472 493
476 501
477 511
479 491
479 497
481 490
483 507
485 495
485 511
487 496
487 506
488 493
488 507
489 492
489 497
494 498
506 511
