0 10
0 11
0 12
0 14
0 16
0 19
0 23
0 24
0 26
0 33
0 36
0 39
0 40
0 51
0 53
0 65
0 82
0 91
0 100
0 104
0 107
0 110
0 115
0 116
0 123
0 134
0 151
0 153
0 157
0 168
0 194
0 199
0 213
0 214
0 215
0 219
0 220
0 222
0 251
0 253
0 268
0 273
0 309
0 314
0 320
0 321
0 328
0 332
0 377
0 378
0 394
0 426
0 432
0 494
0 503
0 528
0 545
0 552
0 578
0 586
0 595
0 651
0 659
0 700
0 731
0 749
0 776
0 824
0 831
0 864
0 868
0 893
0 928
0 929
0 931
0 942
0 944
0 959
0 971
0 998
0 1022
1 10
1 13
1 18
1 25
1 27
1 29
1 39
1 44
1 67
1 76
1 79
1 118
1 124
1 156
1 192
1 208
1 224
1 233
1 249
1 261
1 280
1 295
1 319
1 340
1 343
1 413
1 498
1 559
1 623
1 629
1 654
1 727
1 798
1 823
1 843
1 919
1 921
1 935
1 936
1 951
1 956
1 962
2 10
2 21
2 24
2 44
2 123
2 158
2 248
2 306
2 315
2 321
2 330
2 367
2 412
2 453
2 489
2 654
2 683
2 737
2 754
2 830
2 961
3 11
3 12
3 13
3 14
3 17
3 19
3 21
3 28
3 32
3 36
3 44
3 48
3 71
3 137
3 143
3 162
3 168
3 178
3 267
3 279
3 323
3 327
3 348
3 357
3 393
3 395
3 399
3 437
3 450
3 466
3 485
3 519
3 521
3 546
3 561
3 576
3 577
3 588
3 648
3 717
3 721
3 787
3 809
3 819
3 822
3 856
3 876
3 945
3 986
3 1011
4 10
4 11
4 12
4 17
4 19
4 20
4 22
4 23
4 24
4 26
4 30
4 35
4 38
4 42
4 62
4 64
4 73
4 103
4 106
4 120
4 122
4 129
4 132
4 137
4 145
4 152
4 159
4 173
4 175
4 195
4 206
4 211
4 218
4 233
4 257
4 261
4 285
4 316
4 330
4 353
4 384
4 388
4 392
4 395
4 397
4 402
4 408
4 457
4 486
4 519
4 533
4 585
4 689
4 718
4 802
4 832
4 841
4 862
4 889
4 945
4 1007
4 1022
5 10
5 11
5 12
5 13
5 14
5 20
5 21
5 24
5 26
5 27
5 30
5 38
5 42
5 48
5 53
5 56
5 62
5 65
5 69
5 78
5 87
5 89
5 95
5 115
5 120
5 136
5 138
5 153
5 167
5 171
5 172
5 185
5 200
5 215
5 232
5 235
5 248
5 249
5 270
5 278
5 338
5 405
5 415
5 470
5 473
5 474
5 477
5 525
5 547
5 548
5 553
5 567
5 589
5 626
5 711
5 737
5 772
5 808
5 854
5 856
5 916
5 933
5 964
5 978
6 10
6 11
6 12
6 16
6 24
6 42
6 49
6 78
6 79
6 80
6 88
6 112
6 125
6 136
6 141
6 142
6 147
6 175
6 185
6 204
6 218
6 276
6 284
6 306
6 380
6 392
6 394
6 404
6 417
6 420
6 455
6 489
6 523
6 533
6 546
6 557
6 568
6 583
6 602
6 648
6 665
6 689
6 725
6 774
6 785
6 787
6 839
6 840
6 958
6 961
7 10
7 11
7 13
7 14
7 16
7 17
7 18
7 20
7 21
7 22
7 23
7 24
7 28
7 30
7 31
7 32
7 34
7 35
7 39
7 45
7 47
7 48
7 49
7 50
7 64
7 67
7 73
7 80
7 84
7 87
7 92
7 97
7 138
7 158
7 159
7 162
7 175
7 190
7 200
7 205
7 226
7 255
7 263
7 278
7 292
7 297
7 307
7 336
7 339
7 358
7 387
7 454
7 475
7 477
7 569
7 582
7 590
7 591
7 608
7 611
7 674
7 679
7 697
7 755
7 782
7 793
7 800
7 801
7 830
7 847
7 848
7 865
7 889
7 890
7 967
7 975
7 985
7 1012
8 10
8 12
8 13
8 14
8 15
8 17
8 18
8 20
8 22
8 23
8 33
8 40
8 41
8 46
8 47
8 48
8 51
8 58
8 63
8 69
8 82
8 83
8 111
8 118
8 128
8 130
8 131
8 143
8 146
8 173
8 207
8 232
8 243
8 244
8 247
8 249
8 257
8 287
8 311
8 333
8 337
8 351
8 354
8 355
8 371
8 378
8 388
8 389
8 417
8 445
8 447
8 466
8 487
8 525
8 557
8 587
8 596
8 598
8 612
8 636
8 720
8 744
8 764
8 780
8 800
8 810
8 828
8 839
8 848
8 898
8 933
8 980
9 10
9 12
9 14
9 15
9 16
9 18
9 25
9 32
9 37
9 43
9 52
9 53
9 54
9 55
9 64
9 66
9 73
9 91
9 105
9 106
9 113
9 114
9 115
9 128
9 129
9 133
9 149
9 154
9 156
9 176
9 180
9 196
9 202
9 204
9 207
9 212
9 218
9 234
9 237
9 241
9 261
9 320
9 356
9 402
9 403
9 404
9 406
9 431
9 437
9 469
9 482
9 497
9 500
9 503
9 506
9 508
9 522
9 532
9 600
9 609
9 659
9 660
9 680
9 696
9 700
9 751
9 762
9 791
9 804
9 814
9 847
9 886
10 12
10 14
10 15
10 16
10 17
10 20
10 22
10 25
10 27
10 29
10 32
10 33
10 35
10 37
10 42
10 44
10 45
10 52
10 57
10 60
10 61
10 62
10 67
10 68
10 70
10 71
10 73
10 75
10 86
10 95
10 101
10 103
10 104
10 107
10 115
10 120
10 123
10 124
10 125
10 126
10 137
10 140
10 143
10 159
10 171
10 173
10 200
10 218
10 226
10 229
10 235
10 239
10 240
10 244
10 264
10 273
10 281
10 311
10 318
10 343
10 359
10 366
10 373
10 383
10 401
10 404
10 407
10 424
10 431
10 439
10 481
10 534
10 537
10 558
10 577
10 599
10 610
10 672
10 683
10 689
10 736
10 750
10 761
10 766
10 772
10 778
10 801
10 831
10 864
10 896
10 910
10 918
10 929
10 939
10 949
10 950
10 957
10 970
10 984
11 12
11 13
11 14
11 15
11 16
11 17
11 21
11 22
11 24
11 26
11 27
11 29
11 30
11 33
11 38
11 39
11 41
11 42
11 44
11 45
11 49
11 52
11 55
11 58
11 59
11 60
11 61
11 66
11 73
11 85
11 94
11 95
11 106
11 107
11 111
11 115
11 122
11 123
11 128
11 143
11 144
11 153
11 159
11 163
11 168
11 172
11 174
11 176
11 203
11 227
11 239
11 272
11 277
11 282
11 289
11 312
11 327
11 374
11 382
11 391
11 440
11 474
11 475
11 476
11 485
11 487
11 509
11 538
11 539
11 550
11 553
11 561
11 564
11 576
11 579
11 589
11 610
11 640
11 671
11 705
11 720
11 758
11 760
11 787
11 845
11 859
11 920
11 926
11 952
11 956
11 961
11 965
11 972
11 974
11 988
11 996
12 13
12 15
12 16
12 17
12 18
12 19
12 22
12 25
12 26
12 27
12 29
12 30
12 33
12 35
12 44
12 46
12 50
12 52
12 55
12 56
12 61
12 63
12 64
12 65
12 69
12 70
12 78
12 81
12 85
12 88
12 91
12 92
12 93
12 96
12 100
12 102
12 106
12 113
12 114
12 126
12 142
12 150
12 155
12 164
12 165
12 166
12 171
12 174
12 179
12 186
12 193
12 196
12 202
12 209
12 229
12 236
12 237
12 242
12 245
12 249
12 250
12 265
12 277
12 280
12 281
12 284
12 287
12 292
12 302
12 307
12 318
12 330
12 331
12 342
12 344
12 349
12 351
12 369
12 373
12 375
12 400
12 405
12 411
12 431
12 438
12 440
12 452
12 457
12 462
12 464
12 473
12 487
12 490
12 504
12 531
12 536
12 554
12 556
12 567
12 577
12 582
12 587
12 597
12 613
12 622
12 624
12 625
12 634
12 639
12 643
12 645
12 651
12 657
12 709
12 746
12 759
12 780
12 789
12 799
12 807
12 831
12 835
12 852
12 855
12 903
12 909
12 916
12 934
12 965
12 969
12 985
12 988
12 1009
12 1010
13 14
13 15
13 16
13 17
13 18
13 20
13 21
13 22
13 23
13 25
13 34
13 36
13 39
13 40
13 45
13 53
13 55
13 58
13 63
13 66
13 67
13 79
13 85
13 87
13 94
13 96
13 99
13 116
13 118
13 119
13 127
13 139
13 158
13 159
13 173
13 201
13 202
13 205
13 206
13 210
13 217
13 226
13 258
13 260
13 267
13 297
13 303
13 308
13 310
13 319
13 344
13 353
13 357
13 366
13 375
13 390
13 392
13 394
13 404
13 417
13 428
13 450
13 460
13 461
13 463
13 489
13 500
13 515
13 535
13 558
13 564
13 569
13 597
13 602
13 658
13 663
13 666
13 667
13 684
13 687
13 715
13 746
13 763
13 790
13 833
13 838
13 843
13 844
13 868
13 899
13 923
13 942
13 990
13 998
13 1017
13 1018
14 15
14 17
14 19
14 27
14 29
14 31
14 32
14 35
14 36
14 38
14 40
14 41
14 44
14 48
14 49
14 52
14 66
14 68
14 71
14 72
14 74
14 79
14 93
14 98
14 100
14 108
14 114
14 115
14 119
14 135
14 143
14 144
14 147
14 149
14 151
14 175
14 178
14 180
14 181
14 182
14 206
14 227
14 232
14 240
14 243
14 245
14 246
14 248
14 265
14 281
14 323
14 324
14 325
14 333
14 348
14 385
14 400
14 409
14 422
14 430
14 431
14 432
14 451
14 470
14 495
14 499
14 514
14 524
14 531
14 543
14 553
14 596
14 599
14 606
14 613
14 625
14 655
14 688
14 690
14 699
14 718
14 764
14 793
14 834
14 842
14 847
14 860
14 861
14 863
14 903
14 910
14 942
14 948
14 979
14 1000
14 1005
14 1010
15 16
15 18
15 20
15 21
15 23
15 26
15 27
15 28
15 34
15 39
15 40
15 41
15 44
15 45
15 46
15 48
15 51
15 52
15 57
15 63
15 65
15 69
15 70
15 71
15 75
15 77
15 82
15 84
15 92
15 94
15 99
15 105
15 110
15 122
15 132
15 144
15 149
15 153
15 156
15 157
15 163
15 168
15 189
15 190
15 194
15 214
15 222
15 238
15 242
15 248
15 263
15 266
15 275
15 313
15 337
15 340
15 350
15 369
15 379
15 383
15 392
15 396
15 406
15 408
15 411
15 413
15 414
15 415
15 435
15 439
15 443
15 449
15 470
15 512
15 518
15 529
15 536
15 542
15 565
15 566
15 571
15 577
15 580
15 581
15 585
15 591
15 654
15 666
15 681
15 688
15 690
15 696
15 723
15 757
15 758
15 771
15 784
15 788
15 812
15 829
15 842
15 857
15 888
15 914
15 938
15 947
15 975
15 1011
15 1021
16 17
16 19
16 22
16 28
16 29
16 32
16 35
16 36
16 40
16 46
16 47
16 49
16 55
16 72
16 74
16 90
16 108
16 123
16 134
16 137
16 139
16 140
16 141
16 163
16 167
16 171
16 176
16 186
16 235
16 259
16 287
16 325
16 328
16 334
16 344
16 349
16 369
16 404
16 592
16 598
16 616
16 618
16 625
16 641
16 653
16 666
16 737
16 738
16 748
16 779
16 787
16 846
16 888
16 894
16 906
16 951
16 968
17 18
17 19
17 21
17 23
17 28
17 37
17 39
17 54
17 64
17 70
17 71
17 78
17 81
17 84
17 97
17 105
17 120
17 137
17 171
17 174
17 177
17 182
17 197
17 201
17 204
17 230
17 238
17 260
17 279
17 288
17 296
17 307
17 308
17 324
17 359
17 363
17 379
17 389
17 394
17 425
17 436
17 444
17 452
17 484
17 603
17 608
17 611
17 631
17 635
17 660
17 697
17 704
17 717
17 781
17 786
17 836
17 861
17 1005
18 21
18 24
18 35
18 47
18 56
18 57
18 69
18 70
18 76
18 83
18 99
18 104
18 125
18 128
18 131
18 144
18 147
18 151
18 154
18 162
18 165
18 171
18 184
18 189
18 236
18 251
18 330
18 341
18 350
18 361
18 363
18 366
18 421
18 448
18 483
18 527
18 563
18 613
18 614
18 632
18 665
18 687
18 696
18 704
18 714
18 731
18 756
18 771
18 859
18 870
18 910
18 970
19 23
19 24
19 25
19 33
19 37
19 38
19 41
19 44
19 49
19 51
19 54
19 57
19 62
19 63
19 66
19 71
19 83
19 84
19 91
19 94
19 112
19 130
19 134
19 148
19 151
19 155
19 160
19 170
19 191
19 195
19 196
19 203
19 208
19 211
19 214
19 223
19 229
19 233
19 234
19 255
19 277
19 282
19 290
19 317
19 328
19 368
19 380
19 407
19 430
19 434
19 447
19 457
19 462
19 502
19 504
19 537
19 542
19 570
19 578
19 580
19 599
19 602
19 613
19 634
19 666
19 676
19 680
19 690
19 736
19 794
19 811
19 812
19 820
19 825
19 870
19 890
19 895
19 922
19 933
19 969
19 982
20 24
20 31
20 32
20 35
20 40
20 43
20 51
20 54
20 55
20 61
20 73
20 87
20 92
20 107
20 110
20 111
20 113
20 130
20 172
20 179
20 192
20 198
20 201
20 229
20 277
20 337
20 345
20 352
20 372
20 376
20 384
20 396
20 397
20 442
20 448
20 455
20 491
20 513
20 551
20 555
20 584
20 639
20 658
20 660
20 672
20 713
20 718
20 730
20 777
20 785
20 792
20 815
20 823
20 839
20 843
20 851
20 871
20 878
20 935
20 986
20 989
21 22
21 23
21 36
21 48
21 52
21 56
21 59
21 82
21 91
21 96
21 112
21 133
21 156
21 172
21 190
21 192
21 201
21 205
21 207
21 263
21 269
21 287
21 316
21 323
21 341
21 358
21 364
21 382
21 505
21 571
21 585
21 680
21 692
21 737
21 750
21 756
21 769
21 811
21 838
21 879
21 890
21 902
21 963
21 1021
22 40
22 52
22 60
22 66
22 74
22 109
22 140
22 174
22 180
22 216
22 224
22 228
22 236
22 238
22 285
22 290
22 308
22 314
22 320
22 327
22 330
22 352
22 425
22 482
22 502
22 506
22 562
22 573
22 644
22 657
22 749
22 817
22 832
22 891
22 900
22 985
22 989
23 27
23 32
23 34
23 39
23 53
23 57
23 58
23 59
23 64
23 65
23 66
23 80
23 86
23 102
23 132
23 135
23 151
23 162
23 171
23 182
23 198
23 232
23 285
23 287
23 306
23 352
23 359
23 360
23 367
23 396
23 429
23 458
23 474
23 490
23 507
23 564
23 633
23 656
23 668
23 720
23 735
23 787
23 793
23 850
23 885
23 903
23 905
23 909
23 966
24 25
24 27
24 28
24 31
24 34
24 41
24 42
24 51
24 54
24 56
24 67
24 73
24 75
24 78
24 97
24 98
24 105
24 121
24 129
24 132
24 135
24 137
24 166
24 168
24 198
24 201
24 223
24 225
24 226
24 239
24 250
24 254
24 260
24 279
24 293
24 296
24 300
24 306
24 321
24 324
24 325
24 333
24 349
24 362
24 396
24 403
24 422
24 485
24 504
24 526
24 602
24 649
24 661
24 663
24 695
24 721
24 722
24 738
24 764
24 770
24 792
24 818
24 821
24 827
24 860
24 868
24 878
24 904
24 928
24 944
24 953
24 970
24 993
25 51
25 59
25 63
25 64
25 65
25 71
25 76
25 96
25 103
25 121
25 128
25 152
25 154
25 236
25 241
25 295
25 320
25 323
25 334
25 376
25 379
25 389
25 394
25 413
25 436
25 443
25 452
25 517
25 569
25 572
25 636
25 708
25 728
25 841
25 872
25 886
25 965
26 36
26 37
26 38
26 42
26 62
26 65
26 99
26 103
26 109
26 133
26 136
26 151
26 161
26 223
26 269
26 283
26 333
26 340
26 358
26 367
26 373
26 399
26 416
26 447
26 474
26 483
26 484
26 501
26 516
26 545
26 553
26 614
26 682
26 713
26 727
26 731
26 754
26 772
26 832
26 880
26 897
26 923
26 945
27 33
27 36
27 38
27 43
27 46
27 53
27 55
27 60
27 67
27 69
27 81
27 87
27 92
27 93
27 103
27 107
27 114
27 119
27 139
27 184
27 217
27 247
27 257
27 304
27 307
27 320
27 368
27 447
27 454
27 461
27 474
27 488
27 512
27 518
27 596
27 615
27 619
27 655
27 679
27 697
27 801
27 803
27 814
27 887
27 905
27 1003
28 29
28 30
28 34
28 38
28 40
28 43
28 49
28 58
28 59
28 61
28 66
28 68
28 75
28 78
28 81
28 87
28 91
28 93
28 97
28 100
28 105
28 117
28 122
28 139
28 144
28 146
28 147
28 153
28 155
28 156
28 160
28 180
28 185
28 191
28 198
28 226
28 232
28 233
28 234
28 246
28 267
28 270
28 271
28 303
28 312
28 327
28 343
28 354
28 364
28 369
28 375
28 413
28 419
28 429
28 437
28 438
28 442
28 460
28 466
28 500
28 506
28 520
28 523
28 537
28 545
28 548
28 564
28 568
28 592
28 628
28 634
28 673
28 685
28 696
28 718
28 724
28 729
28 808
28 819
28 848
28 850
28 858
28 879
28 885
28 891
28 920
28 951
28 992
28 1010
28 1013
28 1015
29 31
29 33
29 34
29 37
29 41
29 49
29 53
29 61
29 98
29 109
29 110
29 121
29 127
29 149
29 153
29 154
29 213
29 240
29 246
29 260
29 268
29 301
29 304
29 317
29 321
29 344
29 347
29 408
29 466
29 501
29 513
29 542
29 562
29 568
29 644
29 647
29 671
29 684
29 713
29 744
29 753
29 806
29 832
29 858
29 863
29 868
29 946
29 953
29 958
29 1010
29 1013
30 37
30 42
30 55
30 63
30 72
30 81
30 99
30 104
30 110
30 114
30 121
30 122
30 159
30 172
30 181
30 186
30 202
30 221
30 224
30 230
30 252
30 274
30 277
30 288
30 408
30 414
30 421
30 424
30 428
30 487
30 523
30 541
30 629
30 648
30 651
30 655
30 672
30 688
30 759
30 762
30 763
30 769
30 774
30 826
30 851
30 874
30 962
30 993
31 43
31 46
31 47
31 64
31 67
31 74
31 79
31 83
31 103
31 109
31 110
31 113
31 114
31 119
31 127
31 142
31 152
31 201
31 206
31 211
31 217
31 230
31 242
31 243
31 250
31 285
31 299
31 320
31 324
31 342
31 347
31 351
31 364
31 372
31 379
31 391
31 424
31 440
31 455
31 485
31 499
31 524
31 532
31 550
31 581
31 610
31 613
31 636
31 644
31 660
31 709
31 730
31 785
31 810
31 850
31 855
31 860
31 864
31 892
31 914
31 929
31 941
31 995
32 35
32 37
32 41
32 42
32 51
32 52
32 53
32 62
32 73
32 81
32 96
32 100
32 102
32 106
32 108
32 112
32 150
32 164
32 167
32 168
32 174
32 177
32 180
32 206
32 210
32 213
32 248
32 249
32 263
32 271
32 273
32 299
32 300
32 318
32 345
32 403
32 405
32 476
32 478
32 482
32 500
32 501
32 564
32 611
32 625
32 665
32 673
32 678
32 680
32 686
32 723
32 767
32 769
32 794
32 919
32 933
32 1023
33 39
33 61
33 69
33 79
33 130
33 186
33 229
33 309
33 723
33 760
33 806
33 814
33 821
33 934
33 966
34 35
34 38
34 53
34 82
34 92
34 94
34 99
34 120
34 137
34 147
34 177
34 181
34 207
34 281
34 340
34 416
34 430
34 435
34 439
34 461
34 469
34 474
34 493
34 521
34 544
34 557
34 607
34 646
34 687
34 697
34 724
34 763
34 815
34 873
34 906
34 958
34 974
34 1020
35 53
35 54
35 60
35 72
35 76
35 77
35 89
35 93
35 97
35 105
35 107
35 112
35 113
35 119
35 122
35 137
35 148
35 164
35 180
35 203
35 212
35 220
35 226
35 239
35 251
35 259
35 286
35 298
35 303
35 313
35 339
35 371
35 372
35 384
35 417
35 441
35 450
35 451
35 546
35 574
35 587
35 610
35 622
35 628
35 640
35 653
35 675
35 680
35 797
35 830
35 835
35 904
35 906
35 972
35 1008
35 1011
36 43
36 95
36 164
36 246
36 262
36 267
36 287
36 373
36 414
36 742
36 852
36 867
36 942
36 978
36 989
37 45
37 50
37 96
37 133
37 151
37 165
37 167
37 177
37 188
37 231
37 283
37 290
37 352
37 413
37 421
37 456
37 514
37 527
37 565
37 593
37 619
37 703
37 734
37 774
37 809
37 840
37 901
37 904
37 965
37 1007
38 61
38 62
38 88
38 98
38 101
38 103
38 124
38 158
38 176
38 183
38 211
38 221
38 272
38 350
38 355
38 468
38 479
38 502
38 520
38 533
38 646
38 731
38 757
38 802
38 811
38 858
38 891
38 900
38 928
38 930
38 932
38 983
38 1022
39 49
39 57
39 60
39 63
39 83
39 93
39 95
39 111
39 128
39 143
39 153
39 173
39 209
39 220
39 238
39 284
39 343
39 382
39 390
39 399
39 428
39 464
39 535
39 546
39 610
39 643
39 716
39 753
39 838
39 908
39 999
39 1002
39 1013
40 47
40 48
40 56
40 68
40 82
40 84
40 86
40 96
40 154
40 163
40 169
40 170
40 186
40 187
40 344
40 410
40 430
40 436
40 484
40 564
40 570
40 593
40 693
40 713
40 786
40 801
40 839
40 904
40 988
41 50
41 54
41 68
41 70
41 72
41 99
41 112
41 128
41 131
41 134
41 218
41 241
41 271
41 404
41 452
41 463
41 515
41 566
41 599
41 622
41 655
41 748
41 758
41 781
41 805
41 866
42 46
42 50
42 59
42 69
42 74
42 83
42 129
42 135
42 152
42 181
42 185
42 208
42 227
42 230
42 238
42 331
42 374
42 399
42 437
42 443
42 499
42 528
42 588
42 620
42 642
42 672
42 741
42 742
42 749
42 778
42 787
42 881
42 887
42 916
42 972
42 1005
43 48
43 65
43 74
43 78
43 98
43 108
43 123
43 125
43 152
43 157
43 208
43 221
43 262
43 294
43 312
43 354
43 362
43 378
43 404
43 476
43 488
43 514
43 515
43 675
43 716
43 730
43 755
43 934
43 954
43 1006
43 1023
44 46
44 58
44 85
44 88
44 89
44 98
44 110
44 138
44 145
44 148
44 175
44 184
44 194
44 197
44 210
44 228
44 239
44 252
44 302
44 314
44 368
44 382
44 390
44 395
44 404
44 406
44 431
44 464
44 496
44 523
44 586
44 601
44 605
44 622
44 633
44 667
44 707
44 725
44 782
44 854
44 960
44 965
44 994
45 57
45 63
45 80
45 88
45 92
45 100
45 104
45 140
45 141
45 149
45 183
45 197
45 203
45 219
45 227
45 241
45 255
45 260
45 265
45 293
45 297
45 312
45 315
45 331
45 361
45 385
45 424
45 428
45 448
45 464
45 506
45 552
45 558
45 570
45 588
45 614
45 622
45 641
45 679
45 766
45 791
45 902
45 916
45 995
46 50
46 71
46 78
46 90
46 102
46 123
46 128
46 134
46 157
46 191
46 194
46 201
46 210
46 212
46 226
46 266
46 268
46 285
46 304
46 346
46 348
46 363
46 366
46 386
46 410
46 447
46 451
46 465
46 500
46 519
46 585
46 674
46 695
46 735
46 756
46 791
46 821
46 838
46 867
46 872
46 903
46 934
46 943
46 954
46 974
46 985
46 1023
47 73
47 78
47 84
47 85
47 100
47 133
47 141
47 166
47 230
47 233
47 244
47 269
47 298
47 565
47 780
47 887
47 912
47 913
47 944
47 955
47 968
47 999
48 51
48 55
48 60
48 106
48 187
48 210
48 215
48 218
48 222
48 256
48 267
48 298
48 343
48 362
48 389
48 501
48 511
48 533
48 691
48 713
48 741
48 836
48 911
48 917
48 979
48 1004
48 1008
49 62
49 89
49 136
49 153
49 173
49 320
49 334
49 344
49 367
49 392
49 402
49 440
49 453
49 670
49 703
49 715
49 797
49 870
49 894
50 51
50 55
50 56
50 68
50 82
50 118
50 135
50 238
50 406
50 419
50 448
50 497
50 552
50 575
50 761
50 775
50 892
50 944
50 1012
50 1023
51 58
51 59
51 80
51 91
51 94
51 117
51 127
51 128
51 132
51 158
51 187
51 239
51 264
51 296
51 324
51 344
51 362
51 412
51 441
51 491
51 548
51 571
51 644
51 656
51 691
51 752
51 816
51 818
51 884
51 891
51 896
51 964
51 987
51 1021
52 56
52 88
52 124
52 167
52 202
52 218
52 220
52 235
52 271
52 279
52 323
52 364
52 377
52 406
52 425
52 484
52 507
52 620
52 724
52 818
52 873
52 1003
53 54
53 61
53 85
53 94
53 102
53 104
53 111
53 139
53 149
53 162
53 177
53 178
53 191
53 225
53 227
53 232
53 238
53 244
53 265
53 278
53 304
53 306
53 332
53 335
53 419
53 482
53 499
53 538
53 548
53 586
53 617
53 741
53 776
53 833
53 838
53 871
53 875
53 896
53 925
53 930
53 945
53 991
53 993
53 1005
53 1023
54 86
54 98
54 101
54 241
54 281
54 303
54 306
54 336
54 372
54 430
54 512
54 631
54 643
54 781
54 803
54 830
54 863
54 926
54 943
55 84
55 140
55 198
55 200
55 224
55 250
55 321
55 324
55 345
55 347
55 371
55 395
55 412
55 415
55 492
55 525
55 556
55 566
55 582
55 589
55 601
55 643
55 645
55 657
55 716
55 719
55 775
55 879
55 939
55 947
56 74
56 97
56 116
56 122
56 143
56 170
56 220
56 232
56 252
56 268
56 276
56 301
56 358
56 377
56 381
56 384
56 409
56 465
56 489
56 505
56 510
56 580
56 609
56 635
56 648
56 650
56 663
56 683
56 717
56 973
56 988
56 1018
57 65
57 68
57 72
57 77
57 83
57 104
57 118
57 140
57 147
57 165
57 166
57 180
57 189
57 210
57 228
57 234
57 256
57 264
57 282
57 285
57 362
57 409
57 417
57 419
57 468
57 481
57 491
57 559
57 646
57 670
57 693
57 720
57 760
57 816
57 833
57 856
57 916
57 1003
58 62
58 85
58 136
58 203
58 213
58 231
58 267
58 289
58 329
58 414
58 429
58 504
58 546
58 643
58 664
58 704
58 719
58 725
58 836
58 852
58 860
58 865
58 881
58 945
58 968
58 991
58 992
58 1000
59 82
59 109
59 129
59 165
59 199
59 274
59 366
59 401
59 477
59 596
59 616
59 656
59 703
59 706
59 785
59 821
60 64
60 70
60 101
60 117
60 153
60 166
60 175
60 191
60 192
60 196
60 215
60 251
60 272
60 282
60 305
60 308
60 325
60 330
60 332
60 367
60 376
60 387
60 468
60 509
60 523
60 551
60 590
60 594
60 595
60 616
60 671
60 781
60 798
60 872
60 888
60 903
60 940
60 959
61 67
61 68
61 88
61 96
61 110
61 117
61 139
61 146
61 147
61 150
61 161
61 169
61 179
61 212
61 235
61 270
61 274
61 293
61 304
61 394
61 407
61 418
61 419
61 505
61 541
61 610
61 618
61 738
61 754
61 832
61 851
61 989
62 157
62 167
62 168
62 189
62 284
62 351
62 455
62 460
62 464
62 485
62 623
62 662
62 729
62 742
63 68
63 80
63 94
63 157
63 163
63 165
63 169
63 189
63 191
63 216
63 308
63 357
63 364
63 430
63 587
63 593
63 617
63 627
63 637
63 648
63 876
63 902
63 911
63 925
63 985
63 1001
63 1009
64 72
64 76
64 100
64 102
64 104
64 106
64 121
64 122
64 145
64 190
64 266
64 278
64 307
64 326
64 335
64 356
64 371
64 388
64 433
64 444
64 493
64 606
64 619
64 661
64 750
64 786
64 857
64 886
64 888
64 932
64 1007
64 1019
64 1020
65 75
65 81
65 87
65 124
65 133
65 141
65 142
65 148
65 150
65 170
65 211
65 216
65 234
65 235
65 240
65 243
65 271
65 280
65 282
65 306
65 322
65 327
65 336
65 343
65 355
65 388
65 427
65 449
65 463
65 471
65 489
65 495
65 511
65 522
65 557
65 584
65 586
65 593
65 622
65 661
65 719
65 820
65 856
65 881
65 947
65 979
65 988
65 991
65 1007
65 1017
66 76
66 77
66 126
66 215
66 365
66 379
66 438
66 476
66 518
66 633
66 638
66 971
66 991
66 996
66 1004
67 123
67 130
67 131
67 132
67 135
67 141
67 154
67 161
67 197
67 199
67 236
67 276
67 283
67 291
67 332
67 356
67 403
67 411
67 433
67 449
67 476
67 502
67 512
67 518
67 523
67 524
67 536
67 541
67 555
67 569
67 586
67 592
67 655
67 695
67 747
67 756
67 810
67 823
67 987
67 1016
68 92
68 104
68 137
68 154
68 216
68 266
68 366
68 400
68 419
68 420
68 457
68 485
68 531
68 566
68 570
68 615
68 646
68 656
68 722
68 792
68 1019
69 72
69 75
69 79
69 83
69 90
69 119
69 121
69 138
69 147
69 162
69 163
69 182
69 291
69 308
69 323
69 329
69 346
69 353
69 368
69 373
69 385
69 428
69 435
69 457
69 467
69 492
69 509
69 510
69 516
69 524
69 531
69 553
69 554
69 606
69 675
69 695
69 700
69 710
69 722
69 744
69 746
69 773
69 828
69 839
69 893
69 928
69 956
69 990
70 96
70 129
70 233
70 312
70 436
70 467
70 508
70 811
70 978
71 72
71 85
71 138
71 160
71 167
71 169
71 170
71 176
71 198
71 216
71 222
71 225
71 259
71 277
71 313
71 335
71 346
71 355
71 485
71 540
71 572
71 575
71 597
71 615
71 652
71 711
71 728
71 761
71 783
71 817
71 834
71 859
71 883
71 919
71 922
72 99
72 108
72 145
72 149
72 177
72 181
72 193
72 213
72 253
72 264
72 287
72 327
72 338
72 340
72 370
72 392
72 404
72 422
72 442
72 520
72 540
72 672
72 729
72 733
72 765
72 769
72 853
72 932
72 951
72 1010
73 81
73 125
73 126
73 132
73 168
73 206
73 223
73 231
73 259
73 262
73 352
73 365
73 366
73 380
73 416
73 454
73 514
73 549
73 565
73 614
73 624
73 689
73 717
73 838
73 872
73 873
73 880
73 935
73 954
73 964
73 967
73 972
74 127
74 174
74 188
74 192
74 244
74 291
74 302
74 305
74 310
74 319
74 328
74 359
74 362
74 370
74 383
74 384
74 401
74 447
74 502
74 538
74 577
74 702
74 735
74 830
74 879
74 992
74 996
75 113
75 195
75 213
75 339
75 370
75 381
75 595
75 658
75 794
75 923
75 977
76 78
76 86
76 93
76 100
76 101
76 136
76 142
76 157
76 199
76 204
76 209
76 218
76 256
76 275
76 308
76 342
76 356
76 367
76 410
76 533
76 599
76 623
76 647
76 691
76 717
76 737
76 754
76 857
76 912
77 101
77 107
77 110
77 111
77 155
77 156
77 175
77 294
77 304
77 329
77 363
77 372
77 423
77 436
77 440
77 463
77 513
77 533
77 561
77 581
77 632
77 719
77 744
77 863
77 880
77 923
77 924
77 981
78 115
78 126
78 139
78 245
78 319
78 361
78 373
78 375
78 377
78 401
78 439
78 514
78 545
78 590
78 621
78 689
78 774
78 911
78 950
79 98
79 153
79 159
79 202
79 209
79 232
79 251
79 273
79 292
79 341
79 434
79 508
79 544
79 557
79 571
79 684
79 801
79 806
79 871
79 897
79 899
79 977
80 174
80 194
80 204
80 211
80 231
80 265
80 342
80 382
80 416
80 433
80 569
80 594
80 608
80 618
80 632
80 662
80 704
80 706
80 716
80 889
80 892
80 918
80 940
80 968
81 87
81 93
81 98
81 132
81 142
81 159
81 172
81 178
81 205
81 235
81 238
81 245
81 247
81 272
81 279
81 281
81 289
81 345
81 348
81 394
81 567
81 605
81 656
81 662
81 709
81 744
81 811
81 833
81 918
81 990
81 1021
82 108
82 112
82 116
82 117
82 145
82 155
82 156
82 169
82 193
82 220
82 234
82 242
82 245
82 264
82 288
82 296
82 302
82 346
82 384
82 385
82 393
82 408
82 504
82 520
82 526
82 538
82 564
82 571
82 601
82 634
82 646
82 649
82 701
82 723
82 822
82 932
82 959
82 963
82 1019
83 84
83 108
83 116
83 118
83 124
83 151
83 185
83 199
83 201
83 209
83 269
83 326
83 338
83 350
83 376
83 380
83 386
83 402
83 407
83 411
83 414
83 450
83 488
83 616
83 674
83 719
83 785
83 807
83 841
83 879
83 882
83 925
83 953
83 955
84 99
84 100
84 138
84 194
84 253
84 254
84 261
84 303
84 304
84 317
84 335
84 420
84 513
84 527
84 675
84 749
85 148
85 244
85 269
85 299
85 310
85 316
85 364
85 395
85 423
85 444
85 479
85 542
85 586
85 592
85 606
85 640
85 770
85 870
86 90
86 92
86 94
86 107
86 114
86 119
86 125
86 193
86 250
86 333
86 343
86 427
86 436
86 450
86 550
86 611
86 752
86 782
86 925
86 990
86 1003
87 103
87 115
87 116
87 119
87 121
87 183
87 214
87 341
87 342
87 378
87 398
87 429
87 451
87 478
87 493
87 494
87 551
87 594
87 723
87 790
87 880
87 927
87 971
87 996
88 102
88 165
88 195
88 198
88 219
88 259
88 280
88 284
88 289
88 314
88 319
88 344
88 365
88 377
88 436
88 542
88 604
88 606
88 608
88 626
88 722
88 727
88 765
88 968
88 973
89 95
89 113
89 125
89 133
89 165
89 170
89 177
89 179
89 182
89 186
89 192
89 197
89 244
89 252
89 256
89 311
89 330
89 336
89 364
89 377
89 391
89 399
89 418
89 468
89 472
89 513
89 539
89 702
89 759
89 965
89 1005
90 91
90 115
90 118
90 121
90 131
90 141
90 142
90 161
90 188
90 192
90 200
90 233
90 291
90 317
90 323
90 328
90 329
90 357
90 376
90 378
90 398
90 501
90 535
90 538
90 547
90 558
90 605
90 641
90 656
90 825
90 830
90 864
91 129
91 161
91 342
91 350
91 380
91 405
91 411
91 418
91 437
91 459
91 563
91 669
91 698
91 732
91 851
91 949
91 962
91 1020
92 99
92 101
92 155
92 164
92 170
92 180
92 185
92 209
92 239
92 345
92 376
92 454
92 498
92 501
92 603
92 688
92 884
92 1012
93 107
93 120
93 131
93 149
93 178
93 202
93 203
93 211
93 304
93 307
93 317
93 318
93 319
93 353
93 415
93 427
93 435
93 451
93 456
93 467
93 534
93 538
93 539
93 546
93 581
93 670
93 731
93 737
93 745
93 766
93 777
93 807
93 861
93 946
93 1012
94 106
94 146
94 152
94 182
94 189
94 300
94 400
94 438
94 709
95 97
95 139
95 157
95 188
95 232
95 268
95 303
95 378
95 480
95 482
95 527
95 532
95 564
95 591
95 602
95 649
95 724
95 726
95 768
96 101
96 107
96 120
96 172
96 182
96 210
96 211
96 221
96 255
96 407
96 498
96 542
96 565
96 587
96 628
96 687
96 774
96 795
96 941
97 126
97 131
97 154
97 230
97 314
97 563
97 638
97 641
97 764
97 928
98 112
98 147
98 225
98 252
98 254
98 326
98 341
98 357
98 365
98 456
98 493
98 494
98 554
98 558
98 692
98 714
98 775
98 796
98 813
98 939
99 104
99 115
99 121
99 133
99 134
99 135
99 158
99 163
99 164
99 175
99 202
99 250
99 295
99 313
99 348
99 391
99 426
99 441
99 442
99 443
99 446
99 452
99 479
99 634
99 637
99 800
99 859
99 922
99 935
99 971
100 103
100 118
100 173
100 270
100 275
100 605
100 691
100 751
100 1008
101 105
101 170
101 228
101 427
101 449
101 467
101 545
101 613
101 614
101 672
101 812
101 902
101 977
101 1017
102 121
102 126
102 166
102 171
102 180
102 186
102 228
102 239
102 275
102 299
102 325
102 349
102 361
102 436
102 509
102 540
102 565
102 619
102 642
102 679
102 707
102 765
102 770
102 773
102 801
102 813
102 820
102 914
103 113
103 173
103 207
103 217
103 366
103 371
103 465
103 548
103 562
103 705
103 712
103 882
104 149
104 166
104 260
104 323
104 329
104 423
104 438
104 472
104 631
104 643
104 734
105 114
105 124
105 141
105 158
105 199
105 219
105 330
105 369
105 403
105 420
105 516
105 664
105 834
105 869
105 885
105 984
106 112
106 117
106 134
106 141
106 178
106 212
106 216
106 219
106 237
106 285
106 289
106 331
106 337
106 362
106 387
106 430
106 480
106 531
106 551
106 611
106 720
106 823
106 993
107 108
107 109
107 120
107 131
107 163
107 196
107 197
107 222
107 226
107 312
107 381
107 384
107 466
107 490
107 510
107 573
107 612
107 642
107 668
107 761
107 928
107 950
107 954
107 957
107 994
107 997
108 124
108 129
108 136
108 150
108 193
108 224
108 262
108 266
108 270
108 278
108 279
108 286
108 302
108 348
108 357
108 385
108 392
108 400
108 410
108 411
108 413
108 472
108 499
108 568
108 574
108 576
108 626
108 627
108 635
108 686
108 689
108 724
108 741
108 760
108 789
108 793
108 818
108 865
108 978
109 148
109 156
109 206
109 352
109 374
109 408
109 478
109 525
109 573
109 732
109 891
109 934
109 951
109 1013
110 118
110 127
110 150
110 156
110 164
110 185
110 189
110 208
110 258
110 267
110 272
110 292
110 293
110 355
110 387
110 401
110 423
110 425
110 449
110 461
110 468
110 486
110 699
110 714
110 728
110 740
110 743
110 776
110 781
110 841
110 914
110 924
110 979
110 993
111 113
111 116
111 287
111 389
111 391
111 472
111 627
111 742
111 859
111 867
111 959
111 985
112 146
112 174
112 182
112 188
112 206
112 237
112 280
112 284
112 313
112 321
112 350
112 366
112 407
112 521
112 610
112 652
112 693
112 708
112 783
112 803
112 895
112 948
113 130
113 138
113 150
113 183
113 231
113 257
113 301
113 408
113 449
113 467
113 469
113 471
113 482
113 524
113 568
113 647
113 749
113 952
113 1004
114 173
114 178
114 182
114 184
114 221
114 247
114 252
114 468
114 553
114 563
114 568
114 611
114 633
114 658
114 668
114 714
114 747
114 827
114 837
114 876
114 901
114 973
114 1002
114 1017
115 136
115 196
115 223
115 261
115 297
115 327
115 385
115 506
115 649
115 689
115 735
115 853
115 859
115 910
115 940
116 263
116 502
116 563
116 607
116 609
116 620
116 692
116 700
116 755
116 943
117 122
117 222
117 290
117 429
117 578
117 602
117 644
117 744
117 768
117 837
117 920
117 922
118 146
118 174
118 175
118 204
118 205
118 277
118 417
118 467
118 472
118 474
118 511
118 520
118 569
118 673
118 758
118 855
119 150
119 187
119 225
119 231
119 515
119 575
119 682
119 755
119 758
119 792
119 795
119 806
119 881
119 887
120 143
120 146
120 178
120 233
120 272
120 294
120 335
120 349
120 371
120 468
120 500
120 651
120 814
120 861
120 1017
121 188
121 247
121 426
121 609
121 652
121 736
121 745
121 758
121 999
122 133
122 196
122 269
122 336
122 337
122 394
122 401
122 403
122 410
122 432
122 502
122 531
122 544
122 551
122 575
122 774
122 835
122 844
122 979
123 148
123 161
123 167
123 188
123 200
123 219
123 276
123 374
123 615
123 661
123 799
124 160
124 193
124 210
124 214
124 221
124 222
124 227
124 233
124 256
124 309
124 312
124 345
124 426
124 435
124 590
124 639
124 765
124 781
124 792
124 795
124 809
125 129
125 191
125 214
125 276
125 514
125 593
125 642
125 766
125 909
125 997
126 130
126 168
126 176
126 186
126 190
126 197
126 279
126 452
126 642
126 671
126 732
127 130
127 231
127 239
127 266
127 345
127 393
127 443
127 456
127 526
127 632
127 647
127 703
127 775
127 820
127 855
127 889
127 986
128 219
128 239
128 240
128 425
128 554
128 773
128 849
128 990
129 207
129 435
129 469
129 510
129 548
129 579
129 668
129 800
129 838
129 846
129 856
129 960
129 1008
130 190
130 244
130 292
130 293
130 333
130 407
130 426
130 529
130 575
130 605
130 613
130 627
130 674
130 700
130 780
130 840
130 877
130 1000
131 133
131 176
131 187
131 190
131 212
131 229
131 234
131 292
131 315
131 351
131 442
131 527
131 560
131 869
131 914
131 921
131 992
132 143
132 171
132 181
132 269
132 596
132 656
132 786
132 819
132 864
133 149
133 152
133 155
133 158
133 204
133 205
133 209
133 247
133 250
133 275
133 279
133 293
133 297
133 316
133 353
133 367
133 391
133 408
133 504
133 537
133 560
133 591
133 602
133 617
133 620
133 681
133 765
133 787
133 798
133 804
133 808
133 951
134 140
134 168
134 169
134 246
134 297
134 316
134 334
134 570
134 726
134 766
134 940
135 144
135 155
135 213
135 215
135 310
135 344
135 574
135 603
135 626
135 740
135 782
135 949
136 158
136 174
136 198
136 215
136 235
136 241
136 253
136 286
136 316
136 348
136 358
136 386
136 433
136 581
136 617
136 789
136 843
136 956
136 977
137 273
137 323
137 421
137 434
137 527
137 572
137 599
137 611
137 660
138 144
138 145
138 364
138 463
138 498
138 614
138 814
138 966
139 169
139 177
139 345
139 365
139 372
139 387
139 390
139 403
139 571
139 654
139 725
139 777
139 818
139 826
140 347
140 508
140 549
140 874
140 944
141 225
141 265
141 295
141 307
141 337
141 437
141 440
141 592
141 649
141 841
141 1007
142 162
142 177
142 221
142 258
142 296
142 306
142 313
142 315
142 317
142 329
142 383
142 412
142 426
142 514
142 528
142 575
142 583
142 650
142 657
142 877
143 147
143 221
143 266
143 324
143 332
143 355
143 395
143 440
143 459
143 473
143 576
143 732
143 914
144 222
144 229
144 335
144 415
144 419
144 426
144 441
144 472
144 480
144 624
144 637
145 161
145 184
145 352
145 429
145 463
145 471
145 491
145 513
145 748
145 787
145 899
146 241
146 274
146 354
146 360
146 604
146 617
146 627
146 679
146 722
146 738
146 964
146 994
147 150
147 185
147 195
147 214
147 221
147 254
147 303
147 371
147 399
147 412
147 467
147 483
147 492
147 544
147 608
147 620
147 675
147 714
147 743
147 850
148 219
148 270
148 275
148 426
148 508
148 514
148 525
148 534
148 549
148 631
148 641
148 765
148 974
148 975
149 195
149 207
149 214
149 215
149 254
149 309
149 391
149 445
149 498
149 507
149 647
149 656
149 698
149 726
149 741
149 789
149 845
149 847
149 921
150 166
150 299
150 313
150 455
150 528
150 530
150 574
150 629
150 641
150 668
150 692
150 745
150 825
150 827
150 846
150 873
150 876
151 161
151 191
151 236
151 251
151 319
151 338
151 358
151 452
151 476
151 484
151 517
151 542
151 562
151 612
151 614
151 637
151 728
151 745
151 824
151 834
151 900
151 934
151 945
152 188
152 197
152 236
152 399
152 406
152 585
152 606
152 635
152 804
152 808
152 833
152 909
152 977
153 159
153 166
153 305
153 328
153 413
153 519
153 530
153 619
153 709
153 728
153 963
153 979
153 1022
154 217
154 219
154 235
154 307
154 314
154 361
154 397
154 421
154 448
154 604
154 653
154 784
154 898
154 982
154 984
155 173
155 179
155 184
155 249
155 315
155 341
155 421
155 455
155 501
155 683
155 687
155 702
155 829
155 896
156 425
156 670
157 193
157 200
157 223
157 227
157 258
157 294
157 491
157 512
157 580
157 583
157 629
157 674
157 851
158 213
158 234
158 240
158 289
158 294
158 327
158 361
158 369
158 375
158 459
158 541
158 570
158 769
158 809
158 870
158 883
158 936
158 1008
159 162
159 165
159 203
159 208
159 216
159 264
159 343
159 363
159 382
159 397
159 479
159 480
159 548
159 603
159 670
159 788
159 792
159 842
159 864
159 902
159 949
159 973
159 1017
160 166
160 255
160 274
160 369
160 485
160 521
160 531
160 595
160 600
160 958
161 194
161 289
161 300
161 343
161 367
161 376
161 423
161 424
161 432
161 479
161 544
161 677
161 703
161 733
161 763
161 771
161 874
162 164
162 165
162 185
162 254
162 301
162 346
162 379
162 432
162 477
162 492
162 565
162 581
162 587
162 635
162 732
162 742
162 756
162 779
162 790
162 810
162 889
162 949
162 982
163 197
163 207
163 271
163 406
163 746
163 886
164 200
164 267
164 299
164 346
164 398
164 481
164 482
164 506
164 658
164 678
164 716
164 881
164 906
165 187
165 230
165 256
165 283
165 335
165 374
165 411
165 866
165 915
165 998
166 244
166 262
166 321
166 325
166 329
166 336
166 387
166 390
166 423
166 508
166 659
166 660
166 823
166 874
166 1000
167 335
167 416
167 628
167 685
167 916
168 314
168 418
168 790
169 212
169 226
169 228
169 236
169 240
169 272
169 283
169 325
169 340
169 351
169 354
169 485
169 491
169 492
169 533
169 535
169 693
169 735
169 823
169 827
169 924
169 932
170 296
170 307
170 481
170 498
170 505
170 526
170 570
170 654
170 721
170 768
170 941
170 1006
171 188
171 204
171 216
171 369
171 372
171 488
171 522
171 530
171 543
171 699
171 700
171 950
172 183
172 184
172 209
172 220
172 229
172 246
172 310
172 321
172 328
172 495
172 552
172 561
172 612
172 677
172 706
172 721
172 747
172 810
172 939
172 963
173 181
173 199
173 237
173 295
173 322
173 500
173 503
173 627
173 664
173 733
173 739
173 773
173 847
173 954
173 958
174 236
174 261
174 274
174 301
174 402
174 418
174 555
174 635
174 676
174 848
174 872
174 1023
175 212
175 326
175 456
175 1022
176 180
176 328
176 436
176 515
176 581
176 596
176 606
176 632
176 762
176 797
176 842
176 893
176 899
176 962
177 189
177 204
177 310
177 324
177 346
177 350
177 362
177 380
177 389
177 449
177 460
177 477
177 483
177 484
177 547
177 600
177 673
177 727
177 836
177 841
177 966
177 1003
178 187
178 190
178 224
178 246
178 253
178 259
178 372
178 412
178 489
178 598
178 685
178 700
178 701
178 702
178 747
178 779
178 834
178 880
178 883
179 192
179 286
179 402
179 422
179 495
179 505
179 522
179 615
179 890
179 899
179 961
179 976
179 1008
180 277
180 336
180 431
180 646
180 752
180 871
180 907
180 918
180 981
181 268
181 368
181 465
181 580
181 593
181 644
181 711
181 837
182 220
182 262
182 317
182 337
182 344
182 400
182 539
182 580
182 583
182 600
182 982
183 267
183 314
183 375
183 393
183 441
183 475
183 524
183 544
183 552
183 597
183 630
183 722
183 782
183 969
183 990
184 225
184 321
184 442
184 685
184 836
184 876
184 922
185 237
185 257
185 365
185 370
185 454
185 498
185 577
185 790
185 860
185 943
186 278
186 417
186 451
186 484
186 486
186 900
186 978
187 191
187 196
187 224
187 226
187 245
187 283
187 300
187 324
187 343
187 415
187 436
187 466
187 472
187 660
187 663
187 678
187 793
187 814
187 981
188 224
188 243
188 250
188 337
188 357
188 383
188 548
188 575
188 579
188 592
188 615
188 659
188 733
188 842
188 878
189 220
189 253
189 429
189 462
189 795
189 1006
189 1014
190 282
190 326
190 432
190 471
190 484
190 625
190 725
190 731
190 767
190 771
190 779
191 333
191 517
191 651
191 713
191 714
191 859
191 912
191 950
191 996
192 194
192 237
192 241
192 249
192 253
192 274
192 334
192 414
192 448
192 459
192 499
192 521
192 581
192 596
192 637
192 639
192 652
192 805
192 827
192 907
192 914
192 919
193 251
193 298
193 300
193 315
193 374
193 375
193 469
193 566
193 590
193 620
193 685
193 793
193 810
193 813
193 818
193 955
194 205
194 208
194 214
194 217
194 243
194 252
194 286
194 300
194 320
194 370
194 451
194 466
194 580
194 647
194 918
194 936
195 249
195 259
195 342
195 473
195 543
195 650
195 659
195 872
195 995
195 997
195 1011
196 253
196 291
196 381
196 396
196 457
196 463
196 614
196 751
196 928
197 215
197 248
197 263
197 303
197 315
197 318
197 326
197 365
197 380
197 429
197 439
197 455
197 561
197 707
197 768
197 902
197 1012
198 258
198 334
198 341
198 385
198 551
198 621
198 878
198 937
198 987
199 234
199 249
199 286
199 331
199 397
199 417
199 567
199 608
199 645
199 795
199 877
199 953
199 1016
200 202
200 207
200 219
200 231
200 281
200 347
200 374
200 412
200 460
200 568
200 829
200 878
200 900
201 234
201 252
201 262
201 298
201 305
201 333
201 381
201 398
201 463
201 473
201 572
201 604
201 615
201 621
201 626
201 663
201 745
201 752
201 826
201 837
201 854
201 939
201 973
201 974
201 983
201 988
202 240
202 275
202 288
202 348
202 394
202 396
202 433
202 461
202 529
202 969
203 210
203 248
203 353
203 401
203 686
203 691
203 694
203 759
203 803
204 256
204 752
204 909
205 209
205 300
205 323
205 381
205 497
205 578
205 890
206 294
206 309
206 349
206 362
206 409
206 444
206 458
206 507
206 549
206 819
206 855
206 946
206 999
207 216
207 242
207 434
207 448
207 450
207 524
207 587
207 597
207 629
207 763
207 824
207 949
208 396
208 561
208 618
208 638
208 740
208 778
208 791
208 827
208 973
208 991
208 1016
209 289
209 309
209 334
209 339
209 354
209 446
209 518
209 529
209 643
209 738
209 746
209 779
209 791
209 813
209 875
209 908
209 951
210 211
210 302
210 322
210 363
210 409
210 423
210 479
210 692
210 726
210 784
210 814
210 922
210 932
211 227
211 243
211 262
211 285
211 296
211 311
211 351
211 367
211 572
211 588
211 599
211 786
211 828
211 884
212 266
212 283
212 415
212 481
212 694
212 698
212 804
213 253
213 292
213 322
213 369
213 392
213 471
213 476
213 543
213 608
213 693
213 817
213 889
213 898
214 243
214 274
214 386
214 435
214 528
214 529
214 695
214 821
214 912
214 913
215 314
215 359
215 453
215 468
215 656
215 942
216 277
216 281
216 294
216 457
216 517
216 553
216 598
216 675
216 712
216 718
216 721
216 735
216 766
216 833
216 1021
217 224
217 254
217 261
217 288
217 331
217 372
217 407
217 484
217 580
218 309
218 312
218 331
218 368
218 423
218 492
218 572
218 845
219 247
219 407
219 441
219 554
219 561
219 577
219 668
219 707
219 727
219 743
219 794
220 235
220 283
220 295
220 311
220 455
220 482
220 511
220 533
220 653
220 721
220 733
220 851
220 907
221 241
221 245
221 355
221 363
221 397
221 422
221 431
221 441
221 470
221 637
221 884
221 896
221 905
222 228
222 260
222 337
222 446
222 630
222 756
222 1023
223 241
223 250
223 273
223 637
223 821
223 958
224 478
224 493
224 524
224 678
224 729
224 973
225 264
225 322
225 354
225 434
225 451
225 474
225 479
225 507
225 573
225 623
225 661
225 691
225 828
225 1001
225 1007
226 309
226 377
226 388
226 395
226 505
226 660
226 691
226 762
226 865
226 1003
227 277
227 298
227 373
227 410
227 434
227 496
227 503
227 607
227 640
227 700
228 255
228 292
228 383
228 389
228 438
228 488
228 553
228 556
228 557
228 592
228 773
228 887
228 915
228 931
228 1005
229 355
229 446
229 694
230 255
230 390
230 547
230 594
230 608
230 867
231 310
231 367
231 398
231 425
231 519
231 583
231 642
231 682
231 737
231 750
231 814
231 828
231 870
232 233
232 280
232 564
232 665
233 265
233 325
233 375
233 396
233 434
233 479
233 487
233 600
233 603
233 682
233 866
233 966
234 297
234 350
234 413
234 464
235 248
235 332
235 386
235 402
235 728
235 790
235 931
236 291
236 365
236 437
236 554
236 676
236 678
236 717
236 740
236 909
236 939
236 977
236 983
236 997
237 410
237 491
237 844
237 875
237 991
237 1003
238 265
238 270
238 308
238 409
238 458
238 593
238 641
238 873
238 908
238 937
238 1009
239 245
239 280
239 286
239 326
239 354
239 435
239 444
239 496
239 607
239 700
239 884
240 595
240 759
240 767
240 778
240 822
240 829
240 1006
241 326
241 339
241 340
241 422
241 428
241 478
241 493
241 512
241 532
241 579
241 639
241 687
241 726
241 788
242 301
242 309
242 366
242 552
242 570
242 624
242 639
242 707
242 710
242 805
242 826
242 990
243 271
243 316
243 426
243 430
243 545
243 662
243 678
243 686
243 988
244 259
244 273
244 331
244 616
244 710
244 769
244 807
244 886
244 980
245 248
245 254
245 255
245 427
245 467
245 594
245 618
245 655
245 658
245 684
245 710
245 882
245 950
246 288
246 300
246 305
246 311
246 360
246 416
246 421
246 563
246 765
246 839
246 901
246 943
246 973
246 982
247 361
247 487
247 503
247 565
247 579
247 670
247 891
247 927
247 939
248 295
248 831
248 852
249 276
249 326
249 355
249 357
249 387
249 498
249 504
249 873
249 906
249 910
249 978
250 301
250 365
250 370
250 395
250 402
250 510
250 576
250 618
250 637
250 717
250 831
250 856
250 939
251 342
251 420
251 522
251 549
251 690
251 712
251 917
251 967
252 304
252 447
252 625
252 630
252 661
252 703
252 1021
253 328
253 566
253 772
253 792
253 875
254 349
254 456
254 509
254 524
254 651
254 663
254 734
254 848
254 913
254 926
254 986
255 529
255 605
255 759
255 920
256 283
256 364
256 376
256 385
256 420
256 431
256 469
256 519
256 609
256 623
256 714
256 931
256 954
257 268
257 306
257 307
257 349
257 372
257 377
257 386
257 396
257 398
257 541
257 545
257 572
257 645
257 664
257 746
257 853
257 870
257 911
257 924
258 260
258 282
258 285
258 288
258 384
258 450
258 473
258 480
258 507
258 533
258 736
258 751
258 783
258 848
258 864
259 728
259 740
259 780
259 1015
260 264
260 281
260 311
260 401
260 437
260 454
260 495
260 507
260 555
260 559
260 606
260 625
260 698
260 740
260 789
260 887
260 895
260 956
260 975
260 984
260 1006
261 348
261 368
261 453
261 598
261 985
262 407
262 518
262 604
262 645
262 771
262 809
262 854
262 971
263 445
263 490
263 494
263 621
263 806
263 807
263 888
263 944
264 342
264 459
264 477
264 588
264 629
264 914
264 948
264 1009
265 294
265 498
265 526
265 933
265 976
266 544
266 835
266 874
266 905
266 1005
267 292
267 310
267 695
267 782
267 790
267 859
267 1004
268 269
268 382
268 443
268 452
268 477
268 512
268 635
268 650
268 754
268 812
268 821
268 857
268 913
269 272
269 360
269 494
269 542
269 567
269 827
269 910
270 379
270 601
270 832
270 947
270 962
270 994
271 353
271 517
271 767
271 774
272 305
272 357
272 383
272 420
272 508
272 531
272 740
272 763
272 842
272 846
272 919
272 985
273 662
273 761
273 911
273 1002
274 462
274 628
274 710
274 924
274 944
274 995
275 295
275 342
275 392
275 405
275 462
275 494
275 558
275 582
275 597
275 669
275 815
275 827
275 917
276 298
276 347
276 395
276 406
276 546
276 730
276 857
277 368
278 476
278 501
278 588
278 693
278 736
278 837
279 305
279 617
279 671
280 306
280 316
280 332
280 389
280 703
280 751
280 806
280 868
281 402
281 419
281 441
281 467
281 574
281 856
281 889
281 937
282 298
282 335
282 347
282 480
282 737
283 293
283 561
283 583
283 739
283 813
283 840
283 1000
284 538
284 592
284 601
284 786
284 815
284 829
285 293
285 325
285 327
285 433
285 458
285 525
285 546
285 567
285 605
285 937
286 385
286 388
286 438
286 515
286 681
286 728
286 768
287 359
287 393
287 465
287 480
287 513
287 531
287 846
288 427
288 452
288 681
288 728
289 310
289 494
289 594
289 623
289 663
289 869
289 906
290 488
290 627
290 686
291 331
291 334
291 489
291 499
291 620
291 856
291 1008
292 329
292 405
292 710
292 720
292 1018
293 470
293 516
293 534
293 602
294 299
294 475
294 523
294 692
294 706
294 712
294 865
294 969
295 445
295 456
295 603
295 659
295 964
295 1005
296 380
296 393
296 400
296 424
296 915
296 992
297 311
297 329
297 346
297 456
297 503
297 532
297 678
297 829
297 831
297 979
298 301
298 345
298 458
298 490
298 644
298 705
298 708
298 716
298 742
298 775
298 799
298 907
299 390
299 561
299 664
299 711
299 793
299 796
299 913
299 950
299 975
299 999
300 409
300 425
300 719
300 757
300 778
301 439
301 528
301 832
301 1002
302 573
302 583
302 685
302 887
303 322
303 332
303 381
303 390
303 422
303 463
303 852
303 1004
304 424
304 492
304 616
304 725
304 745
304 755
304 798
304 942
305 360
305 421
305 515
305 525
305 540
305 612
305 789
305 846
305 896
306 438
306 487
306 550
306 612
306 689
306 826
307 380
307 414
307 757
307 972
307 1001
308 376
308 403
308 445
308 509
308 614
308 669
308 785
308 946
309 320
309 403
309 458
309 500
309 541
309 562
309 830
309 980
310 322
310 399
310 480
310 557
310 712
310 1007
311 353
311 374
311 408
311 506
311 554
311 576
311 591
311 628
311 716
311 790
311 863
312 479
312 559
312 616
312 626
312 993
313 497
313 534
313 667
313 705
313 847
314 384
314 483
314 500
314 506
314 677
314 882
314 1014
315 359
315 632
316 317
316 339
316 448
316 516
316 655
316 660
316 686
316 694
316 753
316 789
317 398
317 544
317 613
317 936
317 981
318 416
318 563
318 643
318 668
318 970
319 371
319 387
319 401
319 453
319 469
319 530
319 645
319 661
319 716
320 340
320 349
320 417
320 418
320 542
320 556
320 632
320 719
320 748
320 754
320 887
320 919
321 381
321 578
321 724
321 766
322 443
322 458
322 502
322 642
322 710
322 783
322 843
322 959
322 1016
323 445
323 461
323 503
323 532
323 600
323 649
323 693
323 799
323 1023
324 493
324 543
324 622
324 670
324 743
324 780
324 804
324 900
324 931
325 405
325 499
325 697
325 699
325 757
325 923
325 925
325 963
326 441
326 658
326 707
326 712
327 453
327 504
327 646
327 849
328 356
328 359
328 385
328 535
328 554
328 643
328 688
328 913
328 1015
329 434
329 466
329 739
329 884
330 556
330 582
330 776
330 777
330 819
331 381
331 391
331 691
331 739
332 844
332 974
332 1017
333 353
333 377
333 493
333 526
333 668
333 686
333 927
333 935
334 393
334 469
334 533
334 534
334 627
334 699
334 715
334 822
335 339
335 499
335 732
335 870
335 921
335 977
335 1018
336 379
336 510
336 574
337 373
337 388
337 475
337 574
337 610
337 673
337 719
337 747
337 750
337 795
337 798
337 811
338 378
338 430
338 648
338 664
338 802
338 807
338 898
339 473
339 616
339 630
339 896
340 664
340 735
340 967
341 471
341 481
341 578
341 638
341 687
341 711
341 747
341 942
341 975
342 375
342 517
342 547
342 657
342 787
342 850
343 609
343 674
343 777
343 1008
344 632
344 748
344 910
345 381
345 556
345 561
345 575
345 615
346 433
346 510
346 515
346 741
346 863
346 890
346 893
347 424
347 596
347 676
347 682
347 796
347 885
347 931
348 455
348 483
348 571
348 598
348 653
348 707
348 713
348 784
348 800
348 893
348 1020
349 418
349 491
350 388
350 529
350 669
350 689
350 733
350 872
350 894
351 416
351 478
351 751
352 794
352 817
352 818
352 904
352 916
353 388
353 422
353 429
353 442
353 618
353 715
353 842
353 875
353 927
355 456
355 472
355 564
355 576
355 579
355 732
355 767
356 510
356 666
356 709
356 760
356 764
357 368
357 501
357 630
357 904
358 530
358 812
358 844
358 880
358 984
359 391
359 465
359 650
359 654
359 709
359 752
359 855
359 1016
360 520
360 551
360 630
360 633
360 665
360 803
360 912
361 382
361 386
361 535
361 560
361 650
361 863
361 907
361 949
361 984
361 997
362 1014
363 492
363 540
363 639
363 730
363 945
364 508
364 629
364 750
364 764
365 434
365 517
365 547
365 770
365 891
366 370
366 527
366 633
366 672
366 777
366 824
366 917
366 979
367 521
367 535
367 668
367 755
367 758
368 510
368 559
368 755
368 849
368 859
368 914
369 505
369 509
369 587
369 614
369 683
369 868
369 892
369 923
369 963
369 972
370 383
370 457
370 566
370 589
370 802
370 962
371 457
371 549
371 732
371 794
371 820
371 866
371 934
371 946
372 595
372 696
372 720
372 879
373 692
373 750
374 537
374 662
374 725
374 984
374 1009
375 468
375 483
375 518
375 705
375 735
375 803
375 810
375 885
376 386
376 766
376 888
376 904
377 397
377 427
377 475
377 562
377 800
378 505
378 679
378 767
379 467
379 484
379 495
379 676
379 753
379 966
380 390
380 432
380 514
380 543
380 545
380 604
380 610
380 665
380 769
380 803
380 804
380 808
380 809
380 824
380 879
380 921
381 429
381 542
381 552
381 618
381 625
381 738
381 899
382 497
382 585
382 688
382 838
383 490
383 584
383 699
383 750
383 763
383 776
383 809
383 864
384 912
385 620
385 696
385 730
385 734
385 869
385 1022
386 677
386 819
386 993
386 1009
388 422
388 452
388 540
388 819
388 981
389 390
389 511
389 558
389 562
389 631
389 636
389 927
390 840
391 446
391 488
391 518
391 786
392 439
392 449
392 464
392 512
392 526
392 554
392 577
392 673
392 674
392 779
392 961
393 463
393 635
393 775
393 850
394 412
394 983
395 446
395 476
395 799
395 901
396 569
396 677
396 704
396 775
396 832
397 443
397 449
397 490
397 753
397 884
398 509
398 551
398 699
398 875
399 479
399 540
399 548
399 606
399 715
399 805
399 807
399 825
399 835
399 933
400 680
400 772
401 536
401 659
401 677
401 697
402 420
403 590
403 615
403 630
404 453
404 601
404 624
404 640
404 682
404 828
405 409
405 498
405 571
405 582
405 650
405 690
405 908
405 963
405 1005
406 409
406 532
406 875
406 1015
407 471
407 480
407 673
407 818
407 1023
408 460
408 581
408 804
408 958
408 1018
409 465
409 646
409 793
409 979
410 414
410 462
410 471
410 537
410 547
410 648
410 699
410 729
410 1000
411 458
411 669
411 704
411 748
411 995
412 679
412 738
412 825
412 969
413 573
413 624
413 652
413 911
414 590
414 626
414 872
414 919
415 424
415 509
415 816
415 1012
416 829
416 878
416 929
416 1013
417 600
417 855
417 925
418 424
418 718
419 734
420 449
420 517
420 573
420 593
420 746
420 813
420 912
421 516
421 568
421 708
421 802
423 638
423 702
423 825
424 553
424 560
424 588
424 671
424 740
424 795
425 565
426 431
426 495
426 694
426 702
426 704
426 877
426 980
427 451
427 556
427 600
427 609
427 649
427 760
427 815
427 847
427 897
428 530
428 690
428 703
428 742
429 518
429 645
430 511
430 599
430 640
430 705
430 816
430 893
430 1015
431 506
431 772
431 815
431 861
431 917
431 976
432 537
432 548
432 666
432 723
432 812
433 502
433 701
434 494
434 501
434 703
434 731
434 743
434 777
434 878
434 908
434 934
435 527
435 760
435 1002
436 454
436 456
436 459
436 585
436 672
436 747
436 772
436 798
436 811
437 459
437 714
437 766
437 922
437 972
438 497
438 521
438 580
438 646
438 658
438 967
439 784
439 788
439 968
439 977
440 460
440 468
440 576
441 596
441 823
442 584
442 702
442 792
442 826
442 897
442 998
443 444
443 547
443 684
443 699
443 901
443 961
444 462
444 507
444 515
444 697
444 1013
445 661
445 796
445 799
445 866
446 556
446 565
446 662
446 784
446 858
446 866
446 940
446 989
447 486
447 497
447 839
447 900
448 494
448 604
448 705
448 709
448 817
448 992
449 482
449 489
449 573
449 764
451 617
451 688
451 732
451 761
452 642
452 950
453 563
453 687
454 687
454 761
454 858
454 988
454 1019
456 516
456 770
456 793
457 466
457 944
457 1011
458 971
459 465
459 701
459 730
459 774
459 822
460 494
460 909
461 621
461 899
461 1002
462 720
462 839
462 880
463 528
463 598
463 657
463 708
463 783
463 893
463 1014
464 600
464 887
464 889
464 932
465 694
465 798
465 865
466 518
466 527
466 617
466 644
466 849
466 1010
466 1014
467 593
467 683
467 926
468 910
468 930
468 963
469 505
469 946
469 968
470 486
470 628
470 638
470 663
470 711
470 811
470 1015
471 597
471 919
471 938
471 1016
472 597
472 717
473 478
473 481
473 487
473 523
473 528
473 590
473 665
473 710
473 805
473 816
473 907
474 738
475 760
475 891
476 529
476 539
476 559
476 643
476 830
476 922
476 955
476 982
477 612
477 675
477 734
477 797
478 741
478 831
479 539
479 620
479 828
479 849
480 543
480 634
480 677
480 721
480 762
480 802
481 520
481 696
481 866
481 960
482 541
482 550
482 640
482 671
482 681
482 705
482 730
482 764
482 808
483 549
483 572
483 798
483 885
483 935
484 599
484 999
484 1015
485 618
485 718
486 769
486 815
486 857
487 522
487 566
487 570
487 755
487 828
487 862
489 552
489 684
489 727
489 990
490 515
490 677
490 861
491 707
491 768
491 920
492 540
492 596
492 620
492 715
492 784
492 844
493 730
493 836
494 559
494 833
495 527
495 562
495 652
496 511
496 529
496 558
496 876
496 1001
497 673
497 876
498 523
498 653
499 664
499 734
499 791
499 970
499 1019
500 612
501 583
501 678
501 907
501 994
502 631
502 711
502 768
502 890
502 948
503 649
504 536
504 567
504 717
504 762
505 550
505 574
505 746
505 779
507 508
507 550
507 658
507 685
507 937
509 689
509 700
509 743
509 976
510 513
510 591
510 864
510 967
511 526
511 683
511 708
511 961
511 997
512 706
512 741
512 867
512 952
513 578
513 595
513 707
513 821
514 516
514 577
514 727
514 987
514 1000
515 574
515 629
515 651
515 713
515 820
515 938
516 755
516 873
517 847
517 892
518 622
518 690
518 740
518 760
518 848
518 923
518 929
519 677
519 822
519 853
519 869
520 756
520 804
520 940
521 655
521 762
521 779
521 826
521 921
522 595
522 630
522 731
522 816
522 848
522 925
523 670
524 797
524 897
525 535
525 670
525 704
525 726
525 892
526 747
526 869
527 915
528 849
529 608
529 686
529 739
529 881
530 748
530 938
531 616
531 708
531 794
532 552
532 832
532 879
533 586
533 718
533 764
533 836
533 851
533 950
534 606
534 665
534 782
534 871
534 878
534 916
534 917
534 927
534 1013
535 991
536 699
536 823
536 968
538 652
538 709
538 791
538 853
538 995
539 663
539 812
541 582
541 688
541 747
541 895
541 915
542 855
542 897
543 617
543 672
543 869
544 550
544 1017
545 572
545 598
545 645
545 829
545 989
546 556
546 895
547 796
548 653
548 778
548 839
548 951
550 659
550 799
551 640
551 770
551 842
551 871
551 981
552 713
552 888
552 972
552 1006
553 560
553 715
554 604
554 642
554 698
555 624
555 639
555 830
555 944
556 598
557 705
557 917
560 646
560 758
560 835
560 905
561 694
561 750
562 649
562 674
562 918
563 632
563 762
564 862
564 868
564 992
565 771
566 928
566 953
568 680
568 682
570 834
572 1009
573 771
573 785
574 607
574 617
575 667
575 875
577 843
577 845
577 918
577 947
578 607
578 970
579 817
579 955
580 621
580 624
580 680
580 690
580 1020
581 585
581 724
581 805
581 898
581 903
581 943
581 973
582 618
582 650
582 858
582 964
583 884
584 773
584 779
584 846
584 933
585 756
585 891
585 985
585 1009
586 803
587 601
587 853
587 938
587 956
588 612
588 852
588 966
590 630
590 729
590 736
591 609
591 748
591 845
591 861
591 955
591 986
592 659
592 743
592 838
592 880
592 907
593 959
593 1014
594 779
594 875
594 894
594 932
594 1010
595 666
595 718
595 870
595 958
596 908
597 824
598 858
598 952
599 621
599 631
599 921
599 941
600 609
600 837
600 840
600 1001
601 852
602 691
602 813
602 937
603 963
604 605
604 674
604 781
604 847
605 634
605 667
605 830
606 670
606 867
606 957
606 1011
608 751
609 701
609 811
609 874
611 965
611 994
613 715
614 812
614 962
615 987
616 631
616 652
616 657
616 806
616 1002
618 635
618 726
618 783
619 628
620 685
620 727
620 833
620 925
621 654
621 701
622 624
622 814
622 956
623 626
623 698
623 837
623 967
624 832
626 649
626 886
627 952
628 724
629 776
629 787
629 815
629 862
629 1010
629 1015
630 656
632 1020
633 763
633 802
633 826
633 1006
635 676
635 952
637 676
637 780
637 924
637 984
638 748
638 862
639 743
639 926
641 684
641 693
641 995
642 676
643 720
644 706
645 667
645 706
645 781
646 986
648 825
648 862
648 885
649 866
650 953
651 802
652 721
652 866
653 668
653 798
653 868
654 819
655 694
655 701
655 790
655 889
657 754
658 714
658 789
659 800
659 995
660 673
660 731
660 774
660 849
661 709
661 838
661 933
661 1022
662 683
662 749
662 938
663 742
663 923
664 672
665 792
666 754
666 979
667 796
667 871
672 701
672 998
673 997
674 678
674 708
674 843
674 894
674 936
675 855
676 785
676 854
677 813
678 734
678 824
679 913
681 734
681 940
682 721
683 753
683 915
684 738
684 980
685 901
685 965
685 974
686 970
686 1000
687 755
687 797
687 853
687 946
688 695
688 977
689 933
689 952
690 749
690 846
690 964
690 986
690 992
691 799
692 693
692 758
693 725
694 714
694 778
694 783
694 962
694 1000
696 743
696 784
696 981
698 766
700 720
700 770
700 783
700 797
700 872
703 845
703 867
703 908
704 762
705 892
705 929
706 742
707 930
708 865
708 891
709 731
709 959
709 960
712 729
712 886
713 754
713 756
713 876
713 886
715 909
717 725
717 776
717 882
718 883
718 966
719 726
719 780
719 964
720 873
720 895
720 909
721 729
721 901
722 820
722 854
724 747
724 797
725 737
725 836
726 752
726 920
728 739
728 901
729 797
731 768
731 801
731 947
732 920
732 974
733 749
733 751
733 808
734 758
735 853
736 805
736 1018
737 771
737 847
737 851
738 849
738 894
743 828
743 1002
744 883
744 1009
745 803
745 855
745 869
745 937
745 972
746 788
747 821
748 778
750 895
751 850
753 769
753 822
753 992
753 1014
755 976
755 1004
758 858
759 789
759 790
760 909
762 767
762 905
764 809
764 816
764 952
766 829
766 876
767 877
769 809
771 825
771 898
772 791
774 817
775 805
775 1002
775 1018
776 1003
779 834
779 995
780 795
780 808
781 943
782 841
782 853
782 905
782 953
783 810
784 795
784 919
784 949
785 865
785 878
786 794
789 974
789 989
790 796
790 837
790 973
790 993
792 927
793 915
795 860
795 881
796 843
796 854
796 873
797 1008
798 936
798 940
801 888
802 897
802 901
802 948
804 903
805 848
808 873
808 911
808 955
809 902
811 988
814 874
815 910
816 831
816 867
819 821
819 980
821 954
823 877
823 905
825 870
825 948
825 999
825 1004
826 894
827 840
827 905
827 931
827 978
828 896
830 841
830 948
830 976
831 924
832 845
832 896
832 963
834 980
836 917
837 967
838 990
838 1004
840 849
842 882
842 886
843 957
846 921
846 955
848 857
848 938
849 908
850 947
852 890
852 921
853 911
853 961
854 929
855 943
859 943
859 1017
861 916
861 987
863 996
865 902
868 869
869 1023
875 922
876 932
876 1001
880 956
880 1022
881 944
881 957
882 974
883 1001
884 894
889 997
890 915
890 951
890 1018
891 917
894 1016
894 1022
896 930
900 971
901 970
902 943
903 927
906 913
906 948
907 1013
908 998
910 957
913 975
915 996
916 962
916 1008
921 958
926 962
929 981
930 934
933 960
936 937
941 1010
943 977
945 1001
947 960
953 1011
955 1019
961 994
961 1000
963 989
970 975
974 991
987 998
987 1011
