0 10
0 11
0 14
0 15
0 16
0 18
0 19
0 23
0 24
0 33
0 34
0 36
0 39
0 40
0 51
0 91
0 100
0 104
0 107
0 110
0 116
0 123
0 157
0 168
0 193
0 194
0 199
0 213
0 214
0 219
0 220
0 222
0 231
0 251
0 273
0 309
0 314
0 320
0 321
0 328
0 330
0 332
0 345
0 378
0 394
0 432
0 444
0 494
0 503
0 528
0 530
0 534
0 559
0 576
0 578
0 586
0 589
0 595
0 651
0 659
0 749
0 778
0 824
0 831
0 868
0 893
0 928
0 929
0 931
0 944
0 971
0 980
0 998
1 10
1 11
1 15
1 20
1 25
1 27
1 43
1 50
1 67
1 75
1 76
1 94
1 117
1 118
1 124
1 156
1 192
1 232
1 233
1 249
1 261
1 280
1 295
1 340
1 343
1 361
1 413
1 498
1 559
1 623
1 629
1 653
1 654
1 727
1 798
1 823
1 919
1 935
1 956
1 962
2 10
2 21
2 22
2 24
2 44
2 110
2 123
2 158
2 248
2 306
2 315
2 321
2 330
2 453
2 489
2 737
2 830
2 961
3 11
3 12
3 13
3 14
3 17
3 19
3 21
3 26
3 28
3 32
3 36
3 47
3 50
3 71
3 105
3 137
3 143
3 168
3 247
3 255
3 267
3 279
3 296
3 323
3 327
3 348
3 357
3 415
3 437
3 446
3 450
3 466
3 485
3 519
3 521
3 541
3 561
3 576
3 588
3 648
3 717
3 721
3 787
3 809
3 819
3 856
3 876
3 986
4 10
4 11
4 12
4 17
4 19
4 22
4 23
4 24
4 30
4 35
4 38
4 42
4 46
4 61
4 62
4 64
4 73
4 89
4 103
4 106
4 120
4 122
4 132
4 137
4 145
4 148
4 152
4 159
4 173
4 175
4 194
4 195
4 211
4 218
4 233
4 246
4 257
4 261
4 285
4 316
4 318
4 330
4 333
4 353
4 382
4 384
4 388
4 392
4 395
4 397
4 402
4 408
4 432
4 457
4 459
4 486
4 519
4 547
4 551
4 689
4 718
4 719
4 771
4 802
4 832
4 841
4 843
4 862
4 945
4 1022
5 10
5 11
5 12
5 14
5 20
5 21
5 24
5 26
5 29
5 30
5 37
5 38
5 42
5 56
5 62
5 65
5 69
5 78
5 82
5 86
5 87
5 89
5 95
5 101
5 115
5 117
5 120
5 136
5 138
5 142
5 153
5 167
5 171
5 172
5 185
5 200
5 208
5 215
5 232
5 235
5 248
5 249
5 278
5 338
5 354
5 405
5 415
5 443
5 473
5 502
5 504
5 525
5 547
5 548
5 553
5 567
5 589
5 711
5 737
5 751
5 772
5 827
5 854
5 856
5 857
5 916
5 933
5 964
5 978
6 10
6 11
6 12
6 16
6 20
6 23
6 24
6 26
6 28
6 42
6 45
6 47
6 60
6 78
6 79
6 88
6 136
6 141
6 142
6 144
6 147
6 175
6 185
6 204
6 218
6 271
6 276
6 284
6 306
6 313
6 380
6 392
6 394
6 404
6 417
6 420
6 455
6 489
6 523
6 533
6 546
6 557
6 573
6 582
6 583
6 602
6 647
6 648
6 665
6 689
6 725
6 774
6 785
6 839
6 840
6 958
6 1016
7 10
7 11
7 12
7 13
7 14
7 15
7 17
7 20
7 21
7 22
7 23
7 24
7 28
7 30
7 31
7 32
7 34
7 35
7 39
7 47
7 48
7 49
7 50
7 56
7 60
7 67
7 76
7 80
7 84
7 87
7 92
7 97
7 138
7 158
7 159
7 162
7 175
7 190
7 200
7 203
7 205
7 210
7 226
7 254
7 255
7 259
7 263
7 278
7 292
7 297
7 307
7 336
7 339
7 355
7 358
7 387
7 454
7 475
7 477
7 568
7 582
7 589
7 608
7 611
7 638
7 674
7 679
7 793
7 800
7 801
7 830
7 847
7 848
7 865
7 889
7 890
7 967
7 978
7 1002
8 10
8 13
8 17
8 18
8 20
8 23
8 28
8 40
8 41
8 46
8 51
8 63
8 69
8 82
8 83
8 86
8 106
8 128
8 131
8 143
8 146
8 207
8 232
8 236
8 244
8 247
8 249
8 257
8 287
8 311
8 333
8 337
8 350
8 351
8 354
8 355
8 371
8 378
8 388
8 417
8 447
8 448
8 466
8 487
8 525
8 557
8 583
8 587
8 596
8 598
8 612
8 621
8 636
8 720
8 744
8 764
8 780
8 810
8 828
8 848
8 933
8 935
8 980
9 10
9 11
9 13
9 14
9 16
9 18
9 29
9 32
9 37
9 43
9 52
9 53
9 54
9 55
9 64
9 66
9 71
9 73
9 105
9 114
9 129
9 133
9 149
9 154
9 156
9 160
9 180
9 196
9 204
9 212
9 218
9 234
9 241
9 261
9 276
9 294
9 297
9 320
9 356
9 378
9 403
9 406
9 431
9 437
9 469
9 482
9 497
9 503
9 506
9 508
9 532
9 584
9 609
9 659
9 660
9 751
9 762
9 791
9 804
9 814
9 815
9 847
9 861
9 886
9 895
10 11
10 12
10 13
10 14
10 16
10 17
10 19
10 20
10 22
10 25
10 29
10 30
10 32
10 33
10 37
10 42
10 44
10 45
10 52
10 57
10 60
10 61
10 62
10 68
10 70
10 71
10 73
10 75
10 76
10 86
10 95
10 107
10 115
10 116
10 123
10 124
10 125
10 126
10 137
10 140
10 143
10 173
10 189
10 190
10 196
10 198
10 200
10 206
10 218
10 229
10 242
10 244
10 264
10 270
10 273
10 281
10 288
10 311
10 318
10 343
10 352
10 359
10 366
10 373
10 401
10 404
10 424
10 431
10 439
10 481
10 491
10 532
10 537
10 558
10 560
10 610
10 672
10 683
10 736
10 750
10 761
10 766
10 778
10 818
10 831
10 856
10 864
10 896
10 910
10 929
10 939
10 950
10 953
10 970
11 12
11 13
11 14
11 16
11 20
11 21
11 22
11 24
11 26
11 29
11 30
11 33
11 39
11 40
11 42
11 44
11 45
11 55
11 58
11 61
11 77
11 85
11 91
11 102
11 106
11 107
11 111
11 122
11 143
11 144
11 153
11 159
11 163
11 168
11 172
11 176
11 193
11 239
11 240
11 272
11 277
11 282
11 289
11 293
11 312
11 327
11 356
11 357
11 382
11 391
11 411
11 440
11 474
11 476
11 485
11 487
11 497
11 509
11 525
11 538
11 539
11 550
11 553
11 564
11 576
11 589
11 671
11 705
11 753
11 758
11 760
11 765
11 776
11 850
11 859
11 871
11 877
11 920
11 926
11 941
11 952
11 953
11 956
11 965
11 972
11 974
11 988
11 996
12 14
12 15
12 17
12 19
12 22
12 26
12 27
12 29
12 30
12 33
12 35
12 42
12 44
12 45
12 46
12 50
12 55
12 58
12 59
12 61
12 63
12 64
12 65
12 66
12 69
12 70
12 78
12 85
12 88
12 91
12 92
12 93
12 96
12 102
12 106
12 113
12 114
12 122
12 126
12 138
12 142
12 150
12 164
12 165
12 166
12 171
12 174
12 179
12 183
12 186
12 193
12 196
12 202
12 229
12 236
12 237
12 242
12 245
12 249
12 250
12 256
12 277
12 281
12 284
12 287
12 292
12 298
12 302
12 307
12 318
12 321
12 330
12 331
12 342
12 344
12 349
12 351
12 352
12 358
12 377
12 398
12 400
12 417
12 431
12 438
12 439
12 452
12 457
12 460
12 462
12 464
12 487
12 490
12 504
12 531
12 536
12 554
12 556
12 566
12 567
12 577
12 582
12 584
12 587
12 597
12 600
12 607
12 613
12 622
12 624
12 625
12 634
12 639
12 643
12 645
12 651
12 657
12 709
12 712
12 723
12 746
12 757
12 759
12 761
12 780
12 789
12 799
12 807
12 831
12 834
12 852
12 855
12 858
12 895
12 903
12 909
12 916
12 934
12 965
12 969
12 985
12 1010
13 14
13 15
13 16
13 18
13 20
13 23
13 25
13 28
13 34
13 36
13 39
13 40
13 43
13 46
13 53
13 55
13 56
13 58
13 63
13 66
13 67
13 79
13 85
13 87
13 96
13 109
13 116
13 118
13 136
13 158
13 159
13 201
13 206
13 210
13 217
13 251
13 258
13 260
13 303
13 308
13 310
13 344
13 353
13 356
13 357
13 366
13 375
13 390
13 394
13 417
13 428
13 450
13 460
13 461
13 463
13 475
13 489
13 500
13 515
13 535
13 558
13 560
13 563
13 564
13 569
13 597
13 602
13 607
13 663
13 664
13 666
13 667
13 684
13 687
13 715
13 763
13 790
13 802
13 833
13 838
13 844
13 868
13 906
13 923
13 960
13 990
13 1017
13 1018
14 15
14 16
14 17
14 18
14 19
14 27
14 30
14 31
14 32
14 33
14 35
14 36
14 38
14 40
14 41
14 44
14 48
14 52
14 59
14 66
14 68
14 69
14 71
14 72
14 74
14 79
14 93
14 98
14 100
14 108
14 114
14 115
14 119
14 135
14 144
14 151
14 162
14 175
14 178
14 180
14 181
14 182
14 183
14 195
14 206
14 212
14 227
14 232
14 240
14 243
14 246
14 248
14 265
14 281
14 323
14 324
14 325
14 333
14 348
14 400
14 409
14 422
14 428
14 430
14 431
14 432
14 451
14 470
14 485
14 495
14 499
14 514
14 524
14 553
14 562
14 595
14 596
14 599
14 606
14 625
14 640
14 651
14 657
14 661
14 667
14 681
14 688
14 690
14 699
14 764
14 833
14 834
14 841
14 847
14 860
14 861
14 863
14 878
14 903
14 910
14 942
14 945
14 948
14 979
14 1000
14 1010
15 16
15 18
15 21
15 23
15 25
15 26
15 27
15 28
15 29
15 39
15 40
15 44
15 46
15 48
15 51
15 52
15 57
15 60
15 65
15 69
15 70
15 71
15 72
15 75
15 77
15 82
15 90
15 92
15 94
15 99
15 105
15 110
15 122
15 124
15 125
15 132
15 144
15 149
15 153
15 154
15 156
15 157
15 163
15 168
15 176
15 189
15 190
15 194
15 214
15 222
15 238
15 242
15 248
15 263
15 266
15 303
15 313
15 319
15 337
15 350
15 369
15 379
15 383
15 396
15 408
15 411
15 414
15 415
15 435
15 439
15 443
15 447
15 449
15 462
15 469
15 512
15 518
15 529
15 536
15 541
15 565
15 566
15 577
15 580
15 581
15 585
15 591
15 654
15 666
15 681
15 688
15 690
15 696
15 702
15 723
15 727
15 745
15 757
15 758
15 771
15 805
15 844
15 857
15 876
15 885
15 888
15 893
15 914
15 920
15 938
15 947
15 975
15 1011
15 1021
16 17
16 19
16 22
16 28
16 29
16 32
16 34
16 35
16 40
16 47
16 72
16 74
16 88
16 90
16 108
16 123
16 134
16 137
16 139
16 140
16 141
16 167
16 171
16 176
16 184
16 186
16 235
16 259
16 275
16 287
16 325
16 334
16 344
16 349
16 404
16 592
16 598
16 641
16 666
16 737
16 738
16 748
16 779
16 787
16 846
16 894
16 906
16 951
16 968
16 1003
17 18
17 21
17 23
17 28
17 33
17 34
17 37
17 39
17 54
17 64
17 70
17 71
17 95
17 97
17 120
17 137
17 169
17 171
17 174
17 177
17 182
17 185
17 197
17 201
17 230
17 238
17 260
17 279
17 288
17 295
17 296
17 307
17 308
17 314
17 324
17 359
17 363
17 379
17 389
17 425
17 444
17 452
17 464
17 470
17 484
17 554
17 603
17 608
17 631
17 635
17 660
17 704
17 717
17 781
17 786
17 836
17 861
17 994
17 995
17 999
17 1005
18 21
18 24
18 35
18 36
18 39
18 56
18 57
18 69
18 70
18 76
18 83
18 125
18 128
18 131
18 144
18 146
18 147
18 151
18 162
18 165
18 171
18 189
18 236
18 251
18 350
18 363
18 366
18 380
18 421
18 448
18 470
18 483
18 524
18 563
18 591
18 599
18 614
18 632
18 704
18 714
18 731
18 756
18 771
18 859
18 910
18 970
18 1021
19 23
19 25
19 31
19 33
19 37
19 38
19 41
19 44
19 51
19 54
19 57
19 62
19 66
19 71
19 83
19 84
19 86
19 92
19 94
19 112
19 130
19 134
19 137
19 144
19 145
19 151
19 155
19 160
19 163
19 191
19 195
19 196
19 211
19 214
19 223
19 233
19 234
19 245
19 251
19 255
19 277
19 290
19 305
19 317
19 328
19 368
19 380
19 407
19 420
19 421
19 430
19 434
19 447
19 457
19 470
19 502
19 504
19 537
19 539
19 542
19 570
19 578
19 580
19 599
19 602
19 613
19 666
19 676
19 680
19 690
19 736
19 794
19 811
19 812
19 820
19 825
19 890
19 895
19 922
19 933
19 968
19 969
19 982
19 997
20 24
20 31
20 32
20 35
20 40
20 41
20 43
20 51
20 55
20 61
20 63
20 73
20 92
20 107
20 110
20 111
20 113
20 134
20 172
20 179
20 192
20 198
20 217
20 225
20 229
20 258
20 277
20 337
20 345
20 352
20 376
20 384
20 397
20 442
20 448
20 454
20 455
20 469
20 474
20 491
20 513
20 551
20 555
20 639
20 658
20 660
20 672
20 708
20 713
20 718
20 730
20 777
20 785
20 792
20 815
20 823
20 825
20 839
20 843
20 851
20 935
20 955
20 986
21 22
21 23
21 30
21 32
21 36
21 48
21 52
21 56
21 59
21 82
21 91
21 112
21 126
21 133
21 148
21 156
21 171
21 172
21 190
21 192
21 196
21 201
21 205
21 207
21 243
21 269
21 287
21 316
21 323
21 341
21 358
21 364
21 382
21 505
21 541
21 551
21 571
21 585
21 660
21 680
21 692
21 696
21 737
21 750
21 811
21 838
21 879
21 890
21 902
21 963
21 1021
22 25
22 26
22 30
22 31
22 40
22 60
22 66
22 74
22 75
22 77
22 90
22 109
22 140
22 174
22 180
22 199
22 216
22 224
22 228
22 236
22 284
22 285
22 290
22 308
22 314
22 320
22 327
22 330
22 352
22 425
22 482
22 502
22 506
22 562
22 573
22 644
22 657
22 749
22 817
22 832
22 891
22 985
22 989
22 996
23 27
23 28
23 32
23 39
23 53
23 59
23 64
23 65
23 66
23 79
23 80
23 86
23 102
23 132
23 162
23 171
23 198
23 228
23 285
23 287
23 306
23 352
23 359
23 360
23 367
23 389
23 396
23 429
23 458
23 474
23 490
23 507
23 517
23 633
23 657
23 668
23 720
23 735
23 787
23 793
23 850
23 867
23 885
23 905
23 909
23 966
24 25
24 26
24 27
24 31
24 41
24 51
24 54
24 56
24 67
24 73
24 75
24 77
24 78
24 85
24 98
24 105
24 121
24 135
24 137
24 156
24 166
24 181
24 198
24 201
24 225
24 226
24 239
24 242
24 250
24 253
24 254
24 260
24 278
24 279
24 291
24 293
24 306
24 321
24 324
24 325
24 333
24 362
24 396
24 403
24 422
24 485
24 504
24 526
24 602
24 629
24 649
24 661
24 663
24 695
24 698
24 721
24 770
24 792
24 818
24 821
24 827
24 835
24 860
24 878
24 904
24 928
24 935
24 944
24 953
24 986
24 993
25 51
25 58
25 59
25 63
25 64
25 65
25 76
25 96
25 121
25 152
25 154
25 175
25 179
25 192
25 200
25 236
25 241
25 295
25 320
25 323
25 334
25 389
25 394
25 413
25 436
25 443
25 452
25 517
25 572
25 708
25 728
25 813
25 841
25 872
25 886
26 37
26 42
26 50
26 62
26 65
26 79
26 96
26 99
26 103
26 109
26 133
26 136
26 151
26 155
26 161
26 178
26 223
26 283
26 339
26 340
26 358
26 367
26 399
26 416
26 447
26 484
26 501
26 545
26 614
26 682
26 713
26 727
26 731
26 754
26 772
26 880
26 926
26 945
27 31
27 33
27 38
27 41
27 43
27 53
27 60
27 69
27 81
27 92
27 93
27 95
27 103
27 107
27 114
27 119
27 129
27 139
27 179
27 184
27 304
27 307
27 320
27 368
27 447
27 454
27 474
27 512
27 518
27 596
27 615
27 619
27 655
27 679
27 697
27 800
27 801
27 803
27 814
27 905
27 968
27 1003
27 1020
28 29
28 30
28 34
28 38
28 40
28 43
28 49
28 52
28 54
28 58
28 59
28 61
28 66
28 68
28 75
28 78
28 81
28 84
28 87
28 90
28 91
28 93
28 105
28 117
28 122
28 139
28 144
28 146
28 147
28 155
28 156
28 167
28 180
28 185
28 191
28 198
28 206
28 215
28 228
28 233
28 267
28 270
28 271
28 303
28 312
28 327
28 332
28 343
28 354
28 364
28 368
28 369
28 413
28 419
28 437
28 460
28 466
28 500
28 523
28 537
28 548
28 564
28 581
28 587
28 592
28 619
28 628
28 634
28 648
28 671
28 681
28 696
28 718
28 722
28 724
28 729
28 770
28 808
28 819
28 848
28 850
28 858
28 869
28 879
28 883
28 885
28 891
28 920
28 951
28 992
28 1010
28 1013
28 1015
29 34
29 37
29 38
29 41
29 49
29 61
29 93
29 97
29 98
29 110
29 149
29 153
29 154
29 213
29 246
29 256
29 260
29 263
29 268
29 301
29 304
29 317
29 321
29 344
29 347
29 408
29 446
29 501
29 542
29 568
29 644
29 647
29 667
29 684
29 713
29 744
29 806
29 832
29 851
29 863
29 868
29 871
29 953
29 1010
29 1013
30 37
30 42
30 55
30 63
30 72
30 81
30 88
30 99
30 104
30 114
30 121
30 138
30 159
30 172
30 181
30 186
30 202
30 224
30 230
30 260
30 274
30 277
30 288
30 334
30 347
30 362
30 408
30 414
30 424
30 481
30 523
30 629
30 651
30 759
30 762
30 763
30 769
30 874
30 962
30 993
31 46
31 59
31 64
31 67
31 70
31 74
31 83
31 103
31 109
31 110
31 113
31 114
31 119
31 123
31 135
31 142
31 152
31 199
31 201
31 206
31 217
31 230
31 243
31 250
31 285
31 299
31 319
31 320
31 324
31 347
31 351
31 364
31 391
31 414
31 440
31 455
31 485
31 499
31 524
31 526
31 532
31 550
31 578
31 581
31 613
31 636
31 644
31 660
31 709
31 723
31 730
31 739
31 783
31 810
31 850
31 864
31 892
31 914
31 935
31 941
31 995
31 1016
32 35
32 37
32 41
32 42
32 52
32 53
32 66
32 67
32 73
32 90
32 93
32 96
32 100
32 102
32 106
32 108
32 112
32 123
32 127
32 140
32 150
32 160
32 164
32 167
32 168
32 174
32 177
32 180
32 206
32 210
32 217
32 248
32 249
32 251
32 264
32 271
32 273
32 280
32 291
32 300
32 318
32 403
32 405
32 473
32 476
32 478
32 482
32 492
32 500
32 501
32 559
32 564
32 603
32 611
32 625
32 665
32 673
32 678
32 680
32 686
32 708
32 723
32 737
32 767
32 769
32 793
32 794
32 800
32 919
32 933
33 39
33 61
33 79
33 145
33 186
33 229
33 309
33 536
33 723
33 806
33 814
33 821
33 966
34 35
34 37
34 38
34 47
34 53
34 89
34 92
34 99
34 118
34 120
34 137
34 147
34 152
34 177
34 181
34 205
34 207
34 238
34 273
34 340
34 430
34 432
34 435
34 439
34 461
34 474
34 493
34 521
34 544
34 557
34 607
34 642
34 697
34 701
34 724
34 763
34 815
34 873
34 958
34 974
34 1016
35 53
35 54
35 60
35 72
35 76
35 77
35 89
35 93
35 97
35 105
35 107
35 112
35 117
35 119
35 122
35 125
35 137
35 160
35 164
35 180
35 220
35 239
35 251
35 259
35 286
35 298
35 303
35 313
35 371
35 372
35 384
35 434
35 441
35 450
35 511
35 546
35 574
35 587
35 594
35 610
35 622
35 628
35 640
35 653
35 675
35 797
35 830
35 835
35 904
35 972
35 1008
35 1011
36 43
36 90
36 164
36 178
36 246
36 262
36 267
36 287
36 373
36 376
36 398
36 471
36 557
36 639
36 742
36 867
36 900
36 942
36 978
36 989
37 45
37 50
37 96
37 165
37 183
37 188
37 231
37 283
37 290
37 413
37 421
37 456
37 514
37 527
37 537
37 543
37 593
37 619
37 703
37 734
37 774
37 777
37 840
37 901
37 904
37 912
37 930
37 965
37 1007
38 45
38 50
38 62
38 88
38 98
38 101
38 103
38 114
38 124
38 158
38 176
38 183
38 211
38 221
38 272
38 286
38 311
38 350
38 355
38 468
38 479
38 533
38 646
38 778
38 802
38 811
38 858
38 891
38 928
38 930
38 932
38 947
38 982
38 983
38 1022
39 49
39 57
39 60
39 74
39 83
39 93
39 95
39 111
39 128
39 143
39 146
39 153
39 173
39 201
39 209
39 220
39 238
39 284
39 335
39 343
39 382
39 390
39 399
39 428
39 535
39 546
39 610
39 643
39 716
39 727
39 753
39 805
39 819
39 838
39 852
39 875
39 908
39 999
39 1002
39 1013
40 48
40 68
40 84
40 86
40 89
40 96
40 109
40 163
40 169
40 170
40 186
40 187
40 204
40 282
40 410
40 436
40 484
40 525
40 538
40 564
40 593
40 693
40 713
40 726
40 786
40 801
40 839
40 904
40 988
41 50
41 54
41 68
41 70
41 83
41 99
41 134
41 218
41 241
41 271
41 310
41 404
41 452
41 463
41 566
41 599
41 622
41 655
41 661
41 758
41 781
41 788
41 805
41 866
42 46
42 69
42 74
42 129
42 135
42 152
42 181
42 185
42 208
42 227
42 230
42 238
42 331
42 374
42 399
42 410
42 437
42 499
42 555
42 588
42 620
42 642
42 667
42 672
42 741
42 742
42 778
42 787
42 881
42 882
42 916
42 972
42 1005
43 48
43 74
43 78
43 98
43 108
43 157
43 208
43 221
43 262
43 294
43 378
43 404
43 476
43 488
43 515
43 528
43 675
43 716
43 730
43 755
43 966
43 1006
43 1023
44 45
44 46
44 49
44 58
44 80
44 89
44 98
44 110
44 113
44 138
44 142
44 145
44 175
44 184
44 210
44 228
44 239
44 252
44 257
44 302
44 314
44 326
44 368
44 382
44 390
44 404
44 406
44 431
44 464
44 465
44 496
44 523
44 586
44 601
44 622
44 633
44 667
44 707
44 725
44 782
44 829
44 854
44 960
44 965
44 994
45 54
45 57
45 70
45 74
45 84
45 87
45 100
45 104
45 120
45 140
45 141
45 149
45 197
45 203
45 211
45 227
45 241
45 255
45 256
45 260
45 265
45 266
45 293
45 297
45 312
45 315
45 331
45 361
45 385
45 424
45 428
45 448
45 464
45 478
45 552
45 558
45 570
45 588
45 614
45 622
45 641
45 679
45 766
45 791
45 902
45 916
45 954
45 995
46 50
46 71
46 75
46 78
46 97
46 123
46 128
46 134
46 201
46 210
46 226
46 268
46 285
46 301
46 304
46 318
46 346
46 348
46 363
46 366
46 386
46 410
46 447
46 451
46 500
46 519
46 585
46 674
46 695
46 735
46 791
46 821
46 867
46 872
46 903
46 934
46 943
46 954
46 969
46 985
46 1023
47 57
47 73
47 78
47 85
47 133
47 166
47 170
47 230
47 233
47 269
47 339
47 780
47 861
47 887
47 904
47 912
47 913
47 944
47 955
47 968
47 999
48 51
48 60
48 73
48 187
48 210
48 215
48 218
48 222
48 256
48 267
48 343
48 389
48 501
48 511
48 533
48 583
48 691
48 713
48 741
48 836
48 911
48 917
48 1004
48 1008
49 62
49 89
49 103
49 136
49 153
49 173
49 273
49 275
49 320
49 334
49 344
49 392
49 440
49 490
49 580
49 627
49 670
49 703
49 713
49 715
49 797
49 850
49 870
49 894
50 51
50 55
50 56
50 77
50 82
50 105
50 118
50 135
50 189
50 223
50 238
50 296
50 352
50 406
50 419
50 448
50 475
50 497
50 552
50 575
50 761
50 775
50 892
50 944
50 971
50 1012
50 1023
51 59
51 80
51 117
51 126
51 127
51 132
51 158
51 296
51 324
51 344
51 363
51 441
51 491
51 548
51 571
51 576
51 601
51 644
51 656
51 691
51 698
51 752
51 816
51 818
51 884
51 891
51 987
51 1021
52 202
52 213
52 218
52 220
52 235
52 271
52 279
52 406
52 425
52 465
52 484
52 507
52 557
52 620
52 629
52 724
52 818
52 873
52 1013
53 54
53 58
53 61
53 62
53 64
53 71
53 74
53 80
53 85
53 94
53 102
53 104
53 111
53 139
53 149
53 160
53 162
53 177
53 178
53 183
53 191
53 227
53 232
53 238
53 244
53 278
53 306
53 332
53 335
53 529
53 540
53 586
53 648
53 775
53 833
53 838
53 875
53 925
53 930
53 945
53 991
53 1005
53 1023
54 76
54 86
54 98
54 101
54 163
54 294
54 303
54 306
54 336
54 372
54 430
54 516
54 631
54 643
54 803
54 830
54 863
54 926
54 965
55 84
55 157
55 198
55 200
55 224
55 250
55 261
55 321
55 324
55 345
55 347
55 371
55 412
55 415
55 492
55 566
55 582
55 601
55 643
55 652
55 716
55 719
55 772
55 775
55 879
55 939
55 947
55 989
56 74
56 77
56 97
56 116
56 119
56 122
56 143
56 170
56 220
56 252
56 262
56 268
56 297
56 301
56 358
56 377
56 381
56 409
56 465
56 505
56 510
56 579
56 580
56 609
56 635
56 648
56 663
56 683
56 717
56 931
56 973
56 988
56 1018
57 65
57 68
57 70
57 72
57 77
57 80
57 83
57 86
57 104
57 118
57 134
57 140
57 147
57 158
57 165
57 166
57 180
57 189
57 210
57 228
57 234
57 237
57 256
57 257
57 264
57 282
57 285
57 409
57 417
57 468
57 481
57 491
57 559
57 635
57 637
57 646
57 670
57 693
57 720
57 760
57 803
57 816
57 833
57 854
57 1003
58 62
58 81
58 86
58 136
58 203
58 213
58 231
58 267
58 269
58 289
58 329
58 414
58 429
58 504
58 546
58 566
58 643
58 704
58 706
58 719
58 729
58 836
58 852
58 860
58 865
58 881
58 894
58 926
58 945
58 968
58 991
58 992
58 1000
59 82
59 105
59 109
59 129
59 199
59 274
59 366
59 401
59 477
59 559
59 596
59 616
59 656
59 703
59 706
59 785
59 854
60 64
60 70
60 117
60 153
60 175
60 192
60 196
60 215
60 251
60 272
60 282
60 305
60 308
60 313
60 330
60 332
60 367
60 376
60 387
60 468
60 509
60 523
60 540
60 551
60 590
60 594
60 595
60 641
60 671
60 696
60 781
60 822
60 844
60 872
60 888
60 903
60 940
60 959
60 999
61 67
61 68
61 81
61 88
61 110
61 117
61 119
61 127
61 146
61 147
61 150
61 161
61 169
61 172
61 179
61 222
61 235
61 242
61 270
61 274
61 293
61 394
61 407
61 418
61 419
61 489
61 505
61 541
61 610
61 618
61 738
61 754
61 851
61 898
61 989
62 157
62 162
62 167
62 168
62 189
62 222
62 284
62 351
62 450
62 455
62 464
62 623
62 647
62 662
62 729
62 742
62 942
62 993
63 68
63 80
63 82
63 94
63 157
63 163
63 164
63 165
63 169
63 189
63 191
63 246
63 308
63 364
63 378
63 430
63 496
63 587
63 593
63 627
63 637
63 648
63 876
63 911
63 985
63 1001
63 1009
64 72
64 76
64 100
64 102
64 106
64 121
64 122
64 145
64 190
64 221
64 237
64 266
64 326
64 335
64 356
64 371
64 388
64 433
64 444
64 493
64 619
64 661
64 750
64 786
64 814
64 857
64 886
64 932
64 1007
64 1020
65 75
65 81
65 87
65 124
65 133
65 141
65 142
65 150
65 170
65 181
65 211
65 216
65 235
65 240
65 243
65 259
65 271
65 280
65 282
65 327
65 336
65 343
65 355
65 388
65 427
65 433
65 449
65 463
65 471
65 489
65 511
65 557
65 584
65 586
65 622
65 661
65 712
65 719
65 744
65 820
65 856
65 881
65 979
65 988
65 1007
65 1017
66 76
66 126
66 215
66 288
66 365
66 379
66 438
66 476
66 633
66 638
66 666
66 823
66 883
66 971
66 991
66 1004
67 123
67 130
67 132
67 135
67 141
67 154
67 161
67 197
67 199
67 236
67 258
67 276
67 283
67 403
67 433
67 449
67 476
67 502
67 518
67 524
67 536
67 541
67 555
67 567
67 569
67 586
67 592
67 644
67 655
67 695
67 747
67 756
67 810
67 823
67 932
67 987
67 1016
68 77
68 92
68 154
68 216
68 266
68 347
68 366
68 419
68 420
68 439
68 457
68 531
68 566
68 615
68 641
68 656
68 722
68 792
68 894
68 1019
69 72
69 79
69 83
69 119
69 121
69 138
69 162
69 182
69 203
69 291
69 300
69 323
69 353
69 368
69 373
69 385
69 435
69 457
69 467
69 492
69 509
69 510
69 516
69 531
69 553
69 554
69 606
69 675
69 695
69 700
69 710
69 722
69 744
69 773
69 794
69 807
69 828
69 839
69 928
69 956
69 978
69 990
70 142
70 233
70 312
70 427
70 436
70 467
70 508
70 811
70 978
71 72
71 85
71 130
71 150
71 160
71 161
71 167
71 169
71 170
71 198
71 216
71 222
71 225
71 238
71 259
71 277
71 313
71 346
71 355
71 410
71 453
71 485
71 487
71 540
71 572
71 575
71 597
71 615
71 711
71 761
71 783
71 817
71 834
71 859
71 906
71 919
71 939
72 76
72 99
72 145
72 151
72 177
72 181
72 193
72 213
72 249
72 253
72 264
72 287
72 327
72 338
72 392
72 404
72 442
72 466
72 520
72 540
72 672
72 729
72 733
72 765
72 769
72 781
72 853
72 932
72 951
72 1010
72 1019
73 81
73 125
73 126
73 132
73 168
73 184
73 206
73 223
73 259
73 262
73 352
73 365
73 366
73 380
73 454
73 549
73 614
73 624
73 684
73 689
73 717
73 838
73 872
73 935
73 964
73 967
73 972
73 1014
74 116
74 138
74 174
74 187
74 188
74 192
74 291
74 296
74 302
74 310
74 316
74 319
74 328
74 359
74 362
74 370
74 384
74 401
74 419
74 447
74 502
74 538
74 560
74 577
74 591
74 676
74 702
74 719
74 959
74 992
74 996
75 109
75 113
75 195
75 213
75 339
75 370
75 381
75 589
75 595
75 658
75 697
75 794
75 923
75 977
75 1004
76 78
76 86
76 93
76 100
76 101
76 136
76 157
76 184
76 199
76 204
76 209
76 218
76 256
76 275
76 308
76 342
76 356
76 533
76 599
76 623
76 647
76 691
76 857
76 912
76 991
77 101
77 107
77 110
77 111
77 155
77 156
77 175
77 248
77 363
77 372
77 423
77 436
77 440
77 463
77 496
77 513
77 533
77 561
77 623
77 632
77 650
77 719
77 744
77 923
77 924
77 981
78 115
78 126
78 139
78 245
78 319
78 361
78 373
78 375
78 377
78 401
78 514
78 545
78 590
78 774
78 911
78 950
78 964
79 98
79 153
79 202
79 209
79 232
79 251
79 292
79 341
79 347
79 434
79 508
79 544
79 557
79 571
79 587
79 718
79 801
79 806
79 807
79 897
79 899
79 977
79 1019
80 174
80 194
80 211
80 231
80 263
80 265
80 342
80 382
80 416
80 433
80 435
80 534
80 569
80 594
80 608
80 662
80 704
80 706
80 716
80 889
80 892
80 918
80 968
81 87
81 93
81 98
81 126
81 142
81 159
81 160
81 172
81 178
81 191
81 238
81 245
81 247
81 257
81 272
81 279
81 281
81 285
81 345
81 348
81 394
81 567
81 605
81 656
81 662
81 709
81 744
81 811
81 833
81 990
82 108
82 112
82 116
82 145
82 148
82 155
82 156
82 169
82 193
82 220
82 234
82 242
82 245
82 264
82 296
82 302
82 328
82 346
82 384
82 393
82 408
82 504
82 520
82 526
82 538
82 571
82 601
82 627
82 634
82 646
82 649
82 723
82 759
82 796
82 816
82 932
82 959
82 963
82 1017
82 1019
83 84
83 89
83 108
83 116
83 118
83 124
83 146
83 151
83 187
83 199
83 201
83 247
83 326
83 334
83 338
83 340
83 350
83 359
83 376
83 380
83 386
83 402
83 407
83 411
83 414
83 450
83 488
83 616
83 674
83 785
83 807
83 841
83 879
83 955
84 99
84 132
84 138
84 194
84 201
84 223
84 253
84 254
84 261
84 335
84 513
84 527
84 675
84 749
85 190
85 223
85 269
85 299
85 316
85 364
85 397
85 444
85 479
85 542
85 592
85 606
85 640
85 770
85 870
85 883
86 90
86 92
86 94
86 114
86 119
86 125
86 193
86 250
86 333
86 343
86 426
86 427
86 436
86 450
86 530
86 752
86 782
86 925
86 990
86 1003
87 90
87 103
87 111
87 115
87 116
87 119
87 121
87 169
87 341
87 429
87 451
87 478
87 494
87 522
87 551
87 594
87 723
87 790
87 880
87 927
87 966
87 971
87 976
87 996
88 102
88 165
88 195
88 245
88 259
88 280
88 289
88 314
88 319
88 344
88 360
88 365
88 377
88 436
88 448
88 542
88 546
88 606
88 608
88 626
88 722
88 727
88 735
88 765
88 817
88 968
88 973
89 95
89 109
89 113
89 125
89 133
89 165
89 170
89 177
89 179
89 182
89 186
89 197
89 244
89 252
89 256
89 330
89 336
89 364
89 377
89 391
89 399
89 418
89 468
89 513
89 539
89 702
89 757
89 759
89 812
89 874
89 965
89 1005
90 91
90 98
90 115
90 121
90 131
90 142
90 161
90 192
90 233
90 284
90 291
90 317
90 328
90 329
90 357
90 361
90 376
90 398
90 501
90 535
90 538
90 547
90 558
90 605
90 641
90 825
90 830
90 864
90 948
91 129
91 161
91 265
91 342
91 354
91 380
91 405
91 411
91 428
91 437
91 459
91 563
91 682
91 698
91 845
91 851
91 938
91 956
91 1020
92 99
92 101
92 141
92 155
92 170
92 180
92 185
92 209
92 239
92 302
92 345
92 376
92 454
92 498
92 500
92 619
92 688
92 884
92 1012
93 107
93 120
93 131
93 139
93 149
93 169
93 178
93 203
93 209
93 211
93 220
93 304
93 307
93 317
93 318
93 319
93 353
93 415
93 427
93 435
93 451
93 456
93 503
93 531
93 534
93 538
93 570
93 581
93 670
93 731
93 745
93 772
93 777
93 807
93 946
93 1012
94 106
94 146
94 182
94 189
94 300
94 400
94 438
94 951
95 97
95 139
95 157
95 176
95 188
95 232
95 268
95 378
95 480
95 482
95 527
95 532
95 564
95 575
95 602
95 645
95 649
95 724
95 726
95 768
95 921
96 107
96 120
96 172
96 182
96 211
96 221
96 255
96 388
96 407
96 498
96 506
96 542
96 565
96 587
96 628
96 687
96 690
96 757
96 774
96 795
96 941
97 126
97 131
97 154
97 314
97 563
97 638
97 641
97 928
98 102
98 112
98 147
98 225
98 242
98 252
98 254
98 326
98 341
98 357
98 360
98 365
98 456
98 493
98 494
98 685
98 692
98 775
98 796
98 813
98 846
98 939
99 104
99 115
99 133
99 135
99 163
99 175
99 202
99 225
99 250
99 257
99 295
99 313
99 331
99 348
99 391
99 426
99 442
99 443
99 479
99 483
99 637
99 679
99 800
99 898
99 920
99 935
99 971
100 118
100 173
100 270
100 488
100 536
100 605
100 680
100 691
100 751
100 902
100 1008
101 228
101 363
101 418
101 427
101 449
101 467
101 545
101 614
101 672
101 796
101 812
101 902
101 977
101 1017
102 126
102 166
102 171
102 180
102 186
102 228
102 239
102 275
102 299
102 325
102 349
102 361
102 509
102 521
102 540
102 549
102 565
102 633
102 677
102 679
102 707
102 765
102 770
102 773
102 820
102 1021
103 113
103 173
103 207
103 266
103 366
103 371
103 431
103 465
103 705
103 712
104 127
104 149
104 154
104 166
104 260
104 261
104 423
104 438
104 472
104 631
104 643
104 669
104 734
105 114
105 124
105 141
105 158
105 219
105 280
105 330
105 369
105 403
105 420
105 516
105 664
105 834
105 869
105 913
105 971
105 984
106 112
106 117
106 134
106 141
106 143
106 178
106 216
106 285
106 289
106 308
106 331
106 337
106 362
106 387
106 447
106 551
106 611
106 720
106 754
106 823
106 846
106 924
106 970
106 993
107 108
107 120
107 163
107 172
107 196
107 197
107 222
107 226
107 227
107 312
107 381
107 384
107 466
107 490
107 510
107 573
107 612
107 642
107 668
107 711
107 761
107 915
107 928
107 930
107 950
107 954
107 957
107 994
107 997
108 116
108 124
108 129
108 136
108 150
108 224
108 262
108 266
108 270
108 278
108 279
108 299
108 302
108 348
108 357
108 385
108 392
108 400
108 410
108 411
108 413
108 442
108 472
108 499
108 576
108 626
108 627
108 686
108 724
108 741
108 760
108 793
108 865
108 964
108 978
109 148
109 206
109 216
109 352
109 374
109 408
109 478
109 573
109 732
109 890
109 891
109 934
109 951
109 1013
110 111
110 127
110 150
110 156
110 164
110 185
110 189
110 208
110 258
110 267
110 292
110 293
110 355
110 387
110 401
110 423
110 425
110 449
110 461
110 468
110 486
110 543
110 640
110 699
110 714
110 740
110 743
110 781
110 808
110 841
110 914
110 979
110 993
111 113
111 116
111 287
111 389
111 391
111 472
111 627
111 742
111 859
111 867
111 959
112 146
112 174
112 179
112 182
112 188
112 237
112 268
112 280
112 284
112 313
112 321
112 366
112 371
112 407
112 521
112 638
112 652
112 676
112 708
112 895
113 130
113 138
113 150
113 183
113 230
113 231
113 257
113 275
113 301
113 322
113 408
113 449
113 469
113 471
113 524
113 558
113 568
113 647
113 786
113 899
113 952
113 1004
114 173
114 178
114 182
114 184
114 278
114 364
114 444
114 468
114 553
114 563
114 568
114 611
114 633
114 668
114 714
114 747
114 827
114 837
114 876
114 901
114 973
114 1017
115 136
115 196
115 212
115 297
115 327
115 385
115 486
115 506
115 621
115 649
115 735
115 853
115 859
115 910
116 127
116 230
116 263
116 290
116 502
116 536
116 563
116 609
116 620
116 692
116 700
116 755
116 943
117 122
117 131
117 193
117 290
117 429
117 578
117 602
117 644
117 744
117 768
117 837
117 880
117 920
118 146
118 174
118 175
118 204
118 205
118 261
118 327
118 467
118 472
118 474
118 511
118 569
118 673
118 758
118 769
118 855
119 150
119 450
119 515
119 575
119 682
119 755
119 758
119 792
119 795
119 806
119 881
119 887
119 987
120 125
120 143
120 146
120 178
120 186
120 218
120 233
120 272
120 280
120 294
120 335
120 349
120 371
120 476
120 500
120 651
120 814
120 861
120 1003
120 1017
121 186
121 188
121 237
121 247
121 288
121 426
121 609
121 652
121 662
121 736
121 745
121 758
121 999
122 196
122 258
122 269
122 279
122 336
122 337
122 394
122 401
122 403
122 410
122 432
122 433
122 502
122 531
122 544
122 551
122 621
122 774
122 844
122 979
123 161
123 167
123 188
123 200
123 219
123 276
123 363
123 374
123 615
123 671
123 799
123 809
124 160
124 172
124 193
124 214
124 221
124 222
124 227
124 233
124 309
124 312
124 332
124 345
124 393
124 426
124 435
124 585
124 639
124 765
124 781
124 792
124 795
125 129
125 191
125 214
125 514
125 572
125 593
125 766
125 909
125 997
126 130
126 168
126 176
126 186
126 190
126 197
126 279
126 452
126 642
126 726
126 732
127 130
127 231
127 239
127 266
127 345
127 360
127 443
127 456
127 526
127 632
127 636
127 647
127 703
127 775
127 820
127 889
128 219
128 239
128 240
128 554
128 773
128 849
128 990
128 1007
129 136
129 207
129 338
129 435
129 469
129 514
129 548
129 579
129 668
129 800
129 846
129 960
129 1008
130 179
130 190
130 292
130 293
130 426
130 529
130 575
130 597
130 613
130 627
130 674
130 780
130 840
130 877
130 930
130 987
130 1000
131 133
131 176
131 187
131 190
131 212
131 229
131 292
131 315
131 325
131 527
131 560
131 869
131 914
131 921
131 992
132 143
132 171
132 181
132 269
132 283
132 596
132 656
132 864
133 149
133 155
133 205
133 209
133 224
133 247
133 250
133 275
133 279
133 293
133 297
133 316
133 367
133 391
133 404
133 408
133 504
133 537
133 560
133 591
133 602
133 617
133 620
133 681
133 765
133 787
133 798
133 804
133 808
133 903
133 951
134 140
134 168
134 169
134 246
134 297
134 302
134 316
134 334
134 570
134 726
134 766
134 940
135 144
135 155
135 214
135 215
135 310
135 341
135 344
135 567
135 574
135 603
135 626
135 740
135 782
136 152
136 158
136 174
136 198
136 215
136 235
136 253
136 286
136 316
136 348
136 358
136 374
136 535
136 581
136 617
136 636
136 789
136 843
136 956
136 957
136 977
137 144
137 199
137 205
137 228
137 273
137 323
137 421
137 430
137 434
137 527
137 599
137 691
137 810
137 840
138 145
138 197
138 312
138 421
138 425
138 463
138 614
138 814
138 966
139 169
139 177
139 250
139 345
139 365
139 372
139 387
139 390
139 403
139 553
139 571
139 654
139 777
139 818
140 347
140 508
140 874
140 944
141 225
141 265
141 295
141 337
141 437
141 440
141 592
141 649
141 841
141 1007
142 162
142 177
142 258
142 296
142 306
142 313
142 315
142 317
142 329
142 374
142 383
142 426
142 514
142 575
142 582
142 583
142 589
142 650
142 653
142 877
142 925
143 270
143 324
143 332
143 355
143 440
143 459
143 473
143 546
143 576
143 694
143 732
144 152
144 222
144 229
144 335
144 415
144 419
144 426
144 441
144 530
144 624
144 637
144 746
145 184
145 272
145 352
145 429
145 463
145 471
145 491
145 513
145 748
145 899
145 900
146 241
146 274
146 354
146 360
146 627
146 679
146 722
146 964
147 150
147 185
147 195
147 214
147 221
147 254
147 303
147 371
147 399
147 412
147 467
147 483
147 544
147 608
147 620
147 675
147 714
147 743
147 824
147 850
148 159
148 194
148 219
148 270
148 406
148 426
148 508
148 525
148 534
148 539
148 549
148 631
148 765
148 975
149 195
149 214
149 215
149 254
149 272
149 309
149 361
149 391
149 445
149 498
149 507
149 611
149 647
149 671
149 698
149 726
149 741
149 789
149 837
149 845
149 847
149 882
150 166
150 179
150 290
150 299
150 313
150 350
150 455
150 464
150 503
150 668
150 692
150 745
150 825
150 827
150 846
150 873
150 876
151 161
151 176
151 191
151 230
151 236
151 274
151 284
151 291
151 319
151 338
151 358
151 400
151 452
151 476
151 484
151 517
151 542
151 562
151 637
151 654
151 728
151 729
151 765
151 824
151 834
151 917
151 924
151 945
152 188
152 208
152 236
152 305
152 399
152 406
152 453
152 585
152 606
152 635
152 680
152 804
152 808
152 833
152 909
152 977
153 166
153 305
153 328
153 338
153 413
153 519
153 530
153 568
153 619
153 728
153 963
153 979
153 1022
154 217
154 223
154 235
154 265
154 287
154 307
154 314
154 361
154 397
154 421
154 478
154 653
154 898
154 984
155 173
155 179
155 184
155 249
155 315
155 330
155 341
155 421
155 455
155 555
155 589
155 683
155 687
155 702
155 829
155 896
156 192
157 193
157 200
157 223
157 294
157 318
157 583
157 610
157 629
157 674
158 213
158 234
158 240
158 289
158 294
158 327
158 361
158 369
158 375
158 402
158 459
158 541
158 769
158 796
158 809
158 870
158 883
158 931
158 1008
159 162
159 165
159 208
159 216
159 257
159 343
159 360
159 363
159 397
159 474
159 479
159 480
159 548
159 670
159 842
159 902
159 949
159 973
159 1014
159 1017
159 1021
160 166
160 255
160 274
160 358
160 369
160 485
160 521
160 595
160 744
160 782
160 958
160 967
161 194
161 278
161 289
161 300
161 343
161 376
161 423
161 424
161 479
161 544
161 677
161 703
161 733
161 874
162 164
162 165
162 185
162 254
162 268
162 276
162 301
162 348
162 379
162 477
162 492
162 565
162 581
162 587
162 602
162 732
162 742
162 756
162 779
162 790
162 889
162 982
163 197
163 207
163 406
163 579
163 746
163 886
164 200
164 267
164 299
164 398
164 481
164 506
164 658
164 678
164 716
164 906
164 975
165 187
165 230
165 256
165 283
165 335
165 411
165 915
165 998
166 181
166 244
166 262
166 325
166 329
166 336
166 387
166 390
166 423
166 508
166 628
166 638
166 659
166 874
166 1000
167 335
167 628
167 685
167 842
167 985
168 370
168 418
168 790
169 226
169 228
169 236
169 240
169 272
169 283
169 325
169 340
169 351
169 354
169 491
169 492
169 533
169 535
169 607
169 735
169 757
169 823
169 827
169 924
169 932
170 296
170 307
170 356
170 481
170 498
170 505
170 526
170 570
170 654
170 721
170 768
170 941
170 1006
171 188
171 204
171 216
171 369
171 488
171 530
171 699
171 700
171 950
172 183
172 184
172 229
172 246
172 310
172 321
172 322
172 495
172 552
172 561
172 612
172 677
172 799
172 810
172 939
172 963
173 181
173 199
173 237
173 295
173 437
173 500
173 503
173 664
173 739
173 773
173 847
173 942
173 954
173 958
174 236
174 261
174 301
174 402
174 418
174 555
174 635
174 686
174 848
174 872
174 1023
175 212
175 326
175 1022
176 180
176 328
176 336
176 428
176 436
176 515
176 581
176 596
176 606
176 632
176 762
176 797
176 842
176 899
176 962
177 189
177 244
177 252
177 297
177 310
177 324
177 346
177 350
177 362
177 380
177 449
177 460
177 477
177 483
177 484
177 547
177 600
177 673
177 727
177 738
177 836
177 841
177 1003
178 187
178 190
178 224
178 246
178 253
178 351
178 372
178 412
178 489
178 598
178 662
178 682
178 685
178 701
178 702
178 747
178 779
178 883
179 192
179 286
179 290
179 402
179 422
179 495
179 505
179 522
179 890
179 961
179 976
179 1008
180 188
180 277
180 431
180 605
180 646
180 752
180 871
180 907
180 981
181 225
181 268
181 465
181 488
181 593
181 644
181 711
181 749
181 837
181 868
182 220
182 254
182 262
182 317
182 337
182 344
182 400
182 539
182 580
182 583
182 600
182 939
182 982
182 1006
183 217
183 267
183 270
183 314
183 358
183 375
183 393
183 425
183 441
183 524
183 544
183 555
183 597
183 630
183 632
183 634
183 722
183 782
183 969
183 990
184 225
184 321
184 442
184 685
184 876
184 922
185 227
185 237
185 257
185 370
185 454
185 481
185 498
185 577
185 790
185 860
185 872
185 892
186 278
186 417
186 451
186 484
186 486
186 900
186 906
187 191
187 196
187 224
187 226
187 245
187 283
187 324
187 343
187 415
187 466
187 660
187 663
187 678
187 777
187 793
187 814
187 981
188 224
188 243
188 250
188 337
188 357
188 383
188 511
188 548
188 575
188 579
188 592
188 615
188 659
188 733
188 743
188 878
189 220
189 253
189 429
189 462
189 736
189 795
189 1006
189 1014
190 195
190 282
190 290
190 326
190 432
190 471
190 484
190 725
190 731
190 771
190 779
190 791
191 333
191 517
191 651
191 713
191 950
191 996
192 194
192 241
192 249
192 253
192 274
192 387
192 389
192 448
192 459
192 499
192 521
192 581
192 596
192 637
192 639
192 652
192 827
192 897
192 907
192 914
192 919
193 251
193 298
193 374
193 375
193 469
193 539
193 566
193 590
193 620
193 793
193 810
193 813
193 818
193 955
194 205
194 208
194 214
194 217
194 252
194 286
194 320
194 370
194 395
194 466
194 580
194 594
194 647
194 918
194 936
194 998
195 259
195 342
195 473
195 650
195 995
195 997
195 1011
196 253
196 291
196 396
196 457
196 614
196 722
196 795
196 928
197 207
197 248
197 263
197 303
197 315
197 318
197 326
197 365
197 380
197 429
197 439
197 455
197 510
197 665
197 707
197 854
197 902
197 903
197 1012
198 334
198 341
198 385
198 551
198 621
198 878
198 976
198 987
199 202
199 234
199 249
199 286
199 331
199 397
199 567
199 608
199 645
199 795
199 877
199 953
199 1016
200 202
200 231
200 273
200 347
200 374
200 382
200 412
200 460
200 631
200 723
200 829
200 878
200 900
200 937
201 234
201 252
201 262
201 298
201 379
201 381
201 463
201 572
201 615
201 621
201 663
201 745
201 826
201 854
201 939
201 973
201 974
201 983
202 240
202 288
202 348
202 371
202 394
202 396
202 461
202 529
202 650
202 961
203 210
203 308
203 353
203 401
203 555
203 686
203 691
203 694
203 865
204 231
204 256
204 375
204 411
204 461
204 605
204 752
204 909
204 987
205 209
205 300
205 323
205 381
205 497
205 890
206 294
206 309
206 349
206 362
206 405
206 409
206 444
206 458
206 473
206 507
206 549
206 619
206 819
206 855
206 946
207 216
207 274
207 304
207 399
207 448
207 450
207 483
207 524
207 526
207 536
207 587
207 629
207 824
207 949
208 287
208 396
208 555
208 618
208 638
208 740
208 791
208 827
208 973
208 991
209 309
209 334
209 339
209 340
209 354
209 446
209 478
209 518
209 529
209 643
209 738
209 779
209 784
209 806
209 813
209 875
209 908
209 951
210 211
210 363
210 409
210 423
210 445
210 479
210 692
210 716
210 726
210 784
210 814
210 922
210 932
211 243
211 262
211 267
211 296
211 351
211 572
211 588
211 599
211 669
211 786
211 884
212 266
212 283
212 415
212 481
212 694
212 698
213 292
213 322
213 369
213 471
213 476
213 477
213 543
213 608
213 693
213 817
214 243
214 255
214 386
214 435
214 459
214 528
214 626
214 821
214 912
214 913
215 293
215 453
215 468
215 656
215 683
215 942
216 271
216 281
216 457
216 553
216 598
216 675
216 721
216 766
216 801
216 833
216 927
217 224
217 254
217 261
217 286
217 288
217 331
217 372
217 400
217 407
217 484
217 505
217 580
217 806
218 311
218 312
218 315
218 331
218 368
218 492
218 572
218 845
219 247
219 441
219 554
219 561
219 577
219 668
219 707
219 727
219 743
219 969
220 235
220 283
220 295
220 358
220 482
220 511
220 533
220 633
220 721
220 733
220 851
220 907
221 241
221 245
221 355
221 363
221 397
221 422
221 431
221 441
221 472
221 637
221 884
221 896
221 905
222 228
222 260
222 337
222 446
222 630
222 636
222 756
222 1023
223 229
223 240
223 241
223 250
223 273
223 383
223 497
223 589
223 594
223 637
223 821
223 958
223 981
224 260
224 453
224 478
224 493
224 524
224 678
224 785
224 973
225 264
225 286
225 322
225 354
225 423
225 434
225 451
225 474
225 507
225 573
225 623
225 691
225 828
225 1001
225 1007
226 309
226 388
226 395
226 622
226 660
226 691
226 762
226 767
226 1003
227 277
227 410
227 434
227 496
227 503
227 640
227 700
227 901
228 383
228 389
228 438
228 488
228 553
228 556
228 557
228 592
228 773
228 915
228 931
228 1005
228 1011
229 355
229 446
229 694
229 862
229 960
230 390
230 547
230 594
230 608
231 310
231 367
231 398
231 586
231 642
231 682
231 737
231 750
231 814
231 870
232 233
232 280
232 564
233 265
233 289
233 325
233 375
233 434
233 479
233 487
233 520
233 600
233 603
233 866
234 297
234 350
234 464
234 477
235 248
235 386
235 402
235 556
235 651
235 728
235 790
235 931
236 282
236 291
236 329
236 365
236 437
236 477
236 554
236 555
236 676
236 717
236 909
236 939
236 977
236 983
236 997
237 359
237 410
237 491
237 613
237 875
237 983
237 1003
237 1015
238 265
238 270
238 308
238 338
238 409
238 458
238 480
238 532
238 593
238 641
238 688
238 873
238 908
239 245
239 286
239 326
239 354
239 435
239 496
239 517
239 607
239 651
239 700
239 884
240 595
240 759
240 767
240 778
240 822
240 1006
241 326
241 339
241 340
241 422
241 428
241 478
241 493
241 512
241 532
241 579
241 639
241 687
241 726
241 788
242 303
242 309
242 379
242 386
242 552
242 624
242 639
242 710
242 736
242 826
242 990
243 271
243 316
243 426
243 430
243 545
243 624
243 662
243 678
243 686
243 695
243 941
243 988
244 259
244 269
244 273
244 331
244 459
244 616
244 710
244 807
244 886
245 248
245 254
245 255
245 365
245 427
245 467
245 594
245 618
245 655
245 658
245 684
245 710
245 882
245 928
245 950
246 300
246 311
246 360
246 416
246 765
246 901
246 943
246 973
246 982
247 315
247 422
247 487
247 503
247 565
247 579
247 891
247 939
248 290
248 295
248 831
248 852
248 940
249 276
249 326
249 355
249 357
249 387
249 504
249 679
249 873
249 906
249 910
249 978
250 284
250 301
250 365
250 370
250 395
250 402
250 510
250 576
250 618
250 637
250 717
250 768
250 831
250 856
250 939
250 983
251 342
251 420
251 522
251 549
251 690
252 304
252 447
252 462
252 473
252 625
252 630
253 328
253 483
253 772
253 792
253 875
254 349
254 456
254 509
254 524
254 588
254 625
254 631
254 663
254 734
254 848
254 913
254 986
255 522
255 529
255 759
256 283
256 364
256 376
256 385
256 420
256 431
256 469
256 519
256 609
256 623
256 862
256 931
257 268
257 306
257 307
257 349
257 372
257 386
257 396
257 541
257 545
257 572
257 645
257 664
257 746
257 911
257 924
258 260
258 282
258 285
258 384
258 444
258 450
258 473
258 480
258 507
258 533
258 736
258 751
258 783
258 848
258 864
258 908
259 512
259 728
259 740
259 780
259 1015
260 264
260 281
260 401
260 437
260 454
260 495
260 507
260 555
260 559
260 606
260 625
260 698
260 740
260 887
260 895
260 956
260 984
260 1006
261 348
261 368
261 453
261 598
261 985
262 324
262 336
262 407
262 461
262 518
262 645
262 771
262 784
262 809
262 854
262 971
262 972
263 415
263 445
263 490
263 494
263 621
263 800
263 806
263 807
263 888
263 944
263 975
264 342
264 459
264 477
264 588
264 629
264 914
264 948
265 294
265 498
265 526
265 538
265 584
265 933
265 976
266 544
266 902
266 905
266 1005
267 276
267 292
267 560
267 695
267 782
267 790
267 859
267 1004
268 269
268 382
268 443
268 452
268 477
268 512
268 513
268 519
268 592
268 635
268 650
268 754
268 780
268 812
268 857
268 913
269 272
269 360
269 542
269 567
269 822
269 827
269 842
269 910
270 832
270 947
270 962
271 353
271 517
271 774
271 861
272 305
272 383
272 507
272 508
272 531
272 740
272 846
272 919
272 970
272 985
273 911
274 454
274 628
274 710
274 725
274 841
274 924
274 944
274 995
275 295
275 342
275 351
275 392
275 405
275 462
275 494
275 558
275 582
275 593
275 669
275 827
275 917
275 982
276 298
276 395
276 406
276 546
276 571
276 622
276 730
276 857
277 827
278 289
278 476
278 501
278 588
278 693
278 736
278 837
279 305
279 392
279 455
279 617
279 671
280 316
280 389
280 703
280 751
280 806
280 868
281 402
281 419
281 441
281 574
281 856
281 889
282 347
282 480
282 579
283 293
283 496
283 583
283 739
283 813
283 1000
284 373
284 457
284 538
284 592
284 601
284 786
284 815
284 829
285 293
285 433
285 458
285 525
285 546
285 567
285 605
285 937
286 388
286 438
286 515
286 681
286 712
286 768
287 359
287 393
287 465
287 513
287 519
287 531
287 757
287 846
288 452
288 681
288 728
289 298
289 310
289 315
289 339
289 396
289 494
289 522
289 594
289 623
289 663
289 673
289 869
289 906
290 351
290 627
290 686
291 331
291 334
291 499
291 620
291 856
291 1008
292 329
292 405
292 710
292 720
292 1018
293 412
293 470
293 516
293 534
293 602
294 299
294 475
294 523
294 543
294 692
294 706
294 712
294 815
294 969
295 445
295 456
295 603
295 659
295 1005
296 336
296 338
296 380
296 400
296 424
296 992
297 329
297 346
297 419
297 427
297 456
297 513
297 532
297 678
297 831
297 979
298 301
298 345
298 458
298 644
298 705
298 708
298 716
298 742
298 799
298 907
299 390
299 561
299 664
299 711
299 793
299 796
299 913
299 975
299 999
300 337
300 353
300 409
300 499
300 520
300 719
300 757
301 439
301 528
301 832
301 843
301 1002
302 573
302 583
302 685
302 707
302 887
303 332
303 381
303 390
303 422
303 463
303 633
303 852
303 991
303 1004
304 424
304 492
304 579
304 616
304 704
304 725
304 745
304 755
304 798
304 942
305 421
305 437
305 515
305 525
305 540
305 783
305 896
306 320
306 438
306 550
306 612
306 689
307 380
307 414
307 757
307 972
307 1001
308 403
308 445
308 509
308 614
308 669
308 785
308 946
309 320
309 403
309 445
309 541
309 562
309 733
309 734
309 830
309 980
310 322
310 399
310 712
310 1007
311 353
311 374
311 408
311 450
311 506
311 554
311 576
311 591
311 628
311 790
311 863
312 479
312 559
312 616
312 739
312 993
313 497
313 534
313 603
313 667
313 705
313 847
313 885
314 317
314 384
314 483
314 506
314 677
314 882
314 1014
315 341
315 359
315 442
315 632
315 900
316 317
316 339
316 383
316 448
316 507
316 516
316 655
316 660
316 686
316 694
316 753
316 789
317 398
317 613
317 981
318 416
318 563
318 643
318 668
318 970
319 384
319 387
319 401
319 453
319 469
319 530
319 645
319 661
319 716
319 848
320 340
320 349
320 417
320 418
320 542
320 556
320 632
320 719
320 748
320 754
320 887
320 919
321 381
321 578
321 724
321 766
321 895
321 941
322 443
322 458
322 642
322 710
322 783
322 843
322 959
323 443
323 445
323 461
323 503
323 649
323 693
323 775
323 799
323 1023
324 487
324 543
324 622
324 666
324 670
324 743
324 780
324 804
324 880
324 900
324 931
325 405
325 499
325 697
325 757
325 923
325 925
325 963
326 441
326 442
326 545
326 574
326 658
326 707
326 712
326 933
327 400
327 453
327 504
327 646
327 850
328 359
328 535
328 554
328 643
328 688
328 913
328 1015
329 434
329 466
329 739
329 884
330 394
330 582
330 776
330 777
330 819
330 955
331 381
331 391
331 691
331 739
332 716
332 844
332 858
332 974
332 1017
333 353
333 493
333 496
333 526
333 668
333 686
333 702
333 927
333 935
333 936
333 1004
334 469
334 533
334 699
334 715
334 822
335 339
335 411
335 438
335 486
335 732
335 921
335 1013
336 510
336 522
336 574
336 619
336 730
337 373
337 388
337 475
337 574
337 610
337 719
337 747
337 795
337 798
337 801
337 811
337 920
338 378
338 430
338 592
338 648
338 802
338 807
338 824
339 473
339 616
339 896
340 664
340 773
340 892
340 967
341 440
341 471
341 481
341 557
341 638
341 839
341 975
342 517
342 547
342 787
342 850
343 519
343 609
343 626
343 674
343 777
344 373
344 538
344 748
344 910
345 381
345 444
345 490
345 556
345 575
345 697
346 510
346 515
346 741
346 890
346 893
347 424
347 482
347 586
347 596
347 796
347 885
347 931
348 483
348 571
348 584
348 598
348 653
348 678
348 713
348 784
348 800
348 893
348 1020
349 418
349 588
349 835
349 887
349 897
350 560
350 633
350 669
350 689
350 733
351 416
351 478
351 590
351 751
351 826
352 794
352 817
353 429
353 442
353 618
353 715
353 842
353 875
353 927
355 456
355 472
355 576
355 579
355 732
355 767
355 788
356 510
356 666
356 709
356 857
357 368
357 501
357 904
358 398
358 530
358 549
358 812
358 819
358 833
358 844
358 880
358 896
358 984
359 458
359 465
359 650
359 654
359 752
359 855
360 520
360 551
360 630
360 633
360 652
360 912
361 382
361 386
361 535
361 560
361 650
361 863
361 907
361 949
362 1014
363 413
363 492
363 540
363 639
363 730
364 628
364 629
364 750
365 410
365 434
365 517
365 547
365 683
365 770
365 845
365 891
366 370
366 527
366 633
366 672
366 777
366 910
366 959
366 979
367 393
367 521
367 535
367 668
367 685
367 755
368 510
368 559
368 755
368 859
368 914
369 505
369 587
369 614
369 868
369 892
369 963
369 972
370 383
370 457
370 552
370 566
370 589
370 770
370 802
370 962
371 457
371 732
371 794
371 820
371 911
371 934
371 946
372 696
372 720
373 406
373 692
373 750
374 393
374 412
374 725
374 984
374 1009
375 468
375 483
375 705
375 733
375 803
375 810
375 885
376 386
376 766
376 777
376 888
376 967
377 397
377 427
377 475
377 562
377 800
378 505
378 508
378 679
378 820
379 397
379 467
379 484
379 495
379 663
379 676
379 753
379 916
379 966
380 390
380 416
380 432
380 545
380 604
380 610
380 665
380 769
380 786
380 803
380 809
380 879
380 921
381 429
381 542
381 618
381 738
382 497
382 585
382 688
382 838
383 594
383 750
383 763
383 809
383 820
383 864
383 908
383 957
384 912
385 620
385 696
385 730
385 734
385 840
385 869
385 1022
386 677
386 786
386 819
386 1009
386 1018
387 860
387 898
387 969
387 986
388 422
388 452
388 819
388 981
389 390
389 440
389 511
389 558
389 562
389 631
389 636
389 927
390 840
391 399
391 446
391 488
391 518
392 418
392 439
392 449
392 464
392 512
392 526
392 554
392 577
392 673
392 674
392 779
392 961
393 463
393 549
393 635
393 775
393 850
394 412
394 414
394 788
394 904
394 983
395 446
395 476
395 562
395 601
395 799
396 569
396 704
396 775
396 832
396 1006
397 443
397 449
397 490
397 516
397 753
397 884
398 509
398 551
398 699
398 875
399 479
399 548
399 606
399 715
399 805
399 807
399 825
399 835
399 933
400 680
400 756
400 772
401 534
401 659
401 677
402 753
402 764
402 782
403 590
403 615
403 630
404 453
404 601
404 603
404 624
404 640
404 682
404 828
405 571
405 582
405 885
405 908
405 963
405 1005
406 409
406 532
406 875
406 1015
407 447
407 471
407 480
407 654
407 673
407 817
407 818
407 828
408 460
408 581
408 804
408 958
408 1018
409 465
409 742
409 793
409 860
409 979
410 414
410 462
410 471
410 534
410 537
410 648
410 686
410 699
410 729
410 1000
411 458
411 495
411 704
411 748
411 995
412 724
412 738
412 825
412 969
413 573
413 624
413 652
413 911
414 590
414 626
414 684
414 872
414 919
414 1011
415 509
415 537
415 816
416 746
416 829
416 878
416 1013
417 855
418 424
418 718
419 1021
420 449
420 517
420 571
420 573
420 593
420 746
420 813
420 912
421 516
421 568
421 708
421 802
423 638
423 698
423 825
424 525
424 553
424 560
424 588
424 609
424 615
425 565
426 431
426 493
426 495
426 702
426 704
426 844
426 877
426 980
427 556
427 586
427 600
427 609
427 760
427 815
427 847
427 897
428 636
428 742
429 518
429 611
429 645
429 888
430 511
430 591
430 640
430 690
430 705
430 816
430 893
430 918
430 1015
431 506
431 861
431 917
431 976
432 537
432 548
432 666
432 812
433 492
433 502
434 489
434 494
434 501
434 687
434 703
434 731
434 736
434 743
434 777
434 878
434 908
435 760
435 879
435 1002
436 454
436 456
436 459
436 585
436 672
436 747
436 772
436 798
436 811
437 459
437 714
437 907
437 922
437 972
438 497
438 521
438 580
438 646
438 658
438 967
439 784
439 788
439 968
440 576
441 596
442 584
442 701
442 702
442 792
442 897
442 998
443 444
443 684
443 901
443 961
444 462
444 507
444 515
444 697
444 749
444 1013
445 661
445 866
446 556
446 662
446 940
446 989
447 486
447 497
447 679
447 839
447 900
448 604
448 705
448 788
448 817
448 998
449 482
449 489
449 573
449 764
449 856
451 511
451 617
451 688
451 732
452 460
452 642
452 740
452 950
453 563
453 752
454 687
454 761
454 858
454 988
454 1019
455 804
456 516
456 697
456 793
456 871
457 462
457 466
457 944
457 952
457 1011
458 817
458 971
459 465
459 730
459 774
459 822
460 494
460 909
461 621
461 899
461 1002
462 544
462 720
462 839
463 528
463 598
463 708
463 783
463 797
463 1014
464 600
464 882
464 887
464 889
464 932
465 694
465 798
465 811
465 865
466 518
466 527
466 617
466 849
466 1010
466 1014
467 593
467 683
467 926
468 910
468 930
468 963
469 968
470 486
470 623
470 663
470 711
470 811
470 857
470 862
470 912
470 1015
471 597
471 919
471 938
472 521
472 597
472 717
473 478
473 481
473 523
473 528
473 590
473 655
473 665
473 710
473 805
473 808
473 816
474 738
475 636
475 760
475 891
476 529
476 539
476 559
476 744
476 830
476 863
476 898
476 922
476 955
477 612
477 675
477 734
477 797
478 741
478 831
479 488
479 539
479 620
479 828
479 994
480 543
480 721
480 762
480 802
481 495
481 520
481 696
482 541
482 550
482 640
482 671
482 705
482 764
482 808
482 922
483 549
483 572
483 664
483 704
483 798
483 885
483 935
483 947
484 599
484 852
484 999
485 618
485 718
486 815
486 857
487 522
487 566
487 570
487 828
487 862
488 804
489 552
489 684
489 727
489 750
489 990
489 1020
490 677
490 861
491 630
491 707
491 920
492 540
492 596
492 620
492 784
492 844
493 730
493 836
494 559
494 833
495 527
495 562
495 652
496 529
496 558
496 876
496 1001
497 673
498 523
498 653
499 664
499 734
499 791
499 970
499 1019
500 768
500 807
501 583
501 678
501 907
501 994
502 631
502 711
502 768
502 948
503 649
504 536
504 567
504 717
504 762
505 574
505 746
507 508
507 550
507 685
507 751
507 937
507 947
509 689
509 700
509 723
509 743
509 976
510 513
510 591
510 864
510 967
511 683
511 961
511 997
512 706
512 867
512 952
513 578
513 595
513 707
513 821
514 516
514 577
514 727
514 987
514 1000
515 530
515 574
515 629
515 651
515 938
515 949
516 873
517 847
517 892
518 547
518 595
518 690
518 740
518 760
518 848
518 923
518 929
519 677
519 822
519 862
519 869
520 756
520 804
520 940
521 655
521 762
521 779
522 550
522 630
522 654
522 816
522 848
522 925
523 670
524 584
524 585
524 797
524 897
525 535
525 670
525 704
525 726
525 892
526 747
526 869
527 688
527 816
528 849
529 608
529 686
529 739
529 760
529 881
530 748
530 824
530 938
531 616
531 708
531 794
532 552
532 681
532 832
532 879
533 634
533 718
533 764
533 836
533 851
533 950
534 606
534 665
534 871
534 927
535 991
536 699
536 823
536 968
538 709
538 853
538 995
539 663
540 611
540 623
541 582
541 915
542 855
542 897
543 672
543 869
544 550
544 1017
545 572
545 598
545 645
545 669
545 695
545 829
545 989
546 556
546 638
546 895
547 796
548 778
548 951
550 659
551 584
551 640
551 728
551 767
551 770
551 842
551 871
552 888
553 560
553 715
553 926
554 604
554 642
555 639
555 830
555 944
555 959
556 889
557 917
560 646
560 835
560 905
560 965
561 694
562 649
562 674
562 918
563 762
564 569
564 862
564 868
564 992
565 771
566 692
568 680
568 772
568 835
570 774
570 812
570 834
572 883
572 1009
573 648
573 771
573 785
574 607
574 840
575 667
575 875
577 845
577 918
577 947
578 970
579 955
580 621
580 680
580 690
581 585
581 724
581 805
581 898
581 943
582 618
582 650
582 964
583 613
583 792
584 773
584 779
584 933
585 710
585 756
585 985
585 1009
586 715
586 803
587 601
587 853
587 938
587 956
588 612
588 759
588 852
588 966
590 630
590 729
590 736
591 609
591 669
591 748
591 845
591 861
591 955
591 986
592 659
592 743
592 838
592 906
593 959
593 1014
594 779
594 875
594 894
594 932
595 718
595 831
595 958
596 908
597 824
598 858
599 619
599 621
599 631
599 921
599 941
600 609
600 712
600 837
600 840
600 1001
601 852
602 813
603 926
603 963
604 605
604 674
604 781
604 847
605 634
605 667
605 830
606 670
606 867
606 957
606 1011
607 710
607 844
607 994
607 1018
608 751
609 659
609 682
609 874
610 759
611 936
611 965
613 715
614 776
614 812
614 962
615 999
616 631
616 641
616 657
616 806
616 1002
618 635
618 726
618 783
619 628
620 685
620 727
620 833
621 645
621 701
621 1012
622 624
622 814
622 956
623 626
623 698
623 837
623 946
623 967
624 832
626 649
626 886
627 952
629 776
629 787
629 815
629 862
629 1010
632 1020
633 763
633 826
633 1006
635 676
635 952
636 722
637 676
637 780
637 924
637 984
638 748
638 822
638 862
639 743
639 926
641 684
641 693
641 995
642 676
643 657
643 720
644 706
645 667
645 706
648 825
648 885
648 1012
649 866
650 953
652 721
652 866
653 668
653 868
654 819
655 694
655 701
655 790
655 889
657 754
658 714
658 789
659 800
659 995
660 673
660 774
660 849
661 709
661 838
661 933
661 1022
662 683
662 749
663 742
663 923
664 672
664 881
665 792
666 979
667 717
667 796
667 871
669 739
669 874
671 982
672 701
672 998
673 997
674 678
674 708
674 843
674 894
674 936
675 773
675 855
676 785
676 854
677 813
677 998
678 734
678 824
679 798
679 913
681 734
681 940
682 694
682 721
683 753
683 915
684 738
685 901
685 965
685 974
686 970
686 1000
687 755
687 797
687 853
687 946
688 695
688 977
689 826
689 933
689 952
690 749
690 846
690 964
690 986
691 799
691 863
692 758
693 725
694 714
694 778
694 783
694 962
694 1000
696 743
696 981
699 721
700 720
700 770
700 783
700 797
703 845
703 908
704 762
705 892
705 929
706 969
707 930
708 865
708 891
709 731
709 959
712 729
712 989
713 756
713 876
713 886
715 909
717 725
717 776
718 883
718 966
719 780
719 802
719 915
720 873
720 895
721 729
721 901
722 806
722 854
723 776
723 952
723 976
724 747
724 797
725 737
725 836
725 937
726 920
726 954
729 797
730 941
731 768
731 801
731 947
732 920
732 945
732 974
733 749
733 825
733 1019
734 758
734 865
735 853
736 805
736 1018
737 771
737 847
737 851
738 849
738 894
739 789
743 828
743 1002
744 1009
745 803
745 855
745 869
745 937
745 972
746 788
746 1010
747 821
748 778
750 895
751 850
753 769
753 992
753 1014
754 759
754 831
754 837
755 976
755 1004
758 771
758 858
758 881
759 789
759 790
760 909
762 763
762 767
762 905
763 888
764 809
764 816
764 952
766 829
766 876
766 1022
767 877
769 809
771 898
771 993
772 791
772 987
773 904
773 925
774 817
775 805
775 1018
776 1003
779 834
779 835
779 995
780 808
782 841
782 853
782 905
782 953
783 810
784 919
784 949
785 865
786 794
788 879
789 989
790 796
790 837
790 973
792 927
793 915
795 860
795 881
796 834
796 843
796 854
796 873
797 1008
798 936
798 940
799 810
801 888
802 816
802 897
802 901
802 948
804 903
805 818
807 836
808 860
808 873
808 955
809 902
811 849
814 874
816 867
819 821
822 971
823 877
823 905
825 870
825 948
825 999
825 1004
826 894
827 863
827 905
827 978
828 896
830 841
830 907
830 948
830 976
831 924
832 845
832 963
834 980
836 917
838 990
840 849
842 882
842 886
842 953
843 957
845 1012
846 921
846 955
848 857
848 938
849 908
850 947
852 890
852 921
853 911
853 961
854 929
855 943
859 943
859 1017
861 916
861 987
863 924
865 902
869 1023
875 922
876 1001
880 929
881 886
882 974
883 1001
884 894
888 988
889 997
890 951
891 917
894 1016
894 1022
896 930
900 919
900 971
901 970
903 911
903 927
904 929
906 913
906 948
907 1013
908 998
910 957
913 975
916 962
916 1008
926 962
929 981
929 1005
930 934
933 960
936 937
938 958
941 1010
943 977
945 1001
947 960
948 1001
951 1019
953 1011
955 1019
963 989
970 975
974 991
987 998
987 1011
