0 10
0 12
0 16
0 17
0 19
0 20
0 21
0 24
0 28
0 30
0 34
0 43
0 44
0 48
0 56
0 63
0 74
0 77
0 100
0 161
0 175
0 176
0 191
0 194
0 207
0 208
0 235
0 316
0 321
0 337
0 365
0 377
0 415
0 420
0 440
0 457
0 491
0 527
0 538
0 549
0 560
0 585
0 627
0 645
0 690
0 709
0 753
0 755
0 774
0 775
0 814
0 869
0 878
0 959
0 963
0 972
0 993
0 1018
1 10
1 12
1 14
1 17
1 18
1 20
1 25
1 34
1 49
1 62
1 138
1 156
1 201
1 214
1 223
1 236
1 279
1 310
1 338
1 340
1 344
1 383
1 433
1 508
1 568
1 583
1 638
1 773
1 845
1 858
1 878
1 894
1 917
1 966
2 14
2 15
2 45
2 56
2 63
2 79
2 135
2 175
2 189
2 288
2 299
2 308
2 359
2 401
2 458
2 464
2 510
2 536
2 607
2 617
2 659
2 674
2 742
2 794
2 805
2 919
3 11
3 15
3 22
3 38
3 42
3 49
3 73
3 96
3 200
3 238
3 245
3 329
3 347
3 361
3 373
3 409
3 569
3 570
3 576
3 632
3 633
3 670
3 717
3 720
3 806
3 925
3 956
3 1000
3 1002
4 10
4 13
4 14
4 22
4 24
4 26
4 30
4 33
4 38
4 44
4 51
4 59
4 61
4 89
4 91
4 94
4 116
4 125
4 137
4 139
4 163
4 188
4 191
4 200
4 224
4 264
4 276
4 314
4 329
4 361
4 362
4 403
4 448
4 465
4 469
4 502
4 521
4 531
4 532
4 546
4 561
4 605
4 608
4 630
4 634
4 641
4 676
4 698
4 779
4 790
4 865
4 889
4 936
4 959
4 968
4 974
5 10
5 12
5 14
5 16
5 18
5 21
5 22
5 26
5 30
5 31
5 34
5 35
5 41
5 72
5 74
5 85
5 92
5 104
5 138
5 152
5 154
5 157
5 178
5 190
5 233
5 242
5 267
5 287
5 294
5 302
5 303
5 319
5 335
5 352
5 406
5 407
5 414
5 419
5 454
5 455
5 456
5 462
5 477
5 536
5 610
5 630
5 661
5 681
5 728
5 752
5 777
5 807
5 813
5 908
5 965
5 990
6 10
6 11
6 12
6 13
6 14
6 15
6 16
6 17
6 23
6 26
6 27
6 29
6 34
6 43
6 47
6 48
6 59
6 62
6 67
6 69
6 86
6 92
6 98
6 111
6 113
6 123
6 126
6 132
6 141
6 156
6 162
6 165
6 190
6 206
6 214
6 225
6 243
6 246
6 248
6 256
6 269
6 284
6 294
6 297
6 332
6 355
6 363
6 365
6 370
6 381
6 400
6 406
6 413
6 415
6 456
6 477
6 487
6 497
6 502
6 509
6 511
6 546
6 551
6 559
6 611
6 668
6 676
6 689
6 711
6 737
6 742
6 745
6 763
6 775
6 790
6 840
6 859
6 908
6 912
6 949
6 961
6 992
6 1008
6 1023
7 10
7 11
7 12
7 14
7 15
7 17
7 21
7 28
7 29
7 30
7 33
7 44
7 62
7 68
7 90
7 117
7 124
7 130
7 145
7 185
7 192
7 205
7 215
7 221
7 225
7 249
7 281
7 294
7 312
7 340
7 354
7 356
7 375
7 400
7 425
7 431
7 457
7 499
7 513
7 531
7 574
7 577
7 600
7 626
7 641
7 661
7 684
7 713
7 718
7 771
7 821
7 862
7 874
7 957
7 974
8 273
8 294
8 350
8 472
8 705
8 801
8 960
9 18
9 22
9 23
9 27
9 31
9 37
9 39
9 44
9 52
9 61
9 76
9 100
9 112
9 181
9 189
9 195
9 202
9 205
9 208
9 231
9 261
9 313
9 423
9 636
9 662
9 685
9 918
10 11
10 15
10 18
10 20
10 24
10 25
10 29
10 32
10 35
10 36
10 39
10 40
10 41
10 43
10 46
10 52
10 54
10 55
10 60
10 63
10 64
10 65
10 81
10 92
10 93
10 95
10 97
10 99
10 113
10 114
10 115
10 117
10 122
10 123
10 126
10 135
10 141
10 142
10 164
10 165
10 166
10 167
10 174
10 188
10 207
10 218
10 220
10 247
10 248
10 256
10 266
10 296
10 299
10 307
10 313
10 342
10 348
10 367
10 377
10 379
10 388
10 394
10 398
10 401
10 412
10 427
10 456
10 458
10 464
10 465
10 467
10 472
10 473
10 488
10 489
10 525
10 534
10 537
10 545
10 562
10 568
10 573
10 585
10 590
10 594
10 602
10 608
10 626
10 631
10 648
10 653
10 673
10 683
10 698
10 700
10 704
10 709
10 731
10 739
10 750
10 794
10 814
10 829
10 830
10 832
10 852
10 880
10 912
10 919
10 962
10 1006
10 1014
11 13
11 18
11 19
11 24
11 25
11 34
11 36
11 38
11 39
11 47
11 50
11 51
11 54
11 59
11 60
11 64
11 70
11 86
11 95
11 103
11 104
11 106
11 107
11 108
11 116
11 122
11 125
11 130
11 136
11 139
11 152
11 162
11 176
11 180
11 182
11 187
11 199
11 203
11 212
11 214
11 217
11 237
11 240
11 246
11 270
11 277
11 282
11 294
11 295
11 299
11 301
11 319
11 323
11 336
11 338
11 354
11 368
11 414
11 430
11 434
11 435
11 437
11 438
11 453
11 475
11 482
11 490
11 516
11 518
11 523
11 534
11 560
11 583
11 585
11 619
11 661
11 669
11 679
11 680
11 701
11 707
11 752
11 756
11 816
11 817
11 838
11 848
11 860
11 875
11 876
11 878
11 899
11 910
11 935
11 951
11 966
11 972
11 986
11 993
11 1006
12 14
12 17
12 19
12 23
12 24
12 33
12 34
12 35
12 39
12 42
12 46
12 47
12 48
12 51
12 57
12 63
12 69
12 72
12 73
12 74
12 76
12 81
12 94
12 98
12 101
12 106
12 112
12 124
12 128
12 133
12 138
12 160
12 165
12 190
12 192
12 196
12 205
12 210
12 239
12 245
12 247
12 249
12 252
12 258
12 264
12 279
12 292
12 293
12 308
12 319
12 334
12 340
12 341
12 360
12 374
12 463
12 464
12 468
12 488
12 497
12 523
12 553
12 589
12 604
12 621
12 643
12 668
12 673
12 682
12 702
12 707
12 714
12 719
12 722
12 768
12 777
12 785
12 803
12 817
12 822
12 851
12 858
12 899
12 944
12 972
12 981
12 993
12 1010
13 18
13 19
13 20
13 21
13 22
13 25
13 27
13 29
13 32
13 45
13 47
13 49
13 64
13 81
13 88
13 91
13 120
13 134
13 145
13 146
13 152
13 155
13 164
13 169
13 170
13 180
13 191
13 207
13 253
13 256
13 270
13 276
13 307
13 322
13 342
13 373
13 380
13 385
13 391
13 459
13 467
13 469
13 490
13 535
13 546
13 569
13 586
13 602
13 606
13 607
13 614
13 624
13 625
13 654
13 699
13 706
13 716
13 723
13 766
13 783
13 786
13 812
13 855
13 874
13 901
13 909
13 942
13 981
14 16
14 18
14 20
14 22
14 25
14 26
14 33
14 35
14 57
14 61
14 65
14 68
14 76
14 99
14 101
14 118
14 129
14 132
14 133
14 160
14 198
14 245
14 248
14 250
14 262
14 267
14 305
14 307
14 321
14 347
14 361
14 363
14 377
14 393
14 420
14 431
14 444
14 458
14 467
14 509
14 573
14 578
14 599
14 630
14 709
14 731
14 732
14 737
14 741
14 804
14 911
14 931
14 1022
15 18
15 25
15 26
15 29
15 35
15 39
15 43
15 49
15 57
15 59
15 64
15 68
15 72
15 77
15 84
15 85
15 86
15 97
15 110
15 118
15 123
15 136
15 143
15 144
15 148
15 152
15 156
15 159
15 160
15 163
15 165
15 169
15 170
15 186
15 189
15 190
15 199
15 200
15 210
15 228
15 230
15 253
15 258
15 278
15 282
15 285
15 287
15 290
15 304
15 305
15 311
15 318
15 325
15 328
15 332
15 351
15 352
15 356
15 380
15 385
15 394
15 430
15 439
15 443
15 446
15 460
15 474
15 504
15 531
15 573
15 578
15 593
15 611
15 623
15 628
15 651
15 683
15 693
15 701
15 758
15 766
15 789
15 824
15 835
15 845
15 860
15 864
15 887
15 895
15 913
15 921
15 928
15 942
15 943
15 966
15 979
15 1014
16 20
16 21
16 23
16 24
16 25
16 27
16 28
16 29
16 32
16 35
16 36
16 37
16 38
16 41
16 42
16 44
16 46
16 50
16 52
16 57
16 58
16 67
16 68
16 73
16 74
16 78
16 83
16 93
16 98
16 105
16 114
16 117
16 127
16 130
16 131
16 166
16 170
16 189
16 191
16 194
16 204
16 259
16 271
16 275
16 285
16 298
16 312
16 319
16 320
16 321
16 342
16 361
16 362
16 366
16 392
16 405
16 413
16 416
16 427
16 432
16 455
16 462
16 465
16 470
16 476
16 498
16 504
16 517
16 524
16 532
16 556
16 560
16 568
16 569
16 578
16 581
16 584
16 596
16 607
16 623
16 637
16 659
16 676
16 697
16 749
16 765
16 771
16 782
16 807
16 858
16 897
16 923
16 942
16 978
16 988
17 19
17 30
17 31
17 32
17 37
17 38
17 45
17 46
17 47
17 52
17 56
17 58
17 62
17 64
17 73
17 77
17 78
17 82
17 92
17 97
17 101
17 105
17 107
17 110
17 120
17 122
17 127
17 128
17 139
17 148
17 157
17 161
17 166
17 196
17 202
17 204
17 209
17 241
17 243
17 252
17 255
17 282
17 290
17 355
17 363
17 385
17 393
17 403
17 431
17 463
17 482
17 486
17 487
17 508
17 513
17 555
17 599
17 630
17 636
17 643
17 686
17 690
17 691
17 708
17 725
17 754
17 798
17 853
17 886
17 903
17 951
17 965
17 1001
18 19
18 31
18 32
18 36
18 38
18 39
18 43
18 50
18 66
18 75
18 80
18 90
18 93
18 95
18 127
18 133
18 139
18 148
18 163
18 173
18 186
18 192
18 198
18 213
18 220
18 291
18 324
18 328
18 336
18 345
18 349
18 353
18 358
18 366
18 378
18 391
18 395
18 414
18 468
18 471
18 508
18 531
18 544
18 545
18 554
18 594
18 603
18 621
18 626
18 661
18 721
18 729
18 758
18 784
18 817
18 829
18 856
18 997
19 20
19 24
19 27
19 28
19 30
19 38
19 39
19 41
19 42
19 45
19 53
19 56
19 58
19 61
19 66
19 67
19 69
19 70
19 84
19 88
19 97
19 106
19 110
19 114
19 116
19 131
19 142
19 163
19 179
19 188
19 218
19 219
19 223
19 232
19 260
19 278
19 294
19 296
19 318
19 322
19 345
19 393
19 400
19 422
19 428
19 449
19 463
19 508
19 509
19 529
19 540
19 558
19 563
19 570
19 633
19 635
19 693
19 702
19 703
19 725
19 737
19 741
19 758
19 786
19 813
19 866
19 871
19 905
19 928
19 957
20 27
20 31
20 43
20 44
20 45
20 59
20 76
20 90
20 117
20 128
20 169
20 189
20 194
20 210
20 251
20 256
20 271
20 280
20 301
20 308
20 316
20 351
20 352
20 392
20 453
20 486
20 524
20 526
20 540
20 571
20 591
20 604
20 609
20 615
20 637
20 661
20 663
20 720
20 724
20 730
20 770
20 802
20 826
20 1006
20 1020
21 24
21 36
21 42
21 46
21 47
21 63
21 65
21 73
21 76
21 77
21 89
21 95
21 106
21 123
21 125
21 127
21 128
21 133
21 138
21 143
21 179
21 180
21 183
21 234
21 236
21 256
21 270
21 271
21 283
21 303
21 308
21 313
21 352
21 357
21 387
21 437
21 453
21 461
21 484
21 513
21 517
21 521
21 535
21 629
21 638
21 655
21 679
21 681
21 686
21 688
21 741
21 751
21 757
21 785
21 804
21 838
21 860
21 892
21 914
21 916
21 931
21 944
21 974
22 31
22 40
22 45
22 51
22 58
22 89
22 91
22 96
22 109
22 145
22 149
22 158
22 172
22 187
22 206
22 209
22 230
22 238
22 242
22 264
22 271
22 274
22 283
22 285
22 297
22 321
22 330
22 367
22 412
22 422
22 440
22 493
22 551
22 604
22 677
22 683
22 707
22 720
22 775
22 811
22 845
22 849
22 855
22 926
22 942
22 955
22 971
22 979
23 26
23 30
23 38
23 57
23 59
23 62
23 119
23 124
23 130
23 162
23 209
23 227
23 234
23 239
23 240
23 300
23 324
23 331
23 404
23 441
23 442
23 444
23 445
23 480
23 494
23 503
23 610
23 617
23 633
23 646
23 667
23 680
23 682
23 692
23 700
23 715
23 720
23 757
23 767
23 775
23 817
23 872
23 900
23 906
23 908
23 914
23 939
23 950
23 1005
24 31
24 34
24 46
24 51
24 54
24 61
24 67
24 78
24 79
24 93
24 94
24 97
24 124
24 130
24 176
24 178
24 181
24 216
24 247
24 260
24 268
24 303
24 321
24 343
24 344
24 353
24 423
24 450
24 465
24 475
24 530
24 536
24 577
24 591
24 595
24 621
24 624
24 665
24 666
24 678
24 694
24 704
24 727
24 813
24 840
24 852
24 878
24 879
24 902
24 909
24 976
25 26
25 30
25 31
25 37
25 41
25 46
25 51
25 58
25 66
25 81
25 93
25 95
25 117
25 118
25 132
25 137
25 149
25 156
25 176
25 181
25 208
25 213
25 221
25 241
25 242
25 248
25 255
25 263
25 297
25 304
25 328
25 348
25 358
25 367
25 389
25 399
25 404
25 406
25 427
25 445
25 524
25 528
25 535
25 564
25 603
25 701
25 747
25 755
25 817
25 842
25 852
25 873
25 897
25 946
26 35
26 36
26 40
26 46
26 48
26 72
26 112
26 116
26 145
26 148
26 150
26 164
26 188
26 302
26 386
26 418
26 429
26 455
26 460
26 509
26 511
26 567
26 570
26 635
26 670
26 733
26 865
26 927
27 35
27 56
27 69
27 75
27 99
27 119
27 155
27 164
27 172
27 179
27 184
27 201
27 206
27 230
27 360
27 368
27 376
27 423
27 424
27 432
27 495
27 535
27 593
27 673
27 693
27 737
27 747
27 852
27 865
27 877
27 885
27 950
27 970
27 1008
28 31
28 41
28 52
28 67
28 69
28 85
28 89
28 94
28 113
28 150
28 151
28 161
28 201
28 223
28 233
28 253
28 256
28 276
28 315
28 343
28 346
28 360
28 366
28 373
28 376
28 434
28 459
28 461
28 479
28 496
28 533
28 537
28 550
28 579
28 602
28 667
28 686
28 691
28 787
28 807
28 922
28 935
29 36
29 47
29 49
29 50
29 55
29 60
29 66
29 70
29 87
29 88
29 99
29 128
29 135
29 143
29 159
29 164
29 168
29 176
29 194
29 227
29 234
29 236
29 237
29 246
29 261
29 263
29 268
29 281
29 297
29 320
29 332
29 335
29 354
29 360
29 372
29 382
29 418
29 431
29 440
29 449
29 458
29 472
29 506
29 602
29 604
29 608
29 613
29 663
29 667
29 669
29 711
29 747
29 749
29 815
29 851
29 900
29 945
29 968
30 35
30 54
30 64
30 65
30 79
30 96
30 112
30 145
30 156
30 215
30 220
30 221
30 291
30 304
30 307
30 337
30 351
30 376
30 515
30 602
30 645
30 652
30 701
30 775
30 791
30 808
30 957
30 976
31 34
31 47
31 52
31 55
31 65
31 66
31 70
31 75
31 90
31 93
31 96
31 99
31 108
31 121
31 141
31 145
31 150
31 154
31 162
31 172
31 186
31 196
31 198
31 229
31 237
31 240
31 250
31 257
31 272
31 273
31 290
31 300
31 397
31 418
31 431
31 444
31 445
31 459
31 473
31 474
31 507
31 522
31 557
31 564
31 594
31 661
31 728
31 794
31 820
31 839
31 847
31 848
31 876
31 915
31 962
31 1013
32 36
32 37
32 40
32 52
32 54
32 55
32 56
32 57
32 69
32 76
32 82
32 89
32 91
32 96
32 102
32 104
32 114
32 142
32 144
32 207
32 233
32 236
32 273
32 301
32 309
32 316
32 323
32 378
32 384
32 404
32 423
32 424
32 428
32 450
32 462
32 507
32 512
32 520
32 525
32 535
32 638
32 639
32 651
32 653
32 694
32 713
32 767
32 834
32 836
32 843
32 923
32 950
32 961
32 968
32 979
32 991
32 1002
33 35
33 39
33 42
33 60
33 76
33 77
33 80
33 82
33 95
33 98
33 99
33 119
33 167
33 172
33 178
33 232
33 236
33 268
33 286
33 291
33 303
33 319
33 364
33 374
33 395
33 398
33 436
33 468
33 498
33 502
33 532
33 557
33 566
33 567
33 579
33 639
33 704
33 836
33 852
33 886
34 37
34 40
34 68
34 75
34 78
34 84
34 85
34 104
34 112
34 134
34 140
34 146
34 204
34 209
34 235
34 250
34 272
34 315
34 341
34 369
34 370
34 380
34 386
34 402
34 415
34 444
34 551
34 565
34 584
34 590
34 633
34 661
34 689
34 692
34 723
34 732
34 770
34 803
34 815
34 824
34 835
34 858
34 887
34 901
34 983
34 984
34 989
35 39
35 41
35 57
35 71
35 81
35 86
35 95
35 98
35 100
35 116
35 144
35 148
35 153
35 158
35 202
35 222
35 327
35 348
35 369
35 380
35 403
35 411
35 427
35 637
35 675
35 681
35 688
35 711
35 792
35 847
35 851
35 860
35 878
35 901
35 945
35 965
35 980
35 1002
36 39
36 42
36 43
36 51
36 62
36 67
36 69
36 91
36 107
36 181
36 193
36 199
36 228
36 284
36 295
36 297
36 310
36 351
36 355
36 358
36 366
36 371
36 381
36 408
36 417
36 437
36 445
36 458
36 464
36 544
36 547
36 589
36 599
36 700
36 727
36 734
36 787
36 789
36 799
36 854
36 869
36 891
36 921
37 74
37 75
37 78
37 79
37 102
37 261
37 505
37 537
37 702
37 802
37 884
38 53
38 54
38 65
38 69
38 82
38 98
38 150
38 177
38 210
38 219
38 223
38 306
38 324
38 340
38 369
38 479
38 524
38 539
38 546
38 608
38 803
38 840
38 883
39 42
39 44
39 50
39 60
39 71
39 78
39 87
39 105
39 110
39 111
39 116
39 129
39 152
39 165
39 185
39 217
39 235
39 267
39 274
39 296
39 306
39 318
39 354
39 358
39 362
39 374
39 437
39 473
39 477
39 496
39 650
39 668
39 693
39 703
39 848
39 862
39 882
39 890
39 920
40 44
40 61
40 71
40 83
40 91
40 98
40 115
40 141
40 142
40 157
40 171
40 185
40 230
40 261
40 288
40 318
40 319
40 381
40 405
40 452
40 496
40 520
40 532
40 542
40 543
40 580
40 607
40 613
40 618
40 656
40 705
40 744
40 786
40 859
40 940
40 983
41 48
41 59
41 71
41 75
41 83
41 89
41 150
41 166
41 172
41 180
41 211
41 224
41 225
41 240
41 382
41 384
41 432
41 506
41 533
41 550
41 599
41 625
41 676
41 714
41 738
41 814
41 817
41 827
41 835
41 849
41 854
41 963
41 974
42 55
42 105
42 115
42 118
42 170
42 336
42 350
42 354
42 355
42 365
42 368
42 373
42 397
42 406
42 548
42 608
42 619
42 646
42 981
42 1004
43 47
43 54
43 64
43 65
43 70
43 80
43 83
43 93
43 98
43 126
43 146
43 147
43 160
43 164
43 165
43 168
43 181
43 193
43 242
43 245
43 253
43 276
43 289
43 302
43 339
43 361
43 439
43 460
43 469
43 511
43 584
43 586
43 646
43 681
43 768
43 769
43 785
43 861
43 871
43 980
43 985
43 1004
43 1007
44 45
44 49
44 88
44 99
44 110
44 112
44 127
44 139
44 150
44 205
44 221
44 230
44 317
44 336
44 365
44 367
44 396
44 402
44 421
44 445
44 459
44 564
44 567
44 572
44 594
44 601
44 613
44 619
44 620
44 652
44 732
44 740
44 773
44 781
44 892
44 897
44 913
44 934
44 1020
45 46
45 51
45 53
45 54
45 108
45 158
45 167
45 171
45 192
45 227
45 234
45 478
45 559
45 617
45 623
45 644
45 651
45 760
45 827
45 959
45 1000
46 47
46 53
46 60
46 75
46 114
46 117
46 120
46 183
46 210
46 213
46 255
46 272
46 384
46 480
46 481
46 494
46 805
46 826
46 838
46 956
46 972
47 125
47 133
47 154
47 167
47 172
47 175
47 182
47 221
47 244
47 396
47 514
47 515
47 546
47 554
47 587
47 645
47 796
47 821
47 948
48 65
48 75
48 83
48 85
48 93
48 105
48 119
48 131
48 153
48 168
48 228
48 235
48 241
48 281
48 284
48 305
48 312
48 334
48 413
48 455
48 496
48 556
48 568
48 594
48 634
48 642
48 684
48 784
48 791
48 807
48 896
48 900
48 951
48 967
48 973
48 984
49 103
49 109
49 146
49 170
49 252
49 259
49 303
49 482
49 529
49 538
49 557
49 600
49 601
49 607
49 664
49 867
49 870
49 919
50 51
50 56
50 107
50 138
50 202
50 217
50 223
50 265
50 347
50 350
50 380
50 589
50 628
50 841
50 965
51 76
51 82
51 87
51 88
51 119
51 129
51 157
51 173
51 177
51 248
51 251
51 269
51 303
51 342
51 362
51 383
51 448
51 539
51 616
51 637
51 734
51 738
51 748
51 929
51 937
51 940
51 978
51 984
52 62
52 83
52 84
52 108
52 117
52 136
52 139
52 154
52 173
52 236
52 253
52 270
52 289
52 296
52 343
52 356
52 415
52 418
52 438
52 447
52 469
52 505
52 547
52 582
52 657
52 680
52 744
52 798
52 830
52 999
52 1004
53 58
53 67
53 73
53 80
53 89
53 90
53 95
53 127
53 132
53 147
53 153
53 159
53 345
53 356
53 398
53 409
53 455
53 459
53 549
53 572
53 606
53 684
53 692
53 710
53 736
53 791
53 872
53 903
53 929
54 71
54 74
54 78
54 79
54 80
54 83
54 96
54 106
54 113
54 149
54 170
54 206
54 234
54 240
54 254
54 291
54 310
54 313
54 326
54 400
54 410
54 418
54 425
54 429
54 452
54 496
54 519
54 561
54 602
54 622
54 633
54 644
54 654
54 675
54 705
54 706
54 736
54 875
54 877
54 887
54 925
54 926
54 954
55 58
55 77
55 96
55 108
55 144
55 149
55 165
55 169
55 187
55 238
55 257
55 292
55 317
55 371
55 386
55 426
55 486
55 524
55 601
55 617
55 666
55 714
55 725
55 732
55 812
55 894
55 1015
56 59
56 60
56 61
56 100
56 105
56 123
56 200
56 231
56 232
56 305
56 369
56 392
56 403
56 432
56 461
56 523
56 568
56 587
56 665
56 696
56 752
56 843
56 884
56 903
56 938
56 953
57 70
57 71
57 77
57 94
57 120
57 124
57 146
57 155
57 157
57 199
57 200
57 212
57 310
57 365
57 444
57 466
57 573
57 578
57 580
57 698
57 777
57 781
57 944
57 968
57 974
57 1019
58 70
58 71
58 148
58 202
58 204
58 265
58 277
58 529
58 570
58 582
58 731
58 956
59 129
59 131
59 171
59 265
59 383
59 394
59 498
59 787
59 811
59 884
59 1020
60 71
60 230
60 248
60 447
60 505
60 513
60 600
60 607
60 688
60 750
60 789
60 809
60 823
60 828
60 829
60 923
61 62
61 104
61 174
61 184
61 233
61 255
61 331
61 376
61 494
61 574
61 582
61 866
61 883
61 936
62 90
62 92
62 168
62 232
62 237
62 304
62 305
62 306
62 454
62 533
62 611
62 612
62 712
62 802
62 999
62 1007
63 68
63 72
63 150
63 154
63 166
63 193
63 212
63 296
63 317
63 385
63 392
63 437
63 495
63 549
63 593
63 660
63 715
63 722
63 743
63 787
63 799
63 912
63 962
64 68
64 84
64 88
64 102
64 123
64 131
64 143
64 184
64 226
64 239
64 248
64 255
64 283
64 286
64 298
64 302
64 335
64 344
64 346
64 350
64 360
64 394
64 418
64 508
64 595
64 640
64 746
64 855
64 859
64 886
64 904
64 932
65 92
65 106
65 124
65 151
65 211
65 274
65 294
65 302
65 330
65 341
65 356
65 410
65 420
65 430
65 468
65 522
65 528
65 634
65 782
66 78
66 86
66 91
66 94
66 121
66 125
66 136
66 155
66 167
66 180
66 201
66 214
66 233
66 250
66 324
66 332
66 353
66 358
66 375
66 393
66 399
66 415
66 426
66 462
66 477
66 550
66 595
66 620
66 684
66 704
66 708
66 912
66 933
66 945
66 1022
67 81
67 126
67 151
67 162
67 165
67 168
67 219
67 237
67 259
67 298
67 317
67 389
67 412
67 427
67 434
67 470
67 515
67 546
67 690
67 696
67 710
67 728
67 757
67 810
67 827
67 857
68 119
68 121
68 131
68 136
68 141
68 152
68 161
68 192
68 226
68 311
68 334
68 401
68 425
68 437
68 452
68 464
68 514
68 532
68 542
68 581
68 610
68 666
68 732
68 748
68 834
68 896
68 922
68 939
69 84
69 107
69 110
69 129
69 131
69 140
69 141
69 151
69 171
69 198
69 203
69 217
69 225
69 227
69 278
69 331
69 435
69 485
69 510
69 524
69 637
69 649
69 674
69 780
69 836
69 839
69 854
69 882
69 896
69 932
70 76
70 111
70 141
70 143
70 279
70 320
70 326
70 333
70 336
70 547
70 667
70 799
70 816
71 87
71 96
71 132
71 183
71 285
71 400
71 421
71 500
71 541
71 648
71 697
71 936
72 77
72 131
72 132
72 141
72 149
72 150
72 175
72 214
72 296
72 306
72 314
72 346
72 380
72 417
72 459
72 605
72 641
72 682
72 683
72 692
72 732
72 970
72 988
72 1006
73 113
73 134
73 153
73 175
73 198
73 243
73 268
73 309
73 329
73 335
73 359
73 423
73 452
73 470
73 532
73 558
73 578
73 676
73 722
73 836
73 856
73 934
73 996
74 114
74 125
74 249
74 297
74 345
74 400
74 425
74 535
74 544
74 571
74 627
74 631
74 657
74 809
74 896
75 92
75 267
75 269
75 273
75 312
75 320
75 398
75 424
75 480
75 613
75 654
75 922
75 953
76 87
76 88
76 143
76 156
76 159
76 178
76 214
76 221
76 257
76 285
76 572
76 705
76 802
76 926
77 87
77 94
77 163
77 176
77 177
77 207
77 212
77 272
77 300
77 320
77 322
77 447
77 452
77 461
77 478
77 493
77 506
77 575
77 583
77 593
77 751
77 825
77 862
77 927
77 998
78 81
78 82
78 100
78 103
78 121
78 123
78 142
78 174
78 178
78 192
78 193
78 196
78 204
78 212
78 231
78 302
78 361
78 442
78 454
78 486
78 522
78 542
78 552
78 556
78 574
78 618
78 676
78 717
78 752
78 780
78 815
78 867
78 895
78 992
79 129
79 137
79 183
79 217
79 229
79 270
79 335
79 359
79 367
79 375
79 401
79 419
79 488
79 516
79 642
79 666
79 718
79 747
79 782
79 917
79 924
79 931
79 974
79 1021
80 82
80 144
80 171
80 184
80 191
80 232
80 240
80 270
80 312
80 328
80 379
80 433
80 513
80 567
80 595
80 738
80 797
80 922
80 1023
81 86
81 87
81 92
81 102
81 106
81 120
81 137
81 141
81 205
81 213
81 265
81 317
81 464
81 550
81 587
81 594
81 640
81 643
81 666
81 831
81 866
81 915
81 936
81 986
82 89
82 100
82 101
82 117
82 142
82 148
82 168
82 220
82 246
82 256
82 444
82 478
82 524
82 536
82 537
82 664
82 665
82 691
82 722
82 740
82 757
82 796
82 823
82 854
82 891
82 925
82 972
82 1001
82 1010
83 86
83 89
83 124
83 187
83 211
83 276
83 347
83 476
83 521
83 597
83 717
83 718
83 838
83 841
83 884
84 86
84 122
84 125
84 168
84 169
84 171
84 179
84 183
84 190
84 235
84 241
84 256
84 258
84 285
84 289
84 323
84 389
84 405
84 409
84 440
84 499
84 562
84 572
84 595
84 719
84 785
84 799
84 833
84 843
84 845
84 950
84 991
85 103
85 194
85 212
85 224
85 325
85 479
85 498
85 517
85 561
85 584
85 642
85 669
85 724
85 741
85 753
85 763
85 938
85 976
86 126
86 249
86 316
86 333
86 391
86 423
86 439
86 470
86 554
86 627
86 758
86 820
86 840
86 987
87 97
87 164
87 203
87 318
87 429
87 512
87 577
87 646
87 746
87 809
87 844
87 912
88 140
88 147
88 171
88 192
88 237
88 246
88 286
88 326
88 402
88 437
88 446
88 499
88 574
88 651
88 697
88 711
88 745
88 902
88 920
89 130
89 173
89 196
89 255
89 285
89 328
89 351
89 361
89 387
89 405
89 574
89 616
89 775
89 788
89 919
89 958
89 1017
90 379
90 447
90 465
90 531
90 567
90 887
90 976
91 99
91 105
91 120
91 151
91 196
91 276
91 420
91 429
91 483
91 552
91 621
91 639
91 851
92 104
92 126
92 133
92 137
92 166
92 175
92 197
92 268
92 301
92 309
92 378
92 497
92 582
92 640
92 856
92 998
93 169
93 186
93 284
93 290
93 378
93 390
93 422
93 563
93 596
93 629
93 686
93 735
93 785
93 799
93 909
94 97
94 129
94 131
94 142
94 203
94 205
94 231
94 335
94 489
94 540
94 785
94 787
94 830
94 868
94 888
94 1015
95 101
95 105
95 216
95 262
95 268
95 317
95 354
95 363
95 388
95 411
95 430
95 488
95 548
95 711
95 748
95 784
95 841
95 914
95 934
95 1008
95 1017
96 105
96 156
96 267
96 278
96 322
96 334
96 459
96 544
96 861
96 896
97 100
97 101
97 106
97 108
97 144
97 150
97 182
97 200
97 234
97 284
97 289
97 386
97 436
97 443
97 481
97 511
97 514
97 709
97 820
97 868
98 113
98 119
98 183
98 501
98 602
98 623
98 667
98 691
98 923
99 112
99 149
99 156
99 167
99 201
99 207
99 230
99 244
99 501
99 575
99 587
99 627
99 629
99 630
99 776
99 932
99 963
100 103
100 124
100 177
100 193
100 203
100 277
100 279
100 358
100 367
100 521
100 536
100 583
100 891
100 978
100 1001
101 110
101 121
101 129
101 138
101 144
101 173
101 256
101 290
101 309
101 314
101 412
101 433
101 468
101 483
101 500
101 555
101 561
101 574
101 653
101 660
101 663
101 666
101 670
101 712
101 744
101 906
101 975
101 980
102 113
102 126
102 127
102 137
102 139
102 165
102 204
102 211
102 218
102 248
102 258
102 259
102 298
102 325
102 351
102 356
102 393
102 434
102 442
102 445
102 451
102 526
102 563
102 568
102 612
102 690
102 702
102 704
102 720
102 726
102 744
102 746
102 821
102 825
102 859
102 864
102 874
102 900
102 904
102 930
102 931
102 987
102 1010
103 109
103 111
103 157
103 181
103 203
103 219
103 231
103 237
103 242
103 261
103 285
103 288
103 302
103 310
103 327
103 342
103 358
103 402
103 428
103 448
103 539
103 547
103 592
103 605
103 765
103 803
103 952
103 1005
104 105
104 117
104 155
104 160
104 217
104 235
104 271
104 281
104 286
104 316
104 500
104 566
104 612
104 629
104 676
104 753
104 760
104 771
104 814
104 826
104 830
104 852
104 907
105 111
105 123
105 178
105 184
105 209
105 214
105 233
105 252
105 261
105 369
105 373
105 375
105 413
105 430
105 447
105 822
105 944
106 108
106 159
106 174
106 185
106 199
106 201
106 209
106 305
106 313
106 436
106 470
106 581
106 624
106 670
106 733
106 804
106 808
106 824
106 925
106 942
107 188
107 216
107 446
107 529
107 755
107 798
107 988
107 1003
108 140
108 153
108 189
108 203
108 218
108 263
108 307
108 409
108 436
108 506
108 567
108 650
108 676
108 736
108 844
109 128
109 135
109 154
109 155
109 342
109 363
109 386
109 403
109 494
109 725
110 146
110 182
110 309
110 386
110 388
110 981
110 1001
110 1006
110 1010
111 158
111 213
111 238
111 275
111 287
111 327
111 328
111 407
111 422
111 543
111 573
111 592
111 611
111 753
111 800
111 803
111 834
111 859
111 909
111 948
112 186
112 231
112 356
112 759
112 761
112 930
113 120
113 123
113 156
113 163
113 219
113 236
113 247
113 255
113 274
113 301
113 433
113 609
113 649
113 719
113 797
113 828
113 982
114 148
114 149
114 175
114 284
114 373
114 588
114 683
114 690
114 705
114 848
115 122
115 132
115 133
115 135
115 166
115 186
115 192
115 224
115 417
115 525
115 549
115 590
115 597
115 769
115 801
115 898
115 911
115 936
115 938
115 954
115 1011
116 125
116 135
116 208
116 226
116 228
116 236
116 278
116 337
116 360
116 372
116 472
116 520
116 579
116 589
116 631
116 676
116 721
116 760
116 766
116 794
116 800
116 843
116 863
116 920
116 975
116 981
117 120
117 182
117 193
117 333
117 335
117 383
117 477
117 523
117 580
117 654
117 679
117 703
118 132
118 171
118 240
118 311
118 437
118 628
118 642
118 659
118 828
119 127
119 137
119 188
119 272
119 379
119 440
119 704
119 749
119 759
120 173
120 206
120 211
120 224
120 421
120 528
120 554
120 564
120 573
120 614
120 644
120 693
120 747
120 765
120 816
120 845
121 138
121 189
121 220
121 245
121 274
121 275
121 311
121 345
121 346
121 374
121 393
121 458
121 467
121 564
121 581
121 634
121 755
121 893
121 937
121 1001
122 129
122 155
122 215
122 345
122 508
122 613
122 638
122 661
122 670
122 952
123 181
123 183
123 184
123 193
123 226
123 230
123 235
123 236
123 294
123 300
123 315
123 445
123 449
123 517
123 628
123 629
123 653
123 749
123 767
123 788
123 813
123 818
123 940
123 1005
124 147
124 158
124 195
124 200
124 201
124 267
124 323
124 372
124 386
124 408
124 471
124 480
124 526
124 602
124 649
124 708
124 712
124 761
124 894
124 937
124 942
124 954
125 148
125 254
125 280
125 327
125 371
125 465
125 527
125 553
125 629
125 636
125 871
125 924
125 1019
126 172
126 276
126 292
126 345
126 641
126 661
126 674
127 265
127 294
127 432
127 480
127 491
127 493
127 692
127 700
127 831
127 843
127 844
127 863
127 989
127 1019
128 130
128 142
128 199
128 201
128 211
128 229
128 241
128 326
128 443
128 556
128 583
128 590
128 658
128 711
128 856
128 881
128 898
128 952
128 970
128 976
128 1018
129 230
129 338
129 630
129 706
130 140
130 216
130 226
130 240
130 313
130 324
130 397
130 404
130 598
130 727
130 733
130 877
130 907
130 945
130 1009
131 212
131 323
131 337
131 407
131 435
131 461
131 562
131 575
131 596
131 651
131 678
131 683
131 703
131 933
132 222
132 229
132 679
132 811
132 924
132 938
133 134
133 140
133 169
133 191
133 206
133 315
133 344
133 417
133 444
133 470
133 491
133 519
133 524
133 729
133 756
133 771
133 841
133 910
134 173
134 179
134 259
134 264
134 309
134 390
134 454
134 648
134 709
134 774
134 857
134 926
135 162
135 195
135 196
135 204
135 228
135 275
135 291
135 340
135 375
135 456
135 487
135 620
135 636
135 832
135 939
135 976
135 982
136 147
136 171
136 174
136 203
136 280
136 287
136 336
136 404
136 405
136 498
136 566
136 600
136 625
136 633
136 652
136 736
136 857
136 884
137 147
137 159
137 179
137 181
137 229
137 260
137 304
137 327
137 468
137 482
137 494
137 500
137 522
137 547
137 579
137 657
137 772
137 792
137 802
137 816
137 978
137 992
138 169
138 185
138 262
138 280
138 331
138 493
138 530
138 650
138 874
138 891
138 954
138 955
138 995
138 1008
138 1016
139 181
139 208
139 359
139 424
139 440
139 484
140 197
140 202
140 254
140 549
140 906
140 962
141 401
141 674
141 774
141 813
142 220
142 269
142 273
142 274
142 301
142 339
142 349
142 373
142 385
142 473
142 570
142 670
142 702
142 811
142 881
142 971
142 1001
143 153
143 180
143 364
143 384
143 421
143 449
143 642
143 671
143 687
143 805
143 827
143 857
143 872
143 901
144 182
144 232
144 254
144 439
144 452
144 487
144 557
144 597
144 610
144 735
144 855
144 859
144 921
144 990
144 996
145 264
145 870
145 1023
146 195
146 212
146 268
146 293
146 325
146 390
146 412
146 453
146 519
146 603
146 700
146 781
146 940
146 1019
147 153
147 225
147 235
147 251
147 301
147 355
147 378
147 397
147 407
147 465
147 489
147 522
147 544
147 581
147 585
147 679
147 681
147 713
147 769
147 788
147 841
147 875
147 933
147 955
148 223
148 249
148 304
148 327
148 383
148 390
148 401
148 444
148 464
148 533
148 625
148 672
148 708
148 723
148 861
148 888
148 1019
149 151
149 406
149 520
149 566
149 577
149 604
149 627
149 637
149 759
149 777
149 789
149 825
149 839
149 927
149 958
149 969
149 994
150 154
150 194
150 197
150 279
150 291
150 644
150 686
150 776
150 858
150 1009
150 1017
151 159
151 210
151 641
151 706
151 832
151 1018
152 223
152 262
152 359
152 674
152 699
152 724
152 776
152 930
152 993
153 206
153 229
153 240
153 370
153 399
153 422
153 479
153 816
153 846
153 903
153 970
154 210
154 241
154 251
154 277
154 520
154 545
154 757
154 830
155 272
155 331
155 337
155 397
155 486
155 576
155 608
155 673
155 707
155 741
155 765
155 802
155 840
155 970
155 1019
156 163
156 200
156 239
156 282
156 343
156 369
156 377
156 466
156 494
156 646
156 651
156 875
156 934
156 945
157 173
157 176
157 197
157 243
157 329
157 645
157 951
157 972
158 178
158 209
158 246
158 300
158 366
158 471
158 485
158 604
158 766
158 787
158 826
159 194
159 394
159 493
159 625
159 723
159 876
160 234
160 284
160 349
160 356
160 382
160 390
160 744
160 796
160 810
160 836
160 871
160 906
160 908
160 927
160 1016
161 179
161 186
161 243
161 391
161 411
161 446
161 463
161 512
161 588
161 597
161 738
161 835
161 853
161 983
161 995
161 1008
162 174
162 214
162 296
162 378
162 506
162 536
162 582
162 735
162 850
162 883
162 956
163 185
163 203
163 391
163 496
163 499
163 518
163 566
163 600
163 817
163 939
164 213
164 215
164 262
164 278
164 329
164 416
164 450
164 455
164 515
164 622
164 701
164 810
164 842
164 937
164 946
165 248
165 291
165 359
165 375
165 456
165 503
165 550
165 580
165 585
165 649
165 655
165 737
165 777
165 784
165 793
165 1021
166 170
166 328
166 473
166 539
166 601
166 663
166 747
166 1020
167 331
167 354
167 521
167 573
167 653
168 366
168 388
168 557
168 609
168 622
168 670
168 673
168 701
168 736
168 894
168 953
168 972
169 178
169 202
169 239
169 242
169 244
169 280
169 314
169 371
169 435
169 474
169 548
169 587
169 650
169 658
169 663
169 752
169 853
169 946
170 194
170 209
170 516
170 541
170 627
170 680
170 704
170 1003
171 197
171 297
171 312
171 553
171 582
171 644
171 710
171 832
172 174
172 223
172 296
172 343
172 355
172 377
172 401
172 421
172 440
172 448
172 486
172 676
172 722
172 745
172 760
172 892
172 900
172 939
172 954
172 1015
172 1017
173 215
173 238
173 262
173 295
173 298
173 398
173 465
173 536
173 611
173 697
174 201
174 237
174 473
174 526
174 566
174 728
174 770
174 926
175 263
175 362
175 590
175 763
175 985
176 232
176 380
176 412
176 488
176 543
176 549
176 569
176 688
176 821
177 178
177 188
177 212
177 231
177 235
177 254
177 352
177 538
177 542
177 544
177 588
177 677
177 762
177 766
177 776
177 791
177 805
177 933
177 1022
178 197
178 210
178 221
178 338
178 735
178 827
179 273
179 287
179 288
179 289
179 293
179 334
179 364
179 447
179 451
179 475
179 518
179 519
179 530
179 643
179 697
179 759
179 817
179 823
179 911
180 360
180 377
180 558
180 588
180 631
180 655
180 875
181 239
181 311
181 482
181 547
181 598
181 695
181 716
181 751
181 783
181 976
182 185
182 215
182 257
182 291
182 318
182 326
182 350
182 470
182 615
182 672
182 687
182 823
182 876
182 900
182 954
183 220
183 234
183 257
183 333
183 445
183 551
183 611
183 700
183 719
184 233
184 244
184 330
184 606
184 754
184 923
184 925
185 252
185 854
185 960
186 224
186 307
186 323
186 324
186 340
186 383
186 392
186 419
186 474
186 522
186 548
186 643
186 664
186 740
186 814
186 825
186 893
186 953
186 955
186 983
187 192
187 195
187 266
187 343
187 456
187 548
187 561
188 229
188 268
188 272
188 290
188 422
188 447
188 555
188 882
189 226
189 361
189 387
189 730
189 850
190 282
190 420
190 422
190 516
190 605
190 757
190 969
191 204
191 218
191 357
191 480
191 711
191 885
192 423
192 544
192 563
192 567
192 672
192 736
193 225
193 227
193 250
193 269
193 297
193 311
193 342
193 372
193 446
193 461
193 466
193 493
193 519
193 568
193 609
193 613
193 615
193 764
193 826
193 966
194 207
194 263
194 296
194 303
194 371
194 450
194 527
194 768
194 955
195 199
195 277
195 511
195 655
195 662
195 686
195 828
196 232
196 308
196 357
196 398
196 410
196 471
196 520
196 615
196 703
196 832
196 916
197 247
197 255
197 279
197 306
197 500
197 505
197 718
197 729
198 220
198 260
198 301
198 358
198 459
198 525
198 542
198 559
198 691
198 702
198 748
199 246
199 260
199 281
199 447
199 507
199 514
199 681
199 734
199 905
200 231
200 299
200 336
200 348
200 397
200 552
200 746
200 823
201 234
201 293
201 312
201 446
201 460
201 501
201 518
201 526
201 590
201 698
201 881
202 218
202 299
202 426
202 514
202 628
202 668
202 669
203 210
203 233
203 324
203 330
203 434
203 442
203 448
203 476
203 482
203 498
203 572
203 596
203 599
203 610
203 619
203 781
203 894
203 988
204 265
204 658
204 947
205 213
205 266
205 272
205 275
205 384
205 651
205 717
205 745
205 801
205 868
205 1001
205 1003
206 235
206 253
206 390
206 621
206 815
206 837
206 846
206 914
206 965
206 969
206 999
206 1013
207 263
207 292
207 302
207 336
207 356
207 393
207 429
207 526
208 390
208 441
208 483
208 554
208 591
208 695
208 1015
209 286
209 329
209 338
209 352
209 443
209 664
209 696
209 957
209 996
210 218
210 220
210 266
210 405
210 476
210 798
210 900
210 962
210 1000
211 261
211 372
211 826
212 451
212 588
212 820
213 283
213 381
213 416
213 709
214 245
214 258
214 269
214 291
214 326
214 368
214 420
214 463
214 760
215 230
215 306
215 307
215 414
215 507
215 703
215 828
215 946
216 264
216 395
216 423
216 617
216 760
216 790
216 815
216 839
216 915
216 934
217 282
217 295
217 362
217 787
217 890
218 262
218 334
218 341
218 368
218 464
218 643
218 928
218 1002
219 247
219 366
219 376
219 410
219 432
219 609
219 629
219 653
219 716
219 1015
220 276
220 320
220 321
220 438
220 477
220 513
220 766
220 955
221 238
221 244
221 329
221 420
221 432
221 468
221 474
221 563
221 566
221 747
221 999
222 241
222 252
222 288
222 327
222 402
222 418
222 457
222 531
222 533
222 812
223 225
223 402
223 450
223 779
223 831
223 880
223 924
223 958
224 244
224 249
224 290
224 316
224 341
224 497
224 576
224 673
224 675
225 273
225 287
225 292
225 301
225 433
225 518
225 531
225 581
225 654
225 779
225 854
225 858
226 325
226 369
226 579
226 919
227 372
227 440
227 596
227 861
228 250
228 282
228 357
228 381
228 445
228 542
228 586
228 642
228 660
228 745
228 887
228 905
228 917
229 348
229 451
229 560
229 605
229 707
229 712
229 713
229 721
229 916
229 943
229 971
230 300
230 305
230 316
230 322
230 351
230 389
230 408
230 409
230 456
230 620
230 634
230 712
230 813
230 824
230 957
230 1023
231 255
231 295
231 374
231 409
231 466
231 479
231 504
231 517
231 592
231 648
231 777
231 849
232 349
232 469
232 570
232 587
232 589
232 824
232 877
232 880
232 914
232 935
232 1008
233 351
233 382
233 419
233 436
233 516
233 712
233 753
233 814
233 824
233 888
234 260
234 299
234 344
234 360
234 371
234 474
234 478
234 493
234 557
234 559
234 562
234 727
234 743
234 801
234 916
234 944
234 1018
235 241
235 243
235 274
235 336
235 345
235 352
235 377
235 393
235 404
235 409
235 412
235 425
235 530
235 576
235 595
235 711
235 832
235 852
236 319
236 346
236 420
236 458
236 499
236 545
236 677
236 678
236 782
236 844
236 975
237 295
237 322
237 346
237 692
237 707
237 889
238 290
238 379
238 473
238 584
238 718
238 733
238 856
238 911
238 1004
239 510
239 593
239 873
240 246
240 252
240 325
240 392
240 446
240 528
240 782
240 873
240 903
240 992
241 254
241 354
241 377
241 472
241 492
241 591
241 614
241 635
241 762
241 780
241 787
241 1004
242 270
242 746
242 898
243 255
243 369
243 475
243 555
243 684
243 754
243 769
243 801
243 860
244 252
244 331
244 348
244 389
244 491
244 513
244 656
244 672
244 773
244 780
244 1021
245 246
245 259
245 261
245 312
245 318
245 366
245 479
245 487
245 535
245 549
245 612
245 634
245 722
245 756
245 765
245 851
245 1000
246 718
246 741
247 254
247 270
247 320
247 598
247 647
247 689
247 710
247 721
247 920
247 962
248 370
248 541
248 543
248 660
248 669
248 777
248 912
249 675
249 818
249 910
250 302
250 313
250 355
250 453
250 521
250 540
250 579
250 594
250 736
250 772
250 880
251 406
251 537
251 540
251 674
251 812
251 969
252 284
252 302
252 319
252 372
252 532
252 968
253 268
253 344
253 368
253 457
253 553
253 622
253 701
253 764
253 892
253 900
253 916
253 919
253 994
254 329
254 509
254 515
254 732
255 265
255 271
255 289
255 353
255 624
255 662
255 671
255 804
255 823
255 993
256 329
256 387
256 430
256 497
256 543
256 874
257 306
257 315
257 520
257 793
257 846
257 865
258 416
258 429
258 466
258 468
258 474
258 492
258 537
258 640
258 774
258 800
258 873
258 929
258 965
259 379
259 388
259 435
259 580
259 890
260 297
260 430
260 526
260 623
260 831
260 950
260 961
261 397
261 462
261 472
261 485
261 501
261 525
261 556
261 560
261 577
261 661
261 742
261 786
261 788
261 940
262 283
262 309
262 323
262 354
262 371
262 442
262 459
262 537
262 577
262 631
262 636
262 639
262 690
262 967
262 969
262 991
263 382
263 398
263 677
263 777
263 806
263 921
263 1018
264 380
264 404
264 487
264 514
264 753
264 778
264 796
264 913
264 985
265 544
265 546
265 551
265 649
265 742
265 935
266 285
266 333
266 348
266 411
266 440
266 460
267 288
267 318
267 345
267 351
267 414
267 521
267 526
267 644
267 710
268 774
268 969
269 510
269 565
269 575
270 632
270 744
270 763
271 295
271 328
271 708
271 1023
272 337
272 540
272 632
272 659
272 901
273 330
273 350
273 376
273 419
273 437
273 601
273 616
273 678
273 687
273 721
273 728
273 890
273 953
273 986
274 441
274 694
274 920
274 1014
275 292
275 347
275 470
275 534
275 654
276 295
276 554
276 556
276 586
276 601
276 698
276 800
276 869
276 874
276 967
277 281
277 789
277 818
277 850
277 1009
278 291
278 298
278 316
278 385
278 613
278 626
278 702
278 894
279 439
279 592
279 600
279 812
279 829
280 346
280 665
280 684
280 778
280 996
281 315
281 339
281 562
282 347
282 503
282 637
282 779
282 793
282 956
282 1003
283 332
283 434
283 527
283 745
283 800
283 976
283 1020
284 312
284 387
284 405
284 498
284 572
284 626
284 707
284 718
285 330
285 363
285 493
285 507
285 888
285 1009
286 293
286 357
286 407
286 409
286 577
286 693
286 829
286 856
286 936
287 304
287 484
287 507
287 618
287 775
287 864
287 942
287 1007
288 325
288 530
288 611
288 656
289 305
289 341
289 527
289 568
290 396
290 420
290 439
290 490
290 623
290 754
290 792
291 575
291 601
291 641
291 652
292 588
292 619
292 660
292 735
292 807
292 815
293 322
293 342
293 390
293 427
293 490
293 532
293 664
293 680
293 726
293 745
293 819
293 899
293 966
294 315
294 565
294 708
294 789
294 832
295 323
295 340
295 730
295 885
296 381
296 689
296 946
297 492
297 576
297 581
297 683
298 377
298 457
298 524
298 640
298 783
298 824
298 990
299 640
299 656
299 842
299 997
300 304
300 326
300 595
300 720
301 381
301 580
301 637
301 738
301 880
301 909
301 937
302 355
302 364
302 896
302 989
302 1014
303 435
303 471
303 937
304 330
304 561
304 756
304 776
304 804
304 843
304 859
304 957
304 989
304 1002
305 584
306 850
306 932
307 321
307 340
307 343
307 389
307 397
307 408
307 511
307 531
307 564
307 916
307 947
308 313
308 353
308 383
308 476
308 605
308 918
308 1014
309 324
309 343
309 614
309 624
309 688
309 894
310 367
310 793
310 1011
311 331
311 387
311 473
311 997
312 495
312 943
312 945
312 985
313 479
313 659
313 780
313 890
313 929
313 952
313 968
313 1014
314 410
314 416
314 565
314 892
314 987
315 559
315 619
315 757
316 458
316 609
316 736
316 788
317 459
317 512
317 605
317 952
318 407
318 672
319 400
319 657
319 760
320 407
320 538
321 332
321 363
321 376
321 413
321 473
321 511
321 645
322 419
322 503
322 578
322 903
323 767
323 870
324 569
324 584
324 599
324 868
325 332
325 399
325 509
325 669
325 861
326 384
326 424
326 668
326 718
326 719
326 869
327 501
327 639
327 792
327 939
328 481
328 554
328 699
328 907
328 973
328 981
329 343
329 412
329 439
329 517
329 525
329 583
329 966
330 381
330 437
330 449
330 461
330 599
330 726
330 809
330 908
330 1005
330 1014
330 1021
331 347
331 376
331 391
331 396
331 408
331 445
331 504
331 521
331 589
331 592
331 627
331 680
331 758
332 422
332 485
332 749
333 641
333 700
334 361
334 572
334 603
334 651
334 674
334 686
334 696
334 877
334 1005
335 429
335 441
335 483
335 507
335 652
335 752
335 809
335 846
335 995
336 417
336 904
336 1012
337 357
337 390
337 511
337 643
337 653
337 740
337 901
337 1003
338 421
338 490
338 551
338 650
338 720
338 878
338 1018
339 426
339 471
339 534
339 685
339 738
339 824
339 984
340 357
340 432
340 539
340 571
340 580
340 758
340 848
341 569
341 585
341 971
341 989
342 503
342 840
342 885
342 1013
343 561
343 618
343 679
343 983
343 1017
344 513
345 367
345 398
345 424
345 430
345 607
345 796
345 883
346 399
346 565
346 709
346 1023
347 650
347 657
347 739
347 771
347 918
347 922
347 980
347 1023
348 636
348 642
348 961
348 990
348 1006
349 410
349 417
349 655
349 770
349 780
349 785
349 803
349 827
349 1023
350 734
350 772
350 791
350 941
351 485
352 414
352 451
352 641
352 699
353 500
353 510
353 591
353 610
353 789
353 822
353 928
353 949
354 483
354 519
354 621
354 656
354 902
355 469
355 506
355 620
355 675
356 656
356 999
357 502
357 664
358 380
358 666
358 719
358 984
359 467
359 498
359 512
359 552
359 553
359 603
359 628
359 705
359 763
359 836
360 415
360 423
360 770
361 467
361 551
361 751
361 862
362 391
362 491
362 498
363 478
363 737
363 865
363 869
363 999
364 395
364 417
364 528
364 984
365 560
365 620
365 652
365 811
365 827
366 401
366 471
366 491
366 573
366 726
366 905
367 379
367 414
367 480
367 522
368 382
368 415
368 443
368 591
368 671
369 383
369 402
369 436
369 462
369 585
370 408
370 428
370 540
370 543
370 571
370 938
371 448
371 527
371 577
371 668
371 685
371 984
372 582
372 800
372 856
372 949
373 827
374 452
374 565
375 400
375 950
376 606
376 951
377 383
377 396
377 684
379 708
379 919
380 405
380 428
380 528
380 548
380 560
380 785
380 881
381 556
381 880
381 907
382 666
382 827
383 637
383 654
383 658
383 680
383 685
383 835
383 995
384 451
384 460
384 505
384 615
384 673
384 964
384 981
385 397
385 699
386 468
386 750
386 977
386 1016
387 658
388 506
388 843
388 897
388 954
389 408
389 898
390 438
390 487
390 557
390 768
390 774
390 918
390 997
390 1021
391 492
391 778
391 810
392 428
392 432
392 786
392 816
393 623
393 993
393 1002
394 415
394 449
394 518
394 812
395 650
395 743
396 480
396 489
396 601
397 481
397 490
397 551
397 587
397 647
397 659
397 849
397 1007
398 571
398 610
398 803
398 886
398 912
399 453
399 463
399 645
399 870
399 922
401 552
401 926
402 728
402 831
403 413
403 415
403 419
403 504
403 542
403 614
403 641
403 698
403 815
404 406
404 425
404 747
404 975
404 994
405 482
405 583
405 724
405 765
405 917
406 569
406 600
406 602
406 642
406 662
406 1008
407 511
407 552
407 671
407 684
407 749
407 1022
408 576
408 705
408 750
408 820
409 450
409 907
410 434
410 515
410 530
410 565
410 602
410 657
410 664
410 773
411 565
412 490
412 501
412 534
412 682
412 709
412 825
412 836
412 891
412 913
412 979
413 487
413 1009
414 790
414 910
415 496
415 527
415 727
415 736
415 904
415 947
416 421
416 654
416 938
417 672
418 934
418 956
419 441
419 504
419 529
419 768
419 867
419 890
419 953
420 502
420 503
420 590
420 644
420 750
420 785
421 451
421 463
421 640
421 829
422 499
422 508
422 566
422 618
422 995
423 443
423 905
424 505
424 541
424 828
424 971
426 439
426 867
427 464
427 469
427 490
428 473
429 443
429 495
429 575
429 594
429 740
429 862
429 895
430 519
430 902
430 959
431 660
431 706
431 746
431 859
432 438
432 562
432 589
432 593
432 808
432 902
432 985
433 604
433 707
433 868
434 632
434 774
435 686
435 937
435 947
436 502
436 538
436 584
436 660
436 852
437 536
437 842
438 501
438 626
438 635
438 912
439 513
440 518
440 554
440 609
440 635
440 696
441 470
441 494
441 509
441 541
441 757
441 1010
441 1011
442 482
442 494
442 502
442 625
442 669
442 824
442 941
443 706
443 811
443 916
444 856
445 567
445 622
445 667
445 1008
446 781
446 794
446 963
447 566
447 628
447 818
448 592
448 606
448 923
449 458
449 471
449 592
449 706
449 829
450 497
450 807
451 478
451 680
451 729
451 769
451 847
451 869
451 886
451 936
451 946
452 653
452 822
452 836
452 867
453 476
454 571
454 710
454 878
455 497
455 678
455 700
455 909
456 467
456 732
456 740
456 966
457 512
457 671
457 880
457 921
457 1020
458 665
458 758
458 865
459 921
459 924
460 533
460 963
460 977
461 723
461 743
461 905
461 955
461 973
461 975
462 475
462 522
462 556
462 902
463 496
463 530
463 545
463 655
464 517
464 596
464 844
464 908
465 492
465 553
465 633
465 870
465 920
465 934
465 948
466 751
466 942
467 715
468 703
468 730
469 599
469 724
469 997
470 491
470 715
470 885
470 938
470 952
470 958
471 574
471 586
471 635
471 677
471 872
472 531
472 773
473 484
473 730
473 772
473 844
473 904
473 917
473 1012
474 484
474 488
474 743
474 765
475 501
475 739
475 806
475 965
475 980
476 617
476 750
476 1022
477 479
477 481
477 508
477 543
477 655
477 657
477 667
477 699
477 773
477 873
477 1012
478 532
478 592
478 979
479 680
479 850
479 902
480 839
481 556
481 746
481 987
482 492
482 497
482 697
483 781
484 518
484 536
484 553
484 724
484 727
485 837
485 891
486 510
486 600
486 610
486 621
486 847
487 582
487 593
487 643
487 725
488 674
488 951
489 830
489 832
490 534
490 554
490 638
490 994
491 568
492 512
492 656
492 933
492 944
492 997
493 792
494 656
494 743
495 500
495 549
495 635
496 543
496 687
496 917
497 835
497 994
498 674
499 515
499 989
500 643
500 721
500 854
500 975
502 503
502 518
502 586
502 1017
503 597
503 851
503 921
504 557
504 704
505 606
505 744
505 761
505 767
505 831
505 879
505 884
505 949
506 597
507 863
508 763
508 770
509 679
509 703
509 941
509 987
510 713
510 714
510 719
511 526
511 541
511 571
511 583
511 608
512 535
512 758
512 794
513 527
513 779
513 850
514 616
514 669
514 687
514 811
514 975
515 797
516 923
516 941
516 979
518 693
518 795
518 833
518 848
519 534
519 831
520 522
520 616
520 872
521 557
521 891
522 704
522 883
523 545
523 598
523 628
523 657
523 670
523 861
523 873
523 904
523 911
524 939
525 691
525 812
525 837
525 996
526 710
526 812
526 969
527 881
528 768
528 862
528 948
529 558
529 559
529 691
529 800
530 726
530 751
531 595
531 776
531 818
532 540
532 681
532 848
532 941
533 805
533 992
534 585
534 603
534 774
535 1022
536 539
536 626
536 888
536 943
536 1021
537 724
538 668
538 846
538 879
539 555
539 754
540 546
540 631
541 591
541 598
541 664
541 795
541 881
542 789
542 829
542 919
542 1016
543 804
543 899
544 667
544 991
545 556
545 598
545 684
545 833
545 937
546 634
546 853
547 687
548 755
548 808
548 967
549 619
549 787
550 614
550 761
550 947
551 767
552 924
553 700
553 830
554 589
554 611
554 616
555 600
555 698
555 716
555 838
556 598
556 662
556 675
556 711
556 714
556 825
556 1007
557 593
558 818
558 897
559 667
559 668
559 686
559 689
559 1001
559 1007
560 916
560 971
561 877
561 968
561 999
562 664
562 713
562 1012
563 772
564 616
564 935
564 964
565 842
566 691
566 692
566 713
566 956
567 583
567 647
567 904
568 576
568 630
568 918
569 575
569 624
569 697
569 747
569 814
569 837
569 981
570 580
570 634
570 954
571 792
572 612
572 953
573 825
573 864
573 1008
574 893
575 687
576 647
576 816
576 869
576 967
576 1016
577 578
577 615
577 625
577 693
577 797
577 811
577 1005
577 1010
578 994
579 586
580 729
581 876
581 906
582 909
582 960
584 662
584 765
585 647
585 665
585 908
586 717
586 779
587 647
587 868
588 955
588 967
589 703
589 947
591 933
592 821
592 895
593 895
594 647
595 675
596 890
596 980
597 861
597 889
599 639
599 695
599 847
601 717
602 713
602 825
602 891
603 646
604 819
606 849
606 853
606 910
606 952
607 1003
608 622
608 797
609 1017
610 784
612 679
613 759
614 767
615 682
615 908
616 644
616 725
616 960
617 734
617 1021
618 901
618 1009
619 960
620 836
620 864
620 905
620 956
621 695
621 714
621 772
623 641
623 749
623 807
624 632
624 875
624 939
625 690
625 715
625 778
625 783
625 837
625 839
625 845
625 855
625 872
625 875
626 627
626 630
626 642
626 783
627 710
627 731
627 763
627 857
628 861
629 888
629 1016
630 719
630 820
630 982
632 771
632 784
632 908
634 1015
635 742
635 1020
636 936
637 729
637 970
638 673
639 716
639 717
639 764
639 907
640 957
641 715
641 977
641 993
642 968
643 798
643 871
643 898
644 971
645 694
647 716
647 1006
650 781
650 816
650 944
651 862
653 868
655 979
655 1013
656 700
656 797
656 985
657 658
658 733
660 889
663 713
664 685
664 871
664 1022
665 1015
666 762
666 941
667 715
669 701
669 733
669 885
669 895
670 806
670 887
672 797
672 809
673 716
673 804
674 712
675 778
676 734
677 722
678 694
678 769
678 823
678 998
679 685
679 750
679 763
681 707
681 882
682 751
682 930
683 773
683 932
684 935
685 723
685 759
685 892
686 781
689 1012
692 797
693 729
694 727
694 749
694 795
694 968
695 789
695 875
695 986
695 1014
696 744
697 840
697 907
699 771
699 876
699 977
700 877
701 739
702 946
703 747
703 883
703 1006
704 820
705 714
705 723
705 847
705 1002
706 766
706 806
707 749
707 950
709 1022
710 767
712 768
712 779
712 927
713 918
713 1021
714 731
714 780
715 799
715 1011
717 1015
718 750
718 982
719 740
719 810
719 1004
720 721
720 932
721 765
722 799
722 860
722 866
722 892
723 764
723 991
724 730
724 758
724 762
724 1007
726 848
726 967
727 769
727 770
727 828
728 817
729 792
729 799
730 855
732 811
732 879
732 893
732 943
734 760
734 884
734 939
735 769
735 776
735 783
735 852
737 799
738 756
741 778
742 835
742 974
743 748
743 803
743 987
745 791
745 876
747 922
748 863
748 901
748 1012
749 933
749 1018
750 868
750 950
751 898
753 888
754 830
754 945
754 974
755 912
757 761
757 956
758 959
760 979
761 863
763 902
763 922
765 863
765 891
765 1013
768 797
768 808
769 863
770 853
770 947
771 1016
773 996
775 871
776 923
776 958
776 975
777 933
780 841
781 982
785 1020
788 1005
790 880
790 934
792 801
792 859
792 977
792 992
793 834
794 927
794 996
795 915
796 810
797 819
797 822
797 873
797 907
797 961
798 928
799 998
802 860
803 932
804 839
804 856
804 978
805 816
806 906
807 917
807 1016
808 833
808 842
809 853
809 872
810 1015
811 847
811 943
811 973
813 874
813 940
815 894
816 933
817 991
818 819
822 983
823 973
825 1013
826 883
826 982
828 837
828 872
828 925
829 941
829 988
830 897
830 911
831 862
832 992
835 841
835 891
836 931
836 934
836 1015
837 865
838 906
838 934
843 897
843 917
846 877
846 1013
847 894
847 983
848 987
849 989
851 867
856 946
857 881
858 910
858 959
860 898
863 885
870 919
870 956
870 985
872 888
873 885
874 896
876 1004
884 900
884 992
885 930
885 971
891 1021
892 905
899 987
900 964
901 922
902 958
902 975
903 917
904 1018
906 969
908 1012
909 973
909 981
912 957
914 950
915 951
916 999
919 964
921 972
926 986
929 955
939 1001
952 961
952 979
955 1017
956 1000
958 1002
959 980
962 994
964 971
968 990
969 977
970 982
975 996
984 1023
989 991
1014 1021
