0 34
0 35
0 94
0 115
0 116
0 133
0 245
0 258
0 291
0 334
0 356
0 380
0 474
0 505
1 19
1 28
1 47
1 87
1 195
1 207
1 212
1 214
1 226
1 231
1 234
1 323
1 493
1 499
1 501
2 29
2 85
2 117
2 279
2 292
2 298
2 326
2 334
2 381
2 445
2 506
3 49
3 51
3 54
3 145
3 214
3 270
3 332
3 388
3 394
3 443
3 447
4 79
4 91
4 111
4 124
4 152
4 158
4 204
4 227
4 261
4 270
4 279
4 310
4 372
4 379
4 462
5 35
5 110
5 125
5 147
5 214
5 436
5 446
5 454
5 464
6 11
6 105
6 354
6 356
6 362
6 392
6 398
7 98
7 125
7 239
7 242
7 247
7 366
7 408
7 426
7 477
7 493
8 38
8 129
8 139
8 224
8 243
8 255
8 303
8 308
8 319
8 343
8 406
8 423
8 466
8 506
9 27
9 40
9 52
9 62
9 104
9 115
9 145
9 150
9 246
9 310
9 325
9 364
9 382
9 388
9 443
9 445
9 455
10 94
10 119
10 199
10 238
10 288
10 321
10 328
10 344
10 365
10 436
10 463
11 117
11 185
11 208
11 223
11 281
11 303
11 370
11 372
11 400
11 428
11 498
11 504
12 57
12 90
12 138
12 210
12 328
13 48
13 85
13 129
13 139
13 160
13 176
13 182
13 183
13 248
13 251
13 283
13 297
13 308
13 442
13 467
13 497
13 510
14 33
14 47
14 76
14 128
14 171
14 224
14 241
14 248
14 314
14 345
14 348
14 379
14 385
14 414
14 416
15 104
15 113
15 116
15 127
15 239
15 287
15 325
15 341
15 342
15 361
15 384
15 389
15 400
15 470
15 484
15 495
16 40
16 69
16 90
16 178
16 189
16 224
16 249
16 296
16 348
16 409
16 411
16 450
16 471
16 484
17 36
17 61
17 189
17 368
17 416
17 430
17 451
18 85
18 104
18 305
18 339
18 342
18 362
18 390
18 424
18 489
18 495
19 234
19 276
19 360
20 90
20 109
20 131
20 173
20 207
20 224
20 232
20 233
20 259
20 267
20 322
20 333
20 339
20 365
20 403
20 460
20 462
20 481
21 33
21 56
21 99
21 128
21 137
21 281
21 331
21 346
21 416
21 436
21 462
21 481
21 490
22 53
22 57
22 62
22 89
22 102
22 146
22 167
22 174
22 220
22 234
22 302
22 328
22 346
22 370
22 495
23 119
23 137
23 186
23 277
23 433
23 458
23 468
24 40
24 150
24 196
24 260
24 284
24 384
24 427
25 34
25 88
25 89
25 171
25 254
25 329
25 345
25 356
25 443
26 62
26 107
26 111
26 128
26 198
26 199
26 229
26 245
26 290
26 312
26 318
26 334
26 388
26 429
26 431
26 433
26 447
26 506
27 46
27 85
27 142
27 159
27 191
27 193
27 205
27 269
27 280
27 294
27 322
27 401
27 402
27 414
27 436
27 458
27 478
27 496
28 68
28 132
28 176
28 253
28 272
28 346
28 433
28 441
28 468
29 74
29 107
29 186
29 234
29 269
29 288
29 310
30 34
30 51
30 130
30 371
30 381
30 391
30 392
30 417
30 425
30 430
30 459
30 503
31 44
31 46
31 60
31 145
31 150
31 197
31 234
31 246
31 408
31 470
32 36
32 122
32 133
32 182
32 259
32 297
32 316
32 404
32 414
32 472
32 502
33 41
33 61
33 99
33 110
33 167
33 202
33 249
33 264
33 369
33 382
33 500
34 116
34 162
34 238
34 270
34 302
34 321
34 338
34 353
34 436
34 461
34 488
35 61
35 139
35 169
35 219
35 226
35 242
35 305
35 312
35 336
35 357
35 388
35 402
36 122
36 123
36 179
36 186
36 195
36 217
36 219
36 265
36 284
36 315
36 459
37 54
37 73
37 90
37 95
37 147
37 151
37 177
37 204
37 274
37 288
37 330
37 438
38 48
38 55
38 198
38 225
38 258
38 332
38 339
38 434
38 490
39 54
39 87
39 105
39 159
39 168
39 217
39 223
39 246
39 300
39 305
39 316
39 318
39 427
40 77
40 83
40 134
40 149
40 248
40 257
40 263
40 355
40 384
40 417
40 427
40 434
40 487
40 506
41 51
41 72
41 78
41 141
41 171
41 174
41 209
41 226
41 301
41 316
41 336
41 361
41 427
41 447
41 500
42 52
42 117
42 127
42 166
42 195
42 227
42 275
42 323
42 369
42 380
42 416
42 450
42 490
43 83
43 102
43 134
43 163
43 185
43 245
43 269
43 280
43 327
43 346
43 418
44 85
44 94
44 99
44 117
44 152
44 261
44 299
44 324
44 376
44 468
44 499
45 113
45 233
45 286
45 510
46 53
46 80
46 131
46 165
46 209
46 255
46 301
46 303
46 440
46 467
47 116
47 266
47 273
47 325
47 380
47 399
47 403
47 427
47 441
47 442
47 448
48 100
48 119
48 222
48 262
48 356
48 370
48 379
48 419
48 448
48 468
48 491
49 60
49 77
49 107
49 163
49 171
49 233
49 304
49 305
49 366
49 435
49 455
50 51
50 88
50 117
50 256
50 294
50 303
50 319
50 328
50 374
50 412
50 435
50 460
50 502
51 63
51 153
51 157
51 216
51 241
51 248
51 344
51 411
51 418
51 496
51 501
52 89
52 134
52 136
52 170
52 174
52 182
52 183
52 197
52 210
52 216
52 232
52 259
52 282
52 296
52 389
52 452
53 140
53 166
53 229
53 334
53 342
53 352
53 356
53 403
53 411
53 430
54 58
54 127
54 244
54 245
54 282
54 297
54 376
54 443
54 467
54 503
54 508
55 78
55 122
55 124
55 230
55 329
55 413
55 414
55 467
55 501
56 70
56 259
56 291
56 306
56 400
56 404
56 421
56 503
57 160
57 225
57 253
57 269
57 302
57 377
57 461
57 463
58 98
58 167
58 202
58 236
58 317
59 123
59 260
59 353
59 437
59 459
60 205
60 215
60 341
60 462
61 224
61 294
61 402
61 486
61 498
62 85
62 117
62 223
62 494
62 497
63 108
63 117
63 131
63 149
63 221
63 255
63 286
63 289
63 325
63 335
64 101
64 107
64 156
64 180
64 211
64 301
64 335
64 414
64 448
64 452
64 479
65 74
65 91
65 94
65 98
65 191
65 247
65 265
65 271
65 300
65 312
65 326
65 354
65 395
65 413
65 436
65 441
65 442
65 494
66 160
66 175
66 208
66 295
66 311
66 321
66 345
66 357
66 382
66 400
66 411
66 438
66 459
66 471
66 503
67 102
67 157
67 197
67 201
67 265
67 267
67 313
67 345
67 474
68 72
68 167
68 202
68 287
68 297
68 300
68 399
68 444
68 453
68 454
69 84
69 89
69 157
69 192
69 195
69 232
69 259
69 267
69 279
69 306
69 353
69 393
69 429
70 97
70 123
70 202
70 250
70 276
70 277
70 295
70 320
70 361
70 362
70 371
70 431
70 465
71 164
71 253
71 269
71 317
71 344
71 417
71 425
71 492
71 497
72 92
72 112
72 137
72 179
72 242
72 257
72 335
72 458
72 468
72 490
73 99
73 198
73 219
73 237
73 267
73 269
73 345
73 349
73 401
73 467
74 82
74 124
74 247
74 254
74 325
74 340
74 421
74 432
74 443
74 445
74 457
74 468
74 491
74 510
75 83
75 105
75 222
75 325
75 346
75 454
75 457
75 465
75 500
76 91
76 117
76 196
76 198
76 206
76 212
76 346
76 353
76 393
76 405
76 467
76 480
76 487
76 501
77 113
77 176
77 182
77 248
77 254
77 357
77 363
77 398
77 402
77 416
78 194
78 207
78 277
78 280
78 303
78 339
78 367
78 510
79 83
79 97
79 105
79 111
79 139
79 160
79 170
79 209
79 238
79 280
79 328
79 361
79 378
79 403
79 407
79 421
79 432
80 88
80 150
80 202
80 261
80 282
80 285
80 294
80 359
80 380
80 499
81 93
81 118
81 151
81 152
81 184
81 257
81 324
81 332
81 388
81 409
81 417
81 457
81 471
82 135
82 137
82 177
82 181
82 210
82 218
82 260
82 323
82 330
82 387
82 398
82 420
82 430
82 438
83 129
83 152
83 165
83 204
83 276
83 303
83 366
83 429
83 451
83 479
83 494
83 510
84 96
84 108
84 142
84 159
84 213
84 240
84 349
84 364
84 379
84 413
84 423
84 482
84 494
85 89
85 105
85 163
85 170
85 190
85 220
85 239
85 382
85 440
85 483
86 97
86 115
86 125
86 330
86 352
86 454
86 477
87 144
87 161
87 183
87 240
87 270
87 292
87 317
87 370
87 442
88 119
88 142
88 149
88 160
88 181
88 193
88 236
88 251
88 305
88 306
88 371
88 372
88 382
88 399
88 404
88 455
88 496
88 505
89 148
89 175
89 191
89 316
89 333
89 351
89 353
89 509
90 99
90 112
90 114
90 158
90 228
90 262
90 344
90 350
90 446
90 458
90 480
91 94
91 113
91 248
91 255
91 317
91 318
91 350
91 367
91 375
91 394
92 182
92 202
92 244
92 246
92 247
92 290
92 344
92 378
92 487
93 159
93 182
93 190
93 209
93 250
93 365
93 373
93 379
93 388
93 421
93 436
93 503
93 509
94 254
94 295
94 318
94 321
94 385
94 431
94 507
95 120
95 139
95 200
95 371
95 382
95 423
95 468
96 98
96 214
96 223
96 250
96 252
96 328
96 423
96 437
96 458
96 492
97 127
97 169
97 249
97 267
97 290
97 307
97 337
97 371
97 429
97 431
97 474
97 502
98 131
98 153
98 170
98 185
98 242
98 377
98 422
98 476
98 477
99 100
99 182
99 217
99 231
99 257
99 262
99 352
99 358
99 409
99 413
99 462
99 498
100 159
100 286
100 299
100 327
100 457
100 467
100 497
101 109
101 121
101 130
101 136
101 180
101 187
101 351
101 373
101 391
101 402
101 407
101 464
102 113
102 122
102 174
102 203
102 243
102 314
102 344
102 369
102 372
102 455
103 111
103 203
103 222
103 295
103 296
103 457
104 121
104 197
104 213
104 236
104 242
104 449
104 495
104 502
105 265
105 311
105 406
105 466
106 109
106 114
106 121
106 191
106 193
106 343
106 348
106 384
106 388
106 404
106 414
106 415
107 116
107 153
107 161
107 261
107 322
107 461
107 498
107 509
108 131
108 134
108 167
108 172
108 202
108 226
108 248
108 265
108 288
108 324
108 350
108 355
108 367
108 379
108 382
108 383
108 395
108 422
108 438
108 449
108 472
108 482
109 159
109 215
109 372
109 395
109 412
109 463
110 181
110 188
110 201
110 256
110 315
110 318
110 401
110 415
110 468
110 507
111 123
111 134
111 189
111 228
111 234
111 320
111 324
111 328
111 375
111 436
112 160
112 169
112 204
112 228
112 234
112 264
112 267
112 269
112 293
112 303
112 328
112 355
112 405
112 419
112 438
112 448
112 456
112 469
112 474
113 129
113 131
113 173
113 204
113 309
113 368
113 372
113 379
113 432
113 443
113 472
113 486
114 179
114 256
114 295
114 325
114 361
114 407
114 508
115 176
115 184
115 186
115 203
115 243
115 428
115 455
115 468
115 503
116 211
116 255
116 257
116 281
116 360
116 387
116 424
116 448
116 493
117 142
117 168
117 210
117 228
117 237
117 254
117 280
117 320
117 324
117 326
117 349
117 422
117 483
118 237
118 254
118 259
118 275
118 279
118 354
118 400
118 408
118 415
118 444
119 127
119 213
119 249
119 278
119 317
119 346
119 380
119 381
119 402
119 450
119 471
119 480
119 497
119 501
120 158
120 247
120 306
120 328
120 331
120 399
120 422
120 499
121 204
121 206
121 213
121 217
121 223
121 240
121 269
121 278
121 300
121 441
121 487
122 205
122 308
122 318
122 321
122 347
122 384
122 440
123 142
123 165
123 287
123 329
123 346
123 361
123 373
123 374
123 447
123 457
123 469
123 490
124 138
124 202
124 212
124 216
124 238
124 263
124 319
124 329
124 339
124 393
124 400
124 413
125 203
125 257
125 341
125 363
125 409
125 440
125 483
125 492
125 511
126 162
126 200
126 254
126 271
126 275
126 302
126 392
126 395
126 396
127 137
127 184
127 267
127 322
127 346
127 491
127 497
128 158
128 216
128 217
128 240
128 252
128 253
128 276
128 296
128 338
128 349
128 389
128 471
129 147
129 265
129 266
129 296
129 304
129 406
129 408
129 476
129 477
130 146
130 298
130 343
130 346
130 368
131 195
131 237
131 288
131 349
131 350
131 408
131 500
131 507
132 325
132 369
132 398
132 411
133 142
133 150
133 155
133 163
133 173
133 176
133 278
133 350
133 464
133 476
133 507
134 252
134 270
134 285
134 310
134 401
134 424
134 425
134 501
134 504
135 180
135 242
135 268
135 322
135 341
135 358
135 359
135 398
135 473
135 492
136 171
136 191
136 200
136 204
136 208
136 233
136 297
136 346
136 437
136 454
137 188
137 201
137 228
137 264
137 300
137 332
137 340
137 378
138 223
138 237
138 242
138 278
138 313
138 314
138 324
138 327
138 353
138 384
138 412
138 454
138 466
139 198
139 202
139 295
139 311
139 330
139 332
139 425
139 436
139 455
139 511
140 156
140 165
140 190
140 248
140 340
140 365
140 369
140 379
140 389
140 392
140 450
140 506
141 159
141 207
141 221
141 225
141 229
141 346
141 377
141 390
141 394
141 405
142 153
142 266
142 340
142 372
142 377
142 381
142 416
142 454
142 456
142 462
142 497
142 508
143 158
143 162
143 163
143 239
143 260
143 275
143 344
143 345
143 347
143 359
143 404
144 199
144 287
144 304
144 319
144 475
144 489
145 195
145 197
145 239
145 271
145 376
145 388
145 448
145 494
146 156
146 207
146 408
146 418
146 429
146 495
147 241
147 314
147 320
147 415
147 448
147 470
147 493
148 180
148 251
148 305
148 311
148 366
148 389
148 391
148 394
148 400
148 426
148 428
148 431
148 447
148 483
149 168
149 209
149 223
149 475
149 511
150 346
150 357
150 426
151 260
151 266
151 273
151 286
151 343
151 394
151 397
151 398
151 413
151 415
151 468
151 483
152 181
152 193
152 199
152 209
152 279
152 300
152 374
152 424
152 455
153 232
153 246
153 320
153 357
154 222
154 297
154 381
154 448
154 460
154 507
155 170
155 180
155 207
155 341
155 365
155 440
155 485
155 488
156 264
156 351
156 407
156 414
157 177
157 207
157 246
157 326
157 367
157 416
157 454
157 462
157 478
157 486
158 172
158 188
158 234
158 246
158 286
158 299
158 371
158 468
159 356
160 174
160 184
160 268
160 334
160 386
160 394
160 433
160 458
160 471
161 187
161 204
161 250
161 298
161 412
161 427
161 452
161 501
162 164
162 170
162 181
162 234
162 238
162 269
162 290
162 354
162 383
162 404
162 415
162 434
162 502
162 508
163 227
163 335
163 365
163 445
163 476
164 239
164 253
164 263
164 296
164 301
164 359
164 372
164 452
164 505
164 508
165 204
165 216
165 219
165 249
165 257
165 281
165 289
165 320
165 365
165 377
165 380
165 401
165 404
165 420
165 449
165 483
166 183
166 207
166 260
166 269
166 274
166 296
166 301
166 303
166 380
166 392
166 401
166 505
166 511
167 286
167 287
167 296
167 328
167 335
167 402
167 416
167 423
167 480
168 211
168 221
168 229
168 247
168 283
168 326
168 371
168 383
168 384
168 413
168 460
168 506
169 207
169 223
169 257
169 263
169 304
169 324
169 346
169 356
169 360
169 373
169 409
169 453
169 472
169 493
169 506
170 180
170 219
170 275
170 297
170 340
170 373
170 491
171 196
171 205
171 274
171 291
171 303
171 330
171 348
171 421
171 467
171 494
172 189
172 201
172 227
172 229
172 237
172 273
172 304
172 306
172 326
172 366
172 496
173 205
173 298
173 340
173 426
173 458
173 464
173 483
174 179
174 239
174 266
174 291
174 295
174 375
174 398
174 402
174 464
174 476
174 508
175 368
175 369
175 371
175 372
175 417
175 442
175 481
175 492
175 511
176 191
176 263
176 265
176 270
176 272
176 313
176 325
176 371
176 392
176 416
176 456
177 187
177 278
177 371
177 375
177 459
178 179
178 181
178 185
178 205
178 287
178 302
178 336
178 389
178 438
179 193
179 244
179 325
179 330
179 414
179 421
179 454
179 458
179 478
179 496
179 498
180 197
180 217
180 303
180 319
180 327
180 349
180 369
181 196
181 258
181 263
181 266
181 285
181 361
181 396
181 425
181 451
181 467
181 511
182 183
182 186
182 190
182 294
182 324
182 415
182 434
182 491
183 184
183 306
183 314
183 362
183 364
183 373
183 385
183 415
183 428
183 452
183 483
183 497
184 246
184 262
184 306
184 423
184 424
184 482
185 197
185 225
185 263
185 300
185 354
185 421
185 428
185 493
186 189
186 251
186 268
186 332
186 345
186 371
186 378
186 410
186 467
187 221
187 304
187 313
187 348
187 352
187 356
187 360
187 379
187 396
187 447
187 455
187 500
188 199
188 270
188 271
188 334
188 346
188 382
188 400
189 208
189 275
189 279
189 281
189 327
189 347
189 439
189 456
189 490
189 491
189 505
190 350
190 406
190 411
190 454
191 218
191 240
191 241
191 278
191 288
191 300
191 303
191 347
191 348
191 405
191 470
191 508
192 216
192 238
192 282
192 320
192 445
193 250
193 348
193 354
193 420
194 252
194 254
194 260
194 281
194 282
194 300
194 374
194 403
194 465
194 488
195 433
195 434
195 435
195 445
195 464
195 467
196 199
196 215
196 223
196 295
196 366
196 434
196 460
196 477
197 210
197 212
197 325
197 394
197 502
198 212
198 220
198 233
198 257
198 383
198 400
198 412
199 223
199 224
199 225
199 226
199 278
199 319
199 371
199 388
199 405
199 436
199 485
200 210
200 211
200 257
200 281
200 327
200 335
200 382
200 417
200 424
200 425
200 444
200 472
200 491
201 218
201 318
201 427
201 472
201 493
201 510
202 311
202 335
202 365
202 377
202 379
202 473
202 506
203 224
203 294
203 296
203 385
203 402
203 499
203 511
204 224
204 228
204 251
204 301
204 431
204 452
204 481
205 234
205 300
205 331
205 390
205 478
205 485
205 504
206 342
206 402
206 415
206 460
206 469
206 479
207 316
207 394
207 441
207 489
208 328
208 488
208 507
209 371
209 380
209 382
209 460
209 490
209 500
210 239
210 275
210 307
210 327
210 337
210 454
211 314
211 332
211 371
211 395
211 475
212 250
212 251
212 252
212 301
212 338
212 373
212 433
212 446
212 470
212 483
213 314
213 363
213 366
213 383
213 407
213 443
213 492
214 224
214 265
214 312
214 355
214 370
214 381
214 440
214 443
214 483
215 254
215 451
215 454
216 228
216 276
216 321
216 328
216 412
216 437
216 483
217 271
217 277
217 300
217 309
217 321
217 339
217 369
217 371
217 494
218 258
218 282
218 316
218 348
218 351
218 480
219 230
219 263
219 279
219 320
219 328
219 407
219 419
219 465
219 488
219 502
220 230
220 303
220 307
220 325
220 362
220 378
220 432
221 291
221 294
221 503
222 298
222 312
222 347
222 366
222 448
222 458
222 492
223 349
223 379
223 471
224 227
224 339
224 440
224 509
225 290
225 294
225 315
225 342
225 379
225 380
225 400
225 505
225 507
226 291
226 302
226 313
226 320
226 323
226 326
226 373
226 396
226 430
227 238
227 241
227 281
227 352
227 425
227 460
227 464
228 449
228 465
229 261
229 284
229 293
229 300
229 360
229 386
229 387
229 401
229 433
229 497
230 284
230 352
230 407
230 413
230 474
230 476
230 484
230 497
230 498
231 234
231 270
231 293
231 349
231 350
231 434
231 452
232 235
232 258
232 286
232 492
233 293
233 361
233 431
233 438
233 504
234 273
234 295
234 331
234 402
234 425
234 460
234 482
235 265
235 286
235 288
235 338
235 340
235 356
235 399
235 425
235 481
236 241
236 261
236 312
236 330
236 367
236 427
236 432
237 239
237 258
237 279
237 286
237 307
237 349
237 384
237 404
237 447
238 277
238 315
238 378
238 379
238 489
239 277
239 288
239 298
239 301
239 378
239 385
239 465
240 367
240 371
240 389
240 456
240 474
240 489
241 365
241 377
241 510
242 474
243 264
243 309
243 318
243 345
243 352
243 419
243 436
243 448
243 471
244 264
244 362
244 446
244 499
245 267
245 268
245 271
245 281
245 327
245 396
245 469
245 485
246 260
246 335
246 366
246 380
246 392
246 404
246 408
246 474
247 313
247 365
247 407
247 434
248 278
248 280
248 289
248 319
248 397
248 428
249 275
249 324
249 345
249 347
249 366
249 422
249 429
249 453
249 494
250 288
250 341
250 369
250 381
250 400
250 467
250 506
251 325
251 456
252 262
252 319
252 351
252 387
252 433
252 445
252 481
252 493
253 290
253 302
253 303
253 345
253 404
253 414
253 425
253 509
254 285
254 455
254 487
255 320
255 334
255 386
255 423
255 425
255 499
256 297
256 382
256 387
256 441
257 286
257 290
257 328
257 331
257 351
257 366
257 416
257 423
257 439
257 509
258 342
258 377
258 498
259 270
259 345
259 349
259 350
259 439
259 442
260 263
260 335
260 447
260 472
260 489
261 262
261 270
261 318
261 324
261 402
261 435
261 454
261 469
261 494
262 264
262 275
262 282
262 300
262 349
262 361
262 384
262 387
262 449
262 482
262 483
262 486
263 281
263 288
263 314
263 318
263 327
263 329
263 337
263 350
263 367
263 399
263 404
263 470
263 472
263 480
264 274
264 318
264 336
264 348
264 421
264 467
264 496
265 323
265 325
265 361
265 370
265 443
265 474
266 396
266 400
266 484
266 485
267 270
267 322
267 405
267 503
268 281
268 404
268 480
269 318
269 417
269 436
269 506
270 387
270 397
270 406
270 430
270 432
270 437
271 314
271 352
271 414
271 510
272 316
272 335
272 337
272 505
273 292
273 302
273 306
273 461
273 480
274 306
274 376
274 387
274 413
274 425
274 438
274 495
275 347
275 362
275 438
275 455
275 495
276 287
276 367
276 378
276 416
276 421
276 492
277 309
277 359
277 374
277 485
277 486
278 310
278 321
278 445
278 457
278 470
278 486
278 499
278 511
279 297
279 358
279 420
279 446
279 456
279 493
279 495
279 498
280 309
280 317
280 321
280 331
280 354
280 359
280 379
280 418
280 427
281 329
281 371
281 463
281 469
281 489
282 316
282 361
282 403
282 467
283 293
283 303
283 333
283 350
283 420
283 458
283 481
284 316
284 331
284 335
284 369
284 404
284 410
284 450
284 489
284 499
285 292
285 390
285 408
285 436
285 466
285 472
286 327
286 471
287 306
287 322
287 334
287 381
287 393
287 423
287 434
288 302
288 313
288 406
288 422
288 504
289 353
289 398
289 413
289 418
289 440
289 483
289 495
290 301
290 325
290 443
290 474
291 348
291 390
291 432
291 440
291 477
291 482
292 321
292 359
292 381
292 417
292 429
292 462
293 320
293 382
293 390
293 497
294 295
294 335
294 352
294 367
294 401
294 451
294 474
295 325
295 351
295 483
295 505
296 433
296 436
297 408
297 476
298 302
298 349
298 374
298 411
298 422
298 425
298 502
298 504
299 318
299 400
299 431
299 452
299 477
299 478
300 320
300 402
300 423
300 435
300 444
301 340
301 399
301 407
302 338
302 413
302 459
303 345
303 361
303 379
303 412
303 441
303 455
303 498
304 368
304 396
304 404
304 418
304 425
304 452
305 330
305 387
306 310
306 331
306 373
306 376
306 405
306 437
306 468
307 342
307 405
307 439
308 343
309 339
309 428
309 431
309 470
309 501
309 507
310 370
310 390
310 395
310 485
311 323
311 337
311 359
311 398
311 406
311 459
311 474
311 496
312 436
312 439
312 450
312 508
313 400
313 401
313 409
313 495
314 438
315 411
315 451
315 455
316 327
316 335
316 367
316 425
316 457
317 383
317 395
317 405
317 406
317 422
317 456
318 337
318 338
318 361
318 383
318 431
318 433
318 458
318 473
319 335
319 339
319 432
319 435
319 469
319 485
320 327
320 472
321 461
321 467
321 473
321 507
322 335
322 414
323 362
323 450
323 479
324 351
324 359
324 416
324 428
324 484
324 496
324 506
324 508
325 472
325 495
325 497
325 510
326 359
326 377
326 381
326 388
326 416
326 427
327 348
327 387
327 406
327 451
328 336
328 393
328 398
328 420
328 439
328 450
329 484
330 397
330 428
331 333
331 335
331 343
331 371
331 391
331 411
332 416
332 450
333 340
333 356
333 396
333 453
333 475
333 510
334 359
334 432
334 479
335 387
335 400
335 465
335 491
335 503
336 347
336 453
336 499
337 347
337 352
337 379
337 385
337 392
337 436
338 422
338 431
338 433
338 443
338 463
339 351
339 430
339 443
339 505
340 404
340 458
340 489
341 383
341 435
341 474
341 510
342 348
342 362
342 451
342 455
342 469
343 406
343 437
343 444
343 452
343 489
343 499
344 394
344 435
344 479
345 424
345 450
345 480
346 379
346 430
347 409
347 416
347 421
347 431
347 450
347 480
348 416
349 370
349 419
349 466
349 470
349 477
349 491
349 500
350 371
350 449
350 452
350 469
350 480
350 500
350 504
351 411
351 418
352 384
352 435
352 440
352 442
352 463
353 382
353 384
353 391
353 395
353 415
353 431
353 442
353 446
353 448
353 510
354 360
354 506
355 432
355 442
355 485
356 436
356 450
356 462
356 479
357 382
357 426
357 460
357 466
357 482
358 378
358 422
358 431
358 439
358 475
359 440
359 452
359 487
360 367
360 368
360 383
360 493
361 467
362 386
362 394
362 403
363 380
363 487
364 390
364 508
365 385
365 389
365 409
365 427
366 367
366 369
366 458
366 471
367 446
367 508
367 510
368 401
368 425
368 489
369 411
369 461
369 491
369 500
370 395
371 377
371 388
371 427
371 465
372 378
372 434
372 454
372 477
372 480
373 381
373 436
373 464
373 488
374 377
374 501
375 430
375 433
375 452
375 480
375 492
375 508
376 426
376 446
376 467
377 420
377 441
377 468
378 397
378 402
378 419
378 464
378 469
378 479
379 408
379 430
379 437
379 438
380 385
380 495
381 423
381 474
381 496
381 508
382 419
382 475
383 384
383 413
383 430
383 452
384 414
384 465
384 483
385 414
385 423
386 402
386 428
386 478
387 407
387 416
387 430
388 415
388 436
388 503
388 508
389 423
389 450
390 398
390 404
390 441
390 442
390 444
390 466
390 477
390 488
391 445
391 495
392 393
392 417
392 455
392 469
392 485
393 403
393 498
394 417
394 422
394 506
395 422
395 434
395 441
395 454
396 433
396 436
396 456
396 487
397 454
397 507
398 424
398 440
399 481
399 504
400 465
400 503
401 450
401 483
401 508
402 426
402 433
402 458
402 488
402 490
402 495
403 431
404 436
404 437
404 503
405 506
405 511
407 470
407 494
408 427
408 436
409 423
410 433
410 448
410 460
410 466
410 497
411 466
411 480
411 484
412 481
412 502
413 444
413 480
413 507
414 417
415 431
415 434
415 446
415 455
415 461
416 422
416 453
416 465
417 461
417 500
418 420
418 454
419 458
420 453
420 461
420 486
421 446
421 479
421 503
422 462
422 506
423 449
423 483
423 501
425 441
425 462
425 474
425 507
426 428
426 452
426 499
427 442
427 484
428 457
429 501
430 436
430 467
430 475
431 439
432 461
432 465
433 437
433 466
433 479
434 436
434 509
435 453
435 470
437 445
437 465
438 475
438 499
439 446
439 509
440 472
440 473
441 474
441 501
442 483
442 486
443 462
444 481
445 476
445 506
446 477
447 458
447 483
448 467
448 474
448 495
449 464
451 479
451 497
453 462
454 486
454 487
455 500
456 465
457 496
458 486
458 508
459 475
460 482
461 492
464 478
464 494
464 499
464 505
466 478
466 498
466 510
467 482
467 508
468 508
468 511
471 480
473 491
473 502
474 488
474 505
475 510
478 497
478 504
478 508
479 502
480 497
480 508
482 487
483 487
483 496
484 500
486 492
487 496
487 508
488 494
489 503
