0 38
0 64
0 83
0 86
0 188
0 230
0 270
0 329
1 21
1 55
1 83
1 100
1 105
1 113
1 153
1 161
1 169
1 197
1 269
1 281
1 334
1 427
1 454
1 464
2 10
2 49
2 157
2 195
2 256
2 269
2 272
2 308
2 313
2 348
2 355
2 371
2 444
3 32
3 107
3 111
3 128
3 197
3 249
3 276
3 297
3 355
3 378
3 398
3 402
4 41
4 69
4 103
4 137
4 185
4 209
4 219
4 257
4 377
4 387
4 428
4 474
4 490
5 12
5 16
5 47
5 63
5 75
5 139
5 231
5 247
5 257
5 324
5 336
5 403
5 427
5 444
5 502
6 49
6 60
6 89
6 199
6 214
6 357
6 358
7 129
7 140
7 143
7 224
7 304
7 337
7 451
7 509
8 158
8 167
8 183
8 197
8 265
8 275
8 311
8 321
8 405
8 439
8 473
8 474
8 480
8 483
8 492
9 19
9 23
9 38
9 78
9 94
9 134
9 179
9 215
9 227
9 285
9 330
9 343
9 344
9 348
9 360
9 362
9 389
9 396
9 409
9 446
10 96
10 104
10 108
10 119
10 225
10 313
10 317
10 326
10 375
10 376
10 418
10 435
10 477
11 35
11 134
11 176
11 184
11 258
11 273
11 288
11 322
11 450
11 508
12 65
12 121
12 134
12 172
12 216
12 250
12 251
12 256
12 264
12 278
12 312
12 325
12 332
12 342
12 343
12 346
12 445
12 456
12 468
12 506
13 69
13 93
13 193
13 288
13 334
13 361
13 399
13 410
13 422
13 446
13 477
13 480
13 499
14 30
14 55
14 92
14 97
14 233
14 283
14 296
14 343
14 349
14 370
14 410
14 443
14 451
15 31
15 65
15 75
15 88
15 96
15 98
15 238
15 301
15 373
15 381
15 412
15 481
16 59
16 70
16 76
16 141
16 245
16 261
16 267
16 304
16 308
16 348
16 357
16 401
16 433
16 465
16 506
17 22
17 36
17 40
17 62
17 87
17 179
17 250
17 374
17 394
17 466
18 27
18 167
18 178
18 265
18 267
18 395
18 443
18 475
18 510
19 52
19 60
19 83
19 164
19 220
19 349
19 353
19 441
19 452
19 457
19 472
19 483
19 485
20 28
20 38
20 47
20 134
20 150
20 174
20 240
20 245
20 271
20 275
20 277
20 282
20 319
20 349
20 354
20 372
20 374
20 382
20 387
20 456
20 478
20 481
20 498
21 30
21 33
21 53
21 73
21 85
21 102
21 124
21 137
21 181
21 388
21 465
21 506
22 23
22 43
22 82
22 115
22 142
22 155
22 227
22 249
22 260
22 299
22 302
22 310
22 395
22 397
22 435
22 473
22 477
22 491
22 493
23 53
23 71
23 107
23 132
23 133
23 182
23 199
23 202
23 223
23 267
23 286
23 319
23 371
23 381
23 429
23 460
23 466
23 482
24 65
24 80
24 149
24 162
24 200
24 226
24 314
24 317
24 327
24 372
24 393
24 424
24 441
24 460
24 504
25 78
25 115
25 139
25 229
25 328
25 358
25 381
25 388
25 402
25 502
26 54
26 60
26 88
26 112
26 118
26 173
26 217
26 254
26 314
26 340
26 389
26 409
26 467
26 472
26 473
26 483
26 507
27 38
27 67
27 81
27 100
27 130
27 133
27 244
27 308
27 351
27 371
28 77
28 108
28 187
28 217
28 222
28 260
28 276
28 334
28 342
28 387
29 91
29 138
29 202
29 209
29 231
29 274
29 337
30 43
30 122
30 123
30 138
30 168
30 173
30 191
30 236
30 246
30 251
30 254
30 301
30 309
30 347
30 408
30 429
30 478
31 47
31 92
31 98
31 170
31 219
31 310
31 312
31 317
31 324
31 330
31 367
31 379
31 402
31 462
31 497
31 505
32 75
32 133
32 163
32 192
32 218
32 307
32 311
32 316
32 351
32 352
32 396
32 425
32 439
33 109
33 123
33 147
33 152
33 157
33 260
33 294
33 335
33 369
33 391
33 497
34 54
34 206
34 262
34 295
34 338
35 63
35 144
35 158
35 166
35 170
35 292
35 337
35 347
35 372
35 375
35 457
35 461
35 467
36 44
36 117
36 128
36 172
36 204
36 222
36 348
36 361
36 362
36 400
37 74
37 80
37 137
37 230
37 237
37 267
37 270
37 301
37 338
37 403
37 413
37 414
37 437
37 449
38 120
38 191
38 235
38 280
38 341
38 368
38 371
38 462
39 63
39 70
39 82
39 184
39 228
39 250
39 267
39 282
39 298
39 311
39 352
39 386
39 424
39 500
40 146
40 200
40 206
40 213
40 219
40 296
40 313
40 336
40 364
40 404
40 430
40 433
40 472
41 101
41 221
41 222
41 367
41 373
41 404
41 434
41 444
41 457
42 109
42 127
42 166
42 173
42 180
42 209
42 266
42 284
42 291
42 313
42 343
42 451
42 452
42 499
43 183
43 230
43 252
43 336
43 371
43 381
43 384
43 412
43 439
43 440
43 474
43 499
44 163
44 265
44 271
44 372
44 413
44 443
44 499
44 506
45 163
45 204
45 215
45 265
45 313
45 347
45 416
45 477
46 61
46 68
46 70
46 81
46 102
46 174
46 175
46 191
46 219
46 306
46 380
46 398
46 416
46 439
46 452
46 476
46 484
47 68
47 124
47 218
47 232
47 285
47 308
47 319
47 326
47 361
47 429
47 482
48 52
48 161
48 173
48 215
48 318
48 343
48 427
48 447
49 52
49 70
49 201
49 232
49 237
49 247
49 256
49 259
49 353
49 358
49 359
49 419
49 427
49 467
49 484
49 489
50 60
50 75
50 102
50 219
50 242
50 246
50 310
50 326
50 340
50 386
50 405
50 416
50 433
50 452
51 68
51 108
51 115
51 127
51 150
51 201
51 256
51 294
51 314
51 326
51 342
51 372
51 392
51 417
51 423
52 88
52 123
52 167
52 179
52 194
52 218
52 231
52 236
52 302
52 312
52 365
52 366
52 404
52 411
52 443
52 463
53 55
53 67
53 108
53 115
53 168
53 181
53 204
53 224
53 232
53 256
53 316
53 324
53 339
53 430
53 451
53 490
54 169
54 225
54 402
54 406
54 485
54 488
55 96
55 157
55 193
55 204
55 264
55 270
55 287
55 295
55 310
55 507
56 148
56 257
56 279
56 287
56 297
56 307
56 320
56 363
56 414
56 455
57 79
57 85
57 101
57 142
57 150
57 256
57 276
57 289
57 297
57 352
57 358
57 386
57 414
57 439
57 451
57 483
57 487
58 173
58 206
58 209
58 320
58 339
58 369
58 430
58 484
59 105
59 175
59 212
59 225
59 243
59 245
59 251
59 353
59 390
59 392
59 394
59 463
59 490
60 76
60 123
60 242
60 279
60 283
60 287
60 290
60 368
60 381
60 395
60 478
61 66
61 68
61 125
61 130
61 157
61 172
61 209
61 261
61 291
61 339
61 362
61 383
61 409
61 444
61 460
62 81
62 179
62 181
62 200
62 206
62 219
62 223
62 238
62 262
62 301
62 314
62 336
62 428
62 469
62 511
63 118
63 122
63 152
63 157
63 180
63 255
63 264
63 292
63 330
63 346
63 377
63 381
63 480
64 77
64 275
64 315
64 323
64 482
64 492
65 102
65 111
65 136
65 167
65 183
65 192
65 218
65 233
65 292
65 298
65 312
65 340
65 360
65 374
65 475
65 490
65 503
66 74
66 98
66 122
66 153
66 194
66 197
66 259
66 312
66 361
67 84
67 93
67 135
67 250
67 251
67 283
67 290
67 298
67 305
67 330
67 363
67 380
67 418
67 445
68 120
68 139
68 149
68 165
68 176
68 310
68 312
68 352
68 387
69 137
69 141
69 154
69 177
69 181
69 225
69 293
69 296
69 302
69 354
69 356
69 382
69 390
69 420
69 443
69 446
70 108
70 121
70 181
70 194
70 249
70 413
71 81
71 138
71 142
71 144
71 187
71 218
71 242
71 245
71 289
71 316
71 322
71 355
71 356
71 357
71 368
71 416
71 492
71 507
72 93
72 137
72 140
72 178
72 213
72 238
72 284
72 419
72 451
73 83
73 96
73 112
73 116
73 129
73 199
73 267
73 283
73 330
73 355
73 370
73 379
73 409
73 424
74 83
74 85
74 109
74 130
74 166
74 169
74 205
74 267
74 268
74 297
74 319
74 329
74 384
74 387
74 416
74 423
74 440
74 493
74 506
75 88
75 151
75 152
75 223
75 287
75 312
75 337
75 381
75 386
75 423
75 467
75 472
75 473
75 500
76 85
76 169
76 196
76 284
76 301
76 307
76 374
76 388
76 458
76 500
77 99
77 107
77 177
77 229
77 338
77 372
77 423
77 439
78 145
78 202
78 218
78 238
78 247
78 328
78 383
78 387
78 422
78 477
79 231
79 260
79 397
79 440
80 97
80 99
80 106
80 124
80 130
80 213
80 254
80 295
80 396
80 505
80 507
81 155
81 164
81 253
81 307
81 313
81 329
81 349
81 364
81 400
81 436
81 469
81 485
81 507
82 94
82 103
82 172
82 271
82 369
82 435
82 470
83 106
83 183
83 186
83 247
83 255
83 271
83 342
83 382
83 385
83 403
83 509
84 120
84 233
84 270
84 290
84 413
84 423
84 501
85 216
85 288
85 307
85 347
85 457
85 477
85 488
86 109
86 112
86 125
86 140
86 168
86 214
86 329
86 330
86 398
86 407
86 450
86 489
86 492
87 191
87 195
87 201
87 260
87 268
87 499
88 214
88 217
88 260
88 275
88 337
88 374
88 379
88 405
88 444
88 459
88 465
89 90
89 106
89 176
89 243
89 282
89 286
89 287
89 288
89 305
89 336
89 342
89 376
89 381
89 436
89 454
90 126
90 138
90 148
90 156
90 179
90 239
90 356
90 384
90 440
91 178
91 243
91 263
91 309
91 327
91 391
91 442
91 459
92 101
92 120
92 267
92 277
92 287
92 288
92 320
92 338
92 361
92 417
92 452
92 491
92 507
93 129
93 159
93 181
93 182
93 207
93 249
93 324
93 341
93 346
93 353
93 362
94 113
94 148
94 151
94 200
94 256
94 258
94 323
94 329
94 454
94 485
94 510
95 170
95 208
95 215
95 267
95 272
95 278
95 389
95 399
95 425
95 489
95 496
96 116
96 223
96 246
96 265
96 271
96 313
96 398
96 430
97 254
97 310
97 422
97 448
97 490
97 500
98 123
98 185
98 194
98 231
98 253
98 269
98 272
98 379
98 456
98 459
99 109
99 207
99 276
99 311
99 395
99 411
99 448
99 463
99 473
99 483
99 484
99 504
100 107
100 131
100 175
100 195
100 205
100 280
100 292
100 312
100 326
100 369
100 457
100 465
100 492
101 143
101 181
101 312
101 335
101 339
101 353
101 377
101 404
101 439
101 452
101 458
101 488
102 152
102 190
102 217
102 231
102 234
102 377
102 424
102 470
102 474
103 147
103 150
103 252
103 305
103 307
103 308
103 430
104 167
104 212
104 216
104 220
104 294
104 369
105 136
105 181
105 185
105 269
105 294
105 332
105 335
105 376
105 505
106 107
106 146
106 179
106 240
106 327
106 344
106 391
106 405
106 494
107 175
107 227
107 234
107 263
107 320
107 339
107 354
107 416
107 477
108 115
108 137
108 151
108 153
108 223
108 244
108 286
108 287
108 299
108 303
108 305
108 372
108 433
109 178
109 224
109 356
109 367
109 413
109 460
109 485
110 182
110 228
110 265
110 313
110 323
110 373
110 378
110 381
110 435
111 160
111 162
111 174
111 183
111 189
111 204
111 210
111 212
111 280
111 313
111 361
111 406
111 432
111 439
111 485
112 173
112 194
112 211
112 217
112 245
112 304
112 354
112 414
112 466
113 123
113 159
113 162
113 188
113 220
113 317
113 321
113 358
113 380
113 381
113 510
114 166
114 202
114 307
114 363
114 373
114 376
114 425
114 446
114 508
115 173
115 197
115 272
115 284
115 286
115 313
115 473
116 196
116 205
116 257
116 321
116 334
116 338
116 353
116 387
116 407
116 465
116 487
117 146
117 223
117 250
117 264
117 270
117 284
117 335
117 340
117 399
117 415
117 465
117 494
118 152
118 192
118 215
118 234
118 272
118 332
118 334
118 337
118 461
118 497
118 506
119 121
119 138
119 160
119 170
119 201
119 218
119 239
119 254
119 407
119 489
120 159
120 196
120 207
120 221
120 256
120 363
120 386
120 422
120 465
120 503
121 235
121 334
121 363
121 392
121 422
121 433
121 435
121 505
122 191
122 209
122 213
122 294
122 327
122 362
122 378
122 440
122 496
123 172
123 199
123 396
123 424
123 431
123 449
123 469
124 200
124 237
124 250
124 290
124 409
124 443
124 486
125 165
125 271
125 360
125 434
125 481
126 139
126 192
126 241
126 395
126 399
126 410
126 426
126 473
126 500
127 220
127 338
127 348
127 368
127 375
127 379
127 400
127 423
127 454
127 469
127 484
127 493
128 133
128 153
128 210
128 228
128 235
128 269
128 306
128 337
128 342
128 355
128 384
128 395
128 459
129 160
129 162
129 211
129 242
129 287
129 408
129 454
130 182
130 195
130 204
130 231
130 290
130 325
130 339
130 341
130 423
131 157
131 189
131 252
131 286
131 325
131 329
131 335
131 355
131 374
131 385
131 386
131 390
131 400
131 467
131 474
132 134
132 151
132 175
132 177
132 201
132 210
132 252
132 296
132 358
132 382
132 390
132 458
132 482
133 299
133 306
133 375
134 185
134 187
134 211
134 214
134 256
134 283
134 427
134 471
134 472
135 171
135 184
135 203
135 247
135 252
135 276
135 324
135 358
135 378
135 431
135 497
135 500
136 183
136 237
136 247
136 390
136 407
136 414
136 430
136 438
136 485
136 494
137 145
137 147
137 181
137 190
137 192
137 197
137 280
137 336
137 338
137 377
137 408
137 420
137 439
138 225
138 235
138 298
138 300
138 314
138 335
138 350
138 415
138 483
139 193
139 205
139 226
139 335
139 494
140 172
140 214
140 311
140 312
140 406
140 433
141 249
141 271
141 287
141 293
141 357
141 362
141 368
141 406
141 458
141 486
141 500
142 182
142 226
142 243
142 322
142 373
142 391
142 396
142 400
142 474
142 476
142 492
142 494
143 201
143 205
143 382
143 414
143 447
143 498
144 209
144 343
144 414
144 419
144 422
144 491
145 161
145 186
145 204
145 250
145 268
145 282
145 291
145 296
145 307
145 339
145 360
145 387
145 415
145 425
145 503
146 208
146 276
146 293
146 316
146 318
146 354
146 362
146 388
146 450
147 214
147 245
147 249
147 266
147 289
147 304
147 318
147 339
147 435
147 457
147 493
148 243
148 313
148 314
148 351
148 386
148 441
148 446
148 453
148 454
149 182
149 188
149 200
149 227
149 285
149 314
149 387
149 440
149 469
149 502
150 189
150 195
150 203
150 222
150 288
150 303
150 332
150 356
150 372
150 380
150 418
151 165
151 199
151 230
151 241
151 272
151 296
151 301
151 306
151 380
151 411
151 430
151 508
152 189
152 231
153 192
153 235
153 243
153 379
153 398
153 404
153 413
154 155
154 280
154 397
154 420
154 468
154 505
155 293
155 316
155 331
155 346
155 387
155 390
155 422
155 427
156 251
156 260
157 170
157 205
157 364
157 413
157 445
158 214
158 242
158 282
158 360
158 405
158 414
158 446
158 448
158 456
159 199
159 261
159 304
159 322
159 353
159 378
159 386
159 401
159 445
160 179
160 211
160 243
160 250
160 263
160 351
160 365
160 383
160 438
160 441
160 446
161 199
161 206
161 213
161 248
161 381
161 391
161 422
161 453
161 458
162 181
162 204
162 208
162 209
162 291
162 329
162 394
162 477
163 168
163 216
163 218
163 349
163 355
163 376
163 422
163 486
164 165
164 231
164 245
164 320
164 351
164 354
164 368
164 428
165 193
165 272
165 339
165 409
165 473
165 482
166 174
166 235
166 243
166 278
166 291
166 378
166 433
166 457
166 474
167 169
167 257
167 259
167 346
167 401
167 505
168 182
168 395
168 413
169 324
169 330
169 358
169 401
169 410
169 448
169 494
170 197
170 218
170 243
170 301
170 388
170 441
170 470
170 499
171 231
171 261
171 270
171 355
171 398
171 406
171 429
171 457
172 173
172 223
172 247
172 299
172 306
172 324
172 326
172 409
172 463
173 179
173 301
173 314
173 347
173 360
173 373
173 405
173 419
173 467
174 189
174 224
174 276
174 351
174 370
174 374
174 422
174 507
175 248
175 263
175 279
175 327
175 383
175 416
175 483
176 179
176 240
176 254
176 277
176 300
176 303
176 351
176 365
176 395
176 442
176 449
176 493
177 199
177 257
177 332
177 337
178 219
178 236
178 290
178 329
178 340
178 377
178 457
178 475
178 480
179 230
179 243
179 252
179 266
179 405
179 430
179 445
179 456
180 185
180 376
180 387
180 402
180 413
180 480
180 500
181 216
181 459
181 460
181 510
182 230
182 317
182 325
182 331
182 347
182 363
182 373
183 252
183 317
183 350
183 437
183 495
184 230
184 237
184 277
184 282
184 358
184 511
185 209
185 215
185 253
185 285
185 286
185 290
185 330
185 425
185 441
185 476
186 205
186 243
186 257
186 259
186 277
186 317
186 347
186 407
187 250
187 339
187 368
187 371
187 486
188 253
188 308
188 318
188 343
188 370
188 378
188 403
188 448
188 464
189 260
189 272
189 366
189 425
189 436
189 442
189 444
190 218
190 241
190 382
190 455
190 463
190 489
191 269
191 312
191 360
191 367
191 380
191 392
191 404
191 444
192 204
192 207
192 216
192 227
192 233
192 276
192 278
192 304
192 313
192 344
192 355
192 406
192 459
192 462
192 478
192 479
192 480
192 483
192 493
192 498
192 511
193 212
193 228
193 236
193 336
193 354
193 372
193 380
193 447
193 449
193 467
194 201
194 222
194 249
194 260
194 285
194 302
194 308
194 352
194 360
194 368
194 502
195 204
195 231
195 272
195 278
195 294
195 339
195 392
195 406
195 424
195 497
196 244
196 275
196 344
196 358
196 420
196 477
196 491
197 199
197 200
197 252
197 295
197 307
197 351
197 386
197 468
198 202
198 250
198 269
198 319
198 359
198 399
198 441
198 454
198 474
199 212
199 245
199 266
199 290
199 334
199 369
199 462
199 473
200 219
200 246
200 293
200 316
200 339
200 355
200 460
201 218
201 234
201 248
201 323
201 334
201 335
201 365
201 392
201 410
201 435
201 437
201 445
202 208
202 242
202 313
202 316
202 339
202 361
202 374
202 387
202 412
202 426
203 211
203 227
203 248
203 287
203 347
203 349
203 373
203 406
203 422
203 455
203 456
203 501
203 505
203 510
204 227
204 234
204 321
204 345
204 368
204 369
204 400
204 408
204 430
204 435
204 510
205 238
205 286
205 320
205 337
205 343
205 381
205 430
206 220
206 231
206 344
206 346
206 464
207 241
207 311
207 363
207 403
207 414
207 460
208 215
208 219
208 277
208 303
208 321
208 454
209 211
209 224
209 238
209 309
209 379
209 406
209 410
209 480
209 497
210 212
210 258
210 260
210 308
210 313
210 355
210 391
210 488
211 227
211 242
211 285
211 355
211 435
211 490
211 511
212 247
212 284
212 346
212 368
212 422
212 424
212 468
213 256
213 263
213 304
213 322
213 349
213 368
213 413
214 237
214 291
214 348
214 387
215 287
215 296
215 375
215 444
215 508
216 251
216 291
216 324
216 423
216 494
217 264
217 292
217 494
217 501
218 245
218 294
218 316
218 333
218 386
218 394
218 486
219 292
219 361
219 405
219 408
219 441
219 450
220 224
220 231
220 262
220 332
220 364
220 378
220 415
220 464
220 507
220 511
221 302
221 434
221 472
221 486
221 493
221 500
221 505
222 311
222 383
222 450
222 495
222 498
223 225
223 233
223 255
223 290
223 299
223 314
223 384
223 450
223 503
224 251
224 294
224 357
224 375
224 408
224 480
224 491
225 328
225 359
225 362
225 403
225 406
225 418
225 426
225 428
225 444
226 273
226 292
226 300
226 313
226 373
226 425
226 476
226 489
227 234
227 278
227 291
227 331
227 424
227 446
227 478
228 315
228 321
229 281
229 291
229 331
229 347
229 359
229 371
229 403
229 427
229 446
229 449
230 293
230 298
230 385
230 421
230 448
230 452
230 496
230 498
231 263
231 281
231 310
231 362
231 389
231 449
231 452
231 454
231 492
232 285
232 433
232 458
232 494
233 288
233 327
233 351
233 373
233 406
233 431
233 449
233 484
234 240
234 245
234 261
234 344
234 363
234 414
235 236
235 259
235 299
235 322
235 369
235 448
236 317
236 367
236 402
236 468
236 481
236 492
237 295
237 400
237 480
238 283
238 313
238 361
238 365
238 376
238 424
238 433
238 466
238 480
239 275
239 300
239 308
239 331
239 355
239 385
239 410
239 434
239 469
239 471
239 493
240 286
240 333
240 350
240 376
240 379
240 494
241 298
241 314
241 328
241 375
241 417
241 425
241 501
242 258
242 276
242 322
242 463
242 486
243 248
243 268
243 337
243 349
243 350
243 353
243 397
244 259
244 311
244 331
244 340
244 349
244 382
244 398
244 441
244 444
244 454
244 465
244 482
245 352
245 363
245 448
245 458
245 486
245 507
246 259
246 263
246 351
246 373
246 394
246 414
247 250
247 255
247 268
247 275
247 345
247 362
247 376
247 437
247 466
247 468
247 476
247 510
248 260
248 361
248 377
248 383
248 388
248 395
248 405
248 422
248 480
249 254
249 274
249 277
249 279
249 283
249 293
249 300
249 374
249 410
250 263
250 276
250 358
250 376
250 470
251 259
251 306
251 356
251 357
251 358
251 416
251 423
251 464
251 488
252 271
252 334
252 368
252 369
252 465
253 277
253 315
253 318
253 365
253 369
253 387
253 395
253 397
253 460
254 281
254 290
254 306
254 335
254 379
254 469
254 491
254 502
255 305
255 313
255 334
255 336
255 340
255 442
255 494
256 350
256 496
257 265
257 277
257 279
257 291
257 312
257 340
257 348
257 353
257 456
257 468
257 509
258 261
258 338
258 362
258 444
258 464
259 331
259 482
260 331
260 354
260 355
260 464
261 268
261 286
261 302
261 303
261 308
261 341
261 343
261 349
261 361
261 378
261 427
261 451
261 508
262 336
262 343
262 356
262 395
262 428
262 456
262 491
262 511
263 292
263 337
263 338
263 404
263 453
263 484
263 496
263 497
264 335
264 353
264 371
264 478
266 267
266 279
266 307
266 455
266 485
266 508
267 307
267 309
267 325
267 336
267 358
267 413
267 481
268 274
268 343
268 374
268 416
268 449
268 453
269 271
269 297
269 385
269 398
269 409
269 422
269 500
270 325
270 376
270 466
270 469
271 340
271 369
271 379
272 291
272 303
272 353
272 369
272 384
272 390
272 404
272 410
272 506
273 292
273 305
273 336
273 424
273 476
274 276
274 288
274 322
274 354
274 392
274 401
274 409
274 426
275 284
275 335
275 415
275 500
276 329
276 339
276 346
276 372
276 417
276 473
277 281
277 385
277 419
278 283
278 302
278 326
278 327
278 332
278 375
278 459
278 462
278 467
279 341
279 385
279 394
279 396
279 401
279 500
280 297
280 355
280 357
280 362
280 370
280 383
280 469
280 479
280 498
281 299
281 318
281 358
281 414
281 430
281 507
282 293
282 295
282 364
282 376
282 441
282 501
283 290
283 343
283 433
283 441
284 301
284 302
284 313
284 315
284 333
284 416
284 421
284 430
284 433
284 485
284 504
285 307
285 371
285 415
285 479
285 481
286 344
286 427
286 480
287 303
287 392
287 447
287 460
287 482
287 490
287 499
288 302
288 338
288 397
288 424
288 455
288 474
288 483
289 297
289 307
289 312
289 358
289 363
289 412
289 509
290 325
290 366
290 404
290 465
290 470
290 505
291 474
291 510
292 354
292 401
292 409
293 393
293 494
293 504
294 352
294 360
294 400
294 510
295 314
295 374
295 383
295 416
295 479
295 492
296 299
296 362
296 415
296 479
296 495
296 504
297 330
297 332
297 337
297 378
297 408
297 419
297 431
297 440
297 482
297 511
298 359
298 376
298 415
298 436
298 453
298 455
298 465
298 468
298 492
299 355
299 374
299 415
299 441
299 479
299 495
300 333
300 345
300 353
300 456
301 311
301 315
301 349
301 374
301 386
301 431
301 468
302 346
303 304
303 375
303 389
303 432
303 439
303 487
304 322
304 371
304 458
304 464
304 478
304 489
305 316
305 348
305 427
305 502
306 339
306 349
306 350
306 367
306 376
306 473
306 494
306 506
307 327
307 330
307 345
307 361
307 366
307 401
307 415
307 437
307 443
307 488
308 385
308 447
308 485
309 404
309 437
309 486
309 503
310 408
310 425
310 476
311 396
311 469
311 505
312 328
312 332
312 340
312 405
312 454
312 501
312 508
313 337
313 387
313 396
313 424
313 510
314 350
314 364
314 366
314 378
314 391
314 442
314 507
314 511
315 321
315 365
315 419
315 433
315 455
315 457
315 471
315 474
315 480
316 324
316 339
316 355
316 413
316 464
317 369
317 389
317 412
317 442
317 480
318 323
318 400
318 440
318 465
318 494
319 326
319 335
319 373
319 425
319 455
319 464
319 467
320 327
320 330
320 337
320 399
320 451
320 467
320 505
321 356
321 399
321 423
321 489
321 495
321 497
322 336
322 337
322 349
322 448
323 412
323 422
323 424
323 469
324 336
324 396
324 490
325 379
325 406
325 412
325 420
325 424
325 496
325 498
326 354
326 415
326 443
326 493
326 495
327 343
327 374
327 391
327 394
327 467
328 352
328 373
328 388
328 399
329 335
329 397
329 421
329 483
330 351
330 410
331 442
331 462
331 483
332 352
332 360
332 428
332 455
332 465
333 411
333 442
333 490
334 360
334 378
334 427
335 436
335 441
335 466
335 483
335 484
336 388
337 416
337 432
337 433
337 462
338 362
338 373
338 387
338 396
338 427
338 457
338 469
338 486
339 346
339 386
339 391
339 403
339 406
339 427
339 431
339 476
340 378
340 392
340 393
340 445
341 350
341 405
341 413
342 343
342 380
342 382
342 395
342 399
342 499
343 347
343 351
343 394
343 400
343 436
343 460
343 494
344 407
345 374
345 383
345 386
345 462
346 438
347 410
347 450
347 452
347 469
348 361
348 364
348 388
348 437
348 493
348 503
349 382
349 436
349 504
351 366
351 383
351 411
351 428
351 443
351 466
351 477
351 482
351 505
352 449
352 459
352 463
352 506
353 371
353 400
353 419
354 398
354 439
354 442
354 444
354 457
354 474
355 373
355 394
355 422
355 426
355 464
355 473
356 447
356 467
356 474
357 457
358 376
358 406
358 419
358 426
358 507
359 378
359 402
359 429
359 444
361 381
361 415
362 430
362 439
362 484
362 506
363 395
363 461
363 498
363 501
364 416
365 459
365 505
366 498
366 504
367 417
367 443
367 456
368 384
368 429
368 448
368 458
368 482
368 508
369 375
369 451
369 453
369 466
369 468
370 410
370 495
371 436
371 461
371 505
371 511
374 473
374 486
375 384
375 401
375 446
375 481
376 386
376 438
377 464
378 474
379 382
379 443
379 461
379 489
379 490
379 497
381 390
381 392
381 425
381 456
381 491
382 436
382 505
384 441
384 465
384 467
384 478
385 453
385 491
385 499
386 400
386 462
386 481
387 388
387 511
388 450
388 480
388 494
389 463
389 508
390 442
391 406
391 412
391 432
391 464
391 466
392 436
392 452
392 484
393 434
393 437
393 504
394 462
394 511
395 428
395 430
395 464
395 481
396 445
396 447
396 502
396 504
397 418
397 436
397 437
397 454
397 470
397 481
397 488
397 504
398 427
398 446
398 455
398 458
399 404
399 415
399 494
400 410
400 413
400 430
400 436
400 487
401 419
401 482
401 500
402 419
402 490
403 421
403 422
403 472
403 479
404 420
404 455
404 506
405 414
405 460
407 410
407 510
408 419
409 467
410 508
411 413
411 425
411 499
411 504
411 511
412 426
412 440
412 443
413 423
413 445
414 430
414 453
414 466
414 494
414 498
415 493
416 462
416 491
417 439
417 509
419 427
419 477
419 496
420 428
420 433
420 452
420 456
420 479
421 440
421 452
421 480
423 431
423 435
423 466
423 467
423 477
424 488
424 492
424 506
424 511
425 438
425 508
426 470
426 484
426 510
428 429
428 457
428 506
431 498
431 501
432 479
432 494
433 469
433 479
433 489
433 507
435 480
435 489
435 495
435 498
437 448
437 468
437 497
438 490
438 498
440 448
440 450
440 470
440 497
441 458
441 480
442 456
442 489
442 497
443 496
445 475
446 453
446 482
447 468
447 484
448 493
448 506
448 509
449 470
450 454
451 492
451 501
453 461
454 466
454 497
455 456
455 487
456 487
457 472
459 465
459 506
460 492
460 495
460 503
461 497
462 482
462 505
463 505
464 468
465 486
467 503
468 481
469 501
470 493
471 487
471 500
472 479
472 481
473 499
474 487
474 492
476 486
477 479
478 479
478 498
479 483
479 486
479 490
482 500
483 511
484 505
490 492
492 496
492 509
494 502
497 511
501 506
503 505
505 509
505 511
