0 9
0 10
0 11
0 12
0 16
0 24
0 37
0 42
0 54
0 60
0 80
0 83
0 84
0 95
0 103
0 112
0 113
0 120
0 124
0 128
0 171
0 187
0 204
0 237
0 252
0 321
0 327
0 334
0 352
0 453
1 9
1 10
1 11
1 13
1 15
1 16
1 18
1 20
1 21
1 23
1 32
1 35
1 50
1 65
1 68
1 79
1 81
1 83
1 85
1 86
1 88
1 101
1 104
1 105
1 117
1 118
1 120
1 135
1 148
1 153
1 164
1 168
1 170
1 173
1 182
1 186
1 188
1 196
1 202
1 207
1 219
1 222
1 224
1 227
1 231
1 274
1 336
1 338
1 358
1 381
1 402
1 416
1 442
1 450
1 481
1 505
2 9
2 10
2 11
2 12
2 13
2 16
2 25
2 29
2 34
2 36
2 37
2 38
2 47
2 53
2 55
2 87
2 89
2 99
2 100
2 122
2 123
2 140
2 146
2 148
2 160
2 169
2 183
2 188
2 205
2 228
2 251
2 283
2 286
2 309
2 319
2 341
2 364
2 374
2 386
2 395
2 399
2 400
2 445
3 9
3 10
3 11
3 12
3 18
3 19
3 22
3 30
3 31
3 35
3 48
3 51
3 53
3 76
3 81
3 97
3 109
3 120
3 125
3 126
3 129
3 132
3 153
3 168
3 194
3 209
3 215
3 238
3 248
3 287
3 317
3 329
3 334
3 340
3 351
3 370
3 414
3 421
3 423
3 446
3 511
4 10
4 17
4 24
4 30
4 47
4 92
4 97
4 99
4 127
4 162
4 227
4 234
4 342
4 343
4 358
4 439
4 442
4 472
4 490
5 9
5 10
5 11
5 14
5 15
5 16
5 17
5 21
5 26
5 27
5 28
5 29
5 35
5 39
5 40
5 41
5 43
5 45
5 59
5 60
5 78
5 81
5 91
5 93
5 104
5 112
5 126
5 134
5 147
5 152
5 154
5 180
5 184
5 193
5 208
5 218
5 236
5 246
5 253
5 294
5 298
5 302
5 324
5 337
5 345
5 394
5 399
5 400
5 406
5 428
5 433
5 454
5 456
5 463
5 468
5 499
5 505
6 11
6 12
6 13
6 14
6 22
6 31
6 42
6 45
6 53
6 64
6 71
6 72
6 76
6 78
6 91
6 126
6 151
6 156
6 157
6 162
6 195
6 204
6 234
6 243
6 292
6 307
6 328
6 334
6 355
6 399
6 491
7 9
7 10
7 11
7 12
7 13
7 14
7 16
7 19
7 21
7 22
7 27
7 49
7 60
7 61
7 65
7 71
7 78
7 80
7 83
7 85
7 98
7 104
7 110
7 118
7 123
7 156
7 159
7 161
7 162
7 163
7 169
7 194
7 201
7 207
7 246
7 260
7 278
7 282
7 288
7 296
7 316
7 323
7 329
7 334
7 344
7 349
7 371
7 377
7 379
7 383
7 388
7 389
7 409
7 428
7 430
7 443
7 466
7 467
7 468
7 490
7 501
7 510
8 9
8 10
8 14
8 20
8 24
8 31
8 50
8 51
8 57
8 71
8 74
8 82
8 94
8 118
8 139
8 144
8 148
8 198
8 217
8 247
8 288
8 312
8 333
8 366
8 371
8 391
8 393
8 442
8 491
9 10
9 11
9 12
9 13
9 14
9 15
9 16
9 17
9 18
9 19
9 20
9 21
9 24
9 28
9 29
9 33
9 37
9 38
9 39
9 40
9 43
9 44
9 46
9 50
9 52
9 57
9 65
9 68
9 72
9 73
9 85
9 89
9 94
9 115
9 116
9 125
9 169
9 171
9 175
9 186
9 189
9 198
9 199
9 206
9 216
9 233
9 238
9 253
9 265
9 279
9 289
9 294
9 297
9 301
9 314
9 315
9 325
9 334
9 341
9 352
9 356
9 387
9 401
9 411
9 418
9 422
9 423
9 428
9 435
9 449
9 455
9 481
9 486
9 510
9 511
10 11
10 12
10 14
10 15
10 16
10 18
10 19
10 20
10 22
10 26
10 27
10 28
10 34
10 35
10 36
10 40
10 47
10 51
10 52
10 54
10 55
10 60
10 68
10 69
10 70
10 71
10 73
10 74
10 79
10 80
10 81
10 91
10 92
10 101
10 107
10 113
10 116
10 118
10 120
10 122
10 125
10 129
10 131
10 133
10 135
10 137
10 139
10 141
10 144
10 149
10 166
10 168
10 175
10 177
10 183
10 190
10 208
10 211
10 216
10 220
10 221
10 233
10 243
10 254
10 255
10 258
10 264
10 273
10 290
10 293
10 309
10 312
10 315
10 318
10 333
10 341
10 343
10 360
10 365
10 366
10 390
10 391
10 400
10 405
10 415
10 419
10 442
10 443
10 456
10 463
10 466
10 467
10 473
10 480
10 485
10 508
10 511
11 12
11 13
11 14
11 15
11 16
11 17
11 19
11 20
11 21
11 22
11 23
11 25
11 26
11 27
11 32
11 33
11 35
11 36
11 40
11 41
11 44
11 46
11 47
11 48
11 49
11 51
11 53
11 58
11 60
11 61
11 62
11 63
11 66
11 67
11 69
11 70
11 71
11 72
11 75
11 82
11 83
11 95
11 96
11 99
11 102
11 103
11 106
11 108
11 115
11 117
11 121
11 132
11 135
11 148
11 150
11 157
11 160
11 170
11 171
11 178
11 181
11 185
11 198
11 204
11 205
11 209
11 220
11 231
11 232
11 239
11 240
11 244
11 246
11 247
11 254
11 263
11 265
11 285
11 287
11 313
11 314
11 332
11 334
11 343
11 349
11 364
11 371
11 374
11 389
11 392
11 397
11 399
11 403
11 404
11 408
11 409
11 418
11 419
11 438
11 449
11 450
11 451
11 452
11 464
11 475
11 493
11 501
12 14
12 15
12 17
12 18
12 20
12 25
12 26
12 28
12 29
12 32
12 37
12 38
12 41
12 42
12 44
12 46
12 51
12 56
12 59
12 64
12 82
12 83
12 95
12 97
12 98
12 107
12 113
12 115
12 119
12 123
12 126
12 134
12 136
12 141
12 142
12 151
12 152
12 154
12 157
12 175
12 179
12 183
12 197
12 201
12 207
12 209
12 211
12 214
12 217
12 224
12 225
12 229
12 254
12 264
12 271
12 291
12 303
12 307
12 310
12 336
12 358
12 359
12 372
12 376
12 377
12 382
12 387
12 396
12 408
12 412
12 419
12 425
12 427
12 462
12 464
12 465
12 469
12 470
12 477
12 482
12 483
13 14
13 17
13 19
13 21
13 22
13 24
13 31
13 38
13 39
13 40
13 44
13 47
13 48
13 49
13 52
13 54
13 55
13 56
13 58
13 60
13 73
13 80
13 87
13 90
13 94
13 99
13 103
13 104
13 138
13 145
13 149
13 156
13 160
13 165
13 166
13 172
13 178
13 181
13 199
13 201
13 218
13 231
13 245
13 246
13 250
13 257
13 267
13 276
13 290
13 293
13 325
13 329
13 330
13 347
13 352
13 359
13 377
13 383
13 397
13 401
13 403
13 409
13 421
13 431
13 435
13 452
13 475
13 479
13 489
14 15
14 18
14 19
14 20
14 23
14 30
14 32
14 33
14 35
14 37
14 38
14 40
14 41
14 45
14 48
14 49
14 58
14 68
14 75
14 77
14 86
14 97
14 103
14 105
14 106
14 109
14 113
14 117
14 118
14 130
14 132
14 142
14 143
14 150
14 155
14 156
14 159
14 166
14 170
14 171
14 185
14 186
14 231
14 237
14 252
14 270
14 272
14 274
14 281
14 311
14 320
14 324
14 328
14 330
14 337
14 388
14 390
14 393
14 395
14 402
14 416
14 420
14 424
14 427
14 456
14 461
14 472
14 478
14 498
15 16
15 18
15 23
15 25
15 28
15 33
15 43
15 51
15 57
15 62
15 65
15 72
15 73
15 77
15 79
15 83
15 89
15 92
15 94
15 107
15 114
15 119
15 151
15 154
15 173
15 179
15 194
15 199
15 204
15 208
15 210
15 217
15 218
15 225
15 227
15 228
15 250
15 255
15 277
15 282
15 290
15 295
15 298
15 313
15 342
15 359
15 365
15 374
15 378
15 403
15 419
15 429
15 430
15 451
15 458
15 460
15 484
16 18
16 22
16 25
16 29
16 30
16 31
16 52
16 58
16 60
16 61
16 65
16 73
16 79
16 87
16 99
16 105
16 119
16 141
16 147
16 169
16 178
16 189
16 202
16 205
16 217
16 228
16 248
16 273
16 291
16 294
16 301
16 302
16 314
16 315
16 333
16 347
16 356
16 481
16 493
16 504
16 507
16 508
17 19
17 23
17 24
17 27
17 30
17 32
17 34
17 36
17 38
17 46
17 56
17 70
17 88
17 93
17 95
17 110
17 131
17 134
17 143
17 163
17 170
17 184
17 188
17 189
17 190
17 207
17 220
17 236
17 242
17 248
17 251
17 264
17 268
17 291
17 300
17 341
17 347
17 363
17 390
17 414
17 468
17 470
17 471
17 480
18 19
18 20
18 21
18 23
18 25
18 26
18 29
18 32
18 34
18 35
18 39
18 47
18 66
18 68
18 70
18 71
18 77
18 78
18 81
18 82
18 97
18 98
18 100
18 103
18 110
18 125
18 144
18 152
18 154
18 156
18 175
18 181
18 182
18 187
18 213
18 220
18 224
18 231
18 262
18 271
18 293
18 298
18 300
18 302
18 317
18 319
18 323
18 347
18 380
18 411
18 413
18 418
18 421
18 447
18 450
18 460
18 473
18 476
18 477
18 500
19 26
19 30
19 42
19 44
19 47
19 56
19 63
19 66
19 96
19 102
19 107
19 108
19 150
19 155
19 156
19 181
19 191
19 202
19 206
19 214
19 216
19 222
19 224
19 234
19 237
19 244
19 252
19 262
19 270
19 299
19 329
19 336
19 342
19 352
19 363
19 368
19 376
19 379
19 380
19 395
19 404
19 408
19 416
19 425
19 456
19 469
19 473
19 484
19 506
20 22
20 23
20 24
20 25
20 26
20 27
20 28
20 29
20 32
20 33
20 34
20 35
20 48
20 49
20 57
20 62
20 66
20 71
20 73
20 79
20 82
20 89
20 99
20 100
20 101
20 108
20 122
20 124
20 133
20 135
20 140
20 146
20 153
20 169
20 173
20 180
20 194
20 212
20 213
20 225
20 233
20 259
20 263
20 265
20 277
20 278
20 314
20 353
20 433
20 494
21 22
21 30
21 33
21 34
21 36
21 41
21 46
21 50
21 52
21 64
21 87
21 88
21 90
21 97
21 101
21 102
21 116
21 126
21 141
21 158
21 160
21 174
21 200
21 203
21 212
21 227
21 239
21 250
21 255
21 259
21 273
21 282
21 304
21 349
21 371
21 392
21 393
21 410
21 433
21 434
21 448
21 450
21 491
22 27
22 34
22 39
22 40
22 43
22 45
22 46
22 49
22 57
22 64
22 66
22 68
22 69
22 74
22 77
22 89
22 94
22 120
22 129
22 133
22 134
22 147
22 153
22 158
22 162
22 164
22 183
22 202
22 221
22 223
22 237
22 239
22 242
22 244
22 247
22 258
22 260
22 261
22 275
22 307
22 331
22 341
22 366
22 367
22 372
22 378
22 385
22 389
22 424
22 425
22 435
22 443
22 445
22 446
22 470
22 493
22 504
23 24
23 29
23 32
23 36
23 44
23 45
23 46
23 47
23 53
23 54
23 59
23 62
23 81
23 85
23 86
23 93
23 98
23 113
23 124
23 127
23 131
23 165
23 166
23 174
23 179
23 185
23 193
23 211
23 219
23 231
23 235
23 236
23 237
23 242
23 245
23 258
23 269
23 278
23 326
23 335
23 339
23 343
23 363
23 364
23 376
23 392
23 398
23 406
23 418
23 508
24 29
24 30
24 34
24 37
24 39
24 53
24 54
24 58
24 63
24 68
24 69
24 72
24 73
24 94
24 96
24 100
24 107
24 112
24 127
24 136
24 144
24 148
24 170
24 176
24 184
24 187
24 223
24 225
24 235
24 253
24 263
24 266
24 281
24 291
24 292
24 294
24 297
24 305
24 321
24 325
24 344
24 355
24 373
24 382
24 403
24 407
24 426
24 448
24 456
24 461
24 464
24 474
24 479
24 497
24 499
25 28
25 30
25 42
25 48
25 55
25 66
25 72
25 86
25 94
25 107
25 120
25 122
25 153
25 158
25 184
25 205
25 215
25 251
25 256
25 257
25 278
25 345
25 363
25 387
25 409
25 432
25 501
25 511
26 37
26 38
26 40
26 56
26 80
26 83
26 86
26 108
26 124
26 131
26 174
26 179
26 226
26 256
26 291
26 307
26 327
26 388
26 488
26 511
27 39
27 54
27 61
27 76
27 77
27 80
27 84
27 176
27 189
27 272
27 386
27 424
27 428
27 508
28 33
28 37
28 38
28 56
28 61
28 75
28 104
28 108
28 117
28 127
28 136
28 154
28 160
28 186
28 190
28 218
28 234
28 241
28 264
28 286
28 292
28 301
28 308
28 324
28 340
28 354
28 378
28 379
28 416
28 457
28 471
28 475
28 495
28 498
29 32
29 34
29 35
29 36
29 42
29 54
29 62
29 64
29 67
29 69
29 80
29 81
29 98
29 110
29 124
29 144
29 146
29 150
29 152
29 173
29 175
29 178
29 180
29 182
29 204
29 205
29 212
29 232
29 233
29 237
29 245
29 261
29 263
29 271
29 331
29 348
29 417
29 445
29 457
29 494
29 511
30 31
30 33
30 66
30 72
30 81
30 116
30 129
30 175
30 185
30 192
30 226
30 271
30 288
30 301
30 307
30 364
30 396
30 453
30 474
30 484
31 49
31 55
31 78
31 88
31 114
31 116
31 130
31 153
31 156
31 176
31 187
31 193
31 205
31 258
31 331
31 335
31 346
31 353
31 354
31 384
31 426
31 482
32 33
32 43
32 47
32 59
32 66
32 84
32 85
32 92
32 93
32 98
32 107
32 123
32 127
32 130
32 132
32 145
32 148
32 172
32 174
32 178
32 182
32 191
32 195
32 197
32 232
32 289
32 328
32 330
32 351
32 359
32 367
32 373
32 398
32 447
32 489
32 494
32 506
33 48
33 91
33 96
33 106
33 129
33 132
33 198
33 226
33 245
33 281
33 362
33 435
33 483
34 44
34 50
34 53
34 54
34 55
34 62
34 63
34 88
34 92
34 94
34 96
34 103
34 106
34 114
34 121
34 125
34 131
34 140
34 161
34 176
34 181
34 187
34 200
34 228
34 229
34 253
34 261
34 270
34 340
34 342
34 345
34 348
34 407
34 417
34 435
34 460
34 464
34 469
34 503
35 40
35 43
35 45
35 46
35 59
35 78
35 84
35 102
35 105
35 108
35 122
35 124
35 130
35 159
35 164
35 172
35 178
35 179
35 195
35 230
35 233
35 239
35 249
35 275
35 276
35 304
35 385
35 440
35 460
35 463
35 482
36 38
36 41
36 48
36 52
36 57
36 75
36 80
36 95
36 96
36 106
36 107
36 109
36 116
36 125
36 126
36 133
36 152
36 165
36 171
36 180
36 196
36 198
36 205
36 218
36 221
36 239
36 251
36 261
36 274
36 295
36 298
36 326
36 347
36 372
36 373
36 385
36 393
36 411
36 439
36 440
36 467
36 478
36 489
37 41
37 49
37 50
37 63
37 64
37 66
37 74
37 110
37 112
37 135
37 141
37 163
37 177
37 196
37 199
37 204
37 214
37 226
37 241
37 252
37 268
37 272
37 276
37 328
37 351
37 354
37 373
37 374
37 378
37 380
37 407
37 413
37 464
37 477
38 44
38 50
38 52
38 53
38 85
38 86
38 109
38 121
38 128
38 137
38 229
38 263
38 277
38 287
38 388
38 441
38 447
38 473
39 42
39 44
39 51
39 62
39 71
39 97
39 98
39 102
39 167
39 183
39 197
39 272
39 289
39 296
39 297
39 321
39 342
39 351
39 356
39 375
39 379
39 455
39 501
39 508
40 87
40 102
40 109
40 119
40 121
40 124
40 139
40 142
40 166
40 201
40 236
40 244
40 250
40 252
40 258
40 277
40 297
40 322
40 392
40 417
40 443
40 448
40 453
40 462
40 466
41 42
41 45
41 50
41 55
41 60
41 76
41 86
41 99
41 100
41 111
41 112
41 149
41 157
41 166
41 175
41 199
41 239
41 281
41 298
41 325
41 389
41 396
41 449
41 490
41 506
42 53
42 74
42 87
42 90
42 131
42 141
42 145
42 150
42 211
42 222
42 234
42 287
42 295
42 396
42 408
42 453
42 483
42 508
43 56
43 59
43 68
43 76
43 87
43 90
43 91
43 93
43 95
43 96
43 109
43 155
43 159
43 173
43 190
43 192
43 200
43 209
43 213
43 219
43 227
43 260
43 274
43 275
43 282
43 293
43 303
43 309
43 324
43 333
43 341
43 355
43 363
43 378
43 379
43 393
43 405
43 439
43 459
44 54
44 58
44 59
44 63
44 65
44 70
44 86
44 88
44 89
44 96
44 110
44 128
44 138
44 152
44 159
44 182
44 185
44 193
44 221
44 223
44 224
44 237
44 258
44 269
44 315
44 323
44 330
44 362
44 410
44 413
44 454
45 74
45 87
45 168
45 203
45 253
45 279
45 302
45 305
45 307
45 308
45 444
45 485
46 55
46 73
46 83
46 101
46 140
46 154
46 176
46 188
46 229
46 303
46 310
46 317
46 382
46 394
46 399
46 451
46 479
46 497
47 56
47 59
47 61
47 69
47 74
47 84
47 97
47 100
47 121
47 129
47 136
47 140
47 141
47 144
47 146
47 157
47 190
47 198
47 234
47 236
47 248
47 256
47 257
47 261
47 284
47 287
47 293
47 305
47 327
47 334
47 368
47 374
47 399
47 441
47 449
47 485
47 505
48 59
48 62
48 77
48 88
48 151
48 154
48 155
48 197
48 230
48 267
48 279
48 298
48 311
48 316
48 344
48 424
48 500
48 505
49 50
49 64
49 67
49 70
49 72
49 84
49 86
49 130
49 171
49 183
49 189
49 201
49 207
49 211
49 232
49 249
49 252
49 253
49 259
49 377
49 383
50 63
50 69
50 163
50 164
50 168
50 208
50 220
50 225
50 331
50 397
50 502
51 58
51 63
51 64
51 65
51 72
51 85
51 126
51 140
51 142
51 159
51 181
51 197
51 242
51 249
51 259
51 376
51 443
51 499
51 503
52 55
52 74
52 145
52 172
52 229
52 386
52 472
53 79
53 84
53 128
53 141
53 151
53 164
53 191
53 260
53 285
53 316
54 57
54 61
54 76
54 105
54 111
54 117
54 122
54 128
54 171
54 195
54 211
54 230
54 357
54 386
54 397
54 416
54 424
54 488
54 491
55 76
55 77
55 100
55 101
55 146
55 147
55 151
55 154
55 160
55 163
55 170
55 188
55 189
55 206
55 211
55 213
55 218
55 222
55 227
55 255
55 264
55 268
55 292
55 315
55 442
55 461
56 58
56 167
56 180
56 182
56 236
56 248
56 249
56 274
56 275
56 330
56 398
56 408
56 441
57 101
57 122
57 225
57 258
57 279
57 311
57 322
57 353
57 469
58 70
58 88
58 99
58 127
58 129
58 137
58 141
58 158
58 165
58 184
58 211
58 219
58 250
58 257
58 262
58 315
58 343
58 386
58 413
58 417
58 422
58 429
58 468
58 498
59 62
59 73
59 78
59 122
59 132
59 142
59 179
59 186
59 224
59 239
59 263
59 281
59 284
59 299
59 320
59 339
59 374
59 420
59 473
60 69
60 75
60 77
60 82
60 90
60 115
60 220
60 221
60 222
60 275
60 330
60 415
60 498
61 104
61 106
61 119
61 133
61 139
61 165
61 167
61 172
61 219
61 269
61 381
61 390
61 417
61 426
61 436
61 443
61 454
62 95
62 110
62 134
62 185
62 221
62 285
62 376
62 507
63 64
63 68
63 93
63 109
63 115
63 130
63 160
63 166
63 168
63 201
63 230
63 243
63 255
63 266
63 272
63 288
63 339
63 361
63 368
63 383
63 389
63 496
64 65
64 102
64 142
64 192
64 213
64 226
64 240
64 260
64 307
64 310
64 361
65 92
65 103
65 115
65 130
65 138
65 149
65 177
65 199
65 232
65 294
65 345
65 352
65 355
65 360
65 420
65 423
65 451
65 472
65 490
66 71
66 82
66 85
66 89
66 106
66 108
66 114
66 116
66 119
66 121
66 133
66 172
66 175
66 190
66 195
66 208
66 212
66 214
66 240
66 249
66 276
66 287
66 311
66 358
66 363
66 376
66 390
66 394
66 412
66 491
66 494
66 496
66 498
67 77
67 93
67 101
67 223
67 225
67 238
67 284
67 329
67 362
67 370
67 395
68 70
68 118
68 180
68 256
68 328
68 475
68 505
68 509
69 75
69 90
69 95
69 100
69 118
69 142
69 159
69 161
69 170
69 178
69 183
69 203
69 207
69 241
69 304
69 367
69 397
69 403
69 411
69 429
69 470
69 478
70 76
70 78
70 79
70 81
70 82
70 89
70 92
70 102
70 107
70 133
70 160
70 178
70 199
70 227
70 244
70 320
70 384
70 430
70 454
71 119
71 135
71 206
71 250
71 272
71 287
71 301
71 434
72 98
72 114
72 180
72 254
72 383
72 459
73 174
73 176
73 194
73 235
73 237
73 265
73 369
73 411
73 427
73 493
73 503
74 104
74 121
74 128
74 135
74 140
74 192
74 215
74 246
74 264
74 288
74 350
74 372
74 377
74 381
74 484
75 98
75 109
75 234
75 236
75 396
75 488
76 82
76 93
76 97
76 115
76 142
76 187
76 191
76 208
76 268
76 297
76 310
76 345
76 354
76 387
76 470
76 478
77 91
77 105
77 127
77 196
77 268
77 281
77 369
77 384
77 402
77 432
77 436
78 80
78 125
78 130
78 136
78 150
78 166
78 193
78 198
78 206
78 213
78 228
78 303
78 321
78 331
78 335
78 365
78 379
78 404
78 418
78 455
78 474
78 496
78 509
79 114
79 123
79 230
79 267
80 114
80 122
80 165
80 191
80 209
80 381
80 400
80 490
81 89
81 91
81 176
81 247
81 248
81 280
81 357
81 387
81 479
81 481
82 100
82 103
82 114
82 143
82 167
82 179
82 212
82 299
82 387
82 414
82 501
83 112
83 136
83 158
83 189
83 196
83 203
83 209
83 258
83 268
83 304
83 306
83 324
83 328
83 426
83 465
84 90
84 145
84 147
84 252
84 328
84 334
84 437
84 455
84 483
85 113
85 143
85 165
85 177
85 232
85 291
85 419
85 466
86 105
86 147
86 174
86 204
86 253
86 271
86 346
86 393
86 402
86 430
86 469
87 108
87 117
87 123
87 132
87 145
87 267
87 326
87 337
87 394
87 419
87 439
87 440
87 482
88 92
88 96
88 111
88 123
88 143
88 170
88 174
88 181
88 214
88 216
88 226
88 232
88 246
88 248
88 277
88 280
88 300
88 318
88 319
88 339
88 354
88 367
88 410
88 443
88 478
88 491
89 161
89 210
89 229
89 357
89 361
89 391
89 411
89 476
89 498
90 93
90 95
90 99
90 120
90 147
90 149
90 157
90 196
90 201
90 203
90 217
90 248
90 261
90 262
90 318
90 397
90 445
90 478
90 479
90 481
91 106
91 139
91 140
91 200
91 210
91 222
91 273
91 289
91 409
92 94
92 163
92 219
92 272
92 313
92 325
92 437
93 132
93 148
93 164
93 178
93 210
93 223
93 280
93 285
93 289
93 384
93 507
94 108
94 134
94 137
94 138
94 155
94 208
94 209
94 252
94 290
94 329
94 356
94 380
94 472
95 143
95 222
95 348
95 373
95 404
95 411
95 455
95 496
96 115
96 135
96 137
96 152
96 176
96 177
96 200
96 201
96 286
96 306
96 322
96 347
96 436
96 464
97 117
97 146
97 162
97 212
97 247
97 279
97 296
97 338
97 429
98 111
98 138
98 144
98 154
98 155
98 168
98 176
98 191
98 213
98 233
98 244
98 321
98 343
98 432
98 438
98 453
98 510
99 111
99 114
99 120
99 125
99 161
99 182
99 207
99 228
99 233
99 316
99 327
99 352
99 353
99 370
99 392
99 406
99 458
99 460
99 477
100 117
100 131
100 139
100 140
100 202
100 235
100 470
101 157
101 167
101 169
101 188
101 256
101 267
101 373
101 380
101 459
101 484
101 485
102 104
102 167
102 189
102 213
102 243
102 254
102 284
102 302
102 303
102 341
102 375
102 465
103 119
103 145
103 186
103 207
103 210
103 224
103 237
103 254
103 255
103 269
103 289
103 336
103 388
103 424
103 506
104 105
104 112
104 129
104 134
104 139
104 144
104 159
104 192
104 198
104 210
104 259
104 266
104 271
104 279
104 299
104 345
104 373
104 420
104 430
104 432
104 469
104 509
105 136
105 139
105 151
105 172
105 273
105 291
105 349
106 123
106 137
106 138
106 313
106 351
106 371
106 415
106 450
107 125
107 260
107 438
107 457
107 504
108 109
108 113
108 126
108 183
108 184
108 192
108 194
108 217
108 220
108 230
108 320
108 335
108 343
108 360
108 371
108 389
108 398
108 410
108 412
108 427
108 432
108 461
108 489
108 492
108 500
109 150
109 169
109 187
109 240
109 312
109 338
109 402
109 440
109 473
109 505
110 118
110 127
110 129
110 142
110 150
110 180
110 188
110 203
110 282
110 345
110 437
110 508
111 145
111 153
111 158
111 163
111 216
111 393
111 401
111 421
111 500
112 171
112 245
112 361
112 450
113 421
114 158
114 276
114 297
114 350
115 185
115 295
115 309
115 370
115 431
115 499
116 238
116 270
116 287
116 317
117 118
117 144
117 156
117 182
117 228
117 240
117 299
117 355
117 356
117 474
118 151
118 185
118 200
118 289
118 294
118 295
118 386
118 404
118 439
119 174
119 255
119 290
119 318
119 399
119 420
119 459
119 467
119 468
119 474
119 488
119 504
120 149
120 203
120 241
120 257
120 339
120 437
120 501
121 130
121 167
121 310
121 344
121 352
121 445
121 471
122 138
122 215
122 329
122 405
122 458
123 134
123 137
123 145
123 148
123 156
123 158
123 159
123 177
123 191
123 194
123 218
123 274
123 361
123 462
123 468
124 136
124 215
124 227
124 232
124 266
124 276
124 285
124 305
124 328
124 391
124 410
124 431
125 158
125 280
125 310
125 326
125 402
125 444
125 458
125 487
126 136
126 147
126 152
126 169
126 341
126 408
126 441
126 444
127 137
127 146
127 162
127 175
127 196
127 203
127 206
127 225
127 238
127 333
127 343
127 456
127 472
127 493
127 502
128 135
128 174
128 177
128 210
128 276
128 278
128 296
128 318
128 337
128 419
128 448
129 149
129 173
129 217
129 483
129 504
130 186
130 270
130 304
130 307
130 333
130 344
130 362
130 385
130 417
130 420
130 440
130 450
130 488
131 147
131 149
131 214
131 257
131 438
131 457
132 155
132 220
132 241
132 266
132 298
132 299
133 161
133 219
133 323
133 326
134 261
134 294
134 305
134 309
134 378
134 419
134 500
135 164
135 306
135 308
135 314
135 397
135 437
136 143
136 146
136 180
136 301
136 340
136 343
136 362
137 206
137 209
137 253
137 317
137 410
137 441
137 444
138 165
138 190
138 206
138 250
138 275
138 306
138 364
138 376
138 438
138 450
138 458
138 476
139 204
139 216
139 257
139 385
139 414
139 446
140 146
140 177
140 195
140 277
140 306
140 323
140 339
140 350
140 375
140 400
140 460
141 173
141 186
141 254
141 272
141 308
141 309
141 356
141 362
141 401
141 481
142 189
142 475
143 226
143 238
143 375
143 388
143 392
143 428
143 479
144 223
144 263
144 278
144 299
144 427
145 340
145 470
145 484
146 197
146 229
146 240
146 446
146 485
146 493
147 224
147 235
147 251
147 266
147 281
147 284
147 324
147 386
147 393
147 415
147 471
148 192
148 203
148 207
148 286
148 330
148 414
148 437
148 446
148 469
149 199
149 205
149 259
149 265
149 269
149 282
149 338
149 391
150 240
150 344
150 454
150 463
150 492
151 179
151 310
151 383
151 442
151 444
152 172
152 193
152 288
152 301
152 371
153 167
153 202
153 361
153 424
154 335
154 342
154 367
154 385
155 164
155 247
155 315
155 425
156 226
156 390
156 426
156 472
157 160
157 161
157 200
157 320
157 362
157 478
157 496
158 163
158 184
158 268
158 346
158 431
159 173
159 215
159 259
159 260
159 278
159 308
159 386
159 391
159 440
160 198
161 242
161 344
161 353
162 242
162 284
162 358
162 382
162 415
163 167
163 317
163 350
163 368
164 274
164 331
164 335
164 337
164 346
164 350
164 367
164 385
164 491
165 192
165 212
165 321
165 359
165 464
166 191
166 209
166 244
166 257
166 262
166 312
166 350
166 377
166 394
166 414
166 422
166 429
166 467
166 470
166 473
166 503
167 226
167 265
167 268
167 269
167 327
167 332
167 413
167 457
168 195
168 269
168 283
168 364
168 425
168 427
169 171
169 187
169 218
169 365
169 436
170 241
170 243
170 423
170 436
171 270
171 313
171 320
171 345
171 487
171 495
172 194
172 238
172 245
172 317
172 346
172 363
172 452
173 271
173 349
173 351
173 378
174 190
174 208
174 304
174 359
174 396
174 414
174 455
175 181
175 273
175 300
175 313
175 318
175 355
175 362
175 374
175 380
175 394
175 401
175 472
176 193
176 217
176 273
176 280
176 323
176 347
176 408
176 449
177 276
177 333
177 336
177 340
178 316
178 319
179 362
180 299
180 421
180 446
180 468
181 187
181 243
181 249
181 283
182 184
182 407
182 499
183 375
183 377
183 480
184 185
184 312
184 316
184 332
184 387
184 405
184 452
184 466
184 474
184 492
184 509
185 366
185 412
186 190
186 233
186 290
186 476
187 239
187 286
187 290
187 331
187 340
187 445
188 206
188 235
188 267
188 283
188 366
188 369
188 379
188 476
189 197
189 348
190 196
190 215
190 234
190 249
190 255
190 372
190 391
190 434
190 435
190 498
191 231
191 268
191 283
191 353
191 388
191 394
191 454
192 236
192 262
192 283
192 308
192 377
193 200
193 214
193 307
193 376
193 395
193 476
193 495
194 208
194 305
194 456
194 486
195 242
195 306
195 311
195 380
195 404
195 437
196 214
196 216
196 243
196 250
196 260
196 284
196 303
196 325
196 511
197 292
197 359
197 454
197 465
197 506
198 286
198 455
199 205
199 219
199 235
199 259
199 318
199 458
199 499
200 256
200 272
200 445
201 227
201 328
201 332
201 336
201 355
201 370
201 377
201 391
201 415
201 499
202 371
202 482
203 265
203 485
204 228
204 232
204 336
204 381
204 412
204 429
204 466
204 473
205 217
205 375
205 389
205 396
205 494
206 390
207 337
207 380
207 406
208 223
208 265
208 293
208 313
208 329
208 350
208 355
208 389
208 400
208 412
208 487
208 509
209 212
209 249
209 279
209 296
209 298
209 436
209 489
210 245
210 346
210 397
211 256
211 263
211 280
211 284
211 326
211 332
211 390
211 497
212 243
212 292
212 352
212 400
212 424
212 426
212 430
213 219
213 350
213 431
215 224
215 247
215 254
215 318
215 366
215 369
215 432
215 449
215 458
216 257
217 246
217 277
217 280
217 314
217 319
217 357
217 398
217 466
218 245
218 317
218 431
219 308
219 503
219 508
220 240
220 264
220 270
220 287
220 338
220 403
220 416
220 468
221 354
221 436
221 492
222 275
222 365
222 380
222 429
222 485
223 325
223 448
223 503
223 504
224 236
224 240
224 271
224 311
224 317
224 351
225 230
225 235
225 267
225 411
226 296
226 322
226 395
226 486
227 295
227 318
227 436
228 242
228 246
228 316
228 363
229 247
229 340
230 283
230 285
230 298
230 344
230 392
231 296
231 306
231 357
232 243
232 344
233 386
233 506
233 510
234 283
234 295
234 327
234 338
234 463
234 492
235 241
235 308
235 437
235 470
235 477
236 507
236 510
237 354
237 358
237 369
237 392
238 288
238 338
238 370
239 278
239 349
239 367
239 423
239 430
240 251
240 326
240 359
240 366
241 330
241 422
241 466
242 264
243 269
243 314
243 325
243 385
244 245
244 401
244 462
244 502
245 251
245 305
245 314
245 321
245 336
245 345
245 366
245 375
245 480
245 486
245 504
246 406
246 425
246 459
246 469
247 322
247 334
247 451
247 482
247 505
248 304
248 332
248 426
249 401
249 417
249 460
250 266
250 304
250 494
251 281
251 301
251 302
251 339
251 440
253 290
253 320
253 322
253 351
253 373
253 383
253 384
253 419
253 424
253 425
253 487
254 270
255 279
255 305
255 358
255 407
256 311
257 274
258 335
258 340
258 399
258 461
259 360
259 463
259 495
259 502
260 304
260 480
260 486
261 312
261 346
261 372
261 422
261 483
262 316
262 319
262 395
262 452
262 496
263 364
263 455
263 482
264 283
264 369
264 387
265 292
266 409
266 414
267 300
267 367
267 409
268 439
268 500
269 270
270 273
270 291
270 320
270 346
270 425
270 443
270 506
271 403
271 413
271 486
272 285
272 322
272 331
272 337
272 416
272 446
274 296
274 302
274 441
274 484
275 311
275 358
275 360
276 286
276 369
276 391
276 441
276 462
277 282
277 361
277 363
277 505
278 300
278 451
278 474
279 369
279 379
279 488
279 492
279 496
279 502
280 312
280 418
281 441
281 486
282 447
283 292
283 295
283 299
283 336
283 417
283 468
283 477
283 490
284 295
284 337
284 346
284 422
285 316
285 348
285 365
286 384
286 447
287 293
288 368
288 382
288 405
288 461
289 381
289 412
289 465
289 491
290 428
290 439
290 476
291 338
291 381
291 388
291 487
292 302
292 326
292 365
292 471
293 367
293 372
293 409
294 493
295 333
295 347
295 398
295 433
295 510
296 300
296 327
296 358
296 488
298 393
298 489
299 319
299 357
299 370
299 417
299 475
300 342
300 453
301 309
301 448
301 459
301 480
302 313
302 356
302 507
303 322
303 360
303 382
303 465
304 322
304 324
304 395
304 427
305 349
305 429
305 467
305 492
306 309
306 361
307 320
307 333
307 382
307 428
307 448
307 467
308 355
308 422
309 360
309 396
309 459
310 364
310 434
310 494
311 506
312 368
312 436
313 373
313 383
313 389
313 487
314 479
314 509
316 461
318 339
318 384
319 403
320 420
321 339
321 435
322 327
322 448
322 460
324 349
324 370
324 375
324 411
324 432
324 495
324 500
325 353
325 390
325 405
326 361
328 488
328 496
329 434
329 437
331 354
331 410
331 433
331 439
334 406
335 477
336 478
337 356
337 421
338 385
338 418
338 427
339 497
340 354
340 448
341 456
344 381
346 415
346 504
347 401
349 447
350 378
350 434
350 443
351 434
351 481
352 434
353 413
353 420
356 462
357 408
357 413
358 401
358 487
359 365
359 441
360 392
360 400
360 463
361 403
361 459
361 479
361 493
362 404
363 454
364 425
365 431
365 464
365 466
365 471
365 499
366 407
366 507
367 394
369 507
370 398
370 439
372 402
373 486
373 510
374 442
374 486
374 491
375 472
376 381
376 471
380 412
380 503
381 398
382 510
383 407
383 451
384 476
385 473
386 388
386 402
386 410
386 442
386 474
388 397
389 483
389 495
392 423
394 463
396 433
397 489
397 509
398 423
400 415
400 418
401 458
401 487
402 444
402 452
403 480
403 502
403 508
404 421
404 438
404 457
404 499
405 438
405 455
406 452
406 484
408 481
409 462
410 413
410 457
410 469
414 447
415 416
416 501
417 451
418 506
419 494
420 445
420 449
420 480
421 423
424 432
424 459
425 502
426 430
428 440
428 477
436 509
437 507
438 454
438 467
439 504
442 447
442 505
444 461
446 453
448 456
450 475
453 475
454 490
456 485
457 467
460 495
461 509
461 511
475 476
476 488
480 503
480 510
483 496
