0 9
0 10
0 11
0 12
0 13
0 14
0 17
0 18
0 19
0 21
0 22
0 24
0 25
0 30
0 35
0 36
0 37
0 38
0 39
0 40
0 43
0 51
0 52
0 54
0 61
0 64
0 70
0 82
0 83
0 86
0 94
0 97
0 105
0 110
0 120
0 124
0 129
0 140
0 145
0 158
0 160
0 162
0 170
0 175
0 183
0 194
0 198
0 206
0 244
0 253
0 299
0 314
0 322
0 328
0 350
0 352
0 373
0 400
0 424
0 451
0 452
0 454
0 456
0 461
0 463
0 473
0 502
1 9
1 10
1 11
1 12
1 14
1 15
1 16
1 17
1 18
1 19
1 24
1 29
1 33
1 34
1 37
1 38
1 39
1 50
1 51
1 55
1 61
1 63
1 67
1 70
1 73
1 84
1 91
1 100
1 108
1 121
1 126
1 127
1 131
1 139
1 149
1 155
1 199
1 218
1 224
1 249
1 259
1 267
1 300
1 302
1 304
1 342
1 350
1 364
1 365
1 387
1 399
1 406
1 419
1 441
1 457
1 461
1 477
1 481
1 483
2 9
2 10
2 11
2 12
2 13
2 14
2 16
2 18
2 19
2 21
2 22
2 23
2 37
2 40
2 44
2 45
2 47
2 48
2 54
2 60
2 62
2 63
2 72
2 77
2 83
2 87
2 105
2 108
2 119
2 124
2 127
2 144
2 147
2 151
2 165
2 169
2 199
2 201
2 212
2 232
2 244
2 247
2 269
2 270
2 290
2 312
2 317
2 319
2 339
2 357
2 358
2 367
2 374
2 423
2 452
2 453
2 499
2 511
3 9
3 20
3 39
3 54
3 55
3 84
3 343
3 452
4 9
4 10
4 11
4 12
4 13
4 17
4 20
4 21
4 24
4 25
4 27
4 30
4 48
4 57
4 58
4 69
4 73
4 85
4 95
4 97
4 100
4 130
4 143
4 154
4 177
4 186
4 196
4 197
4 202
4 205
4 235
4 236
4 239
4 252
4 276
4 292
4 301
4 318
4 326
4 339
4 357
4 358
4 365
4 384
4 409
4 425
4 504
4 508
5 9
5 10
5 14
5 16
5 17
5 20
5 22
5 28
5 32
5 49
5 52
5 60
5 78
5 81
5 82
5 89
5 91
5 93
5 100
5 110
5 111
5 116
5 133
5 170
5 177
5 194
5 210
5 233
5 245
5 258
5 267
5 272
5 273
5 280
5 289
5 291
5 299
5 319
5 341
5 352
5 376
5 406
5 425
5 441
5 481
5 486
6 9
6 10
6 11
6 15
6 17
6 26
6 31
6 45
6 50
6 67
6 71
6 72
6 79
6 134
6 142
6 170
6 197
6 199
6 216
6 249
6 261
6 263
6 272
6 284
6 290
6 296
6 313
6 318
6 440
6 460
7 9
7 10
7 12
7 19
7 22
7 25
7 34
7 36
7 37
7 41
7 42
7 43
7 49
7 50
7 52
7 56
7 61
7 73
7 74
7 75
7 80
7 82
7 84
7 105
7 116
7 123
7 125
7 138
7 151
7 164
7 172
7 181
7 207
7 222
7 235
7 238
7 245
7 254
7 270
7 278
7 283
7 377
7 391
7 403
7 405
7 409
7 424
7 427
7 449
7 459
7 508
8 9
8 10
8 11
8 12
8 13
8 14
8 18
8 23
8 25
8 27
8 30
8 34
8 36
8 37
8 42
8 43
8 44
8 46
8 49
8 72
8 77
8 90
8 94
8 99
8 107
8 136
8 138
8 141
8 172
8 215
8 216
8 225
8 262
8 264
8 295
8 308
8 329
8 350
8 363
8 370
8 378
8 393
8 396
8 489
8 507
9 10
9 11
9 12
9 13
9 14
9 15
9 16
9 17
9 18
9 20
9 22
9 23
9 24
9 25
9 26
9 28
9 29
9 31
9 32
9 34
9 38
9 39
9 44
9 45
9 46
9 48
9 49
9 50
9 51
9 53
9 58
9 61
9 62
9 68
9 69
9 71
9 74
9 77
9 78
9 81
9 82
9 85
9 87
9 90
9 96
9 99
9 101
9 106
9 108
9 112
9 113
9 125
9 130
9 131
9 146
9 150
9 159
9 160
9 161
9 169
9 174
9 176
9 182
9 192
9 201
9 204
9 212
9 219
9 220
9 224
9 235
9 242
9 246
9 256
9 257
9 272
9 280
9 292
9 296
9 301
9 303
9 316
9 318
9 323
9 326
9 331
9 338
9 347
9 348
9 360
9 362
9 363
9 377
9 382
9 391
9 394
9 422
9 430
9 434
9 437
9 446
9 457
9 471
9 483
9 485
9 502
10 11
10 12
10 13
10 14
10 15
10 16
10 18
10 20
10 21
10 22
10 23
10 24
10 26
10 29
10 30
10 38
10 40
10 41
10 43
10 49
10 62
10 68
10 71
10 72
10 75
10 87
10 98
10 112
10 124
10 136
10 145
10 149
10 160
10 180
10 182
10 184
10 188
10 202
10 215
10 224
10 230
10 254
10 257
10 265
10 268
10 287
10 299
10 310
10 315
10 326
10 331
10 342
10 345
10 357
10 366
10 374
10 395
10 404
10 490
10 505
10 506
11 12
11 14
11 15
11 16
11 17
11 19
11 20
11 21
11 22
11 23
11 25
11 26
11 27
11 31
11 34
11 36
11 38
11 40
11 42
11 46
11 50
11 53
11 60
11 62
11 71
11 73
11 81
11 84
11 87
11 96
11 98
11 101
11 104
11 105
11 112
11 113
11 117
11 136
11 140
11 146
11 147
11 151
11 152
11 154
11 156
11 157
11 159
11 173
11 184
11 185
11 186
11 200
11 202
11 204
11 207
11 210
11 213
11 231
11 235
11 245
11 252
11 257
11 260
11 261
11 274
11 275
11 277
11 278
11 282
11 294
11 326
11 327
11 333
11 348
11 357
11 359
11 366
11 369
11 370
11 384
11 408
11 423
11 428
11 429
11 446
11 456
11 472
11 474
11 488
11 505
11 507
11 511
12 13
12 15
12 17
12 18
12 19
12 21
12 23
12 27
12 30
12 36
12 40
12 42
12 44
12 45
12 47
12 52
12 53
12 56
12 59
12 63
12 65
12 66
12 88
12 89
12 92
12 99
12 110
12 117
12 138
12 140
12 173
12 174
12 184
12 211
12 213
12 218
12 223
12 228
12 245
12 258
12 262
12 265
12 267
12 269
12 285
12 292
12 332
12 335
12 338
12 348
12 356
12 380
12 385
12 392
12 400
12 415
12 457
12 465
12 489
12 506
12 508
13 14
13 15
13 16
13 18
13 21
13 22
13 23
13 25
13 26
13 28
13 33
13 44
13 48
13 50
13 53
13 59
13 61
13 62
13 64
13 66
13 85
13 89
13 94
13 96
13 97
13 101
13 103
13 104
13 106
13 123
13 125
13 128
13 130
13 134
13 136
13 139
13 144
13 163
13 173
13 178
13 180
13 181
13 189
13 190
13 196
13 197
13 198
13 203
13 220
13 225
13 227
13 232
13 233
13 239
13 241
13 266
13 269
13 273
13 286
13 291
13 309
13 315
13 328
13 334
13 346
13 364
13 366
13 381
13 397
13 404
13 447
13 467
13 480
14 20
14 21
14 23
14 27
14 31
14 32
14 42
14 54
14 63
14 67
14 70
14 81
14 91
14 98
14 99
14 101
14 132
14 134
14 135
14 146
14 152
14 154
14 163
14 166
14 175
14 202
14 205
14 207
14 215
14 218
14 235
14 249
14 267
14 270
14 273
14 286
14 288
14 292
14 314
14 324
14 326
14 364
14 371
14 374
14 379
14 386
14 393
14 395
14 416
14 434
14 447
14 450
14 452
14 464
14 507
15 16
15 19
15 20
15 21
15 24
15 32
15 33
15 38
15 41
15 49
15 52
15 53
15 56
15 62
15 64
15 71
15 80
15 96
15 99
15 102
15 104
15 105
15 114
15 120
15 123
15 137
15 138
15 144
15 150
15 163
15 168
15 169
15 175
15 181
15 190
15 194
15 195
15 201
15 219
15 246
15 253
15 271
15 282
15 287
15 288
15 310
15 321
15 327
15 356
15 358
15 375
15 385
15 400
15 409
15 420
15 427
15 428
15 454
15 483
15 499
15 504
15 506
15 508
16 17
16 18
16 19
16 20
16 24
16 29
16 31
16 34
16 38
16 39
16 41
16 45
16 49
16 51
16 61
16 65
16 69
16 72
16 74
16 83
16 85
16 94
16 103
16 107
16 110
16 111
16 112
16 122
16 165
16 187
16 209
16 226
16 247
16 250
16 271
16 276
16 287
16 305
16 332
16 346
16 359
16 380
16 388
16 403
16 426
16 435
16 446
17 19
17 22
17 28
17 29
17 30
17 33
17 37
17 38
17 56
17 66
17 77
17 78
17 79
17 83
17 87
17 111
17 118
17 149
17 166
17 168
17 169
17 172
17 183
17 188
17 190
17 214
17 220
17 236
17 248
17 263
17 280
17 292
17 296
17 341
17 418
17 452
17 468
17 484
17 487
17 508
17 509
18 25
18 31
18 33
18 36
18 41
18 44
18 61
18 64
18 79
18 100
18 111
18 117
18 119
18 120
18 121
18 141
18 165
18 171
18 204
18 205
18 232
18 242
18 243
18 286
18 291
18 309
18 321
18 332
18 334
18 356
18 381
18 409
18 414
18 426
18 486
19 25
19 26
19 27
19 28
19 29
19 31
19 32
19 36
19 37
19 41
19 44
19 47
19 48
19 51
19 56
19 57
19 58
19 68
19 70
19 75
19 79
19 85
19 88
19 92
19 94
19 96
19 105
19 112
19 113
19 130
19 153
19 155
19 166
19 184
19 187
19 189
19 192
19 201
19 202
19 221
19 231
19 237
19 239
19 241
19 244
19 255
19 257
19 260
19 261
19 287
19 301
19 334
19 335
19 336
19 352
19 355
19 357
19 361
19 367
19 412
19 419
19 425
19 429
19 435
19 439
19 450
19 451
19 466
19 467
19 481
19 482
19 483
19 501
19 502
20 26
20 28
20 29
20 31
20 33
20 35
20 42
20 45
20 56
20 59
20 63
20 65
20 70
20 71
20 74
20 77
20 78
20 80
20 81
20 84
20 91
20 94
20 106
20 108
20 109
20 113
20 116
20 117
20 122
20 123
20 131
20 136
20 145
20 164
20 172
20 185
20 186
20 199
20 207
20 209
20 214
20 221
20 222
20 233
20 234
20 250
20 263
20 280
20 284
20 285
20 286
20 302
20 315
20 318
20 332
20 373
20 400
20 405
20 406
20 407
20 414
20 433
20 438
20 447
20 462
20 465
21 27
21 28
21 52
21 57
21 60
21 66
21 69
21 82
21 91
21 93
21 97
21 102
21 116
21 117
21 123
21 139
21 145
21 158
21 180
21 199
21 209
21 246
21 247
21 288
21 326
21 355
21 390
21 404
21 427
22 27
22 32
22 35
22 36
22 45
22 62
22 80
22 92
22 104
22 115
22 121
22 122
22 124
22 125
22 129
22 177
22 193
22 211
22 223
22 225
22 230
22 233
22 234
22 238
22 249
22 272
22 277
22 287
22 333
22 337
22 342
22 375
22 378
22 429
22 437
22 472
22 492
22 498
23 24
23 27
23 34
23 35
23 38
23 55
23 58
23 60
23 66
23 70
23 75
23 87
23 90
23 108
23 126
23 128
23 130
23 131
23 156
23 196
23 203
23 215
23 238
23 256
23 268
23 271
23 273
23 288
23 299
23 309
23 313
23 340
23 342
23 348
23 411
23 413
23 428
23 463
23 469
23 473
24 26
24 39
24 50
24 54
24 55
24 61
24 68
24 76
24 88
24 98
24 107
24 112
24 113
24 132
24 139
24 149
24 163
24 166
24 169
24 176
24 177
24 180
24 182
24 214
24 230
24 247
24 261
24 300
24 305
24 306
24 310
24 324
24 345
24 347
24 366
24 375
24 385
24 401
24 402
24 412
24 416
24 422
24 454
24 468
24 507
25 26
25 33
25 35
25 37
25 39
25 48
25 51
25 57
25 74
25 77
25 93
25 113
25 115
25 120
25 148
25 231
25 286
25 306
25 316
25 403
25 405
25 419
25 429
26 32
26 35
26 43
26 47
26 79
26 90
26 91
26 121
26 132
26 159
26 202
26 264
26 279
26 286
26 310
26 390
26 412
26 431
26 458
26 503
27 28
27 29
27 35
27 45
27 54
27 57
27 60
27 73
27 75
27 83
27 84
27 86
27 90
27 109
27 137
27 142
27 151
27 162
27 170
27 238
27 260
27 281
27 298
27 312
27 326
27 330
27 333
27 360
27 427
27 437
27 448
27 449
27 465
28 43
28 44
28 71
28 80
28 95
28 103
28 106
28 109
28 116
28 152
28 186
28 211
28 227
28 238
28 244
28 318
28 330
28 392
28 395
28 411
28 419
28 491
28 504
29 33
29 34
29 35
29 37
29 55
29 58
29 103
29 111
29 119
29 122
29 137
29 141
29 167
29 177
29 178
29 192
29 196
29 229
29 264
29 278
29 313
29 348
29 349
29 353
29 359
29 398
29 399
29 415
29 448
29 458
29 468
29 510
30 31
30 35
30 36
30 44
30 53
30 65
30 81
30 100
30 101
30 102
30 108
30 119
30 124
30 163
30 183
30 191
30 208
30 213
30 221
30 240
30 255
30 258
30 260
30 282
30 285
30 288
30 301
30 327
30 379
30 385
30 419
30 431
30 475
30 496
31 46
31 56
31 65
31 101
31 126
31 129
31 136
31 148
31 160
31 161
31 188
31 259
31 268
31 271
31 311
31 316
31 317
31 335
31 364
31 449
31 472
31 501
32 34
32 42
32 46
32 53
32 54
32 108
32 114
32 116
32 127
32 178
32 185
32 258
32 266
32 281
32 307
32 336
32 359
32 428
32 465
32 480
33 45
33 53
33 63
33 67
33 69
33 73
33 100
33 109
33 135
33 227
33 250
33 253
33 382
33 402
33 425
34 40
34 54
34 62
34 76
34 92
34 93
34 98
34 104
34 119
34 129
34 143
34 149
34 150
34 153
34 167
34 176
34 178
34 183
34 209
34 217
34 232
34 241
34 293
34 314
34 386
34 387
34 396
34 420
34 482
35 42
35 43
35 46
35 47
35 48
35 52
35 58
35 59
35 76
35 91
35 101
35 104
35 162
35 227
35 250
35 267
35 282
35 312
35 371
35 388
35 390
35 402
35 432
35 457
35 490
35 494
35 510
36 64
36 74
36 83
36 131
36 132
36 142
36 143
36 146
36 169
36 179
36 184
36 191
36 209
36 216
36 227
36 229
36 238
36 242
36 245
36 281
36 298
36 311
36 343
36 378
36 388
36 407
36 491
36 500
37 47
37 50
37 66
37 78
37 171
37 179
37 198
37 229
37 259
37 262
37 301
37 313
37 361
37 431
37 478
37 492
38 39
38 49
38 53
38 55
38 63
38 67
38 71
38 74
38 75
38 76
38 77
38 79
38 94
38 97
38 112
38 146
38 156
38 171
38 172
38 180
38 182
38 189
38 197
38 200
38 204
38 212
38 225
38 234
38 240
38 244
38 258
38 262
38 269
38 279
38 293
38 295
38 333
38 378
38 379
38 403
38 444
38 460
38 464
38 487
38 491
38 495
38 502
39 40
39 43
39 48
39 52
39 59
39 63
39 65
39 75
39 76
39 86
39 93
39 96
39 110
39 114
39 135
39 137
39 140
39 160
39 163
39 178
39 205
39 206
39 248
39 291
39 300
39 308
39 313
39 320
39 349
39 356
39 410
39 420
39 457
39 481
39 495
40 41
40 55
40 72
40 80
40 82
40 99
40 106
40 115
40 132
40 136
40 142
40 148
40 156
40 161
40 165
40 178
40 180
40 185
40 194
40 196
40 234
40 281
40 321
40 341
40 354
40 360
40 368
40 389
40 442
40 467
40 468
40 490
40 495
41 43
41 46
41 57
41 59
41 64
41 69
41 73
41 74
41 107
41 133
41 143
41 144
41 146
41 147
41 159
41 162
41 175
41 183
41 186
41 190
41 202
41 230
41 253
41 377
41 425
41 444
41 449
42 79
42 85
42 91
42 92
42 115
42 132
42 213
42 221
42 248
42 265
42 319
42 328
42 329
43 47
43 86
43 107
43 137
43 164
43 182
43 264
43 303
43 342
43 388
43 418
44 64
44 67
44 70
44 72
44 79
44 87
44 89
44 92
44 97
44 108
44 164
44 182
44 209
44 277
44 323
44 357
44 441
45 47
45 73
45 76
45 81
45 86
45 90
45 96
45 110
45 120
45 123
45 135
45 137
45 148
45 187
45 224
45 239
45 280
45 295
45 304
45 305
45 320
45 337
45 361
45 371
45 372
45 422
45 460
45 484
46 59
46 72
46 85
46 103
46 150
46 167
46 194
46 199
46 214
46 218
46 221
46 229
46 248
46 277
46 280
46 283
46 299
46 309
46 322
46 339
46 376
46 391
46 417
46 438
46 455
46 458
46 469
46 489
46 491
46 493
47 57
47 66
47 103
47 126
47 136
47 169
47 174
47 188
47 215
47 355
47 431
47 439
47 442
47 478
47 505
48 58
48 69
48 73
48 80
48 96
48 99
48 107
48 162
48 180
48 184
48 195
48 214
48 226
48 254
48 262
48 275
48 316
48 332
48 341
48 344
48 354
48 356
48 382
48 397
48 417
48 435
48 448
48 466
48 475
48 476
48 492
48 505
49 83
49 85
49 86
49 110
49 112
49 127
49 138
49 140
49 151
49 159
49 179
49 184
49 205
49 257
49 346
49 350
49 359
49 370
49 397
49 416
49 421
49 437
49 468
49 506
50 56
50 59
50 67
50 81
50 102
50 174
50 191
50 212
50 381
50 442
50 472
51 154
51 158
51 176
51 179
51 197
51 198
51 214
51 261
51 284
51 307
51 317
51 378
51 436
51 466
51 472
51 477
51 485
51 490
51 491
52 57
52 90
52 92
52 94
52 95
52 106
52 125
52 139
52 159
52 175
52 185
52 187
52 230
52 303
52 330
52 333
52 503
52 507
53 55
53 56
53 65
53 94
53 142
53 168
53 181
53 201
53 243
53 271
54 64
54 105
54 127
54 155
54 156
54 165
54 242
54 269
54 293
54 300
54 412
55 57
55 68
55 80
55 111
55 122
55 133
55 134
55 141
55 173
55 174
55 181
55 198
55 199
55 203
55 252
55 273
55 304
55 311
55 325
55 342
55 344
55 349
55 370
55 402
55 426
55 445
55 446
55 461
55 467
55 488
55 496
56 58
56 86
56 118
56 132
56 157
56 196
56 264
56 340
56 365
56 398
56 399
56 405
56 413
56 436
57 60
57 82
57 88
57 89
57 116
57 119
57 145
57 150
57 161
57 182
57 185
57 199
57 218
57 266
57 386
57 393
57 438
57 469
57 470
57 489
57 492
57 500
58 68
58 75
58 78
58 92
58 101
58 156
58 160
58 204
58 208
58 220
58 262
58 331
58 385
58 471
58 485
59 66
59 82
59 137
59 170
59 233
59 235
59 239
59 294
59 398
59 408
59 455
60 76
60 77
60 122
60 125
60 157
60 168
60 189
60 207
60 217
60 237
60 302
60 338
60 441
61 64
61 69
61 71
61 84
61 102
61 122
61 127
61 133
61 143
61 171
61 203
61 211
61 216
61 222
61 228
61 250
61 262
61 270
61 303
61 304
61 313
61 342
61 343
61 355
61 370
61 374
61 376
61 383
61 389
61 398
61 402
61 426
61 453
61 478
61 503
62 95
62 104
62 109
62 111
62 114
62 128
62 133
62 139
62 141
62 163
62 172
62 175
62 176
62 206
62 216
62 266
62 275
62 312
62 334
62 345
62 347
62 371
62 379
63 65
63 88
63 131
63 147
63 244
63 287
63 319
63 377
63 384
63 430
63 465
64 85
64 113
64 138
64 228
64 305
64 351
64 441
64 470
65 91
65 95
65 118
65 129
65 158
65 191
65 198
65 211
65 221
65 242
65 243
65 310
65 329
65 354
65 497
65 510
66 69
66 78
66 93
66 97
66 115
66 135
66 150
66 173
66 190
66 229
66 238
66 240
66 261
66 274
66 280
66 284
66 337
66 345
66 367
66 393
66 399
66 404
66 405
66 474
66 489
66 500
67 70
67 165
67 177
67 204
67 223
67 273
67 329
67 333
67 336
67 346
68 70
68 84
68 158
68 195
68 218
68 223
68 252
68 283
68 309
68 357
68 389
68 401
68 444
68 459
69 80
69 87
69 147
69 148
69 156
69 241
69 243
69 256
69 314
69 420
69 433
69 436
69 468
69 492
70 115
70 138
70 147
70 197
70 198
70 203
70 206
70 210
70 255
70 279
70 289
70 297
70 360
70 418
70 431
70 489
70 504
70 506
71 120
71 122
71 126
71 144
71 166
71 187
71 212
71 220
71 333
71 416
71 477
72 90
72 119
72 142
72 155
72 178
72 231
72 232
72 254
72 307
72 316
72 330
72 415
72 477
72 482
73 74
73 79
73 120
73 216
73 226
73 227
73 251
73 293
73 320
73 347
73 362
73 363
73 376
73 418
73 443
73 449
73 486
73 508
74 110
74 133
74 147
74 181
74 193
74 321
74 325
74 380
74 459
75 105
75 120
75 122
75 130
75 167
75 175
75 239
75 252
75 314
75 324
75 339
75 386
76 81
76 92
76 100
76 102
76 128
76 151
76 152
76 240
76 268
76 300
76 355
76 393
76 412
76 486
77 108
77 111
77 114
77 119
77 129
77 160
77 185
77 191
77 208
77 215
77 228
77 234
77 355
77 374
77 501
78 128
78 161
78 171
78 269
78 356
78 392
78 404
78 453
78 508
79 103
79 104
79 126
79 173
79 174
79 175
79 179
79 190
79 208
79 267
79 277
79 300
79 331
79 372
79 446
79 473
79 487
80 83
80 88
80 124
80 149
80 159
80 210
80 241
80 254
80 317
80 354
80 356
80 405
80 454
80 476
81 141
81 143
81 153
81 166
81 246
81 364
81 453
81 454
81 503
82 86
82 102
82 117
82 125
82 128
82 144
82 161
82 197
82 278
82 299
82 351
82 393
82 407
83 105
83 140
83 153
83 157
83 158
83 163
83 166
83 177
83 183
83 190
83 194
83 195
83 197
83 233
83 276
83 348
83 353
83 368
83 428
83 459
84 278
84 413
84 434
84 451
84 452
85 127
85 155
85 160
85 168
85 219
85 261
85 334
85 353
85 457
85 499
86 102
86 127
86 133
86 134
86 152
86 181
86 182
86 185
86 253
86 255
86 289
86 302
86 304
86 321
86 379
86 496
87 95
87 98
87 111
87 138
87 141
87 143
87 205
87 213
87 217
87 230
87 232
87 293
87 300
87 302
87 321
87 332
87 372
87 375
87 387
87 440
87 464
87 487
88 121
88 176
88 195
88 204
88 213
88 248
88 249
88 307
88 402
88 421
89 97
89 109
89 145
89 187
89 208
89 344
89 413
90 118
90 275
90 279
90 289
90 350
90 422
90 423
90 498
90 509
91 253
91 297
91 374
91 444
92 114
92 119
92 128
92 151
92 158
92 310
92 380
92 482
93 95
93 96
93 115
93 116
93 183
93 201
93 210
93 218
93 259
93 264
93 268
93 314
93 320
93 322
93 412
93 470
93 484
94 95
94 98
94 101
94 139
94 145
94 164
94 171
94 184
94 211
94 222
94 252
94 281
94 294
94 295
94 322
94 389
94 392
94 429
94 431
94 445
94 455
94 456
94 478
94 494
95 142
95 277
95 286
95 323
95 329
95 331
95 337
95 427
95 446
95 460
96 113
96 239
96 317
96 344
96 347
96 388
96 408
96 443
97 100
97 139
97 167
97 237
97 269
97 293
97 317
97 336
97 349
97 350
97 463
97 487
98 100
98 102
98 146
98 154
98 158
98 178
98 183
98 274
98 328
98 333
98 338
98 351
98 362
98 489
98 509
98 510
99 145
99 206
99 275
99 327
99 401
99 484
99 500
100 107
100 153
100 202
100 289
100 460
101 115
101 275
101 327
101 417
101 442
101 465
102 130
102 142
102 150
102 173
102 193
102 211
102 217
102 245
102 251
102 277
102 316
102 317
102 319
102 347
102 363
102 382
102 383
102 410
102 461
102 486
102 492
103 146
103 148
103 226
103 267
103 384
103 424
103 435
103 482
103 509
104 106
104 172
104 288
104 306
104 410
104 429
104 454
105 117
105 145
105 147
105 154
105 168
105 194
105 236
105 264
105 284
105 326
105 432
105 450
105 474
105 497
106 127
106 157
106 230
106 407
107 128
107 174
107 233
107 253
107 311
107 359
107 380
108 126
108 140
108 142
108 152
108 206
108 209
108 252
108 285
108 494
108 500
109 135
109 281
109 340
109 474
110 137
110 168
110 401
110 422
111 115
111 190
111 210
111 219
111 222
111 224
111 322
111 342
111 371
111 373
111 398
111 442
111 481
111 498
112 118
112 124
112 331
112 332
112 344
113 215
113 227
113 231
113 258
113 280
113 314
113 353
113 392
113 410
113 506
114 218
114 219
114 223
114 243
114 245
114 257
114 292
114 346
114 410
114 445
114 480
115 118
115 164
115 210
115 250
115 282
115 315
115 319
115 390
115 395
115 490
116 118
116 144
116 214
116 277
116 307
116 382
116 421
116 430
116 457
116 487
116 498
117 123
117 215
117 322
117 355
117 469
118 124
118 138
118 139
118 150
118 188
118 320
118 413
119 132
119 143
119 162
119 276
119 341
119 464
120 126
120 134
120 172
120 181
120 200
120 205
120 237
120 272
120 279
120 421
120 474
121 155
121 162
121 321
121 468
122 193
122 208
122 236
122 290
122 308
122 319
122 347
122 373
122 462
123 152
123 153
123 154
123 176
123 221
123 223
123 225
123 251
123 289
123 290
123 298
123 345
123 464
123 473
123 476
124 132
124 153
124 169
124 191
124 208
124 222
124 223
124 252
124 297
124 349
124 366
124 488
125 162
125 251
125 276
125 340
125 365
125 372
125 401
125 406
125 447
125 496
126 134
126 193
126 209
126 213
126 228
126 238
126 282
126 303
126 367
126 399
126 468
127 131
127 148
127 153
127 161
127 189
127 213
127 226
127 259
127 260
127 305
127 307
127 337
127 408
127 423
127 435
128 152
128 170
128 200
128 288
128 428
128 462
129 146
129 173
129 185
129 226
129 253
129 302
129 325
129 358
129 387
130 143
130 217
130 221
130 243
130 283
130 317
130 370
130 390
130 440
131 148
131 188
131 192
131 256
131 269
131 294
131 367
131 442
132 170
132 189
132 227
132 285
132 313
132 349
132 376
132 421
133 186
133 244
133 394
133 430
134 151
134 165
134 182
134 250
134 305
134 394
134 426
134 477
134 488
135 166
135 167
135 192
135 196
135 204
135 237
135 243
135 256
135 258
135 311
135 330
135 453
135 511
136 140
136 235
136 265
136 301
136 401
136 504
137 144
137 147
137 177
137 217
137 262
137 278
137 294
137 307
137 308
137 400
137 413
138 169
138 237
138 323
138 409
138 485
139 140
139 167
139 189
139 263
139 297
139 317
139 325
139 332
139 341
139 352
139 455
139 510
140 175
140 188
140 206
140 217
140 220
140 284
140 285
140 313
140 433
140 436
140 441
140 448
140 450
140 476
140 488
141 152
141 159
141 162
141 177
141 225
141 258
141 259
141 262
141 297
141 340
141 361
141 425
141 458
141 482
142 206
142 270
142 271
142 367
142 391
142 414
142 424
142 479
143 164
143 281
143 293
143 328
143 334
143 383
143 409
143 485
143 503
144 170
144 186
144 219
144 242
144 249
144 349
144 366
144 387
144 457
145 267
145 271
145 278
145 288
145 313
145 368
145 447
145 456
145 462
145 465
146 156
146 180
146 276
146 296
146 302
146 303
146 308
146 331
146 378
147 192
147 198
147 345
147 349
147 376
147 414
147 425
147 432
147 438
147 473
148 156
148 161
148 188
148 203
148 263
148 330
148 371
148 407
149 174
149 192
149 208
149 233
149 241
149 245
149 256
149 334
149 369
149 383
149 408
149 420
149 461
149 485
149 502
150 165
150 170
150 218
150 230
150 246
150 279
150 283
150 295
150 306
150 322
150 335
150 418
150 439
151 157
151 167
151 174
151 219
151 328
151 351
151 471
151 499
152 278
152 285
152 290
152 311
152 401
153 157
153 203
153 230
153 279
153 291
153 430
153 458
153 481
154 158
154 200
154 213
154 265
154 297
154 341
154 363
154 371
154 381
154 445
154 464
154 504
155 196
155 201
155 209
155 265
155 285
155 327
155 329
155 334
155 358
155 439
155 445
155 460
155 478
156 172
156 229
156 283
156 300
156 417
157 212
157 231
157 239
157 283
157 311
157 389
157 433
157 479
157 508
158 173
158 303
158 408
158 415
158 497
159 166
159 198
159 298
159 456
159 478
160 164
160 204
160 207
160 212
160 335
160 379
160 398
160 400
160 423
160 441
160 487
160 493
161 179
161 226
161 294
161 358
161 401
161 435
162 211
162 394
163 210
163 234
163 282
163 301
163 324
163 338
163 352
163 408
163 444
164 171
164 191
164 210
164 281
164 296
164 325
164 390
164 436
165 168
165 187
165 192
165 212
165 237
165 294
165 310
165 345
165 363
165 405
165 416
165 419
166 200
166 220
166 229
166 240
166 243
166 251
166 271
166 281
166 354
166 424
166 431
166 442
167 176
167 236
167 321
167 362
167 383
167 443
167 475
168 195
168 302
168 397
168 416
168 417
168 481
169 241
169 260
169 270
170 194
170 235
170 251
170 284
170 422
170 433
170 488
171 256
172 188
172 292
173 309
173 406
173 423
173 473
173 489
174 176
174 239
174 287
174 309
174 359
174 472
175 223
175 226
175 277
175 291
175 303
175 349
175 369
175 408
176 196
176 219
176 224
176 381
177 180
177 189
177 247
177 252
177 300
177 339
177 368
177 369
177 445
177 474
177 480
177 499
178 205
178 257
178 268
178 309
178 420
178 493
179 255
179 419
179 434
180 203
180 267
180 276
180 292
180 339
180 440
180 471
181 271
181 338
182 229
182 280
183 247
183 289
183 410
183 411
183 446
183 451
183 459
184 399
184 447
185 316
185 456
185 475
185 502
186 216
186 222
186 290
186 294
186 343
186 391
186 424
186 466
187 199
187 273
187 333
187 381
187 427
187 472
187 509
188 403
188 412
188 475
188 491
189 363
189 369
189 397
189 398
190 264
190 298
190 343
191 491
192 284
193 214
193 231
193 246
193 332
193 384
193 397
193 499
194 256
195 208
195 234
195 401
196 206
196 297
196 318
196 383
196 498
196 511
197 225
197 234
197 290
197 327
198 200
198 418
198 437
199 293
199 304
199 340
200 237
200 266
200 287
200 334
200 356
200 373
200 385
200 426
200 480
201 202
201 228
201 275
201 362
201 375
202 224
202 248
202 256
202 308
202 448
202 493
203 228
203 254
203 447
204 270
204 454
205 296
205 493
205 494
206 225
207 212
207 240
207 291
207 372
207 511
208 236
208 238
208 299
208 344
208 381
208 399
208 400
208 429
208 459
208 471
208 501
209 231
209 254
209 270
209 392
211 244
211 272
211 337
211 362
211 483
212 274
212 468
212 486
213 255
213 259
213 260
213 306
213 343
213 437
213 493
214 217
214 255
214 285
214 308
214 338
214 383
214 405
214 409
214 475
214 491
214 506
215 232
215 236
215 345
215 369
215 494
216 263
216 274
216 320
216 421
216 432
216 467
217 228
217 233
217 251
217 323
218 343
218 436
218 505
219 304
219 312
219 443
219 473
220 339
220 344
220 463
221 236
221 251
221 297
221 346
221 363
221 373
221 439
222 240
222 255
222 259
222 364
222 373
222 382
222 397
222 409
222 414
223 243
223 355
223 360
223 395
223 403
223 437
223 450
224 231
224 387
224 488
225 365
225 366
225 371
225 500
226 275
226 437
227 232
227 335
227 368
228 340
228 369
228 378
228 427
229 253
229 298
229 338
229 383
230 353
230 393
230 470
230 501
230 507
231 372
231 376
231 445
232 455
232 463
233 254
233 353
233 387
233 428
234 295
234 323
234 336
234 339
235 324
235 370
235 372
235 380
235 395
235 410
235 432
235 482
236 246
236 249
236 299
237 325
237 373
238 325
238 407
238 415
238 463
238 479
239 242
239 381
239 412
240 249
240 306
240 351
240 394
240 427
240 469
240 494
241 341
241 411
243 311
243 426
244 320
244 323
244 326
244 360
244 417
244 459
245 306
245 338
245 425
246 248
246 263
246 266
246 304
246 323
246 324
246 351
246 376
246 407
246 484
247 308
247 322
247 365
247 375
248 305
248 381
248 390
248 398
248 479
249 424
251 339
251 353
251 384
251 405
251 406
251 420
251 479
252 260
252 473
252 504
253 254
253 268
253 433
253 458
254 421
255 272
255 301
255 316
255 330
255 342
255 368
255 396
255 399
255 511
256 329
256 350
256 395
257 289
257 413
257 460
258 279
258 288
258 364
259 337
261 274
261 291
261 301
261 323
261 375
261 387
261 449
261 454
262 266
262 284
262 295
262 324
262 350
262 357
262 385
262 432
262 436
263 290
263 447
264 295
264 311
264 438
265 282
265 306
265 341
265 367
265 396
265 438
265 463
265 488
266 296
266 297
266 358
266 467
266 507
267 274
267 279
267 328
267 348
267 379
267 418
268 272
268 412
268 465
269 274
269 346
269 394
269 441
269 453
269 497
270 394
270 396
270 417
270 462
271 287
271 455
271 466
272 361
272 377
273 365
273 411
273 415
273 456
274 335
274 404
274 495
275 296
275 366
275 391
275 467
276 298
276 335
276 343
276 367
276 395
276 440
277 305
277 403
277 409
277 417
277 451
278 374
278 425
279 320
279 375
279 501
280 336
280 346
280 483
282 439
287 490
288 329
288 365
288 451
288 475
289 307
290 448
291 327
291 344
291 416
291 432
291 434
291 440
291 451
291 457
292 330
292 439
292 454
293 502
294 336
294 434
294 474
294 497
295 310
295 426
296 377
296 403
297 420
297 472
298 364
298 368
298 374
299 325
299 362
300 302
300 356
300 465
301 460
301 464
301 495
301 496
302 315
302 434
302 478
304 354
304 386
304 447
304 474
304 477
305 315
305 318
305 384
306 331
306 458
306 462
307 308
307 340
307 389
308 478
309 410
310 321
310 322
310 355
310 368
310 426
310 435
312 337
312 353
312 420
312 504
313 328
313 400
313 499
314 495
315 359
315 422
315 501
316 438
317 345
317 456
317 487
317 495
318 328
319 324
319 439
320 365
322 383
322 402
322 503
322 508
323 370
323 392
323 416
324 331
324 402
326 352
326 403
326 444
326 453
328 354
328 423
328 466
328 479
328 480
329 377
330 415
330 493
330 503
331 364
331 444
332 336
332 377
332 380
332 464
333 374
333 492
334 483
334 506
335 388
335 402
336 352
336 431
337 399
338 394
340 396
341 417
342 394
343 379
343 451
344 347
344 388
344 397
344 414
344 418
344 429
344 458
344 499
345 360
345 378
345 423
345 430
346 450
346 462
346 489
347 406
348 358
348 397
348 467
348 487
349 406
352 386
353 369
353 384
353 461
354 440
357 411
359 396
359 485
359 496
359 510
361 469
361 482
363 393
363 404
363 505
366 473
367 385
367 448
368 433
369 386
369 500
369 511
370 378
370 421
370 476
371 377
371 410
371 438
371 498
376 382
376 445
376 501
377 438
379 391
379 406
379 474
380 415
381 423
382 446
382 490
383 440
383 476
383 509
385 422
387 419
387 436
387 463
390 407
392 444
393 411
393 480
393 497
394 429
394 434
394 443
394 492
395 456
395 475
395 500
397 408
397 483
399 437
399 451
399 492
399 502
400 427
401 469
402 449
405 414
407 495
408 442
408 446
410 471
410 486
413 443
413 461
415 461
416 422
416 484
419 479
419 510
420 443
420 496
422 511
423 450
424 428
424 444
427 434
433 510
434 486
434 498
435 441
435 479
436 475
436 493
437 455
437 460
438 466
440 455
440 497
442 471
445 477
446 497
447 448
447 494
447 509
449 505
451 497
457 507
460 476
466 471
469 470
470 499
471 481
472 482
479 498
481 485
481 494
484 498
487 503
488 507
498 505
