0 9
0 10
0 11
0 12
0 14
0 15
0 17
0 23
0 24
0 33
0 40
0 42
0 45
0 51
0 56
0 60
0 64
0 68
0 79
0 81
0 82
0 85
0 92
0 95
0 109
0 111
0 113
0 116
0 133
0 135
0 138
0 144
0 168
0 191
0 198
0 229
0 236
0 244
0 282
0 286
0 316
0 334
0 343
0 345
0 353
0 396
0 399
0 435
0 461
0 467
0 469
1 9
1 10
1 11
1 12
1 13
1 14
1 17
1 18
1 20
1 26
1 31
1 42
1 43
1 59
1 64
1 92
1 111
1 113
1 127
1 134
1 138
1 139
1 140
1 148
1 171
1 188
1 198
1 219
1 220
1 235
1 257
1 290
1 299
1 305
1 307
1 309
1 315
1 317
1 336
1 341
1 352
1 358
1 364
1 369
1 373
1 382
1 390
1 396
1 398
1 421
1 430
2 9
2 10
2 12
2 13
2 15
2 21
2 26
2 33
2 35
2 41
2 45
2 52
2 62
2 81
2 100
2 120
2 123
2 126
2 129
2 137
2 142
2 146
2 161
2 162
2 179
2 185
2 205
2 206
2 223
2 225
2 230
2 235
2 247
2 252
2 263
2 274
2 391
2 403
2 415
2 473
2 479
2 487
3 9
3 10
3 12
3 30
3 48
3 54
3 67
3 74
3 91
3 96
3 103
3 105
3 111
3 270
3 339
3 450
3 460
3 490
3 498
4 9
4 10
4 11
4 12
4 13
4 14
4 15
4 16
4 19
4 20
4 25
4 31
4 34
4 35
4 37
4 38
4 41
4 50
4 54
4 75
4 80
4 86
4 89
4 137
4 153
4 164
4 177
4 192
4 203
4 206
4 209
4 230
4 245
4 260
4 315
4 320
4 328
4 376
4 377
4 441
5 9
5 10
5 11
5 12
5 13
5 14
5 15
5 16
5 17
5 18
5 19
5 20
5 22
5 31
5 39
5 40
5 44
5 45
5 47
5 52
5 61
5 76
5 78
5 80
5 93
5 103
5 112
5 123
5 130
5 143
5 149
5 153
5 158
5 163
5 179
5 188
5 221
5 231
5 257
5 263
5 266
5 322
5 326
5 333
5 347
5 356
5 364
5 367
5 404
5 414
5 419
5 422
5 484
5 495
6 9
6 10
6 11
6 14
6 16
6 18
6 21
6 22
6 25
6 28
6 31
6 36
6 40
6 43
6 45
6 53
6 64
6 66
6 69
6 74
6 79
6 80
6 83
6 102
6 110
6 122
6 127
6 135
6 143
6 154
6 159
6 161
6 177
6 188
6 192
6 197
6 224
6 288
6 291
6 295
6 310
6 332
6 345
6 360
6 372
6 383
6 397
6 417
6 430
6 456
6 460
6 509
7 9
7 10
7 11
7 13
7 20
7 25
7 27
7 28
7 34
7 35
7 44
7 47
7 58
7 59
7 61
7 76
7 81
7 88
7 95
7 97
7 102
7 112
7 126
7 127
7 136
7 160
7 167
7 198
7 205
7 208
7 209
7 216
7 230
7 245
7 260
7 282
7 286
7 289
7 325
7 337
7 344
7 351
7 360
7 361
7 383
7 399
7 412
7 413
7 418
7 432
7 475
8 9
8 11
8 13
8 15
8 17
8 18
8 19
8 22
8 23
8 25
8 28
8 34
8 36
8 37
8 38
8 45
8 49
8 50
8 55
8 69
8 83
8 97
8 101
8 108
8 109
8 142
8 147
8 165
8 170
8 176
8 177
8 183
8 193
8 195
8 217
8 257
8 281
8 289
8 294
8 327
8 348
8 358
8 369
8 381
8 393
8 411
8 414
8 445
8 476
8 487
8 489
9 10
9 11
9 12
9 13
9 14
9 16
9 18
9 19
9 22
9 24
9 26
9 28
9 30
9 31
9 32
9 34
9 37
9 39
9 40
9 42
9 43
9 44
9 47
9 48
9 51
9 58
9 60
9 62
9 69
9 70
9 79
9 83
9 89
9 95
9 98
9 100
9 101
9 103
9 105
9 106
9 109
9 124
9 125
9 128
9 132
9 135
9 139
9 152
9 157
9 160
9 163
9 165
9 169
9 178
9 179
9 185
9 186
9 192
9 199
9 201
9 203
9 204
9 212
9 214
9 217
9 226
9 239
9 243
9 246
9 249
9 251
9 262
9 268
9 269
9 275
9 282
9 284
9 288
9 302
9 307
9 321
9 324
9 328
9 335
9 336
9 343
9 347
9 360
9 365
9 366
9 367
9 382
9 387
9 394
9 395
9 398
9 400
9 410
9 414
9 426
9 430
9 434
9 439
9 440
9 445
9 454
9 455
9 464
9 488
9 494
9 496
9 505
9 506
9 509
10 11
10 12
10 14
10 16
10 17
10 19
10 20
10 23
10 24
10 25
10 27
10 29
10 30
10 36
10 42
10 46
10 49
10 50
10 53
10 54
10 55
10 59
10 62
10 67
10 71
10 80
10 86
10 87
10 92
10 94
10 101
10 104
10 108
10 109
10 112
10 120
10 122
10 127
10 139
10 140
10 145
10 150
10 153
10 155
10 163
10 185
10 194
10 198
10 201
10 210
10 219
10 220
10 229
10 235
10 236
10 246
10 249
10 254
10 257
10 266
10 273
10 279
10 283
10 285
10 308
10 314
10 335
10 342
10 357
10 366
10 383
10 430
10 438
10 457
10 463
10 471
10 479
10 483
10 511
11 12
11 13
11 14
11 15
11 20
11 22
11 26
11 27
11 28
11 29
11 31
11 34
11 35
11 37
11 39
11 41
11 42
11 43
11 44
11 45
11 57
11 59
11 62
11 64
11 65
11 67
11 69
11 74
11 76
11 78
11 89
11 93
11 96
11 104
11 106
11 112
11 114
11 115
11 123
11 127
11 129
11 143
11 144
11 157
11 162
11 168
11 173
11 176
11 207
11 208
11 210
11 211
11 214
11 229
11 230
11 240
11 243
11 244
11 246
11 265
11 266
11 272
11 278
11 285
11 289
11 290
11 314
11 315
11 342
11 348
11 350
11 358
11 370
11 396
11 397
11 405
11 413
11 417
11 446
11 466
11 469
11 475
11 479
11 498
11 499
11 509
12 13
12 15
12 16
12 18
12 19
12 20
12 21
12 22
12 24
12 25
12 27
12 28
12 29
12 33
12 34
12 40
12 44
12 46
12 50
12 52
12 53
12 54
12 55
12 59
12 60
12 64
12 67
12 72
12 73
12 74
12 76
12 78
12 86
12 89
12 94
12 95
12 102
12 105
12 108
12 111
12 112
12 113
12 120
12 121
12 136
12 146
12 151
12 155
12 166
12 169
12 177
12 180
12 183
12 186
12 205
12 222
12 224
12 225
12 231
12 232
12 245
12 252
12 254
12 255
12 266
12 268
12 270
12 277
12 280
12 282
12 283
12 285
12 292
12 295
12 297
12 298
12 313
12 323
12 329
12 335
12 341
12 343
12 371
12 384
12 390
12 396
12 397
12 404
12 419
12 444
12 459
12 468
12 472
12 485
12 493
13 14
13 15
13 16
13 17
13 18
13 19
13 20
13 21
13 22
13 23
13 24
13 25
13 26
13 29
13 30
13 32
13 33
13 35
13 43
13 46
13 47
13 51
13 54
13 58
13 60
13 61
13 63
13 65
13 74
13 79
13 81
13 82
13 83
13 85
13 89
13 92
13 96
13 97
13 99
13 106
13 115
13 116
13 141
13 143
13 145
13 147
13 149
13 151
13 155
13 158
13 161
13 167
13 172
13 180
13 184
13 185
13 189
13 202
13 216
13 218
13 229
13 257
13 270
13 273
13 277
13 290
13 320
13 321
13 334
13 342
13 373
13 377
13 385
13 399
13 424
13 428
13 443
13 468
13 482
13 511
14 15
14 16
14 17
14 19
14 21
14 22
14 23
14 27
14 31
14 34
14 43
14 44
14 46
14 47
14 48
14 51
14 53
14 55
14 61
14 63
14 66
14 68
14 69
14 88
14 90
14 98
14 100
14 102
14 103
14 107
14 110
14 118
14 128
14 131
14 132
14 134
14 136
14 137
14 148
14 153
14 164
14 171
14 172
14 174
14 179
14 181
14 206
14 209
14 235
14 237
14 248
14 271
14 289
14 293
14 298
14 302
14 305
14 312
14 323
14 335
14 339
14 340
14 346
14 355
14 361
14 363
14 366
14 382
14 404
14 407
14 410
14 433
14 451
14 452
14 458
14 471
14 492
14 497
14 505
14 508
15 16
15 17
15 18
15 19
15 21
15 23
15 24
15 26
15 27
15 28
15 30
15 32
15 35
15 36
15 37
15 38
15 40
15 41
15 42
15 45
15 46
15 47
15 48
15 49
15 50
15 52
15 54
15 57
15 60
15 65
15 67
15 68
15 71
15 72
15 73
15 75
15 76
15 77
15 79
15 84
15 86
15 87
15 90
15 93
15 94
15 96
15 99
15 100
15 103
15 109
15 111
15 114
15 116
15 122
15 125
15 143
15 145
15 146
15 148
15 156
15 162
15 171
15 182
15 189
15 201
15 207
15 211
15 213
15 216
15 224
15 239
15 253
15 260
15 262
15 267
15 293
15 311
15 312
15 324
15 351
15 353
15 355
15 357
15 362
15 381
15 387
15 388
15 395
15 412
15 429
15 453
15 455
15 459
15 463
15 506
15 507
15 508
16 17
16 18
16 21
16 24
16 26
16 28
16 32
16 35
16 36
16 37
16 38
16 41
16 46
16 51
16 52
16 53
16 57
16 64
16 66
16 67
16 72
16 80
16 81
16 83
16 87
16 88
16 91
16 103
16 104
16 108
16 124
16 139
16 140
16 141
16 158
16 159
16 178
16 180
16 183
16 216
16 236
16 238
16 242
16 276
16 291
16 293
16 312
16 323
16 327
16 332
16 347
16 348
16 352
16 356
16 375
16 384
16 423
16 446
16 475
16 492
16 511
17 36
17 39
17 49
17 61
17 63
17 68
17 75
17 84
17 96
17 99
17 147
17 154
17 180
17 200
17 207
17 215
17 231
17 234
17 247
17 259
17 279
17 283
17 285
17 287
17 295
17 310
17 376
17 389
17 407
17 419
17 444
17 449
17 486
18 20
18 29
18 32
18 35
18 46
18 47
18 48
18 49
18 50
18 54
18 55
18 59
18 62
18 65
18 75
18 76
18 77
18 82
18 84
18 92
18 94
18 98
18 101
18 119
18 133
18 148
18 151
18 167
18 171
18 195
18 196
18 202
18 217
18 218
18 232
18 233
18 244
18 249
18 256
18 271
18 276
18 277
18 280
18 286
18 309
18 315
18 326
18 333
18 336
18 343
18 344
18 345
18 347
18 349
18 355
18 360
18 364
18 377
18 379
18 384
18 386
18 393
18 417
18 423
18 432
18 434
18 459
18 478
19 21
19 22
19 23
19 27
19 29
19 30
19 33
19 38
19 39
19 40
19 54
19 56
19 66
19 90
19 97
19 108
19 145
19 146
19 170
19 187
19 189
19 202
19 205
19 210
19 228
19 256
19 258
19 282
19 291
19 300
19 304
19 305
19 360
19 363
19 364
19 375
19 378
19 448
19 464
19 466
19 485
19 487
19 493
20 21
20 23
20 27
20 33
20 41
20 49
20 56
20 64
20 71
20 76
20 91
20 93
20 98
20 107
20 108
20 120
20 122
20 134
20 144
20 146
20 150
20 164
20 173
20 187
20 208
20 212
20 254
20 272
20 274
20 283
20 297
20 305
20 316
20 317
20 318
20 400
20 423
20 460
20 475
20 484
20 503
21 23
21 24
21 25
21 26
21 27
21 31
21 34
21 35
21 44
21 46
21 48
21 65
21 69
21 77
21 80
21 83
21 89
21 107
21 112
21 121
21 138
21 140
21 142
21 151
21 158
21 170
21 183
21 205
21 222
21 262
21 274
21 286
21 302
21 304
21 318
21 325
21 327
21 347
21 349
21 358
21 366
21 430
21 434
21 438
21 453
21 454
21 507
22 25
22 30
22 36
22 38
22 41
22 44
22 50
22 51
22 61
22 85
22 118
22 119
22 141
22 166
22 176
22 189
22 218
22 227
22 229
22 267
22 280
22 307
22 318
22 334
22 372
22 391
22 397
22 463
22 478
23 24
23 32
23 36
23 40
23 41
23 63
23 68
23 73
23 90
23 98
23 107
23 114
23 138
23 150
23 191
23 207
23 266
23 322
23 324
23 388
23 400
23 408
23 416
23 417
23 437
23 492
24 29
24 33
24 40
24 44
24 47
24 51
24 55
24 63
24 68
24 72
24 76
24 92
24 99
24 116
24 125
24 140
24 149
24 156
24 169
24 184
24 188
24 204
24 216
24 229
24 304
24 321
24 340
24 345
24 383
24 417
24 421
24 426
24 432
24 451
24 480
25 26
25 28
25 30
25 32
25 45
25 47
25 48
25 56
25 62
25 70
25 72
25 73
25 75
25 77
25 78
25 90
25 105
25 106
25 107
25 109
25 110
25 112
25 119
25 120
25 121
25 128
25 135
25 137
25 143
25 150
25 152
25 156
25 157
25 159
25 166
25 169
25 172
25 187
25 195
25 197
25 204
25 208
25 220
25 229
25 232
25 246
25 254
25 255
25 259
25 282
25 290
25 301
25 328
25 331
25 347
25 353
25 359
25 370
25 385
25 400
25 403
25 404
25 458
25 468
25 497
25 505
26 29
26 31
26 33
26 52
26 60
26 91
26 107
26 110
26 113
26 119
26 128
26 153
26 156
26 164
26 202
26 223
26 224
26 225
26 236
26 243
26 245
26 258
26 276
26 309
26 356
27 39
27 49
27 65
27 72
27 77
27 78
27 92
27 102
27 103
27 117
27 134
27 137
27 185
27 234
27 251
27 280
27 282
27 313
27 340
27 357
27 359
27 374
27 403
27 454
27 463
27 502
28 29
28 32
28 37
28 59
28 68
28 74
28 77
28 84
28 91
28 125
28 162
28 165
28 203
28 221
28 240
28 258
28 273
28 286
28 287
28 297
28 326
28 352
28 362
28 379
28 408
28 411
28 419
28 449
28 456
28 459
28 465
28 468
29 30
29 32
29 37
29 42
29 57
29 66
29 75
29 87
29 94
29 96
29 98
29 110
29 159
29 170
29 193
29 202
29 205
29 228
29 258
29 259
29 265
29 304
29 380
29 414
29 426
29 438
29 445
29 467
29 477
29 484
29 491
29 500
29 502
30 33
30 34
30 46
30 53
30 57
30 88
30 99
30 106
30 126
30 134
30 217
30 264
30 281
30 301
30 303
30 312
30 323
30 331
30 336
30 338
30 350
30 368
30 372
30 397
30 401
30 430
30 465
30 469
31 49
31 52
31 53
31 58
31 60
31 63
31 66
31 73
31 138
31 152
31 170
31 179
31 182
31 183
31 251
31 274
31 330
31 387
31 388
31 395
31 403
31 435
31 448
31 458
32 36
32 38
32 43
32 54
32 55
32 57
32 86
32 99
32 119
32 133
32 134
32 154
32 168
32 175
32 212
32 221
32 224
32 226
32 228
32 251
32 262
32 287
32 297
32 299
32 306
32 327
32 346
32 359
32 361
32 381
32 390
32 395
32 407
32 435
32 439
32 442
32 503
33 38
33 49
33 56
33 62
33 64
33 65
33 70
33 77
33 81
33 85
33 93
33 105
33 117
33 141
33 212
33 242
33 263
33 308
33 423
33 475
33 500
34 39
34 42
34 52
34 63
34 71
34 75
34 81
34 84
34 87
34 94
34 97
34 99
34 110
34 115
34 117
34 121
34 129
34 152
34 168
34 174
34 176
34 199
34 260
34 269
34 283
34 312
34 328
34 366
34 376
34 401
34 488
34 492
34 506
35 37
35 39
35 43
35 50
35 55
35 70
35 81
35 88
35 90
35 96
35 117
35 131
35 140
35 149
35 155
35 160
35 178
35 184
35 187
35 193
35 194
35 199
35 224
35 227
35 257
35 273
35 276
35 317
35 324
35 338
35 353
35 356
35 391
35 418
35 492
35 493
36 50
36 51
36 71
36 73
36 82
36 86
36 97
36 115
36 121
36 122
36 127
36 133
36 135
36 160
36 168
36 184
36 197
36 209
36 215
36 216
36 224
36 226
36 240
36 243
36 255
36 272
36 308
36 333
36 336
36 346
36 351
36 386
36 409
36 410
36 418
36 423
36 443
36 448
36 473
36 476
36 496
36 503
37 38
37 42
37 71
37 83
37 98
37 101
37 117
37 136
37 172
37 174
37 177
37 208
37 210
37 237
37 257
37 278
37 335
37 343
37 393
37 430
37 433
37 454
37 462
37 469
37 479
37 510
38 39
38 56
38 75
38 104
38 135
38 138
38 375
38 431
39 60
39 83
39 87
39 144
39 193
39 208
39 229
39 280
39 285
39 291
39 299
39 346
39 369
39 436
39 448
40 41
40 73
40 83
40 173
40 215
40 258
40 399
40 502
41 53
41 58
41 77
41 79
41 91
41 121
41 123
41 127
41 189
41 238
41 371
41 457
41 488
42 43
42 45
42 57
42 59
42 63
42 65
42 66
42 67
42 70
42 74
42 79
42 85
42 102
42 107
42 118
42 132
42 133
42 145
42 147
42 173
42 179
42 185
42 187
42 190
42 193
42 198
42 202
42 207
42 218
42 225
42 231
42 251
42 253
42 313
42 350
42 368
42 373
42 395
42 412
42 416
42 420
42 424
42 447
42 462
42 470
42 479
42 488
42 504
43 53
43 56
43 61
43 72
43 102
43 104
43 105
43 111
43 119
43 126
43 134
43 147
43 165
43 166
43 169
43 189
43 196
43 226
43 262
43 311
43 341
43 344
43 403
43 406
43 411
43 412
43 413
43 446
43 463
43 475
43 487
43 495
43 506
44 48
44 58
44 97
44 106
44 125
44 150
44 160
44 191
44 195
44 222
44 228
44 230
44 242
44 275
44 311
44 330
44 339
44 369
44 380
44 391
44 398
44 402
44 403
44 414
44 427
44 474
44 492
44 494
44 498
45 48
45 57
45 58
45 61
45 70
45 78
45 79
45 95
45 116
45 118
45 161
45 163
45 178
45 183
45 204
45 213
45 215
45 234
45 272
45 288
45 331
45 383
45 392
45 404
45 458
45 490
46 62
46 89
46 90
46 102
46 108
46 214
46 223
46 249
46 262
46 264
46 308
46 357
46 362
46 372
46 460
47 52
47 58
47 68
47 70
47 72
47 75
47 82
47 85
47 95
47 101
47 109
47 118
47 120
47 121
47 140
47 166
47 190
47 199
47 222
47 226
47 253
47 254
47 271
47 286
47 289
47 291
47 301
47 318
47 320
47 325
47 355
47 392
47 406
47 482
47 491
47 509
48 63
48 89
48 100
48 104
48 128
48 132
48 137
48 142
48 156
48 178
48 198
48 200
48 236
48 237
48 249
48 258
48 267
48 284
48 285
48 293
48 333
48 348
48 386
48 402
48 447
48 451
48 458
48 463
48 501
49 59
49 66
49 78
49 84
49 90
49 103
49 119
49 123
49 142
49 149
49 158
49 194
49 270
49 306
49 325
49 377
49 395
49 405
49 413
49 424
50 51
50 68
50 70
50 72
50 80
50 82
50 84
50 91
50 98
50 108
50 116
50 141
50 144
50 155
50 181
50 188
50 191
50 193
50 197
50 208
50 277
50 309
50 322
50 336
50 339
50 369
50 372
50 410
50 422
50 463
50 493
51 56
51 69
51 70
51 71
51 86
51 93
51 114
51 135
51 163
51 200
51 223
51 243
51 244
51 261
51 292
51 294
51 310
51 314
51 333
51 354
51 383
51 392
51 456
51 460
51 469
52 84
52 114
52 125
52 132
52 140
52 143
52 149
52 154
52 171
52 178
52 196
52 219
52 259
52 374
52 389
52 399
52 416
52 417
52 436
52 437
52 445
53 55
53 57
53 60
53 71
53 76
53 82
53 92
53 110
53 129
53 133
53 148
53 151
53 170
53 222
53 235
53 236
53 270
53 277
53 290
53 294
53 307
53 323
53 385
53 406
53 408
53 421
53 435
53 485
53 503
54 56
54 58
54 67
54 111
54 129
54 187
54 206
54 248
54 288
54 302
54 329
54 359
54 376
54 387
54 433
54 442
54 463
54 484
54 494
54 496
55 61
55 73
55 81
55 84
55 88
55 91
55 95
55 96
55 123
55 165
55 181
55 300
55 315
55 412
55 458
56 74
56 167
56 239
56 250
56 264
56 267
56 311
56 386
56 418
56 484
56 491
57 89
57 163
57 175
57 180
57 182
57 190
57 205
57 272
57 274
57 358
57 390
57 491
58 74
58 85
58 86
58 100
58 131
58 137
58 142
58 173
58 185
58 239
58 274
58 279
58 282
58 290
58 320
58 348
58 349
58 419
58 436
58 445
58 453
58 470
58 477
58 499
58 506
59 62
59 64
59 113
59 116
59 120
59 129
59 131
59 169
59 209
59 233
59 243
59 274
59 287
59 316
59 330
59 345
59 365
59 385
59 419
59 427
60 77
60 80
60 94
60 96
60 98
60 99
60 115
60 125
60 129
60 138
60 139
60 142
60 165
60 169
60 176
60 187
60 201
60 204
60 225
60 226
60 241
60 244
60 249
60 250
60 262
60 266
60 269
60 284
60 288
60 322
60 379
60 425
60 438
60 449
61 124
61 148
61 196
61 249
61 281
61 284
61 298
61 365
61 452
62 67
62 94
62 101
62 157
62 197
62 201
62 211
62 340
62 367
62 459
63 78
63 87
63 105
63 131
63 174
63 182
63 195
63 206
63 251
63 274
63 277
63 363
63 396
63 490
63 498
63 511
64 65
64 69
64 78
64 87
64 119
64 130
64 154
64 161
64 163
64 195
64 200
64 223
64 227
64 261
64 294
64 359
64 415
64 505
65 66
65 79
65 132
65 169
65 174
65 175
65 195
65 207
65 239
65 246
65 250
65 251
65 252
65 329
65 358
65 455
65 478
66 101
66 153
66 158
66 198
66 324
66 338
66 339
66 340
66 346
66 352
66 362
66 416
66 482
66 500
67 71
67 115
67 118
67 124
67 147
67 156
67 168
67 198
67 214
67 227
67 233
67 240
67 254
67 310
67 338
67 341
67 384
67 409
67 441
67 457
67 510
68 69
68 73
68 93
68 95
68 104
68 120
68 180
68 197
68 225
68 233
68 269
68 271
68 273
68 293
68 303
68 319
68 346
68 384
68 410
68 455
68 464
68 509
69 85
69 102
69 131
69 139
69 141
69 150
69 207
69 284
69 286
69 319
69 348
69 367
69 392
69 397
69 420
69 431
69 462
69 464
69 466
70 86
70 87
70 88
70 132
70 133
70 155
70 180
70 186
70 194
70 265
70 296
70 310
70 326
70 393
70 489
70 494
71 88
71 93
71 115
71 124
71 145
71 152
71 175
71 184
71 226
71 238
71 241
71 277
71 294
71 354
71 434
71 446
71 491
71 492
71 501
71 509
72 93
72 97
72 101
72 104
72 122
72 155
72 159
72 235
72 238
72 245
72 256
72 324
72 355
72 412
72 420
72 427
72 465
72 496
73 100
73 106
73 121
73 122
73 142
73 143
73 153
73 157
73 166
73 186
73 207
73 232
73 247
73 258
73 261
73 308
73 351
73 428
73 456
73 462
73 467
73 472
73 498
74 124
74 176
74 254
74 285
74 329
74 341
74 387
74 419
74 483
75 107
75 127
75 130
75 150
75 152
75 210
75 214
75 231
75 252
75 318
75 378
75 429
75 452
76 91
76 116
76 155
76 161
76 222
76 291
76 295
76 365
76 496
77 90
77 92
77 130
77 145
77 228
77 308
77 362
77 403
77 437
77 448
77 464
78 80
78 105
78 107
78 114
78 120
78 124
78 130
78 131
78 132
78 142
78 158
78 163
78 172
78 196
78 201
78 209
78 216
78 219
78 224
78 244
78 253
78 255
78 299
78 302
78 322
78 328
78 334
78 407
78 422
78 428
78 439
78 448
78 492
78 495
78 510
79 94
79 128
79 153
79 192
79 241
79 266
79 301
79 359
79 493
80 82
80 100
80 103
80 147
80 150
80 160
80 184
80 194
80 204
80 232
80 238
80 253
80 268
80 299
80 339
80 379
80 406
80 446
80 461
80 493
81 82
81 104
81 115
81 117
81 119
81 151
81 226
81 292
81 322
81 344
81 362
81 386
81 388
81 439
81 444
81 459
81 472
81 486
81 493
82 151
82 236
82 350
83 85
83 111
83 113
83 133
83 147
83 157
83 209
83 292
83 326
83 348
83 349
83 375
83 380
83 387
83 411
83 431
83 502
84 110
84 139
84 154
84 168
84 183
84 288
84 425
85 88
85 106
85 113
85 136
85 149
85 156
85 165
85 167
85 182
85 206
85 224
85 256
85 276
85 299
85 344
85 358
85 374
85 412
85 421
85 497
86 99
86 100
86 126
86 130
86 159
86 273
86 285
86 331
86 398
86 414
86 425
87 113
87 126
87 136
87 177
87 288
87 297
87 361
87 367
87 393
87 401
87 483
88 97
88 105
88 108
88 114
88 125
88 160
88 173
88 184
88 186
88 203
88 227
88 231
88 300
88 319
88 335
88 357
88 365
88 396
88 439
88 456
88 508
89 95
89 193
89 194
89 200
89 209
89 237
89 253
89 329
89 334
89 379
89 384
89 405
89 428
89 435
89 439
89 469
89 482
89 504
89 505
90 123
90 133
90 138
90 198
90 212
90 217
90 228
90 237
90 248
90 259
90 273
90 278
90 337
90 347
90 356
90 370
90 406
90 477
90 481
90 494
91 116
91 117
91 122
91 134
91 162
91 164
91 169
91 171
91 191
91 199
91 211
91 218
91 230
91 248
91 256
91 273
91 291
91 299
91 307
91 368
91 394
91 410
91 449
91 451
91 486
92 129
92 418
92 462
92 467
92 473
92 509
93 112
93 207
93 208
93 211
93 303
93 304
93 354
93 360
93 404
93 422
93 440
94 106
94 136
94 148
94 154
94 162
94 181
94 254
94 319
94 342
94 410
94 420
94 475
95 110
95 123
95 144
95 191
95 214
95 283
95 364
95 408
95 486
96 184
96 427
96 483
97 135
97 140
97 147
97 156
97 163
97 171
97 175
97 177
97 196
97 210
97 292
97 473
97 476
97 510
98 113
98 168
98 179
98 187
98 197
98 202
98 206
98 213
98 222
98 359
98 438
99 109
99 117
99 118
99 129
99 143
99 146
99 162
99 173
99 182
99 252
99 256
99 272
99 297
99 342
99 435
99 436
99 451
99 479
99 500
100 166
100 172
100 203
100 232
100 257
100 260
100 281
100 290
100 291
100 326
100 390
100 505
101 136
101 141
101 152
101 161
101 180
101 183
101 186
101 204
101 218
101 221
101 243
101 431
102 126
102 162
102 171
102 176
102 183
102 194
102 212
102 237
102 250
102 335
102 338
102 399
103 111
103 122
103 125
103 128
103 176
103 201
103 222
103 232
103 237
103 238
103 242
103 256
103 503
104 112
104 114
104 117
104 130
104 144
104 179
104 186
104 244
104 302
104 317
104 342
104 360
104 369
104 389
104 432
104 461
104 471
104 477
104 496
105 118
105 124
105 153
105 196
105 199
105 204
105 240
105 264
105 302
105 312
105 331
105 437
105 440
105 451
105 458
106 109
106 189
106 236
106 247
106 306
106 314
106 391
107 248
107 315
107 361
107 393
107 396
108 167
108 213
108 280
108 295
108 333
108 370
108 393
109 126
109 175
109 182
109 213
109 257
109 277
109 294
109 305
109 381
109 470
110 130
110 150
110 164
110 218
110 272
110 320
110 424
110 494
111 141
111 145
111 146
111 200
111 214
111 267
111 295
111 421
111 511
112 178
112 203
112 253
112 294
112 344
112 479
113 114
113 115
113 118
113 124
113 128
113 185
113 234
113 268
113 280
113 302
113 318
113 416
113 454
114 132
114 146
114 174
114 242
114 255
114 287
114 301
114 401
114 413
114 420
114 446
114 452
114 473
115 126
115 145
115 157
115 161
115 215
115 230
115 250
115 297
115 308
115 311
115 317
115 328
115 332
115 428
115 440
115 469
115 498
115 500
116 135
116 167
116 188
116 200
116 208
116 213
116 251
116 270
116 278
116 282
116 304
116 310
116 366
116 380
116 445
116 450
116 451
116 453
116 474
116 491
116 492
117 121
117 151
117 152
117 154
117 160
117 179
117 190
117 233
117 271
117 293
117 296
117 310
117 312
117 343
117 372
117 382
117 402
117 450
118 131
118 157
118 189
118 190
118 245
118 247
118 264
118 270
118 326
118 332
118 333
118 364
118 370
118 385
118 456
118 462
119 131
119 134
119 170
119 178
119 195
119 223
119 265
119 309
119 329
119 376
119 399
119 449
119 469
119 501
120 130
120 137
120 139
120 149
120 171
120 173
120 181
120 186
120 191
120 212
120 220
120 228
120 234
120 238
120 259
120 281
120 306
120 307
120 323
120 429
120 447
120 455
120 500
121 123
121 146
121 226
121 252
121 330
121 367
121 397
121 402
121 450
122 214
122 364
122 487
123 127
123 149
123 156
123 192
123 220
123 260
123 292
123 332
123 392
124 240
124 260
124 304
124 337
124 488
125 128
125 141
125 155
125 202
125 211
125 252
125 288
125 295
125 300
125 377
125 416
126 173
126 185
126 196
126 203
126 243
126 339
126 367
126 394
126 426
126 490
127 139
127 144
127 160
127 170
127 192
127 245
127 332
127 386
127 432
128 138
128 144
128 151
128 159
128 162
128 176
128 182
128 192
128 193
128 194
128 201
128 213
128 241
128 263
128 303
128 345
128 371
128 433
128 502
129 187
129 222
129 298
129 430
129 466
130 166
130 182
130 238
130 273
130 298
130 303
130 343
130 351
130 380
130 420
130 433
130 466
131 136
131 157
131 181
131 212
131 221
131 237
131 305
131 323
131 327
131 351
131 375
131 426
131 427
131 428
131 446
131 494
131 500
131 502
132 159
132 161
132 274
132 325
132 369
132 441
132 452
132 457
132 490
133 154
133 158
133 190
133 201
133 265
133 269
133 281
133 305
133 328
133 434
133 449
134 203
134 209
134 219
134 279
134 313
134 378
134 389
134 412
134 432
134 475
134 503
135 168
135 181
135 188
135 192
135 247
135 283
135 317
135 371
135 444
135 450
135 478
135 486
136 137
136 165
136 220
136 312
136 374
136 408
136 449
137 165
137 174
137 232
137 235
137 241
137 303
137 351
137 405
138 164
138 220
138 459
138 491
139 196
139 197
139 313
139 331
139 426
139 471
140 256
140 322
140 328
140 368
140 465
141 152
141 167
141 203
141 253
141 313
141 348
141 357
141 488
142 219
142 220
142 221
142 229
142 250
142 300
142 341
142 432
142 443
143 240
143 246
143 433
144 217
144 287
144 390
145 148
145 172
145 223
145 267
145 335
145 357
145 377
145 385
145 437
146 172
146 174
146 186
146 255
146 291
146 297
146 301
146 303
146 306
146 326
146 510
147 148
147 166
147 170
147 177
147 188
147 239
147 240
147 251
147 252
147 298
147 330
147 360
147 408
147 466
147 506
148 158
148 175
148 195
148 216
148 217
148 292
148 345
148 373
148 433
149 159
149 177
149 237
149 260
149 278
149 314
149 370
150 339
150 346
150 369
150 373
150 396
150 439
151 164
151 190
151 206
151 220
151 225
151 300
151 306
151 352
151 395
152 233
152 347
152 383
152 413
152 448
152 471
153 192
153 213
153 263
153 310
154 181
154 390
154 480
155 175
155 420
155 482
155 502
156 188
156 221
156 284
156 353
156 468
157 199
157 264
157 392
158 210
158 264
158 468
159 175
159 189
159 341
159 345
159 350
159 378
159 394
159 450
160 190
160 259
160 334
160 354
161 167
161 202
161 305
161 318
161 401
162 164
162 172
162 211
162 248
162 279
162 433
163 211
163 223
163 240
163 247
163 354
163 410
163 471
163 507
164 210
164 230
164 254
164 267
164 279
164 316
164 379
164 429
164 467
165 231
165 309
165 389
165 433
165 452
166 205
166 296
166 410
167 191
167 241
167 261
167 269
167 296
167 323
167 327
167 357
167 417
167 425
167 481
167 482
168 264
168 287
168 312
169 296
169 319
169 487
170 199
170 241
170 245
170 262
170 333
170 380
170 406
170 422
170 452
170 501
171 181
171 382
171 394
171 508
172 174
172 199
172 215
172 234
172 242
172 300
172 336
172 431
172 440
172 500
172 501
173 239
173 261
173 365
173 372
173 493
173 499
174 221
174 249
174 289
174 476
175 178
175 180
175 194
175 215
175 250
175 276
175 316
175 324
175 325
176 184
176 227
176 260
176 269
176 394
177 193
177 239
177 246
177 276
177 304
177 331
177 337
177 349
177 421
177 453
177 481
178 191
178 218
178 234
178 321
178 322
178 447
178 465
178 495
179 216
179 286
179 290
179 496
179 507
180 233
180 280
180 342
180 353
180 358
180 363
180 477
180 498
181 197
181 212
181 218
181 278
181 296
181 307
182 246
182 329
182 361
182 436
182 463
182 472
182 504
183 214
183 310
183 470
184 190
184 241
184 346
184 362
184 378
184 509
185 206
185 210
185 246
185 248
185 261
185 337
185 352
185 391
185 401
185 421
185 480
185 484
185 497
186 213
186 244
186 268
186 316
186 337
186 489
187 271
187 371
187 375
188 228
188 261
188 265
188 340
188 457
189 204
189 238
189 275
189 334
189 361
189 391
189 447
189 460
190 243
190 319
190 369
191 200
191 267
191 287
191 315
191 338
191 398
191 413
191 428
191 461
192 324
193 235
193 268
193 307
193 349
193 374
193 383
193 386
194 247
194 356
195 200
195 225
195 234
195 241
195 268
195 381
195 417
195 457
195 470
196 232
196 242
196 275
196 416
196 426
197 205
197 228
197 247
197 349
197 393
197 431
197 474
198 320
198 354
198 378
199 221
199 230
199 402
199 450
200 263
200 275
200 319
200 332
200 387
200 403
200 489
201 285
202 219
202 227
202 275
202 303
203 215
203 255
203 483
204 399
204 447
205 225
205 284
205 361
205 407
206 242
206 340
206 422
206 428
206 444
206 448
207 211
207 239
207 327
207 341
207 366
207 437
207 466
208 233
208 268
208 342
208 438
208 475
208 484
208 497
209 233
209 234
209 250
209 281
209 314
209 344
209 408
210 215
210 223
210 244
210 248
210 271
210 306
210 353
210 359
210 382
210 406
210 418
210 434
210 442
211 217
211 219
211 249
211 263
211 293
211 299
211 308
211 321
211 390
211 411
211 414
211 498
212 395
212 443
213 227
213 295
213 300
213 401
213 429
213 461
214 217
214 292
214 313
214 388
214 391
214 392
214 423
214 443
215 255
215 429
216 275
216 288
216 314
216 333
216 376
216 508
217 276
217 355
217 425
218 219
218 248
218 265
218 267
218 279
218 296
218 360
218 374
218 379
218 384
218 441
218 454
218 503
218 508
219 347
220 314
220 400
221 227
221 231
221 236
221 253
221 327
221 330
221 332
221 434
221 504
222 242
222 423
222 467
223 258
223 261
223 287
223 338
223 356
223 371
223 392
223 414
223 444
224 275
224 404
224 426
224 473
225 388
225 396
225 461
226 294
226 318
226 336
226 364
226 365
226 381
227 250
227 259
227 391
227 409
227 461
227 465
227 499
228 281
228 445
229 231
229 235
229 336
229 499
230 279
230 292
230 294
230 316
230 341
230 355
231 279
231 437
231 447
231 454
231 456
232 255
232 409
233 300
233 311
233 315
233 351
233 423
233 508
234 301
234 313
234 316
234 363
234 400
235 245
235 270
235 309
235 366
235 388
235 425
236 439
236 444
237 328
237 337
237 367
237 389
237 413
238 263
238 438
238 447
239 284
239 289
239 304
239 320
239 321
239 324
239 344
239 363
239 424
239 470
240 298
240 307
240 422
240 481
240 499
241 271
241 362
241 421
241 504
242 264
242 298
242 343
243 252
243 262
243 289
243 301
243 380
243 470
244 256
244 261
244 293
244 299
244 313
244 325
244 346
244 380
244 402
244 438
244 450
244 464
244 477
245 263
245 340
245 352
246 278
246 415
246 486
246 502
247 258
247 272
247 277
247 368
248 259
248 476
249 385
249 435
249 499
250 275
250 301
250 354
250 357
250 453
251 269
251 296
252 276
252 278
252 337
252 375
252 404
253 284
253 317
253 374
253 442
253 465
253 485
253 496
253 507
254 465
254 472
255 351
255 385
255 415
256 325
256 434
256 474
257 350
257 424
258 281
258 320
258 373
258 460
258 487
259 315
259 448
259 457
260 265
260 417
260 472
261 269
261 306
261 345
261 350
261 371
261 407
261 440
262 265
262 266
262 293
262 350
262 355
263 268
263 314
263 358
263 406
263 459
264 271
264 322
264 418
264 431
265 266
265 272
265 278
265 316
265 490
266 270
266 303
266 308
266 309
266 352
266 440
266 443
267 419
268 286
268 289
268 356
268 379
269 319
269 343
269 348
269 354
270 283
270 334
270 382
270 400
271 283
271 323
271 400
271 451
271 483
272 290
272 298
272 490
273 473
273 493
274 280
274 305
274 429
274 441
274 474
274 511
275 320
275 363
275 373
275 381
275 442
275 471
275 489
276 378
277 321
277 371
277 379
277 394
277 444
277 455
278 359
278 420
278 423
278 441
278 443
279 386
279 418
280 302
280 436
281 297
281 367
281 485
281 497
282 296
282 342
282 375
282 376
282 447
282 471
282 499
283 309
283 440
283 500
284 353
284 427
284 473
285 349
286 363
286 437
286 464
287 327
287 329
287 332
287 376
287 436
288 311
288 329
288 425
288 488
289 295
289 421
289 431
290 331
290 472
290 490
291 334
291 471
292 311
292 338
292 372
292 399
292 415
292 474
293 306
293 371
294 325
294 354
294 397
294 477
294 504
295 335
295 478
296 318
296 387
297 402
298 436
300 321
300 409
300 482
301 432
301 474
302 340
302 407
302 409
302 504
303 444
304 319
304 478
304 508
304 511
305 330
305 350
305 489
306 331
306 389
306 427
306 452
307 387
307 400
308 393
309 311
309 317
309 361
309 377
309 389
309 437
310 337
310 405
310 429
310 511
311 321
311 374
311 481
311 485
311 494
312 339
312 368
312 415
312 439
313 355
313 420
314 317
314 368
314 461
314 480
315 373
315 390
315 443
315 459
315 481
317 398
317 453
318 330
318 508
319 365
319 482
319 489
321 409
321 460
322 418
322 419
322 460
322 472
323 326
323 375
324 330
325 392
325 465
326 362
326 366
326 442
326 470
327 372
327 377
327 378
327 451
327 455
327 486
328 368
328 442
330 377
330 381
330 386
330 446
330 505
332 511
334 370
334 432
335 409
335 411
335 412
335 456
336 352
336 388
336 398
336 483
337 338
337 385
337 422
337 458
337 501
338 403
338 489
339 344
339 497
340 398
341 425
341 428
341 430
341 464
341 502
342 468
342 497
343 478
344 356
344 373
344 411
344 427
344 457
344 483
344 495
345 363
345 384
346 376
347 405
348 349
348 353
348 394
348 411
348 476
349 364
349 425
349 464
349 480
350 411
350 466
350 507
351 408
352 383
352 431
353 370
353 374
353 381
353 384
353 482
353 504
355 415
355 422
355 429
356 380
356 495
357 496
358 397
359 365
359 481
360 389
360 507
361 501
361 509
363 477
364 370
365 368
365 388
365 404
365 440
365 454
366 501
367 468
368 409
368 415
368 424
368 450
369 395
370 402
370 442
371 394
371 480
371 510
373 382
373 406
373 443
373 503
373 506
374 378
374 414
374 435
374 441
375 398
375 434
376 467
377 485
378 413
378 486
379 407
379 507
380 478
381 382
381 497
382 494
383 405
383 445
383 504
385 407
386 402
386 462
386 472
387 476
388 445
389 438
389 487
390 416
390 490
392 401
392 449
394 405
394 449
395 408
395 427
395 506
396 401
396 453
396 474
397 405
397 485
398 424
398 453
398 481
401 491
404 454
405 485
406 415
406 416
406 442
408 446
408 456
409 452
412 488
413 476
414 491
416 426
416 477
416 510
417 455
418 435
418 441
418 484
419 467
419 476
420 468
420 487
421 510
423 424
423 457
425 436
425 480
428 455
428 462
429 441
429 466
429 503
430 483
433 479
434 458
434 467
434 498
435 473
441 461
445 507
446 462
446 495
447 506
449 484
450 474
451 470
452 481
453 478
453 501
459 488
461 495
462 489
463 495
463 510
465 469
471 480
472 505
474 486
476 505
477 479
479 480
485 499
