0 11
0 14
0 16
0 17
0 18
0 23
0 24
0 27
0 32
0 35
0 39
0 49
0 51
0 72
0 92
0 126
0 140
0 151
0 191
0 203
0 205
0 209
0 270
0 299
0 370
0 395
0 408
0 411
0 423
0 436
0 468
0 493
1 9
1 12
1 22
1 87
1 88
1 204
1 457
1 477
2 9
2 10
2 11
2 12
2 13
2 15
2 16
2 19
2 20
2 25
2 33
2 38
2 47
2 58
2 62
2 74
2 95
2 103
2 110
2 117
2 119
2 122
2 132
2 137
2 138
2 144
2 152
2 181
2 184
2 188
2 196
2 214
2 226
2 229
2 237
2 248
2 265
2 277
2 326
2 339
2 343
2 364
2 367
2 381
2 403
3 9
3 11
3 12
3 15
3 21
3 22
3 24
3 26
3 38
3 49
3 52
3 53
3 60
3 75
3 88
3 97
3 98
3 100
3 107
3 171
3 172
3 184
3 188
3 196
3 212
3 225
3 230
3 240
3 244
3 308
3 353
3 359
3 455
3 456
3 467
3 468
4 11
4 13
4 15
4 16
4 19
4 24
4 30
4 33
4 34
4 40
4 44
4 53
4 56
4 58
4 62
4 101
4 116
4 131
4 138
4 148
4 158
4 162
4 174
4 182
4 198
4 200
4 206
4 216
4 220
4 221
4 235
4 281
4 290
4 291
4 294
4 297
4 374
4 407
4 412
4 430
4 431
4 433
4 460
4 472
4 495
5 9
5 10
5 11
5 27
5 46
5 72
5 82
5 122
5 190
5 255
5 304
5 305
5 371
5 389
5 408
5 431
5 450
5 453
6 10
6 11
6 12
6 13
6 20
6 21
6 23
6 25
6 27
6 31
6 33
6 37
6 42
6 44
6 45
6 66
6 67
6 76
6 78
6 95
6 98
6 108
6 123
6 130
6 133
6 159
6 182
6 200
6 207
6 213
6 222
6 239
6 247
6 260
6 287
6 296
6 305
6 309
6 313
6 323
6 327
6 365
6 382
6 409
6 411
6 489
6 490
7 10
7 13
7 14
7 15
7 17
7 21
7 29
7 34
7 36
7 70
7 73
7 80
7 100
7 110
7 112
7 124
7 167
7 176
7 272
7 276
7 307
7 319
7 371
8 9
8 10
8 11
8 12
8 13
8 14
8 18
8 24
8 28
8 33
8 36
8 38
8 39
8 47
8 50
8 60
8 86
8 87
8 89
8 109
8 110
8 116
8 117
8 121
8 144
8 176
8 184
8 194
8 209
8 246
8 247
8 250
8 261
8 272
8 283
8 306
8 354
8 358
8 370
8 375
9 10
9 12
9 13
9 14
9 15
9 20
9 22
9 31
9 37
9 41
9 45
9 47
9 49
9 54
9 55
9 56
9 58
9 60
9 64
9 68
9 69
9 76
9 81
9 84
9 85
9 98
9 101
9 105
9 109
9 112
9 125
9 128
9 158
9 175
9 178
9 246
9 296
9 298
9 314
9 326
9 333
9 334
9 336
9 341
9 344
9 369
9 376
9 395
9 399
9 418
9 420
9 434
9 435
9 465
9 504
10 12
10 13
10 14
10 16
10 17
10 18
10 20
10 22
10 23
10 24
10 25
10 29
10 32
10 33
10 36
10 37
10 40
10 41
10 45
10 47
10 48
10 51
10 61
10 63
10 71
10 73
10 77
10 79
10 81
10 99
10 101
10 107
10 118
10 127
10 129
10 130
10 134
10 142
10 147
10 150
10 157
10 162
10 163
10 165
10 170
10 171
10 183
10 206
10 214
10 223
10 230
10 243
10 250
10 258
10 264
10 267
10 269
10 272
10 285
10 289
10 313
10 324
10 327
10 340
10 343
10 344
10 345
10 348
10 354
10 364
10 388
10 400
10 411
10 413
10 423
10 436
10 439
10 440
10 441
10 451
10 464
10 475
10 476
10 482
10 500
10 510
11 12
11 13
11 16
11 23
11 31
11 32
11 34
11 40
11 41
11 42
11 43
11 44
11 48
11 63
11 65
11 70
11 71
11 83
11 87
11 89
11 90
11 96
11 97
11 103
11 108
11 110
11 119
11 121
11 129
11 134
11 135
11 137
11 139
11 141
11 149
11 151
11 152
11 154
11 198
11 199
11 206
11 210
11 222
11 223
11 227
11 229
11 233
11 234
11 237
11 243
11 246
11 247
11 250
11 274
11 292
11 294
11 319
11 320
11 329
11 333
11 339
11 342
11 343
11 365
11 374
11 383
11 384
11 394
11 429
11 439
11 440
11 444
11 448
11 467
12 14
12 15
12 16
12 18
12 20
12 21
12 26
12 27
12 29
12 30
12 35
12 38
12 43
12 44
12 47
12 58
12 59
12 64
12 65
12 76
12 77
12 80
12 82
12 90
12 93
12 94
12 103
12 105
12 130
12 141
12 147
12 154
12 156
12 173
12 182
12 185
12 199
12 200
12 204
12 206
12 209
12 211
12 213
12 232
12 239
12 243
12 257
12 259
12 281
12 295
12 300
12 316
12 330
12 332
12 334
12 365
12 393
12 399
12 409
12 416
12 431
12 471
12 474
12 479
12 481
12 508
13 14
13 15
13 18
13 19
13 20
13 21
13 22
13 25
13 28
13 30
13 35
13 39
13 44
13 47
13 53
13 56
13 74
13 91
13 93
13 109
13 121
13 123
13 128
13 135
13 156
13 158
13 161
13 164
13 165
13 194
13 196
13 202
13 210
13 213
13 220
13 232
13 242
13 243
13 264
13 268
13 271
13 272
13 320
13 321
13 324
13 335
13 353
13 370
13 431
13 441
13 445
13 483
13 486
13 490
14 16
14 17
14 19
14 20
14 24
14 25
14 27
14 33
14 35
14 37
14 54
14 62
14 70
14 72
14 76
14 77
14 78
14 85
14 88
14 96
14 107
14 120
14 133
14 152
14 153
14 162
14 217
14 226
14 252
14 318
14 345
14 349
14 353
14 392
14 415
14 425
14 441
14 454
14 482
14 501
15 16
15 17
15 22
15 27
15 29
15 41
15 42
15 44
15 48
15 49
15 50
15 55
15 59
15 65
15 69
15 78
15 79
15 100
15 106
15 113
15 117
15 122
15 124
15 127
15 131
15 136
15 157
15 164
15 173
15 197
15 198
15 217
15 218
15 250
15 283
15 297
15 305
15 307
15 326
15 328
15 329
15 346
15 355
15 363
15 366
15 395
15 414
15 467
15 506
15 507
16 21
16 26
16 28
16 30
16 31
16 51
16 52
16 57
16 83
16 92
16 109
16 113
16 117
16 119
16 122
16 128
16 142
16 172
16 190
16 205
16 208
16 209
16 237
16 241
16 263
16 317
16 320
16 350
16 368
16 376
16 387
16 397
16 408
16 457
16 461
16 484
16 506
17 19
17 20
17 21
17 22
17 25
17 26
17 31
17 32
17 33
17 36
17 39
17 53
17 57
17 62
17 63
17 64
17 71
17 79
17 84
17 96
17 103
17 111
17 130
17 132
17 133
17 143
17 158
17 161
17 167
17 184
17 187
17 190
17 194
17 208
17 217
17 218
17 238
17 254
17 271
17 331
17 345
17 349
17 379
17 406
17 421
17 422
17 438
17 462
17 464
17 466
17 489
17 496
18 22
18 25
18 28
18 37
18 42
18 43
18 45
18 46
18 52
18 53
18 56
18 59
18 67
18 91
18 98
18 111
18 121
18 133
18 143
18 188
18 228
18 236
18 278
18 284
18 334
18 352
18 398
18 414
18 434
18 443
18 460
18 467
18 486
18 491
19 25
19 29
19 36
19 39
19 48
19 50
19 59
19 60
19 68
19 72
19 75
19 90
19 97
19 113
19 120
19 123
19 136
19 154
19 210
19 258
19 272
19 275
19 284
19 285
19 300
19 311
19 323
19 326
19 331
19 371
19 471
19 485
20 32
20 33
20 35
20 36
20 63
20 91
20 101
20 115
20 132
20 134
20 142
20 143
20 147
20 162
20 163
20 216
20 275
20 298
20 308
20 335
20 381
20 438
20 465
20 492
20 495
20 508
21 23
21 28
21 41
21 43
21 53
21 100
21 101
21 102
21 106
21 110
21 118
21 121
21 122
21 146
21 147
21 149
21 153
21 154
21 156
21 165
21 168
21 172
21 195
21 201
21 204
21 216
21 218
21 221
21 239
21 246
21 260
21 263
21 271
21 278
21 290
21 298
21 325
21 377
21 419
21 420
21 447
21 469
21 487
21 501
22 26
22 28
22 29
22 35
22 40
22 44
22 46
22 51
22 56
22 63
22 79
22 85
22 88
22 98
22 99
22 111
22 117
22 120
22 121
22 127
22 129
22 138
22 143
22 149
22 153
22 205
22 222
22 232
22 248
22 251
22 252
22 273
22 275
22 302
22 306
22 314
22 366
22 419
22 437
22 448
22 455
22 488
23 24
23 36
23 83
23 85
23 118
23 147
23 172
23 238
23 265
23 271
23 341
23 344
23 369
23 407
23 451
23 482
23 499
24 42
24 45
24 57
24 61
24 77
24 82
24 85
24 139
24 166
24 197
24 212
24 216
24 247
24 271
24 346
24 407
24 440
25 26
25 29
25 40
25 61
25 102
25 114
25 123
25 124
25 155
25 166
25 192
25 196
25 264
25 274
25 275
25 278
25 307
25 336
25 356
25 417
25 427
25 447
25 510
26 30
26 34
26 37
26 40
26 50
26 54
26 62
26 63
26 79
26 80
26 83
26 86
26 95
26 105
26 108
26 133
26 137
26 139
26 148
26 164
26 171
26 174
26 186
26 188
26 191
26 196
26 203
26 209
26 216
26 219
26 229
26 243
26 275
26 288
26 318
26 332
26 339
26 427
26 432
26 462
26 501
27 30
27 33
27 48
27 50
27 55
27 63
27 69
27 76
27 90
27 100
27 101
27 102
27 113
27 117
27 142
27 158
27 181
27 191
27 199
27 212
27 221
27 264
27 270
27 297
27 325
27 350
27 357
27 376
27 398
27 432
27 435
27 449
28 34
28 37
28 57
28 61
28 65
28 66
28 67
28 81
28 85
28 89
28 100
28 103
28 137
28 180
28 230
28 236
28 261
28 290
28 301
28 309
28 343
28 354
28 356
28 368
28 391
28 406
28 408
28 424
28 434
28 464
28 499
29 30
29 40
29 47
29 53
29 57
29 66
29 74
29 75
29 81
29 84
29 87
29 93
29 94
29 103
29 105
29 106
29 113
29 128
29 144
29 145
29 146
29 150
29 159
29 163
29 176
29 179
29 217
29 219
29 220
29 221
29 228
29 240
29 256
29 351
29 380
29 384
29 396
29 493
29 501
29 511
30 46
30 84
30 131
30 150
30 170
30 173
30 182
30 229
30 298
30 354
30 387
30 388
30 442
30 463
31 32
31 37
31 53
31 55
31 69
31 138
31 201
31 273
31 283
31 315
31 324
31 348
31 362
31 376
31 386
31 412
31 418
32 34
32 44
32 54
32 72
32 78
32 106
32 115
32 157
32 177
32 187
32 197
32 199
32 218
32 228
32 256
32 312
32 356
32 385
32 392
32 410
32 413
32 430
32 468
33 35
33 41
33 50
33 61
33 77
33 101
33 104
33 133
33 167
33 169
33 170
33 185
33 186
33 200
33 217
33 218
33 235
33 265
33 287
33 322
33 330
33 331
33 377
33 421
34 35
34 46
34 61
34 68
34 70
34 79
34 81
34 84
34 86
34 140
34 204
34 208
34 278
34 323
34 360
34 366
34 368
34 375
34 387
34 404
34 416
34 428
34 432
34 452
34 480
34 489
34 506
35 42
35 54
35 78
35 100
35 138
35 139
35 141
35 160
35 182
35 184
35 189
35 224
35 322
35 328
35 361
35 367
35 395
35 397
35 406
36 44
36 57
36 62
36 82
36 104
36 164
36 172
36 221
36 280
36 294
36 316
36 470
37 39
37 46
37 48
37 61
37 78
37 104
37 170
37 258
37 266
37 312
37 320
37 324
37 329
37 339
37 353
37 409
37 432
37 475
37 485
38 47
38 68
38 74
38 112
38 114
38 118
38 134
38 150
38 203
38 260
38 296
38 309
38 348
38 433
38 440
38 454
38 474
38 500
39 42
39 43
39 49
39 52
39 55
39 58
39 59
39 66
39 73
39 96
39 103
39 111
39 118
39 130
39 185
39 204
39 228
39 277
39 293
39 347
39 384
39 443
39 445
39 475
40 50
40 64
40 91
40 116
40 119
40 145
40 155
40 176
40 183
40 187
40 195
40 207
40 218
40 222
40 391
40 489
40 508
41 43
41 54
41 67
41 89
41 110
41 124
41 132
41 135
41 156
41 180
41 190
41 191
41 196
41 199
41 200
41 206
41 212
41 234
41 235
41 248
41 271
41 315
41 328
41 362
41 393
41 405
41 419
41 481
41 506
42 45
42 49
42 63
42 66
42 99
42 128
42 168
42 186
42 193
42 232
42 345
42 356
42 392
42 468
43 62
43 72
43 77
43 87
43 97
43 112
43 113
43 115
43 140
43 165
43 196
43 215
43 228
43 242
43 248
43 257
43 329
43 345
43 398
43 440
44 62
44 83
44 87
44 149
44 184
44 193
44 196
44 198
44 217
44 224
44 254
44 299
44 347
44 449
44 463
44 473
44 491
45 52
45 54
45 71
45 99
45 118
45 143
45 194
45 272
45 381
45 494
45 506
46 51
46 52
46 66
46 85
46 96
46 97
46 100
46 105
46 111
46 140
46 144
46 154
46 171
46 178
46 186
46 195
46 202
46 234
46 236
46 256
46 259
46 269
46 276
46 279
46 300
46 308
46 310
46 329
46 351
46 378
46 384
46 423
46 429
46 459
46 467
46 494
47 69
47 95
47 102
47 119
47 199
47 200
47 340
47 435
48 55
48 70
48 86
48 120
48 177
48 236
48 370
48 401
48 424
48 480
49 79
49 144
49 196
49 466
50 66
50 71
50 73
50 79
50 90
50 97
50 114
50 133
50 175
50 183
50 194
50 215
50 234
50 246
50 259
50 261
50 299
50 343
50 370
50 433
50 457
51 52
51 81
51 83
51 136
51 219
51 493
51 506
52 55
52 80
52 114
52 121
52 122
52 131
52 141
52 181
52 192
52 223
52 231
52 233
52 286
52 328
52 340
52 365
52 389
52 394
52 419
52 478
52 494
52 501
53 57
53 69
53 164
53 262
53 286
53 310
53 399
54 60
54 67
54 108
54 120
54 151
54 165
54 173
54 281
54 284
54 396
54 416
54 428
54 444
55 64
55 68
55 71
55 74
55 88
55 99
55 111
55 143
55 181
55 290
55 377
55 378
55 384
55 385
55 418
55 426
55 445
55 466
55 485
55 500
56 73
56 130
56 173
56 178
56 205
56 253
56 265
56 304
56 319
56 351
57 82
57 88
57 108
57 136
57 163
57 181
57 199
57 235
57 261
57 303
57 319
57 367
57 374
57 381
57 390
57 415
57 446
57 491
57 498
57 511
58 67
58 84
58 101
58 126
58 134
58 138
58 141
58 186
58 244
58 305
58 370
58 409
58 445
59 63
59 68
59 86
59 87
59 88
59 93
59 104
59 112
59 150
59 189
59 207
59 249
59 288
59 377
59 385
59 406
59 435
59 477
60 77
60 83
60 92
60 94
60 125
60 130
60 132
60 155
60 159
60 172
60 174
60 175
60 202
60 235
60 241
60 245
60 250
60 256
60 260
60 347
60 447
61 67
61 78
61 107
61 108
61 117
61 135
61 200
61 230
61 298
61 308
61 311
61 370
61 380
62 64
62 73
62 96
62 179
62 237
62 277
62 282
62 303
62 424
62 449
63 71
63 109
63 114
63 195
63 201
63 224
63 259
63 267
63 281
63 282
64 70
64 89
64 176
64 201
64 225
64 269
64 277
64 290
64 291
64 455
64 464
65 102
65 148
65 160
65 175
65 230
65 248
65 323
65 406
66 131
66 136
66 145
66 152
66 160
66 202
66 285
66 382
66 401
66 454
66 484
67 68
67 69
67 75
67 157
67 221
67 262
67 295
67 303
67 394
67 459
68 73
68 107
68 115
68 128
68 218
68 242
68 378
68 405
68 412
68 447
68 477
68 480
69 131
69 357
69 472
70 89
70 90
70 101
70 142
70 211
70 214
70 250
70 375
70 382
70 411
70 468
71 81
71 109
71 117
71 128
71 320
72 76
72 106
72 121
72 129
72 147
72 164
72 166
72 169
72 266
72 272
72 280
72 306
72 351
72 437
72 474
72 502
73 77
73 90
73 212
73 219
73 226
73 227
73 279
73 286
73 299
73 316
73 345
73 346
73 354
73 367
73 373
73 493
73 505
74 75
74 94
74 102
74 123
74 142
74 145
74 161
74 168
74 197
74 201
74 205
74 241
74 298
74 335
74 355
74 365
74 383
74 394
75 81
75 137
75 144
75 192
75 213
75 252
75 268
75 270
75 288
75 319
75 380
75 385
75 396
75 397
75 418
75 421
75 444
75 485
76 97
76 105
76 115
76 175
76 193
76 202
76 205
76 228
76 240
76 284
76 310
76 311
76 336
76 349
76 358
76 362
76 414
76 420
76 472
76 476
76 478
76 508
77 79
77 80
77 113
77 341
77 390
77 393
77 491
78 93
78 94
78 122
78 137
78 168
78 169
78 238
78 258
78 283
78 294
78 313
78 338
78 348
78 505
79 125
79 197
79 212
79 224
79 267
79 279
79 290
79 330
79 372
80 147
80 173
80 183
80 250
80 268
80 421
80 435
80 504
81 106
81 149
81 156
81 289
81 313
81 345
81 460
82 95
82 187
82 199
82 229
82 318
82 389
82 424
82 472
83 96
83 97
83 116
83 180
83 210
83 227
83 334
83 418
83 442
84 122
84 215
84 225
84 269
84 315
84 332
84 378
84 455
85 89
85 95
85 98
85 107
85 109
85 137
85 167
85 185
85 202
85 213
85 229
85 238
85 256
85 310
85 324
85 335
85 396
85 490
85 503
86 88
86 93
86 109
86 117
86 187
86 236
86 247
86 248
86 265
86 288
86 305
86 307
86 317
86 320
86 328
86 334
86 387
87 88
87 102
87 114
87 130
87 194
87 240
87 256
87 275
87 503
88 91
88 92
88 98
88 112
88 214
88 301
88 348
88 390
88 413
89 93
89 112
89 146
89 150
89 193
89 228
89 266
89 286
89 296
89 327
89 434
89 470
89 498
89 503
90 156
90 164
90 265
90 285
90 303
90 348
90 354
90 366
90 391
90 402
90 449
90 496
91 165
91 212
91 253
91 268
91 468
91 469
91 506
92 129
92 133
92 134
92 144
92 154
92 294
92 306
92 362
93 157
93 360
93 456
94 95
94 119
94 134
94 157
94 179
94 273
94 303
94 342
94 361
94 399
94 401
94 407
94 446
94 448
95 164
95 287
95 327
95 356
95 376
95 422
95 437
95 470
95 478
95 493
96 109
96 153
96 193
96 224
97 143
97 150
97 151
97 155
97 205
97 209
97 214
97 234
97 265
97 421
98 111
98 159
98 167
98 245
98 282
98 289
98 306
98 337
98 368
98 395
98 404
98 418
98 469
98 497
99 269
99 314
100 112
100 114
100 127
100 244
100 301
100 457
100 478
100 498
101 116
101 125
101 126
101 137
101 175
101 462
102 124
102 125
102 126
102 131
102 182
102 190
102 211
102 235
102 242
102 317
102 358
102 459
103 162
103 207
103 210
103 296
103 386
103 478
103 487
104 127
104 134
104 151
104 191
104 218
104 249
104 259
104 329
104 420
104 451
105 120
105 166
105 265
105 276
105 282
105 407
106 124
106 131
106 132
106 188
106 197
106 212
106 243
106 292
106 325
106 353
106 423
106 430
106 464
107 222
107 231
107 242
107 307
107 308
107 321
107 326
107 386
107 401
107 404
107 411
108 146
108 153
108 237
108 247
108 302
108 337
108 366
109 233
109 255
109 309
109 330
110 180
110 214
110 311
111 148
111 160
111 162
111 226
111 247
111 340
111 359
111 481
111 509
112 165
112 458
112 484
113 125
113 290
113 358
113 497
114 129
114 173
114 288
114 292
114 332
114 378
114 436
114 442
114 464
114 466
115 158
115 192
115 202
115 262
115 266
115 268
115 274
115 278
115 322
115 362
115 446
115 453
116 128
116 146
116 149
116 169
116 183
116 277
116 285
116 384
116 493
116 511
117 127
117 148
117 160
117 191
117 252
117 301
117 398
117 405
117 452
117 487
118 126
118 148
118 159
118 197
118 206
118 208
118 242
118 393
118 425
118 444
118 451
119 189
119 254
119 340
119 407
119 409
119 495
120 146
120 164
120 256
120 505
121 124
121 136
121 149
121 156
121 161
121 168
121 184
121 297
121 330
121 373
121 454
122 229
122 287
122 456
122 471
123 235
123 304
123 400
123 413
123 432
124 139
124 150
124 152
124 177
124 206
124 311
124 361
125 145
125 162
125 245
125 338
125 391
125 398
125 412
125 446
126 155
126 160
126 178
126 256
126 267
126 357
126 432
126 439
127 135
127 293
127 397
127 498
128 170
128 239
128 301
128 441
129 188
129 254
129 268
129 293
130 141
130 181
130 308
130 340
131 168
131 177
131 178
131 189
131 311
131 347
131 361
131 413
131 494
131 502
131 509
132 153
132 178
132 181
132 186
132 248
132 283
132 398
132 429
133 192
133 239
133 240
133 382
134 184
134 459
135 158
135 233
135 261
135 318
135 321
136 198
136 251
136 252
136 461
137 161
137 206
137 286
137 309
137 315
137 325
137 380
137 382
137 401
137 482
138 215
138 227
138 232
138 275
138 287
138 373
139 159
139 163
139 342
139 459
139 471
140 146
140 171
140 289
140 386
140 444
140 486
142 145
142 210
142 215
142 402
143 167
143 203
143 304
143 318
143 347
143 349
143 359
143 364
143 374
143 387
143 445
143 451
143 452
143 463
144 208
144 211
144 441
145 148
145 149
145 163
145 180
145 183
145 223
145 249
145 262
145 279
145 287
145 312
145 416
146 152
146 184
146 189
146 195
146 229
146 241
146 260
146 271
146 361
146 405
146 417
146 436
146 488
147 422
147 495
148 169
148 170
148 203
148 254
148 332
148 336
148 360
148 419
148 465
148 468
149 255
149 364
149 387
149 503
150 220
150 317
150 319
150 347
151 187
151 314
151 379
152 294
152 361
152 428
153 213
153 393
154 304
154 369
154 433
155 160
155 186
155 224
156 195
156 213
156 379
156 388
156 465
156 483
158 200
158 273
158 314
158 350
159 252
159 257
159 274
159 343
159 359
159 507
160 257
160 298
160 352
160 357
160 365
160 376
160 436
160 462
160 483
161 198
161 289
161 308
161 338
161 404
161 442
161 496
162 168
162 177
162 188
162 224
163 169
163 170
163 188
163 204
163 295
163 396
163 420
163 441
163 504
164 170
164 239
164 429
165 466
165 504
166 244
166 280
166 312
166 324
166 354
166 369
166 388
167 177
167 194
167 253
167 342
167 363
167 378
167 431
167 443
167 481
168 255
168 338
168 453
168 510
169 237
169 241
169 412
169 457
170 177
170 253
170 337
170 401
170 419
171 202
171 223
171 273
172 214
172 225
172 234
172 346
172 469
173 240
173 359
174 232
174 441
175 179
175 227
175 280
175 292
175 295
175 315
175 333
175 372
175 463
176 188
176 266
176 410
177 255
177 297
177 348
177 380
177 389
178 203
178 226
178 257
178 392
178 402
178 407
178 503
179 180
179 427
179 505
180 183
180 214
180 431
181 186
181 273
181 280
181 281
181 288
181 428
182 192
182 253
182 303
183 249
183 333
183 367
183 400
183 487
184 216
184 257
184 365
184 430
184 492
185 217
185 226
185 308
185 361
185 414
186 414
186 415
187 307
187 350
187 367
187 369
187 372
187 403
187 448
187 496
187 507
188 222
188 226
188 231
188 281
188 443
189 291
189 299
189 358
189 438
190 306
190 355
190 397
190 420
191 246
191 247
191 291
191 300
191 310
191 337
191 399
191 417
191 473
191 478
192 208
192 232
192 244
192 264
192 269
192 275
192 349
192 372
192 436
192 447
192 473
192 487
193 266
193 283
193 371
193 417
193 426
193 430
193 479
194 284
194 319
194 355
194 440
194 456
194 457
195 233
195 244
195 329
195 338
195 403
195 429
195 483
196 331
196 335
196 382
196 394
196 430
197 406
197 459
198 310
198 440
198 448
199 342
199 504
200 237
200 380
200 508
201 216
201 262
201 279
201 282
201 327
202 302
202 351
202 475
203 296
203 328
203 371
204 250
204 267
204 399
205 412
205 509
206 346
207 236
207 263
207 291
207 388
207 456
207 470
207 499
208 295
208 300
209 232
209 233
209 270
209 355
209 403
209 426
209 446
210 255
210 263
210 276
210 312
210 491
211 335
212 426
213 230
213 349
213 469
213 470
213 490
215 241
215 243
215 252
215 349
215 360
215 381
215 395
215 493
215 500
216 297
216 369
216 413
216 433
217 258
217 302
217 304
217 353
217 427
217 462
217 492
217 496
217 508
218 259
218 295
218 337
218 345
218 364
218 404
218 412
218 423
218 483
218 498
219 405
219 448
220 225
220 242
220 341
221 293
221 480
221 493
221 505
222 241
222 260
222 316
222 379
222 446
222 506
223 271
223 373
223 405
223 485
224 263
224 326
224 346
224 454
224 495
224 510
226 245
226 267
227 288
227 332
228 231
228 415
228 466
229 319
231 285
231 331
231 366
231 379
231 425
231 426
231 442
232 286
232 344
232 363
232 368
233 388
233 505
234 325
234 338
234 382
234 462
234 492
235 422
236 268
236 297
236 327
236 337
237 272
237 278
237 320
237 394
238 274
238 467
239 373
239 477
240 267
240 276
240 351
240 400
240 475
241 260
241 285
241 310
241 314
241 349
241 383
241 451
242 330
242 344
242 403
242 444
242 453
243 314
243 342
243 501
244 288
244 315
244 352
244 359
246 488
247 267
247 471
247 472
248 321
248 326
248 390
248 411
248 460
248 508
249 494
250 254
250 410
253 299
253 431
253 455
254 362
254 466
255 309
255 315
255 334
255 403
255 468
256 258
256 317
257 417
258 262
258 311
258 496
259 274
259 460
260 271
260 372
260 416
261 331
262 278
262 335
262 366
262 457
263 305
264 285
264 510
265 314
265 470
266 291
266 292
266 306
266 408
266 432
267 322
267 401
268 373
268 434
268 488
269 273
270 277
270 325
270 421
270 442
270 457
271 317
272 407
272 413
273 324
273 391
273 422
273 425
273 459
275 455
276 353
276 355
276 408
276 447
277 333
277 364
277 442
278 302
279 281
279 473
280 292
280 310
280 346
280 472
281 439
282 325
282 338
282 356
283 315
283 479
283 507
285 494
286 410
287 309
287 315
287 346
287 362
287 373
288 415
291 407
291 460
291 490
292 293
292 310
292 331
292 400
292 411
293 391
293 486
294 491
295 332
295 410
295 452
296 383
296 402
297 372
297 438
300 507
302 418
302 440
303 362
304 399
305 372
305 496
306 312
306 442
306 476
307 431
307 461
307 502
307 511
308 375
308 511
310 354
310 395
310 403
310 404
310 439
310 490
310 495
311 336
312 448
313 445
314 429
314 471
315 316
316 352
316 465
317 450
317 510
318 337
319 357
320 333
320 357
320 449
323 472
324 402
325 416
325 464
326 339
326 359
326 379
326 391
326 471
327 429
327 475
327 483
328 456
328 465
328 469
328 507
330 397
330 456
331 501
332 350
333 375
333 473
333 474
333 479
334 410
334 454
335 339
335 412
337 365
337 368
337 388
338 507
339 341
339 425
340 375
340 451
340 466
340 503
341 359
341 371
341 390
341 403
341 412
341 456
341 457
341 499
343 390
346 426
348 424
349 492
350 368
353 450
353 458
358 365
360 430
362 456
362 501
363 432
364 461
365 382
365 426
365 511
366 386
366 438
366 453
366 500
366 502
367 402
367 417
368 417
368 421
369 389
369 470
369 486
370 378
372 398
373 504
374 421
375 413
376 392
376 416
377 414
378 381
378 485
379 402
379 511
381 384
381 416
381 487
382 386
382 455
382 488
382 489
385 498
386 489
387 480
388 391
388 496
389 467
389 476
390 422
390 425
393 467
397 507
399 461
404 473
405 427
408 494
412 415
416 426
416 509
417 424
417 463
418 452
418 458
419 474
421 489
422 437
423 479
425 481
426 445
428 475
430 446
442 487
442 492
445 458
446 493
448 481
449 458
449 479
450 451
451 482
454 455
455 487
458 474
458 504
462 495
471 502
475 494
478 511
480 484
483 509
490 509
496 510
500 510
