0 10
0 14
0 16
0 17
0 18
0 23
0 24
0 32
0 35
0 39
0 49
0 51
0 59
0 66
0 93
0 126
0 132
0 140
0 148
0 151
0 177
0 203
0 205
0 209
0 222
0 248
0 269
0 270
0 291
0 299
0 395
0 408
0 411
0 423
0 436
0 463
0 493
1 9
1 10
1 12
1 17
1 74
1 87
1 88
1 204
1 457
1 465
1 477
2 10
2 11
2 12
2 13
2 14
2 15
2 19
2 33
2 38
2 47
2 62
2 64
2 65
2 69
2 74
2 95
2 96
2 110
2 115
2 117
2 119
2 122
2 132
2 135
2 137
2 138
2 152
2 181
2 188
2 196
2 214
2 226
2 233
2 237
2 248
2 269
2 277
2 296
2 326
2 337
2 339
2 343
2 367
2 392
2 426
3 9
3 12
3 15
3 16
3 21
3 22
3 26
3 31
3 38
3 42
3 49
3 52
3 53
3 60
3 88
3 97
3 98
3 100
3 111
3 116
3 179
3 184
3 188
3 207
3 225
3 244
3 308
3 353
3 359
3 455
3 467
3 468
4 9
4 11
4 16
4 19
4 21
4 30
4 33
4 34
4 44
4 51
4 53
4 58
4 62
4 72
4 101
4 105
4 116
4 138
4 158
4 162
4 174
4 182
4 199
4 206
4 216
4 220
4 235
4 281
4 290
4 291
4 294
4 297
4 328
4 344
4 361
4 376
4 391
4 407
4 412
4 430
4 431
4 434
4 443
4 448
4 451
4 460
4 489
4 495
5 9
5 10
5 11
5 27
5 31
5 46
5 72
5 82
5 190
5 255
5 304
5 305
5 371
5 450
5 453
6 9
6 10
6 11
6 12
6 13
6 20
6 23
6 25
6 27
6 33
6 37
6 42
6 44
6 56
6 75
6 76
6 78
6 98
6 108
6 130
6 133
6 154
6 159
6 182
6 200
6 207
6 213
6 216
6 222
6 231
6 239
6 247
6 260
6 287
6 296
6 309
6 313
6 323
6 327
6 344
6 382
6 409
6 437
7 9
7 10
7 13
7 14
7 17
7 21
7 23
7 29
7 34
7 36
7 70
7 73
7 78
7 110
7 112
7 124
7 128
7 143
7 151
7 167
7 176
7 177
7 272
7 301
7 307
7 319
7 420
7 477
7 502
8 9
8 11
8 12
8 13
8 14
8 18
8 23
8 24
8 28
8 33
8 39
8 47
8 60
8 86
8 87
8 89
8 91
8 109
8 116
8 121
8 144
8 184
8 194
8 246
8 247
8 249
8 250
8 251
8 261
8 272
8 283
8 306
8 339
8 354
8 370
8 375
8 377
8 443
9 10
9 12
9 13
9 15
9 19
9 20
9 22
9 23
9 29
9 30
9 31
9 37
9 45
9 54
9 55
9 58
9 62
9 64
9 68
9 76
9 81
9 84
9 85
9 95
9 98
9 101
9 105
9 112
9 125
9 128
9 140
9 158
9 175
9 179
9 223
9 246
9 258
9 262
9 294
9 314
9 326
9 333
9 336
9 341
9 344
9 369
9 395
9 399
9 409
9 417
9 418
9 420
9 427
9 434
9 435
9 504
10 11
10 12
10 13
10 14
10 17
10 18
10 20
10 21
10 23
10 24
10 27
10 29
10 30
10 33
10 34
10 36
10 37
10 38
10 40
10 43
10 45
10 48
10 50
10 51
10 59
10 63
10 71
10 73
10 75
10 79
10 81
10 107
10 118
10 127
10 129
10 130
10 134
10 139
10 147
10 150
10 155
10 162
10 165
10 170
10 191
10 206
10 214
10 215
10 223
10 243
10 250
10 251
10 258
10 267
10 269
10 285
10 313
10 324
10 327
10 332
10 340
10 343
10 345
10 354
10 364
10 400
10 413
10 423
10 436
10 439
10 441
10 447
10 451
10 464
10 476
10 500
10 510
11 12
11 13
11 14
11 16
11 17
11 18
11 31
11 32
11 40
11 41
11 48
11 57
11 63
11 65
11 70
11 71
11 87
11 89
11 90
11 96
11 97
11 103
11 108
11 113
11 121
11 129
11 135
11 137
11 139
11 149
11 151
11 154
11 165
11 198
11 199
11 210
11 215
11 222
11 223
11 229
11 233
11 234
11 237
11 244
11 247
11 250
11 274
11 292
11 294
11 298
11 317
11 319
11 320
11 333
11 339
11 342
11 365
11 374
11 383
11 384
11 394
11 429
11 436
11 439
11 440
11 444
11 448
11 467
11 495
12 14
12 15
12 16
12 18
12 20
12 21
12 38
12 44
12 48
12 51
12 58
12 59
12 64
12 65
12 76
12 80
12 83
12 93
12 103
12 105
12 120
12 141
12 147
12 154
12 156
12 182
12 187
12 199
12 200
12 206
12 209
12 211
12 213
12 232
12 243
12 257
12 259
12 281
12 283
12 300
12 324
12 330
12 332
12 334
12 336
12 358
12 363
12 365
12 369
12 393
12 399
12 408
12 416
12 431
12 439
12 443
12 461
12 471
12 474
12 479
12 481
12 484
12 508
13 15
13 19
13 21
13 25
13 28
13 30
13 32
13 46
13 47
13 56
13 65
13 70
13 71
13 91
13 92
13 107
13 109
13 121
13 156
13 164
13 165
13 190
13 196
13 202
13 210
13 220
13 236
13 242
13 243
13 249
13 264
13 266
13 268
13 271
13 272
13 320
13 321
13 324
13 370
13 483
13 486
13 490
14 16
14 18
14 19
14 20
14 22
14 24
14 25
14 33
14 35
14 37
14 39
14 54
14 62
14 70
14 72
14 78
14 85
14 88
14 96
14 107
14 120
14 124
14 133
14 135
14 152
14 162
14 187
14 217
14 226
14 252
14 286
14 289
14 318
14 322
14 345
14 353
14 368
14 392
14 415
14 425
14 441
14 482
14 501
15 19
15 22
15 26
15 27
15 44
15 48
15 49
15 50
15 59
15 69
15 78
15 79
15 86
15 92
15 100
15 106
15 113
15 123
15 124
15 136
15 157
15 160
15 197
15 217
15 218
15 243
15 250
15 289
15 297
15 307
15 326
15 328
15 329
15 346
15 355
15 363
15 366
15 395
15 414
15 418
15 467
15 507
16 19
16 21
16 26
16 28
16 30
16 31
16 47
16 51
16 52
16 54
16 57
16 109
16 113
16 117
16 122
16 128
16 225
16 237
16 241
16 312
16 317
16 320
16 363
16 368
16 376
16 379
16 385
16 387
16 397
16 439
16 450
16 457
16 484
16 497
16 506
17 18
17 19
17 20
17 22
17 29
17 52
17 53
17 55
17 59
17 62
17 63
17 64
17 79
17 84
17 96
17 111
17 114
17 115
17 132
17 143
17 158
17 161
17 162
17 167
17 185
17 187
17 190
17 191
17 208
17 217
17 221
17 223
17 238
17 246
17 254
17 258
17 271
17 331
17 345
17 349
17 421
17 422
17 425
17 438
17 462
17 464
17 466
17 470
17 487
17 489
17 496
18 22
18 42
18 43
18 45
18 46
18 56
18 59
18 67
18 91
18 98
18 106
18 111
18 121
18 133
18 143
18 152
18 153
18 173
18 188
18 224
18 228
18 236
18 278
18 321
18 334
18 398
18 414
18 434
18 443
18 460
18 467
18 482
18 485
18 486
18 491
18 503
19 25
19 28
19 36
19 37
19 38
19 39
19 48
19 49
19 50
19 58
19 59
19 60
19 90
19 110
19 113
19 120
19 126
19 136
19 154
19 183
19 210
19 234
19 272
19 275
19 285
19 300
19 331
19 371
19 471
19 485
20 32
20 33
20 35
20 78
20 91
20 132
20 134
20 142
20 143
20 147
20 162
20 163
20 169
20 176
20 216
20 231
20 308
20 335
20 364
20 381
20 438
20 495
20 508
21 23
21 24
21 28
21 43
21 53
21 56
21 74
21 84
21 100
21 101
21 110
21 121
21 146
21 147
21 149
21 150
21 153
21 154
21 156
21 183
21 201
21 204
21 216
21 218
21 221
21 239
21 246
21 260
21 263
21 271
21 290
21 292
21 298
21 323
21 325
21 377
21 380
21 392
21 419
21 420
21 447
21 469
21 487
21 501
22 26
22 29
22 42
22 44
22 46
22 48
22 51
22 54
22 71
22 77
22 79
22 98
22 99
22 120
22 121
22 138
22 140
22 149
22 153
22 190
22 197
22 205
22 232
22 235
22 248
22 252
22 275
22 302
22 321
22 329
22 406
22 408
22 448
22 474
22 488
23 85
23 86
23 99
23 118
23 147
23 220
23 225
23 238
23 265
23 293
23 322
23 341
23 369
23 407
23 451
23 482
24 39
24 42
24 45
24 49
24 57
24 77
24 82
24 91
24 102
24 139
24 141
24 166
24 189
24 194
24 212
24 216
24 252
24 280
24 291
24 292
24 299
24 302
24 346
24 440
25 26
25 29
25 40
25 74
25 94
25 102
25 114
25 123
25 124
25 140
25 142
25 155
25 157
25 165
25 166
25 192
25 196
25 264
25 274
25 275
25 281
25 307
25 356
25 385
25 447
26 34
26 60
26 63
26 67
26 83
26 95
26 108
26 133
26 137
26 139
26 148
26 171
26 174
26 186
26 188
26 191
26 196
26 203
26 209
26 219
26 229
26 318
26 332
26 337
26 432
26 477
26 501
27 33
27 45
27 55
27 60
27 63
27 69
27 100
27 113
27 132
27 142
27 166
27 181
27 199
27 212
27 221
27 264
27 270
27 287
27 297
27 304
27 325
27 350
27 357
27 398
27 435
27 471
28 31
28 34
28 57
28 65
28 66
28 67
28 70
28 81
28 85
28 89
28 103
28 135
28 137
28 180
28 198
28 230
28 236
28 264
28 354
28 356
28 368
28 391
28 434
28 464
28 499
29 40
29 47
29 53
29 74
29 81
29 82
29 84
29 87
29 103
29 105
29 113
29 123
29 127
29 128
29 144
29 145
29 146
29 150
29 159
29 163
29 173
29 176
29 211
29 217
29 219
29 220
29 221
29 228
29 240
29 242
29 257
29 316
29 351
29 380
29 384
29 506
29 511
30 46
30 84
30 131
30 170
30 173
30 182
30 229
30 298
30 319
30 354
30 367
30 387
30 388
30 442
30 462
30 463
31 32
31 37
31 40
31 41
31 55
31 56
31 69
31 112
31 138
31 201
31 268
31 273
31 283
31 324
31 362
31 412
31 418
31 484
32 34
32 44
32 54
32 72
32 78
32 115
32 157
32 187
32 197
32 218
32 225
32 228
32 296
32 312
32 356
32 385
32 392
32 410
32 430
32 468
33 41
33 50
33 61
33 101
33 104
33 121
33 133
33 167
33 169
33 171
33 185
33 186
33 200
33 217
33 218
33 235
33 265
33 287
33 292
33 421
33 483
34 35
34 55
34 68
34 79
34 81
34 84
34 86
34 122
34 161
34 174
34 240
34 257
34 278
34 303
34 322
34 323
34 366
34 368
34 375
34 387
34 416
34 428
34 432
34 506
35 42
35 78
35 100
35 141
35 182
35 184
35 189
35 224
35 273
35 282
35 318
35 322
35 367
35 406
36 44
36 57
36 80
36 103
36 104
36 108
36 138
36 164
36 185
36 221
36 280
36 294
36 300
36 316
36 317
36 379
36 470
36 482
36 488
37 39
37 41
37 46
37 48
37 139
37 170
37 234
37 258
37 312
37 320
37 324
37 339
37 345
37 353
37 428
37 432
37 475
38 47
38 68
38 72
38 74
38 114
38 118
38 134
38 140
38 151
38 260
38 309
38 318
38 348
38 440
38 454
38 474
38 476
38 480
38 500
39 42
39 43
39 51
39 55
39 58
39 59
39 65
39 82
39 103
39 111
39 118
39 130
39 185
39 204
39 228
39 300
39 305
39 347
39 356
39 375
39 444
39 445
39 475
39 499
40 50
40 58
40 119
40 145
40 183
40 187
40 195
40 207
40 222
40 278
40 294
40 480
40 508
41 48
41 60
41 67
41 75
41 89
41 99
41 110
41 124
41 132
41 156
41 180
41 191
41 196
41 198
41 199
41 200
41 203
41 206
41 212
41 238
41 248
41 278
41 315
41 326
41 328
41 362
41 376
41 393
41 405
41 419
41 423
41 506
41 509
42 49
42 63
42 66
42 99
42 128
42 193
42 220
42 232
42 304
42 345
42 356
42 363
42 392
43 45
43 51
43 62
43 72
43 77
43 85
43 97
43 104
43 112
43 115
43 132
43 140
43 161
43 196
43 197
43 215
43 228
43 242
43 248
43 257
43 261
43 329
43 377
43 398
43 440
43 498
44 46
44 62
44 83
44 87
44 138
44 149
44 198
44 207
44 224
44 254
44 299
44 334
44 347
44 463
44 491
45 52
45 54
45 68
45 71
45 99
45 143
45 185
45 237
45 272
45 318
45 339
45 375
45 494
45 506
46 51
46 52
46 66
46 96
46 105
46 111
46 153
46 154
46 171
46 178
46 186
46 195
46 202
46 229
46 236
46 256
46 259
46 274
46 277
46 279
46 300
46 310
46 329
46 342
46 351
46 363
46 378
46 384
46 429
46 458
46 467
46 472
46 473
46 494
47 90
47 102
47 119
47 200
47 331
47 340
48 55
48 57
48 58
48 70
48 177
48 230
48 236
48 295
48 370
48 401
48 424
48 449
48 480
48 499
49 79
49 144
49 196
49 282
49 466
50 56
50 66
50 71
50 73
50 79
50 97
50 133
50 175
50 183
50 234
50 246
50 247
50 259
50 261
50 299
50 370
50 378
50 404
50 428
50 457
51 52
51 81
51 83
51 136
51 219
51 223
51 401
51 410
51 506
52 80
52 87
52 94
52 121
52 122
52 131
52 141
52 189
52 223
52 280
52 294
52 389
52 478
52 494
52 501
53 57
53 69
53 119
53 286
53 301
53 310
53 336
53 351
53 394
53 399
53 492
54 67
54 108
54 120
54 151
54 165
54 173
54 180
54 284
54 416
54 428
55 68
55 71
55 74
55 88
55 99
55 143
55 240
55 285
55 377
55 384
55 385
55 418
55 485
55 500
56 73
56 168
56 203
56 205
56 253
56 265
56 304
56 319
56 495
57 82
57 104
57 108
57 116
57 136
57 146
57 163
57 171
57 235
57 261
57 303
57 319
57 367
57 374
57 442
57 446
57 492
57 494
57 498
57 511
58 83
58 84
58 94
58 101
58 126
58 134
58 141
58 221
58 237
58 244
58 305
58 339
58 370
58 445
59 63
59 66
59 76
59 86
59 87
59 93
59 95
59 104
59 129
59 150
59 189
59 193
59 200
59 207
59 227
59 232
59 249
59 277
59 340
59 366
59 377
59 388
59 406
59 435
59 477
60 77
60 83
60 92
60 94
60 130
60 155
60 159
60 172
60 175
60 202
60 228
60 235
60 241
60 245
60 250
60 260
60 261
60 347
60 434
60 447
61 64
61 67
61 78
61 108
61 135
61 138
61 200
61 230
61 298
61 308
61 311
61 370
61 380
62 64
62 73
62 96
62 276
62 277
62 282
62 312
62 393
62 424
62 449
62 486
63 71
63 114
63 149
63 195
63 201
63 207
63 259
63 267
63 282
64 70
64 89
64 104
64 118
64 176
64 201
64 277
64 290
64 291
64 320
64 464
64 476
65 102
65 175
65 230
65 235
65 248
65 316
65 387
65 406
65 455
65 502
66 105
66 131
66 136
66 152
66 155
66 160
66 172
66 202
66 270
66 285
66 363
66 382
66 484
67 69
67 75
67 76
67 157
67 159
67 262
67 263
67 295
67 459
67 490
68 73
68 82
68 115
68 128
68 242
68 250
68 313
68 350
68 378
68 384
68 405
68 412
68 447
68 480
69 131
69 261
69 357
69 400
69 416
70 101
70 142
70 211
70 214
70 249
70 366
70 375
70 411
70 468
71 81
71 99
71 117
71 128
71 130
71 259
71 394
71 501
72 76
72 82
72 106
72 115
72 121
72 129
72 147
72 164
72 169
72 190
72 209
72 266
72 270
72 272
72 280
72 306
72 474
72 502
73 154
73 178
73 195
73 212
73 226
73 227
73 279
73 286
73 299
73 345
73 346
73 354
73 367
73 373
73 399
73 438
73 493
74 75
74 94
74 123
74 145
74 161
74 168
74 171
74 197
74 205
74 226
74 241
74 298
74 335
74 355
74 365
74 383
74 394
75 81
75 144
75 161
75 182
75 205
75 222
75 252
75 268
75 270
75 288
75 319
75 380
75 397
75 418
75 421
75 446
75 485
76 86
76 97
76 115
76 145
76 175
76 193
76 205
76 227
76 228
76 268
76 284
76 287
76 310
76 311
76 332
76 336
76 349
76 362
76 414
76 472
76 476
76 478
76 508
77 79
77 80
77 110
77 113
77 181
77 341
77 390
77 393
77 420
77 491
78 93
78 94
78 122
78 168
78 169
78 238
78 258
78 283
78 294
78 313
78 338
78 505
79 125
79 224
79 267
79 279
79 290
79 372
80 89
80 96
80 147
80 250
80 268
80 410
80 421
80 435
81 84
81 106
81 149
81 289
81 345
81 460
82 95
82 172
82 187
82 229
82 297
82 318
82 389
82 472
82 510
83 96
83 97
83 116
83 180
83 210
83 227
83 313
83 334
83 418
84 118
84 122
84 215
84 236
84 254
84 269
84 312
84 315
84 332
84 378
84 455
85 89
85 98
85 107
85 109
85 167
85 185
85 202
85 213
85 238
85 286
85 310
85 324
85 335
85 396
85 463
85 490
85 503
86 109
86 157
86 187
86 236
86 247
86 248
86 274
86 288
86 305
86 328
86 354
86 387
86 504
87 88
87 114
87 191
87 194
87 240
87 256
87 275
87 338
87 497
87 503
88 91
88 92
88 98
88 214
88 301
88 348
88 377
88 413
89 91
89 93
89 112
89 150
89 193
89 203
89 228
89 241
89 266
89 286
89 296
89 322
89 418
89 434
89 503
90 105
90 164
90 193
90 265
90 285
90 348
90 354
90 366
90 391
90 402
90 449
90 496
91 104
91 165
91 192
91 212
91 468
91 469
91 506
92 131
92 154
92 226
92 294
92 306
92 362
93 157
93 360
93 456
94 95
94 119
94 157
94 179
94 192
94 273
94 303
94 361
94 399
94 401
94 407
95 126
95 164
95 217
95 270
95 287
95 327
95 341
95 356
95 376
95 422
95 437
95 470
95 478
96 109
96 110
97 143
97 148
97 150
97 205
97 214
97 290
97 383
97 397
97 421
97 475
98 111
98 142
98 159
98 167
98 289
98 337
98 374
98 395
98 469
98 474
98 497
99 314
100 127
100 244
100 301
100 457
100 478
100 498
101 116
101 125
101 126
101 137
101 175
101 220
101 263
101 270
101 433
101 477
102 124
102 126
102 176
102 182
102 211
102 235
102 242
102 246
102 276
102 317
102 358
102 410
103 139
103 162
103 207
103 210
103 296
103 386
103 485
103 487
104 134
104 218
104 249
104 259
104 300
104 329
104 451
105 120
105 166
105 265
105 282
105 295
105 405
105 407
106 124
106 131
106 163
106 167
106 188
106 197
106 201
106 292
106 325
106 423
106 430
106 464
107 176
107 179
107 205
107 222
107 242
107 307
107 308
107 321
107 326
107 386
107 401
107 411
108 153
108 234
108 237
108 247
108 337
108 366
109 126
109 233
109 309
109 330
109 392
110 176
110 180
110 214
110 311
110 336
110 390
111 148
111 160
111 162
111 230
111 247
111 359
111 369
111 383
111 473
111 481
112 139
112 153
112 182
112 343
112 438
112 458
113 114
113 125
113 140
113 158
113 358
113 497
114 129
114 288
114 292
114 335
114 348
114 378
114 436
114 442
114 464
114 466
114 511
115 262
115 268
115 274
115 278
115 322
115 362
115 446
115 453
115 465
116 128
116 135
116 146
116 149
116 169
116 183
116 201
116 212
116 277
116 479
116 493
116 502
116 511
117 160
117 191
117 249
117 252
117 301
117 398
117 405
117 450
117 487
118 127
118 148
118 197
118 206
118 208
118 225
118 238
118 242
118 252
118 338
118 393
118 425
118 444
119 160
119 219
119 254
119 340
119 407
119 495
120 146
120 164
120 256
120 505
121 136
121 156
121 161
121 168
121 184
121 330
121 454
122 229
122 261
122 287
122 357
122 369
122 471
123 136
123 170
123 235
123 304
123 413
123 432
123 443
123 504
124 150
124 177
124 206
124 361
125 145
125 152
125 162
125 245
125 338
125 391
125 398
125 412
126 137
126 155
126 160
126 178
126 256
126 357
126 375
126 432
127 135
127 161
127 193
127 208
127 293
127 397
128 239
128 333
128 353
128 358
129 188
129 254
129 268
129 293
129 341
129 362
130 141
130 215
130 340
131 141
131 177
131 178
131 189
131 311
131 361
131 383
131 413
131 494
131 502
132 153
132 162
132 174
132 181
132 186
132 217
132 245
132 248
132 283
132 357
132 405
132 429
133 154
133 187
133 227
133 239
133 251
133 382
134 184
134 194
134 350
134 452
134 459
135 136
135 158
135 233
135 245
135 261
135 295
135 318
135 321
135 355
136 198
136 251
136 252
136 307
136 461
137 161
137 206
137 273
137 309
137 315
137 325
137 382
137 401
137 445
137 482
138 158
138 166
138 215
138 227
138 275
138 287
138 307
138 373
139 159
139 163
139 181
139 349
139 371
139 394
139 459
140 146
140 171
140 289
140 444
140 464
140 486
142 145
142 210
142 215
142 402
143 151
143 167
143 201
143 293
143 304
143 333
143 347
143 349
143 359
143 374
143 387
143 437
143 445
143 452
143 463
144 208
144 211
144 441
145 148
145 149
145 163
145 180
145 183
145 223
145 249
145 262
145 279
145 283
145 287
145 312
145 348
146 152
146 159
146 184
146 189
146 195
146 229
146 241
146 260
146 271
146 405
146 488
146 491
147 231
147 422
148 169
148 203
148 254
148 332
148 336
148 360
148 419
148 465
148 468
149 255
149 364
149 387
149 503
150 220
150 260
150 317
151 187
151 379
152 294
152 361
152 402
152 428
154 369
154 433
155 186
155 224
155 309
155 343
156 174
156 213
156 323
156 379
156 439
156 465
156 483
158 219
158 244
158 273
158 350
158 373
158 450
158 479
159 169
159 221
159 252
159 257
159 340
159 343
159 359
159 383
159 463
159 508
160 166
160 174
160 298
160 316
160 357
160 365
160 436
160 462
161 198
161 289
161 308
161 338
161 380
161 404
161 442
162 210
162 224
162 275
162 284
163 170
163 204
163 295
163 403
163 420
164 170
164 239
164 437
164 505
165 466
165 504
166 210
166 280
166 312
166 324
166 354
166 369
166 388
167 177
167 194
167 233
167 263
167 363
167 378
167 431
167 481
168 282
168 338
169 207
169 237
169 412
169 457
170 177
170 243
170 253
170 401
170 419
171 202
171 204
171 220
171 223
171 273
171 277
172 214
172 222
172 225
172 234
172 346
173 240
173 359
174 255
174 441
175 179
175 227
175 280
175 292
175 333
175 372
175 463
176 188
176 410
177 246
177 255
177 297
177 380
177 389
178 257
178 392
178 402
178 407
179 180
179 360
179 505
180 183
180 307
180 423
180 431
181 186
181 192
181 273
181 280
181 288
181 428
182 192
182 230
182 253
182 284
182 303
182 313
182 419
183 367
183 400
183 434
183 487
184 216
184 430
184 478
185 217
185 226
185 241
185 361
185 414
185 450
186 415
186 439
187 350
187 359
187 367
187 372
187 448
187 496
187 507
188 208
188 226
188 231
188 443
189 358
190 269
190 291
190 306
190 326
190 355
190 397
190 420
190 424
191 246
191 247
191 300
191 310
191 337
191 400
191 417
191 478
192 208
192 232
192 264
192 269
192 275
192 349
192 436
192 460
192 473
192 487
192 503
193 253
193 283
193 287
193 343
193 371
193 417
193 430
193 479
194 255
194 284
194 319
194 355
194 370
194 387
194 440
194 456
195 233
195 244
195 323
195 338
195 403
195 429
196 382
196 394
196 441
197 254
197 387
197 406
197 420
197 454
198 303
198 310
199 342
200 237
200 254
200 380
201 216
201 279
201 282
201 327
201 415
202 223
202 302
202 351
202 475
203 204
203 311
203 328
203 331
203 371
203 434
204 250
204 267
204 399
205 412
206 215
206 346
207 231
207 236
207 325
207 456
207 470
208 295
208 300
209 232
209 233
209 355
209 403
209 426
210 276
210 312
210 491
212 342
213 230
213 349
213 469
213 470
213 490
214 507
215 219
215 243
215 252
215 259
215 349
215 360
215 381
215 385
215 395
215 493
215 500
216 297
216 369
216 413
217 304
217 321
217 377
217 427
217 462
217 492
217 508
218 295
218 345
218 364
218 379
218 386
218 389
218 404
218 412
218 483
219 330
219 400
219 405
220 225
220 341
220 453
221 239
221 306
221 493
222 241
222 249
222 260
222 316
222 446
223 271
223 373
223 405
223 458
224 263
224 304
224 352
224 355
224 454
224 510
225 318
225 444
226 245
226 327
227 288
227 332
227 490
227 497
228 231
228 415
228 466
228 503
231 285
231 331
231 346
231 366
231 379
231 425
231 426
231 442
232 286
232 368
233 251
233 388
234 297
234 299
234 325
234 338
234 449
234 492
235 422
236 257
236 293
236 447
237 272
237 278
237 320
237 327
237 398
238 461
238 467
239 330
239 477
240 276
240 351
240 360
240 400
240 475
241 260
241 285
241 314
241 330
241 347
241 349
241 383
241 393
242 330
242 403
243 262
243 501
244 280
244 288
244 315
247 472
248 321
248 326
248 390
248 411
248 460
248 508
249 364
249 494
250 254
250 410
252 302
252 458
253 299
253 455
253 476
254 362
255 315
255 324
255 328
255 334
255 403
255 468
256 317
256 401
257 288
257 411
257 417
258 262
258 282
258 311
259 453
260 271
260 363
260 372
260 416
261 331
261 453
262 278
262 335
262 356
262 457
263 305
263 341
265 314
265 470
266 291
266 432
267 305
267 322
267 358
267 401
268 488
269 273
270 277
270 325
270 442
270 457
272 407
272 413
274 301
275 374
276 355
276 447
277 299
277 413
277 442
279 281
279 321
279 390
279 443
279 473
280 346
281 321
281 367
281 384
281 439
282 325
282 356
283 315
283 507
284 378
284 462
285 494
286 410
287 346
287 362
287 373
288 396
288 415
289 433
289 458
290 333
290 476
291 407
291 460
291 467
291 490
292 310
292 331
292 334
293 391
293 486
294 491
295 332
297 350
297 372
297 438
297 488
299 316
299 425
300 474
301 361
302 344
302 418
302 440
303 362
303 370
304 399
304 421
304 488
305 486
306 442
306 476
307 431
307 461
307 502
307 511
308 375
308 440
308 479
308 511
309 341
310 395
310 403
310 404
310 439
310 495
311 336
312 448
313 445
314 471
315 355
316 465
317 510
319 357
320 333
320 381
320 449
322 480
323 472
324 402
325 397
325 416
325 464
326 379
326 471
327 429
327 477
327 483
328 409
328 456
328 465
328 507
330 397
330 456
331 501
332 350
332 486
333 375
333 473
334 410
334 454
335 339
335 412
335 437
337 365
337 388
338 342
338 507
339 341
340 375
340 451
340 466
340 503
341 359
341 390
341 456
342 386
342 415
343 390
344 404
345 351
345 383
346 426
350 368
350 372
353 450
353 458
356 395
358 365
359 381
360 430
362 456
363 432
364 393
364 461
365 426
366 386
366 438
366 453
366 500
366 502
367 402
367 417
368 417
368 421
369 389
369 470
369 486
373 504
374 421
374 453
375 413
376 392
378 484
378 485
379 402
381 384
381 416
381 487
382 386
382 455
382 489
383 395
385 415
385 498
386 449
386 489
387 480
387 500
388 391
389 467
389 476
390 425
393 467
397 430
397 507
401 427
401 490
409 446
412 415
413 449
415 505
416 426
417 424
417 463
420 478
421 425
425 481
426 445
428 475
430 446
437 496
440 465
442 487
445 458
446 493
448 481
449 479
450 451
451 482
455 487
458 474
459 477
462 495
475 494
478 511
480 484
483 509
490 509
496 510
