0 17
0 59
0 101
0 120
0 165
0 287
0 292
0 293
0 336
0 339
0 350
0 363
0 441
0 478
1 10
1 37
1 70
1 115
1 158
1 263
1 288
1 294
1 346
1 374
1 432
1 505
1 506
2 21
2 71
2 84
2 96
2 102
2 153
2 200
2 201
2 357
2 387
2 426
2 430
3 18
3 125
3 137
3 186
3 237
3 268
3 300
3 326
3 347
3 386
3 392
3 414
3 430
3 476
4 26
4 49
4 97
4 145
4 175
4 210
4 273
4 294
4 310
4 332
4 342
4 344
4 358
4 360
4 384
4 446
4 458
5 28
5 142
5 154
5 179
5 256
5 269
5 276
5 297
5 336
5 355
5 384
5 388
5 389
5 408
5 430
5 437
5 451
5 453
5 498
6 39
6 59
6 60
6 70
6 134
6 148
6 158
6 181
6 184
6 202
6 211
6 217
6 218
6 259
6 263
6 312
6 336
6 380
6 394
6 436
6 462
6 476
6 484
6 496
7 35
7 61
7 131
7 161
7 286
7 368
7 370
7 422
7 424
7 431
7 477
7 508
8 19
8 130
8 180
8 186
8 203
8 284
8 313
8 341
8 509
9 37
9 74
9 76
9 145
9 155
9 171
9 207
9 246
9 256
9 343
9 372
9 396
9 419
9 428
9 456
9 462
10 34
10 103
10 110
10 117
10 124
10 137
10 165
10 198
10 202
10 231
10 306
10 346
10 380
10 405
10 427
10 444
10 479
11 30
11 58
11 64
11 86
11 98
11 139
11 163
11 184
11 219
11 233
11 259
11 265
11 349
11 371
11 376
11 475
11 480
12 46
12 116
12 188
12 235
12 244
12 308
12 319
12 378
12 384
12 391
12 397
12 408
12 462
13 16
13 20
13 28
13 81
13 153
13 160
13 231
13 233
13 258
13 267
13 300
13 387
13 409
13 426
13 447
13 461
13 469
14 41
14 43
14 117
14 129
14 209
14 232
14 235
14 236
14 245
14 281
14 330
14 453
15 22
15 25
15 72
15 78
15 89
15 138
15 141
15 169
15 170
15 228
15 256
15 257
15 318
15 366
15 500
16 37
16 53
16 66
16 106
16 166
16 206
16 248
16 289
16 295
16 339
16 341
16 366
16 404
16 416
17 30
17 97
17 102
17 105
17 109
17 133
17 136
17 148
17 173
17 193
17 233
17 274
17 280
17 307
17 308
17 314
17 316
17 351
17 360
17 374
17 414
18 61
18 83
18 95
18 115
18 143
18 160
18 196
18 231
18 242
18 249
18 265
18 272
18 299
18 334
18 343
18 487
19 158
19 179
19 182
19 191
19 237
19 280
19 304
19 358
19 372
19 373
19 379
20 28
20 52
20 107
20 113
20 174
20 192
20 222
20 231
20 248
20 260
20 276
20 314
20 323
20 349
20 383
20 431
20 453
21 138
21 142
21 169
21 173
21 199
21 205
21 228
21 241
21 270
21 279
21 284
21 304
21 343
21 351
21 369
21 412
21 489
21 497
21 508
22 65
22 73
22 90
22 93
22 120
22 131
22 169
22 208
22 226
22 255
22 279
22 296
22 353
22 438
22 467
22 504
23 92
23 122
23 138
23 184
23 195
23 277
23 314
24 32
24 108
24 215
24 255
24 312
24 468
24 494
25 38
25 46
25 49
25 60
25 84
25 111
25 281
25 316
25 356
25 360
26 34
26 59
26 78
26 108
26 110
26 139
26 153
26 167
26 193
26 244
26 245
26 275
26 353
26 394
26 405
26 445
26 491
27 47
27 198
27 201
27 251
27 255
27 297
27 333
27 338
27 359
27 384
27 385
27 410
27 441
28 69
28 71
28 165
28 265
28 349
28 361
28 373
28 431
28 443
28 466
28 480
28 495
29 56
29 100
29 120
29 122
29 149
29 213
29 215
29 244
29 277
29 292
29 504
30 44
30 81
30 131
30 202
30 217
30 230
30 239
30 308
30 318
30 319
30 322
30 392
30 464
30 471
31 53
31 57
31 59
31 69
31 96
31 121
31 148
31 166
31 228
31 261
31 274
31 322
31 335
31 436
31 485
31 502
32 129
32 188
32 209
32 218
32 234
32 313
32 385
32 408
32 413
32 428
32 454
32 474
33 36
33 68
33 100
33 154
33 158
33 185
33 283
33 287
33 302
33 385
33 390
33 406
33 441
33 491
33 497
33 510
34 216
34 221
34 238
34 253
34 262
34 330
34 399
34 417
34 419
34 452
34 481
35 36
35 86
35 98
35 174
35 216
35 222
35 236
35 349
35 384
35 434
35 475
36 103
36 128
36 153
36 164
36 165
36 219
36 240
36 247
36 304
36 334
36 342
36 365
36 384
36 408
36 414
36 439
36 444
36 451
36 475
37 42
37 54
37 55
37 75
37 92
37 168
37 233
37 390
37 421
37 433
37 446
37 452
37 491
37 509
38 61
38 127
38 139
38 170
38 326
38 329
38 341
38 357
38 382
39 63
39 67
39 124
39 127
39 181
39 264
39 282
39 285
39 286
39 316
39 326
39 345
39 367
39 374
39 427
39 469
39 506
39 509
40 47
40 48
40 60
40 113
40 139
40 176
40 257
40 281
40 321
40 332
40 356
40 363
40 365
40 452
40 458
40 493
41 95
41 224
41 236
41 263
41 282
41 333
41 407
41 472
41 491
42 120
42 165
42 172
42 190
42 210
42 249
42 277
42 307
42 317
42 335
42 336
42 371
42 407
42 475
43 76
43 137
43 145
43 172
43 177
43 190
43 204
43 277
43 309
43 338
43 366
43 371
43 426
43 443
44 46
44 57
44 69
44 79
44 117
44 150
44 180
44 197
44 280
44 316
44 357
44 372
44 384
44 409
44 437
44 462
44 466
44 485
44 491
45 56
45 109
45 116
45 159
45 166
45 284
45 288
45 320
45 331
45 415
45 454
46 87
46 122
46 187
46 190
46 287
46 399
46 441
46 452
46 507
47 86
47 133
47 201
47 262
47 270
47 316
47 385
47 425
47 494
48 61
48 105
48 120
48 137
48 145
48 148
48 154
48 207
48 243
48 246
48 349
48 426
48 454
48 458
49 116
49 127
49 189
49 214
49 244
49 245
49 247
49 276
49 338
49 339
49 340
49 362
49 391
49 399
49 490
50 88
50 96
50 123
50 245
50 264
50 287
50 299
50 341
50 349
50 399
50 475
50 481
51 58
51 109
51 119
51 188
51 285
51 339
51 345
51 364
51 390
51 410
52 70
52 116
52 118
52 177
52 192
52 208
52 216
52 282
52 292
52 300
52 337
52 398
52 436
53 99
53 115
53 139
53 196
53 199
53 343
53 375
53 379
53 380
53 412
53 416
54 73
54 75
54 112
54 121
54 168
54 194
54 198
54 228
54 241
54 266
54 303
54 363
54 369
54 376
54 385
54 442
54 447
55 102
55 140
55 286
55 323
55 359
55 400
55 418
55 436
55 453
55 495
56 179
56 185
56 199
56 249
56 398
56 421
56 429
57 108
57 110
57 131
57 148
57 213
57 226
57 288
57 335
57 382
57 385
57 389
57 429
57 492
58 76
58 89
58 167
58 181
58 185
58 198
58 293
58 326
58 328
58 352
58 360
58 371
58 375
58 422
58 425
58 450
58 483
59 72
59 77
59 81
59 99
59 111
59 162
59 167
59 184
59 273
59 315
59 398
59 421
59 442
59 504
60 62
60 267
60 308
60 409
60 472
60 475
60 496
61 99
61 112
61 122
61 129
61 208
61 271
61 294
61 338
61 355
61 361
61 384
61 467
61 499
62 144
62 171
62 207
62 213
62 225
62 229
62 274
62 300
62 447
62 507
63 69
63 108
63 128
63 193
63 215
63 315
63 328
63 333
63 416
63 435
64 147
64 151
64 158
64 193
64 218
64 221
64 231
64 251
64 264
64 281
64 287
64 330
64 366
64 392
64 473
64 493
64 500
65 120
65 121
65 157
65 170
65 202
65 204
65 278
65 289
65 305
65 339
65 383
65 420
65 466
65 474
65 486
66 75
66 113
66 167
66 194
66 216
66 276
66 393
66 402
66 410
66 436
66 444
66 451
66 501
67 101
67 126
67 140
67 142
67 153
67 167
67 196
67 217
67 291
67 292
67 303
67 395
67 396
67 445
67 462
67 466
68 134
68 197
68 242
68 261
68 265
68 361
68 367
68 427
68 490
68 495
68 500
68 509
69 77
69 85
69 153
69 166
69 169
69 172
69 328
69 368
69 421
69 433
69 437
69 474
70 87
70 123
70 213
70 228
70 232
70 243
70 281
70 308
71 131
71 141
71 179
71 223
71 240
71 270
71 302
71 307
71 321
71 322
71 343
71 366
71 397
71 429
71 458
71 488
72 91
72 96
72 112
72 151
72 182
72 189
72 190
72 235
72 252
72 292
72 461
72 470
73 76
73 87
73 211
73 253
73 330
73 366
73 427
73 440
74 151
74 213
74 270
74 271
74 281
74 310
74 399
74 439
74 493
75 87
75 99
75 174
75 190
75 373
75 382
75 427
75 476
76 198
76 199
76 279
76 378
76 382
76 401
76 426
76 448
77 144
77 177
77 194
77 210
77 220
77 224
77 302
77 303
77 318
77 406
77 428
77 432
77 460
77 473
78 168
78 217
78 219
78 228
78 242
78 244
78 277
78 317
78 319
78 492
78 495
78 499
79 90
79 91
79 166
79 216
79 222
79 266
79 403
79 451
79 481
80 118
80 136
80 170
80 191
80 193
80 240
80 250
80 252
80 264
80 323
80 358
80 399
80 402
80 403
80 442
80 454
80 464
80 478
81 97
81 184
81 192
81 226
81 251
81 281
81 306
81 313
81 369
81 399
81 435
81 472
81 492
82 129
82 195
82 245
82 246
82 293
82 376
82 386
82 418
82 439
82 449
83 87
83 89
83 93
83 246
83 288
83 356
83 379
83 404
83 421
83 422
84 87
84 98
84 129
84 145
84 153
84 196
84 198
84 242
84 249
84 311
84 331
84 477
84 480
85 100
85 105
85 122
85 154
85 164
85 221
85 282
85 330
85 337
85 340
85 360
85 383
85 411
85 428
85 448
85 492
86 92
86 108
86 138
86 237
86 242
86 261
86 332
86 366
86 372
86 430
86 443
86 456
86 476
86 492
86 499
87 96
87 102
87 210
87 303
87 354
87 380
87 429
87 442
87 497
87 504
88 120
88 123
88 126
88 159
88 210
88 301
88 324
88 331
88 360
88 368
88 440
88 467
89 150
89 171
89 246
89 256
89 309
89 324
89 335
89 337
89 358
89 360
89 379
89 388
89 416
89 420
89 426
89 441
89 445
89 497
90 163
90 188
90 265
90 266
90 284
90 343
90 394
90 414
90 456
91 100
91 106
91 133
91 182
91 201
91 215
91 243
91 360
91 378
91 431
91 483
91 489
91 495
92 115
92 148
92 198
92 202
92 223
92 252
92 300
92 306
92 324
92 329
92 437
92 446
92 447
92 477
93 185
93 280
93 288
93 299
93 322
93 325
93 350
93 365
93 424
93 450
94 157
94 171
94 177
94 289
94 308
94 378
94 380
94 406
94 434
94 448
94 450
94 472
94 496
94 497
94 498
95 143
95 214
95 235
95 246
95 359
95 370
95 385
95 446
96 157
96 247
96 252
96 287
96 297
96 316
96 318
96 331
96 362
96 406
96 442
96 445
97 114
97 124
97 186
97 188
97 255
97 260
97 266
97 298
97 303
97 304
97 351
97 363
97 367
97 374
97 398
97 407
97 433
97 458
97 493
98 101
98 109
98 306
98 326
98 327
98 341
98 377
98 382
98 401
98 406
98 414
98 426
98 434
99 142
99 301
99 337
99 361
99 368
99 373
99 457
99 496
99 502
99 503
100 161
100 235
100 257
100 259
100 270
100 276
100 421
100 440
100 441
100 485
101 108
101 150
101 161
101 234
101 239
101 305
101 330
101 359
101 375
101 430
101 466
102 117
102 151
102 205
102 257
102 264
102 272
102 291
102 339
102 380
102 383
102 432
102 491
103 156
103 179
103 228
103 305
103 328
103 341
103 350
103 376
103 395
103 414
103 415
103 465
104 175
104 186
104 225
104 252
104 258
104 282
104 333
104 403
105 197
105 309
105 311
105 320
105 327
105 377
105 390
105 393
105 407
105 426
105 427
105 439
105 468
105 500
105 501
106 138
106 219
106 240
106 241
106 249
106 265
106 268
106 299
106 321
106 343
106 379
106 410
106 477
107 121
107 149
107 154
107 189
107 216
107 250
107 257
107 282
107 340
107 342
107 415
107 464
108 109
108 122
108 142
108 146
108 157
108 186
108 437
108 468
108 489
109 146
109 202
109 214
109 228
109 274
109 277
109 297
109 302
109 340
109 358
109 383
109 402
109 404
109 479
109 510
110 111
110 118
110 156
110 165
110 188
110 201
110 211
110 256
110 288
110 294
110 400
110 439
110 490
111 187
111 257
111 282
111 328
111 334
111 373
111 384
111 404
111 407
111 413
111 447
111 458
111 506
112 274
112 277
112 321
112 328
112 377
112 398
112 425
112 448
112 483
113 119
113 137
113 161
113 233
113 308
113 320
113 322
113 328
113 373
113 377
113 402
113 426
113 493
113 494
113 498
114 125
114 153
114 166
114 243
114 266
114 271
114 286
114 287
114 339
114 369
114 386
114 396
114 428
114 475
114 484
115 168
115 176
115 206
115 214
115 272
115 305
115 318
115 389
115 416
115 447
116 133
116 143
116 194
116 343
116 388
116 462
117 153
117 221
117 233
117 238
117 282
117 307
117 376
117 420
117 491
117 495
118 170
118 174
118 185
118 229
118 238
118 241
118 247
118 252
118 317
118 334
118 336
118 477
118 498
119 201
119 209
119 270
119 329
119 330
119 511
120 142
120 228
120 257
120 282
120 289
120 353
120 440
120 470
120 488
120 493
121 161
121 169
121 206
121 221
121 238
121 323
121 370
121 380
121 397
121 411
121 441
121 462
122 259
122 295
122 323
122 324
122 329
122 418
122 488
123 190
123 252
123 313
123 335
123 368
123 370
123 394
123 416
123 449
124 144
124 164
124 176
124 200
124 236
124 279
124 293
124 378
124 400
124 447
124 449
124 458
124 476
125 192
125 230
125 251
125 311
125 358
125 361
125 372
125 378
125 396
125 397
125 422
125 436
125 457
125 465
125 485
125 493
126 173
126 222
126 310
126 357
126 415
126 417
126 468
127 207
127 210
127 232
127 266
127 276
127 318
127 336
127 337
127 412
127 452
127 482
127 490
128 158
128 200
128 229
128 253
128 272
128 297
128 302
128 328
128 335
128 403
128 439
128 447
128 501
128 510
129 168
129 179
129 197
129 229
129 231
129 252
129 316
129 323
129 493
129 508
130 135
130 168
130 174
130 274
130 292
130 381
130 432
130 441
130 498
131 138
131 173
131 197
131 208
131 211
131 222
131 241
131 242
131 287
131 297
131 387
131 440
131 489
132 133
132 154
132 173
132 204
132 208
132 235
132 237
132 274
132 280
132 356
132 427
132 460
132 463
132 475
132 479
132 487
132 492
133 189
133 421
133 465
133 491
133 495
133 501
134 170
134 203
134 268
134 353
134 374
134 488
134 507
135 181
135 182
135 207
135 225
135 285
135 358
135 393
135 404
135 406
135 472
135 495
135 507
136 147
136 165
136 188
136 189
136 202
136 212
136 252
136 281
136 343
136 366
136 398
136 402
136 437
136 443
136 474
136 476
136 498
137 191
137 219
137 226
137 235
137 248
137 255
137 269
137 270
137 279
137 356
137 366
137 391
137 440
137 441
137 446
137 449
137 456
137 493
137 497
138 146
138 148
138 152
138 186
138 189
138 302
138 395
138 399
138 425
138 467
138 507
139 240
139 263
139 330
139 408
139 433
139 441
139 473
139 493
140 248
140 395
140 400
140 404
140 450
140 490
140 506
141 149
141 161
141 169
141 192
141 365
141 381
141 399
141 493
142 157
142 181
142 190
142 202
142 229
142 258
142 310
142 400
142 422
142 424
142 459
143 152
143 208
143 279
143 332
143 344
143 368
143 399
143 507
144 192
144 241
144 254
144 366
144 399
144 439
145 161
145 186
145 192
145 249
145 265
145 285
145 304
145 317
145 327
145 335
145 342
145 365
145 396
145 418
145 425
145 444
145 451
145 458
146 154
146 258
146 267
146 269
146 272
146 299
146 380
146 405
146 429
146 482
146 485
146 488
146 489
147 234
147 265
147 275
147 301
147 354
147 356
147 369
147 405
147 430
147 448
147 482
147 494
148 215
148 224
148 236
148 252
148 253
148 269
148 348
148 374
148 376
148 389
148 394
148 421
148 443
148 507
149 156
149 172
149 231
149 236
149 246
149 257
149 350
149 368
149 418
149 461
150 346
150 347
150 354
150 391
150 470
151 252
151 281
151 293
151 311
151 320
151 339
151 375
151 474
151 509
152 185
152 193
152 194
152 330
152 352
152 376
152 502
153 169
153 173
153 195
153 220
153 244
153 268
153 298
153 323
153 356
153 371
153 400
153 402
153 434
153 482
154 172
154 173
154 224
154 241
154 264
154 278
154 313
154 316
154 318
154 320
154 391
154 441
154 448
154 473
154 482
155 174
155 176
155 179
155 277
155 279
155 284
155 285
155 288
155 300
155 346
155 354
155 406
155 436
155 485
155 504
155 506
156 180
156 205
156 207
156 215
156 230
156 232
156 241
156 242
156 245
156 251
156 257
156 276
156 441
156 509
157 175
157 194
157 200
157 217
157 236
157 237
157 339
157 446
157 480
158 215
158 283
158 382
158 392
158 449
158 467
158 472
159 229
159 247
159 260
159 366
159 407
159 417
160 189
160 256
160 334
160 341
160 348
160 361
160 446
160 454
160 480
160 505
160 508
161 167
161 186
161 195
161 294
161 306
161 327
161 338
161 366
161 376
161 378
161 472
161 506
162 176
162 182
162 191
162 195
162 220
162 241
162 287
162 326
162 342
162 453
162 464
162 467
162 469
162 497
163 181
163 191
163 275
163 279
163 281
163 315
163 422
164 252
164 269
164 343
164 424
164 437
164 445
164 453
164 495
165 180
165 193
165 203
165 236
165 252
165 278
165 300
165 306
165 357
165 401
165 411
165 414
165 415
165 455
165 469
165 477
165 480
166 172
166 173
166 176
166 185
166 190
166 268
166 272
166 315
166 325
166 346
166 347
166 432
166 459
166 501
167 176
167 188
167 201
167 320
167 421
167 462
167 465
167 481
167 488
168 336
168 370
168 415
169 187
169 245
169 276
169 291
169 319
169 417
169 490
169 510
170 246
170 405
170 429
170 442
170 451
170 505
171 224
171 241
171 266
171 312
171 339
172 179
172 208
172 225
172 277
172 299
172 335
172 337
172 408
172 413
172 415
172 427
172 458
173 292
173 327
173 414
173 444
174 196
174 201
174 205
174 248
174 259
174 290
174 402
174 413
174 430
174 467
175 203
175 251
175 274
175 285
175 290
175 317
175 321
175 451
176 279
176 299
176 302
176 303
176 312
176 328
176 369
176 433
176 441
176 490
176 492
177 188
177 220
177 245
177 292
177 355
177 420
177 437
177 439
177 492
178 201
178 302
178 309
178 329
178 333
178 421
178 427
178 457
179 230
179 362
179 374
179 406
179 439
179 476
179 500
180 235
180 239
180 257
180 291
180 301
180 310
180 365
180 428
180 444
181 201
181 208
181 223
181 285
181 327
181 336
181 339
181 359
181 381
181 385
181 480
181 482
181 499
182 188
182 235
182 254
182 290
182 304
182 324
182 398
182 452
182 469
183 257
183 267
183 295
183 347
183 382
183 396
183 443
183 492
183 499
183 502
184 194
184 209
184 311
184 320
184 357
184 388
184 412
184 469
184 474
184 505
185 225
185 240
185 244
185 308
185 323
185 357
185 380
186 242
186 256
186 282
186 298
186 301
186 317
186 326
186 360
186 447
186 498
187 189
187 199
187 207
187 209
187 217
187 313
187 385
187 395
187 422
187 489
188 190
188 212
188 236
188 289
188 293
188 343
188 402
188 510
189 210
189 239
189 354
189 358
189 366
189 368
189 473
189 499
190 206
190 228
190 238
190 244
190 267
190 286
190 303
190 312
190 345
190 354
190 355
190 391
190 400
190 411
190 413
190 423
191 279
191 286
191 295
191 323
191 341
191 407
191 414
191 433
191 442
191 449
191 498
191 504
191 506
192 219
192 302
192 319
192 336
192 342
192 379
193 213
193 215
193 218
193 233
193 263
193 377
193 411
193 429
193 432
193 449
193 474
193 488
193 506
194 223
194 243
194 260
194 281
194 330
194 376
194 483
195 227
195 245
195 270
195 280
195 295
196 207
196 228
196 250
196 274
196 291
196 302
196 367
196 385
196 389
196 464
197 204
197 213
197 238
197 239
197 292
197 301
197 336
197 363
197 398
197 455
197 482
197 500
198 236
198 287
198 299
198 302
198 306
198 334
198 364
198 379
198 425
198 442
198 445
198 456
198 476
199 205
199 217
199 224
199 229
199 356
199 431
199 434
199 511
200 224
200 295
200 321
200 326
200 376
200 388
200 394
200 463
200 483
200 491
201 223
201 225
201 226
201 249
201 254
201 266
201 279
201 294
201 356
201 388
201 394
201 403
201 448
201 464
201 479
201 480
202 235
202 267
202 333
202 398
202 475
202 483
203 297
203 384
203 387
203 430
203 439
203 462
203 466
204 209
204 231
204 252
204 330
204 338
204 361
204 375
204 439
204 501
205 251
205 259
205 353
205 359
205 364
205 378
205 394
205 427
205 452
205 479
205 506
206 236
206 270
206 311
206 350
206 359
206 399
206 437
206 469
206 474
207 269
207 302
207 350
207 385
207 436
207 444
207 487
208 225
208 250
208 261
208 288
208 292
208 366
208 368
208 383
208 398
208 443
208 502
209 347
209 357
209 396
209 400
209 423
209 461
209 474
209 484
209 497
210 246
210 313
210 350
210 380
210 390
210 395
210 402
210 421
210 436
210 497
210 511
211 409
211 461
212 264
212 294
212 298
212 310
212 448
212 462
212 466
212 493
213 225
213 332
213 334
213 406
213 420
213 507
214 235
214 298
214 345
214 358
214 422
214 477
214 483
214 494
215 296
215 297
215 306
215 318
215 425
215 429
215 505
216 269
216 348
216 395
216 473
217 254
217 284
217 301
217 304
217 339
217 414
217 440
217 457
217 477
217 490
217 506
218 375
218 379
218 400
218 467
218 482
218 489
219 253
219 300
219 312
219 314
219 340
219 349
219 352
219 361
219 399
219 447
219 489
220 229
220 276
220 293
220 296
220 298
220 299
220 326
220 381
220 444
220 470
220 472
221 264
221 292
221 342
221 360
221 367
221 378
221 382
221 419
221 426
221 453
221 489
221 495
221 509
222 262
222 317
222 351
222 356
222 378
222 459
222 480
222 509
223 258
223 274
223 306
223 366
223 397
223 419
223 440
223 468
223 507
224 275
224 276
224 352
224 373
224 393
224 395
225 275
225 304
225 353
225 360
225 365
225 366
225 380
225 394
226 294
226 302
226 338
226 366
226 383
226 401
226 427
226 505
227 264
227 265
227 345
227 369
227 452
227 495
227 497
227 499
228 244
228 261
228 297
228 335
228 448
228 451
228 459
228 471
229 257
229 291
229 379
229 446
229 476
230 246
230 282
230 289
230 307
230 313
230 336
230 375
230 443
230 453
230 467
230 471
231 269
231 271
231 274
231 333
231 471
231 472
231 505
232 360
232 410
232 453
232 486
232 505
233 267
233 345
233 355
233 416
233 436
234 249
234 256
234 309
234 417
234 435
234 487
234 501
235 265
235 299
235 330
235 334
235 367
235 485
236 251
236 268
236 332
236 435
236 492
236 497
237 246
237 265
237 451
238 274
238 288
238 331
238 376
238 417
238 434
239 365
239 429
239 448
239 449
239 485
239 510
240 251
240 276
240 302
240 363
240 401
241 293
241 302
241 349
241 353
241 365
241 406
241 462
241 475
242 272
242 288
242 312
242 382
242 435
242 449
242 463
242 473
242 479
242 507
243 283
243 298
243 423
243 476
243 492
244 245
244 338
244 341
244 459
244 462
244 469
244 484
245 252
245 326
245 330
245 342
245 344
245 353
245 425
245 448
245 496
246 256
246 259
246 261
246 267
246 332
246 341
246 346
246 361
246 371
246 436
246 444
246 448
246 460
246 479
247 273
247 308
247 317
247 381
247 394
247 397
247 423
247 470
247 482
248 326
248 388
248 424
248 438
248 475
248 495
249 256
249 259
249 309
249 337
249 365
249 375
249 378
249 411
249 421
249 463
249 471
249 485
250 317
250 377
250 379
250 437
250 454
250 509
251 285
251 305
251 308
251 311
251 329
251 396
251 449
251 460
251 490
252 258
252 284
252 317
252 332
252 392
252 413
252 414
252 418
252 459
252 480
252 487
252 498
253 257
253 266
253 301
253 326
253 335
253 439
253 446
253 487
253 495
254 265
254 288
254 328
254 341
254 352
254 412
254 450
254 464
254 508
255 291
255 304
255 319
255 346
255 372
255 456
255 491
256 259
256 272
256 282
256 299
256 305
256 340
256 348
256 351
256 390
256 394
256 425
256 426
256 453
256 472
256 495
257 318
257 342
257 397
257 403
257 457
257 466
257 483
257 488
257 495
258 278
258 355
258 384
258 390
258 401
258 472
258 473
259 260
259 303
259 331
259 367
259 383
259 415
259 456
259 458
259 475
260 391
260 405
260 431
260 434
260 487
261 271
261 321
261 332
261 336
261 357
261 410
261 432
261 476
262 292
262 297
262 312
262 314
262 338
262 353
262 368
262 405
262 485
262 500
263 347
263 406
263 435
263 436
264 281
264 346
264 482
264 491
264 502
264 506
265 270
265 350
265 425
265 443
265 508
266 317
266 364
266 374
266 440
267 281
267 406
267 468
268 364
268 421
268 427
268 505
269 288
269 322
269 323
269 414
269 484
269 503
270 287
270 297
270 386
270 418
270 442
270 503
271 286
271 319
271 405
271 441
272 279
272 315
272 322
272 384
272 391
272 430
272 432
272 477
272 479
273 287
273 292
273 411
273 485
274 335
274 337
274 391
274 448
274 456
275 292
275 295
275 324
275 351
275 374
275 388
275 393
275 478
275 485
276 303
276 324
276 338
276 373
276 405
276 443
276 498
277 284
277 289
277 304
277 365
277 382
277 385
277 439
277 451
277 464
277 496
278 292
278 318
278 332
278 405
278 425
278 440
278 448
278 459
278 466
279 333
279 340
279 356
279 387
279 422
279 465
280 411
280 431
280 440
281 292
281 340
281 354
281 356
281 400
281 435
282 324
282 353
282 431
282 457
283 318
283 381
283 392
283 470
284 316
284 359
284 496
285 325
285 365
285 370
285 379
285 382
285 402
285 450
285 509
286 368
286 449
287 414
287 415
287 476
287 503
288 357
288 372
288 410
288 413
288 496
289 347
289 386
289 395
289 397
289 428
289 485
290 294
290 327
290 382
290 418
290 419
290 447
290 456
291 320
291 333
291 342
291 409
291 417
291 463
291 471
292 325
292 326
292 433
292 435
292 440
293 321
293 351
293 365
293 371
293 393
293 487
294 309
294 316
294 396
294 400
294 453
294 476
294 497
294 504
295 296
295 314
295 316
295 376
295 444
296 334
296 338
296 401
296 459
296 495
296 508
297 313
297 390
297 406
297 461
297 471
297 495
298 314
298 365
298 499
299 317
299 325
299 353
299 430
300 430
300 459
300 470
301 339
301 343
301 363
301 384
301 424
301 425
301 465
302 309
302 355
302 438
302 467
302 510
302 511
303 443
303 491
303 501
304 344
304 358
304 379
304 380
304 391
305 314
305 317
305 318
305 343
305 383
305 418
305 498
306 310
306 339
306 354
306 369
306 385
306 419
306 454
306 477
306 493
307 324
307 325
307 338
307 397
307 420
307 437
307 443
307 496
308 336
308 500
309 312
309 395
309 400
309 418
309 460
309 487
310 338
310 348
310 401
310 451
310 462
311 331
311 346
311 400
311 450
311 471
311 477
312 347
312 442
312 449
312 489
312 511
313 394
313 398
313 417
313 418
313 462
313 478
314 373
314 441
314 452
314 470
314 505
315 339
315 371
315 417
315 442
316 333
316 335
316 364
316 372
316 375
316 382
316 511
317 370
317 384
317 407
317 408
317 430
317 445
317 471
317 475
317 497
317 501
318 328
318 334
318 345
318 448
318 469
318 472
318 501
318 509
319 326
319 330
319 364
319 380
319 394
319 448
319 457
320 379
320 392
320 407
320 413
320 430
320 457
321 351
321 377
321 495
322 324
322 346
322 394
322 486
322 493
322 500
323 327
323 331
323 409
324 385
324 452
324 494
325 359
325 398
325 413
325 439
326 330
326 460
326 472
326 484
326 486
326 510
327 376
327 426
327 487
328 365
328 387
328 389
328 429
328 453
328 461
328 481
329 348
329 394
329 401
329 457
330 367
331 338
331 372
331 415
331 416
331 454
331 457
331 489
331 507
332 374
332 378
332 423
332 457
332 469
333 345
333 356
333 475
333 486
334 356
334 357
334 366
334 445
334 504
335 361
335 478
335 493
336 337
337 388
338 356
338 370
338 433
338 482
339 356
339 366
339 503
340 366
340 399
340 409
341 386
341 437
341 471
341 494
342 363
342 366
342 376
342 460
342 507
343 347
343 411
343 425
343 453
344 369
344 377
344 382
344 401
344 402
344 489
344 509
345 391
345 392
345 433
346 382
346 388
346 389
346 457
346 488
346 496
347 362
347 376
347 379
347 381
347 396
347 411
347 412
347 413
347 428
347 497
348 423
348 494
349 384
349 401
349 410
349 447
349 465
349 474
349 483
349 500
349 506
350 390
350 396
350 403
350 498
350 506
351 373
351 376
351 419
351 452
352 384
352 389
352 435
353 354
353 391
353 396
353 444
353 478
353 483
353 493
353 510
354 360
354 374
354 409
354 463
355 470
355 478
355 507
356 373
356 378
356 381
356 396
356 408
356 417
356 440
356 451
356 461
356 472
356 480
357 379
357 433
357 448
358 372
358 411
358 414
358 415
358 426
358 439
358 450
358 483
359 382
359 437
360 367
360 372
360 433
360 445
360 470
360 471
360 487
361 417
361 424
361 489
362 370
362 438
362 452
363 414
363 492
363 496
364 368
364 382
364 429
364 433
364 473
365 388
365 450
365 461
365 480
365 481
366 376
366 397
366 408
366 461
366 464
366 474
366 498
366 501
367 429
368 437
368 438
368 454
369 410
369 418
369 438
369 449
369 454
369 469
369 503
370 375
370 407
370 440
370 461
371 377
372 445
372 505
373 383
373 416
373 426
373 436
373 482
373 483
373 495
374 376
374 450
374 463
374 487
374 489
375 383
375 437
375 488
375 497
375 508
376 380
376 414
376 438
377 494
377 503
377 504
378 434
378 446
378 461
378 473
379 393
379 406
379 407
379 425
379 461
379 476
379 511
380 396
380 500
381 446
381 485
382 404
382 408
382 479
382 508
383 384
383 421
383 441
383 449
384 385
384 395
384 458
384 459
385 467
385 468
386 398
386 441
387 411
387 421
387 492
387 494
388 391
388 396
388 475
388 484
388 505
389 396
389 417
389 425
389 436
389 440
389 445
389 509
390 391
390 422
390 437
390 463
390 464
390 466
391 424
391 448
391 449
391 507
392 445
392 500
393 456
393 458
393 483
393 507
394 436
394 488
394 508
395 417
395 433
395 437
395 481
396 423
396 474
397 465
397 467
398 418
399 401
399 445
399 461
399 493
400 430
400 470
400 479
401 420
401 423
401 446
401 496
402 432
402 454
402 467
403 426
403 443
403 489
403 501
404 434
404 470
404 484
405 420
405 433
405 443
405 500
406 407
406 423
406 449
406 496
407 408
407 434
407 442
408 417
408 451
408 471
408 503
409 441
409 458
410 435
410 493
410 496
411 439
411 469
411 479
411 504
412 467
412 483
412 494
412 499
412 500
413 427
413 442
413 504
414 441
415 436
415 438
416 463
416 498
416 499
416 507
418 507
419 425
420 447
420 466
420 490
421 425
421 483
421 496
421 511
422 463
423 460
423 464
423 469
423 477
424 443
425 428
425 436
425 467
425 500
426 441
426 499
427 469
428 437
428 464
428 468
429 443
429 503
430 444
430 445
430 458
430 475
430 482
431 471
431 474
431 503
432 440
432 465
432 469
433 447
433 505
434 471
435 440
435 446
435 488
436 437
436 504
437 451
437 480
437 496
438 495
439 485
439 510
441 474
442 484
443 474
443 497
444 464
444 485
444 486
444 510
445 473
446 456
446 459
446 467
446 472
446 481
447 449
447 501
448 494
448 502
450 504
451 466
451 482
452 505
452 510
453 455
453 475
454 465
454 482
454 491
454 504
454 506
455 465
455 473
455 491
455 492
457 490
458 468
458 473
458 499
460 505
461 503
463 472
464 475
465 485
467 473
467 481
468 470
468 491
470 485
470 498
471 477
471 508
473 482
474 489
474 508
476 482
476 502
477 501
477 505
478 479
479 480
481 497
482 490
482 491
484 497
485 504
485 510
486 500
489 491
490 494
491 493
494 499
495 500
496 510
496 511
501 503
