0 49
0 96
0 115
0 135
0 184
0 215
0 273
0 348
0 618
0 670
0 780
0 885
0 1002
1 93
1 119
1 160
1 241
1 312
1 431
1 589
1 644
1 679
1 779
1 851
1 869
1 971
1 1004
1 1020
2 83
2 96
2 108
2 208
2 226
2 262
2 367
2 397
2 455
2 461
2 514
2 704
2 715
2 802
2 812
2 947
3 82
3 157
3 188
3 233
3 402
3 509
3 713
3 731
3 774
3 963
4 58
4 62
4 71
4 84
4 164
4 173
4 354
4 402
4 591
4 685
4 793
4 954
5 204
5 287
5 309
5 393
5 520
5 701
5 728
5 740
5 798
5 892
5 907
5 1011
6 32
6 101
6 109
6 316
6 405
6 780
6 832
6 904
6 931
7 77
7 127
7 177
7 423
7 560
7 639
7 815
7 821
7 842
7 879
7 888
7 966
8 20
8 21
8 28
8 205
8 244
8 305
8 324
8 390
8 518
8 711
8 795
8 851
8 979
8 1006
9 75
9 101
9 224
9 280
9 317
9 506
9 650
9 697
9 925
9 971
9 999
10 21
10 25
10 150
10 151
10 152
10 231
10 341
10 389
10 420
10 557
10 566
10 573
10 683
10 708
10 782
10 825
10 955
11 184
11 275
11 320
11 417
11 452
11 492
11 567
11 573
11 664
11 675
11 693
11 857
11 883
11 890
11 979
12 63
12 74
12 102
12 139
12 381
12 412
12 445
12 453
12 531
12 547
12 702
12 789
12 829
12 875
12 926
13 79
13 191
13 199
13 282
13 412
13 647
13 663
13 724
13 756
13 816
14 30
14 34
14 64
14 257
14 274
14 337
14 470
14 550
14 686
14 816
14 858
14 861
14 918
14 949
14 972
15 44
15 270
15 333
15 380
15 445
15 530
15 538
15 559
15 571
15 651
15 702
15 704
15 918
15 967
16 26
16 273
16 387
16 625
16 640
16 652
16 665
16 738
16 920
16 926
16 995
17 79
17 557
17 582
17 612
17 762
17 819
17 855
17 925
17 977
18 176
18 197
18 229
18 268
18 318
18 458
18 484
18 492
18 515
18 548
18 601
18 616
18 1014
19 105
19 187
19 470
19 481
19 519
19 530
19 532
19 583
19 619
19 716
19 725
19 912
20 150
20 193
20 204
20 435
20 460
20 541
20 549
20 784
20 845
20 929
21 44
21 91
21 146
21 147
21 281
21 301
21 357
21 441
21 509
21 515
21 601
21 654
21 762
21 945
21 1012
22 36
22 162
22 273
22 304
22 333
22 334
22 403
22 468
22 487
22 572
22 624
22 646
22 665
22 677
22 768
22 785
22 878
22 892
22 943
22 963
23 70
23 183
23 188
23 195
23 330
23 504
23 509
23 560
23 561
23 634
23 696
23 701
23 797
23 872
23 988
24 68
24 202
24 226
24 260
24 270
24 383
24 396
24 520
24 856
24 864
24 879
25 211
25 266
25 398
25 416
25 424
25 444
25 537
25 830
25 839
25 844
25 946
26 77
26 81
26 103
26 111
26 135
26 149
26 211
26 236
26 254
26 462
26 781
26 784
26 925
26 970
26 1021
27 90
27 100
27 168
27 207
27 278
27 331
27 474
27 636
27 716
27 942
28 134
28 339
28 378
28 410
28 426
28 451
28 529
28 546
28 575
28 580
28 620
28 639
28 647
28 659
28 846
28 982
28 988
28 1012
29 59
29 287
29 384
29 387
29 468
29 622
29 680
29 785
29 871
29 965
30 68
30 114
30 268
30 634
30 714
30 731
30 747
30 785
30 897
30 966
31 87
31 108
31 154
31 317
31 366
31 392
31 395
31 399
31 468
31 517
31 547
31 629
31 630
31 646
31 749
31 907
32 59
32 101
32 133
32 156
32 221
32 316
32 342
32 401
32 532
32 537
32 650
32 672
32 709
32 729
32 733
32 787
32 848
32 857
32 961
32 1006
33 204
33 369
33 454
33 470
33 524
33 578
33 579
33 661
33 706
33 720
33 862
33 990
33 998
33 1023
34 132
34 152
34 174
34 256
34 279
34 333
34 353
34 456
34 570
34 588
34 760
34 772
34 820
34 932
34 1012
35 38
35 319
35 368
35 493
35 513
35 614
35 670
35 836
35 871
35 913
35 954
35 971
35 1023
36 67
36 165
36 169
36 312
36 403
36 473
36 499
36 541
36 570
36 593
36 619
36 628
36 652
36 811
36 886
36 933
36 935
36 936
36 961
37 42
37 143
37 249
37 443
37 541
37 569
37 691
37 772
37 829
37 859
37 863
37 998
38 131
38 159
38 296
38 670
38 681
38 701
38 759
38 822
38 824
38 863
38 890
38 1000
39 61
39 352
39 433
39 466
39 505
39 563
39 616
39 687
39 737
39 770
39 781
39 856
40 108
40 258
40 367
40 398
40 485
40 673
40 996
41 85
41 183
41 248
41 287
41 296
41 356
41 389
41 518
41 573
41 706
41 769
41 795
41 835
41 895
41 964
42 148
42 275
42 397
42 480
42 542
42 546
42 583
42 724
42 736
42 811
42 964
42 1022
43 89
43 96
43 130
43 154
43 182
43 211
43 259
43 271
43 301
43 374
43 393
43 409
43 672
43 787
43 801
43 828
43 844
43 927
44 110
44 182
44 269
44 339
44 404
44 434
44 536
44 653
44 749
44 758
44 957
44 982
45 96
45 140
45 234
45 242
45 282
45 369
45 488
45 510
45 551
45 632
45 872
45 918
45 1003
45 1008
46 66
46 199
46 261
46 315
46 366
46 403
46 453
46 549
46 604
46 608
46 648
46 708
46 789
46 800
46 831
46 845
46 858
46 883
46 905
46 912
46 1005
47 360
47 363
47 426
47 496
47 497
47 524
47 529
47 536
47 565
47 626
47 708
47 782
47 820
47 863
47 900
47 932
47 1013
48 73
48 99
48 112
48 125
48 129
48 145
48 173
48 301
48 352
48 394
48 532
48 626
48 810
48 820
48 857
48 873
48 932
49 145
49 173
49 220
49 377
49 428
49 433
49 438
49 576
49 610
49 636
49 680
49 699
49 728
49 744
49 786
49 890
50 98
50 109
50 194
50 247
50 291
50 395
50 442
50 474
50 512
50 609
50 638
50 644
50 781
50 824
50 827
50 959
50 969
51 208
51 262
51 545
51 603
51 901
51 902
51 941
51 1002
52 78
52 213
52 457
52 513
52 559
52 621
52 628
52 795
52 968
52 981
53 156
53 331
53 452
53 460
53 628
53 631
53 652
53 735
53 765
53 775
53 832
53 922
54 68
54 134
54 264
54 270
54 296
54 336
54 363
54 390
54 509
54 603
54 633
54 723
54 731
54 768
54 779
54 888
55 146
55 287
55 316
55 324
55 390
55 506
55 804
56 183
56 451
56 547
56 666
56 712
56 838
56 899
56 952
56 1022
57 176
57 564
57 614
57 622
57 668
57 708
57 735
57 743
57 806
57 841
57 857
57 952
58 458
58 543
58 568
58 910
59 62
59 205
59 217
59 266
59 416
59 489
59 604
59 608
59 636
59 718
59 730
60 72
60 82
60 177
60 184
60 238
60 311
60 320
60 333
60 337
60 595
60 614
60 623
60 729
60 743
60 799
60 817
60 847
60 952
60 1021
61 91
61 130
61 192
61 235
61 293
61 326
61 367
61 482
61 560
61 586
61 694
61 739
61 790
61 834
61 849
61 1001
62 99
62 103
62 227
62 309
62 335
62 439
62 708
62 805
62 814
62 820
62 827
62 904
62 938
62 997
63 252
63 291
63 309
63 427
63 516
63 647
63 694
63 863
63 871
63 925
64 79
64 213
64 232
64 628
64 640
64 648
64 715
64 722
64 802
64 955
64 962
64 972
65 151
65 265
65 283
65 290
65 315
65 331
65 385
65 481
65 512
65 525
65 546
65 780
65 790
66 99
66 115
66 123
66 127
66 174
66 240
66 246
66 304
66 463
66 509
66 556
66 632
66 641
66 716
66 721
66 750
66 820
67 94
67 392
67 590
67 594
67 598
67 636
67 681
67 683
67 731
67 832
67 864
67 892
67 896
67 919
67 954
68 85
68 100
68 129
68 243
68 426
68 542
68 588
68 865
68 883
68 921
68 982
69 118
69 259
69 274
69 284
69 356
69 537
69 538
69 578
69 779
69 907
69 993
70 73
70 134
70 191
70 268
70 282
70 315
70 352
70 459
70 560
70 617
70 904
70 966
70 978
70 1005
71 212
71 220
71 241
71 271
71 353
71 363
71 389
71 406
71 509
71 528
71 730
71 765
71 803
71 940
71 954
71 956
72 109
72 110
72 119
72 263
72 476
72 480
72 521
72 578
72 617
72 661
72 787
72 809
72 810
72 823
72 869
72 884
72 898
72 980
73 114
73 190
73 224
73 299
73 309
73 325
73 336
73 369
73 382
73 429
73 623
73 668
73 705
73 727
73 827
73 887
73 1003
74 113
74 204
74 225
74 239
74 322
74 339
74 406
74 537
74 569
74 604
74 612
74 701
74 780
74 794
74 835
74 853
74 930
74 1009
75 177
75 328
75 340
75 457
75 463
75 511
75 603
75 615
75 631
75 671
75 688
75 749
75 866
75 878
75 1014
76 213
76 220
76 257
76 313
76 320
76 335
76 385
76 574
76 699
76 956
77 142
77 151
77 155
77 167
77 271
77 365
77 387
77 390
77 423
77 459
77 513
77 518
77 564
77 576
77 582
77 645
77 655
77 793
77 794
77 844
77 871
77 925
77 986
78 158
78 323
78 377
78 548
78 558
78 905
78 913
78 958
78 1023
79 185
79 263
79 294
79 357
79 376
79 385
79 390
79 617
79 645
79 678
79 719
79 828
79 881
79 990
80 108
80 125
80 180
80 221
80 271
80 317
80 365
80 435
80 603
80 716
80 847
80 861
81 197
81 267
81 313
81 393
81 435
81 577
81 619
81 652
81 848
81 869
81 882
81 915
81 972
82 106
82 122
82 258
82 402
82 482
82 486
82 547
82 570
82 587
82 612
82 732
82 785
82 818
82 848
82 896
82 978
82 1010
83 132
83 169
83 181
83 250
83 428
83 433
83 674
83 717
83 720
83 788
83 797
83 838
83 937
84 131
84 186
84 220
84 383
84 423
84 442
84 600
84 630
84 714
84 773
84 900
84 982
85 116
85 127
85 298
85 381
85 433
85 487
85 549
85 583
85 801
85 831
85 967
85 1006
86 114
86 170
86 178
86 181
86 280
86 288
86 341
86 627
86 697
86 721
86 757
86 774
86 862
86 918
86 927
86 948
86 980
86 1006
87 103
87 263
87 329
87 366
87 424
87 594
87 729
87 962
87 1013
87 1015
88 147
88 277
88 313
88 315
88 434
88 541
88 722
88 851
88 882
88 974
88 996
89 107
89 146
89 151
89 200
89 221
89 302
89 374
89 393
89 425
89 528
89 578
89 583
89 597
89 615
89 625
89 646
89 687
89 730
89 736
89 767
89 959
90 179
90 245
90 295
90 325
90 372
90 408
90 466
90 489
90 508
90 512
90 655
90 785
90 807
90 811
90 939
90 973
91 112
91 148
91 208
91 216
91 246
91 279
91 338
91 398
91 494
91 537
91 541
91 627
91 672
91 724
91 798
91 800
91 953
92 174
92 182
92 234
92 243
92 264
92 286
92 728
92 866
92 871
92 907
92 927
93 183
93 216
93 327
93 444
93 817
93 820
93 870
93 877
93 889
93 940
94 117
94 187
94 189
94 206
94 207
94 221
94 391
94 436
94 483
94 694
94 765
94 890
94 905
94 908
94 968
94 982
94 1018
95 158
95 182
95 417
95 430
95 448
95 576
95 622
95 654
95 661
95 745
95 871
95 951
95 971
95 1008
96 115
96 122
96 149
96 324
96 326
96 461
96 755
96 843
97 99
97 210
97 328
97 558
97 642
97 664
97 828
98 100
98 155
98 170
98 226
98 310
98 315
98 319
98 455
98 594
98 616
98 777
98 794
98 881
98 996
98 1019
99 109
99 193
99 289
99 386
99 398
99 463
99 500
99 541
99 668
99 694
99 887
99 917
99 936
99 942
99 1014
100 442
100 448
100 496
100 534
100 693
100 703
100 843
101 135
101 198
101 205
101 220
101 340
101 489
101 496
101 560
101 613
101 636
101 685
101 698
101 722
101 778
101 789
101 841
101 937
101 999
102 104
102 166
102 219
102 241
102 268
102 310
102 341
102 433
102 483
102 505
102 635
102 882
102 919
102 927
102 933
102 983
103 122
103 211
103 274
103 490
103 679
103 888
103 919
103 921
104 148
104 193
104 208
104 249
104 326
104 505
104 533
104 704
104 783
104 809
104 829
104 854
104 856
104 873
104 875
104 924
104 973
104 982
105 158
105 318
105 375
105 405
105 563
105 723
105 804
105 913
105 940
105 962
106 111
106 157
106 233
106 239
106 253
106 284
106 368
106 374
106 461
106 473
106 485
106 505
106 570
106 629
106 655
106 736
107 176
107 209
107 436
107 529
107 743
107 796
107 815
107 849
107 918
107 926
107 977
107 985
107 986
107 989
107 996
108 161
108 300
108 385
108 395
108 747
108 793
108 937
108 1005
109 142
109 202
109 242
109 281
109 494
109 569
109 594
109 639
109 652
109 726
109 748
109 764
109 779
110 147
110 193
110 218
110 226
110 265
110 387
110 702
110 974
110 1003
111 202
111 277
111 499
111 557
111 851
111 891
111 966
112 171
112 233
112 392
112 446
112 613
112 732
112 974
113 115
113 129
113 132
113 147
113 159
113 216
113 257
113 397
113 432
113 683
113 715
113 756
113 795
113 857
114 133
114 338
114 527
114 555
114 634
114 669
114 790
114 998
115 159
115 227
115 252
115 290
115 365
115 372
115 468
115 482
115 790
115 949
116 124
116 231
116 298
116 339
116 366
116 546
116 865
117 244
117 284
117 449
117 513
117 534
117 599
117 670
117 680
117 681
117 696
117 772
117 793
118 186
118 215
118 415
118 448
118 643
118 669
118 684
118 831
118 880
118 899
118 944
119 144
119 154
119 249
119 263
119 303
119 317
119 543
119 597
119 720
119 832
119 853
119 1005
120 296
120 333
120 339
120 363
120 417
120 421
120 552
120 769
120 963
121 160
121 211
121 215
121 221
121 355
121 420
121 423
121 424
121 495
121 672
121 694
121 700
121 799
121 823
121 899
121 964
121 978
122 136
122 264
122 272
122 304
122 351
122 476
122 686
122 768
122 777
122 853
122 985
123 127
123 188
123 258
123 261
123 312
123 332
123 507
123 554
123 562
123 788
124 263
124 387
124 419
124 520
124 663
124 674
124 744
124 755
124 771
124 808
124 870
124 910
124 939
124 1000
125 130
125 168
125 259
125 272
125 294
125 442
125 482
125 484
125 555
125 557
125 598
125 634
125 657
125 706
125 787
125 843
125 900
125 926
125 992
126 370
126 445
126 673
126 729
126 793
126 796
126 804
126 806
126 885
127 153
127 176
127 201
127 295
127 433
127 588
127 687
128 222
128 237
128 299
128 578
128 652
128 675
128 708
128 812
128 943
128 973
128 984
129 219
129 285
129 352
129 472
129 526
129 631
129 648
129 650
129 671
129 702
129 751
129 775
129 844
129 866
129 873
130 280
130 329
130 425
130 768
130 783
130 824
130 963
130 982
131 132
131 255
131 264
131 350
131 425
131 441
131 479
131 560
131 578
131 652
131 682
131 784
131 792
131 863
131 987
132 152
132 253
132 346
132 423
132 487
132 509
132 515
132 591
132 602
132 706
132 722
132 752
132 765
132 800
132 922
132 961
133 145
133 151
133 187
133 251
133 335
133 405
133 419
133 425
133 440
133 529
133 551
133 574
133 576
133 630
133 652
133 658
133 718
133 731
133 792
133 977
133 979
134 210
134 312
134 344
134 359
134 416
134 592
134 621
134 650
134 655
134 696
134 784
134 785
134 940
134 984
134 1010
135 146
135 166
135 202
135 255
135 404
135 446
135 473
135 671
135 766
135 812
135 1004
135 1017
136 254
136 309
136 399
136 412
136 460
136 627
136 658
136 851
136 888
137 177
137 268
137 446
137 627
137 638
137 679
137 699
137 776
137 809
137 922
137 951
137 967
138 296
138 374
138 429
138 513
138 525
138 534
138 552
138 573
138 593
138 614
138 624
138 837
138 918
139 187
139 355
139 398
139 468
139 646
139 855
139 890
139 938
140 146
140 213
140 273
140 427
140 482
140 536
140 618
140 698
140 743
140 929
140 937
140 949
140 968
141 437
141 458
141 466
141 510
141 667
141 689
141 754
141 760
141 823
141 839
141 868
142 146
142 176
142 192
142 290
142 389
142 480
142 483
142 552
142 561
142 604
142 650
142 906
143 188
143 270
143 315
143 325
143 429
143 430
143 515
143 599
143 644
143 651
143 729
143 750
143 836
143 877
143 899
143 1015
144 152
144 196
144 216
144 266
144 315
144 372
144 378
144 485
144 533
144 724
144 777
144 793
144 806
144 827
144 911
144 985
145 163
145 319
145 464
145 538
145 567
145 635
145 653
145 723
145 878
145 983
145 991
146 245
146 258
146 267
146 272
146 392
146 401
146 612
146 625
146 645
146 655
146 681
146 729
146 902
146 920
146 936
146 963
146 968
146 1019
147 258
147 287
147 336
147 396
147 472
147 479
147 634
147 725
147 769
147 877
147 879
147 940
148 197
148 206
148 222
148 296
148 329
148 350
148 519
148 572
148 584
148 591
148 636
148 706
148 735
148 902
149 227
149 278
149 380
149 383
149 515
149 557
149 568
149 569
149 575
149 636
149 691
149 784
149 832
149 971
149 987
150 213
150 411
150 458
150 544
150 592
150 698
150 759
150 794
150 812
150 837
150 878
150 906
150 922
150 1001
151 231
151 288
151 405
151 502
151 558
151 620
151 624
151 664
151 677
151 1004
152 276
152 307
152 456
152 477
152 559
152 567
152 577
152 754
152 827
152 903
152 930
153 190
153 282
153 421
153 435
153 506
153 510
153 608
153 675
153 678
153 764
153 771
154 257
154 290
154 314
154 418
154 631
154 698
154 811
154 894
154 911
154 937
155 235
155 283
155 310
155 368
155 474
155 518
155 557
155 599
155 603
155 739
155 742
155 774
155 805
155 830
155 831
155 868
155 876
155 925
155 955
155 993
156 201
156 226
156 317
156 441
156 504
156 551
156 567
156 612
156 626
156 643
156 680
156 791
156 906
156 937
156 939
156 987
156 1012
157 207
157 224
157 268
157 390
157 398
157 542
157 553
157 687
157 721
157 761
157 770
157 776
157 797
157 812
158 217
158 281
158 641
158 776
158 825
158 854
158 946
158 1010
159 183
159 304
159 323
159 378
159 390
159 437
159 444
159 481
159 488
159 496
159 623
159 679
159 701
159 781
159 869
159 880
159 925
159 963
159 965
159 990
159 1002
160 414
160 488
160 513
160 537
160 604
160 644
160 903
160 934
161 273
161 349
161 437
161 454
161 562
161 587
161 603
161 631
161 756
161 780
161 816
161 856
161 869
161 1019
162 182
162 244
162 275
162 317
162 357
162 570
162 596
162 636
162 707
162 847
162 914
162 972
163 166
163 241
163 255
163 282
163 399
163 407
163 502
163 572
163 693
163 818
163 845
163 858
163 863
163 991
164 281
164 312
164 321
164 344
164 377
164 448
164 457
164 465
164 636
164 728
164 764
164 769
164 772
164 773
164 830
164 910
165 199
165 216
165 362
165 392
165 437
165 469
165 486
165 665
165 739
165 815
165 973
165 974
166 389
166 510
166 547
166 548
166 585
166 615
166 696
166 731
166 764
166 795
166 971
167 227
167 533
167 609
167 697
167 815
167 851
167 885
167 914
167 919
167 962
167 1018
168 200
168 383
168 529
168 549
168 576
168 726
168 741
168 779
168 797
168 820
168 840
168 921
168 974
169 299
169 479
169 526
169 595
169 611
169 709
169 722
169 728
169 758
169 798
169 979
170 176
170 239
170 250
170 281
170 314
170 325
170 518
170 646
170 687
170 848
170 933
170 937
170 1022
171 242
171 345
171 390
171 466
171 486
171 537
171 567
171 631
171 670
171 751
171 767
171 789
171 817
171 839
171 927
171 983
172 267
172 444
172 525
172 773
172 804
172 872
173 262
173 308
173 409
173 415
173 458
173 503
173 519
173 529
173 615
173 646
173 796
173 813
173 824
173 870
173 1013
174 217
174 269
174 301
174 323
174 459
174 514
174 587
174 594
174 905
174 950
174 1011
175 210
175 232
175 348
175 457
175 470
175 627
175 662
175 663
175 726
175 845
175 900
175 933
175 961
176 251
176 426
176 545
176 674
176 730
176 755
176 768
176 882
176 909
176 986
176 987
177 427
177 445
177 495
177 581
177 833
177 898
177 964
177 972
177 998
178 192
178 200
178 258
178 301
178 310
178 438
178 464
178 549
178 597
178 620
178 764
178 863
178 893
179 193
179 200
179 203
179 215
179 297
179 354
179 451
179 470
179 479
179 666
179 670
179 700
179 736
179 738
179 749
179 877
180 208
180 222
180 280
180 367
180 379
180 502
180 600
180 614
180 624
180 774
180 829
180 846
180 868
180 873
180 887
180 897
180 903
180 914
181 263
181 304
181 330
181 669
181 679
181 781
181 788
181 824
181 981
181 1014
182 212
182 231
182 253
182 305
182 309
182 416
182 506
182 517
182 542
182 646
182 720
182 805
182 962
182 981
183 244
183 343
183 391
183 501
183 639
183 655
183 781
183 939
183 1020
184 386
184 389
184 543
184 664
184 713
184 823
184 832
184 876
184 938
184 1015
185 205
185 241
185 244
185 295
185 340
185 594
185 602
185 654
185 677
185 713
185 938
185 1006
186 285
186 359
186 503
186 539
186 553
186 684
186 710
186 731
186 823
186 854
186 877
186 888
186 907
186 976
186 1013
187 229
187 252
187 334
187 343
187 370
187 412
187 425
187 590
187 895
187 979
188 246
188 282
188 292
188 307
188 337
188 367
188 386
188 397
188 461
188 525
188 610
188 639
188 640
188 868
188 953
188 994
189 278
189 337
189 389
189 393
189 421
189 479
189 562
189 574
189 588
189 726
189 743
189 752
189 845
189 846
189 858
189 894
189 964
190 237
190 247
190 329
190 513
190 556
190 557
190 573
190 722
190 744
190 854
190 911
191 288
191 398
191 567
191 596
191 639
191 663
191 732
191 759
191 820
191 828
191 990
192 233
192 284
192 456
192 522
192 532
192 637
192 662
192 681
192 821
192 945
192 946
193 215
193 682
193 730
193 737
193 795
193 818
194 272
194 386
194 444
194 449
194 473
194 751
194 800
194 849
194 902
195 253
195 309
195 330
195 379
195 402
195 407
195 497
195 562
195 628
195 738
195 766
195 799
195 868
195 873
195 917
195 979
195 1012
196 225
196 259
196 288
196 510
196 569
196 617
196 623
196 625
196 638
196 713
196 767
196 807
197 220
197 288
197 299
197 449
197 456
197 464
197 510
197 629
197 733
197 760
197 775
197 880
197 944
197 978
198 199
198 223
198 225
198 227
198 460
198 487
198 516
198 578
198 655
198 755
198 893
198 917
198 921
199 231
199 463
199 486
199 548
199 758
199 767
199 772
200 213
200 222
200 250
200 325
200 330
200 348
200 398
200 460
200 542
200 571
200 596
200 779
200 930
200 963
200 964
200 976
200 977
201 217
201 301
201 571
201 602
201 667
201 799
201 906
201 972
201 980
201 1023
202 224
202 247
202 320
202 437
202 521
202 551
202 628
202 964
202 974
202 981
203 495
203 661
203 761
203 769
203 803
203 807
203 853
203 920
204 263
204 279
204 326
204 346
204 409
204 483
204 485
204 490
204 563
204 605
204 617
204 632
204 680
204 806
204 835
204 938
204 939
204 955
204 963
204 983
204 1021
205 217
205 247
205 367
205 435
205 764
205 813
205 823
205 881
205 989
205 995
206 254
206 328
206 337
206 355
206 420
206 452
206 467
206 664
206 682
206 751
206 868
206 986
207 217
207 219
207 251
207 291
207 309
207 420
207 460
207 673
207 679
207 859
207 969
207 998
207 1006
208 271
208 314
208 392
208 463
208 634
208 677
208 800
208 850
208 947
209 284
209 311
209 354
209 419
209 488
209 575
209 674
209 743
210 386
210 466
210 511
210 524
210 588
210 673
210 755
210 1008
211 235
211 288
211 348
211 410
211 423
211 463
211 493
211 627
211 647
211 766
211 847
211 870
211 931
211 1013
211 1015
212 427
212 666
212 761
212 950
213 326
213 400
213 406
213 415
213 442
213 515
213 527
213 606
213 613
213 672
213 691
213 741
213 742
213 854
213 869
213 936
213 1014
214 215
214 249
214 257
214 317
214 419
214 427
214 463
214 512
214 564
214 605
214 824
214 856
214 911
214 992
215 322
215 396
215 493
215 524
215 588
215 690
215 718
215 843
215 955
215 1007
216 287
216 458
216 623
216 640
216 700
216 718
216 801
216 831
216 884
217 251
217 253
217 735
217 845
217 960
218 328
218 371
218 459
218 806
218 862
218 950
219 258
219 268
219 304
219 320
219 349
219 383
219 443
219 499
219 537
219 573
219 574
219 898
220 319
220 419
220 445
220 540
220 586
220 673
220 736
220 810
220 829
221 317
221 479
221 573
221 623
221 668
221 715
221 775
221 778
221 819
221 918
221 998
221 1001
222 228
222 284
222 413
222 434
222 498
222 550
222 652
222 700
222 755
222 823
222 887
222 891
222 899
222 900
222 956
223 380
223 396
223 683
223 859
224 279
224 334
224 451
224 458
224 501
224 564
224 675
224 678
224 688
224 731
224 803
224 936
225 297
225 323
225 402
225 511
225 742
225 871
225 938
225 949
226 232
226 347
226 363
226 375
226 592
226 659
226 702
226 715
226 779
226 989
227 278
227 307
227 384
227 461
227 535
227 658
227 711
227 737
227 749
227 777
227 829
227 840
227 879
227 1017
228 233
228 292
228 353
228 444
228 466
228 556
228 581
228 680
228 711
228 731
228 824
228 1023
229 231
229 234
229 278
229 290
229 423
229 517
229 538
229 643
229 666
229 850
229 872
229 938
229 941
229 962
229 966
229 989
230 351
230 388
230 519
230 550
230 777
230 823
230 924
230 947
230 955
231 359
231 500
231 591
231 632
231 652
231 768
231 773
231 861
232 260
232 325
232 354
232 367
232 421
232 434
232 450
232 567
232 589
232 637
232 658
232 797
232 803
232 818
232 965
233 255
233 321
233 417
233 494
233 504
233 514
233 517
233 563
233 628
233 659
233 678
233 786
233 811
233 868
233 945
234 274
234 366
234 425
234 485
234 543
234 665
234 667
234 769
234 780
234 989
235 279
235 316
235 400
235 497
235 538
235 661
235 670
235 692
235 729
235 807
235 850
235 1012
236 237
236 327
236 374
236 380
236 476
236 581
236 607
236 612
236 649
236 754
236 756
236 812
236 822
236 843
236 866
237 438
237 459
237 569
237 619
237 755
237 950
237 978
238 245
238 264
238 315
238 321
238 327
238 374
238 477
238 493
238 523
238 525
238 586
238 594
238 659
238 668
238 691
238 767
238 869
238 1023
239 333
239 536
239 620
239 759
239 836
239 947
239 951
239 986
240 283
240 322
240 481
240 671
240 846
240 883
240 947
240 950
240 965
241 489
241 689
241 777
241 885
241 928
241 1012
242 313
242 336
242 343
242 445
242 547
242 675
242 693
242 711
242 909
242 1018
243 353
243 395
243 415
243 460
243 585
243 871
243 895
243 898
243 901
244 331
244 400
244 465
244 535
244 552
244 732
244 965
245 270
245 272
245 288
245 471
245 536
245 555
245 556
245 933
245 998
245 1023
246 330
246 399
246 472
246 655
246 836
246 882
246 892
246 959
247 272
247 477
247 567
247 632
247 656
247 707
247 803
247 874
247 906
247 972
247 978
247 984
248 280
248 340
248 422
248 433
248 442
248 472
248 527
248 629
248 631
248 728
248 863
248 927
248 951
249 362
249 435
249 516
249 643
249 665
249 907
249 999
250 361
250 421
250 480
250 517
250 669
250 678
250 683
250 693
250 743
250 744
250 823
250 901
250 1003
251 344
251 425
251 496
251 501
251 587
251 618
251 780
251 805
251 810
251 819
251 905
251 929
251 945
251 950
251 957
252 256
252 693
252 699
252 757
252 770
252 931
252 1015
253 286
253 336
253 395
253 400
253 458
253 520
253 626
253 975
254 291
254 347
254 713
254 760
254 816
254 823
254 865
254 880
254 934
254 1012
255 385
255 419
255 523
255 768
255 810
256 454
256 470
256 491
256 649
256 662
256 667
256 690
256 734
257 259
257 297
257 303
257 346
257 485
257 531
257 618
257 638
257 672
257 730
257 742
257 756
257 769
257 833
257 906
257 911
257 990
257 994
258 319
258 491
258 495
258 500
258 517
258 541
258 554
258 764
258 885
259 306
259 403
259 409
259 450
259 456
259 523
259 564
259 865
259 908
259 1010
260 262
260 312
260 335
260 415
260 447
260 541
260 627
260 639
260 706
260 776
260 788
260 906
260 926
260 932
260 957
261 276
261 366
261 444
261 463
261 552
261 588
261 806
261 972
261 987
261 1007
262 523
262 571
262 602
262 810
262 884
262 899
262 994
262 1008
263 277
263 339
263 385
263 434
263 475
263 639
263 994
263 1007
264 378
264 397
264 515
264 516
264 566
264 617
264 666
264 792
264 806
264 817
264 841
264 918
264 965
265 365
265 621
265 751
265 764
265 786
265 803
265 849
265 861
265 899
265 941
265 943
265 957
266 345
266 405
266 516
266 578
266 701
266 817
266 874
266 916
266 985
267 419
267 455
267 485
267 502
267 594
267 655
267 746
267 777
267 833
267 862
267 882
267 897
267 953
267 998
268 312
268 372
268 435
268 520
268 550
268 562
268 658
268 665
268 687
268 695
268 736
268 814
268 997
269 272
269 427
269 490
269 566
269 590
269 716
269 775
269 798
269 876
269 886
269 935
269 966
270 303
270 479
270 517
270 546
270 600
270 682
270 824
270 973
271 408
271 436
271 547
271 562
271 816
271 826
271 907
271 934
271 966
272 356
272 399
272 596
272 680
272 722
272 751
272 788
272 879
273 306
273 328
273 338
273 499
273 503
273 652
273 682
273 731
273 757
273 774
273 781
273 829
273 843
273 869
273 877
274 302
274 383
274 386
274 416
274 432
274 462
274 470
274 475
274 583
274 700
274 706
274 750
274 836
274 888
275 343
275 351
275 516
275 638
275 664
275 773
275 834
275 874
275 992
275 1001
276 391
276 546
276 656
276 695
276 703
277 296
277 501
277 581
277 638
277 696
277 709
277 736
277 771
277 942
278 338
278 341
278 369
278 385
278 436
278 703
278 896
278 923
279 384
279 533
279 562
279 571
279 620
279 912
279 992
280 292
280 382
280 398
280 526
280 555
280 561
280 590
280 691
280 740
280 860
280 865
280 875
280 908
280 936
280 962
280 979
280 1019
281 284
281 328
281 372
281 488
281 489
281 634
281 687
281 730
281 755
281 1011
281 1014
282 290
282 292
282 606
282 664
282 711
282 750
282 755
282 945
282 957
283 495
283 530
283 531
283 537
283 545
283 568
283 819
283 847
283 865
283 909
283 923
283 991
284 316
284 343
284 355
284 379
284 442
284 497
284 597
284 602
284 834
284 963
285 372
285 500
285 506
285 570
285 718
285 870
285 938
285 968
286 306
286 491
286 644
286 648
286 904
287 406
287 458
287 478
287 543
287 558
287 603
287 666
287 668
287 721
287 741
287 846
288 313
288 330
288 487
288 591
288 773
288 1006
288 1010
288 1022
289 315
289 364
289 394
289 469
289 559
289 652
289 678
289 752
289 754
289 808
289 818
289 966
290 319
290 454
290 477
290 550
290 818
290 926
290 932
290 1001
291 306
291 470
291 628
291 679
291 732
291 792
291 805
291 807
291 999
291 1002
292 429
292 629
292 737
292 781
292 797
292 829
292 908
292 919
292 942
292 990
293 318
293 377
293 455
293 460
293 634
293 686
293 741
293 886
293 949
293 960
293 994
294 330
294 424
294 435
294 465
294 510
294 549
294 656
294 784
294 838
294 856
294 932
294 1019
295 309
295 421
295 426
295 500
295 546
295 619
295 747
295 792
295 850
295 858
295 937
296 306
296 345
296 367
296 429
296 486
296 608
296 612
296 640
296 707
296 898
296 928
296 933
296 975
296 1011
297 303
297 327
297 366
297 380
297 398
297 434
297 493
297 670
297 803
297 883
297 887
297 891
298 382
298 404
298 469
298 473
298 536
298 680
298 698
298 780
298 802
299 388
299 443
299 625
299 683
299 726
299 772
299 809
299 971
299 990
300 304
300 447
300 552
300 553
300 564
300 649
300 826
300 874
300 960
301 387
301 422
301 449
301 502
301 617
301 719
301 802
301 819
301 915
301 951
301 974
301 997
302 320
302 335
302 349
302 552
302 642
302 648
302 651
302 756
302 857
303 326
303 622
303 694
303 796
303 866
303 900
303 981
304 420
304 470
304 500
304 502
304 517
304 642
304 661
304 715
304 719
304 723
304 807
304 847
304 948
304 954
304 958
305 317
305 322
305 411
305 642
305 666
305 689
305 741
305 743
305 820
305 904
305 919
305 998
305 1010
306 360
306 376
306 386
306 399
306 483
306 487
306 520
306 555
306 650
306 737
306 857
306 914
307 430
307 485
307 532
307 561
307 594
307 659
307 758
307 781
307 833
307 858
307 899
308 483
308 484
308 500
308 517
308 525
308 647
308 674
308 697
308 829
308 864
308 885
308 1000
308 1004
308 1007
309 350
309 492
309 604
309 633
309 643
309 668
309 764
309 878
309 946
309 1005
310 317
310 459
310 480
310 792
310 871
310 933
310 965
311 439
311 457
311 488
311 525
311 549
311 556
311 621
311 705
311 709
311 799
311 830
311 876
311 902
312 555
312 619
312 646
312 711
312 749
312 808
312 832
312 906
313 493
313 515
313 564
313 580
313 606
313 782
313 866
313 911
313 912
313 930
314 417
314 449
314 579
314 591
314 611
314 679
314 745
314 843
314 860
314 957
315 483
315 755
315 762
315 890
316 320
316 346
316 421
316 451
316 454
316 530
316 535
316 576
316 600
316 623
316 695
316 707
316 843
316 878
316 1011
317 389
317 664
317 668
317 770
317 939
317 975
318 473
318 533
318 677
318 784
318 792
318 836
318 872
318 970
318 1018
319 576
319 719
319 752
319 841
319 917
319 1009
319 1023
320 322
320 466
320 474
320 562
320 610
320 685
320 857
320 898
320 933
320 967
321 388
321 514
321 517
321 547
321 548
321 688
321 836
321 872
321 883
321 907
321 964
321 967
321 1011
322 353
322 446
322 457
322 483
322 556
322 592
322 598
322 776
322 875
322 898
322 946
322 999
323 327
323 376
323 448
323 506
323 592
323 657
323 770
323 919
323 986
324 413
324 596
324 896
324 902
324 928
324 1020
325 366
325 454
325 590
325 680
325 703
325 713
325 803
325 813
325 879
325 989
325 1012
325 1017
325 1018
326 384
326 401
326 504
326 516
326 595
326 871
326 893
326 952
326 960
327 347
327 412
327 606
327 614
327 678
327 710
327 906
327 910
327 912
328 409
328 451
328 461
328 624
328 711
328 759
328 855
328 914
329 418
329 471
329 491
329 529
329 714
329 722
329 829
329 834
329 899
330 452
330 583
330 676
330 698
330 818
330 873
330 883
330 922
330 1019
331 548
331 555
331 689
331 774
331 794
331 797
331 803
331 1010
331 1017
332 412
332 477
332 548
332 720
332 753
332 769
332 854
332 867
333 380
333 737
333 997
334 367
334 521
334 593
334 805
334 835
334 889
334 915
334 923
334 968
334 991
334 1017
334 1019
335 386
335 397
335 490
335 751
335 765
335 871
335 898
335 913
335 915
336 582
336 597
336 651
336 669
336 721
336 726
336 945
336 954
337 683
337 809
337 859
337 973
338 526
338 741
338 941
338 951
339 434
339 550
339 566
339 706
339 729
339 908
339 918
339 967
340 483
340 511
340 584
340 799
340 814
340 937
341 350
341 489
341 552
341 600
341 654
341 708
341 875
341 876
341 889
341 890
341 919
341 951
341 973
341 976
342 387
342 400
342 419
342 423
342 425
342 458
342 461
342 534
342 741
342 838
342 890
342 892
342 944
342 961
343 347
343 450
343 491
343 626
343 658
343 708
343 726
343 729
343 734
343 1006
344 358
344 371
344 419
344 425
344 485
344 556
344 795
344 911
344 924
344 952
344 964
344 999
344 1008
345 408
345 553
345 653
345 667
345 707
345 873
345 898
345 941
346 394
346 443
346 549
346 637
346 780
346 820
346 876
346 882
346 887
346 971
347 455
347 578
347 603
347 641
347 662
347 919
347 925
347 927
347 962
347 1007
348 579
348 648
348 687
348 868
348 934
348 984
348 998
348 1015
349 351
349 527
349 562
349 628
349 688
349 698
349 724
350 358
350 373
350 393
350 437
350 468
350 488
350 598
350 610
350 694
350 757
350 817
350 843
350 925
350 932
350 1012
351 365
351 371
351 404
351 732
351 779
351 815
351 821
351 848
351 874
352 375
352 382
352 461
352 488
352 576
352 645
352 675
352 697
352 832
352 888
352 972
353 360
353 388
353 473
353 592
353 665
353 788
353 922
353 989
354 469
354 518
354 526
354 603
354 611
354 623
354 664
354 683
354 700
354 992
354 1006
354 1023
355 492
355 669
355 716
355 777
355 791
355 801
355 854
355 855
355 887
355 1013
356 457
356 513
356 547
356 719
356 829
356 837
356 864
356 916
357 402
357 413
357 434
357 508
357 650
357 661
357 789
357 847
358 548
358 585
358 734
358 806
358 845
358 941
358 956
359 379
359 410
359 452
359 538
359 589
359 695
359 718
359 746
359 956
360 493
360 619
360 628
360 675
360 788
360 811
360 852
360 955
360 979
360 995
360 1008
360 1011
360 1016
361 375
361 442
361 509
361 683
361 707
361 795
361 935
362 382
362 504
362 558
362 571
362 623
362 744
362 768
362 1011
362 1012
363 366
363 389
363 396
363 406
363 484
363 572
363 575
363 638
363 742
363 780
363 859
363 875
363 922
364 408
364 439
364 443
364 566
364 613
364 627
364 721
364 854
364 859
365 368
365 391
365 466
365 602
365 627
365 652
365 699
365 770
365 771
365 779
365 859
365 898
365 957
365 978
365 988
366 457
366 474
366 475
366 477
366 543
366 568
366 663
366 798
366 807
366 857
367 504
367 556
367 612
367 637
367 692
367 762
367 897
367 899
367 926
367 988
367 1019
368 376
368 456
368 484
368 527
368 679
368 705
368 792
368 997
368 1014
369 482
369 505
369 559
369 580
369 624
369 716
369 736
369 776
369 1012
369 1014
370 372
370 412
370 435
370 468
370 679
370 761
370 790
370 870
370 1002
371 544
371 612
371 698
371 733
371 795
371 865
371 948
371 1008
372 382
372 462
372 472
372 592
372 617
372 653
372 756
372 818
372 850
372 897
372 949
372 971
373 445
373 446
373 484
373 529
373 538
373 544
373 621
373 627
373 723
373 736
373 771
373 873
373 928
373 990
373 998
374 402
374 435
374 504
374 648
374 719
374 855
374 959
375 412
375 421
375 431
375 514
375 522
375 603
375 842
376 377
376 530
376 601
376 634
376 763
376 810
376 812
376 833
377 512
377 549
377 664
377 707
377 724
377 767
377 913
378 417
378 418
378 456
378 482
378 523
378 607
378 618
378 663
378 671
378 775
378 894
378 990
378 1008
379 554
379 555
379 605
379 683
379 686
379 743
379 761
379 791
379 792
379 794
379 907
379 922
379 974
380 422
380 441
380 484
380 498
380 546
380 562
380 704
380 714
380 956
380 991
381 436
381 524
381 641
381 695
381 742
381 805
381 829
382 404
382 767
382 777
382 851
382 909
382 981
383 416
383 491
383 544
383 570
383 585
383 806
383 831
383 936
383 969
383 988
383 989
384 543
384 691
384 748
384 772
384 773
385 493
385 527
385 578
385 581
385 627
385 676
385 678
385 810
385 956
386 399
386 417
386 502
386 540
386 565
386 948
386 994
386 1021
386 1023
387 415
387 417
387 422
387 443
387 664
387 678
387 743
387 822
387 864
387 928
387 979
388 401
388 422
388 459
388 618
388 635
388 712
388 725
388 824
388 849
388 996
388 1010
389 415
389 497
389 592
389 614
389 617
389 667
389 711
389 802
389 832
389 887
389 914
389 934
390 513
390 551
390 593
390 620
390 719
390 731
390 887
390 900
390 1010
391 401
391 455
391 482
391 591
391 594
391 605
391 680
391 807
391 828
391 867
391 899
391 982
391 1000
392 409
392 461
392 602
392 685
392 820
392 857
392 977
392 1014
393 407
393 408
393 487
393 544
393 571
393 618
393 804
393 822
393 920
393 958
394 547
394 589
394 694
394 747
394 774
394 988
395 470
395 484
395 551
395 579
395 765
395 862
396 430
396 436
396 453
396 522
396 751
396 907
396 939
396 997
396 1010
397 439
397 499
397 537
397 566
397 585
397 598
397 667
397 766
397 788
397 907
397 943
397 961
397 963
397 972
398 455
398 670
398 691
398 692
398 750
398 762
398 780
398 793
398 824
398 951
398 1020
399 416
399 465
399 470
399 538
399 669
399 686
399 888
399 1017
400 408
400 427
400 466
400 685
400 688
400 887
400 912
400 1010
401 417
401 531
401 547
401 765
401 885
401 939
401 981
402 655
402 739
402 768
402 952
403 536
403 571
403 616
403 791
403 856
403 904
403 954
403 970
403 987
404 503
404 582
404 630
404 667
404 707
404 728
404 735
404 798
404 819
404 881
404 898
404 918
405 406
405 639
405 676
405 720
405 739
405 764
405 791
405 841
405 844
405 892
405 980
405 1017
406 436
406 600
406 754
406 823
406 842
406 929
406 981
407 488
407 591
407 699
407 711
407 758
407 779
407 781
407 795
407 826
407 996
408 503
408 513
408 544
408 556
408 577
408 592
408 833
408 922
408 967
409 431
409 459
409 502
409 525
409 532
409 559
409 565
409 661
409 685
409 722
409 780
409 859
409 895
409 911
409 983
409 1007
410 459
410 495
410 517
410 523
410 528
410 637
410 661
410 678
410 781
410 860
410 922
410 961
410 975
411 422
411 1005
412 463
412 470
412 516
412 563
412 724
412 890
412 924
412 1018
413 575
413 701
413 809
413 974
413 992
413 1022
414 518
414 657
414 671
414 733
414 755
414 836
414 978
415 502
415 635
415 897
416 427
416 517
416 552
416 869
416 1009
416 1017
417 479
417 621
417 634
417 647
417 661
417 681
417 755
417 934
417 1006
417 1021
418 479
418 533
418 596
418 680
418 867
418 942
418 990
419 433
419 436
419 521
419 591
419 614
419 790
420 532
420 645
420 796
420 892
420 998
421 517
421 591
421 681
421 790
421 838
421 857
421 871
421 916
422 443
422 615
422 771
422 818
422 839
422 921
422 995
422 1021
423 446
423 622
423 640
423 722
423 749
423 909
424 572
424 614
424 630
424 743
424 864
424 934
425 539
425 565
425 568
425 804
425 890
425 919
426 695
426 807
426 920
427 467
427 497
427 529
427 739
427 994
428 433
428 470
428 495
428 516
428 608
428 684
428 931
428 945
428 980
428 1002
429 434
429 445
429 468
429 549
429 576
429 589
429 598
429 794
429 947
429 1020
430 461
430 522
430 587
430 614
430 626
430 696
430 747
430 754
430 789
430 809
430 887
430 898
431 513
431 609
431 652
431 681
431 761
431 797
431 900
431 908
431 931
431 960
431 969
432 520
432 575
432 579
432 604
432 672
432 742
432 770
432 802
432 839
432 899
432 902
432 969
432 996
433 479
433 693
433 735
433 936
434 522
434 537
434 555
434 722
434 744
434 752
434 810
434 856
435 483
435 516
435 550
435 589
435 599
435 603
435 921
435 970
435 1017
436 440
436 490
436 717
436 897
436 907
436 953
436 973
436 1023
437 621
437 822
437 995
438 453
438 541
438 564
438 592
438 643
438 751
438 784
438 800
438 928
438 1001
439 461
439 463
439 615
439 661
439 670
439 702
439 742
439 763
439 932
440 462
440 534
440 660
440 906
440 1003
441 524
441 527
441 607
441 636
441 795
442 443
442 561
442 731
442 752
442 973
442 1009
443 552
443 596
443 635
443 683
443 712
443 749
443 757
443 765
443 786
443 837
443 888
443 924
443 959
443 996
444 607
444 775
444 847
444 874
444 945
444 1023
445 519
445 651
445 728
445 786
445 948
445 1008
445 1018
445 1020
446 456
446 521
446 620
446 662
446 675
446 681
446 714
446 733
446 750
446 1008
447 457
447 559
447 575
447 576
447 601
447 731
447 865
447 896
447 899
447 939
448 524
448 652
448 703
448 735
448 772
448 900
448 915
448 937
448 940
448 953
448 956
448 959
448 965
448 1021
449 451
449 460
449 486
449 503
449 702
449 820
449 869
449 923
449 1000
450 460
450 476
450 479
450 520
450 634
450 844
450 984
451 607
451 644
451 676
451 696
451 744
451 832
451 855
451 948
452 474
452 725
452 745
452 753
452 787
452 822
452 902
453 454
453 553
453 613
453 824
453 875
453 885
454 576
454 599
454 604
454 611
454 669
454 684
454 714
454 886
454 993
455 462
455 510
455 514
455 741
455 745
455 776
455 833
455 841
455 918
456 487
456 577
456 653
456 715
456 741
456 859
456 962
456 988
457 500
457 552
457 592
457 722
457 841
457 850
457 871
457 902
457 916
457 925
457 952
458 485
458 542
458 817
458 856
458 878
458 912
458 936
458 942
458 988
459 505
459 706
459 939
460 597
460 640
460 690
460 772
460 793
460 833
460 846
460 878
460 887
460 889
460 952
461 505
461 602
461 612
461 737
461 759
461 791
461 893
461 906
461 954
462 675
462 726
462 831
462 891
462 932
462 994
462 1018
463 540
463 711
463 761
463 764
463 799
463 929
463 959
463 966
464 527
464 550
464 559
464 664
464 727
464 775
464 896
464 925
464 969
465 534
465 540
465 550
465 808
465 958
466 564
466 566
466 622
466 809
466 827
466 836
466 983
467 502
467 538
467 656
467 687
467 716
467 725
467 777
467 849
467 877
467 956
468 596
468 699
468 708
468 731
468 756
468 952
468 984
468 1000
468 1001
469 773
469 833
469 1020
470 547
470 563
470 755
470 829
470 844
470 933
471 566
471 606
471 837
471 961
471 962
471 982
471 1007
472 640
472 788
472 980
472 1020
473 584
473 599
473 900
473 903
473 945
473 1017
474 520
474 551
474 786
474 838
474 901
474 965
474 972
474 995
475 541
475 604
475 655
475 840
475 885
475 987
476 477
476 544
476 699
476 710
476 852
476 944
476 1006
477 554
477 607
477 642
477 756
477 770
477 843
477 860
477 871
477 948
477 976
478 620
478 626
478 686
478 909
478 993
479 682
479 797
479 959
479 1008
480 564
480 586
480 639
480 688
480 734
480 785
480 830
480 837
481 504
481 614
481 661
481 677
481 720
481 954
481 993
482 573
482 629
482 883
482 939
482 941
482 1005
483 530
483 605
483 806
483 886
484 538
484 583
484 614
484 627
484 752
485 631
485 644
485 706
485 784
485 831
485 855
485 873
485 1007
486 830
486 871
486 892
486 941
487 714
487 716
487 726
487 746
487 832
487 843
487 860
487 870
487 881
487 983
488 514
488 534
488 580
488 671
488 679
488 866
488 921
488 931
488 942
489 903
489 959
490 493
490 595
490 634
490 876
491 681
491 699
491 732
491 734
491 776
491 811
491 867
491 886
492 577
492 583
492 614
492 726
492 935
492 942
492 977
493 669
493 686
493 709
493 713
493 774
493 781
493 836
494 512
494 662
494 670
494 724
494 749
494 938
494 964
494 985
495 509
495 516
495 538
495 735
495 866
495 947
495 1017
496 729
496 791
496 988
496 1016
497 509
497 541
497 561
497 625
497 668
497 692
497 731
497 875
497 913
497 1019
498 556
498 668
498 709
498 751
498 756
498 827
498 957
498 968
498 1017
498 1018
499 652
499 672
499 901
499 944
499 996
500 629
500 644
501 585
501 595
501 776
501 828
501 869
502 508
502 551
502 631
502 685
502 764
502 808
502 876
502 966
503 698
503 699
503 789
503 798
503 807
503 902
503 960
503 972
504 526
504 617
504 630
504 634
504 740
504 759
504 762
504 853
504 894
504 935
505 648
505 779
505 812
505 823
505 874
505 943
506 545
506 682
506 688
506 732
506 884
506 946
506 979
506 986
507 573
507 618
507 634
507 659
507 663
507 680
507 840
507 926
507 1001
507 1003
508 561
508 845
508 961
509 535
509 603
509 648
509 700
509 891
509 894
509 925
509 1004
510 613
510 673
510 699
510 737
510 763
510 814
510 816
510 833
510 998
511 529
511 546
511 673
511 737
511 853
511 960
511 971
512 638
512 727
512 745
512 901
512 985
512 1011
513 527
513 590
513 614
513 660
513 687
513 727
513 816
513 1012
514 557
514 560
514 625
514 633
514 681
514 832
514 848
514 907
514 926
514 947
514 1002
515 577
515 593
515 624
515 634
515 717
515 833
515 862
515 879
515 984
515 1019
516 525
516 544
516 555
516 606
516 613
516 863
516 902
517 604
517 751
517 791
517 801
517 847
518 668
518 733
518 907
518 933
519 623
519 749
519 894
519 992
520 537
520 588
520 643
520 789
520 849
520 1009
521 548
521 562
521 633
521 654
521 723
521 733
521 791
521 805
521 931
521 971
521 997
522 581
522 735
522 823
522 850
523 770
523 854
523 867
523 871
523 956
523 958
524 640
524 676
524 792
524 845
524 877
524 957
524 965
525 552
525 703
525 706
525 724
526 574
526 594
526 676
526 678
526 689
526 705
526 733
526 829
526 836
526 860
526 945
526 991
526 999
527 531
527 728
527 846
527 983
527 991
528 576
528 592
528 704
528 764
528 821
528 855
528 978
528 1002
529 563
529 569
529 580
529 669
529 720
529 783
529 824
529 849
529 877
529 880
529 979
530 539
530 605
530 693
530 709
530 911
531 572
531 628
531 639
531 669
531 683
531 790
531 1023
532 560
532 602
532 612
532 675
532 860
532 911
532 955
532 979
532 1000
533 587
533 661
533 788
533 806
533 906
533 953
534 639
534 902
534 1000
535 606
535 630
535 667
535 693
535 790
535 816
535 848
535 859
535 916
535 924
535 928
536 541
536 564
536 566
536 568
536 573
536 656
536 748
536 758
536 829
536 905
536 917
536 940
536 957
536 973
536 986
537 544
537 608
537 645
537 682
537 794
537 799
537 888
538 555
538 830
538 900
538 948
538 970
538 1006
539 581
539 798
539 996
539 1017
540 558
540 614
540 638
540 758
540 771
540 794
540 931
540 943
540 944
540 950
541 586
541 591
541 703
541 800
541 813
541 920
541 970
541 980
541 997
542 789
542 791
542 820
542 934
543 603
543 621
543 640
543 735
543 810
543 957
544 690
544 707
544 739
544 812
544 819
544 846
544 864
544 895
544 942
544 963
545 585
545 681
545 932
545 948
546 561
546 771
546 919
546 961
547 582
547 777
547 877
547 942
547 977
548 578
548 686
548 837
548 899
548 947
549 565
549 754
549 778
549 788
550 724
550 851
550 858
550 884
551 567
551 602
551 698
551 923
551 1005
552 777
552 870
552 899
552 964
553 573
553 580
553 662
553 667
553 872
554 563
554 795
554 798
554 857
554 867
555 571
555 573
555 625
555 760
555 803
555 894
555 918
555 1014
556 594
556 595
556 611
556 659
556 661
556 714
556 720
556 730
556 733
556 796
556 832
556 913
556 934
556 947
556 964
556 988
556 999
556 1021
557 645
557 691
557 712
557 796
557 813
557 826
557 842
557 911
557 912
557 956
557 975
558 580
558 585
558 822
558 823
558 848
558 881
558 981
558 1005
559 622
559 758
559 767
559 797
559 866
559 892
559 930
560 609
560 616
560 665
560 694
560 722
560 912
561 574
561 597
561 675
561 765
561 779
561 838
561 839
561 857
561 973
562 565
562 616
562 678
562 754
562 822
563 656
563 664
563 772
563 848
564 672
564 733
564 749
564 797
564 822
564 842
564 910
564 938
565 615
565 677
565 708
565 771
565 803
565 822
565 893
565 895
565 934
565 954
566 608
566 636
566 663
566 740
566 810
566 857
566 861
566 892
567 603
567 608
567 622
567 760
567 764
567 791
567 886
567 948
567 975
567 1015
567 1021
568 600
568 678
568 786
568 860
569 702
569 772
569 867
570 590
570 747
570 779
570 794
570 805
570 823
570 825
570 878
570 923
571 582
571 586
571 609
571 622
571 665
571 911
571 956
572 701
572 742
572 800
572 854
573 632
573 799
573 819
573 922
573 948
574 578
574 596
574 635
574 636
574 728
574 908
574 915
574 927
574 945
574 1006
574 1008
575 601
575 657
575 698
575 840
575 906
575 917
575 1013
575 1017
576 627
576 654
576 686
576 728
576 833
576 970
576 972
577 692
577 698
577 731
577 759
577 873
577 940
577 944
577 993
578 594
578 613
578 638
578 672
578 698
578 707
578 710
578 735
578 868
578 917
578 946
578 982
579 667
579 700
579 767
579 810
579 957
580 684
580 697
580 744
580 768
580 860
580 874
580 970
580 975
580 1020
581 702
581 825
581 856
581 870
581 961
581 1015
582 642
582 675
582 702
582 757
582 929
582 993
583 681
583 727
583 837
583 869
583 872
583 881
583 885
583 987
584 635
584 736
584 743
584 815
584 918
584 960
585 626
585 663
585 697
585 833
586 657
586 964
587 595
587 620
587 669
587 676
587 800
587 927
587 962
587 980
588 620
588 622
588 697
588 733
588 931
589 788
589 875
589 944
589 949
589 984
590 618
590 641
590 740
590 823
591 605
591 714
591 793
591 903
591 938
592 658
592 675
592 700
592 818
592 962
593 848
593 945
593 979
594 605
594 630
594 654
594 674
594 700
594 773
594 793
594 961
595 639
595 822
595 886
595 904
595 1001
596 603
596 608
596 619
596 751
596 825
596 851
596 955
596 984
597 602
597 610
597 628
597 806
597 866
597 873
597 924
598 643
598 678
598 733
598 877
598 932
598 946
598 996
599 679
599 780
599 833
599 841
600 674
600 726
600 728
600 749
600 752
600 833
600 864
600 884
600 948
601 804
601 870
601 1022
602 617
602 623
602 788
602 796
602 995
603 790
603 874
603 927
603 933
603 1022
604 606
604 639
604 711
604 740
604 757
604 882
604 919
604 935
604 967
604 1001
605 811
605 1012
606 634
606 797
606 816
606 891
606 943
606 981
607 763
607 811
607 907
607 1012
608 611
608 737
608 894
608 923
609 778
609 804
609 810
609 888
609 907
610 706
610 741
610 898
611 620
611 716
611 723
611 727
611 898
611 963
611 1007
612 646
612 858
612 924
613 717
613 774
613 816
613 896
614 628
614 721
614 785
614 883
614 917
614 961
615 758
615 791
615 815
615 867
615 904
615 950
616 661
616 692
616 698
616 766
616 806
616 981
616 990
617 719
617 858
617 876
617 925
618 627
618 668
618 680
618 762
618 951
618 983
618 1014
619 681
619 708
619 712
619 856
619 917
620 664
620 750
620 785
620 946
620 952
620 981
621 648
621 699
621 723
621 812
621 820
621 851
621 877
621 921
621 946
622 784
622 798
622 842
622 883
622 971
622 1004
622 1005
622 1007
623 758
623 788
623 840
623 864
623 966
623 967
623 982
624 665
624 735
624 743
624 880
624 918
624 1008
625 679
625 731
625 735
625 751
625 819
625 899
626 635
626 734
626 864
626 893
626 946
627 686
627 710
627 739
627 775
627 776
627 797
627 852
627 885
627 904
627 914
628 726
628 779
628 799
628 862
628 864
628 888
628 938
628 985
629 719
629 755
629 825
629 893
629 947
630 697
630 711
630 822
631 634
631 747
631 760
631 843
631 885
631 908
632 770
632 944
632 955
632 996
632 999
633 706
633 726
633 781
633 830
633 871
633 1020
634 797
635 803
635 812
635 880
635 928
636 753
636 839
636 844
636 992
636 1016
637 725
637 733
637 793
637 851
637 879
637 886
637 926
637 929
637 973
638 778
638 968
638 997
639 645
639 678
639 712
639 715
639 790
639 980
640 712
640 771
640 926
640 974
641 695
641 707
641 711
641 852
641 862
641 896
641 903
641 904
641 917
641 1018
642 701
642 804
642 868
642 897
642 909
643 663
643 813
643 870
644 681
644 721
644 731
644 911
644 935
644 948
644 1012
645 786
645 865
645 1008
646 673
646 708
646 711
646 763
646 936
647 694
647 748
647 753
647 787
647 862
647 1020
648 692
648 705
648 751
648 758
648 855
648 862
648 891
648 918
648 930
648 953
649 721
649 752
649 811
649 861
649 891
649 929
649 997
650 665
650 742
650 761
650 830
650 877
650 1003
650 1011
651 662
651 728
651 855
651 915
651 916
651 941
652 665
652 705
652 723
652 728
652 837
652 853
653 690
653 807
653 844
653 938
653 1014
654 676
654 819
654 947
654 989
655 705
655 784
655 835
655 844
655 993
656 715
656 729
656 764
656 805
656 818
657 755
657 785
657 993
657 996
657 998
658 718
658 787
658 1007
659 670
659 788
659 834
659 879
661 839
661 917
661 942
661 979
661 984
662 835
662 1020
663 743
663 846
663 1017
664 671
664 848
664 913
664 934
665 682
665 884
665 1018
666 761
666 875
666 904
666 985
666 1003
666 1018
667 681
667 788
667 1007
668 687
668 690
668 820
668 835
668 855
668 880
668 980
669 683
669 691
669 694
669 751
669 810
669 965
669 983
670 784
671 680
671 710
671 820
671 984
671 1007
672 680
672 788
673 736
673 921
674 864
674 898
674 919
674 967
674 1005
675 879
675 896
675 952
675 1000
675 1003
675 1022
676 693
676 739
677 683
677 692
677 864
677 978
678 755
678 797
678 895
678 916
678 989
679 744
679 791
679 799
679 831
679 922
679 956
680 738
680 782
680 827
680 911
680 946
681 795
681 907
681 948
682 925
682 991
682 1012
683 685
683 746
683 786
683 920
683 995
684 783
684 784
684 800
684 857
684 980
685 747
685 780
685 791
685 808
685 811
685 902
685 928
685 986
686 719
686 1001
687 739
687 746
687 749
687 779
687 812
687 819
687 924
687 931
687 938
687 998
688 821
688 853
688 862
688 897
688 974
688 1019
689 746
689 800
689 825
689 833
689 878
689 896
689 907
689 961
690 700
690 807
690 971
691 753
691 773
691 840
691 880
691 941
691 980
691 1014
692 737
692 865
692 974
693 847
694 768
694 812
694 905
694 915
694 1006
694 1016
695 764
695 873
695 929
696 725
696 726
696 787
696 912
696 941
697 735
697 749
697 769
698 804
698 809
698 979
699 789
699 970
699 1015
700 773
700 775
700 805
700 966
701 803
701 891
701 987
702 786
702 860
702 908
702 931
703 920
704 782
704 905
704 986
704 1000
705 731
705 959
706 882
706 919
707 714
707 737
707 799
707 878
707 923
707 959
708 771
708 806
708 824
708 904
708 910
708 1012
709 933
709 941
709 1002
710 899
710 937
710 993
711 987
712 947
712 978
713 730
713 737
713 756
713 790
713 801
713 821
713 844
713 905
713 928
713 940
714 724
714 767
714 796
714 822
714 911
714 981
715 717
715 768
715 769
715 815
715 1002
716 735
716 738
716 763
716 980
717 745
717 837
717 912
717 933
718 735
718 749
718 818
718 895
718 912
718 963
719 819
719 827
719 949
719 971
719 1023
720 1019
721 738
721 881
721 902
721 955
721 991
722 841
723 763
723 798
723 868
723 925
724 809
724 832
724 903
724 974
725 739
725 765
725 846
726 756
726 822
726 878
726 943
727 797
727 841
727 878
727 937
728 851
729 732
729 753
729 770
729 775
729 942
730 743
730 795
730 808
730 874
730 899
730 954
731 850
731 858
731 895
731 905
731 907
731 983
731 1019
732 808
732 853
732 1012
733 760
733 890
733 924
733 951
734 755
734 767
734 807
734 826
734 991
735 758
735 946
736 767
736 820
736 858
736 872
736 876
736 996
736 997
737 780
737 797
737 967
737 1020
738 794
738 843
738 863
738 983
738 997
738 1016
739 802
739 874
739 902
739 988
740 781
740 871
740 916
740 927
740 960
741 826
741 980
741 984
741 992
741 1021
742 776
742 918
742 972
743 787
743 893
743 1007
744 771
744 800
744 804
744 865
744 1011
745 757
745 836
745 842
745 874
746 845
746 902
746 909
747 756
747 772
747 820
747 946
748 809
748 836
748 911
748 918
749 764
749 981
750 924
750 993
750 1010
751 945
751 1004
752 860
752 866
752 881
752 996
753 796
753 812
753 907
753 961
754 776
754 957
754 990
754 1014
755 783
755 809
755 941
755 1010
756 765
756 837
756 902
756 977
756 1006
757 866
757 921
757 951
758 769
758 784
758 837
758 912
758 936
758 958
758 1001
759 768
759 958
759 980
759 994
760 858
760 888
760 895
761 767
761 835
761 1005
762 936
762 1009
763 781
763 785
763 813
763 939
763 944
763 1023
764 806
764 965
765 904
765 929
765 968
766 835
766 944
767 814
767 865
767 1019
768 878
768 898
768 950
769 833
769 875
769 885
769 929
769 977
770 780
770 818
770 972
770 1002
771 774
771 882
771 1000
772 776
772 785
772 882
772 926
772 938
773 827
773 829
773 863
773 868
774 779
774 801
774 955
775 849
775 1001
776 912
777 917
778 856
778 895
778 985
779 810
779 861
779 877
779 887
780 857
780 939
781 808
781 830
781 842
781 887
782 784
783 845
783 910
784 900
784 948
784 998
785 975
786 837
786 905
786 972
787 801
787 904
787 921
788 826
789 916
789 980
790 801
790 805
790 897
790 938
790 975
790 993
791 919
792 848
792 863
793 904
793 912
793 964
794 827
794 841
794 851
794 924
794 947
794 969
794 1002
795 811
795 914
795 934
796 844
797 820
797 836
797 885
797 890
797 932
797 1016
798 903
798 980
798 994
799 849
799 994
800 801
800 900
800 913
800 973
801 831
801 845
801 865
801 956
801 985
802 833
802 873
802 1023
803 989
804 883
804 977
805 826
805 872
806 830
806 861
806 891
806 962
807 854
807 946
807 989
808 840
808 964
809 835
809 941
810 918
810 963
811 862
811 886
811 891
811 904
811 964
811 1005
812 824
812 866
813 817
813 837
813 953
813 954
814 903
815 822
815 839
815 880
815 921
815 950
815 961
816 830
816 883
816 1010
818 838
818 842
818 843
818 902
818 1006
818 1017
819 865
819 953
819 964
819 993
819 1007
820 827
820 891
820 927
821 833
821 859
821 1022
822 909
823 900
823 908
823 1012
824 826
824 848
824 857
825 878
825 994
826 839
826 896
826 958
827 858
827 949
828 877
828 1021
829 876
829 920
829 1006
830 863
830 884
830 973
830 980
831 840
831 949
831 962
831 972
832 973
833 851
833 865
833 880
833 999
833 1023
834 837
834 851
834 913
835 846
835 967
836 850
836 872
836 875
836 980
836 983
837 858
837 860
837 939
838 964
838 987
839 887
839 968
840 892
841 858
841 903
841 963
841 984
842 970
843 963
844 858
844 864
844 906
844 913
846 1019
847 1008
848 851
848 886
848 930
848 937
848 970
848 1010
848 1022
849 857
849 919
849 998
850 864
851 955
851 970
851 1001
851 1018
852 951
854 889
854 902
854 997
855 929
857 996
858 984
859 868
860 883
861 871
862 876
862 904
862 925
862 996
863 916
863 977
864 884
864 931
864 958
864 1010
865 879
865 954
866 927
866 946
866 949
866 1003
867 913
867 964
868 871
868 872
868 959
868 986
869 907
869 913
869 964
870 878
870 918
870 953
870 1018
871 890
871 894
871 966
872 933
872 1016
873 880
873 954
874 941
874 978
874 987
874 1021
875 912
875 967
875 972
876 881
877 918
877 960
878 996
879 911
879 980
879 1019
880 986
880 1008
881 1002
883 907
883 916
883 953
883 961
884 1022
885 971
886 893
887 940
887 998
888 919
888 1009
889 896
889 903
889 905
889 999
893 966
894 907
894 947
894 960
894 1008
897 927
897 942
897 989
897 1020
899 957
899 969
900 931
900 1011
900 1019
901 965
903 1007
904 927
906 917
906 945
906 952
906 995
907 917
907 926
908 945
910 952
910 975
911 915
911 923
911 1017
912 934
912 949
912 1021
914 928
915 933
916 975
916 1020
917 924
917 1022
918 947
918 975
919 929
919 949
919 995
920 932
920 988
921 949
922 935
923 934
925 970
926 947
927 932
927 1004
930 965
932 977
933 975
936 968
938 1019
940 1006
940 1008
940 1019
941 956
942 978
944 971
944 976
946 1004
947 1014
949 970
949 1000
949 1022
950 970
950 1012
950 1015
951 1010
953 981
953 999
954 1020
955 998
957 1005
960 994
960 996
963 990
963 994
967 1021
968 972
968 987
968 993
972 973
974 993
974 996
974 1012
978 1020
981 1000
981 1010
988 1014
989 1015
991 1005
1002 1006
