0 11
0 12
0 13
0 16
0 17
0 19
0 20
0 23
0 24
0 25
0 30
0 31
0 32
0 34
0 35
0 36
0 39
0 40
0 45
0 50
0 57
0 69
0 79
0 86
0 102
0 112
0 116
0 121
0 123
0 137
0 138
0 139
0 151
0 171
0 174
0 188
0 192
0 198
0 200
0 203
0 206
0 225
0 227
0 236
0 237
0 239
0 268
0 275
0 277
0 307
0 310
0 320
0 346
0 350
0 364
0 377
0 393
0 411
0 415
0 423
0 424
0 437
0 439
0 443
0 445
0 459
0 474
0 491
0 495
0 507
0 510
0 527
0 535
0 546
0 582
0 588
0 592
0 615
0 617
0 626
0 654
0 673
0 683
0 695
0 703
0 737
0 756
0 785
0 788
0 791
0 793
0 819
0 853
0 889
0 917
0 935
0 941
0 947
0 963
0 966
0 993
1 10
1 13
1 14
1 17
1 19
1 20
1 21
1 22
1 29
1 36
1 47
1 83
1 103
1 124
1 137
1 140
1 153
1 192
1 193
1 197
1 201
1 277
1 297
1 332
1 333
1 345
1 361
1 415
1 430
1 453
1 553
1 561
1 582
1 610
1 650
1 651
1 797
1 803
1 806
1 820
1 838
1 858
1 917
1 925
1 994
1 1022
2 10
2 11
2 12
2 13
2 14
2 15
2 16
2 17
2 18
2 21
2 23
2 25
2 27
2 28
2 32
2 34
2 36
2 45
2 51
2 53
2 60
2 76
2 96
2 102
2 104
2 107
2 115
2 116
2 135
2 144
2 147
2 148
2 152
2 153
2 167
2 177
2 188
2 190
2 198
2 247
2 250
2 255
2 270
2 275
2 285
2 291
2 292
2 293
2 295
2 310
2 341
2 345
2 350
2 360
2 381
2 388
2 399
2 409
2 412
2 426
2 446
2 452
2 473
2 506
2 530
2 583
2 596
2 600
2 618
2 654
2 655
2 755
2 772
2 775
2 802
2 814
2 826
2 868
2 911
2 929
2 991
3 10
3 11
3 12
3 13
3 14
3 17
3 18
3 30
3 42
3 46
3 51
3 88
3 89
3 91
3 95
3 124
3 130
3 145
3 163
3 180
3 185
3 186
3 202
3 211
3 218
3 235
3 248
3 261
3 287
3 297
3 316
3 405
3 432
3 459
3 461
3 629
3 725
3 742
3 761
3 930
4 10
4 11
4 12
4 15
4 16
4 20
4 26
4 27
4 29
4 35
4 38
4 46
4 49
4 55
4 63
4 74
4 82
4 110
4 114
4 118
4 144
4 147
4 153
4 164
4 199
4 212
4 257
4 261
4 267
4 275
4 315
4 351
4 353
4 392
4 403
4 413
4 418
4 419
4 465
4 466
4 472
4 494
4 579
4 618
4 627
4 644
4 667
4 786
4 826
4 879
4 880
4 919
5 10
5 11
5 12
5 13
5 15
5 17
5 20
5 21
5 26
5 39
5 40
5 52
5 62
5 64
5 66
5 81
5 86
5 93
5 94
5 100
5 105
5 109
5 121
5 132
5 137
5 177
5 189
5 199
5 231
5 261
5 282
5 312
5 314
5 329
5 348
5 381
5 384
5 392
5 417
5 424
5 442
5 545
5 550
5 566
5 761
5 803
5 804
5 834
5 864
5 886
5 891
5 933
5 935
5 937
6 10
6 11
6 12
6 13
6 14
6 15
6 16
6 18
6 24
6 28
6 31
6 33
6 34
6 35
6 38
6 44
6 45
6 53
6 55
6 69
6 82
6 83
6 88
6 90
6 100
6 108
6 123
6 129
6 154
6 161
6 197
6 244
6 258
6 265
6 267
6 281
6 290
6 337
6 342
6 349
6 407
6 416
6 437
6 448
6 463
6 468
6 469
6 511
6 544
6 591
6 631
6 673
6 682
6 706
6 713
6 716
6 757
6 766
6 772
6 799
6 807
6 823
6 850
6 900
6 906
6 908
6 938
6 1002
7 10
7 11
7 12
7 13
7 55
7 56
7 58
7 75
7 91
7 123
7 192
7 199
7 210
7 228
7 233
7 264
7 292
7 307
7 314
7 628
7 631
7 728
7 807
7 829
7 870
7 997
8 10
8 11
8 12
8 13
8 14
8 15
8 16
8 18
8 20
8 22
8 23
8 24
8 32
8 37
8 41
8 42
8 44
8 47
8 49
8 52
8 57
8 62
8 67
8 73
8 77
8 81
8 87
8 96
8 97
8 98
8 101
8 102
8 104
8 105
8 109
8 124
8 140
8 161
8 163
8 168
8 170
8 210
8 222
8 223
8 231
8 236
8 244
8 258
8 262
8 274
8 323
8 334
8 365
8 377
8 388
8 425
8 427
8 450
8 456
8 457
8 467
8 480
8 488
8 506
8 528
8 539
8 567
8 569
8 590
8 667
8 682
8 688
8 694
8 721
8 724
8 747
8 767
8 770
8 801
8 835
8 838
8 857
8 863
8 880
8 895
8 933
8 953
8 982
8 1002
8 1020
9 10
9 11
9 24
9 27
9 28
9 38
9 50
9 76
9 77
9 90
9 116
9 136
9 175
9 186
9 191
9 201
9 223
9 247
9 400
9 415
9 431
9 432
9 441
9 523
9 539
9 610
9 704
9 720
9 731
9 782
9 846
9 870
9 917
9 942
9 962
9 999
10 13
10 14
10 15
10 17
10 19
10 20
10 21
10 24
10 25
10 29
10 35
10 40
10 41
10 42
10 43
10 44
10 45
10 49
10 51
10 52
10 53
10 57
10 59
10 61
10 66
10 67
10 70
10 73
10 74
10 75
10 86
10 87
10 89
10 90
10 95
10 98
10 111
10 114
10 115
10 117
10 129
10 130
10 132
10 133
10 139
10 140
10 141
10 154
10 155
10 158
10 165
10 166
10 178
10 185
10 187
10 192
10 200
10 201
10 205
10 206
10 219
10 222
10 250
10 259
10 260
10 263
10 273
10 283
10 286
10 291
10 296
10 300
10 310
10 319
10 323
10 339
10 341
10 343
10 356
10 364
10 371
10 377
10 389
10 392
10 400
10 402
10 406
10 411
10 435
10 455
10 465
10 470
10 471
10 480
10 484
10 497
10 514
10 537
10 559
10 564
10 570
10 576
10 584
10 586
10 592
10 597
10 619
10 634
10 643
10 651
10 653
10 681
10 691
10 703
10 717
10 728
10 738
10 747
10 758
10 777
10 806
10 836
10 865
10 870
10 900
10 902
10 936
10 985
10 1002
11 12
11 14
11 15
11 16
11 18
11 19
11 21
11 23
11 24
11 26
11 30
11 31
11 34
11 35
11 36
11 37
11 42
11 50
11 56
11 57
11 62
11 64
11 75
11 78
11 84
11 89
11 97
11 111
11 113
11 114
11 117
11 136
11 142
11 145
11 147
11 149
11 155
11 157
11 158
11 171
11 173
11 175
11 181
11 188
11 190
11 199
11 205
11 216
11 217
11 224
11 225
11 228
11 232
11 236
11 244
11 248
11 249
11 251
11 264
11 265
11 268
11 269
11 276
11 277
11 285
11 303
11 310
11 311
11 315
11 331
11 332
11 335
11 337
11 348
11 361
11 380
11 382
11 389
11 390
11 392
11 406
11 410
11 419
11 431
11 436
11 475
11 476
11 477
11 483
11 520
11 525
11 537
11 554
11 558
11 563
11 584
11 587
11 589
11 593
11 600
11 603
11 616
11 627
11 643
11 658
11 666
11 683
11 687
11 699
11 703
11 723
11 738
11 752
11 770
11 771
11 777
11 792
11 800
11 824
11 834
11 851
11 886
11 899
11 902
11 910
11 998
12 13
12 14
12 15
12 16
12 19
12 20
12 21
12 22
12 23
12 24
12 25
12 27
12 28
12 30
12 31
12 33
12 34
12 35
12 36
12 37
12 41
12 43
12 45
12 48
12 51
12 56
12 63
12 64
12 66
12 69
12 79
12 83
12 85
12 87
12 91
12 111
12 117
12 121
12 122
12 128
12 155
12 159
12 165
12 170
12 180
12 182
12 185
12 193
12 197
12 208
12 217
12 228
12 237
12 240
12 242
12 248
12 256
12 257
12 259
12 260
12 269
12 274
12 276
12 280
12 291
12 300
12 308
12 315
12 335
12 340
12 343
12 347
12 363
12 364
12 382
12 388
12 405
12 424
12 436
12 451
12 469
12 482
12 510
12 516
12 522
12 541
12 570
12 579
12 580
12 589
12 596
12 616
12 634
12 640
12 646
12 677
12 686
12 694
12 695
12 744
12 745
12 759
12 768
12 769
12 771
12 800
12 815
12 828
12 845
12 852
12 865
12 892
12 895
12 916
12 924
12 938
12 939
12 943
12 952
12 965
12 976
12 987
12 1019
13 15
13 16
13 18
13 19
13 20
13 25
13 26
13 30
13 34
13 36
13 39
13 42
13 43
13 44
13 47
13 54
13 60
13 63
13 66
13 83
13 85
13 86
13 92
13 93
13 94
13 98
13 101
13 104
13 110
13 121
13 129
13 132
13 133
13 134
13 135
13 138
13 151
13 152
13 156
13 158
13 176
13 180
13 206
13 219
13 220
13 230
13 251
13 253
13 255
13 256
13 265
13 266
13 274
13 295
13 302
13 303
13 335
13 342
13 343
13 363
13 372
13 376
13 385
13 397
13 425
13 430
13 432
13 433
13 434
13 438
13 447
13 466
13 493
13 498
13 502
13 508
13 512
13 514
13 516
13 525
13 549
13 550
13 563
13 566
13 568
13 575
13 578
13 606
13 616
13 617
13 620
13 639
13 642
13 661
13 675
13 686
13 690
13 705
13 717
13 722
13 738
13 743
13 773
13 800
13 801
13 810
13 815
13 825
13 845
13 857
13 893
13 910
13 922
13 925
13 949
13 955
13 968
13 971
13 978
13 1001
13 1007
13 1023
14 15
14 16
14 17
14 18
14 19
14 21
14 25
14 27
14 29
14 30
14 41
14 47
14 48
14 49
14 53
14 64
14 70
14 71
14 72
14 80
14 85
14 90
14 111
14 113
14 114
14 119
14 121
14 122
14 125
14 132
14 135
14 142
14 146
14 164
14 165
14 167
14 174
14 194
14 196
14 213
14 216
14 218
14 238
14 244
14 258
14 263
14 268
14 269
14 270
14 307
14 313
14 316
14 387
14 404
14 410
14 422
14 429
14 438
14 445
14 450
14 456
14 478
14 479
14 482
14 506
14 522
14 576
14 588
14 608
14 621
14 629
14 659
14 671
14 679
14 699
14 713
14 720
14 735
14 743
14 757
14 758
14 778
14 800
14 825
14 848
14 870
14 879
14 884
14 885
14 926
14 956
14 989
14 1015
15 16
15 18
15 19
15 21
15 22
15 24
15 26
15 28
15 30
15 33
15 36
15 37
15 47
15 49
15 55
15 57
15 58
15 63
15 65
15 68
15 75
15 90
15 92
15 95
15 100
15 101
15 111
15 112
15 113
15 114
15 122
15 127
15 131
15 133
15 140
15 157
15 160
15 161
15 166
15 184
15 196
15 217
15 227
15 247
15 265
15 270
15 274
15 288
15 321
15 350
15 358
15 380
15 386
15 394
15 417
15 431
15 474
15 515
15 548
15 567
15 606
15 631
15 646
15 663
15 666
15 669
15 770
15 772
15 785
15 795
15 822
15 836
15 865
15 871
15 884
15 885
15 889
15 890
15 907
15 912
15 918
15 919
15 927
15 951
15 958
15 965
15 980
15 994
15 1003
15 1013
16 17
16 19
16 21
16 22
16 23
16 28
16 29
16 31
16 36
16 38
16 40
16 43
16 45
16 55
16 56
16 67
16 71
16 75
16 77
16 80
16 84
16 88
16 89
16 102
16 112
16 130
16 134
16 135
16 141
16 169
16 170
16 175
16 191
16 197
16 202
16 224
16 231
16 233
16 245
16 252
16 355
16 370
16 374
16 378
16 380
16 387
16 419
16 420
16 429
16 449
16 454
16 504
16 506
16 533
16 570
16 614
16 632
16 641
16 669
16 701
16 732
16 734
16 748
16 766
16 787
16 828
16 829
16 833
16 836
16 843
16 853
16 866
16 872
16 877
16 890
16 915
16 923
16 937
16 941
16 970
16 973
16 992
16 994
16 1000
16 1004
16 1006
17 18
17 22
17 25
17 26
17 27
17 28
17 31
17 32
17 37
17 38
17 40
17 42
17 43
17 45
17 51
17 53
17 55
17 62
17 66
17 68
17 70
17 77
17 80
17 81
17 85
17 86
17 89
17 106
17 107
17 108
17 113
17 114
17 121
17 130
17 131
17 133
17 138
17 142
17 146
17 150
17 155
17 157
17 162
17 177
17 180
17 195
17 201
17 211
17 224
17 225
17 232
17 247
17 251
17 252
17 268
17 282
17 289
17 300
17 311
17 316
17 321
17 326
17 345
17 346
17 352
17 356
17 359
17 376
17 405
17 406
17 411
17 420
17 439
17 469
17 481
17 484
17 495
17 512
17 527
17 537
17 538
17 556
17 557
17 561
17 562
17 575
17 599
17 604
17 619
17 637
17 663
17 674
17 697
17 726
17 732
17 750
17 757
17 771
17 773
17 781
17 788
17 791
17 813
17 824
17 825
17 832
17 839
17 843
17 903
17 914
17 920
17 955
17 978
17 988
17 1008
17 1014
17 1020
18 19
18 20
18 22
18 24
18 26
18 27
18 30
18 31
18 33
18 36
18 37
18 38
18 65
18 66
18 82
18 84
18 85
18 90
18 94
18 101
18 104
18 112
18 115
18 117
18 119
18 126
18 128
18 136
18 139
18 141
18 144
18 153
18 173
18 175
18 187
18 190
18 215
18 224
18 225
18 229
18 231
18 242
18 245
18 252
18 253
18 262
18 263
18 275
18 281
18 288
18 289
18 306
18 310
18 350
18 355
18 367
18 376
18 377
18 396
18 403
18 404
18 427
18 479
18 493
18 513
18 528
18 533
18 543
18 557
18 591
18 615
18 622
18 649
18 664
18 735
18 741
18 748
18 790
18 836
18 843
18 848
18 852
18 853
18 862
18 887
18 966
19 22
19 28
19 29
19 32
19 33
19 34
19 37
19 39
19 41
19 42
19 45
19 47
19 52
19 54
19 58
19 60
19 61
19 62
19 72
19 74
19 76
19 83
19 88
19 98
19 109
19 111
19 116
19 119
19 125
19 129
19 137
19 143
19 144
19 147
19 159
19 164
19 170
19 173
19 175
19 176
19 178
19 182
19 184
19 187
19 197
19 203
19 221
19 228
19 243
19 248
19 256
19 269
19 277
19 281
19 290
19 301
19 312
19 325
19 347
19 348
19 353
19 357
19 361
19 373
19 385
19 390
19 394
19 410
19 414
19 420
19 422
19 458
19 467
19 468
19 479
19 483
19 501
19 505
19 512
19 513
19 526
19 531
19 571
19 574
19 593
19 606
19 611
19 634
19 635
19 661
19 681
19 685
19 730
19 741
19 767
19 786
19 795
19 826
19 831
19 857
19 866
19 875
19 894
19 925
19 932
19 938
19 959
19 972
19 982
19 985
19 1018
20 21
20 23
20 25
20 46
20 60
20 65
20 69
20 78
20 80
20 93
20 94
20 117
20 124
20 137
20 140
20 157
20 168
20 173
20 196
20 211
20 222
20 241
20 252
20 279
20 297
20 308
20 326
20 337
20 386
20 405
20 421
20 436
20 445
20 457
20 473
20 481
20 484
20 502
20 522
20 555
20 569
20 581
20 583
20 652
20 683
20 687
20 710
20 737
20 771
20 818
20 841
20 890
20 904
20 953
20 962
20 965
20 971
21 24
21 25
21 28
21 34
21 39
21 41
21 61
21 77
21 85
21 104
21 137
21 156
21 159
21 171
21 182
21 207
21 278
21 290
21 354
21 357
21 364
21 438
21 485
21 536
21 566
21 568
21 588
21 595
21 624
21 631
21 692
21 798
21 835
21 882
21 892
21 916
21 993
22 23
22 35
22 39
22 42
22 43
22 50
22 54
22 60
22 65
22 68
22 80
22 81
22 93
22 106
22 112
22 120
22 125
22 135
22 146
22 154
22 159
22 163
22 174
22 183
22 189
22 191
22 213
22 237
22 261
22 274
22 290
22 291
22 293
22 319
22 343
22 348
22 350
22 390
22 398
22 489
22 493
22 497
22 511
22 514
22 603
22 612
22 628
22 776
22 793
22 801
22 813
22 844
22 861
22 904
22 934
22 966
23 26
23 27
23 31
23 33
23 34
23 43
23 44
23 47
23 50
23 51
23 53
23 54
23 59
23 65
23 69
23 81
23 82
23 88
23 90
23 92
23 97
23 106
23 128
23 136
23 149
23 181
23 212
23 215
23 241
23 246
23 254
23 258
23 270
23 279
23 281
23 315
23 349
23 368
23 376
23 403
23 409
23 422
23 453
23 478
23 480
23 501
23 525
23 528
23 560
23 564
23 589
23 595
23 597
23 613
23 628
23 642
23 667
23 708
23 725
23 774
23 779
23 821
23 861
23 902
23 934
23 1019
24 26
24 27
24 29
24 32
24 40
24 44
24 48
24 65
24 105
24 122
24 126
24 131
24 162
24 165
24 192
24 215
24 297
24 332
24 334
24 337
24 347
24 375
24 414
24 464
24 472
24 501
24 537
24 546
24 557
24 696
24 737
24 862
24 906
24 956
24 1002
25 28
25 29
25 35
25 37
25 38
25 40
25 42
25 44
25 46
25 50
25 52
25 56
25 66
25 75
25 77
25 81
25 82
25 99
25 107
25 110
25 122
25 139
25 171
25 187
25 195
25 196
25 197
25 209
25 214
25 216
25 217
25 218
25 228
25 233
25 238
25 242
25 271
25 273
25 279
25 298
25 319
25 321
25 350
25 353
25 377
25 378
25 398
25 415
25 417
25 420
25 437
25 466
25 480
25 482
25 484
25 486
25 490
25 498
25 514
25 527
25 534
25 538
25 556
25 563
25 568
25 585
25 586
25 627
25 694
25 696
25 706
25 709
25 710
25 716
25 733
25 751
25 781
25 784
25 828
25 840
25 846
25 868
25 891
25 968
25 993
25 1005
26 30
26 40
26 51
26 54
26 55
26 59
26 63
26 78
26 79
26 80
26 87
26 92
26 94
26 97
26 113
26 116
26 117
26 127
26 139
26 140
26 149
26 150
26 165
26 182
26 183
26 204
26 212
26 235
26 238
26 244
26 289
26 291
26 296
26 298
26 305
26 315
26 321
26 375
26 379
26 382
26 385
26 426
26 439
26 476
26 503
26 575
26 648
26 652
26 656
26 673
26 742
26 748
26 763
26 773
26 780
26 781
26 791
26 825
26 839
26 840
26 878
26 912
26 999
26 1003
27 32
27 35
27 44
27 46
27 48
27 56
27 70
27 73
27 78
27 79
27 87
27 92
27 101
27 103
27 137
27 167
27 173
27 185
27 198
27 235
27 245
27 264
27 293
27 309
27 333
27 335
27 336
27 339
27 371
27 382
27 432
27 444
27 446
27 449
27 491
27 508
27 558
27 574
27 607
27 653
27 710
27 801
27 803
27 816
27 821
27 853
27 879
27 909
27 910
27 926
27 954
27 965
27 967
27 977
27 981
27 991
28 29
28 33
28 36
28 46
28 49
28 57
28 58
28 67
28 79
28 95
28 107
28 117
28 126
28 127
28 138
28 143
28 152
28 156
28 157
28 160
28 161
28 180
28 187
28 191
28 198
28 208
28 269
28 276
28 306
28 318
28 324
28 334
28 338
28 360
28 379
28 414
28 461
28 467
28 507
28 535
28 538
28 556
28 571
28 583
28 600
28 613
28 669
28 678
28 791
28 840
28 858
28 930
28 963
28 971
28 973
29 40
29 48
29 54
29 55
29 62
29 94
29 117
29 122
29 144
29 149
29 166
29 188
29 216
29 222
29 227
29 257
29 302
29 303
29 368
29 413
29 433
29 461
29 484
29 499
29 600
29 613
29 617
29 623
29 627
29 644
29 685
29 757
29 939
29 1011
30 33
30 35
30 44
30 49
30 50
30 54
30 55
30 57
30 59
30 63
30 65
30 66
30 74
30 76
30 82
30 89
30 90
30 100
30 104
30 107
30 119
30 121
30 143
30 150
30 157
30 163
30 166
30 170
30 179
30 183
30 184
30 186
30 197
30 200
30 202
30 211
30 249
30 252
30 255
30 279
30 285
30 296
30 298
30 305
30 309
30 334
30 335
30 340
30 346
30 375
30 454
30 459
30 479
30 483
30 488
30 504
30 534
30 574
30 583
30 585
30 595
30 598
30 623
30 666
30 667
30 820
30 840
30 846
30 849
30 851
30 874
30 875
30 878
30 880
30 895
30 918
30 953
30 970
30 987
30 992
30 1010
30 1019
30 1023
31 45
31 49
31 51
31 53
31 58
31 59
31 71
31 95
31 97
31 99
31 102
31 117
31 161
31 162
31 168
31 172
31 183
31 201
31 202
31 240
31 264
31 295
31 305
31 321
31 329
31 346
31 365
31 372
31 418
31 432
31 437
31 441
31 503
31 531
31 535
31 567
31 591
31 617
31 620
31 668
31 673
31 687
31 749
31 799
31 804
31 808
31 818
31 854
31 887
31 888
31 893
31 897
31 927
31 976
31 1022
32 41
32 53
32 61
32 64
32 68
32 71
32 72
32 74
32 76
32 77
32 91
32 98
32 109
32 145
32 156
32 191
32 192
32 204
32 206
32 208
32 215
32 225
32 239
32 242
32 247
32 251
32 253
32 268
32 270
32 278
32 289
32 306
32 317
32 323
32 329
32 340
32 362
32 363
32 377
32 378
32 386
32 389
32 391
32 396
32 437
32 440
32 444
32 561
32 573
32 597
32 599
32 640
32 644
32 654
32 658
32 722
32 728
32 754
32 818
32 888
32 889
32 900
32 911
32 914
32 918
32 931
32 1002
32 1018
33 39
33 67
33 89
33 108
33 119
33 135
33 145
33 153
33 181
33 232
33 310
33 346
33 428
33 447
33 460
33 566
33 706
33 851
33 854
33 898
33 979
33 1010
34 58
34 93
34 114
34 118
34 183
34 194
34 219
34 241
34 331
34 384
34 409
34 452
34 536
34 577
34 600
34 624
34 642
34 723
34 752
34 755
34 810
34 824
34 827
34 863
34 891
34 916
34 929
34 961
34 981
34 984
35 47
35 56
35 61
35 64
35 71
35 77
35 85
35 91
35 130
35 192
35 261
35 274
35 289
35 316
35 317
35 319
35 334
35 339
35 358
35 365
35 430
35 494
35 529
35 660
35 671
35 682
35 768
35 944
35 956
35 958
35 972
36 37
36 48
36 52
36 70
36 71
36 73
36 83
36 91
36 95
36 107
36 153
36 172
36 173
36 202
36 203
36 210
36 213
36 240
36 251
36 253
36 285
36 291
36 314
36 326
36 327
36 347
36 356
36 364
36 368
36 428
36 442
36 472
36 475
36 485
36 497
36 507
36 515
36 527
36 540
36 549
36 586
36 596
36 615
36 664
36 665
36 772
36 792
36 813
36 817
36 899
36 924
36 960
36 1021
37 48
37 51
37 62
37 76
37 79
37 81
37 108
37 109
37 134
37 136
37 142
37 155
37 179
37 193
37 209
37 226
37 233
37 268
37 272
37 285
37 287
37 292
37 299
37 338
37 342
37 355
37 356
37 380
37 383
37 453
37 456
37 458
37 464
37 483
37 485
37 509
37 516
37 553
37 563
37 683
37 688
37 712
37 713
37 717
37 723
37 768
37 795
37 843
37 886
37 1012
38 41
38 46
38 47
38 56
38 60
38 67
38 74
38 92
38 99
38 104
38 107
38 114
38 119
38 122
38 124
38 129
38 175
38 209
38 271
38 273
38 285
38 293
38 297
38 299
38 321
38 324
38 328
38 413
38 414
38 418
38 424
38 457
38 493
38 503
38 551
38 565
38 585
38 592
38 611
38 635
38 645
38 647
38 716
38 722
38 806
38 854
38 963
39 100
39 102
39 177
39 182
39 209
39 229
39 267
39 272
39 335
39 413
39 447
39 451
39 494
39 590
39 637
39 680
39 731
39 746
39 786
39 984
39 991
40 55
40 57
40 59
40 60
40 72
40 96
40 101
40 118
40 127
40 128
40 134
40 160
40 188
40 212
40 290
40 291
40 299
40 338
40 380
40 406
40 465
40 486
40 605
40 608
40 621
40 656
40 844
40 914
40 959
40 981
41 46
41 48
41 50
41 52
41 56
41 57
41 58
41 63
41 69
41 79
41 96
41 111
41 118
41 137
41 145
41 181
41 229
41 268
41 317
41 401
41 468
41 509
41 525
41 528
41 543
41 620
41 637
41 650
41 661
41 670
41 681
41 757
42 45
42 52
42 61
42 70
42 73
42 77
42 79
42 86
42 93
42 95
42 99
42 102
42 118
42 133
42 156
42 162
42 164
42 203
42 249
42 266
42 275
42 284
42 323
42 338
42 367
42 396
42 440
42 451
42 459
42 460
42 473
42 600
42 603
42 608
42 634
42 643
42 678
42 715
42 727
42 855
42 872
42 909
42 941
42 957
42 961
42 973
42 980
43 44
43 46
43 47
43 48
43 49
43 74
43 77
43 78
43 94
43 112
43 171
43 233
43 272
43 281
43 351
43 352
43 354
43 359
43 376
43 381
43 386
43 419
43 478
43 559
43 565
43 608
43 629
43 662
43 729
43 760
43 882
43 894
43 898
44 50
44 66
44 72
44 112
44 134
44 141
44 145
44 151
44 163
44 224
44 240
44 257
44 265
44 279
44 284
44 293
44 300
44 304
44 306
44 436
44 629
44 632
44 800
44 845
44 861
44 921
45 51
45 64
45 65
45 68
45 71
45 73
45 75
45 87
45 110
45 127
45 160
45 174
45 175
45 205
45 244
45 255
45 275
45 311
45 320
45 355
45 360
45 361
45 398
45 400
45 428
45 594
45 595
45 606
45 615
45 647
45 693
45 717
45 736
45 753
45 775
45 824
45 829
45 853
45 859
45 873
45 941
45 974
46 74
46 97
46 105
46 106
46 123
46 127
46 138
46 148
46 167
46 178
46 191
46 194
46 221
46 243
46 274
46 284
46 288
46 333
46 370
46 422
46 433
46 434
46 446
46 448
46 539
46 563
46 564
46 591
46 698
46 723
46 748
46 804
46 901
46 944
46 1002
47 54
47 97
47 101
47 151
47 231
47 235
47 253
47 309
47 352
47 362
47 384
47 422
47 432
47 442
47 477
47 638
47 649
47 695
47 705
47 720
47 761
47 928
47 939
47 941
47 990
48 54
48 59
48 70
48 78
48 80
48 84
48 86
48 102
48 124
48 138
48 186
48 196
48 207
48 240
48 311
48 336
48 341
48 369
48 379
48 454
48 494
48 524
48 530
48 533
48 600
48 604
48 630
48 658
48 706
48 707
48 721
48 722
48 748
48 821
48 829
48 832
48 859
48 872
48 909
48 957
48 986
49 58
49 64
49 65
49 67
49 73
49 79
49 83
49 86
49 100
49 103
49 107
49 123
49 126
49 141
49 152
49 210
49 221
49 232
49 233
49 262
49 321
49 372
49 377
49 388
49 432
49 446
49 465
49 483
49 524
49 549
49 591
49 607
49 613
49 633
49 665
49 687
49 696
49 741
49 780
49 794
49 859
49 888
49 961
49 997
49 1005
49 1015
50 68
50 78
50 84
50 105
50 119
50 126
50 143
50 144
50 168
50 198
50 205
50 220
50 255
50 316
50 320
50 352
50 363
50 391
50 408
50 427
50 496
50 532
50 579
50 660
50 669
50 688
50 792
50 853
50 913
50 955
50 991
50 1006
50 1007
50 1012
50 1015
51 68
51 92
51 101
51 103
51 110
51 128
51 137
51 139
51 142
51 147
51 148
51 190
51 200
51 222
51 243
51 278
51 284
51 358
51 370
51 372
51 484
51 489
51 508
51 519
51 536
51 549
51 550
51 568
51 574
51 578
51 588
51 633
51 696
51 698
51 876
51 894
51 955
51 956
51 983
51 1015
51 1020
52 53
52 69
52 72
52 89
52 100
52 113
52 143
52 146
52 203
52 218
52 221
52 229
52 235
52 245
52 262
52 279
52 290
52 299
52 312
52 329
52 333
52 368
52 375
52 410
52 499
52 500
52 517
52 521
52 593
52 621
52 662
52 702
52 725
52 832
52 839
52 855
52 927
52 990
53 64
53 76
53 78
53 80
53 81
53 83
53 91
53 109
53 124
53 125
53 132
53 138
53 140
53 165
53 174
53 182
53 195
53 196
53 220
53 234
53 235
53 254
53 273
53 276
53 286
53 291
53 325
53 356
53 381
53 411
53 453
53 486
53 505
53 553
53 589
53 592
53 593
53 596
53 597
53 612
53 628
53 629
53 640
53 690
53 734
53 736
53 743
53 806
53 842
53 857
53 900
53 996
54 65
54 93
54 103
54 129
54 148
54 169
54 200
54 233
54 239
54 248
54 259
54 269
54 283
54 326
54 338
54 363
54 366
54 371
54 382
54 427
54 457
54 516
54 545
54 687
54 690
54 737
54 741
54 759
54 787
54 825
54 946
55 61
55 87
55 88
55 103
55 124
55 135
55 136
55 140
55 145
55 205
55 238
55 264
55 279
55 282
55 301
55 311
55 375
55 387
55 408
55 433
55 440
55 443
55 491
55 512
55 514
55 522
55 532
55 578
55 613
55 622
55 718
55 719
55 729
55 738
55 783
55 824
55 880
55 907
55 1003
56 59
56 89
56 96
56 101
56 114
56 142
56 147
56 157
56 195
56 200
56 257
56 262
56 301
56 306
56 313
56 374
56 403
56 416
56 435
56 441
56 454
56 462
56 478
56 481
56 488
56 520
56 529
56 576
56 601
56 668
56 685
56 697
56 744
56 772
56 804
56 889
56 897
57 61
57 62
57 64
57 67
57 69
57 76
57 88
57 102
57 115
57 123
57 138
57 201
57 234
57 244
57 248
57 253
57 309
57 418
57 432
57 444
57 518
57 524
57 543
57 554
57 605
57 705
57 715
57 751
57 784
57 840
57 902
57 958
57 972
57 977
58 59
58 60
58 66
58 71
58 73
58 85
58 105
58 130
58 168
58 169
58 183
58 219
58 225
58 310
58 324
58 344
58 383
58 393
58 395
58 501
58 597
58 621
58 623
58 677
58 719
58 740
58 746
58 788
58 792
58 809
58 818
58 919
58 926
58 954
58 983
58 1002
59 98
59 101
59 104
59 108
59 118
59 124
59 160
59 173
59 184
59 185
59 198
59 239
59 243
59 254
59 293
59 370
59 423
59 486
59 601
59 671
59 700
59 725
59 733
59 780
59 865
59 944
59 947
59 958
60 63
60 71
60 75
60 78
60 98
60 99
60 115
60 119
60 175
60 208
60 248
60 323
60 334
60 348
60 385
60 433
60 462
60 463
60 491
60 521
60 532
60 565
60 599
60 633
60 652
60 653
60 686
60 690
60 716
60 717
60 779
60 785
60 832
60 849
60 856
60 912
60 935
60 950
61 67
61 70
61 73
61 84
61 109
61 150
61 178
61 181
61 186
61 190
61 200
61 204
61 219
61 248
61 265
61 292
61 303
61 334
61 340
61 410
61 417
61 431
61 449
61 479
61 579
61 593
61 625
61 654
61 655
61 665
61 701
61 715
61 728
61 766
61 783
61 793
61 794
61 847
61 971
61 1018
62 68
62 78
62 84
62 88
62 110
62 129
62 134
62 180
62 232
62 239
62 240
62 250
62 270
62 294
62 307
62 327
62 334
62 390
62 397
62 446
62 498
62 504
62 529
62 581
62 604
62 682
62 712
62 726
62 806
62 858
62 876
62 897
62 979
62 984
62 986
62 1006
63 70
63 71
63 72
63 94
63 157
63 232
63 253
63 280
63 318
63 319
63 337
63 359
63 371
63 389
63 396
63 405
63 420
63 502
63 506
63 509
63 516
63 521
63 550
63 558
63 573
63 603
63 650
63 732
63 764
63 778
63 796
63 884
63 921
63 925
63 942
63 960
63 998
63 1020
64 134
64 160
64 181
64 216
64 246
64 311
64 367
64 414
64 430
64 482
64 492
64 521
64 532
64 552
64 575
64 588
64 598
64 614
64 704
64 733
64 781
65 70
65 88
65 96
65 112
65 115
65 178
65 214
65 232
65 341
65 366
65 455
65 487
65 513
65 530
65 537
65 541
65 543
65 544
65 746
65 821
65 922
65 928
65 950
65 1010
66 75
66 82
66 111
66 201
66 204
66 217
66 218
66 254
66 345
66 410
66 435
66 454
66 488
66 508
66 509
66 580
66 593
66 599
66 605
66 643
66 793
66 825
66 881
66 983
66 988
66 1021
67 96
67 106
67 108
67 109
67 138
67 144
67 199
67 256
67 277
67 308
67 381
67 409
67 450
67 509
67 532
67 660
67 688
67 704
67 707
67 716
67 738
67 759
67 805
67 876
68 69
68 72
68 74
68 75
68 82
68 88
68 90
68 93
68 94
68 125
68 199
68 201
68 203
68 209
68 231
68 283
68 327
68 383
68 398
68 491
68 507
68 622
68 638
68 717
68 725
68 727
68 755
68 785
68 840
68 923
68 940
68 1019
69 74
69 106
69 108
69 121
69 141
69 162
69 167
69 170
69 202
69 264
69 339
69 490
69 521
69 571
69 587
69 611
69 849
69 894
69 913
69 952
69 1020
70 91
70 105
70 148
70 166
70 174
70 220
70 271
70 326
70 331
70 338
70 343
70 421
70 464
70 592
70 594
70 674
70 719
70 751
70 752
70 812
70 898
70 899
70 905
70 1014
71 142
71 153
71 208
71 211
71 215
71 255
71 258
71 409
71 489
71 711
71 752
71 785
71 817
71 875
71 877
71 898
71 922
71 989
72 108
72 131
72 132
72 151
72 154
72 165
72 189
72 332
72 430
72 534
72 572
72 612
72 886
72 895
72 928
73 76
73 84
73 102
73 123
73 125
73 134
73 136
73 152
73 160
73 189
73 193
73 221
73 267
73 359
73 372
73 444
73 449
73 451
73 541
73 549
73 566
73 591
73 593
73 607
73 631
73 640
73 720
73 724
73 730
73 758
73 802
73 828
73 833
73 865
73 901
73 931
73 966
73 982
73 1010
74 100
74 120
74 157
74 215
74 246
74 247
74 361
74 549
75 79
75 93
75 98
75 108
75 116
75 120
75 128
75 162
75 164
75 174
75 273
75 276
75 307
75 316
75 322
75 377
75 536
75 557
75 621
75 626
75 667
75 891
75 937
75 990
75 1016
76 80
76 87
76 95
76 100
76 109
76 119
76 133
76 144
76 150
76 178
76 182
76 195
76 254
76 265
76 269
76 302
76 367
76 386
76 492
76 529
76 585
76 589
76 653
76 665
76 728
76 777
76 794
76 848
76 955
77 81
77 129
77 246
77 321
77 520
77 652
77 700
77 784
77 796
77 813
77 844
77 890
77 995
78 96
78 119
78 227
78 268
78 283
78 325
78 495
78 502
78 517
78 714
78 778
78 924
78 1006
79 82
79 89
79 91
79 97
79 179
79 238
79 273
79 403
79 439
79 443
79 487
79 500
79 545
79 744
79 745
79 911
80 110
80 118
80 128
80 130
80 155
80 184
80 191
80 214
80 228
80 266
80 279
80 285
80 288
80 294
80 302
80 312
80 325
80 361
80 406
80 511
80 528
80 536
80 573
80 593
80 643
80 702
80 799
80 868
80 882
80 929
80 939
81 82
81 84
81 87
81 227
81 265
81 344
81 368
81 585
81 724
81 816
81 829
82 83
82 94
82 142
82 226
82 230
82 231
82 264
82 265
82 305
82 322
82 361
82 463
82 583
82 604
82 617
82 939
83 96
83 103
83 105
83 111
83 113
83 115
83 130
83 143
83 198
83 203
83 260
83 281
83 309
83 412
83 414
83 465
83 504
83 626
83 652
83 677
83 687
83 698
83 708
83 763
83 831
83 871
83 962
84 85
84 99
84 145
84 165
84 188
84 189
84 214
84 217
84 220
84 228
84 236
84 238
84 292
84 305
84 339
84 341
84 370
84 399
84 402
84 439
84 469
84 474
84 515
84 528
84 535
84 562
84 579
84 602
84 659
84 779
84 850
84 862
84 889
84 946
84 967
84 976
84 979
84 1007
85 98
85 108
85 160
85 176
85 206
85 233
85 259
85 271
85 290
85 303
85 454
85 470
85 486
85 490
85 493
85 674
85 709
85 739
85 758
85 805
85 861
85 875
85 920
85 1008
85 1016
86 103
86 104
86 118
86 214
86 223
86 264
86 285
86 292
86 303
86 304
86 313
86 351
86 369
86 378
86 407
86 410
86 517
86 571
86 577
86 622
86 629
86 710
86 733
86 793
86 796
86 830
86 877
86 980
86 1003
87 90
87 93
87 116
87 126
87 135
87 152
87 176
87 187
87 204
87 216
87 231
87 233
87 235
87 246
87 266
87 282
87 386
87 393
87 394
87 445
87 531
87 562
87 563
87 595
87 638
87 675
87 709
87 727
87 741
87 743
87 748
87 769
87 842
87 859
87 863
87 885
87 923
87 1005
88 97
88 100
88 128
88 130
88 158
88 161
88 180
88 181
88 186
88 187
88 192
88 208
88 236
88 237
88 287
88 298
88 302
88 314
88 328
88 346
88 365
88 404
88 415
88 417
88 433
88 450
88 546
88 567
88 662
88 672
88 743
88 745
88 820
88 871
88 970
89 99
89 103
89 105
89 113
89 150
89 169
89 195
89 202
89 230
89 234
89 256
89 260
89 317
89 331
89 339
89 343
89 371
89 376
89 394
89 402
89 415
89 416
89 422
89 455
89 502
89 567
89 570
89 578
89 693
89 749
89 754
89 786
89 835
89 855
89 952
90 126
90 136
90 143
90 173
90 197
90 206
90 283
90 302
90 443
90 500
90 505
90 532
90 636
90 647
90 649
90 696
90 725
91 92
91 98
91 99
91 125
91 131
91 150
91 155
91 217
91 234
91 251
91 259
91 285
91 294
91 296
91 304
91 344
91 393
91 407
91 423
91 432
91 453
91 469
91 481
91 498
91 503
91 510
91 513
91 540
91 629
91 655
91 683
91 744
91 751
91 752
91 764
91 767
91 863
91 864
91 867
91 914
91 961
91 965
92 105
92 106
92 127
92 129
92 159
92 185
92 197
92 234
92 299
92 306
92 318
92 321
92 357
92 364
92 399
92 400
92 427
92 463
92 477
92 509
92 522
92 529
92 542
92 565
92 575
92 625
92 653
92 691
92 718
92 729
92 733
92 782
92 806
92 809
92 836
92 883
92 936
92 1011
93 121
93 122
93 131
93 142
93 179
93 224
93 236
93 251
93 377
93 532
93 566
93 577
93 610
93 697
93 719
93 755
93 832
93 959
94 125
94 128
94 145
94 163
94 209
94 324
94 358
94 421
94 464
94 475
94 539
94 545
94 611
94 638
94 663
94 700
94 703
94 763
94 829
94 844
94 931
95 127
95 144
95 148
95 151
95 158
95 161
95 164
95 172
95 213
95 241
95 245
95 247
95 255
95 288
95 335
95 342
95 354
95 382
95 405
95 440
95 445
95 463
95 477
95 481
95 510
95 569
95 584
95 598
95 603
95 608
95 612
95 666
95 673
95 690
95 743
95 765
95 771
95 795
95 842
95 851
95 883
95 956
95 957
95 958
95 974
95 1008
96 107
96 112
96 120
96 156
96 190
96 266
96 298
96 301
96 306
96 360
96 364
96 425
96 439
96 452
96 489
96 506
96 530
96 541
96 543
96 553
96 623
96 663
96 675
96 713
96 745
96 799
96 826
96 884
96 990
97 161
97 209
97 238
97 264
97 311
97 317
97 402
97 563
97 644
97 678
97 681
97 684
97 689
98 132
98 162
98 267
98 272
98 303
98 313
98 351
98 434
98 453
98 539
98 589
98 753
98 807
98 982
98 995
99 104
99 141
99 152
99 232
99 258
99 295
99 308
99 383
99 414
99 471
99 603
99 605
99 632
99 686
99 912
100 110
100 111
100 151
100 158
100 215
100 254
100 288
100 346
100 357
100 394
100 396
100 401
100 414
100 462
100 494
100 560
100 588
100 606
100 628
100 633
100 669
100 682
100 693
100 740
100 816
100 821
100 831
100 889
100 928
100 951
100 977
100 983
101 107
101 113
101 118
101 141
101 176
101 177
101 208
101 230
101 286
101 331
101 344
101 365
101 367
101 374
101 387
101 393
101 394
101 462
101 518
101 566
101 570
101 578
101 594
101 605
101 628
101 663
101 674
101 706
101 736
101 760
101 835
101 843
102 112
102 132
102 155
102 164
102 170
102 171
102 221
102 230
102 352
102 401
102 412
102 504
102 514
102 573
102 626
102 684
102 778
102 791
102 962
103 110
103 143
103 152
103 211
103 215
103 259
103 285
103 289
103 319
103 384
103 457
103 492
103 574
103 576
103 578
103 648
103 669
103 672
103 760
103 847
103 976
103 995
104 146
104 177
104 244
104 245
104 331
104 360
104 370
104 373
104 392
104 457
104 463
104 656
104 688
104 750
104 774
104 816
104 861
104 864
104 902
104 953
104 994
104 1004
104 1008
105 121
105 154
105 277
105 287
105 337
105 363
105 405
105 443
105 500
105 568
105 660
105 674
105 760
105 791
105 799
105 811
105 827
105 836
105 847
105 952
105 968
105 994
106 120
106 132
106 154
106 176
106 188
106 194
106 230
106 242
106 250
106 293
106 314
106 320
106 434
106 478
106 526
106 561
106 597
106 642
106 757
106 758
106 777
106 798
106 814
106 916
106 922
106 988
106 995
107 114
107 179
107 181
107 219
107 288
107 481
107 610
107 689
107 810
108 117
108 120
108 140
108 159
108 205
108 224
108 263
108 367
108 480
108 572
108 620
108 759
108 802
108 866
108 874
109 122
109 123
109 131
109 133
109 142
109 158
109 200
109 203
109 221
109 229
109 234
109 243
109 249
109 287
109 299
109 318
109 350
109 355
109 389
109 392
109 437
109 557
109 589
109 599
109 601
109 625
109 645
109 675
109 690
109 756
109 795
109 799
109 845
109 891
109 906
109 930
110 131
110 133
110 138
110 154
110 169
110 248
110 258
110 380
110 475
110 555
110 564
110 569
110 582
110 590
110 626
110 632
110 737
110 746
110 783
110 838
110 859
110 948
110 974
110 991
110 1011
110 1016
111 146
111 163
111 179
111 195
111 263
111 286
111 304
111 331
111 334
111 362
111 392
111 396
111 708
111 761
111 981
112 158
112 171
112 240
112 258
112 397
112 419
112 422
112 475
112 490
112 637
112 898
113 149
113 166
113 172
113 182
113 198
113 218
113 320
113 322
113 337
113 401
113 407
113 447
113 453
113 519
113 543
113 570
113 575
113 623
113 695
113 835
113 873
114 116
114 149
114 152
114 160
114 166
114 257
114 310
114 312
114 345
114 363
114 383
114 435
114 661
114 665
114 742
114 817
114 841
114 861
114 862
114 901
114 903
114 912
114 943
114 971
114 1015
115 132
115 146
115 153
115 161
115 207
115 213
115 222
115 226
115 279
115 295
115 297
115 314
115 318
115 323
115 353
115 378
115 385
115 399
115 430
115 435
115 460
115 549
115 587
115 596
115 615
115 621
115 656
115 663
115 697
115 702
115 744
115 788
115 809
115 817
115 857
115 890
115 907
115 942
115 959
115 967
115 968
116 134
116 184
116 222
116 250
116 275
116 316
116 329
116 330
116 390
116 491
116 565
116 587
116 691
116 697
116 775
116 811
116 874
116 876
116 949
116 961
116 965
116 968
116 1021
117 120
117 136
117 140
117 141
117 164
117 169
117 193
117 194
117 196
117 211
117 212
117 213
117 246
117 262
117 272
117 276
117 293
117 296
117 301
117 302
117 336
117 341
117 357
117 368
117 372
117 379
117 388
117 389
117 393
117 420
117 447
117 508
117 514
117 524
117 574
117 595
117 647
117 649
117 666
117 703
117 768
117 773
117 777
117 785
117 791
117 816
117 855
117 897
117 939
117 949
117 963
117 969
117 970
117 998
118 126
118 146
118 167
118 182
118 276
118 304
118 312
118 326
118 360
118 378
118 399
118 438
118 455
118 467
118 476
118 495
118 518
118 619
118 620
118 623
118 636
118 689
118 694
118 719
118 785
118 962
118 964
119 158
119 169
119 180
119 264
119 308
119 459
119 503
119 726
119 760
119 778
119 983
119 999
120 148
120 179
120 207
120 220
120 304
120 508
120 560
120 616
120 675
120 754
120 833
120 970
121 122
121 139
121 148
121 217
121 286
121 299
121 422
121 431
121 504
121 525
121 542
121 553
121 561
121 590
121 624
121 682
121 742
121 746
121 768
121 805
121 872
121 907
121 922
122 125
122 227
122 236
122 239
122 256
122 259
122 273
122 280
122 283
122 286
122 297
122 310
122 345
122 375
122 399
122 401
122 440
122 444
122 494
122 556
122 609
122 619
122 639
122 700
122 789
122 813
122 899
122 916
122 953
122 982
122 985
123 137
123 149
123 163
123 203
123 204
123 207
123 229
123 242
123 483
123 519
123 612
123 655
123 873
123 967
123 1010
124 133
124 160
124 179
124 210
124 314
124 343
124 395
124 597
124 822
124 826
124 890
124 945
124 950
125 188
125 202
125 260
125 261
125 333
125 337
125 340
125 370
125 429
125 542
125 547
125 610
125 645
125 787
125 820
125 877
125 907
125 1012
126 127
126 149
126 187
126 234
126 239
126 268
126 315
126 329
126 347
126 434
126 441
126 464
126 564
126 794
126 863
126 874
126 884
127 147
127 154
127 204
127 299
127 352
127 406
127 503
127 599
127 639
127 640
127 658
127 845
128 165
128 294
128 325
128 348
128 387
128 426
128 548
128 999
129 150
129 164
129 185
129 194
129 237
129 244
129 288
129 368
129 441
129 537
129 554
129 848
129 850
129 851
129 854
129 1004
130 150
130 190
130 209
130 212
130 226
130 254
130 278
130 284
130 290
130 337
130 351
130 456
130 472
130 473
130 476
130 494
130 500
130 575
130 579
130 606
130 620
130 716
130 791
130 820
130 858
130 893
130 896
131 155
131 168
131 213
131 260
131 403
131 459
131 460
131 547
131 604
131 607
131 614
131 660
131 690
131 883
131 940
131 992
132 144
132 174
132 196
132 220
132 254
132 318
132 339
132 362
132 372
132 407
132 466
132 470
132 499
132 504
132 568
132 602
132 643
132 733
132 783
132 807
132 814
133 166
133 172
133 216
133 218
133 235
133 242
133 340
133 582
133 957
134 135
134 170
134 172
134 183
134 237
134 287
134 350
134 429
134 431
134 534
134 555
134 565
134 692
134 748
134 883
134 890
134 909
135 155
135 193
135 216
135 219
135 226
135 245
135 256
135 282
135 344
135 385
135 428
135 445
135 505
135 513
135 527
135 620
135 628
135 661
135 732
135 766
135 790
135 816
135 863
135 989
136 146
136 296
136 332
136 408
136 486
136 517
136 560
136 754
136 771
136 880
136 897
136 942
137 168
137 171
137 176
137 184
137 195
137 250
137 303
137 307
137 453
137 747
137 778
137 987
138 139
138 181
138 190
138 195
138 230
138 242
138 375
138 462
138 594
138 598
138 679
138 748
138 836
139 165
139 171
139 217
139 230
139 292
139 316
139 341
139 373
139 394
139 486
139 499
139 617
139 638
139 743
139 800
139 998
140 151
140 208
140 214
140 225
140 250
140 257
140 272
140 307
140 334
140 404
140 427
140 438
140 455
140 471
140 489
140 540
140 558
140 570
140 632
140 664
140 742
140 858
140 918
140 993
141 145
141 156
141 162
141 172
141 203
141 204
141 208
141 261
141 320
141 330
141 342
141 400
141 408
141 428
141 679
141 685
141 697
141 803
141 918
141 982
142 178
142 182
142 207
142 223
142 359
142 503
142 587
142 605
142 687
142 721
142 723
142 735
142 978
143 149
143 190
143 224
143 319
143 473
143 479
143 639
143 834
143 845
143 869
143 969
144 169
144 177
144 183
144 205
144 212
144 214
144 230
144 245
144 263
144 322
144 324
144 365
144 372
144 439
144 475
144 500
144 506
144 542
144 612
144 629
144 664
144 704
144 727
144 790
144 812
144 886
144 888
144 896
144 904
144 991
145 148
145 162
145 172
145 194
145 206
145 210
145 243
145 258
145 262
145 297
145 412
145 448
145 462
145 470
145 477
145 571
145 573
145 581
145 588
145 589
145 610
145 613
145 615
145 659
145 680
145 687
145 752
145 762
145 790
145 830
145 903
145 906
145 936
145 1017
146 292
146 336
146 431
146 464
146 467
146 525
146 583
146 640
146 658
146 698
146 705
146 724
146 792
146 949
147 166
147 300
147 303
147 390
147 405
147 447
147 547
147 552
147 659
147 661
147 676
147 708
147 778
147 801
147 875
147 956
148 196
148 212
148 220
148 263
148 302
148 307
148 308
148 321
148 323
148 331
148 380
148 426
148 447
148 486
148 493
148 519
148 584
148 639
148 657
148 738
148 811
148 855
148 860
148 911
148 937
148 962
148 974
148 984
149 156
149 158
149 229
149 241
149 300
149 325
149 374
149 458
149 490
149 497
149 511
149 512
149 517
149 533
149 579
149 626
149 642
149 670
149 674
149 726
149 733
149 794
150 180
150 216
150 309
150 453
150 456
150 719
150 753
150 796
151 153
151 184
151 325
151 348
151 390
151 442
151 478
151 535
151 546
151 557
151 650
151 691
151 836
151 841
152 246
152 257
152 278
152 354
152 436
152 502
152 551
152 587
152 594
152 619
152 645
152 657
152 695
152 713
152 716
152 781
152 792
152 804
152 823
152 930
152 976
153 167
153 189
153 226
153 231
153 251
153 262
153 274
153 326
153 332
153 349
153 353
153 354
153 424
153 431
153 474
153 576
153 636
153 780
153 796
153 910
153 1018
154 168
154 219
154 223
154 238
154 245
154 262
154 307
154 326
154 330
154 445
154 458
154 474
154 496
154 536
154 557
154 647
154 674
154 704
154 737
154 748
154 751
154 779
154 784
154 907
154 943
154 975
154 1004
155 198
155 225
155 246
155 400
155 444
155 573
155 671
155 691
155 712
155 782
155 789
155 848
155 887
155 963
156 209
156 219
156 326
156 333
156 338
156 534
157 237
157 293
157 301
157 332
157 369
157 388
157 391
157 409
157 644
157 830
157 984
158 275
158 308
158 369
158 398
158 475
158 533
158 558
158 622
158 671
158 785
158 920
159 176
159 208
159 314
159 323
159 344
159 373
159 408
159 532
159 560
159 659
159 740
159 750
159 817
159 908
159 939
159 945
159 999
160 194
160 201
160 376
160 526
160 663
160 711
160 811
160 822
160 1008
160 1017
161 169
161 186
161 347
161 546
161 600
161 858
161 896
161 932
161 938
162 619
163 234
163 236
163 241
163 257
163 267
163 287
163 530
163 564
163 579
163 624
163 629
163 638
163 660
163 802
163 895
164 214
164 237
164 240
164 355
164 428
164 447
164 455
164 466
164 534
164 774
164 885
164 913
165 239
165 271
165 278
165 300
165 355
165 359
165 370
165 411
165 452
165 497
165 522
165 535
165 570
165 586
165 592
165 644
165 694
165 710
165 842
165 885
165 896
165 947
166 168
166 183
166 193
166 320
166 336
166 342
166 468
166 483
166 768
166 798
166 941
167 187
167 259
167 292
167 483
167 493
167 527
167 541
167 551
167 598
167 636
167 742
167 875
167 882
167 951
168 183
168 187
168 189
168 382
168 412
168 697
168 751
168 773
168 943
168 1016
169 185
169 191
169 327
169 328
169 349
169 351
169 395
169 417
169 461
169 542
169 554
169 591
169 603
169 726
169 730
169 892
169 956
170 176
170 204
170 214
170 215
170 217
170 304
170 400
170 442
170 471
170 476
170 490
170 618
170 716
170 776
170 801
170 852
170 858
170 859
170 1015
170 1016
171 213
171 223
171 300
171 382
171 405
171 455
171 503
171 760
171 768
171 781
171 839
171 942
171 975
172 242
172 287
172 313
172 366
172 378
172 379
172 382
172 417
172 419
172 446
172 541
172 630
172 636
172 791
172 820
172 839
172 911
172 936
172 1021
173 190
173 200
173 225
173 350
173 428
173 582
173 667
173 681
173 687
173 767
173 810
174 241
174 273
174 274
174 373
174 376
174 391
174 426
174 440
174 530
174 576
174 580
174 593
174 614
174 699
174 733
174 815
174 880
174 934
175 193
175 280
175 283
175 284
175 541
175 573
175 582
175 763
175 907
176 254
176 328
176 367
176 440
176 865
176 903
176 933
177 236
177 356
177 385
177 492
177 531
177 587
177 594
177 763
177 775
177 1020
178 202
178 210
178 227
178 366
178 460
178 679
178 797
178 875
178 883
178 975
178 980
178 990
178 995
178 1023
179 192
179 193
179 198
179 207
179 269
179 295
179 409
179 512
179 649
179 656
179 670
179 676
179 677
179 733
179 806
179 816
179 857
179 967
180 223
180 260
180 306
180 330
180 349
180 372
180 434
180 501
180 512
180 520
180 555
180 572
180 584
180 616
180 876
180 909
180 937
181 188
181 274
181 289
181 292
181 467
181 540
181 558
181 628
181 657
181 784
181 818
181 830
181 963
181 974
181 984
181 1004
181 1017
182 282
182 294
182 332
182 395
182 462
182 481
182 496
182 556
182 686
182 727
182 758
182 996
183 212
183 231
183 232
183 297
183 501
183 548
183 572
183 664
183 694
183 976
183 1012
183 1021
184 197
184 207
184 226
184 237
184 248
184 249
184 367
184 405
184 430
184 431
184 456
184 458
184 554
184 611
184 625
184 631
184 634
184 685
184 877
184 914
184 992
184 999
185 311
185 352
185 380
185 418
185 611
185 625
185 697
185 718
185 736
185 776
186 226
186 294
186 305
186 317
186 342
186 547
186 826
186 905
186 906
187 209
187 319
187 364
187 371
187 381
187 427
187 448
187 472
187 580
187 584
187 602
187 637
187 645
187 672
187 756
187 800
187 854
187 893
187 907
187 1006
188 211
188 247
188 465
188 468
188 471
188 726
188 805
188 914
188 984
188 1005
188 1011
189 210
189 266
189 322
189 327
189 345
189 553
189 619
189 693
189 735
190 268
190 354
190 378
190 382
190 388
190 389
190 395
190 442
190 446
190 522
190 558
190 590
190 618
190 642
190 653
190 679
190 834
190 855
191 196
191 202
191 215
191 221
191 271
191 272
191 459
191 515
191 547
191 588
191 596
191 606
191 689
191 888
191 930
191 937
191 987
192 194
192 246
192 247
192 266
192 313
192 346
192 357
192 376
192 462
192 467
192 544
192 562
192 647
192 747
192 750
192 869
192 876
192 981
193 328
193 354
193 361
193 375
193 387
193 776
194 206
194 222
194 234
194 243
194 266
194 306
194 338
194 366
194 440
194 479
194 502
194 516
194 564
194 581
194 640
194 780
194 866
194 878
194 938
194 944
195 213
195 224
195 226
195 240
195 253
195 295
195 320
195 369
195 374
195 401
195 406
195 425
195 429
195 477
195 517
195 543
195 669
195 703
195 735
196 322
196 398
196 469
196 474
196 560
196 641
196 740
196 1015
197 260
197 271
197 355
197 385
197 413
197 439
197 473
197 567
197 625
197 705
197 810
197 857
197 935
197 954
197 1003
198 393
198 430
198 730
198 779
199 249
199 256
199 313
199 316
199 353
199 383
199 433
199 437
199 439
199 477
199 847
199 853
199 978
199 1019
200 207
200 225
200 228
200 235
200 245
200 256
200 259
200 267
200 329
200 339
200 347
200 362
200 397
200 436
200 484
200 508
200 510
200 559
200 576
200 823
200 958
200 969
200 990
200 1004
200 1013
201 223
201 228
201 250
201 416
201 424
201 485
201 588
201 650
201 759
201 762
201 819
201 849
201 895
201 985
202 260
202 602
202 720
203 210
203 276
203 308
203 320
203 345
203 401
203 496
203 511
203 585
203 605
203 631
203 648
203 967
203 969
203 993
204 212
204 238
204 339
204 353
204 425
204 448
204 637
204 737
204 798
204 923
204 931
205 211
205 345
205 349
205 378
205 381
205 415
205 490
205 503
205 544
205 581
205 652
205 659
205 666
205 707
205 777
205 813
205 828
205 832
205 867
205 920
205 959
206 255
206 269
206 276
206 311
206 467
206 472
206 501
206 603
206 625
206 627
206 730
207 289
207 379
207 522
207 673
207 1010
208 223
208 227
208 243
208 270
208 288
208 323
208 333
208 338
208 366
208 452
208 493
208 571
208 583
208 631
208 906
209 220
209 272
209 336
209 654
209 790
209 838
209 876
210 489
210 519
210 561
210 672
210 679
210 695
210 711
210 872
211 282
211 298
211 304
211 371
211 443
211 476
211 634
211 648
211 651
211 848
211 849
211 899
212 283
212 344
212 364
212 419
212 529
212 551
212 561
212 572
212 668
212 676
212 709
212 731
212 784
212 793
212 808
212 845
212 917
212 986
213 298
213 332
213 513
213 586
213 708
213 812
213 836
213 861
213 897
213 903
213 908
213 973
213 980
214 517
214 643
214 675
214 732
214 1006
215 228
215 353
215 466
215 608
215 651
215 678
215 699
215 746
215 886
215 958
215 1003
216 347
216 348
216 516
216 551
216 627
216 738
216 789
216 795
216 924
217 222
217 252
217 312
217 408
217 414
217 446
217 533
217 556
217 777
217 898
217 1022
218 241
218 294
218 328
218 515
218 560
218 562
218 592
218 606
218 622
218 843
218 846
218 872
218 880
218 892
218 941
219 227
219 451
219 719
219 746
219 786
219 856
219 892
219 933
220 281
220 301
220 304
220 324
220 394
220 420
220 517
220 538
220 542
220 765
220 798
220 808
220 874
220 969
220 977
221 497
221 566
221 651
221 940
222 261
222 397
222 496
222 548
222 645
222 744
222 757
222 773
222 879
222 977
223 286
223 329
223 343
223 366
223 393
223 397
223 468
223 491
223 551
223 602
223 665
223 854
224 294
224 364
224 395
224 414
224 422
224 515
224 565
224 782
224 789
224 1004
225 635
225 691
225 774
225 936
225 1009
225 1020
225 1022
226 241
226 251
226 252
226 322
226 506
226 520
226 625
226 627
226 728
226 801
226 886
226 966
227 361
227 399
227 592
227 597
227 710
227 728
227 852
227 923
227 964
227 996
228 410
228 473
228 493
228 495
228 497
228 509
228 642
228 712
228 831
228 854
228 855
228 869
228 973
228 981
228 1005
229 259
229 263
229 358
229 383
229 551
229 602
229 666
229 701
229 833
229 918
229 933
229 940
229 965
229 980
230 233
230 249
230 255
230 271
230 357
230 399
230 425
230 441
230 520
230 537
230 680
230 720
230 867
230 902
230 916
230 921
230 1002
231 266
231 397
231 411
231 475
231 544
231 709
231 806
232 261
232 305
232 401
232 402
232 421
232 451
232 557
232 705
232 726
232 834
232 847
232 926
233 237
233 298
233 338
233 385
233 441
233 571
233 638
233 711
233 730
233 901
234 271
234 272
234 335
234 478
234 542
234 649
234 734
234 821
235 243
235 298
235 322
235 545
235 827
235 978
236 463
236 546
236 682
236 734
236 860
237 267
237 384
237 428
237 434
237 449
237 545
237 709
237 732
237 811
237 872
237 944
237 989
237 994
238 251
238 365
238 433
238 544
238 559
238 626
238 767
238 771
238 789
238 879
238 925
239 273
239 340
239 657
239 658
239 670
239 703
239 710
239 874
240 256
240 280
240 348
240 467
240 559
240 580
240 821
240 840
240 909
240 917
240 948
240 1011
241 298
241 358
241 429
241 500
241 693
241 792
242 280
242 318
242 362
242 749
242 926
242 1016
243 515
243 529
243 672
244 318
244 357
244 390
244 472
244 590
244 679
244 692
244 704
244 715
244 762
244 786
244 819
244 953
244 1009
245 271
245 429
245 449
245 496
245 662
245 713
245 823
246 297
246 374
246 388
246 408
246 508
246 511
246 562
246 807
246 841
247 249
247 277
247 315
247 360
247 538
247 559
247 579
247 617
247 756
247 764
247 774
248 739
248 815
248 829
249 301
249 416
249 418
249 523
249 583
249 659
249 731
249 891
249 937
250 289
250 348
250 349
250 412
250 455
250 488
250 537
250 542
250 667
250 669
250 761
250 848
250 849
250 878
250 938
251 310
251 514
251 538
251 575
251 589
251 702
251 761
251 850
251 984
252 261
252 315
252 359
252 384
252 409
252 521
252 523
252 544
252 584
252 621
252 718
252 749
252 766
252 957
252 960
253 357
253 455
253 718
253 881
253 885
254 290
254 311
254 341
254 356
254 386
254 391
254 440
254 469
254 655
254 663
254 781
254 998
255 275
255 295
255 314
255 345
255 346
255 474
255 504
255 811
255 832
255 894
256 263
256 305
256 360
256 365
256 384
256 387
256 438
256 560
256 576
256 630
256 746
256 752
256 755
256 770
256 811
256 823
256 841
256 860
257 343
257 433
257 494
257 716
258 661
258 1006
259 356
259 361
259 420
259 470
259 499
259 546
259 624
259 710
260 380
260 498
260 641
260 754
260 817
261 330
261 369
261 381
261 385
261 516
261 559
261 577
261 742
261 900
261 901
261 921
262 367
262 392
262 714
262 869
263 278
263 312
263 327
263 367
263 389
263 504
263 531
263 535
263 544
263 652
263 674
263 744
263 764
263 775
263 867
263 969
263 989
264 386
264 529
264 753
264 916
264 920
264 987
265 333
265 422
265 448
265 523
265 569
265 597
265 627
265 641
265 699
265 994
266 279
266 305
266 333
266 366
266 421
266 434
266 556
266 643
266 652
266 739
266 817
266 822
266 980
267 294
267 325
267 383
267 396
267 470
267 498
267 516
267 601
267 694
267 731
267 792
267 830
267 856
267 948
268 313
268 474
268 479
268 681
268 695
268 764
268 877
268 887
268 940
269 284
269 304
269 466
269 482
269 520
269 704
269 1013
270 387
270 497
270 518
270 707
270 760
270 780
270 788
270 967
271 286
271 296
271 362
271 444
271 548
271 609
271 616
271 638
271 653
271 684
271 686
271 776
271 804
271 879
271 893
272 289
272 399
272 450
272 458
272 559
272 575
272 749
272 771
273 283
273 718
273 745
273 757
274 284
274 317
274 349
274 526
274 563
274 573
274 691
274 700
274 843
275 317
275 324
275 488
275 505
275 622
275 802
275 908
276 287
276 301
276 336
276 374
276 378
276 391
276 408
276 436
276 476
276 637
276 890
276 931
276 970
276 998
277 392
277 822
277 879
278 404
278 412
278 614
278 630
278 848
278 967
279 421
279 491
279 663
279 674
279 705
279 832
280 358
280 568
280 831
280 916
280 935
281 354
281 369
281 424
281 459
281 470
281 478
281 634
281 645
281 651
281 700
281 919
281 1005
282 312
282 413
282 553
282 567
282 598
282 624
282 640
282 939
283 349
283 354
283 369
283 464
283 522
283 562
283 624
283 632
283 658
283 775
283 781
283 786
283 1007
283 1014
284 300
284 330
284 333
284 370
284 397
284 411
284 416
284 443
284 471
284 493
284 508
284 542
284 827
284 964
284 976
284 1016
284 1017
285 299
285 336
285 630
285 670
285 936
286 295
286 308
286 416
286 461
286 602
286 713
286 719
286 864
286 877
287 441
288 358
288 734
289 368
289 402
289 424
289 461
289 480
289 494
289 498
289 561
289 681
289 769
289 810
289 821
289 895
290 460
290 482
290 677
290 697
290 846
290 936
290 940
291 296
291 595
291 606
291 738
291 864
291 992
292 359
292 438
292 531
292 658
292 664
292 682
292 684
292 871
292 1018
293 309
293 326
293 335
293 392
293 547
293 552
293 569
293 599
293 747
293 812
293 872
294 296
294 337
294 384
294 540
294 621
294 668
294 871
294 944
295 327
295 360
295 366
295 373
295 403
295 418
295 442
295 591
295 609
295 613
295 662
295 735
295 744
295 805
295 808
295 828
295 837
295 882
295 975
295 979
296 363
296 411
296 415
296 555
296 605
296 637
296 747
296 757
296 888
296 925
296 993
297 322
297 451
297 511
297 524
297 648
297 810
297 882
297 883
297 904
297 929
298 641
298 725
298 797
299 379
299 524
299 554
299 851
299 968
299 1001
300 403
300 442
300 522
300 739
300 741
300 892
301 408
301 689
301 763
302 387
302 533
302 545
302 649
302 662
302 694
302 805
302 974
303 341
303 355
303 444
303 465
303 489
303 527
303 535
303 645
303 715
304 351
304 358
304 384
304 407
304 424
304 536
304 608
304 764
305 317
305 323
305 490
305 523
305 547
305 602
305 899
305 917
306 309
306 315
306 344
306 383
306 495
306 507
306 519
306 813
306 968
306 1009
306 1019
307 450
307 480
307 516
307 650
307 785
307 1010
308 413
308 452
308 456
308 473
308 479
308 492
308 502
308 519
308 520
308 521
308 533
308 550
308 614
308 662
308 676
308 753
308 798
308 862
308 913
308 964
308 999
308 1007
309 701
309 756
309 856
310 315
310 322
310 356
310 460
310 596
310 671
310 677
310 822
310 904
310 967
311 330
311 389
311 394
311 704
311 796
311 979
311 988
312 393
312 762
313 373
313 419
313 528
313 594
313 612
313 624
313 652
313 657
313 881
314 327
314 331
314 426
314 495
314 602
314 630
314 760
314 866
315 340
315 363
315 413
315 423
315 453
315 468
315 560
315 600
315 616
315 887
315 888
315 993
316 319
316 352
316 439
316 496
316 548
316 581
316 793
316 859
316 873
316 878
316 893
316 901
316 903
317 417
317 470
317 520
317 763
317 830
317 976
318 492
318 505
318 591
318 699
318 920
319 620
319 934
319 1003
320 529
320 549
320 550
320 568
320 613
320 673
320 676
320 945
320 987
322 330
322 353
322 407
322 444
322 501
322 531
322 759
322 783
322 790
322 798
322 827
322 870
322 909
322 926
323 344
323 464
323 765
323 838
324 342
324 451
324 512
324 523
324 550
324 586
324 701
324 841
324 950
325 344
325 391
325 395
325 606
325 736
325 790
325 969
326 450
326 455
326 528
326 620
326 646
326 740
326 757
326 807
326 813
326 931
326 952
326 1008
327 374
327 396
327 427
327 468
327 583
327 608
327 642
327 694
327 705
327 740
327 895
328 601
328 618
328 655
329 331
329 480
329 595
329 866
329 927
330 375
330 540
330 608
330 664
330 696
330 726
330 765
331 342
331 358
331 406
331 423
331 427
331 510
331 555
331 615
331 1000
331 1001
332 481
332 500
332 674
332 735
332 894
333 368
333 375
333 590
333 632
333 770
333 822
333 867
333 920
333 955
334 407
334 525
334 729
334 779
334 977
335 412
335 437
335 452
335 584
335 627
335 635
335 687
335 708
335 772
335 809
336 469
336 507
336 585
336 650
336 685
336 715
336 754
336 755
336 825
336 974
337 370
337 470
337 545
337 552
337 568
337 607
337 852
337 988
338 536
338 696
338 783
338 798
338 943
339 708
340 379
340 425
340 435
340 457
340 458
340 519
340 552
340 675
340 732
340 775
340 840
340 929
341 402
341 415
341 571
341 585
341 787
342 369
342 442
342 450
342 482
342 539
342 598
342 795
342 865
343 528
343 692
343 823
343 910
344 400
344 457
344 572
344 683
344 709
344 771
344 811
344 829
344 852
345 362
345 446
345 605
345 764
345 838
345 860
345 862
345 924
346 434
346 714
347 366
347 646
347 696
347 712
347 945
348 513
348 514
348 609
348 908
348 960
349 462
349 557
349 616
349 637
349 834
349 871
349 879
349 921
349 951
350 369
350 391
350 408
350 436
350 604
350 725
350 938
351 352
351 402
351 407
351 618
351 825
351 911
351 927
351 999
352 371
352 388
352 471
352 657
352 680
352 881
353 409
353 421
353 429
353 506
353 523
353 717
353 731
353 844
353 916
353 929
353 940
353 951
353 996
354 639
355 426
355 463
355 667
355 705
355 747
355 900
355 975
355 1013
356 359
356 523
356 611
356 734
356 766
356 773
356 870
356 994
357 511
357 544
357 711
357 715
357 746
357 756
357 774
357 808
357 929
357 1011
358 910
359 461
359 750
359 846
359 868
359 881
359 951
359 962
360 438
360 1022
361 490
361 618
361 948
362 372
362 575
362 642
362 712
362 761
362 884
362 891
362 956
363 395
363 420
363 552
363 954
364 519
364 630
364 649
364 714
364 793
364 831
364 932
364 944
364 952
364 1016
365 404
365 558
365 750
365 959
365 997
365 1018
366 400
366 430
366 438
366 512
366 578
366 811
366 833
367 395
367 428
367 437
367 699
367 750
367 764
368 383
368 456
368 546
368 665
368 693
368 706
368 722
368 795
368 796
368 995
369 402
369 729
369 810
369 821
370 419
370 515
370 518
370 617
370 847
370 990
370 996
370 1014
371 487
371 488
371 623
371 772
371 826
371 841
371 1015
372 421
372 461
372 499
372 717
372 734
372 765
372 766
372 783
372 797
372 897
373 391
373 461
373 485
373 524
373 582
373 621
373 627
373 830
374 518
374 530
374 609
374 788
374 842
375 445
375 449
375 555
375 761
375 819
375 828
376 384
376 388
376 391
376 574
376 646
376 923
376 1018
377 381
377 413
377 489
377 946
378 416
378 487
378 726
378 748
378 923
379 406
379 415
379 469
379 482
379 589
379 626
379 635
379 790
379 946
380 556
380 571
380 596
380 972
381 467
382 428
382 480
382 562
382 579
382 675
382 681
382 827
382 831
382 907
383 400
383 425
383 460
383 509
383 518
383 684
383 777
383 856
383 962
384 417
384 446
384 527
384 668
384 670
384 759
384 910
385 514
385 690
386 454
386 476
386 487
386 531
386 552
386 567
386 628
386 873
386 968
387 435
387 451
387 487
387 532
387 573
387 671
387 702
387 728
387 735
387 745
387 824
387 964
388 459
388 471
388 660
388 766
388 856
389 452
389 569
389 576
389 677
389 768
389 772
389 832
389 901
389 968
390 397
390 448
390 802
390 916
391 398
391 431
391 458
391 523
391 660
391 715
391 1007
392 460
392 486
392 586
392 609
392 709
393 396
393 699
393 844
393 868
393 887
393 954
393 1009
394 435
394 534
394 619
394 727
394 850
394 987
395 416
395 531
395 639
395 641
395 707
395 774
395 863
395 903
396 424
396 680
396 720
397 435
397 636
397 814
397 815
398 452
398 491
398 492
398 651
398 725
398 755
398 837
398 854
398 896
398 983
399 409
399 429
399 540
399 751
399 885
399 911
400 417
400 458
400 550
400 711
400 730
400 891
400 900
400 925
400 926
400 971
401 546
401 565
401 580
401 978
401 1011
402 470
402 510
402 554
402 679
402 905
403 425
403 553
403 618
403 628
403 762
403 794
403 889
403 919
404 448
404 463
404 924
404 976
404 1003
405 712
405 721
405 877
406 482
406 492
406 501
406 559
406 635
406 724
406 915
406 975
406 1005
407 449
407 479
407 672
407 718
407 766
408 445
408 476
408 492
408 586
408 609
408 726
408 734
408 765
408 868
408 918
409 421
409 450
409 526
409 722
409 730
409 753
409 966
410 472
410 673
410 703
410 722
410 1003
411 692
412 498
412 823
412 844
413 724
413 898
413 1017
414 420
414 423
414 434
414 583
414 1000
415 426
415 454
415 604
415 631
415 661
415 789
415 892
415 894
416 442
416 634
416 705
416 930
417 548
417 655
417 1020
418 443
418 454
418 471
418 849
418 918
419 423
419 512
419 614
419 671
419 747
419 1018
420 474
420 539
420 849
420 924
421 462
421 465
421 604
421 630
421 663
421 743
421 781
421 813
421 868
422 521
422 607
422 996
423 435
423 448
423 607
423 773
423 805
423 807
423 954
424 465
424 543
424 695
424 892
425 443
425 651
426 521
426 699
426 764
426 865
427 538
427 582
427 636
427 673
428 450
428 741
428 906
428 911
429 708
429 711
430 469
430 537
430 657
430 691
430 955
431 772
431 934
433 535
434 534
434 551
434 714
434 803
434 815
434 836
434 880
434 953
435 515
435 591
435 640
435 675
435 720
435 729
435 807
436 458
436 880
437 578
437 666
437 739
437 866
437 935
438 454
438 542
438 609
438 724
438 900
439 567
439 622
439 644
439 684
439 810
439 934
439 987
440 692
440 706
440 727
441 460
441 609
441 631
441 632
441 696
441 702
441 788
441 822
441 977
442 615
442 632
442 688
442 694
442 729
442 755
442 758
442 778
442 868
442 970
443 527
443 592
444 554
444 580
444 625
444 713
444 749
444 814
445 633
445 714
445 844
445 919
446 950
447 451
447 483
447 572
447 578
447 708
448 500
448 509
448 776
448 787
448 936
449 495
449 498
449 837
450 484
450 505
450 526
450 707
450 1013
451 483
451 550
451 585
451 710
451 794
451 835
451 906
452 468
452 530
452 581
452 655
452 848
453 573
453 577
453 685
453 806
453 875
454 485
454 531
454 793
454 902
454 944
454 990
455 476
455 633
455 698
455 765
455 943
455 964
456 595
456 676
456 683
456 776
456 868
457 680
457 734
457 787
457 834
457 974
457 983
457 989
457 1023
458 466
458 797
458 1009
459 935
459 937
460 480
460 518
460 568
460 643
460 739
460 745
460 760
460 938
460 978
460 989
460 999
460 1021
461 668
461 932
461 960
463 494
463 611
463 827
463 924
463 944
464 658
464 732
464 782
464 963
465 645
465 653
466 510
466 548
466 614
467 484
467 517
467 863
468 511
468 539
468 717
468 723
468 804
468 921
468 954
469 499
469 564
469 581
469 646
469 649
469 655
469 815
470 528
470 553
470 559
471 492
471 495
471 681
471 846
471 890
472 692
472 720
472 733
472 807
472 894
472 996
473 487
473 505
473 565
473 590
473 693
473 758
473 859
473 986
473 997
473 1001
474 486
474 539
474 543
474 567
474 648
474 822
475 530
475 946
476 489
476 551
476 766
476 827
476 901
476 1016
477 917
478 572
478 608
478 689
479 485
479 497
479 874
479 902
480 488
480 684
480 824
480 923
480 982
481 501
481 571
481 688
481 895
481 934
481 958
481 959
482 519
482 550
482 735
482 983
482 1011
483 633
483 676
483 957
484 526
485 510
485 562
485 795
485 884
485 985
486 682
486 811
486 814
487 590
487 664
487 701
487 812
487 885
487 907
487 930
487 951
488 633
488 650
488 737
488 801
489 647
489 846
490 635
490 850
490 883
491 540
491 823
492 843
493 700
493 797
493 827
493 985
494 497
494 526
494 619
494 647
494 809
494 889
495 649
495 893
495 962
496 672
496 866
497 996
498 524
498 701
498 706
498 728
498 735
498 927
499 657
499 897
500 1009
501 740
501 752
502 585
502 650
502 651
502 834
503 505
503 586
503 671
503 684
503 950
504 577
505 630
505 740
505 749
506 536
506 574
507 677
507 685
507 828
507 1001
508 802
508 863
508 895
509 513
509 545
510 688
510 712
510 920
510 942
510 1014
511 561
511 584
511 691
511 699
511 755
512 534
512 639
512 780
512 898
512 997
512 1023
513 1000
513 1023
514 587
514 671
514 740
514 912
515 683
515 723
515 796
517 920
517 921
518 780
518 860
519 697
519 709
519 736
520 566
520 670
520 869
521 538
521 595
521 636
521 825
521 861
521 869
522 680
522 710
522 721
522 727
523 565
523 660
523 831
523 902
524 526
524 552
524 610
524 678
524 910
525 635
525 662
525 712
525 936
526 690
526 966
527 602
527 762
527 850
527 919
527 1013
528 552
528 654
528 796
528 833
529 596
529 603
529 634
529 782
529 905
529 915
530 644
530 656
530 686
530 727
531 668
531 798
531 814
531 817
532 570
532 706
532 922
532 979
533 541
533 665
533 669
533 681
534 540
534 615
535 569
535 857
536 933
536 951
536 973
537 794
539 623
539 743
539 802
539 897
540 892
540 935
540 957
541 558
541 621
541 799
542 547
542 577
543 610
544 826
544 860
544 901
546 672
546 1016
547 582
547 829
547 904
548 624
548 711
548 853
549 1000
550 577
550 777
550 934
552 561
552 594
552 691
552 698
552 837
553 599
553 604
553 669
553 713
553 777
553 932
553 933
553 986
554 856
555 677
555 737
555 809
555 867
555 887
555 894
555 941
555 955
556 624
556 706
556 928
557 597
557 910
558 818
559 803
559 818
559 820
560 635
560 688
560 714
560 725
560 762
560 794
560 842
560 960
560 1005
561 581
561 594
561 626
561 679
561 797
561 991
562 599
562 718
562 852
563 587
563 600
563 637
563 677
563 711
563 805
563 819
563 931
563 993
564 698
564 731
565 665
566 703
566 847
566 904
567 702
567 718
567 808
567 827
567 915
567 1023
569 852
569 915
570 617
570 711
570 833
571 698
571 763
571 816
571 850
572 598
572 654
572 993
573 693
574 580
574 607
574 640
574 644
574 664
574 838
574 886
574 973
575 577
575 614
575 1006
576 596
576 815
576 982
578 612
578 707
578 719
578 842
578 894
578 950
578 985
579 607
579 918
579 948
580 641
580 661
580 769
580 873
580 977
582 654
582 931
582 1017
584 659
584 695
584 792
584 841
584 878
585 775
585 887
586 665
586 670
586 805
586 943
587 958
587 997
589 759
589 917
589 948
590 604
590 750
590 753
590 819
591 739
592 616
592 903
593 928
594 795
595 633
595 731
595 978
596 707
597 693
597 985
598 615
598 721
598 818
598 842
598 871
598 920
598 964
599 641
599 749
599 812
599 881
599 905
600 946
601 668
601 753
601 762
601 942
601 945
602 639
602 714
602 833
602 852
602 855
602 874
603 676
603 684
603 819
603 901
605 613
607 656
607 866
607 869
607 990
607 1006
608 625
608 662
608 1007
609 796
610 862
610 918
611 736
611 754
611 839
611 868
611 873
611 897
611 1022
612 758
612 869
612 1022
613 654
613 941
615 636
615 769
615 1020
616 809
616 863
616 886
616 963
617 657
617 721
617 947
617 948
618 810
618 912
619 812
619 819
620 732
620 751
620 804
620 816
620 843
620 933
621 661
621 770
622 873
623 715
624 676
624 698
624 774
626 769
626 845
626 972
627 736
628 721
629 747
629 1019
630 656
630 722
630 980
632 638
632 831
632 867
634 692
634 730
634 883
634 979
635 644
635 783
636 820
636 974
637 788
637 976
638 815
639 881
640 670
640 878
641 679
642 787
643 668
643 688
643 741
643 817
643 883
643 917
645 986
647 678
647 986
647 1002
649 808
649 879
651 860
652 704
652 855
654 683
654 713
654 798
654 905
654 909
657 686
657 896
657 946
658 689
658 751
658 905
658 973
658 1009
659 937
659 964
660 693
660 724
660 761
660 830
660 908
660 917
662 685
663 744
663 936
664 672
664 704
665 686
665 701
665 784
665 809
665 875
665 900
665 941
666 774
666 799
666 800
667 1007
669 891
670 769
670 904
671 742
671 797
671 820
672 692
672 763
672 837
672 878
672 887
673 709
673 882
673 913
673 990
674 690
674 896
675 767
675 838
675 872
675 919
676 680
676 792
676 904
676 924
677 689
677 934
677 1013
678 842
678 888
678 992
679 701
679 702
679 718
679 869
682 784
682 879
684 712
684 755
684 856
684 864
685 793
686 714
686 731
687 797
687 962
688 700
688 774
688 842
689 789
689 945
691 700
691 770
692 739
692 839
693 753
694 865
694 929
694 943
695 914
696 960
698 803
701 749
701 770
701 788
701 809
701 899
701 1012
702 773
702 835
703 780
703 835
704 715
704 853
704 864
704 888
704 903
704 979
705 754
705 787
706 896
707 768
709 839
709 845
709 972
710 721
710 782
710 881
710 952
711 765
711 799
711 874
711 899
711 928
712 860
713 802
715 756
715 825
716 905
716 1008
716 1021
717 768
717 946
717 988
719 744
719 773
719 890
720 852
720 856
721 765
721 779
721 946
721 953
721 995
722 830
722 911
722 937
722 997
724 741
724 769
724 850
724 898
724 935
728 816
729 736
729 925
731 1013
733 787
733 858
734 819
734 948
734 974
734 978
734 1000
734 1004
736 857
737 756
737 946
737 988
737 1005
738 969
738 972
738 1018
739 809
739 815
739 821
740 769
740 853
740 930
740 979
741 751
741 808
741 846
741 923
741 1009
742 861
744 767
744 953
745 908
746 801
746 864
746 908
747 965
747 973
748 954
749 949
750 849
752 758
752 958
753 779
755 928
756 775
756 933
757 988
758 840
758 858
759 814
759 929
760 765
760 804
760 957
761 877
761 908
761 947
762 767
762 914
762 961
762 992
763 870
763 1021
764 776
765 862
765 1011
767 819
767 891
767 947
767 963
768 949
768 955
770 846
770 927
771 776
771 887
772 812
772 841
773 972
775 830
775 869
777 985
778 864
779 885
779 913
779 957
780 996
781 812
781 837
781 871
781 881
782 939
785 991
786 814
786 1001
787 865
787 945
787 959
787 973
787 992
788 1001
789 1022
790 945
791 806
791 807
791 835
792 930
792 1001
794 838
794 876
794 878
795 911
796 799
796 966
797 854
797 1012
798 923
798 995
800 932
801 835
801 953
802 805
804 989
805 818
807 959
809 1017
810 839
810 906
810 1008
811 893
813 851
814 995
815 902
815 949
815 981
816 873
817 824
818 831
819 872
820 952
821 961
822 961
822 989
822 1014
825 925
826 847
827 927
828 930
828 949
829 1015
830 847
830 1022
831 832
831 839
833 1010
834 837
834 893
834 938
835 848
835 876
835 915
836 903
839 892
839 1008
840 867
840 896
841 926
843 882
843 1014
844 871
851 965
851 1009
852 979
853 924
853 986
854 948
854 960
855 943
860 1007
861 932
861 1021
862 1023
864 926
864 981
865 909
865 915
867 966
868 1023
871 987
874 952
874 1010
876 929
877 980
877 1002
879 1012
883 966
885 886
887 945
889 915
891 893
893 915
893 1001
899 964
899 1017
903 1013
907 913
909 912
909 931
911 952
913 1004
914 950
915 970
915 1014
915 1023
916 969
917 983
924 945
924 959
930 942
930 985
932 963
932 992
937 971
937 1012
942 951
942 961
942 986
943 947
947 970
954 977
954 1019
960 988
961 1003
967 1021
975 1001
994 1008
995 1020
