0 9
0 11
0 14
0 15
0 16
0 19
0 22
0 26
0 27
0 30
0 38
0 40
0 43
0 45
0 51
0 54
0 61
0 63
0 67
0 69
0 71
0 89
0 99
0 101
0 106
0 115
0 123
0 147
0 161
0 171
0 180
0 195
0 200
0 203
0 205
0 211
0 220
0 235
0 252
0 255
0 256
0 260
0 272
0 284
0 290
0 294
0 305
0 317
0 319
0 324
0 339
0 346
0 353
0 372
0 386
0 387
0 412
0 441
0 452
0 457
0 470
0 480
1 9
1 10
1 11
1 12
1 23
1 24
1 36
1 38
1 40
1 41
1 62
1 72
1 83
1 106
1 107
1 108
1 127
1 142
1 145
1 146
1 148
1 169
1 173
1 198
1 217
1 219
1 220
1 224
1 227
1 234
1 245
1 246
1 274
1 275
1 295
1 310
1 315
1 322
1 384
1 392
1 400
1 403
1 407
1 423
1 439
1 466
1 475
1 494
2 9
2 10
2 11
2 12
2 14
2 15
2 16
2 19
2 20
2 22
2 24
2 32
2 33
2 35
2 45
2 49
2 51
2 60
2 77
2 85
2 97
2 100
2 130
2 134
2 155
2 170
2 173
2 177
2 178
2 183
2 186
2 203
2 206
2 211
2 219
2 220
2 223
2 229
2 231
2 232
2 234
2 242
2 266
2 286
2 293
2 310
2 318
2 322
2 329
2 343
2 360
2 401
2 422
2 430
2 433
2 454
2 484
3 10
3 11
3 12
3 13
3 14
3 15
3 16
3 17
3 21
3 22
3 23
3 24
3 28
3 31
3 32
3 39
3 41
3 43
3 45
3 59
3 66
3 67
3 68
3 75
3 77
3 82
3 89
3 96
3 97
3 104
3 116
3 139
3 157
3 161
3 177
3 181
3 186
3 200
3 229
3 237
3 272
3 276
3 289
3 295
3 321
3 345
3 350
3 367
3 385
3 412
3 413
3 421
3 428
3 439
3 450
3 453
3 457
3 465
3 491
3 492
3 511
4 9
4 10
4 11
4 12
4 13
4 15
4 17
4 19
4 20
4 23
4 32
4 36
4 37
4 39
4 48
4 57
4 60
4 71
4 85
4 97
4 107
4 110
4 117
4 127
4 138
4 148
4 160
4 183
4 212
4 216
4 222
4 233
4 261
4 268
4 289
4 296
4 298
4 314
4 340
4 366
4 392
4 416
4 419
4 423
4 428
4 439
4 464
5 9
5 10
5 13
5 35
5 44
5 53
5 103
5 141
5 222
5 310
5 370
5 374
5 415
5 455
5 482
5 497
6 9
6 10
6 11
6 13
6 18
6 19
6 22
6 25
6 29
6 31
6 34
6 48
6 96
6 102
6 107
6 123
6 137
6 155
6 173
6 187
6 220
6 229
6 259
6 274
6 278
6 281
6 286
6 325
6 335
6 364
6 379
6 490
7 9
7 10
7 12
7 13
7 15
7 16
7 17
7 19
7 21
7 27
7 30
7 37
7 38
7 42
7 43
7 44
7 46
7 51
7 53
7 62
7 66
7 91
7 105
7 109
7 127
7 153
7 168
7 171
7 176
7 181
7 189
7 218
7 251
7 262
7 278
7 297
7 306
7 307
7 319
7 322
7 339
7 364
7 366
7 412
7 416
7 421
7 423
7 438
7 460
7 478
7 486
8 9
8 11
8 12
8 14
8 18
8 21
8 53
8 63
8 68
8 70
8 77
8 81
8 93
8 104
8 118
8 119
8 130
8 132
8 148
8 164
8 187
8 194
8 197
8 199
8 200
8 211
8 221
8 225
8 277
8 299
8 313
8 328
8 363
8 365
8 374
8 435
8 450
8 462
8 483
9 10
9 11
9 12
9 13
9 14
9 16
9 18
9 20
9 22
9 24
9 25
9 26
9 27
9 30
9 38
9 39
9 40
9 42
9 43
9 45
9 46
9 51
9 56
9 64
9 67
9 73
9 80
9 91
9 93
9 96
9 100
9 105
9 106
9 111
9 114
9 119
9 122
9 127
9 133
9 144
9 148
9 152
9 155
9 157
9 165
9 187
9 190
9 194
9 205
9 207
9 231
9 237
9 240
9 243
9 260
9 266
9 270
9 278
9 281
9 286
9 299
9 314
9 319
9 333
9 335
9 361
9 377
9 379
9 392
9 445
9 447
9 451
9 474
9 483
9 486
9 490
9 493
9 502
9 511
10 12
10 14
10 15
10 17
10 20
10 24
10 25
10 26
10 30
10 33
10 39
10 40
10 44
10 47
10 49
10 56
10 57
10 58
10 73
10 79
10 92
10 94
10 103
10 108
10 109
10 113
10 115
10 119
10 120
10 124
10 127
10 130
10 138
10 141
10 143
10 144
10 150
10 154
10 156
10 163
10 168
10 170
10 171
10 184
10 188
10 199
10 201
10 204
10 221
10 227
10 236
10 244
10 252
10 258
10 272
10 300
10 302
10 303
10 304
10 330
10 337
10 342
10 353
10 362
10 363
10 371
10 377
10 386
10 396
10 397
10 405
10 414
10 420
10 440
10 441
10 442
10 446
10 448
10 463
10 464
10 467
10 486
10 493
10 503
10 504
10 511
11 12
11 14
11 15
11 16
11 17
11 18
11 21
11 25
11 32
11 33
11 35
11 37
11 41
11 44
11 50
11 51
11 55
11 74
11 76
11 82
11 84
11 93
11 112
11 121
11 123
11 131
11 153
11 154
11 157
11 178
11 179
11 205
11 231
11 237
11 239
11 244
11 250
11 260
11 263
11 265
11 275
11 282
11 288
11 297
11 309
11 312
11 326
11 332
11 340
11 345
11 352
11 357
11 358
11 368
11 375
11 399
11 404
11 446
11 449
11 467
11 479
11 492
11 500
11 511
12 13
12 14
12 15
12 17
12 18
12 20
12 21
12 25
12 28
12 34
12 39
12 41
12 46
12 53
12 54
12 64
12 66
12 70
12 72
12 78
12 79
12 88
12 91
12 105
12 107
12 110
12 111
12 115
12 132
12 133
12 135
12 139
12 142
12 143
12 146
12 161
12 175
12 193
12 202
12 209
12 210
12 213
12 222
12 224
12 228
12 229
12 230
12 238
12 242
12 250
12 255
12 258
12 260
12 265
12 268
12 270
12 275
12 281
12 330
12 331
12 336
12 345
12 346
12 349
12 361
12 365
12 367
12 368
12 379
12 385
12 392
12 397
12 403
12 420
12 435
12 436
12 454
13 14
13 15
13 17
13 19
13 20
13 23
13 27
13 33
13 34
13 37
13 40
13 42
13 45
13 48
13 52
13 60
13 65
13 71
13 72
13 73
13 78
13 80
13 82
13 84
13 86
13 89
13 91
13 94
13 95
13 101
13 102
13 104
13 110
13 114
13 138
13 143
13 159
13 162
13 163
13 167
13 170
13 175
13 176
13 188
13 197
13 201
13 214
13 215
13 224
13 232
13 238
13 249
13 288
13 290
13 323
13 325
13 337
13 338
13 345
13 356
13 390
13 400
13 416
13 417
13 445
13 449
13 459
13 462
13 480
13 481
13 482
13 484
13 487
13 503
13 505
13 507
13 511
14 20
14 21
14 29
14 30
14 34
14 38
14 40
14 42
14 45
14 58
14 62
14 65
14 69
14 83
14 98
14 99
14 106
14 133
14 145
14 148
14 159
14 162
14 172
14 184
14 189
14 202
14 288
14 301
14 302
14 321
14 430
14 447
14 454
14 471
14 487
14 490
14 504
14 508
15 16
15 25
15 26
15 28
15 31
15 34
15 36
15 38
15 48
15 50
15 52
15 65
15 70
15 73
15 74
15 75
15 81
15 83
15 85
15 89
15 103
15 104
15 109
15 117
15 129
15 137
15 151
15 157
15 158
15 176
15 178
15 180
15 183
15 185
15 189
15 198
15 205
15 206
15 210
15 211
15 223
15 224
15 229
15 230
15 236
15 256
15 267
15 273
15 274
15 287
15 290
15 316
15 327
15 331
15 387
15 389
15 411
15 424
15 443
15 444
15 450
15 478
15 490
15 497
15 506
15 511
16 18
16 22
16 26
16 27
16 28
16 30
16 31
16 32
16 41
16 44
16 45
16 47
16 65
16 67
16 71
16 73
16 78
16 86
16 90
16 101
16 103
16 121
16 123
16 135
16 139
16 145
16 163
16 172
16 176
16 182
16 183
16 194
16 207
16 243
16 278
16 299
16 308
16 333
16 334
16 348
16 366
16 385
16 401
16 442
16 459
16 462
17 18
17 21
17 27
17 34
17 36
17 37
17 40
17 41
17 46
17 53
17 62
17 66
17 67
17 75
17 84
17 90
17 91
17 98
17 105
17 110
17 140
17 153
17 156
17 160
17 164
17 184
17 202
17 224
17 242
17 257
17 301
17 305
17 336
17 337
17 341
17 347
17 352
17 358
17 360
17 388
17 392
17 438
17 452
17 455
18 19
18 22
18 23
18 26
18 29
18 31
18 38
18 40
18 41
18 52
18 53
18 54
18 58
18 60
18 71
18 72
18 74
18 78
18 81
18 95
18 104
18 109
18 111
18 112
18 116
18 117
18 124
18 149
18 158
18 165
18 179
18 182
18 186
18 192
18 205
18 212
18 220
18 226
18 231
18 235
18 250
18 255
18 268
18 272
18 303
18 311
18 371
18 372
18 377
18 384
18 386
18 395
18 406
18 432
18 435
18 459
18 472
18 491
18 496
19 24
19 25
19 27
19 28
19 29
19 35
19 39
19 40
19 44
19 47
19 52
19 56
19 59
19 60
19 63
19 65
19 69
19 74
19 76
19 79
19 93
19 104
19 120
19 121
19 123
19 134
19 136
19 142
19 143
19 154
19 174
19 182
19 185
19 198
19 203
19 204
19 225
19 228
19 254
19 282
19 284
19 285
19 292
19 305
19 364
19 372
19 376
19 383
19 398
19 438
19 447
19 457
19 458
19 485
19 496
20 22
20 23
20 24
20 27
20 28
20 29
20 31
20 36
20 42
20 51
20 55
20 57
20 59
20 71
20 72
20 79
20 99
20 103
20 129
20 150
20 158
20 162
20 175
20 178
20 190
20 195
20 197
20 207
20 226
20 228
20 239
20 250
20 251
20 266
20 275
20 281
20 283
20 299
20 300
20 301
20 303
20 315
20 323
20 324
20 342
20 343
20 354
20 355
20 389
20 393
20 425
20 509
21 23
21 24
21 25
21 26
21 33
21 34
21 35
21 43
21 57
21 61
21 62
21 63
21 65
21 74
21 77
21 78
21 85
21 95
21 100
21 103
21 123
21 130
21 140
21 154
21 160
21 161
21 166
21 195
21 199
21 227
21 241
21 257
21 271
21 282
21 304
21 314
21 362
21 371
21 376
21 396
21 400
21 406
21 413
21 420
21 438
21 477
21 492
22 23
22 26
22 28
22 31
22 57
22 72
22 76
22 77
22 89
22 91
22 92
22 93
22 101
22 102
22 109
22 110
22 115
22 121
22 131
22 153
22 155
22 175
22 176
22 177
22 190
22 213
22 214
22 218
22 242
22 248
22 259
22 269
22 277
22 281
22 304
22 306
22 316
22 318
22 327
22 338
22 350
22 352
22 370
22 381
22 398
22 401
22 418
22 432
22 448
22 485
22 494
22 500
22 504
23 25
23 26
23 30
23 58
23 61
23 65
23 69
23 76
23 90
23 105
23 124
23 125
23 133
23 138
23 140
23 145
23 156
23 165
23 167
23 186
23 263
23 265
23 287
23 300
23 354
23 415
23 420
23 430
23 432
23 433
23 480
23 506
24 28
24 30
24 31
24 33
24 46
24 48
24 49
24 52
24 56
24 58
24 68
24 76
24 82
24 84
24 85
24 122
24 124
24 130
24 131
24 140
24 142
24 147
24 158
24 163
24 175
24 198
24 225
24 245
24 264
24 278
24 279
24 299
24 306
24 320
24 336
24 366
24 433
24 453
24 483
24 490
24 509
25 72
25 85
25 120
25 124
25 179
25 212
25 230
25 251
25 273
25 362
25 429
25 475
25 492
26 28
26 32
26 37
26 39
26 60
26 62
26 73
26 98
26 102
26 110
26 117
26 132
26 152
26 161
26 169
26 184
26 191
26 199
26 244
26 245
26 257
26 278
26 287
26 291
26 338
26 361
26 395
26 409
26 459
26 498
26 500
27 31
27 36
27 43
27 62
27 76
27 87
27 112
27 113
27 117
27 122
27 132
27 134
27 157
27 158
27 203
27 204
27 215
27 241
27 242
27 284
27 307
27 311
27 326
27 330
27 375
27 386
27 388
27 397
27 407
27 410
27 422
27 495
27 508
28 32
28 39
28 43
28 47
28 56
28 77
28 82
28 87
28 130
28 136
28 137
28 153
28 156
28 199
28 301
28 312
28 313
28 319
28 339
28 388
28 431
28 446
29 33
29 35
29 36
29 48
29 49
29 79
29 86
29 97
29 138
29 144
29 159
29 193
29 258
29 276
29 280
29 306
29 356
29 365
29 369
29 456
30 32
30 46
30 48
30 49
30 50
30 59
30 62
30 70
30 92
30 93
30 96
30 114
30 129
30 134
30 163
30 166
30 179
30 209
30 266
30 268
30 292
30 368
30 377
30 394
30 407
30 426
30 443
30 475
31 33
31 36
31 38
31 58
31 64
31 70
31 80
31 99
31 108
31 111
31 120
31 126
31 132
31 143
31 185
31 199
31 212
31 228
31 251
31 269
31 311
31 343
31 353
31 417
31 421
31 437
31 471
31 474
31 484
31 492
32 33
32 44
32 47
32 49
32 51
32 52
32 53
32 55
32 58
32 60
32 67
32 77
32 118
32 120
32 132
32 137
32 149
32 156
32 165
32 166
32 167
32 172
32 174
32 175
32 188
32 191
32 203
32 217
32 218
32 251
32 288
32 299
32 310
32 346
32 359
32 405
32 458
32 464
32 479
32 505
33 55
33 66
33 85
33 109
33 125
33 158
33 250
33 330
33 367
33 373
33 443
33 486
34 42
34 43
34 51
34 58
34 64
34 66
34 70
34 73
34 76
34 81
34 83
34 84
34 85
34 86
34 88
34 92
34 94
34 109
34 114
34 123
34 129
34 136
34 137
34 147
34 154
34 169
34 174
34 185
34 194
34 198
34 201
34 203
34 214
34 218
34 229
34 230
34 246
34 249
34 296
34 300
34 303
34 307
34 327
34 333
34 352
34 359
34 363
34 375
34 380
34 382
34 383
34 387
34 407
34 412
34 417
34 434
34 440
34 441
34 468
34 473
34 489
34 507
35 41
35 63
35 66
35 68
35 84
35 94
35 112
35 116
35 122
35 138
35 141
35 157
35 166
35 188
35 217
35 247
35 263
35 284
35 285
35 293
35 294
35 303
35 332
35 343
35 349
35 362
35 381
35 413
35 486
36 79
36 91
36 98
36 106
36 145
36 157
36 208
36 220
36 226
36 313
36 328
36 334
36 376
36 433
36 463
37 39
37 50
37 52
37 57
37 65
37 68
37 76
37 79
37 80
37 81
37 101
37 111
37 114
37 120
37 134
37 139
37 159
37 163
37 164
37 183
37 196
37 209
37 261
37 264
37 325
37 356
37 360
37 389
37 400
37 411
37 443
37 451
38 43
38 49
38 59
38 64
38 68
38 74
38 75
38 80
38 114
38 116
38 152
38 218
38 219
38 255
38 282
38 308
38 311
38 318
38 359
38 372
38 389
38 393
38 401
38 421
38 457
38 503
39 41
39 42
39 50
39 55
39 79
39 80
39 96
39 126
39 127
39 130
39 142
39 145
39 156
39 161
39 184
39 210
39 299
39 323
39 325
39 338
39 390
39 409
39 422
39 425
39 429
39 442
39 471
39 474
39 498
40 84
40 88
40 122
40 135
40 145
40 154
40 164
40 178
40 202
40 222
40 238
40 247
40 250
40 256
40 260
40 269
40 293
40 363
40 369
40 449
40 496
41 45
41 49
41 51
41 54
41 64
41 92
41 121
41 124
41 168
41 173
41 208
41 232
41 248
41 255
41 280
41 301
41 308
41 369
41 371
41 374
41 410
41 443
41 459
41 501
42 60
42 82
42 175
42 189
42 201
42 290
42 360
42 367
42 413
42 432
42 450
42 471
42 472
42 479
42 493
43 46
43 47
43 48
43 52
43 54
43 55
43 57
43 63
43 69
43 73
43 96
43 104
43 116
43 118
43 125
43 131
43 132
43 141
43 155
43 188
43 194
43 200
43 208
43 225
43 283
43 289
43 333
43 380
43 431
43 435
43 470
44 45
44 50
44 61
44 68
44 131
44 153
44 239
44 374
44 386
44 409
44 424
44 426
44 445
44 455
44 466
44 470
44 487
45 46
45 73
45 77
45 86
45 89
45 90
45 95
45 97
45 128
45 237
45 256
45 261
45 364
45 384
45 420
45 508
46 47
46 50
46 53
46 55
46 64
46 71
46 82
46 91
46 113
46 126
46 129
46 147
46 210
46 227
46 248
46 263
46 281
46 293
46 297
46 322
46 323
46 360
46 390
46 393
46 409
46 420
46 427
46 476
47 54
47 69
47 87
47 126
47 128
47 140
47 217
47 225
47 234
47 248
47 385
47 444
48 79
48 81
48 88
48 90
48 111
48 112
48 125
48 132
48 134
48 143
48 151
48 166
48 236
48 241
48 284
48 344
48 358
48 418
48 473
49 56
49 68
49 69
49 74
49 87
49 92
49 125
49 130
49 180
49 217
49 218
49 221
49 235
49 236
49 253
49 273
49 316
49 347
49 369
49 370
49 383
49 406
49 424
49 481
50 66
50 75
50 100
50 107
50 177
50 305
50 357
50 451
50 467
50 501
51 59
51 63
51 66
51 86
51 106
51 128
51 146
51 150
51 162
51 232
51 261
51 279
51 307
51 454
51 479
52 53
52 72
52 75
52 120
52 137
52 146
52 149
52 190
52 212
52 222
52 228
52 260
52 267
52 286
52 321
52 326
52 331
52 351
52 382
52 464
53 55
53 59
53 60
53 64
53 80
53 87
53 98
53 100
53 129
53 134
53 137
53 151
53 161
53 173
53 196
53 214
53 216
53 221
53 225
53 230
53 233
53 251
53 273
53 277
53 279
53 292
53 295
53 331
53 336
53 349
53 357
53 359
53 373
53 382
53 414
53 440
53 464
53 467
53 468
53 478
54 56
54 61
54 64
54 67
54 76
54 88
54 98
54 135
54 147
54 164
54 191
54 214
54 250
54 257
54 263
54 279
54 334
54 353
54 410
54 417
54 433
54 449
54 451
54 478
54 479
55 87
55 113
55 149
55 150
55 196
55 206
55 212
55 223
55 248
55 265
55 274
55 302
55 317
55 382
55 390
55 419
55 427
55 438
55 460
56 57
56 61
56 108
56 115
56 142
56 151
56 170
56 171
56 173
56 202
56 230
56 235
56 246
56 271
56 294
56 346
56 349
56 370
56 408
56 446
56 476
57 72
57 83
57 89
57 105
57 119
57 170
57 180
57 247
57 259
57 262
57 287
57 343
57 350
57 382
57 387
57 420
57 433
57 508
58 67
58 112
58 131
58 136
58 191
58 216
58 217
58 227
58 234
58 365
58 371
58 374
58 427
58 430
59 150
59 159
59 162
59 179
59 206
59 213
59 246
59 268
59 286
59 354
59 361
59 372
59 383
59 416
59 466
59 498
59 506
60 65
60 78
60 90
60 93
60 135
60 155
60 267
60 300
60 310
60 342
60 350
60 439
60 442
60 502
61 69
61 70
61 74
61 82
61 107
61 174
61 179
61 193
61 311
61 351
61 496
61 507
62 67
62 117
62 152
62 210
62 287
62 313
62 361
62 499
63 92
63 117
63 129
63 186
63 225
63 276
63 334
63 340
63 368
63 370
63 387
63 431
63 456
63 482
63 505
64 77
64 81
64 87
64 89
64 96
64 112
64 115
64 118
64 127
64 175
64 193
64 208
64 244
64 248
64 257
64 267
64 279
64 320
64 326
64 379
64 397
64 399
64 434
64 452
64 473
64 477
64 478
64 485
64 494
64 508
65 68
65 78
65 82
65 178
65 204
65 237
65 240
65 252
65 285
65 409
65 479
66 94
66 111
66 123
66 124
66 166
66 200
66 271
66 315
66 325
66 402
66 430
66 457
66 475
66 510
67 135
67 141
67 181
67 247
67 318
67 489
68 83
68 95
68 99
68 102
68 106
68 110
68 166
68 173
68 185
68 203
68 211
68 233
68 272
68 304
68 369
68 399
68 401
69 78
69 94
69 96
69 102
69 113
69 114
69 125
69 139
69 152
69 153
69 174
69 181
69 184
69 189
69 234
69 270
69 300
69 335
69 364
69 365
69 430
69 431
69 460
69 496
70 98
70 105
70 189
70 192
70 210
70 248
70 315
70 343
70 440
71 86
71 101
71 116
71 118
71 131
71 161
71 163
71 179
71 209
71 288
71 471
72 106
72 126
72 194
72 204
72 271
72 296
72 342
72 357
72 364
72 404
72 406
72 429
72 453
73 88
73 108
73 118
73 136
73 194
73 216
73 233
73 257
73 292
73 366
73 400
73 455
74 78
74 88
74 98
74 101
74 107
74 108
74 110
74 125
74 144
74 155
74 160
74 177
74 181
74 291
74 331
74 344
74 365
74 404
74 422
74 425
75 92
75 107
75 129
75 151
75 191
75 296
75 324
75 411
76 91
76 108
76 111
76 164
76 183
76 190
76 196
76 203
76 280
76 322
76 341
76 396
76 416
76 493
77 98
77 101
77 102
77 103
77 147
77 149
77 151
77 173
77 182
77 242
77 274
77 291
77 324
77 353
77 373
77 401
77 437
78 83
78 89
78 99
78 128
78 265
78 303
78 333
78 348
78 357
78 422
78 450
78 460
78 474
79 99
79 296
79 316
79 324
79 391
80 81
80 87
80 95
80 172
80 236
80 251
80 426
80 457
80 469
81 86
81 113
81 118
81 165
81 176
81 180
81 226
81 227
81 318
81 360
81 402
81 450
81 470
81 472
81 474
82 84
82 108
82 141
82 144
82 168
82 190
82 196
82 206
82 224
82 254
82 284
82 287
82 289
82 313
82 342
82 344
82 348
82 395
82 398
82 458
82 493
82 496
83 97
83 136
83 141
83 146
83 193
83 219
83 231
83 234
83 263
83 376
83 390
83 506
83 510
84 95
84 102
84 112
84 115
84 135
84 148
84 183
84 191
84 195
84 201
84 216
84 220
84 253
84 271
84 317
84 322
84 359
84 368
84 394
84 424
84 441
84 493
85 97
85 122
85 143
85 165
85 168
85 215
85 243
85 373
85 387
85 424
86 105
86 116
86 144
86 152
86 170
86 171
86 179
86 209
86 245
86 306
86 350
86 370
86 391
86 501
87 99
87 121
87 189
87 326
87 354
87 442
87 463
87 488
88 109
88 146
88 185
88 240
88 295
88 316
88 320
88 332
88 357
88 413
88 468
88 477
88 488
88 494
89 119
89 120
89 143
89 186
89 370
89 441
90 100
90 104
90 137
90 147
90 191
90 248
90 261
90 264
90 368
90 394
90 411
90 430
90 431
90 433
90 444
91 168
91 231
91 278
91 354
91 444
91 470
92 103
92 118
92 119
92 133
92 144
92 167
92 314
92 347
92 348
92 378
92 403
92 422
93 140
93 158
93 178
93 312
93 372
93 473
94 101
94 103
94 119
94 130
94 146
94 155
94 183
94 188
94 245
94 253
94 278
94 347
94 425
94 445
94 481
95 133
95 167
95 178
95 246
95 262
95 264
95 331
95 349
95 379
95 447
95 471
96 166
96 171
96 227
96 314
96 338
96 381
96 397
96 426
96 457
96 476
97 113
97 114
97 151
97 177
97 178
97 192
97 198
97 238
97 241
97 253
97 286
97 292
97 320
97 365
97 419
97 439
98 119
98 161
98 162
98 192
98 212
98 236
98 246
98 271
98 279
98 286
98 288
98 309
98 310
98 343
98 370
98 372
98 386
98 393
98 403
98 404
98 498
98 504
99 151
99 188
99 208
99 219
99 315
99 318
99 352
99 371
99 403
99 423
100 116
100 241
100 243
100 255
100 260
100 305
100 457
101 104
101 127
101 142
101 149
101 182
101 187
101 199
101 355
101 465
101 478
102 140
102 148
102 205
102 208
102 209
102 250
102 282
102 287
102 297
102 327
102 392
102 501
103 118
103 128
103 138
103 206
103 218
103 266
103 270
103 289
103 318
103 340
103 353
103 445
103 491
103 492
104 121
104 124
104 126
104 160
104 179
104 201
104 227
104 307
104 432
104 434
105 434
105 482
106 162
106 242
106 273
106 296
106 315
106 317
106 384
106 463
106 502
107 163
107 193
107 215
107 273
107 291
107 406
107 416
107 475
108 115
108 135
108 152
108 193
108 218
108 219
108 220
108 231
108 247
108 249
108 269
108 284
108 294
108 295
108 308
108 322
108 328
108 341
108 353
108 380
108 438
108 441
108 456
108 480
108 491
108 505
108 509
109 113
109 114
109 116
109 128
109 146
109 184
109 241
109 245
109 258
109 285
109 309
109 335
109 376
109 389
109 400
109 405
109 455
110 119
110 168
110 181
110 195
110 259
110 302
110 330
110 412
110 499
111 122
111 131
111 133
111 192
111 196
111 197
111 253
111 329
111 360
111 467
111 511
112 113
112 117
112 166
112 186
112 202
112 215
112 219
112 239
112 240
112 247
112 249
112 282
112 350
112 406
112 411
112 436
112 497
113 165
113 183
113 249
113 282
113 497
114 120
114 141
114 176
114 290
114 405
114 499
115 121
115 154
115 185
115 237
115 269
115 344
115 378
115 436
115 456
116 142
116 147
116 162
116 202
116 243
116 247
116 250
116 258
116 263
116 266
116 290
116 392
117 128
117 195
117 200
117 235
117 262
117 267
117 278
117 280
117 285
117 293
117 328
117 330
117 373
117 398
117 441
117 454
118 123
118 127
118 175
118 195
118 268
118 271
118 275
118 284
118 294
118 298
118 305
118 311
118 317
118 349
118 366
118 367
118 423
118 425
118 493
118 496
118 498
119 133
119 134
119 164
119 239
119 243
119 256
119 397
119 414
119 450
119 509
120 136
120 157
120 305
120 332
120 338
120 378
120 470
120 492
120 498
121 144
121 159
121 170
121 192
121 227
121 235
121 308
121 365
121 410
121 500
122 126
122 150
122 246
122 255
122 308
122 312
122 346
122 376
122 402
122 432
123 131
123 135
123 141
123 146
123 148
123 149
123 150
123 153
123 158
123 177
123 185
123 206
123 209
123 221
123 224
123 233
123 235
123 236
123 309
123 320
123 330
123 366
123 391
123 408
123 416
123 431
123 474
123 488
123 496
123 508
123 510
124 134
124 196
124 205
124 214
124 339
124 346
124 368
124 434
124 447
124 463
125 138
125 167
125 184
125 208
125 226
125 285
125 294
125 323
125 337
125 341
125 344
125 397
125 405
125 444
125 504
126 128
126 143
126 223
126 289
126 298
126 302
126 351
126 370
126 429
126 437
126 502
127 139
127 234
127 292
127 351
127 362
127 363
127 416
127 439
127 451
127 489
127 499
127 506
128 129
128 338
128 378
128 485
129 155
129 167
129 206
129 266
129 391
129 453
130 153
130 211
130 264
130 274
130 342
130 394
130 404
130 421
130 439
130 501
131 171
131 210
131 224
131 258
131 283
131 323
131 329
131 374
131 419
131 480
131 490
131 503
132 140
132 169
132 176
132 201
132 229
132 234
132 240
132 249
132 283
132 315
132 339
132 394
132 397
133 144
133 156
133 172
133 182
133 191
133 193
133 232
133 354
133 368
133 375
133 382
133 409
133 427
133 447
133 489
134 182
134 280
134 281
134 285
135 263
135 274
135 303
135 348
135 356
135 402
135 462
135 495
136 230
136 292
136 332
136 380
136 472
137 193
137 219
137 222
137 292
137 329
137 418
137 475
137 490
137 509
138 214
138 237
138 309
138 394
139 172
139 210
139 217
139 233
139 314
139 321
139 347
139 415
139 472
140 184
140 221
140 237
140 254
140 325
140 424
140 446
140 447
140 498
140 500
141 145
141 172
141 215
141 253
141 289
141 298
141 307
141 376
141 391
142 157
142 171
142 239
142 271
142 288
142 301
143 196
143 211
143 223
143 436
144 149
144 205
144 309
144 363
144 376
144 377
144 378
145 197
145 203
145 213
145 223
145 297
145 373
145 477
145 486
146 147
146 150
146 177
146 396
146 412
146 438
146 458
147 245
147 377
147 451
148 156
148 288
148 294
148 329
148 337
148 402
148 448
149 164
149 187
149 202
149 264
149 306
149 333
149 358
149 388
150 176
150 199
150 229
150 238
150 265
150 272
150 293
150 302
150 332
150 334
150 340
150 355
150 375
150 377
150 384
150 404
150 459
150 466
150 472
151 398
152 159
152 160
152 197
152 277
152 281
152 482
153 288
153 408
153 442
154 172
154 221
154 257
154 331
154 375
154 395
154 399
154 407
154 463
155 156
155 468
156 163
156 174
156 204
156 233
156 261
156 267
156 312
156 355
157 169
157 226
157 233
157 259
157 282
157 293
157 356
158 190
158 226
158 298
158 355
158 386
158 412
158 436
158 479
158 506
159 216
159 254
159 318
160 168
160 182
160 195
160 321
160 434
160 448
160 452
160 470
160 483
160 484
160 510
161 212
161 475
162 168
162 192
162 213
162 244
162 261
162 334
162 388
162 415
162 482
163 207
163 215
163 240
163 319
163 385
163 420
163 474
163 497
164 165
164 206
164 211
164 223
164 230
164 254
164 259
164 303
164 311
164 349
164 422
164 449
164 507
165 302
165 419
165 469
166 181
166 197
166 323
166 334
166 335
166 378
166 382
166 423
166 443
166 460
166 467
166 476
166 492
166 510
167 169
167 218
167 300
167 383
168 180
168 231
168 252
168 253
168 328
168 332
168 342
168 486
168 489
169 171
169 174
169 328
169 407
169 446
170 214
170 228
170 249
170 313
170 358
170 393
170 410
170 488
170 500
171 280
171 391
171 461
172 188
172 233
172 254
172 436
173 181
173 185
173 208
173 239
173 255
173 386
173 408
173 421
173 449
173 456
173 467
173 495
173 501
174 187
174 200
174 222
174 223
174 228
174 241
174 291
174 329
174 350
174 476
175 198
175 236
175 252
175 295
175 375
176 189
176 190
176 211
176 382
176 385
176 433
176 435
177 194
177 199
177 245
177 309
177 351
177 402
177 509
178 191
178 262
178 333
178 494
178 504
179 187
179 195
179 306
179 332
179 405
180 337
180 356
181 198
181 216
181 217
181 226
181 239
181 269
181 373
181 389
181 411
182 194
182 312
182 366
182 383
182 384
182 461
182 490
183 319
183 377
183 411
183 440
184 287
184 348
184 381
184 494
185 217
185 476
186 267
186 276
186 326
186 421
187 189
187 240
187 297
187 408
187 418
187 468
187 495
188 259
188 326
188 335
189 204
189 432
190 197
190 247
190 259
191 242
191 417
192 204
192 209
192 216
192 298
192 395
192 463
193 293
193 353
193 437
193 445
194 240
194 242
194 258
194 262
194 276
194 302
194 342
194 482
195 409
196 244
196 273
196 298
196 341
196 426
196 507
197 238
197 350
198 345
199 200
199 351
199 369
199 396
200 216
200 261
200 264
200 381
200 396
200 485
201 213
201 247
201 429
201 441
202 296
202 500
203 260
203 418
203 472
204 317
204 354
204 383
205 277
205 413
205 421
205 439
205 463
206 251
206 376
206 396
206 425
206 483
207 210
207 245
207 252
207 290
207 317
208 220
208 286
208 300
208 362
208 379
208 401
208 419
208 421
208 473
209 501
210 244
210 313
210 316
210 330
210 340
210 415
211 322
211 390
211 395
211 420
212 253
212 256
212 283
212 291
212 429
214 232
215 388
215 395
215 413
215 414
216 279
216 293
216 435
217 222
217 244
217 265
217 488
217 509
218 221
218 249
218 320
218 321
218 388
218 425
218 428
218 449
219 253
219 294
219 324
221 230
221 232
221 284
221 323
221 346
221 358
221 384
221 396
222 264
222 292
222 339
222 359
222 485
223 325
223 358
223 408
224 310
224 448
225 267
225 372
225 380
225 394
225 453
225 506
226 336
226 396
226 503
227 238
227 240
227 252
227 456
228 231
228 249
228 260
228 401
228 444
228 468
228 484
229 295
229 344
229 363
229 422
230 252
230 304
230 348
230 509
231 254
231 269
232 277
232 369
233 246
233 320
233 364
233 410
233 425
234 290
234 303
234 331
234 378
234 504
235 270
235 271
235 272
235 309
235 411
235 445
235 447
235 491
236 272
236 283
236 308
236 380
236 404
237 315
237 355
238 365
239 406
239 428
240 241
240 274
241 255
241 302
241 448
241 455
242 363
242 502
243 256
243 336
244 251
244 291
244 301
244 308
244 452
245 305
245 309
245 491
246 265
246 294
246 338
246 367
246 404
247 275
247 422
247 444
248 256
248 270
248 315
248 374
248 404
248 503
249 252
249 276
249 297
249 341
249 344
249 388
249 424
249 432
249 453
249 469
250 348
251 262
252 275
252 326
252 374
252 403
252 427
256 504
257 347
258 268
259 273
259 304
259 328
259 341
259 379
259 437
260 297
260 375
260 385
260 429
261 306
261 362
261 487
262 276
262 320
262 374
262 423
263 313
263 336
263 357
263 410
263 429
264 272
264 344
264 349
264 351
264 367
264 439
264 466
265 268
265 307
265 345
265 428
265 456
266 269
266 426
266 481
266 491
267 280
267 289
267 384
267 507
268 327
269 289
270 296
270 381
270 502
271 329
271 359
271 362
271 418
271 431
271 433
272 340
273 334
273 369
273 417
274 319
274 343
274 352
274 393
274 444
275 318
275 414
275 448
276 277
276 280
276 286
277 282
277 285
277 287
277 316
277 346
277 476
278 391
278 418
278 443
279 415
281 328
281 358
281 479
282 320
282 359
282 405
282 494
284 381
284 390
284 395
285 347
285 394
285 461
285 509
287 295
287 312
287 322
287 426
288 462
289 314
291 333
291 350
292 329
292 335
292 368
292 387
292 460
293 363
293 384
293 399
293 459
293 462
294 342
294 387
294 423
294 452
295 485
296 324
296 378
296 436
297 325
297 428
297 486
298 388
298 392
298 475
299 360
299 361
300 373
300 449
300 453
300 461
301 442
301 452
302 425
302 491
302 506
303 415
304 341
304 405
304 427
304 452
304 465
306 358
306 378
306 438
307 415
308 434
308 451
309 327
309 331
309 389
310 379
310 385
311 316
311 330
311 361
311 493
312 336
312 393
312 453
312 495
313 323
313 459
313 481
314 361
314 382
314 424
315 351
315 460
315 499
316 427
316 468
317 369
317 426
317 440
318 466
319 470
320 333
320 352
320 383
320 480
320 495
321 357
321 398
321 412
321 453
321 471
322 385
323 458
324 507
325 328
325 455
325 488
326 332
327 334
327 469
327 488
328 335
328 465
329 473
330 460
331 414
331 480
332 458
332 463
332 482
333 436
334 478
335 386
335 467
336 345
336 419
336 484
337 340
337 432
338 395
338 493
340 402
340 405
341 399
344 383
344 462
346 469
346 479
346 481
347 508
348 455
350 435
350 502
351 352
352 403
355 398
356 360
356 362
356 381
356 464
356 469
356 510
357 469
358 367
358 380
358 403
359 400
360 454
360 498
361 372
361 402
361 485
362 503
363 419
363 477
363 481
364 423
365 430
365 437
366 408
366 497
368 402
368 419
369 448
370 375
370 391
370 474
371 413
371 484
372 400
372 437
372 481
374 380
374 390
374 410
375 397
375 477
377 394
377 444
378 446
379 381
379 491
380 437
380 487
380 499
381 412
381 428
381 445
381 499
382 438
382 497
382 503
382 510
383 408
386 398
386 407
386 480
387 461
387 476
388 398
388 406
388 508
389 506
390 399
391 403
391 494
391 505
392 414
393 468
393 488
399 407
400 502
401 451
402 435
403 505
406 446
406 500
408 469
409 436
410 428
411 449
412 483
414 441
414 466
415 502
416 440
417 429
419 477
420 450
421 426
421 472
421 511
422 454
424 431
425 458
425 489
428 477
429 489
430 456
431 484
432 467
433 460
435 440
435 475
436 505
441 454
442 462
445 495
446 487
447 458
447 461
447 497
448 464
449 473
449 507
451 466
453 505
455 473
456 464
458 461
459 482
463 465
466 510
467 468
474 500
475 486
475 495
477 494
478 489
481 499
492 507
