0 11
0 164
0 169
0 247
0 490
0 528
0 535
0 556
0 604
0 692
0 934
0 944
0 963
0 1012
1 127
1 266
1 278
1 438
1 533
1 587
1 629
1 636
1 690
1 905
1 978
2 97
2 124
2 197
2 204
2 302
2 357
2 394
2 503
2 556
2 711
2 723
2 743
2 761
2 828
2 905
2 913
3 162
3 202
3 223
3 249
3 252
3 425
3 431
3 618
3 650
3 710
3 736
3 789
3 889
3 893
4 220
4 257
4 356
4 496
4 690
4 706
4 720
4 729
5 33
5 151
5 158
5 181
5 209
5 470
5 534
5 710
5 723
5 780
5 798
6 108
6 114
6 145
6 191
6 258
6 317
6 565
6 650
6 685
6 695
6 715
6 780
6 852
6 875
6 983
6 1004
6 1007
7 50
7 117
7 155
7 157
7 324
7 529
7 583
7 623
7 785
7 949
7 974
7 1000
8 21
8 56
8 176
8 194
8 266
8 410
8 431
8 464
8 476
8 519
8 545
8 713
8 715
8 763
8 790
8 825
8 869
8 954
9 93
9 127
9 142
9 215
9 221
9 222
9 418
9 558
9 566
9 664
9 714
9 924
10 109
10 145
10 244
10 382
10 389
10 393
10 395
10 446
10 453
10 507
10 521
10 554
10 592
10 812
10 890
10 974
10 1019
11 116
11 301
11 329
11 382
11 417
11 563
11 618
11 676
11 788
11 841
11 856
11 938
11 963
12 235
12 258
12 305
12 401
12 424
12 510
12 561
12 610
12 679
12 717
12 760
12 906
12 1003
13 101
13 178
13 298
13 319
13 494
13 501
13 533
13 630
13 760
13 838
13 878
13 904
14 48
14 73
14 346
14 382
14 415
14 467
14 479
14 558
14 561
14 726
14 739
14 798
14 897
14 944
14 981
14 994
14 1012
15 71
15 145
15 226
15 246
15 314
15 438
15 709
15 734
15 802
16 114
16 143
16 168
16 171
16 228
16 346
16 350
16 440
16 599
16 640
16 686
16 722
16 875
16 884
16 891
16 931
16 932
16 1004
17 123
17 178
17 225
17 373
17 530
17 591
17 636
17 802
17 836
17 1009
18 146
18 332
18 430
18 438
18 600
18 637
18 642
18 707
18 794
18 923
18 934
18 1019
19 23
19 32
19 77
19 243
19 276
19 335
19 436
19 550
19 555
19 584
19 663
19 712
19 781
19 897
19 927
19 1004
20 74
20 248
20 346
20 370
20 520
20 634
20 656
20 701
20 763
20 816
20 828
20 842
20 847
21 58
21 108
21 120
21 328
21 415
21 486
21 499
21 623
21 921
21 946
21 957
22 54
22 102
22 444
22 519
22 538
22 607
22 681
22 771
22 825
22 894
23 45
23 74
23 287
23 405
23 657
23 731
23 733
23 739
23 888
24 25
24 82
24 108
24 154
24 198
24 225
24 296
24 368
24 380
24 492
24 691
24 724
24 756
24 823
24 868
24 898
24 935
24 1016
25 45
25 57
25 256
25 434
25 494
25 502
25 648
25 726
25 776
25 973
26 53
26 352
26 530
26 558
26 567
26 815
26 870
26 901
26 908
26 1010
27 39
27 77
27 160
27 419
27 428
27 566
27 620
27 775
27 879
27 892
28 49
28 51
28 64
28 70
28 154
28 161
28 179
28 215
28 286
28 408
28 433
28 714
28 740
28 810
28 852
28 925
28 1012
29 87
29 287
29 298
29 528
29 651
29 656
29 732
29 780
29 796
29 843
29 856
29 859
29 884
29 1006
29 1007
29 1021
30 151
30 186
30 217
30 222
30 259
30 313
30 322
30 456
30 479
30 529
30 835
31 141
31 251
31 302
31 339
31 367
31 409
31 444
31 451
31 472
31 475
31 602
31 669
31 836
31 861
31 910
32 56
32 171
32 259
32 362
32 462
32 477
32 510
32 517
32 549
32 601
32 645
32 681
32 702
32 816
32 928
32 968
32 1016
33 105
33 194
33 233
33 270
33 345
33 521
33 582
33 693
33 696
33 809
33 820
33 849
33 854
33 931
33 987
33 988
33 1017
33 1019
34 73
34 81
34 86
34 111
34 260
34 271
34 360
34 383
34 480
34 556
34 606
34 668
34 669
34 683
34 726
34 904
34 908
35 46
35 91
35 155
35 166
35 204
35 284
35 312
35 429
35 560
35 585
35 622
35 637
35 706
35 908
35 965
36 51
36 52
36 81
36 263
36 423
36 486
36 592
36 620
36 684
36 737
36 833
37 89
37 111
37 123
37 140
37 399
37 427
37 460
37 528
37 547
37 564
37 851
37 954
37 971
37 1010
37 1019
38 42
38 87
38 205
38 320
38 360
38 421
38 559
38 650
38 721
38 726
38 729
38 789
38 836
38 859
38 871
39 47
39 283
39 382
39 523
39 723
39 752
39 763
39 790
39 894
39 946
40 145
40 164
40 314
40 390
40 402
40 409
40 574
40 641
40 848
40 850
40 866
40 906
40 915
40 967
41 54
41 332
41 364
41 628
41 792
41 868
41 875
41 920
41 935
41 955
42 96
42 164
42 169
42 202
42 283
42 319
42 366
42 367
42 379
42 509
42 541
42 648
42 760
42 806
42 841
42 891
42 931
42 960
42 961
43 105
43 175
43 198
43 268
43 281
43 319
43 321
43 432
43 440
43 568
43 606
43 629
43 819
43 938
44 47
44 142
44 149
44 307
44 322
44 373
44 414
44 439
44 495
44 563
44 568
44 577
44 733
44 745
44 876
44 894
44 1023
45 69
45 97
45 107
45 151
45 191
45 216
45 224
45 283
45 310
45 613
45 625
45 636
45 645
45 733
45 744
45 840
46 58
46 101
46 194
46 336
46 501
46 547
46 557
46 682
46 683
46 926
46 961
47 72
47 235
47 328
47 411
47 479
47 482
47 507
47 517
47 566
47 659
47 711
47 735
47 778
47 807
48 54
48 58
48 68
48 97
48 216
48 243
48 417
48 427
48 463
48 540
48 564
48 686
48 761
48 771
48 776
48 819
48 1020
49 147
49 166
49 217
49 249
49 252
49 308
49 380
49 389
49 483
49 612
49 658
49 1023
50 59
50 245
50 308
50 364
50 410
50 412
50 450
50 500
50 523
50 646
50 684
50 726
50 804
50 822
50 853
50 892
50 938
50 1007
50 1009
51 59
51 119
51 162
51 393
51 464
51 485
51 566
51 573
51 600
51 601
51 620
51 626
51 651
51 700
51 929
52 57
52 121
52 139
52 222
52 235
52 254
52 325
52 396
52 523
52 542
52 557
52 649
52 689
52 700
52 865
52 874
52 891
52 964
53 161
53 218
53 418
53 576
53 622
53 676
53 737
53 844
53 935
53 1013
53 1017
54 144
54 174
54 206
54 216
54 315
54 416
54 451
54 610
54 628
54 642
54 668
54 726
54 870
54 884
54 969
54 1015
55 219
55 348
55 363
55 438
55 507
55 627
55 646
55 687
55 749
55 781
55 827
55 867
55 881
55 898
55 950
55 1003
56 100
56 166
56 214
56 253
56 267
56 353
56 420
56 506
56 507
56 511
56 611
56 639
56 706
56 754
56 870
56 893
56 898
56 923
57 187
57 228
57 262
57 305
57 372
57 434
57 530
57 535
57 564
57 717
57 825
57 880
57 901
57 929
57 940
58 126
58 261
58 570
58 584
58 634
58 771
58 801
58 925
58 944
59 110
59 114
59 126
59 132
59 143
59 309
59 556
59 779
59 794
59 795
59 831
59 868
59 902
59 1004
60 74
60 99
60 107
60 111
60 578
60 612
60 616
60 648
60 683
60 841
60 871
60 970
60 982
61 162
61 180
61 183
61 226
61 269
61 283
61 496
61 520
61 592
61 633
61 900
61 930
61 952
61 982
61 985
62 105
62 247
62 261
62 304
62 314
62 335
62 341
62 385
62 452
62 457
62 504
62 552
62 584
62 621
62 645
62 663
62 877
62 901
62 951
62 1020
63 260
63 355
63 370
63 464
63 514
63 530
63 577
63 666
63 688
63 761
63 858
63 880
63 978
64 104
64 159
64 194
64 211
64 261
64 362
64 416
64 434
64 458
64 465
64 529
64 556
64 559
64 566
64 570
64 658
64 718
64 797
64 826
64 881
65 208
65 238
65 252
65 281
65 302
65 519
65 533
65 595
65 601
65 615
65 624
65 790
65 815
65 844
65 996
66 174
66 267
66 406
66 480
66 546
66 619
66 621
66 688
66 834
67 248
67 286
67 349
67 390
67 469
67 490
67 503
67 535
67 543
67 565
67 586
67 699
67 750
67 877
67 957
67 958
67 965
67 987
67 1000
68 119
68 170
68 332
68 460
68 577
68 651
68 672
68 709
68 858
68 904
68 926
69 228
69 339
69 388
69 423
69 484
69 576
69 619
69 660
69 765
69 838
69 904
69 980
70 80
70 93
70 131
70 155
70 161
70 211
70 272
70 324
70 347
70 429
70 592
70 863
70 940
70 967
71 174
71 308
71 332
71 345
71 809
72 213
72 355
72 462
72 503
72 611
72 631
72 701
72 798
72 972
73 104
73 368
73 526
73 596
73 756
73 932
73 944
73 956
73 980
73 987
74 86
74 92
74 172
74 182
74 226
74 364
74 385
74 387
74 399
74 612
74 693
74 783
74 785
74 798
74 854
74 927
74 989
74 995
74 1002
75 103
75 123
75 213
75 371
75 410
75 457
75 481
75 547
75 595
75 663
75 828
75 881
76 249
76 286
76 340
76 343
76 426
76 473
76 676
76 725
76 746
76 747
76 778
76 798
76 990
77 307
77 323
77 334
77 394
77 504
77 543
77 566
77 585
77 611
77 635
77 704
77 814
77 910
78 163
78 192
78 235
78 301
78 397
78 426
78 438
78 510
78 880
78 938
78 1018
79 292
79 390
79 459
79 562
79 594
79 676
79 716
79 748
79 801
79 951
79 958
79 990
79 1015
80 129
80 282
80 377
80 391
80 424
80 544
80 572
80 596
80 640
80 650
80 810
80 821
81 242
81 273
81 348
81 356
81 429
81 453
81 565
81 634
81 690
81 712
81 733
81 811
81 909
81 987
81 1023
82 185
82 189
82 271
82 476
82 492
82 903
82 935
83 154
83 210
83 339
83 357
83 403
83 410
83 438
83 549
83 627
83 642
83 661
83 691
83 766
83 820
83 963
84 399
84 703
84 728
84 770
84 780
84 834
84 840
84 851
84 955
85 210
85 246
85 346
85 572
85 685
85 721
85 900
85 916
85 948
85 983
85 1021
86 105
86 161
86 405
86 445
86 479
86 540
86 648
86 803
86 913
86 968
87 382
87 644
87 732
87 736
87 742
87 879
87 953
87 1009
87 1019
88 166
88 229
88 312
88 424
88 494
88 529
88 560
88 596
88 757
88 782
88 925
88 945
89 202
89 349
89 386
89 465
89 598
89 604
89 648
89 680
89 687
89 694
89 870
89 901
89 950
90 92
90 95
90 99
90 125
90 176
90 523
90 525
90 528
90 601
90 633
90 742
90 764
90 925
90 975
91 167
91 214
91 400
91 477
91 497
91 530
91 564
91 809
91 845
91 1022
92 135
92 143
92 204
92 236
92 247
92 307
92 461
92 493
92 513
92 528
92 587
92 680
92 709
92 745
92 757
92 877
92 885
92 923
93 100
93 181
93 196
93 357
93 361
93 422
93 521
93 653
93 682
93 839
93 883
93 935
93 999
93 1007
94 142
94 344
94 473
94 526
94 579
94 1005
95 172
95 192
95 372
95 386
95 400
95 434
95 443
95 607
95 620
95 635
95 677
95 680
95 831
95 882
95 893
95 925
96 342
96 404
96 433
96 452
96 455
96 485
96 538
96 540
96 559
96 668
96 932
96 951
97 201
97 230
97 249
97 344
97 406
97 490
97 594
97 637
97 705
97 896
97 967
97 990
98 116
98 173
98 199
98 201
98 260
98 527
98 533
98 627
98 731
98 806
98 884
98 967
98 1020
99 296
99 312
99 337
99 494
99 505
99 603
99 606
99 660
99 684
99 731
99 815
99 904
99 1023
100 167
100 185
100 266
100 285
100 313
100 393
100 505
100 599
100 816
100 912
101 160
101 183
101 255
101 361
101 482
101 547
101 620
101 655
101 679
101 682
101 812
101 872
101 953
101 972
102 148
102 158
102 188
102 261
102 272
102 304
102 370
102 374
102 394
102 431
102 447
102 748
102 778
102 804
102 823
102 826
102 895
102 907
102 1013
102 1017
103 104
103 140
103 145
103 179
103 226
103 254
103 523
103 580
103 797
103 868
103 918
104 174
104 252
104 282
104 570
104 622
104 740
104 778
104 880
104 882
104 918
104 920
105 129
105 277
105 347
105 380
105 781
105 789
105 809
105 823
105 866
105 868
105 893
105 910
105 924
105 988
106 147
106 153
106 287
106 335
106 389
106 451
106 489
106 506
106 526
106 597
106 846
106 915
107 678
107 741
107 843
107 969
107 1017
108 190
108 344
108 377
108 642
108 700
108 776
108 913
108 969
109 136
109 184
109 233
109 239
109 293
109 395
109 397
109 563
109 592
109 632
109 637
109 653
109 787
109 923
109 947
109 958
110 131
110 165
110 169
110 181
110 226
110 242
110 305
110 314
110 644
110 661
110 692
110 740
110 814
110 973
110 975
111 170
111 280
111 284
111 299
111 347
111 358
111 372
111 379
111 434
111 443
111 533
111 539
111 630
111 692
111 886
111 923
111 964
112 124
112 366
112 434
112 471
112 585
112 660
112 728
112 738
112 740
112 829
112 830
113 220
113 416
113 425
113 500
113 505
113 557
113 585
113 754
113 776
113 853
113 861
113 863
113 903
113 918
113 988
113 1014
114 134
114 206
114 254
114 297
114 305
114 325
114 386
114 397
114 417
114 443
114 573
114 633
114 702
114 712
114 738
114 777
114 923
114 963
114 974
114 1013
115 172
115 233
115 237
115 297
115 299
115 433
115 540
115 678
115 957
116 203
116 289
116 461
116 481
116 544
116 926
117 200
117 210
117 293
117 340
117 470
117 478
117 550
117 758
117 760
117 801
117 937
117 953
117 964
118 286
118 299
118 335
118 388
118 723
118 759
118 791
118 814
118 853
118 887
118 893
118 991
118 1002
119 181
119 204
119 214
119 276
119 542
119 826
119 915
119 1021
120 166
120 278
120 332
120 501
120 707
120 847
120 968
121 208
121 220
121 323
121 353
121 451
121 556
121 624
121 720
121 752
121 853
122 206
122 337
122 339
122 542
122 558
122 584
122 624
122 784
122 804
123 285
123 347
123 382
123 396
123 400
123 549
123 554
123 742
123 862
123 975
124 306
124 431
124 472
124 542
124 556
124 620
124 691
124 700
124 701
124 782
124 820
124 897
124 956
125 134
125 175
125 198
125 219
125 400
125 480
125 536
125 554
125 700
125 715
125 816
125 920
126 157
126 164
126 278
126 332
126 358
126 441
126 575
126 576
126 634
126 664
126 1013
127 143
127 178
127 251
127 507
127 536
127 581
127 613
127 728
127 740
127 792
127 945
128 167
128 177
128 301
128 317
128 326
128 377
128 410
128 538
128 649
128 961
128 976
129 225
129 277
129 463
129 560
129 568
129 631
129 651
129 666
129 680
129 842
129 905
129 966
129 981
130 291
130 314
130 474
130 490
130 585
130 789
130 876
130 916
130 933
130 979
131 174
131 210
131 313
131 394
131 444
131 451
131 783
131 853
131 909
131 915
132 383
132 405
132 466
132 471
132 744
132 799
132 841
133 294
133 336
133 359
133 405
133 444
133 770
133 800
133 851
133 928
134 154
134 159
134 165
134 210
134 233
134 238
134 250
134 406
134 417
134 707
134 713
134 760
134 811
134 840
134 855
134 950
134 996
134 1012
134 1017
135 208
135 212
135 295
135 425
135 439
135 459
135 484
135 548
135 604
135 637
135 795
135 1003
136 140
136 217
136 277
136 284
136 338
136 359
136 414
136 420
136 432
136 476
136 687
136 741
136 881
137 186
137 214
137 223
137 234
137 372
137 460
137 472
137 499
137 507
137 597
137 822
137 844
137 866
137 907
138 159
138 189
138 260
138 479
138 683
138 718
138 824
138 1008
139 199
139 240
139 254
139 269
139 451
139 476
139 530
139 632
139 645
139 675
139 719
139 776
139 806
139 807
139 842
139 928
139 980
140 143
140 194
140 251
140 314
140 341
140 368
140 424
140 500
140 536
140 609
140 742
140 885
140 936
140 969
140 987
141 357
141 377
141 389
141 474
141 475
141 541
141 549
141 561
141 594
141 636
141 741
141 918
141 982
142 338
142 351
142 405
142 685
142 948
142 967
142 995
143 193
143 374
143 415
143 472
143 495
143 638
143 927
144 159
144 165
144 255
144 308
144 321
144 327
144 344
144 446
144 531
144 639
144 671
144 752
144 791
144 803
144 812
144 979
145 202
145 266
145 344
145 367
145 397
145 590
145 618
145 817
145 923
145 929
145 969
146 285
146 609
146 624
146 657
146 665
146 723
146 795
146 871
146 987
147 183
147 243
147 403
147 449
147 460
147 467
147 567
147 574
147 661
147 735
147 820
147 905
147 925
147 946
148 230
148 253
148 313
148 386
148 401
148 418
148 462
148 473
148 483
148 859
149 255
149 319
149 358
149 448
149 485
149 493
149 677
149 722
149 742
149 779
149 833
150 224
150 463
150 524
150 565
150 619
150 716
150 753
150 779
150 796
150 875
150 887
150 945
151 227
151 261
151 316
151 320
151 400
151 575
151 840
151 855
151 947
151 994
152 410
152 416
152 438
152 515
152 551
152 576
152 610
152 713
152 731
153 302
153 340
153 452
153 535
153 554
153 570
153 681
153 961
154 204
154 213
154 221
154 388
154 553
154 556
154 739
154 784
154 957
154 963
155 224
155 247
155 259
155 263
155 269
155 389
155 519
155 618
155 920
155 922
156 402
156 513
156 660
156 697
156 768
156 856
157 256
157 333
157 591
157 592
157 597
157 674
157 753
157 806
157 810
157 815
157 867
157 907
157 958
158 377
158 573
158 617
158 639
158 690
158 744
158 746
158 828
158 848
158 943
159 248
159 291
159 311
159 385
159 535
159 543
159 632
159 744
159 898
159 938
160 175
160 225
160 317
160 396
160 443
160 456
160 561
160 584
160 613
160 675
160 777
160 799
161 183
161 295
161 297
161 328
161 469
161 600
161 735
161 783
161 802
161 866
162 258
162 292
162 357
162 377
162 748
162 825
162 849
162 851
162 913
162 917
163 182
163 193
163 291
163 420
163 427
163 429
163 462
163 591
163 655
163 677
163 785
163 850
163 942
163 954
163 961
164 172
164 310
164 549
164 563
164 688
164 794
164 820
164 840
164 900
164 921
164 922
165 212
165 378
165 436
165 459
165 596
165 681
165 777
165 817
165 830
165 871
165 939
165 962
165 964
166 219
166 292
166 394
166 407
166 419
166 474
166 579
166 597
166 601
166 677
166 851
166 965
167 174
167 240
167 260
167 348
167 532
167 588
167 702
167 807
167 875
168 191
168 230
168 267
168 347
168 353
168 378
168 432
168 454
168 464
168 627
168 867
168 940
169 189
169 274
169 369
169 415
169 513
169 520
169 675
169 836
169 933
169 952
169 966
169 998
169 1006
169 1009
170 265
170 286
170 302
170 314
170 331
170 335
170 413
170 417
170 445
170 446
170 524
170 533
170 539
170 671
170 751
170 794
170 874
170 956
170 981
171 195
171 303
171 313
171 401
171 522
171 700
171 829
171 887
171 965
171 1004
171 1007
171 1008
172 637
172 658
172 692
172 702
172 739
172 818
172 821
172 849
172 904
173 215
173 216
173 352
173 453
173 475
173 477
173 489
173 510
173 536
173 557
173 655
173 751
173 789
173 865
174 225
174 229
174 823
174 915
175 259
175 286
175 329
175 363
175 413
175 436
175 512
175 665
175 856
176 229
176 386
176 475
176 511
176 529
176 613
176 618
176 700
176 785
176 857
176 985
177 282
177 314
177 373
177 463
177 524
177 632
177 786
177 841
177 994
178 204
178 288
178 367
178 625
178 648
178 805
178 834
178 889
178 917
178 975
178 1018
179 270
179 275
179 324
179 367
179 402
179 553
179 630
179 669
179 729
179 754
179 804
179 834
179 937
180 193
180 273
180 319
180 341
180 534
180 617
180 642
180 800
180 901
180 994
180 1011
181 216
181 373
181 434
181 550
181 648
181 686
181 696
181 735
181 820
181 975
181 983
181 985
182 270
182 407
182 430
182 485
182 575
182 595
182 725
182 956
182 976
182 982
182 1007
182 1015
183 269
183 406
183 437
183 449
183 536
183 629
183 707
183 722
183 735
183 754
183 804
183 956
183 974
184 205
184 377
184 445
184 495
184 521
184 546
184 562
184 585
184 672
184 694
184 733
184 823
184 909
184 924
184 1020
185 317
185 358
185 378
185 526
185 546
185 739
185 804
185 923
185 986
186 234
186 267
186 353
186 378
186 442
186 456
186 593
186 594
186 643
186 708
186 717
186 735
186 745
186 844
186 863
186 958
186 984
186 996
186 1021
187 578
187 778
187 793
187 911
188 297
188 308
188 474
188 556
188 632
188 659
188 704
188 709
188 799
188 872
188 896
188 914
188 933
189 355
189 464
189 472
189 531
189 694
189 696
189 702
189 721
189 823
189 889
189 908
189 942
190 191
190 293
190 406
190 501
190 515
190 766
190 874
190 889
190 968
191 278
191 423
191 447
191 569
191 611
191 618
191 859
191 914
191 981
191 1023
192 429
192 435
192 498
192 502
192 503
192 522
192 615
192 655
192 681
192 748
192 758
192 764
192 852
192 926
192 929
192 931
193 208
193 231
193 351
193 391
193 419
193 583
193 619
193 677
193 682
193 716
193 765
193 881
194 275
194 343
194 434
194 488
194 551
194 586
194 599
194 661
194 665
194 720
194 1008
195 203
195 235
195 242
195 263
195 269
195 445
195 493
195 576
195 704
195 742
195 888
195 935
195 975
195 1010
196 213
196 217
196 287
196 324
196 352
196 450
196 587
196 643
196 653
196 719
196 738
196 766
196 924
197 223
197 250
197 353
197 384
197 472
197 583
197 699
197 949
197 1006
198 278
198 279
198 306
198 334
198 447
198 448
198 575
198 619
198 622
198 626
198 642
198 651
198 767
198 793
198 943
198 973
198 1015
199 231
199 271
199 330
199 455
199 468
199 845
199 911
199 994
200 202
200 228
200 231
200 271
200 323
200 352
200 367
200 385
200 386
200 423
200 561
200 968
201 261
201 306
201 446
201 630
201 733
201 768
201 792
201 808
201 887
201 890
201 913
201 953
201 996
201 1011
202 252
202 290
202 332
202 436
202 661
202 731
202 777
202 849
202 941
202 1001
202 1013
203 289
203 300
203 413
203 434
203 684
203 732
203 762
203 799
203 811
203 813
203 830
203 839
203 843
203 899
204 319
204 356
204 366
204 375
204 395
204 474
204 587
204 604
204 609
204 761
204 869
204 973
204 1006
205 242
205 350
205 435
205 788
205 790
205 849
205 874
205 897
205 914
205 931
205 951
205 1010
206 243
206 287
206 553
206 631
206 750
206 770
206 887
206 907
206 936
207 211
207 220
207 236
207 250
207 282
207 334
207 405
207 526
207 545
207 579
207 756
207 807
207 831
207 844
207 893
208 236
208 473
208 488
208 625
208 661
208 685
208 781
208 927
209 223
209 285
209 360
209 364
209 404
209 516
209 623
209 772
209 800
209 802
209 823
209 824
209 870
209 877
210 251
210 368
210 455
210 514
210 601
210 726
210 872
210 914
210 960
211 257
211 369
211 383
211 420
211 530
211 572
211 660
211 676
211 704
211 764
211 991
212 343
212 660
212 701
212 710
212 741
212 861
212 891
212 910
212 989
213 413
213 490
213 781
213 796
213 809
213 855
213 938
213 972
214 232
214 428
214 449
214 519
214 602
214 709
214 829
214 837
214 844
214 860
214 914
214 1018
215 265
215 368
215 374
215 376
215 382
215 446
215 601
215 712
215 720
215 810
215 926
215 928
215 970
216 254
216 374
216 449
216 464
216 498
216 686
216 727
216 937
216 1001
217 346
217 481
217 603
217 795
217 810
217 859
217 900
217 936
217 954
218 460
218 794
218 863
218 873
218 936
219 254
219 276
219 461
219 470
219 557
219 596
219 663
219 726
219 793
219 830
219 893
219 910
219 928
220 239
220 257
220 377
220 487
220 521
220 559
220 594
220 639
220 806
220 895
220 912
220 940
221 260
221 324
221 329
221 432
221 480
221 730
221 790
221 857
221 900
221 1004
221 1015
222 422
222 507
222 548
222 672
222 776
222 840
222 864
222 887
222 988
223 233
223 256
223 443
223 486
223 547
223 556
223 582
223 617
223 679
223 759
223 808
223 926
223 930
224 236
224 312
224 419
224 566
224 603
224 694
224 731
224 756
224 841
224 1011
225 304
225 310
225 383
225 412
225 437
225 440
225 523
225 721
225 787
225 806
226 301
226 304
226 365
226 391
226 536
226 669
226 701
226 793
226 850
226 910
226 944
226 955
226 982
227 259
227 364
227 387
227 511
227 696
227 728
227 828
227 843
227 869
227 975
228 283
228 290
228 518
228 702
228 773
228 782
228 816
228 924
228 933
229 270
229 325
229 406
229 425
229 614
229 622
229 753
229 860
230 247
230 251
230 261
230 430
230 545
230 578
230 659
230 726
230 734
230 923
230 1012
231 248
231 491
231 528
231 669
231 760
231 822
231 958
231 978
232 235
232 270
232 283
232 292
232 322
232 339
232 350
232 476
232 491
232 626
232 686
232 811
232 828
232 918
233 245
233 277
233 450
233 483
233 489
233 547
233 798
233 896
233 912
234 293
234 421
234 476
234 583
234 621
234 665
234 684
234 820
234 925
235 241
235 400
235 425
235 486
235 605
235 662
235 765
235 794
235 799
235 870
235 952
235 954
235 983
236 377
236 421
236 489
236 503
236 509
236 942
236 995
237 259
237 358
237 379
237 393
237 468
237 519
237 554
237 628
237 669
237 773
237 805
237 828
237 847
237 894
237 923
237 980
237 1015
238 251
238 347
238 467
238 717
238 740
238 742
238 858
238 900
238 969
239 274
239 323
239 336
239 424
239 525
239 532
239 692
239 767
239 840
239 944
239 959
239 979
240 360
240 424
240 650
240 908
241 271
241 636
241 754
241 794
241 812
241 836
241 1009
241 1023
242 290
242 314
242 316
242 347
242 355
242 361
242 450
242 572
242 718
242 801
242 802
242 850
243 331
243 337
243 412
243 536
243 577
243 629
243 727
243 756
243 801
243 952
243 971
243 984
244 272
244 300
244 355
244 384
244 391
244 554
244 559
244 568
244 573
244 675
244 821
244 828
244 840
244 851
244 1000
245 259
245 418
245 555
245 642
245 964
245 988
246 260
246 262
246 275
246 297
246 404
246 522
246 533
246 624
246 802
247 493
247 594
247 760
247 906
247 1000
248 259
248 270
248 279
248 282
248 366
248 398
248 432
248 473
248 474
248 497
248 545
248 573
248 624
248 629
248 704
248 706
248 841
248 899
248 1011
249 384
249 466
249 499
249 507
249 775
249 840
249 864
249 900
249 947
249 958
250 516
250 585
250 644
250 742
250 804
250 1020
251 342
251 372
251 379
251 424
251 496
251 537
251 680
251 817
251 859
251 860
251 927
251 969
252 316
252 362
252 574
252 575
252 706
252 794
252 1015
253 258
253 287
253 288
253 322
253 376
253 499
253 591
253 647
253 662
253 681
253 759
253 920
253 984
253 1006
254 288
254 300
254 322
254 481
254 600
254 908
254 914
254 994
255 282
255 302
255 306
255 386
255 444
255 446
255 618
255 645
255 686
255 748
255 753
255 864
255 913
255 953
256 307
256 477
256 588
256 618
256 710
256 788
256 825
256 1015
257 341
257 403
257 504
257 727
257 901
257 1014
258 275
258 477
258 516
258 526
258 778
258 868
259 391
259 403
259 415
259 597
259 616
259 639
259 642
259 673
259 708
259 787
259 867
259 921
259 956
259 972
259 1020
260 361
260 389
260 403
260 419
260 440
260 511
260 637
260 744
260 750
260 755
260 823
260 953
261 434
261 455
261 540
261 673
261 841
261 898
262 319
262 421
262 463
262 490
262 500
262 580
262 657
262 700
262 731
262 894
262 937
263 350
263 445
263 483
263 506
263 523
263 541
263 634
263 797
263 806
263 867
263 871
263 1012
264 265
264 559
264 712
264 747
264 751
264 919
264 980
264 986
265 331
265 339
265 387
265 489
265 496
265 621
265 700
265 777
265 814
265 1019
266 317
266 326
266 340
266 418
266 462
266 472
266 520
266 604
266 622
266 697
266 711
266 719
267 509
267 511
267 512
267 553
267 558
267 583
267 735
267 758
267 768
267 1004
268 338
268 396
268 573
268 619
268 631
268 694
268 729
268 731
268 738
268 743
268 754
268 805
268 895
268 977
268 988
268 1019
268 1023
269 285
269 389
269 415
269 446
269 472
269 544
269 657
269 764
269 791
269 792
269 809
269 828
269 855
269 897
269 902
269 918
269 925
269 1017
270 337
270 405
270 414
270 440
270 512
270 604
270 631
270 663
270 736
270 858
270 865
270 923
270 996
271 275
271 310
271 311
271 344
271 508
271 520
271 643
271 877
271 962
271 983
272 485
272 487
272 565
272 684
272 806
273 326
273 435
273 485
273 541
273 716
273 724
273 767
273 785
273 932
274 517
274 645
274 852
274 883
274 1010
275 402
275 477
275 504
275 593
275 669
275 790
276 319
276 546
276 592
276 693
276 771
276 842
276 982
276 983
276 1018
276 1021
277 313
277 386
277 424
277 517
277 522
277 789
277 802
277 948
278 310
278 345
278 452
278 455
278 637
278 757
278 814
278 870
278 934
278 993
279 372
279 386
279 403
279 415
279 479
279 584
279 707
279 924
280 307
280 361
280 363
280 443
280 512
280 545
280 575
280 629
280 771
280 783
280 792
280 812
280 973
281 345
281 468
281 486
281 558
281 583
281 594
281 639
281 716
281 867
281 870
282 336
282 434
282 464
282 487
282 505
282 595
282 664
282 717
282 722
282 811
282 825
282 943
282 946
282 1023
283 317
283 368
283 420
283 577
283 579
283 588
283 711
283 718
283 774
283 842
284 629
284 648
284 801
284 802
284 823
284 834
284 891
284 980
284 1008
285 303
285 310
285 326
285 398
285 543
285 592
286 329
286 382
286 417
286 555
286 614
286 678
286 917
286 960
286 996
286 1010
287 289
287 415
287 451
287 580
287 618
287 715
287 842
287 914
288 400
288 544
288 599
288 652
288 664
288 775
288 811
288 862
288 876
288 897
288 986
289 294
289 330
289 449
289 488
289 516
289 535
289 565
289 574
289 654
289 735
289 900
289 953
289 1012
290 374
290 413
290 430
290 470
290 476
290 705
290 744
290 831
290 957
290 966
291 294
291 310
291 373
291 422
291 456
291 590
291 593
291 662
291 769
291 956
291 965
291 979
292 414
292 451
292 480
292 614
292 842
293 317
293 373
293 413
293 459
293 536
293 537
293 543
293 557
293 571
293 737
293 889
293 1014
294 345
294 439
294 442
294 496
294 678
294 732
294 832
294 895
294 1003
295 398
295 425
295 497
295 733
295 775
295 846
295 869
295 882
295 931
295 957
296 322
296 397
296 435
296 465
296 512
296 513
296 629
296 866
296 875
296 889
296 914
297 370
297 376
297 412
297 646
297 666
297 688
297 715
297 716
297 758
297 801
297 809
297 970
297 972
298 349
298 534
298 537
298 547
298 600
298 806
298 854
298 869
298 916
298 972
299 404
299 436
299 457
299 532
299 536
299 539
299 620
299 767
299 804
299 816
299 828
299 895
299 916
299 941
299 988
300 307
300 472
300 476
300 634
300 753
300 870
300 875
300 954
300 971
301 330
301 360
301 515
301 569
301 710
301 728
301 797
301 810
301 820
301 1006
302 366
302 403
302 606
302 731
302 825
302 838
302 863
302 942
302 944
302 955
302 971
302 982
302 1019
303 316
303 335
303 437
303 461
303 488
303 643
303 735
303 771
303 825
303 831
303 844
303 858
303 862
303 907
303 927
304 344
304 407
304 435
304 443
304 545
304 639
304 656
304 704
304 814
304 837
304 851
304 901
304 995
305 350
305 458
305 515
305 652
305 677
305 727
305 794
305 868
305 937
305 1019
306 395
306 400
306 427
306 522
306 576
306 636
306 663
306 693
306 708
306 731
306 767
306 816
306 832
306 858
306 889
306 944
306 960
307 330
307 699
307 734
307 787
307 800
307 878
307 910
307 935
308 435
308 454
308 458
308 557
308 562
308 667
308 723
308 759
308 779
308 781
308 806
309 328
309 329
309 420
309 477
309 619
309 690
309 793
309 917
309 954
309 956
309 966
309 995
309 1011
310 382
310 402
310 545
310 656
310 740
310 901
310 924
310 974
311 378
311 830
311 874
311 875
311 888
311 1001
312 349
312 359
312 390
312 408
312 433
312 446
312 452
312 514
312 551
312 720
312 848
312 926
312 937
312 995
312 1001
313 328
313 409
313 473
313 535
313 566
313 736
313 770
313 983
313 990
314 416
314 447
314 579
314 594
314 616
314 768
314 779
314 834
314 850
314 892
314 967
315 363
315 423
315 435
315 485
315 520
315 613
315 645
315 831
315 860
315 906
315 962
316 337
316 425
316 478
316 554
316 603
316 904
317 396
317 468
317 529
317 530
317 568
317 648
317 660
317 663
317 697
317 808
317 819
317 943
317 1002
317 1014
318 458
318 471
318 696
318 761
318 864
318 896
319 365
319 442
319 782
319 943
319 979
320 444
320 449
320 453
320 562
320 582
320 601
320 622
320 649
320 785
320 812
320 879
320 964
320 1017
321 344
321 353
321 354
321 433
321 453
321 513
321 695
321 757
321 802
321 860
321 871
321 876
321 895
321 907
321 999
322 352
322 355
322 505
322 640
322 901
322 932
322 1004
323 399
323 409
323 499
323 502
323 645
323 665
323 779
323 826
323 978
324 477
324 478
324 582
324 717
324 741
324 798
325 362
325 403
325 510
325 703
325 757
325 994
326 417
326 428
326 513
326 522
326 695
326 713
326 760
326 804
326 844
326 880
326 903
326 1009
327 398
327 471
327 486
327 509
327 547
327 636
327 638
327 755
327 778
327 814
327 832
327 900
327 933
327 1000
328 330
328 362
328 364
328 550
328 567
328 610
328 876
328 901
328 945
328 999
329 427
329 478
329 562
329 573
329 672
329 726
329 735
329 762
329 830
329 995
330 477
330 483
330 532
330 720
330 730
330 759
330 776
330 796
330 808
330 813
330 937
331 341
331 373
331 554
331 610
331 623
331 846
331 871
331 1003
332 415
332 480
332 565
332 693
332 813
332 845
332 860
332 942
332 978
333 378
333 427
333 535
333 740
333 814
333 820
333 823
333 872
333 954
333 958
333 970
333 980
334 336
334 454
334 550
334 565
334 776
334 813
334 857
334 866
334 916
334 986
334 1011
335 424
335 506
335 789
335 793
336 355
336 375
336 462
336 552
336 681
336 747
336 753
336 835
336 869
337 397
337 427
337 444
337 505
337 549
337 637
337 641
337 729
337 780
337 885
337 926
338 343
338 356
338 392
338 411
338 429
338 436
338 511
338 519
338 606
338 751
338 867
339 486
339 508
339 558
339 578
339 681
339 773
340 364
340 531
340 534
340 596
340 643
340 694
340 757
340 774
340 843
340 889
340 913
340 959
341 388
341 428
341 466
341 691
341 858
341 888
341 904
342 365
342 367
342 472
342 551
342 601
342 616
342 643
342 771
342 852
342 989
343 416
343 440
343 526
343 885
343 911
343 912
343 956
344 360
344 495
344 508
344 531
344 564
344 827
344 886
345 397
345 447
345 449
345 488
345 502
345 603
345 840
345 978
346 534
346 538
346 561
346 583
346 589
346 620
346 663
346 806
347 495
347 584
347 586
347 617
347 639
347 642
347 690
347 694
347 702
347 737
347 817
347 827
347 887
347 1009
348 416
348 448
348 504
348 523
348 527
348 565
348 587
348 608
348 683
348 705
348 744
348 753
348 805
348 919
348 1006
348 1009
349 507
349 528
349 726
349 770
349 891
349 945
349 959
350 359
350 415
350 620
350 662
350 758
350 864
350 932
350 969
350 979
351 365
351 385
351 550
351 552
351 562
351 631
351 659
351 688
351 983
351 990
352 505
352 518
352 662
352 750
352 944
352 955
352 960
352 987
353 370
353 421
353 470
353 709
353 824
353 846
353 856
354 382
354 412
354 417
354 540
354 543
354 555
354 557
354 589
354 603
354 653
354 696
354 787
354 827
354 969
354 990
355 380
355 384
355 419
355 452
355 503
355 562
355 620
355 668
355 841
355 847
355 945
356 490
356 696
356 712
356 733
356 867
357 383
357 439
357 504
357 534
357 553
357 555
357 685
357 709
357 777
357 902
358 535
358 565
358 644
358 688
358 722
358 816
358 945
359 441
359 559
359 566
359 771
359 784
359 792
359 863
359 924
359 941
359 990
360 388
360 391
360 394
360 416
360 516
360 551
360 591
360 625
360 809
360 830
361 544
361 613
361 637
361 652
361 732
361 803
361 867
361 938
362 369
362 384
362 452
362 505
362 607
362 698
362 740
362 754
362 945
363 364
363 400
363 426
363 443
363 485
363 534
363 587
363 670
363 702
363 753
363 889
363 946
363 959
364 386
364 445
364 530
364 729
364 730
364 958
365 392
365 630
365 644
365 715
365 742
365 751
365 752
365 790
365 799
365 839
365 936
365 999
366 440
366 462
366 491
366 657
366 676
366 733
366 768
366 920
367 438
367 798
367 884
367 904
367 916
367 942
367 963
367 980
367 990
368 513
368 724
368 759
368 815
368 854
368 871
369 447
369 486
369 685
369 701
369 752
369 818
369 825
369 853
369 892
369 902
369 927
369 968
370 381
370 443
370 477
370 480
370 507
370 514
370 590
370 592
370 631
370 635
370 678
371 395
371 433
371 469
371 633
371 731
371 814
371 858
371 862
371 886
371 924
371 948
371 963
371 972
371 974
371 1011
371 1013
372 406
372 482
372 563
372 576
372 796
372 867
372 868
372 942
373 461
373 498
373 544
373 548
373 560
373 571
373 718
373 790
373 869
373 880
373 999
374 574
374 607
374 698
374 722
374 747
374 748
374 772
375 471
375 561
375 646
375 780
375 895
375 923
375 965
376 418
376 430
376 440
376 463
376 490
376 588
376 765
376 822
376 849
376 869
376 936
377 488
377 568
377 605
377 906
377 919
377 991
377 1012
378 420
378 662
378 810
378 823
378 849
378 899
378 914
378 943
379 541
379 652
379 798
379 867
379 946
380 409
380 664
380 769
380 955
380 1004
380 1012
381 614
381 739
381 811
381 832
381 962
381 963
382 445
382 454
382 482
382 495
382 649
382 725
382 761
382 785
382 1013
383 456
383 626
383 681
383 790
383 801
383 1018
384 395
384 414
384 569
384 655
384 702
384 790
384 791
384 837
384 988
385 427
385 483
385 509
385 541
385 624
385 708
385 716
385 786
385 831
385 887
385 1011
386 416
386 654
386 708
386 763
386 809
386 912
386 948
386 957
386 1004
387 446
387 476
387 601
387 607
387 688
387 695
387 766
387 886
387 907
387 924
387 940
387 956
387 967
387 1019
388 632
388 636
388 686
388 785
388 932
388 994
389 424
389 436
389 469
389 479
389 578
389 747
389 794
389 894
390 541
390 551
390 580
390 620
390 753
390 768
390 805
390 807
390 873
390 968
390 971
391 443
391 449
391 511
391 541
391 550
391 609
391 631
391 633
391 708
391 735
391 835
391 856
391 951
391 994
391 1010
392 447
392 651
392 726
392 802
392 900
392 948
392 961
393 751
393 909
394 429
394 488
394 551
394 893
394 925
394 972
394 1007
395 730
395 808
395 824
395 837
395 913
395 981
396 403
396 443
396 793
396 809
396 833
396 871
396 910
397 488
397 592
397 710
397 791
397 819
397 881
397 969
397 975
398 408
398 433
398 516
398 537
398 554
398 663
398 693
398 738
398 774
398 918
398 935
399 586
399 704
399 731
399 737
399 913
400 431
400 532
400 593
400 621
400 831
400 931
401 444
401 445
401 502
401 546
401 679
401 731
401 775
401 791
401 917
402 410
402 423
402 559
402 579
402 664
402 665
402 826
402 865
402 871
402 903
402 938
403 442
403 459
403 506
403 528
403 557
403 644
403 684
403 697
403 755
403 767
403 825
403 853
403 859
403 868
403 882
403 929
403 1007
403 1011
404 407
404 441
404 452
404 591
404 647
404 675
404 827
404 855
404 903
404 904
404 978
405 406
405 439
405 448
405 451
405 744
405 768
405 782
405 804
405 854
405 923
405 990
406 520
406 610
406 612
406 676
406 727
406 737
406 770
406 872
406 879
406 978
406 1009
407 643
407 770
407 864
407 872
407 886
407 944
408 429
408 662
408 671
408 855
408 878
408 1011
409 504
409 664
409 668
409 699
409 744
409 780
409 819
409 843
409 912
409 953
409 980
409 981
410 443
410 483
410 523
410 528
410 530
410 532
410 763
410 915
411 416
411 463
411 472
411 483
411 487
411 516
411 602
411 625
411 627
411 669
411 760
411 837
411 859
411 880
412 612
412 883
412 1008
413 523
413 543
413 574
413 575
413 602
413 607
413 771
413 953
413 979
414 442
414 524
414 535
414 594
414 607
414 686
414 688
414 786
414 869
414 997
415 460
415 490
415 526
415 666
415 753
415 764
415 834
415 837
415 845
415 914
415 962
415 995
415 1009
416 492
416 504
416 577
416 745
416 802
416 845
416 847
416 885
417 422
417 502
417 578
417 688
417 786
418 424
418 427
418 441
418 460
418 581
418 594
418 605
418 640
418 889
418 892
418 923
418 960
419 454
419 724
419 881
419 981
420 554
420 646
420 829
420 918
421 514
421 535
421 536
421 553
421 644
421 730
421 778
421 781
421 828
421 876
421 880
421 913
421 978
422 424
422 493
422 551
422 576
422 599
422 600
422 604
422 648
422 656
422 664
422 669
422 678
422 782
422 996
422 1001
423 513
423 518
423 627
423 724
423 936
424 440
424 451
424 567
424 573
424 599
424 638
424 759
424 877
425 484
425 838
425 911
426 750
426 756
426 797
426 845
426 1020
427 466
427 598
427 873
427 936
427 959
427 962
428 776
428 975
428 1016
429 441
429 461
429 467
429 550
429 599
429 667
429 738
429 741
429 748
429 801
429 964
430 484
430 765
430 772
430 791
430 893
430 897
430 957
430 963
430 980
431 451
431 452
431 467
431 522
431 675
431 694
431 742
431 801
431 826
431 828
431 871
431 896
431 929
431 1001
431 1016
432 470
432 575
432 594
432 735
432 799
432 999
432 1010
433 504
433 583
433 626
433 633
433 777
433 916
433 1000
434 461
434 574
434 611
434 635
434 644
434 680
434 736
434 832
434 870
434 926
434 960
434 1022
435 571
435 597
435 797
435 808
435 857
435 899
435 926
435 961
436 521
436 539
436 698
436 765
436 792
436 905
436 933
437 450
437 507
437 511
437 557
437 576
437 616
437 661
437 709
437 738
437 792
437 801
437 877
437 881
437 946
438 444
438 707
438 784
439 543
439 643
439 720
439 734
439 792
439 929
439 1001
440 470
440 528
440 564
440 615
440 658
440 716
440 741
440 830
440 849
441 459
441 674
441 781
441 790
441 878
441 882
441 884
442 485
442 666
442 896
442 971
442 985
442 1000
443 460
443 494
443 504
443 519
443 571
443 734
443 753
443 913
444 589
444 603
444 746
444 780
445 493
445 526
445 597
445 673
445 767
445 899
445 929
446 585
446 614
446 648
446 654
446 747
446 759
446 796
446 995
446 998
447 498
447 621
447 671
447 916
447 936
447 970
448 514
448 569
448 575
448 581
448 663
448 760
448 927
449 471
449 695
449 722
449 958
449 995
450 656
450 737
450 818
450 866
450 956
451 491
451 516
451 553
451 732
451 737
451 750
451 765
451 827
451 966
452 456
452 469
452 567
452 667
452 882
452 884
453 615
453 616
453 650
453 760
453 774
453 792
453 930
453 986
454 605
454 654
454 661
454 815
454 871
454 874
455 459
455 657
455 785
455 961
455 1014
456 647
456 730
456 873
456 895
456 906
456 910
457 508
457 576
457 583
457 657
457 701
457 944
457 1006
458 461
458 470
458 477
458 517
458 729
458 842
458 844
459 496
459 567
459 583
459 585
459 613
459 637
459 661
459 823
459 902
460 488
460 540
460 582
460 616
460 617
460 789
460 864
460 999
461 497
461 654
461 676
461 677
461 681
461 711
461 843
461 858
462 513
462 632
462 714
462 767
462 809
462 852
462 915
462 946
462 961
462 971
463 482
463 497
463 804
463 988
464 556
464 622
464 806
464 813
464 904
465 494
465 501
465 537
465 569
465 663
465 871
466 515
466 689
466 711
466 712
466 721
466 754
466 769
466 771
466 852
466 995
466 1016
467 468
467 482
467 506
467 604
467 616
467 633
467 700
467 994
468 469
468 475
468 476
468 535
468 559
468 603
468 610
468 650
468 834
468 999
469 502
469 578
469 619
469 646
469 677
469 701
469 810
469 1018
470 546
470 559
470 633
470 645
470 688
470 730
470 979
470 987
470 988
471 516
471 575
471 588
471 622
471 768
471 797
471 835
471 880
471 945
471 989
472 559
472 633
472 706
472 712
472 778
472 790
472 823
472 922
472 931
472 937
472 944
472 962
472 981
472 1009
473 550
473 590
473 609
473 657
473 811
473 886
473 916
473 1003
474 522
474 595
474 694
474 798
474 1021
475 589
475 608
475 656
475 660
475 864
475 962
475 1010
476 530
476 535
476 589
476 1008
477 532
477 706
477 774
477 823
477 919
477 948
477 1020
477 1021
478 479
478 491
478 556
478 637
478 725
478 752
478 755
478 756
478 922
478 1010
479 676
479 745
479 969
480 557
480 629
480 665
480 885
480 963
480 977
481 516
481 653
481 710
481 799
481 856
481 887
481 924
481 969
482 510
482 654
482 701
482 860
482 869
482 884
483 501
483 511
483 555
483 637
483 646
483 743
483 752
483 890
483 935
484 507
484 550
484 595
484 660
484 671
484 681
484 860
484 999
485 567
485 576
485 603
485 711
485 746
485 748
485 800
485 805
486 497
486 896
486 917
486 929
487 489
487 534
487 592
487 618
487 635
487 673
487 723
487 729
487 748
487 764
487 784
487 793
487 843
487 870
487 968
487 990
488 525
488 730
488 768
488 824
488 1014
488 1018
489 555
489 562
489 590
489 601
489 643
489 645
489 700
489 711
489 907
489 916
489 938
489 953
489 1014
490 526
490 532
490 676
490 755
490 807
490 813
490 831
490 889
490 919
490 957
490 966
490 1002
490 1022
491 531
491 575
491 618
491 656
491 806
492 543
492 561
492 694
492 703
492 822
492 876
492 953
492 957
492 978
493 516
493 520
493 561
493 568
493 636
493 669
493 678
493 939
493 999
494 637
494 837
495 609
495 653
495 789
495 829
495 881
496 630
496 633
496 679
496 708
496 757
496 822
496 960
496 1020
497 719
497 775
497 830
497 853
498 536
498 696
498 767
498 818
498 920
498 939
498 982
499 512
499 526
499 575
499 587
499 590
499 730
499 885
499 976
499 1012
500 824
501 506
501 518
501 530
501 685
501 690
501 723
501 771
501 906
501 978
501 1008
502 858
503 586
503 591
503 607
503 770
503 822
503 842
503 850
503 933
504 625
504 875
505 564
505 701
505 903
505 923
505 952
505 957
505 1007
506 610
506 664
506 719
506 751
506 796
506 889
506 967
507 558
507 633
507 713
507 898
508 558
508 590
508 635
508 638
508 790
508 827
508 835
508 877
508 960
508 967
508 1009
509 526
509 540
509 646
509 659
509 665
509 759
509 762
509 767
509 901
509 988
510 516
510 581
510 619
510 807
510 860
510 870
510 877
510 1023
511 579
511 667
511 697
511 799
511 816
511 834
512 521
512 713
512 762
512 809
512 818
512 830
512 859
513 570
513 591
513 602
513 631
513 704
513 760
514 529
514 560
514 584
514 664
514 828
514 848
514 927
514 941
514 960
515 534
515 586
515 604
515 704
515 706
515 850
515 969
516 634
516 736
516 832
516 835
516 914
516 970
516 980
517 745
517 765
517 899
517 905
517 982
517 1020
517 1023
518 519
518 564
518 640
518 850
518 871
518 923
519 581
519 665
519 693
519 758
519 845
519 859
519 875
519 922
519 1005
520 588
520 595
520 638
520 847
520 893
520 929
520 1006
521 538
521 552
521 756
521 844
521 926
522 571
522 697
522 705
522 717
522 727
522 771
522 773
522 907
522 987
523 545
523 621
523 676
523 683
523 838
523 866
523 879
523 960
524 552
524 593
524 723
525 558
525 587
525 618
525 651
525 755
525 769
525 810
525 872
526 616
526 627
526 717
526 831
526 913
526 914
526 1006
527 580
527 649
527 687
527 720
527 807
527 843
527 892
527 924
527 925
527 944
527 1011
528 608
528 676
528 734
528 768
528 849
528 981
528 985
529 749
529 942
530 562
530 612
530 662
530 681
530 811
530 838
530 866
530 869
530 877
530 944
530 1005
531 575
531 700
531 710
531 823
531 836
531 905
531 927
531 932
531 1022
532 557
532 615
532 678
532 806
532 886
532 973
533 582
533 622
533 657
533 738
534 583
534 711
534 753
534 792
534 826
534 839
534 912
535 583
535 700
535 707
535 739
535 741
535 744
535 967
535 984
536 670
536 695
536 715
536 734
536 738
536 766
536 956
537 676
537 748
537 759
537 819
537 851
537 914
538 622
538 742
538 819
538 856
538 963
538 996
539 593
539 607
539 701
539 730
539 912
539 1005
539 1009
540 625
540 811
540 886
540 900
540 908
540 1012
541 711
541 721
541 748
541 822
541 858
541 923
541 942
541 992
542 558
542 564
542 891
542 925
542 936
542 960
542 981
543 887
543 912
543 991
543 992
544 570
544 600
544 647
544 658
544 715
544 720
544 801
544 917
544 933
544 971
545 657
545 757
545 977
546 615
546 709
546 747
546 926
546 965
546 971
547 550
547 633
547 686
547 786
547 977
548 574
548 627
548 687
548 908
548 952
548 977
548 978
549 640
549 657
549 662
549 681
549 695
549 696
549 709
549 775
549 912
549 926
550 551
550 557
550 719
550 820
551 643
551 645
551 745
551 780
551 811
551 835
551 848
551 899
551 928
551 980
551 1021
552 560
552 605
552 653
552 677
552 721
552 796
552 830
552 947
552 952
552 998
553 568
553 593
553 684
554 574
554 675
554 690
554 693
554 696
554 737
554 818
554 955
554 956
554 1012
555 601
555 641
555 758
555 807
556 681
556 768
556 793
556 834
556 877
556 962
557 773
557 797
557 823
557 861
558 585
558 595
558 688
558 1002
559 603
559 647
559 735
559 748
560 592
560 721
560 793
560 837
560 951
561 572
561 718
561 774
561 821
561 824
561 892
561 932
562 571
562 590
562 626
562 627
562 744
562 754
562 792
562 830
562 850
563 628
563 799
563 802
563 811
563 814
563 818
563 909
563 971
564 586
564 595
564 616
564 654
564 664
564 739
564 762
564 789
564 933
564 958
564 978
564 1002
565 685
565 718
565 827
565 849
565 895
565 906
565 908
565 916
565 990
565 996
566 575
566 697
566 915
566 953
567 595
567 605
567 715
567 846
567 849
567 970
567 995
568 634
568 651
568 680
568 695
568 813
568 824
568 882
568 974
568 979
569 639
569 661
569 679
569 691
569 923
570 653
570 656
570 714
570 889
570 990
571 639
571 648
571 663
571 703
571 725
571 755
571 792
571 901
571 945
571 1009
572 575
572 578
572 651
572 778
572 918
573 574
573 581
573 598
573 746
573 776
573 876
573 925
574 599
574 636
574 637
574 728
574 753
574 813
574 824
574 827
574 903
574 917
574 954
575 606
575 727
575 841
575 871
575 1009
576 668
576 760
576 763
576 789
576 875
576 891
576 953
577 593
577 619
577 832
577 893
577 926
577 978
577 983
578 611
578 652
578 677
578 812
578 935
579 584
579 612
579 660
579 683
579 800
579 825
579 917
579 1005
580 597
580 608
580 695
580 885
581 644
581 819
581 859
581 956
581 973
581 1015
582 676
582 719
582 739
582 865
582 887
583 584
583 633
583 686
583 701
583 733
584 615
584 666
584 755
584 868
584 878
584 960
584 981
584 1011
585 587
585 592
585 729
585 980
586 666
586 706
586 757
586 796
586 818
586 999
586 1003
587 657
587 712
587 723
587 885
587 895
587 945
588 610
588 664
588 742
588 796
588 808
588 831
588 848
588 853
588 854
588 875
588 934
588 987
589 616
589 668
589 700
589 1004
590 953
591 645
591 767
591 788
592 624
592 690
592 755
592 872
592 919
594 604
594 610
594 628
594 665
594 692
594 803
594 911
594 1000
595 623
595 637
595 653
595 899
595 968
595 997
596 841
596 882
596 893
596 938
596 1006
596 1023
597 606
597 629
597 728
597 931
598 660
598 674
598 823
598 854
599 603
599 695
599 959
599 964
600 674
600 766
600 837
601 604
601 740
601 795
601 849
601 976
601 1023
602 675
602 689
602 718
602 804
602 816
602 836
602 876
602 912
602 931
602 1002
603 664
603 676
603 704
603 715
603 737
603 836
603 867
604 666
604 725
604 735
604 753
604 969
605 612
605 660
605 681
605 764
605 779
605 786
605 809
605 831
605 839
605 887
605 891
605 908
605 961
606 938
606 986
607 618
607 750
607 783
607 862
608 832
608 874
608 887
609 615
609 676
609 693
609 706
609 725
609 888
609 1002
609 1004
610 812
610 818
610 934
610 937
611 725
611 819
611 915
611 991
612 614
612 620
612 639
612 692
612 699
612 731
612 734
612 818
612 946
612 1006
613 674
613 731
613 820
613 872
613 1014
614 669
614 711
614 742
614 854
614 968
615 697
615 709
615 936
616 619
616 668
616 711
616 743
616 808
616 826
616 872
616 884
616 958
616 993
617 736
617 754
617 786
617 819
617 872
617 887
617 973
617 991
618 687
618 690
618 767
618 812
618 831
618 959
618 975
619 639
619 878
619 952
619 989
619 1013
620 653
620 745
620 934
620 947
621 658
621 768
621 835
621 882
621 927
622 670
622 718
622 731
622 784
622 806
622 809
622 820
622 981
622 1012
623 770
624 626
624 712
624 760
624 834
624 910
624 921
625 679
625 686
625 806
625 929
625 988
625 1018
626 737
626 804
626 933
627 757
627 862
627 926
628 863
628 920
629 765
629 873
629 939
629 968
630 635
630 762
630 783
630 930
631 690
631 810
631 851
631 925
631 927
631 960
631 978
632 715
632 770
632 828
632 874
632 984
632 1023
633 690
633 817
633 824
633 838
633 930
633 979
633 992
634 755
634 856
634 861
634 909
635 640
635 876
635 934
635 994
636 657
636 713
636 738
636 755
636 756
636 765
636 808
636 914
636 923
637 800
637 832
637 841
637 892
637 960
638 746
638 777
638 892
638 933
638 949
638 1012
639 716
639 821
639 925
640 691
640 933
640 945
641 663
641 667
641 669
641 740
641 781
642 714
642 725
642 732
642 793
642 859
643 808
643 817
643 859
643 914
644 678
644 746
644 792
644 991
645 678
645 728
645 964
645 972
645 990
646 680
646 745
646 907
647 706
647 761
647 854
647 864
647 881
647 978
647 1022
648 675
648 699
648 707
648 728
648 815
648 821
648 851
648 900
648 929
648 976
648 1004
648 1013
649 725
649 751
649 779
649 815
649 863
649 970
649 1016
650 659
650 668
650 965
651 827
651 907
651 968
651 996
651 1017
652 703
652 705
652 712
652 813
652 820
652 837
652 974
652 987
652 994
653 712
653 970
653 984
654 725
654 735
654 750
654 796
654 803
654 929
655 941
656 666
656 747
656 776
656 813
656 823
656 1008
657 785
657 829
657 921
657 958
657 994
658 694
658 757
658 776
658 877
658 909
658 950
659 714
659 731
659 743
659 801
659 846
659 879
659 891
659 899
659 936
660 686
660 687
660 747
660 777
660 842
660 857
660 929
660 992
660 1023
661 753
661 766
661 888
661 947
661 949
662 696
662 700
662 799
662 843
662 871
662 1012
663 676
663 709
663 784
663 942
663 958
663 974
664 681
664 714
664 763
664 824
664 903
664 950
665 703
665 745
665 752
665 813
665 855
665 969
665 991
666 702
666 773
666 783
666 865
666 877
666 910
666 959
666 965
666 1015
667 668
667 988
668 691
668 803
668 815
668 926
669 738
669 794
669 843
669 880
669 971
670 985
670 999
671 673
671 690
671 701
671 707
671 765
672 870
672 871
673 731
673 759
673 796
673 938
673 992
673 1014
674 714
674 744
674 811
675 847
675 915
675 959
675 964
676 686
676 693
676 812
676 816
676 892
676 911
676 933
676 946
677 685
677 770
677 852
677 891
677 980
678 718
678 807
678 897
678 899
678 945
678 969
678 1001
679 694
679 700
679 718
679 739
679 766
679 797
679 890
679 956
679 981
680 691
680 762
680 1007
681 682
681 695
681 813
681 882
681 893
681 926
681 948
681 966
682 705
682 741
682 879
682 947
682 973
683 749
683 801
683 878
684 756
684 785
684 999
685 704
685 756
685 780
685 859
685 897
685 931
686 689
686 843
686 850
687 764
687 790
687 1007
687 1022
688 696
688 833
688 868
688 896
688 960
688 989
689 740
689 782
689 816
689 894
690 904
690 918
690 930
691 799
691 828
691 840
691 922
691 1011
692 754
692 772
692 778
692 823
692 885
693 747
693 802
694 724
694 747
694 760
694 766
694 931
694 937
694 951
694 956
695 719
695 740
695 786
695 941
695 1008
696 716
696 802
696 835
696 944
696 989
697 842
698 723
698 744
698 803
698 846
699 741
699 766
699 787
699 812
699 882
699 891
699 905
699 944
700 810
700 859
700 860
700 883
701 781
701 1007
702 729
702 769
703 713
703 785
703 804
703 813
703 854
703 907
703 951
703 1002
704 783
704 845
704 975
704 1004
705 716
705 724
705 811
705 816
705 832
705 849
705 933
706 796
706 800
706 835
706 864
706 980
707 863
708 722
708 915
708 996
709 865
709 911
709 923
709 959
710 717
710 720
710 752
710 796
710 903
711 773
711 791
711 959
712 719
712 733
712 781
712 859
712 868
712 883
712 948
712 1004
713 755
713 771
713 954
713 1010
714 731
714 802
714 832
715 745
715 980
716 814
716 860
716 934
716 960
717 742
717 841
717 941
718 778
718 787
718 801
718 878
718 940
718 972
719 769
719 825
719 1004
720 741
720 829
721 935
721 1023
722 793
722 886
722 968
724 876
725 743
725 804
725 1002
725 1018
726 747
726 877
726 939
726 1001
727 830
727 954
727 963
727 1014
728 899
728 943
728 964
729 757
729 818
729 842
730 737
730 754
730 889
730 964
730 989
731 801
731 812
731 880
731 1002
732 828
732 850
732 928
732 992
732 999
733 795
733 819
733 833
734 766
734 815
735 829
735 886
735 979
735 1009
736 822
736 838
736 845
736 918
737 897
737 975
737 976
738 751
738 778
738 824
738 826
739 920
739 948
739 984
740 756
740 765
740 872
740 881
740 1000
741 815
741 935
741 952
741 968
741 995
741 1006
742 754
742 784
742 797
742 820
742 839
742 915
742 966
743 783
743 991
743 1005
744 762
744 909
744 1019
745 793
745 794
745 836
745 870
745 927
745 946
745 966
745 993
746 804
746 852
746 855
746 856
746 890
746 943
746 955
746 996
747 781
747 913
747 919
747 930
747 938
747 951
747 959
747 1000
748 833
748 886
748 939
748 965
748 1019
749 777
749 781
749 927
749 954
749 964
749 971
750 843
750 898
750 899
750 970
750 1001
751 776
751 897
751 923
752 754
752 788
752 931
752 1003
753 812
753 879
753 913
753 937
753 947
753 965
754 792
754 793
754 835
754 885
755 842
755 912
755 920
756 768
757 892
757 1019
758 781
758 843
758 853
758 900
758 924
758 940
758 1020
759 830
759 985
760 788
760 867
760 878
760 1014
761 802
761 804
761 993
762 771
762 789
762 845
762 850
763 937
764 914
765 950
766 809
766 965
766 968
766 973
766 975
766 979
766 1001
767 772
767 792
767 849
767 956
767 961
768 860
768 939
769 805
769 1001
770 839
770 902
770 1018
771 913
771 981
771 991
771 1002
771 1005
772 877
772 909
772 976
773 869
774 906
774 924
775 847
775 881
775 935
775 967
776 823
776 875
776 881
776 890
776 893
776 898
776 964
777 779
777 820
777 909
777 986
777 995
778 887
778 890
779 786
779 850
779 885
780 860
780 908
780 932
780 965
781 931
782 802
782 934
783 803
783 822
783 961
784 841
784 856
784 1005
784 1013
785 831
785 992
786 804
786 893
786 941
786 985
786 1018
786 1023
787 790
787 1002
787 1009
788 818
789 934
789 960
789 975
790 914
791 876
791 891
791 996
792 915
792 922
792 930
792 947
792 970
793 829
793 970
794 824
794 855
794 957
794 960
794 979
794 980
795 937
795 958
795 991
796 883
796 993
797 944
797 972
798 1004
799 875
799 876
799 938
799 974
799 999
799 1002
799 1019
801 878
801 939
801 1016
801 1018
802 808
802 910
802 981
803 813
803 836
804 878
804 897
804 898
804 902
804 903
804 935
804 968
804 1015
805 930
806 837
807 961
807 974
808 822
808 896
808 972
809 946
809 978
810 822
810 900
810 938
810 942
810 948
810 1003
811 841
811 969
811 997
812 852
812 901
812 915
813 954
813 999
813 1000
814 870
814 988
815 821
815 839
815 860
815 973
816 850
816 894
816 899
816 907
816 967
816 1011
817 819
817 950
818 971
819 892
819 916
819 959
820 1016
821 853
821 878
821 956
821 972
821 981
821 1017
822 957
823 849
823 941
823 955
824 832
824 893
824 975
825 850
825 1017
826 846
826 995
827 831
827 901
827 938
827 999
828 846
828 850
828 909
828 1002
829 888
829 934
829 993
830 851
830 876
830 887
830 936
830 993
831 965
832 928
833 877
833 914
834 912
834 970
834 995
834 1022
835 946
835 1021
836 843
836 958
836 963
837 869
837 879
838 904
838 966
838 1022
839 898
839 959
839 996
839 1012
841 908
841 1020
842 977
843 905
843 964
844 930
845 858
845 914
846 921
846 962
847 948
848 856
848 862
848 892
848 925
848 939
848 947
848 998
850 931
850 964
850 992
851 861
851 956
852 914
852 968
852 980
852 989
853 886
853 977
854 975
854 978
855 894
855 896
855 915
855 918
855 925
856 864
856 1000
856 1004
857 884
857 908
857 955
858 899
858 903
858 924
859 901
859 921
859 1007
860 905
860 961
861 931
862 977
863 879
863 892
863 1007
864 926
866 904
866 976
866 997
867 873
867 904
867 967
867 1020
868 944
869 877
870 915
871 1017
872 953
872 1017
873 881
873 950
873 954
873 1005
874 954
874 1002
874 1011
874 1018
875 884
875 898
875 969
876 877
876 1001
876 1002
876 1007
877 1007
878 988
879 904
880 959
881 885
881 997
882 952
882 996
883 950
884 905
884 932
885 978
885 1017
886 981
887 893
887 943
889 903
890 961
891 925
892 982
892 993
892 1020
893 925
896 960
896 971
896 991
897 960
897 999
898 929
899 968
900 909
900 957
901 937
902 917
902 938
902 981
902 988
902 993
905 939
906 977
906 990
907 952
907 966
908 920
908 928
908 972
910 982
910 1018
911 978
912 958
912 965
913 981
913 1006
914 930
915 975
916 1009
916 1019
917 942
917 981
917 983
919 988
921 957
921 999
922 957
922 1007
923 954
923 980
923 987
923 991
924 960
925 932
926 989
926 996
927 934
927 950
927 990
928 1011
928 1022
932 985
934 1002
934 1021
938 986
939 990
942 984
943 1020
944 963
944 994
946 962
946 998
948 973
948 989
948 994
949 965
949 973
949 975
949 1020
951 1017
953 978
953 994
954 960
954 1001
955 1017
955 1023
956 959
956 993
956 1020
957 984
957 1019
960 964
960 981
960 1013
963 987
969 982
970 973
971 989
973 993
974 1008
974 1015
978 1022
981 1011
982 990
983 1008
983 1017
984 1009
985 1022
987 992
987 1011
989 1015
992 993
993 996
996 1004
1004 1015
1004 1021
1005 1011
1006 1023
1012 1014
