0 22
0 61
0 64
0 74
0 76
0 122
0 177
0 223
0 227
0 248
0 279
0 295
0 314
0 439
0 455
0 486
0 487
1 57
1 90
1 104
1 116
1 123
1 124
1 146
1 150
1 243
1 251
1 287
1 298
1 300
1 343
1 346
1 415
1 494
2 28
2 255
2 275
2 301
2 302
2 338
2 347
2 348
2 435
3 25
3 37
3 55
3 71
3 151
3 176
3 202
3 269
3 274
3 349
3 370
3 388
3 449
3 511
4 58
4 68
4 74
4 218
4 233
4 264
4 281
4 301
4 302
4 393
4 424
4 447
4 463
4 465
4 501
5 20
5 37
5 51
5 77
5 121
5 153
5 203
5 211
5 261
5 372
5 381
5 418
5 427
5 468
5 506
6 9
6 12
6 37
6 64
6 76
6 100
6 102
6 113
6 154
6 181
6 190
6 230
6 261
6 291
6 369
6 476
6 484
7 38
7 62
7 115
7 139
7 162
7 172
7 199
7 208
7 229
7 279
7 304
7 353
7 361
7 394
7 396
7 397
7 403
7 405
7 455
7 478
7 483
8 29
8 59
8 89
8 130
8 163
8 197
8 263
8 327
8 330
8 345
8 376
8 400
8 439
8 461
8 462
8 464
8 488
8 503
9 137
9 208
9 230
9 253
9 332
9 422
9 465
9 505
10 15
10 40
10 56
10 67
10 69
10 93
10 106
10 127
10 132
10 143
10 151
10 165
10 175
10 206
10 225
10 232
10 254
10 269
10 347
10 389
10 399
10 443
10 445
10 462
10 463
10 467
10 493
10 505
11 12
11 14
11 42
11 96
11 183
11 188
11 216
11 229
11 239
11 321
11 326
11 334
11 335
11 357
11 462
11 480
11 481
12 75
12 83
12 144
12 184
12 201
12 202
12 218
12 228
12 264
12 317
12 334
12 388
13 86
13 93
13 104
13 152
13 165
13 180
13 185
13 313
13 389
13 411
13 437
13 484
14 26
14 27
14 41
14 82
14 228
14 232
14 246
14 266
14 322
14 353
14 381
14 383
14 443
14 444
14 450
14 457
14 479
14 509
15 59
15 92
15 97
15 125
15 143
15 157
15 190
15 194
15 248
15 302
15 316
15 317
15 367
15 431
16 24
16 35
16 44
16 73
16 110
16 187
16 196
16 283
16 286
16 299
16 321
16 443
16 456
16 502
17 33
17 51
17 69
17 167
17 196
17 200
17 220
17 236
17 237
17 246
17 269
17 294
17 322
17 337
17 396
17 404
17 445
17 447
17 471
17 495
18 47
18 79
18 84
18 99
18 147
18 162
18 166
18 216
18 270
18 274
18 291
18 293
18 319
18 415
18 436
18 463
19 159
19 164
19 194
19 276
19 286
19 330
19 339
19 355
19 368
19 382
19 424
19 507
20 24
20 89
20 145
20 156
20 275
20 298
20 302
20 379
20 395
20 436
20 480
20 504
21 24
21 27
21 30
21 35
21 107
21 223
21 341
21 475
21 497
21 500
22 51
22 58
22 61
22 101
22 114
22 163
22 190
22 198
22 215
22 229
22 234
22 324
22 349
22 376
22 392
22 398
22 413
22 438
22 447
22 469
23 51
23 65
23 104
23 111
23 115
23 122
23 174
23 212
23 222
23 272
23 287
23 296
23 299
23 333
23 391
23 400
23 459
24 64
24 84
24 98
24 141
24 169
24 173
24 192
24 217
24 244
24 247
24 283
24 317
24 327
24 340
24 353
24 365
24 366
24 383
24 470
24 479
25 63
25 83
25 88
25 96
25 129
25 161
25 194
25 274
25 331
25 354
25 392
25 426
25 435
25 440
25 442
25 475
26 93
26 95
26 145
26 153
26 166
26 217
26 237
26 241
26 275
26 315
26 319
26 322
26 333
26 375
26 388
26 389
26 410
26 415
26 445
27 53
27 69
27 86
27 103
27 151
27 154
27 167
27 177
27 253
27 295
27 300
27 355
27 391
27 423
27 425
27 439
27 465
27 477
27 510
28 47
28 102
28 110
28 178
28 231
28 375
28 376
28 409
28 411
28 496
29 66
29 76
29 82
29 97
29 106
29 179
29 207
29 304
29 344
29 380
29 502
30 39
30 54
30 63
30 66
30 100
30 103
30 112
30 114
30 240
30 248
30 293
30 322
30 369
30 372
30 432
30 489
31 42
31 46
31 49
31 77
31 111
31 118
31 139
31 156
31 195
31 226
31 256
31 275
31 282
31 379
31 438
31 455
31 457
31 464
31 488
32 69
32 100
32 110
32 116
32 205
32 206
32 384
32 403
32 412
32 446
32 454
32 463
32 496
33 45
33 96
33 102
33 138
33 160
33 173
33 181
33 211
33 213
33 229
33 326
33 344
33 438
33 479
33 480
33 501
34 108
34 131
34 144
34 145
34 229
34 302
34 311
34 370
34 382
34 492
34 493
34 511
35 52
35 75
35 97
35 150
35 170
35 178
35 186
35 243
35 262
35 277
35 286
35 289
35 306
35 307
35 309
35 314
35 342
35 358
35 367
35 409
35 446
35 463
35 468
35 489
35 499
35 501
36 41
36 72
36 97
36 226
36 227
36 243
36 258
36 284
36 357
36 359
36 387
36 405
36 410
36 426
36 435
36 485
36 502
37 149
37 170
37 204
37 219
37 224
37 285
37 311
37 328
37 358
37 415
37 477
38 114
38 134
38 142
38 151
38 192
38 203
38 210
38 253
38 262
38 277
38 323
38 351
38 360
38 417
38 468
38 469
38 504
39 55
39 173
39 195
39 311
39 348
39 359
39 379
39 450
39 452
39 469
40 53
40 114
40 117
40 143
40 177
40 179
40 224
40 365
40 444
40 506
41 58
41 60
41 104
41 175
41 259
41 275
41 292
41 346
41 379
41 430
41 455
41 479
41 480
41 500
42 100
42 198
42 214
42 239
42 280
42 355
42 359
42 362
42 382
42 385
42 402
42 421
42 479
43 136
43 187
43 197
43 238
43 296
43 336
43 383
43 420
43 430
43 450
44 86
44 150
44 155
44 174
44 178
44 185
44 268
44 269
44 282
44 310
44 314
44 381
44 383
44 387
44 399
44 428
44 440
44 457
44 460
44 463
44 468
45 68
45 89
45 96
45 136
45 156
45 180
45 196
45 215
45 218
45 247
45 308
45 333
45 351
45 357
45 373
45 405
45 414
45 437
45 442
45 445
45 466
46 75
46 87
46 88
46 90
46 119
46 141
46 159
46 184
46 209
46 248
46 359
46 364
46 381
46 391
46 473
46 480
47 88
47 132
47 157
47 169
47 226
47 244
47 266
47 290
47 308
47 319
47 322
47 326
47 358
47 360
47 393
47 406
47 420
47 423
47 424
47 477
47 505
48 61
48 70
48 143
48 164
48 184
48 186
48 211
48 245
48 272
48 322
48 352
48 355
48 411
48 445
48 467
48 478
48 500
49 101
49 105
49 138
49 172
49 256
49 376
49 392
49 399
49 412
49 423
49 425
50 66
50 81
50 100
50 134
50 166
50 178
50 196
50 224
50 296
50 297
50 332
50 335
50 345
50 379
50 399
50 400
50 449
50 455
50 502
50 509
51 80
51 90
51 171
51 334
51 350
51 384
51 395
51 396
51 435
51 491
51 511
52 64
52 70
52 94
52 102
52 117
52 127
52 128
52 130
52 199
52 250
52 262
52 267
52 321
52 327
52 439
52 453
53 62
53 64
53 68
53 110
53 124
53 134
53 140
53 147
53 162
53 206
53 267
53 300
53 372
53 397
53 415
53 418
53 421
53 448
53 461
53 484
53 488
53 503
54 109
54 115
54 176
54 179
54 195
54 210
54 212
54 221
54 332
54 348
54 432
54 459
54 475
54 476
54 502
55 61
55 76
55 89
55 123
55 134
55 194
55 266
55 285
55 301
55 307
55 329
55 340
55 343
55 356
55 414
55 416
55 425
55 464
55 493
56 63
56 107
56 120
56 144
56 214
56 277
56 361
56 400
56 466
56 495
57 74
57 115
57 117
57 127
57 140
57 151
57 184
57 194
57 226
57 247
57 268
57 306
57 307
57 384
57 488
58 64
58 70
58 129
58 161
58 202
58 219
58 230
58 263
58 412
58 451
58 464
59 133
59 193
59 197
59 200
59 229
59 271
59 296
59 310
59 321
59 329
59 339
59 402
59 462
59 502
60 68
60 73
60 93
60 104
60 117
60 122
60 124
60 130
60 154
60 159
60 163
60 207
60 218
60 226
60 250
60 358
60 398
60 414
60 480
60 503
60 510
61 85
61 168
61 178
61 207
61 230
61 267
61 285
61 292
61 297
61 304
61 351
61 354
61 390
61 399
61 402
61 419
61 423
61 434
61 456
61 457
61 474
61 503
61 507
62 63
62 114
62 116
62 163
62 197
62 198
62 212
62 250
62 260
62 310
62 375
62 377
62 378
62 412
62 428
62 470
62 481
62 499
62 510
63 109
63 188
63 276
63 402
63 421
63 434
63 460
64 127
64 129
64 153
64 156
64 176
64 181
64 244
64 274
65 69
65 79
65 86
65 87
65 105
65 109
65 116
65 131
65 210
65 219
65 254
65 283
65 405
65 408
65 440
66 165
66 206
66 373
66 406
66 459
66 485
66 501
67 134
67 136
67 158
67 163
67 178
67 188
67 217
67 218
67 219
67 324
67 354
67 355
67 394
67 421
67 426
68 88
68 112
68 115
68 191
68 196
68 228
68 241
68 264
68 286
68 307
68 353
68 423
68 430
68 454
68 464
69 110
69 144
69 158
69 161
69 192
69 219
69 267
69 279
69 328
69 330
69 348
69 350
69 363
69 429
69 431
70 87
70 94
70 122
70 143
70 145
70 158
70 172
70 219
70 226
70 261
70 412
70 434
70 486
70 491
70 505
71 135
71 142
71 151
71 161
71 191
71 201
71 208
71 241
71 272
71 290
71 354
71 373
71 386
71 393
71 479
72 80
72 85
72 116
72 160
72 175
72 279
72 291
72 301
72 305
72 333
72 469
73 80
73 126
73 130
73 196
73 236
73 289
73 319
73 326
73 356
73 402
74 88
74 170
74 196
74 350
74 403
74 411
74 412
74 432
74 433
74 434
74 441
74 460
74 510
75 214
75 215
75 228
75 310
75 344
75 384
75 435
75 444
75 452
75 462
76 103
76 135
76 177
76 266
76 278
76 291
76 329
76 354
76 402
76 410
76 424
76 443
76 495
76 504
77 97
77 122
77 173
77 212
77 373
77 421
77 459
77 482
77 511
78 110
78 139
78 198
78 215
78 284
78 332
78 366
78 471
78 473
78 478
78 493
78 498
79 117
79 127
79 194
79 222
79 248
79 281
79 290
79 295
79 335
79 368
79 378
79 384
79 409
79 454
79 498
80 99
80 101
80 111
80 122
80 133
80 178
80 182
80 187
80 219
80 262
80 270
80 278
80 303
80 321
80 406
80 409
80 431
80 507
81 138
81 153
81 177
81 225
81 247
81 284
81 288
81 305
81 357
81 388
81 429
81 434
81 446
81 449
81 486
82 124
82 213
82 217
82 294
82 312
82 351
82 427
82 465
83 181
83 248
83 275
83 467
83 505
84 95
84 121
84 189
84 212
84 216
84 266
84 325
84 329
84 356
84 399
84 409
84 489
84 509
85 125
85 132
85 179
85 222
85 245
85 255
85 261
85 276
85 282
85 291
85 349
85 412
85 438
85 442
85 449
85 464
85 465
86 109
86 126
86 143
86 247
86 265
86 281
86 329
86 336
86 364
86 366
86 393
86 436
86 457
87 222
87 272
87 288
87 313
87 335
87 367
87 378
87 449
87 460
88 113
88 164
88 176
88 191
88 226
88 260
88 275
88 307
88 321
88 334
88 422
88 467
88 495
88 505
89 97
89 172
89 192
89 197
89 226
89 233
89 238
89 297
89 416
89 418
89 424
89 435
89 440
89 448
89 500
90 110
90 113
90 158
90 184
90 248
90 258
90 275
90 285
90 337
90 356
90 377
90 399
90 412
90 480
91 104
91 126
91 134
91 146
91 203
91 219
91 400
91 415
91 423
91 482
92 96
92 98
92 152
92 153
92 197
92 234
92 317
92 340
92 341
92 436
92 439
92 446
92 449
92 460
92 461
92 477
92 505
93 142
93 163
93 167
93 173
93 195
93 266
93 372
93 471
93 493
93 497
94 96
94 119
94 134
94 267
94 274
94 332
94 403
94 413
94 451
94 481
95 100
95 104
95 111
95 145
95 160
95 230
95 299
95 300
95 302
95 379
95 386
95 389
95 442
95 461
95 471
95 502
96 108
96 131
96 279
96 332
96 358
96 406
96 414
96 499
96 506
97 131
97 149
97 193
97 296
97 297
97 304
97 320
97 399
97 417
97 490
98 116
98 143
98 160
98 195
98 268
98 283
98 286
98 289
98 328
98 375
98 378
98 404
98 407
98 412
98 415
98 420
98 432
98 469
98 476
98 511
99 125
99 229
99 248
99 348
99 358
99 456
99 489
99 507
99 510
100 123
100 190
100 218
100 244
100 255
100 261
100 281
100 303
100 353
100 374
100 386
100 393
100 423
100 431
100 508
101 124
101 131
101 146
101 162
101 165
101 172
101 180
101 191
101 204
101 222
101 299
101 305
101 335
101 352
101 358
101 390
101 408
101 417
101 438
101 493
101 495
102 154
102 166
102 169
102 190
102 233
102 263
102 270
102 291
102 346
102 378
102 393
102 420
102 442
102 450
102 479
102 498
103 131
103 182
103 194
103 205
103 245
103 258
103 268
103 284
103 362
103 412
103 436
103 449
103 456
103 463
103 472
103 499
104 122
104 142
104 261
104 281
104 309
104 314
104 335
104 409
104 506
105 140
105 147
105 195
105 199
105 235
105 291
105 344
105 363
105 442
105 443
105 485
105 505
106 123
106 229
106 270
106 297
106 321
106 328
106 337
106 340
106 465
106 477
107 108
107 133
107 226
107 240
107 252
107 259
107 260
107 265
107 277
107 295
107 334
107 375
107 400
107 421
108 123
108 141
108 163
108 164
108 234
108 298
108 333
108 378
108 419
108 444
108 458
108 486
108 487
108 497
108 509
109 138
109 158
109 246
109 289
109 336
109 407
109 429
109 439
109 440
109 470
110 153
110 219
110 241
110 351
110 439
111 170
111 228
111 231
111 269
111 270
111 274
111 280
111 304
111 354
111 374
111 382
111 383
111 487
111 493
112 122
112 167
112 168
112 176
112 185
112 189
112 206
112 238
112 334
112 392
112 464
112 475
112 479
112 484
113 116
113 128
113 200
113 222
113 308
113 318
113 401
113 403
113 411
113 437
113 438
113 454
113 483
113 490
113 491
113 511
114 138
114 150
114 151
114 185
114 201
114 210
114 246
114 249
114 255
114 323
114 387
114 443
114 450
114 489
115 116
115 160
115 175
115 206
115 210
115 265
115 296
115 319
115 347
115 350
115 360
115 397
115 440
115 454
115 498
116 144
116 194
116 218
116 248
116 287
116 290
116 386
117 127
117 145
117 151
117 154
117 172
117 180
117 207
117 214
117 264
117 267
117 331
117 336
117 339
117 406
117 418
117 451
117 453
117 509
118 142
118 154
118 155
118 204
118 236
118 254
118 297
118 310
118 483
119 139
119 142
119 203
119 243
119 244
119 308
119 318
119 361
119 385
119 393
119 415
119 429
119 443
119 481
119 508
120 129
120 149
120 158
120 164
120 231
120 312
120 317
120 319
120 330
120 385
120 423
120 424
120 447
120 490
120 494
120 508
121 193
121 205
121 287
121 301
121 320
121 349
121 350
121 357
121 359
121 385
121 446
122 211
122 253
122 272
122 319
122 324
122 461
122 493
123 199
123 226
123 230
123 331
123 334
123 349
123 361
123 382
123 393
123 403
123 484
124 126
124 203
124 275
124 278
124 290
124 306
124 323
124 334
124 365
124 387
124 422
124 489
125 133
125 161
125 177
125 184
125 198
125 199
125 233
125 243
125 285
125 348
125 350
125 379
125 388
125 393
125 420
125 431
126 149
126 163
126 181
126 191
126 249
126 337
126 347
126 362
126 410
126 411
126 439
126 452
126 496
126 507
127 169
127 279
127 286
127 329
127 358
127 386
127 426
127 469
128 149
128 156
128 180
128 194
128 202
128 353
128 409
128 428
128 432
128 451
128 455
128 460
128 500
128 507
129 239
129 267
129 395
129 432
129 459
129 489
129 510
130 174
130 199
130 215
130 231
130 246
130 248
130 252
130 323
130 329
130 348
130 356
130 358
130 362
130 395
130 435
130 461
130 475
131 148
131 186
131 192
131 195
131 206
131 216
131 256
131 259
131 295
131 300
131 302
131 330
131 332
131 381
131 386
131 399
131 405
131 436
131 471
132 190
132 219
132 242
132 284
132 329
132 361
132 401
132 443
132 476
132 483
133 169
133 200
133 300
133 324
133 327
133 337
133 348
133 365
133 368
133 386
133 412
133 424
133 468
134 182
134 229
134 240
134 242
134 263
134 267
134 268
134 300
134 321
134 369
134 406
134 410
134 429
134 489
135 177
135 192
135 194
135 198
135 200
135 211
135 226
135 241
135 335
135 352
135 412
135 418
135 431
135 445
135 463
135 486
136 154
136 183
136 211
136 227
136 263
136 278
136 303
136 320
136 324
136 327
136 357
136 366
136 410
136 435
136 502
137 204
137 225
137 231
137 243
137 269
137 301
137 304
137 309
137 311
137 318
137 333
137 337
137 409
137 465
138 141
138 152
138 160
138 234
138 245
138 280
138 310
138 367
138 432
138 452
138 491
139 183
139 261
139 268
139 273
139 284
139 301
139 311
139 335
139 383
139 404
139 453
140 141
140 151
140 238
140 242
140 248
140 265
140 278
140 286
140 428
140 440
140 444
141 142
141 160
141 213
141 242
141 254
141 325
141 377
141 476
141 510
142 150
142 220
142 238
142 258
142 270
142 305
142 316
142 464
142 479
142 485
142 496
142 497
143 162
143 175
143 183
143 262
143 311
143 361
143 416
143 432
143 465
144 222
144 225
144 227
144 232
144 262
144 272
144 278
144 339
144 384
145 149
145 231
145 242
145 264
145 302
145 308
145 364
145 386
145 413
145 414
145 482
146 192
146 194
146 203
146 225
146 231
146 272
146 295
146 335
146 354
146 385
146 402
146 423
146 441
146 464
147 199
147 235
147 251
147 307
147 395
147 428
147 439
147 459
147 498
148 177
148 207
148 210
148 226
148 259
148 284
148 361
148 394
148 478
148 497
149 188
149 223
149 278
149 282
149 336
149 346
149 347
149 348
149 352
149 364
149 432
149 464
150 220
150 232
150 266
150 286
150 356
150 365
150 391
150 454
150 509
151 170
151 175
151 266
151 355
151 389
151 414
151 422
151 442
151 487
152 171
152 173
152 209
152 233
152 297
152 313
152 330
152 366
152 374
152 490
153 192
153 222
153 234
153 369
153 377
153 394
153 415
153 441
154 179
154 214
154 225
154 242
154 263
154 315
154 332
154 404
154 506
155 202
155 215
155 222
155 242
155 243
155 249
155 263
155 268
155 309
155 342
155 363
155 382
155 410
155 439
155 469
155 473
155 485
155 491
156 184
156 238
156 243
156 266
156 285
156 326
156 376
156 378
156 435
156 474
156 500
156 508
157 159
157 169
157 179
157 185
157 190
157 216
157 293
157 315
157 318
157 359
157 374
157 421
158 181
158 295
158 307
158 311
158 345
158 371
158 434
158 482
159 184
159 220
159 287
159 311
159 375
159 389
159 392
159 477
159 481
159 511
160 165
160 183
160 184
160 218
160 223
160 243
160 256
160 310
160 342
160 400
160 402
160 441
160 454
160 465
160 501
161 184
161 230
161 249
161 276
161 307
161 314
161 352
161 365
161 366
161 414
161 435
161 479
162 181
162 204
162 235
162 251
162 255
162 306
162 312
162 339
162 350
162 362
162 364
162 393
162 418
162 461
162 475
162 491
162 503
163 169
163 194
163 218
163 266
163 301
163 321
163 362
163 427
163 437
163 457
163 471
163 474
163 479
164 198
164 202
164 208
164 220
164 222
164 228
164 291
164 318
164 327
164 331
164 425
164 431
164 436
164 473
164 485
165 216
165 233
165 241
165 246
165 300
165 343
165 362
165 396
165 409
165 438
165 446
165 456
165 482
166 198
166 257
166 266
166 287
166 294
166 343
166 355
166 410
166 479
167 186
167 191
167 193
167 227
167 290
167 330
167 350
167 383
167 387
167 402
167 412
167 437
167 448
167 473
167 507
168 173
168 200
168 202
168 216
168 221
168 283
168 309
168 338
168 413
168 415
168 423
168 486
168 502
169 199
169 225
169 234
169 254
169 294
169 396
169 481
169 486
170 175
170 207
170 271
170 300
170 407
170 432
170 444
170 464
171 181
171 187
171 226
171 236
171 237
171 253
171 346
171 358
171 385
171 391
171 398
171 460
171 505
172 199
172 219
172 309
172 332
172 340
172 352
172 388
172 439
172 458
173 202
173 251
173 259
173 271
173 328
173 335
173 348
173 383
173 439
173 486
173 501
174 179
174 200
174 246
174 261
174 270
174 282
174 294
174 337
174 418
175 215
175 218
175 276
175 303
175 309
175 322
175 323
175 339
175 392
175 427
176 177
176 179
176 247
176 253
176 256
176 259
176 290
176 337
176 433
176 448
176 450
177 189
177 207
177 210
177 238
177 261
177 269
177 376
177 392
177 421
177 430
178 190
178 192
178 199
178 207
178 244
178 246
178 255
178 363
178 367
178 390
178 425
178 453
178 484
179 212
179 267
179 271
179 321
179 323
179 362
179 415
179 424
179 466
179 496
180 211
180 271
180 277
180 302
180 354
180 414
180 432
180 482
180 494
180 505
181 186
181 208
181 231
181 240
181 263
181 273
181 278
181 304
181 323
181 339
181 340
181 346
181 370
181 414
181 426
181 449
181 482
182 222
182 262
182 264
182 301
182 307
182 315
182 321
182 352
182 361
182 376
182 410
182 455
182 482
182 510
183 235
183 248
183 308
183 342
183 344
183 433
184 317
184 335
184 404
184 442
185 216
185 263
185 310
185 317
185 323
185 360
185 364
185 419
185 430
185 463
185 470
185 484
186 193
186 256
186 280
186 336
186 342
186 348
186 349
186 364
186 397
186 441
186 467
186 477
186 508
187 211
187 227
187 265
187 329
187 355
187 381
187 409
187 445
187 452
187 467
188 271
188 335
188 443
188 459
189 200
189 220
189 243
189 247
189 250
189 348
189 349
189 489
190 233
190 250
190 258
190 365
190 421
190 437
190 449
190 468
190 489
191 192
191 212
191 251
191 278
191 284
191 304
191 348
191 355
191 397
191 435
191 475
191 482
192 280
192 310
192 331
192 367
192 392
193 204
193 258
193 287
193 321
193 339
193 348
193 361
193 390
193 400
193 467
193 500
194 198
194 203
194 225
194 244
194 248
194 258
194 364
194 367
194 401
194 420
194 458
195 213
195 214
195 248
195 260
195 356
195 363
195 389
195 432
195 449
195 471
195 477
196 214
196 217
196 223
196 271
196 303
196 311
196 324
196 346
196 370
196 410
196 438
196 456
196 481
197 201
197 281
197 289
197 305
197 328
197 383
197 507
198 214
198 234
198 323
198 391
198 408
198 420
198 504
199 202
199 264
199 292
199 381
199 431
199 434
199 441
199 447
199 495
200 214
200 286
200 330
200 358
200 396
200 417
200 474
200 488
201 217
201 234
201 348
201 354
201 367
201 412
201 417
201 447
201 464
201 509
202 204
202 206
202 222
202 297
202 300
202 326
202 327
202 340
202 399
202 413
202 431
202 433
202 476
203 249
203 254
203 265
203 272
203 302
203 335
203 342
203 383
203 414
203 446
203 455
203 457
203 460
203 461
203 486
204 217
204 239
204 251
204 302
204 312
204 378
204 403
204 411
204 488
204 501
205 229
205 242
205 279
205 317
205 381
205 402
205 412
205 425
205 457
206 208
206 268
206 281
206 287
206 318
206 352
206 358
206 389
206 500
207 293
207 306
207 324
207 355
207 391
207 414
207 435
207 438
207 445
207 490
208 251
208 308
208 311
208 316
208 342
208 386
208 409
208 448
208 479
208 487
208 495
209 218
209 247
209 252
209 253
209 273
209 296
209 349
209 362
209 443
209 455
209 460
209 475
210 214
210 219
210 223
210 227
210 362
210 386
210 447
210 458
210 500
211 224
211 288
211 363
211 480
211 506
212 226
212 260
212 299
212 312
212 346
212 356
212 397
212 410
212 454
212 506
213 259
213 357
214 233
214 260
214 267
214 269
214 284
214 318
214 348
214 477
214 481
215 234
215 238
215 301
215 305
215 336
215 431
215 459
215 504
216 270
216 283
216 331
216 359
216 367
216 383
216 404
216 408
216 427
216 433
216 449
216 497
217 220
217 280
217 319
217 386
217 421
217 427
218 228
218 256
218 299
218 319
218 363
218 372
218 374
218 392
218 413
218 427
218 454
218 490
219 274
219 277
219 307
219 331
219 358
219 367
219 396
219 416
219 442
219 459
220 222
220 227
220 274
220 287
220 343
220 401
220 440
220 442
220 468
220 470
220 483
220 491
221 231
221 239
221 256
221 274
221 317
221 328
221 431
221 457
221 476
222 229
222 268
222 270
222 290
222 340
222 342
222 343
222 383
222 396
222 448
222 453
222 458
222 469
222 486
223 233
223 295
223 305
223 440
223 450
223 463
223 465
223 483
224 264
224 301
224 302
224 314
224 371
224 399
224 413
225 239
225 250
225 263
225 278
225 323
226 227
226 234
226 237
226 308
226 319
226 322
226 388
226 420
226 432
226 434
226 466
226 476
226 480
226 496
227 274
227 284
227 316
227 318
227 329
227 335
227 377
227 383
227 385
227 415
227 441
227 457
227 461
227 490
227 497
228 256
228 291
228 315
228 328
228 350
228 352
228 435
228 461
229 277
229 319
229 342
229 349
229 391
229 392
229 465
229 478
229 480
230 260
230 272
230 349
230 350
230 353
230 382
230 463
231 240
231 257
231 258
231 270
231 271
231 284
231 286
231 331
231 369
231 397
231 404
231 424
231 430
231 449
231 451
231 502
232 252
232 275
232 304
232 451
232 487
233 347
233 381
233 419
233 448
233 497
234 257
234 280
234 322
234 328
234 342
234 355
234 430
234 486
234 488
234 507
235 316
235 359
235 379
235 454
235 496
235 501
235 505
236 245
236 308
236 441
236 492
236 508
237 349
237 386
237 413
237 439
237 487
238 261
238 300
238 366
238 462
238 492
238 502
239 246
239 249
239 252
239 261
239 315
239 332
239 422
239 440
239 478
240 269
240 339
240 385
240 399
240 465
240 491
240 505
241 259
241 262
241 270
241 439
241 456
241 464
241 486
241 502
242 270
242 357
242 395
242 415
242 437
242 499
242 504
242 507
243 298
243 429
243 450
243 460
243 471
244 247
244 294
244 295
244 404
244 409
244 446
244 509
245 300
245 426
245 465
246 296
246 308
246 331
246 352
246 362
246 414
246 441
246 494
247 269
247 309
247 370
247 384
247 391
247 395
247 419
247 444
247 448
247 465
248 251
248 256
248 282
248 304
248 310
248 330
248 400
248 415
248 426
248 437
248 447
249 263
249 303
249 356
249 381
249 437
249 477
250 329
250 404
250 443
250 487
250 509
251 253
251 288
251 324
251 356
251 370
251 385
251 415
251 417
251 436
251 442
251 450
251 457
251 462
252 356
252 397
252 479
252 494
253 289
253 369
253 386
253 400
253 415
253 445
253 476
254 291
254 326
254 346
254 353
254 374
254 413
254 434
254 436
254 474
255 263
255 290
255 300
255 301
255 323
255 337
255 435
255 461
255 480
255 497
256 278
256 366
256 414
256 416
256 493
256 495
256 509
257 289
257 302
257 326
257 343
258 312
258 404
258 415
258 427
258 462
258 495
258 508
259 268
259 298
259 306
259 366
259 375
259 432
259 482
260 347
260 351
260 369
260 420
260 428
260 454
260 457
260 461
260 466
260 471
260 474
260 497
261 350
261 369
261 394
261 445
261 469
261 507
262 263
262 275
262 282
262 354
262 482
263 268
263 300
263 326
263 349
263 361
263 384
263 443
263 453
263 463
263 486
264 309
264 310
264 311
264 314
264 337
264 361
264 433
264 445
264 447
264 448
264 506
265 306
265 337
265 341
265 359
265 387
265 424
265 485
265 486
265 488
266 316
266 395
266 409
266 459
266 468
266 496
266 501
266 506
266 509
267 268
267 304
267 316
267 322
267 411
267 433
267 434
267 457
267 474
268 272
268 329
268 358
268 370
268 380
268 401
268 415
268 457
269 306
269 364
269 369
269 381
269 396
269 432
269 437
269 465
269 494
269 499
269 503
270 291
270 295
270 345
270 363
270 369
270 385
270 448
270 454
270 479
270 491
271 327
271 333
271 347
271 353
271 384
271 402
271 498
271 506
272 293
272 311
272 420
273 283
273 288
273 291
273 299
273 349
273 373
273 470
273 485
273 498
273 508
273 510
274 294
274 314
274 321
274 367
274 380
274 425
274 471
274 486
274 504
275 420
275 438
275 446
276 303
276 416
276 454
277 350
277 375
277 459
278 289
278 326
278 411
278 443
278 455
279 325
279 386
279 391
279 423
279 441
279 463
279 495
280 403
280 468
281 340
281 350
281 351
281 352
281 359
281 368
281 384
281 407
281 429
281 439
282 304
282 342
282 343
282 348
282 366
282 453
282 488
282 502
282 504
283 324
283 332
283 358
283 414
283 442
283 460
284 358
284 460
284 476
284 504
285 295
285 341
285 344
285 410
285 417
285 448
285 470
286 369
286 395
286 398
286 432
286 444
286 493
286 507
287 309
287 346
287 349
287 384
287 396
287 418
287 419
287 434
287 475
287 508
288 308
288 352
288 411
288 434
288 466
289 392
289 411
289 446
289 478
289 507
290 316
290 357
290 411
290 496
290 499
291 295
291 298
291 448
291 485
292 324
292 369
292 375
292 420
292 435
292 462
292 510
293 320
293 321
293 372
293 383
293 442
293 452
293 466
294 345
294 403
294 456
294 459
294 478
294 488
295 296
295 371
295 383
295 424
295 428
295 475
296 306
296 308
296 345
296 358
296 405
296 421
296 452
296 464
296 476
296 484
296 489
296 500
297 468
298 354
298 365
298 387
298 468
298 494
298 499
299 310
299 361
299 392
299 416
299 447
299 469
299 507
300 305
300 394
300 413
300 416
300 419
300 445
300 493
300 511
301 326
301 341
301 379
301 405
301 435
302 363
302 378
302 415
302 468
303 320
303 329
303 339
303 445
303 455
303 469
303 484
303 501
304 307
304 382
304 387
304 399
304 409
304 428
304 445
304 505
305 322
305 333
305 355
305 417
305 474
305 501
306 316
306 356
306 373
306 382
306 415
306 467
307 325
307 343
307 384
307 409
307 417
307 429
307 436
308 314
308 326
308 328
308 331
308 404
308 509
309 396
309 414
309 417
309 457
309 470
310 430
310 437
310 501
311 314
311 366
311 410
311 418
311 455
311 462
311 488
312 351
312 361
312 461
312 467
312 488
313 321
313 347
313 373
313 416
313 485
313 488
313 505
314 371
314 407
314 503
315 359
315 377
315 381
315 390
315 405
315 408
315 413
315 414
315 420
315 422
315 423
315 461
315 464
315 472
315 492
316 350
316 369
316 380
316 479
316 502
317 328
317 337
317 338
317 339
317 362
317 424
317 433
317 489
317 495
318 420
318 482
319 328
319 343
319 360
319 390
319 433
319 438
319 496
320 353
320 403
320 428
320 483
321 376
321 382
321 428
321 439
321 448
321 490
322 347
322 374
322 390
322 448
322 486
322 500
323 333
323 367
323 394
323 422
323 432
323 450
323 454
323 476
323 503
324 338
324 351
324 365
324 414
324 437
324 492
324 498
325 344
325 348
325 414
325 415
325 417
325 454
325 460
325 487
326 388
326 425
326 467
326 468
326 479
327 392
327 402
327 408
327 432
328 337
328 362
328 374
328 382
328 387
328 414
328 423
328 435
328 472
328 483
328 488
328 494
329 351
329 354
329 476
329 496
330 336
330 381
330 412
330 467
330 473
330 485
330 491
331 369
331 396
331 435
331 437
331 447
332 359
332 381
332 382
332 389
332 391
332 404
332 423
332 434
332 491
332 501
333 334
333 345
333 349
333 354
333 370
333 378
333 423
333 442
333 448
333 461
334 350
334 390
334 440
334 475
334 499
334 501
335 384
335 386
335 416
335 422
335 439
335 453
335 478
336 344
336 371
336 373
336 375
336 384
336 401
336 436
336 438
336 439
336 477
337 357
337 387
337 422
337 455
337 474
337 475
338 349
338 373
338 385
338 396
338 484
338 500
338 505
339 428
339 435
339 455
339 490
339 492
339 506
340 346
340 348
340 372
340 403
340 410
340 438
340 447
340 464
340 485
341 391
341 393
341 447
341 476
342 348
342 369
342 410
342 485
343 357
343 377
343 444
343 452
343 481
343 508
344 368
344 390
344 411
344 432
345 363
345 410
345 442
345 463
345 476
345 484
346 376
346 399
346 400
346 413
346 426
346 443
346 452
346 475
346 511
347 356
347 375
347 377
347 422
347 426
347 443
347 450
347 464
347 505
347 511
348 377
348 379
348 406
348 414
348 457
348 499
349 363
349 393
349 403
349 433
349 446
349 452
349 456
349 481
349 485
349 490
350 388
350 420
350 442
350 477
350 491
351 412
351 424
351 425
351 439
351 440
351 459
351 463
351 476
352 396
352 472
352 476
353 394
353 405
353 417
353 439
353 478
354 359
354 431
354 432
354 489
355 382
355 409
355 416
355 449
355 467
355 472
355 509
356 389
356 399
356 403
356 434
356 451
357 385
357 431
357 454
357 464
357 470
357 476
358 362
358 388
358 428
358 452
358 458
359 363
359 374
359 384
359 388
359 407
359 410
359 439
359 497
360 379
360 419
360 424
360 428
360 450
360 467
361 366
361 388
361 393
361 406
361 417
362 438
362 460
363 367
363 371
363 377
363 402
363 443
363 458
363 495
364 376
364 385
364 400
364 445
364 455
364 481
364 491
364 506
365 398
365 411
365 481
365 494
366 420
366 457
366 467
366 472
366 482
366 492
367 400
367 404
367 421
367 443
367 488
367 498
368 380
368 417
368 421
368 424
368 438
368 502
369 370
369 384
369 424
369 453
369 473
370 385
370 403
370 405
370 451
371 375
371 443
371 467
371 493
371 495
371 499
372 396
372 398
372 405
372 409
372 447
372 464
372 468
372 488
373 381
373 433
373 457
373 472
373 482
373 496
374 421
375 399
375 408
376 418
376 426
376 433
376 438
377 399
377 413
377 460
377 483
378 384
378 399
378 442
378 443
378 479
378 492
379 390
379 455
379 469
379 485
380 393
380 407
380 416
380 450
380 479
380 508
381 384
381 501
382 403
382 449
383 407
383 479
383 494
384 386
384 403
384 443
384 461
384 473
384 477
384 482
385 389
385 408
385 409
385 416
385 460
386 433
386 454
386 486
386 494
387 397
387 456
388 400
388 411
388 442
389 442
389 492
389 493
389 494
390 458
390 503
391 438
391 457
391 473
391 484
391 490
392 445
392 446
392 451
392 488
392 490
392 502
393 397
393 415
394 401
394 443
394 489
395 441
395 458
395 496
395 501
396 419
396 507
397 426
397 466
397 501
398 414
398 417
398 448
399 429
399 455
399 509
401 407
401 471
401 483
401 488
401 500
402 406
402 496
402 497
402 507
402 508
403 412
403 423
403 431
403 467
403 471
403 506
404 429
404 458
404 504
404 507
405 411
405 412
405 480
406 472
406 502
406 508
407 432
407 464
407 487
408 443
409 413
409 431
409 466
409 480
410 495
411 416
411 424
411 438
411 448
411 490
412 459
412 465
412 467
412 472
412 493
412 505
413 414
413 416
413 433
413 447
413 452
413 473
414 440
414 441
414 468
414 488
415 422
415 432
415 502
416 451
416 455
416 463
416 479
416 495
416 508
417 426
417 449
417 456
418 487
419 423
419 427
419 451
419 461
419 496
419 504
420 464
420 499
421 484
421 496
422 441
422 507
423 424
423 434
423 462
424 434
424 439
424 447
424 481
424 485
424 505
424 506
425 426
425 434
425 506
426 438
426 440
426 441
426 457
426 498
426 509
427 481
428 496
429 431
429 432
429 468
429 500
429 502
429 504
430 492
431 436
431 450
431 481
431 488
432 435
432 471
432 493
433 436
433 465
433 470
433 480
433 486
433 488
433 500
434 480
435 447
435 478
436 484
437 465
437 475
437 487
437 494
437 503
437 511
438 492
438 498
438 500
439 440
439 500
440 456
441 467
441 487
441 511
442 450
442 452
442 454
442 469
443 472
443 479
443 508
444 448
444 469
444 481
444 495
445 460
445 502
446 494
447 498
447 504
448 499
448 505
449 466
449 480
450 505
451 484
452 477
452 485
452 503
453 456
453 461
453 474
454 489
454 502
455 481
456 504
457 459
457 489
458 462
458 490
459 462
460 506
461 471
462 508
463 485
464 488
465 472
465 505
466 482
466 501
466 506
467 489
469 485
469 493
470 487
472 497
473 480
476 479
477 486
478 509
479 481
479 486
480 482
480 484
480 496
480 501
481 490
481 504
482 503
483 485
484 501
486 488
494 506
501 510
504 507
