0 10
0 11
0 15
0 16
0 17
0 18
0 24
0 25
0 28
0 34
0 37
0 38
0 40
0 41
0 42
0 43
0 44
0 46
0 48
0 49
0 51
0 53
0 57
0 58
0 59
0 74
0 75
0 78
0 79
0 80
0 81
0 82
0 86
0 112
0 114
0 115
0 122
0 123
0 129
0 141
0 147
0 160
0 172
0 174
0 189
0 192
0 197
0 201
0 212
0 227
0 238
0 242
0 245
0 246
0 247
0 249
0 250
0 255
0 258
0 265
0 267
0 270
0 284
0 287
0 293
0 294
0 296
0 317
0 318
0 338
0 341
0 369
0 386
0 390
0 398
0 402
0 418
0 425
0 440
0 448
0 474
0 491
0 503
0 514
0 523
0 530
0 533
0 536
0 538
0 545
0 549
0 553
0 556
0 557
0 573
0 589
0 612
0 619
0 638
0 643
0 683
0 693
0 701
0 708
0 715
0 718
0 730
0 741
0 753
0 776
0 803
0 804
0 815
0 831
0 832
0 835
0 837
0 841
0 882
0 899
0 901
0 904
0 922
0 930
0 945
0 965
0 991
0 992
0 997
1 10
1 11
1 12
1 13
1 15
1 16
1 18
1 19
1 21
1 22
1 24
1 25
1 26
1 29
1 30
1 32
1 35
1 37
1 47
1 52
1 54
1 66
1 67
1 71
1 76
1 82
1 89
1 91
1 102
1 105
1 112
1 119
1 134
1 141
1 143
1 152
1 155
1 156
1 163
1 168
1 187
1 189
1 191
1 192
1 193
1 205
1 207
1 209
1 217
1 219
1 225
1 236
1 238
1 249
1 253
1 262
1 264
1 266
1 271
1 287
1 290
1 295
1 297
1 307
1 324
1 340
1 342
1 379
1 396
1 406
1 464
1 472
1 485
1 496
1 504
1 505
1 508
1 509
1 513
1 529
1 544
1 560
1 562
1 603
1 613
1 651
1 658
1 685
1 687
1 705
1 727
1 729
1 733
1 737
1 746
1 764
1 786
1 807
1 809
1 841
1 891
1 893
1 894
1 974
1 983
1 984
1 1008
2 10
2 13
2 14
2 17
2 21
2 23
2 28
2 36
2 50
2 51
2 56
2 96
2 118
2 129
2 150
2 188
2 262
2 264
2 272
2 277
2 298
2 343
2 345
2 396
2 416
2 447
2 449
2 451
2 496
2 503
2 523
2 575
2 584
2 601
2 613
2 647
2 671
2 673
2 675
2 704
2 709
2 767
2 803
2 822
2 853
2 895
2 906
2 979
3 10
3 11
3 12
3 13
3 14
3 15
3 18
3 23
3 31
3 34
3 47
3 49
3 59
3 60
3 61
3 69
3 71
3 101
3 122
3 129
3 139
3 144
3 151
3 183
3 195
3 211
3 243
3 270
3 274
3 281
3 298
3 310
3 314
3 318
3 346
3 365
3 368
3 377
3 397
3 420
3 423
3 428
3 431
3 443
3 453
3 474
3 508
3 516
3 561
3 684
3 698
3 806
3 845
3 859
3 891
3 908
3 970
3 972
3 984
3 985
3 990
3 1015
4 10
4 11
4 12
4 13
4 14
4 15
4 16
4 17
4 23
4 24
4 25
4 26
4 27
4 28
4 36
4 41
4 46
4 50
4 57
4 59
4 64
4 67
4 70
4 77
4 85
4 91
4 100
4 109
4 128
4 131
4 133
4 135
4 139
4 151
4 156
4 190
4 194
4 217
4 221
4 222
4 232
4 250
4 259
4 296
4 310
4 312
4 345
4 364
4 373
4 415
4 425
4 432
4 440
4 465
4 468
4 506
4 550
4 565
4 670
4 730
4 755
4 835
4 859
4 881
4 906
4 963
4 979
4 1000
5 10
5 11
5 12
5 16
5 18
5 21
5 24
5 27
5 28
5 29
5 33
5 42
5 43
5 46
5 57
5 69
5 70
5 73
5 76
5 84
5 87
5 88
5 95
5 111
5 122
5 127
5 132
5 181
5 210
5 216
5 222
5 229
5 237
5 239
5 249
5 257
5 271
5 288
5 291
5 315
5 316
5 330
5 444
5 507
5 579
5 616
5 655
5 674
5 675
5 699
5 777
5 801
5 802
5 847
5 874
5 914
5 999
6 10
6 11
6 12
6 13
6 14
6 20
6 28
6 30
6 31
6 63
6 64
6 71
6 72
6 88
6 103
6 112
6 134
6 154
6 159
6 191
6 207
6 263
6 301
6 315
6 330
6 362
6 412
6 417
6 423
6 431
6 443
6 448
6 472
6 489
6 493
6 510
6 512
6 546
6 627
6 632
6 694
6 723
6 754
6 799
6 880
6 886
6 901
6 981
7 10
7 11
7 12
7 13
7 15
7 17
7 19
7 28
7 30
7 34
7 44
7 45
7 46
7 50
7 51
7 52
7 53
7 58
7 63
7 68
7 80
7 91
7 96
7 105
7 108
7 114
7 115
7 122
7 124
7 136
7 137
7 164
7 165
7 172
7 191
7 199
7 206
7 232
7 236
7 244
7 254
7 258
7 276
7 283
7 284
7 291
7 307
7 314
7 370
7 410
7 413
7 451
7 460
7 475
7 507
7 545
7 588
7 592
7 612
7 690
7 775
7 784
7 794
7 815
7 839
7 868
7 877
7 886
7 889
7 901
7 927
7 935
7 947
7 986
7 1010
7 1019
8 10
8 11
8 12
8 13
8 14
8 16
8 17
8 18
8 21
8 31
8 40
8 59
8 67
8 74
8 88
8 93
8 95
8 100
8 102
8 104
8 106
8 108
8 118
8 119
8 122
8 123
8 127
8 138
8 140
8 141
8 143
8 153
8 157
8 158
8 161
8 177
8 187
8 195
8 201
8 204
8 206
8 215
8 225
8 243
8 247
8 276
8 288
8 297
8 299
8 307
8 328
8 361
8 368
8 388
8 390
8 396
8 398
8 435
8 437
8 472
8 486
8 492
8 572
8 573
8 590
8 600
8 610
8 636
8 681
8 692
8 712
8 727
8 732
8 770
8 785
8 820
8 869
8 890
8 943
8 970
8 988
8 990
9 10
9 11
9 12
9 14
9 15
9 16
9 19
9 20
9 25
9 30
9 37
9 46
9 48
9 60
9 61
9 67
9 79
9 87
9 89
9 98
9 99
9 137
9 152
9 158
9 171
9 175
9 187
9 222
9 224
9 229
9 267
9 276
9 294
9 314
9 326
9 344
9 377
9 403
9 430
9 433
9 460
9 505
9 532
9 534
9 575
9 589
9 606
9 619
9 645
9 649
9 664
9 667
9 732
9 788
9 828
9 836
9 845
9 941
9 946
9 1015
10 11
10 12
10 13
10 14
10 15
10 17
10 18
10 19
10 20
10 21
10 22
10 24
10 26
10 27
10 28
10 32
10 34
10 38
10 45
10 46
10 47
10 48
10 50
10 56
10 62
10 63
10 69
10 73
10 80
10 92
10 93
10 98
10 102
10 107
10 110
10 115
10 120
10 124
10 126
10 129
10 132
10 144
10 155
10 158
10 164
10 168
10 179
10 185
10 203
10 204
10 205
10 209
10 210
10 215
10 216
10 221
10 225
10 227
10 232
10 234
10 235
10 248
10 250
10 254
10 259
10 262
10 265
10 268
10 275
10 282
10 292
10 304
10 311
10 313
10 321
10 323
10 325
10 326
10 329
10 330
10 336
10 365
10 381
10 388
10 410
10 414
10 416
10 419
10 426
10 433
10 441
10 446
10 447
10 448
10 454
10 465
10 478
10 480
10 498
10 503
10 514
10 519
10 523
10 537
10 547
10 585
10 591
10 602
10 615
10 616
10 641
10 643
10 657
10 660
10 670
10 702
10 714
10 724
10 733
10 734
10 737
10 754
10 763
10 803
10 807
10 809
10 819
10 828
10 843
10 849
10 851
10 865
10 879
10 902
10 930
10 934
10 940
10 946
10 980
10 991
10 1021
11 12
11 13
11 14
11 15
11 16
11 17
11 19
11 20
11 21
11 22
11 23
11 25
11 26
11 27
11 28
11 29
11 31
11 35
11 40
11 42
11 43
11 48
11 52
11 53
11 55
11 56
11 57
11 64
11 82
11 89
11 91
11 93
11 101
11 103
11 104
11 111
11 119
11 121
11 135
11 143
11 159
11 164
11 169
11 177
11 182
11 184
11 185
11 186
11 187
11 191
11 194
11 204
11 205
11 208
11 219
11 223
11 225
11 235
11 246
11 252
11 258
11 280
11 285
11 295
11 302
11 316
11 323
11 328
11 335
11 348
11 369
11 376
11 378
11 383
11 392
11 409
11 436
11 456
11 460
11 490
11 541
11 567
11 576
11 625
11 642
11 656
11 680
11 716
11 737
11 741
11 752
11 755
11 759
11 802
11 805
11 806
11 851
11 875
11 883
11 902
11 927
11 947
11 957
11 982
11 991
11 1011
12 13
12 14
12 15
12 16
12 18
12 19
12 20
12 21
12 22
12 23
12 24
12 25
12 26
12 29
12 31
12 32
12 33
12 35
12 38
12 39
12 41
12 42
12 45
12 51
12 52
12 53
12 57
12 60
12 61
12 63
12 67
12 68
12 71
12 72
12 73
12 76
12 77
12 82
12 83
12 89
12 97
12 103
12 104
12 108
12 109
12 115
12 121
12 124
12 126
12 131
12 144
12 149
12 150
12 154
12 159
12 174
12 181
12 183
12 190
12 201
12 212
12 213
12 215
12 224
12 235
12 241
12 253
12 257
12 275
12 280
12 306
12 307
12 308
12 318
12 322
12 339
12 347
12 350
12 361
12 364
12 367
12 368
12 374
12 376
12 386
12 387
12 391
12 399
12 428
12 442
12 443
12 445
12 453
12 459
12 465
12 466
12 474
12 497
12 529
12 542
12 555
12 556
12 568
12 571
12 595
12 605
12 611
12 614
12 630
12 641
12 649
12 659
12 709
12 721
12 722
12 735
12 742
12 773
12 774
12 788
12 789
12 792
12 795
12 810
12 818
12 871
12 881
12 894
12 900
12 944
12 949
12 952
12 959
12 972
12 987
13 14
13 16
13 17
13 18
13 20
13 22
13 24
13 26
13 33
13 34
13 35
13 36
13 40
13 43
13 44
13 45
13 46
13 47
13 51
13 53
13 55
13 63
13 70
13 79
13 84
13 103
13 121
13 151
13 160
13 164
13 166
13 168
13 176
13 178
13 198
13 203
13 208
13 214
13 216
13 223
13 235
13 241
13 246
13 248
13 251
13 277
13 286
13 294
13 304
13 305
13 309
13 311
13 313
13 337
13 353
13 358
13 388
13 393
13 396
13 406
13 451
13 465
13 485
13 493
13 498
13 505
13 528
13 534
13 543
13 547
13 558
13 570
13 572
13 594
13 596
13 614
13 615
13 617
13 631
13 632
13 633
13 653
13 675
13 711
13 714
13 729
13 773
13 791
13 794
13 811
13 818
13 819
13 848
13 854
13 886
13 893
13 894
13 913
13 932
13 937
13 943
13 958
13 971
13 983
13 1016
14 15
14 16
14 17
14 19
14 20
14 22
14 23
14 24
14 28
14 34
14 36
14 37
14 38
14 40
14 45
14 49
14 53
14 56
14 57
14 61
14 62
14 65
14 68
14 76
14 78
14 81
14 82
14 85
14 86
14 102
14 109
14 114
14 117
14 121
14 124
14 126
14 127
14 128
14 131
14 134
14 136
14 137
14 138
14 143
14 145
14 149
14 150
14 154
14 157
14 159
14 160
14 161
14 168
14 174
14 189
14 190
14 199
14 208
14 209
14 210
14 211
14 214
14 217
14 218
14 223
14 231
14 235
14 237
14 246
14 247
14 249
14 251
14 260
14 262
14 266
14 267
14 295
14 296
14 299
14 303
14 304
14 305
14 307
14 310
14 312
14 319
14 320
14 325
14 326
14 341
14 343
14 357
14 370
14 378
14 387
14 388
14 394
14 409
14 416
14 425
14 426
14 439
14 444
14 447
14 467
14 470
14 483
14 498
14 538
14 562
14 566
14 575
14 582
14 601
14 603
14 604
14 614
14 641
14 658
14 665
14 676
14 682
14 698
14 703
14 719
14 724
14 731
14 739
14 746
14 761
14 784
14 789
14 793
14 798
14 840
14 847
14 860
14 893
14 912
14 923
14 926
14 933
14 934
14 935
14 951
14 955
14 962
14 966
14 969
14 973
14 982
15 17
15 20
15 23
15 25
15 30
15 32
15 35
15 36
15 39
15 41
15 42
15 43
15 48
15 49
15 50
15 54
15 56
15 63
15 69
15 72
15 79
15 86
15 88
15 93
15 114
15 119
15 128
15 142
15 144
15 145
15 147
15 154
15 155
15 159
15 161
15 167
15 178
15 180
15 184
15 187
15 195
15 204
15 206
15 211
15 222
15 229
15 244
15 248
15 261
15 265
15 269
15 286
15 292
15 313
15 327
15 331
15 332
15 353
15 355
15 356
15 360
15 365
15 379
15 388
15 423
15 431
15 435
15 469
15 485
15 520
15 537
15 590
15 593
15 611
15 618
15 631
15 632
15 648
15 676
15 694
15 742
15 776
15 797
15 813
15 835
15 850
15 876
15 889
15 936
15 942
15 947
15 949
15 1010
16 18
16 19
16 26
16 33
16 35
16 40
16 44
16 46
16 48
16 51
16 52
16 54
16 58
16 66
16 69
16 71
16 78
16 80
16 89
16 90
16 95
16 112
16 113
16 114
16 115
16 119
16 120
16 145
16 146
16 148
16 157
16 166
16 177
16 179
16 189
16 193
16 200
16 214
16 219
16 239
16 247
16 254
16 255
16 263
16 279
16 299
16 321
16 338
16 342
16 351
16 403
16 409
16 416
16 421
16 427
16 428
16 440
16 463
16 477
16 490
16 501
16 516
16 550
16 552
16 557
16 574
16 577
16 622
16 627
16 632
16 641
16 647
16 659
16 687
16 696
16 704
16 707
16 713
16 729
16 753
16 760
16 770
16 771
16 772
16 807
16 866
16 872
16 879
16 905
16 914
16 932
16 936
16 954
16 958
16 1016
17 18
17 19
17 21
17 22
17 23
17 25
17 26
17 27
17 29
17 30
17 31
17 34
17 36
17 37
17 38
17 39
17 41
17 43
17 49
17 52
17 55
17 58
17 59
17 64
17 65
17 66
17 73
17 77
17 79
17 85
17 86
17 94
17 97
17 108
17 113
17 123
17 131
17 140
17 148
17 153
17 154
17 157
17 170
17 172
17 175
17 176
17 177
17 178
17 181
17 182
17 185
17 197
17 214
17 215
17 220
17 229
17 230
17 247
17 249
17 251
17 254
17 280
17 287
17 289
17 300
17 304
17 326
17 329
17 330
17 332
17 333
17 335
17 338
17 360
17 363
17 367
17 375
17 376
17 379
17 385
17 391
17 407
17 421
17 427
17 434
17 436
17 443
17 450
17 456
17 464
17 473
17 476
17 490
17 493
17 495
17 518
17 530
17 535
17 550
17 551
17 558
17 571
17 592
17 603
17 621
17 668
17 673
17 693
17 699
17 706
17 721
17 765
17 780
17 793
17 798
17 814
17 819
17 836
17 845
17 878
17 879
17 905
17 909
17 911
17 912
17 919
17 927
17 933
17 950
17 975
17 982
17 1010
18 19
18 20
18 22
18 24
18 25
18 29
18 30
18 32
18 33
18 39
18 42
18 49
18 52
18 55
18 60
18 65
18 67
18 70
18 73
18 78
18 87
18 89
18 109
18 110
18 117
18 119
18 126
18 135
18 137
18 161
18 162
18 170
18 184
18 198
18 201
18 203
18 206
18 207
18 218
18 219
18 220
18 222
18 230
18 232
18 243
18 250
18 267
18 284
18 285
18 295
18 297
18 328
18 329
18 342
18 369
18 376
18 390
18 392
18 393
18 412
18 420
18 425
18 437
18 443
18 464
18 479
18 481
18 499
18 509
18 559
18 578
18 583
18 612
18 642
18 644
18 664
18 666
18 667
18 678
18 682
18 700
18 710
18 727
18 732
18 739
18 757
18 761
18 779
18 790
18 807
18 812
18 819
18 829
18 834
18 849
18 850
18 852
18 865
18 869
18 886
18 913
18 914
18 921
18 925
18 955
18 965
18 989
18 1001
18 1002
19 20
19 21
19 22
19 23
19 24
19 25
19 26
19 27
19 29
19 30
19 31
19 33
19 35
19 36
19 37
19 39
19 47
19 50
19 65
19 66
19 82
19 84
19 86
19 93
19 96
19 102
19 103
19 107
19 109
19 120
19 127
19 159
19 170
19 181
19 185
19 192
19 204
19 206
19 208
19 230
19 237
19 252
19 256
19 270
19 278
19 279
19 280
19 293
19 303
19 313
19 332
19 340
19 350
19 352
19 360
19 362
19 363
19 369
19 385
19 395
19 417
19 419
19 425
19 426
19 434
19 444
19 449
19 454
19 470
19 492
19 493
19 518
19 519
19 541
19 544
19 548
19 553
19 561
19 568
19 579
19 607
19 610
19 637
19 690
19 695
19 696
19 710
19 716
19 725
19 730
19 732
19 740
19 766
19 772
19 811
19 841
19 856
19 870
19 871
19 872
19 909
19 911
19 912
19 914
19 922
19 926
19 948
19 993
19 1013
19 1015
19 1019
20 21
20 26
20 27
20 29
20 37
20 39
20 40
20 51
20 57
20 62
20 66
20 68
20 69
20 72
20 76
20 84
20 90
20 103
20 104
20 114
20 131
20 135
20 137
20 147
20 149
20 150
20 166
20 181
20 183
20 185
20 209
20 214
20 226
20 244
20 253
20 257
20 261
20 272
20 300
20 309
20 313
20 318
20 321
20 332
20 340
20 343
20 366
20 399
20 404
20 410
20 418
20 426
20 431
20 466
20 477
20 479
20 496
20 497
20 549
20 556
20 563
20 576
20 591
20 609
20 626
20 630
20 639
20 699
20 703
20 716
20 733
20 740
20 749
20 757
20 760
20 795
20 816
20 826
20 830
20 831
20 880
20 881
20 892
20 905
20 937
20 953
20 961
20 983
20 1015
21 22
21 23
21 27
21 29
21 30
21 31
21 34
21 38
21 40
21 44
21 45
21 48
21 50
21 56
21 59
21 62
21 68
21 69
21 70
21 73
21 74
21 94
21 95
21 97
21 99
21 101
21 106
21 108
21 109
21 110
21 118
21 119
21 123
21 136
21 148
21 165
21 183
21 188
21 197
21 217
21 233
21 241
21 242
21 248
21 249
21 257
21 268
21 269
21 271
21 273
21 282
21 284
21 285
21 294
21 295
21 305
21 317
21 324
21 325
21 327
21 328
21 348
21 355
21 357
21 359
21 361
21 367
21 373
21 378
21 381
21 393
21 396
21 400
21 402
21 405
21 415
21 428
21 429
21 430
21 434
21 448
21 449
21 454
21 474
21 509
21 512
21 513
21 514
21 515
21 526
21 547
21 552
21 555
21 564
21 565
21 570
21 571
21 575
21 613
21 615
21 617
21 629
21 635
21 638
21 660
21 666
21 724
21 735
21 738
21 740
21 764
21 790
21 797
21 801
21 812
21 830
21 858
21 871
21 894
21 896
21 898
21 913
21 915
21 943
21 964
21 969
21 982
21 984
21 985
21 998
21 1017
21 1020
21 1022
22 27
22 28
22 35
22 38
22 39
22 40
22 41
22 44
22 56
22 58
22 67
22 69
22 75
22 85
22 96
22 110
22 111
22 124
22 149
22 170
22 210
22 212
22 293
22 306
22 315
22 336
22 337
22 376
22 448
22 453
22 464
22 484
22 507
22 533
22 537
22 542
22 546
22 553
22 630
22 642
22 652
22 668
22 693
22 765
22 817
22 824
22 846
22 916
22 918
22 930
22 987
22 999
22 1014
23 27
23 29
23 37
23 38
23 40
23 47
23 55
23 57
23 58
23 59
23 73
23 74
23 81
23 83
23 93
23 118
23 123
23 131
23 135
23 142
23 151
23 155
23 188
23 212
23 215
23 218
23 228
23 245
23 276
23 278
23 282
23 311
23 341
23 355
23 379
23 383
23 398
23 419
23 450
23 461
23 469
23 471
23 495
23 516
23 549
23 566
23 569
23 579
23 600
23 602
23 611
23 617
23 647
23 671
23 708
23 750
23 756
23 785
23 820
23 837
23 847
23 865
23 877
23 898
23 912
23 1003
23 1021
24 31
24 32
24 33
24 35
24 36
24 42
24 44
24 54
24 63
24 71
24 83
24 85
24 89
24 102
24 115
24 116
24 117
24 129
24 139
24 162
24 167
24 180
24 187
24 194
24 231
24 241
24 256
24 261
24 274
24 291
24 293
24 308
24 311
24 352
24 407
24 440
24 442
24 469
24 488
24 497
24 512
24 515
24 531
24 535
24 538
24 563
24 580
24 588
24 605
24 607
24 614
24 622
24 624
24 663
24 686
24 730
24 746
24 767
24 774
24 802
24 830
24 895
24 909
24 944
24 950
24 981
24 1011
24 1012
25 32
25 41
25 47
25 66
25 70
25 81
25 120
25 133
25 140
25 143
25 147
25 164
25 172
25 173
25 183
25 202
25 213
25 231
25 234
25 244
25 269
25 289
25 320
25 332
25 338
25 380
25 381
25 414
25 456
25 483
25 488
25 586
25 589
25 602
25 603
25 648
25 704
25 760
25 771
25 812
25 855
25 889
25 924
25 949
25 976
25 1010
26 134
26 160
26 199
26 228
26 355
26 369
26 371
26 407
26 450
26 468
26 470
26 474
26 498
26 511
26 594
26 643
26 722
26 777
26 902
26 919
27 31
27 44
27 48
27 49
27 60
27 66
27 72
27 75
27 80
27 81
27 96
27 106
27 109
27 122
27 137
27 141
27 144
27 152
27 161
27 169
27 170
27 181
27 198
27 203
27 230
27 258
27 279
27 286
27 289
27 297
27 322
27 323
27 330
27 359
27 396
27 401
27 409
27 433
27 442
27 443
27 447
27 458
27 482
27 504
27 512
27 524
27 536
27 541
27 545
27 559
27 575
27 582
27 587
27 646
27 712
27 720
27 739
27 769
27 779
27 789
27 794
27 801
27 811
27 816
27 880
27 882
27 950
27 992
27 1014
28 30
28 32
28 33
28 34
28 35
28 43
28 44
28 47
28 52
28 65
28 68
28 71
28 72
28 74
28 77
28 85
28 86
28 90
28 99
28 100
28 106
28 111
28 112
28 113
28 116
28 134
28 141
28 142
28 144
28 145
28 148
28 151
28 163
28 166
28 176
28 187
28 196
28 198
28 199
28 202
28 207
28 211
28 233
28 241
28 242
28 243
28 247
28 269
28 272
28 291
28 297
28 308
28 316
28 323
28 333
28 345
28 354
28 357
28 358
28 363
28 387
28 395
28 407
28 430
28 437
28 443
28 445
28 456
28 458
28 470
28 512
28 533
28 535
28 538
28 541
28 576
28 581
28 590
28 627
28 630
28 631
28 636
28 637
28 646
28 658
28 666
28 670
28 671
28 686
28 712
28 718
28 720
28 753
28 785
28 800
28 821
28 823
28 824
28 825
28 839
28 853
28 879
28 893
28 896
28 897
28 907
28 922
28 925
28 934
28 942
28 979
28 989
28 994
28 1002
28 1013
29 32
29 33
29 34
29 36
29 43
29 55
29 58
29 59
29 61
29 64
29 74
29 80
29 86
29 90
29 96
29 103
29 109
29 119
29 120
29 121
29 138
29 140
29 142
29 147
29 178
29 189
29 210
29 221
29 261
29 264
29 278
29 292
29 299
29 309
29 315
29 329
29 362
29 403
29 440
29 467
29 489
29 492
29 508
29 528
29 542
29 582
29 626
29 636
29 690
29 699
29 714
29 732
29 737
29 747
29 790
29 822
29 836
29 850
29 852
29 853
29 872
29 882
29 906
29 947
29 951
29 965
30 33
30 42
30 51
30 52
30 53
30 62
30 68
30 75
30 80
30 83
30 87
30 88
30 101
30 117
30 127
30 140
30 150
30 154
30 160
30 164
30 166
30 169
30 172
30 174
30 179
30 188
30 216
30 236
30 249
30 257
30 261
30 269
30 313
30 324
30 351
30 370
30 384
30 390
30 402
30 412
30 419
30 421
30 427
30 444
30 467
30 473
30 475
30 487
30 495
30 502
30 522
30 533
30 536
30 562
30 581
30 596
30 599
30 603
30 607
30 610
30 666
30 693
30 701
30 715
30 748
30 781
30 790
30 812
30 816
30 819
30 859
30 903
30 907
30 924
30 941
30 977
30 989
30 998
31 32
31 37
31 47
31 60
31 73
31 79
31 94
31 138
31 142
31 147
31 155
31 163
31 175
31 182
31 183
31 215
31 220
31 244
31 251
31 256
31 281
31 293
31 325
31 373
31 461
31 468
31 472
31 478
31 490
31 528
31 552
31 570
31 606
31 669
31 697
31 739
31 748
31 823
31 837
31 841
31 855
31 863
31 871
32 41
32 49
32 54
32 55
32 78
32 93
32 169
32 184
32 233
32 241
32 327
32 341
32 390
32 414
32 429
32 496
32 500
32 533
32 544
32 623
32 822
32 834
32 869
32 910
32 939
32 966
32 990
33 43
33 45
33 102
33 104
33 119
33 120
33 128
33 138
33 146
33 148
33 160
33 184
33 195
33 248
33 308
33 344
33 455
33 460
33 471
33 511
33 533
33 558
33 617
33 619
33 622
33 753
33 757
33 794
33 802
33 804
33 813
33 936
33 949
33 967
33 1000
34 36
34 37
34 38
34 39
34 45
34 46
34 64
34 95
34 101
34 121
34 125
34 133
34 138
34 143
34 150
34 152
34 188
34 190
34 211
34 216
34 225
34 286
34 287
34 302
34 305
34 314
34 319
34 359
34 372
34 376
34 399
34 421
34 450
34 452
34 478
34 489
34 541
34 608
34 634
34 648
34 661
34 721
34 856
34 899
34 903
34 948
35 44
35 53
35 54
35 56
35 64
35 66
35 83
35 84
35 95
35 126
35 152
35 164
35 173
35 186
35 193
35 213
35 218
35 221
35 228
35 240
35 242
35 268
35 279
35 288
35 295
35 296
35 325
35 346
35 352
35 354
35 377
35 423
35 425
35 426
35 439
35 442
35 452
35 459
35 461
35 466
35 473
35 476
35 484
35 493
35 504
35 526
35 531
35 539
35 548
35 579
35 643
35 651
35 654
35 657
35 675
35 680
35 715
35 747
35 755
35 795
35 856
35 868
35 874
35 925
35 934
35 954
35 964
35 978
35 1008
36 39
36 41
36 47
36 49
36 62
36 66
36 67
36 73
36 76
36 87
36 89
36 92
36 97
36 102
36 110
36 115
36 140
36 148
36 153
36 171
36 195
36 196
36 203
36 253
36 279
36 283
36 285
36 287
36 296
36 299
36 302
36 342
36 367
36 373
36 393
36 422
36 503
36 544
36 548
36 613
36 621
36 638
36 641
36 648
36 676
36 684
36 703
36 737
36 744
36 746
36 754
36 757
36 774
36 841
36 859
36 866
36 906
36 920
36 978
36 996
37 38
37 42
37 62
37 82
37 92
37 97
37 101
37 107
37 138
37 151
37 165
37 168
37 170
37 173
37 194
37 231
37 260
37 261
37 264
37 292
37 316
37 347
37 354
37 377
37 387
37 410
37 472
37 536
37 567
37 571
37 593
37 622
37 697
37 728
37 790
37 805
37 821
37 869
37 880
37 922
37 962
37 993
38 39
38 50
38 64
38 89
38 91
38 92
38 125
38 130
38 137
38 142
38 146
38 149
38 180
38 203
38 277
38 294
38 303
38 336
38 397
38 401
38 467
38 521
38 530
38 540
38 550
38 551
38 566
38 574
38 598
38 629
38 643
38 650
38 653
38 671
38 673
38 683
38 708
38 735
38 750
38 895
38 898
38 903
38 933
38 939
39 45
39 46
39 53
39 56
39 58
39 60
39 61
39 63
39 68
39 77
39 81
39 88
39 90
39 91
39 112
39 123
39 125
39 127
39 129
39 133
39 144
39 149
39 157
39 160
39 162
39 172
39 175
39 188
39 209
39 233
39 242
39 244
39 250
39 251
39 252
39 267
39 283
39 292
39 301
39 326
39 331
39 334
39 337
39 341
39 352
39 355
39 360
39 364
39 370
39 377
39 380
39 382
39 393
39 397
39 411
39 418
39 457
39 467
39 471
39 500
39 508
39 512
39 522
39 543
39 558
39 577
39 590
39 597
39 602
39 611
39 649
39 650
39 659
39 685
39 692
39 695
39 702
39 711
39 714
39 736
39 738
39 744
39 773
39 791
39 792
39 810
39 816
39 845
39 862
39 887
39 895
39 907
39 921
39 940
39 966
39 1008
39 1010
40 41
40 43
40 49
40 51
40 57
40 59
40 60
40 62
40 103
40 113
40 124
40 165
40 167
40 171
40 177
40 204
40 222
40 236
40 262
40 298
40 317
40 344
40 360
40 397
40 475
40 480
40 489
40 491
40 517
40 525
40 542
40 555
40 565
40 592
40 610
40 619
40 631
40 671
40 691
40 736
40 804
40 824
40 825
40 863
40 956
41 42
41 51
41 58
41 74
41 76
41 80
41 88
41 91
41 105
41 111
41 113
41 123
41 138
41 151
41 155
41 160
41 165
41 166
41 183
41 190
41 191
41 192
41 202
41 211
41 224
41 229
41 231
41 236
41 258
41 283
41 353
41 355
41 356
41 384
41 408
41 417
41 456
41 470
41 540
41 554
41 593
41 599
41 628
41 709
41 723
41 728
41 745
41 751
41 758
41 829
41 831
41 834
41 839
41 840
41 910
41 911
41 921
41 969
42 48
42 50
42 54
42 57
42 63
42 67
42 68
42 70
42 78
42 107
42 118
42 130
42 132
42 155
42 175
42 176
42 182
42 183
42 199
42 222
42 230
42 241
42 252
42 272
42 274
42 276
42 285
42 289
42 293
42 309
42 341
42 382
42 423
42 431
42 455
42 461
42 473
42 475
42 479
42 504
42 565
42 570
42 571
42 578
42 583
42 597
42 628
42 634
42 704
42 710
42 728
42 731
42 744
42 765
42 878
42 905
42 970
43 50
43 63
43 77
43 90
43 147
43 156
43 162
43 169
43 193
43 200
43 206
43 227
43 246
43 261
43 281
43 283
43 300
43 356
43 380
43 419
43 445
43 462
43 472
43 550
43 582
43 672
43 718
43 763
43 765
43 854
43 901
43 952
43 983
43 1018
43 1023
44 45
44 56
44 84
44 87
44 91
44 115
44 123
44 136
44 137
44 163
44 170
44 257
44 261
44 331
44 335
44 342
44 353
44 391
44 426
44 453
44 457
44 481
44 511
44 537
44 559
44 563
44 674
44 746
44 807
44 808
44 864
44 876
44 965
44 1023
45 53
45 60
45 99
45 101
45 107
45 108
45 116
45 121
45 125
45 130
45 133
45 136
45 139
45 149
45 179
45 182
45 183
45 185
45 189
45 190
45 196
45 201
45 260
45 262
45 269
45 293
45 324
45 333
45 338
45 350
45 357
45 399
45 405
45 464
45 465
45 500
45 512
45 522
45 524
45 539
45 570
45 592
45 652
45 696
45 753
45 761
45 797
45 799
45 810
45 869
45 924
45 1007
46 54
46 55
46 70
46 71
46 75
46 81
46 84
46 102
46 103
46 105
46 107
46 111
46 123
46 130
46 149
46 151
46 188
46 196
46 233
46 267
46 269
46 331
46 341
46 352
46 353
46 354
46 368
46 378
46 400
46 401
46 415
46 424
46 474
46 530
46 534
46 551
46 559
46 578
46 599
46 624
46 644
46 656
46 658
46 667
46 669
46 681
46 720
46 743
46 772
46 822
46 844
46 870
46 891
46 892
46 915
46 922
46 980
46 989
46 1020
47 48
47 65
47 69
47 78
47 85
47 87
47 104
47 111
47 146
47 158
47 173
47 175
47 275
47 278
47 284
47 322
47 350
47 405
47 408
47 418
47 435
47 455
47 490
47 494
47 509
47 524
47 635
47 728
47 752
47 767
47 789
47 803
47 829
47 974
48 54
48 61
48 65
48 95
48 98
48 103
48 107
48 135
48 143
48 170
48 200
48 202
48 386
48 399
48 465
48 577
48 658
48 765
48 789
48 840
48 883
49 60
49 64
49 72
49 73
49 81
49 92
49 98
49 104
49 125
49 145
49 173
49 174
49 208
49 224
49 238
49 239
49 240
49 256
49 262
49 273
49 283
49 307
49 309
49 310
49 327
49 359
49 389
49 424
49 478
49 479
49 481
49 517
49 518
49 535
49 545
49 594
49 609
49 614
49 615
49 670
49 721
49 746
49 751
49 753
49 757
49 766
49 808
49 866
49 878
49 902
49 930
49 936
49 948
49 1003
49 1017
50 55
50 59
50 78
50 195
50 235
50 310
50 477
50 561
50 596
50 662
50 684
50 818
50 826
50 883
50 974
51 52
51 86
51 98
51 106
51 116
51 131
51 149
51 158
51 165
51 198
51 282
51 307
51 321
51 377
51 445
51 565
51 596
51 786
51 850
51 857
51 959
51 972
52 55
52 62
52 72
52 77
52 81
52 83
52 86
52 90
52 113
52 139
52 145
52 150
52 159
52 169
52 188
52 191
52 255
52 270
52 416
52 471
52 545
52 558
52 669
52 676
52 872
52 916
52 1010
53 54
53 61
53 65
53 72
53 83
53 94
53 118
53 139
53 270
53 290
53 310
53 344
53 359
53 366
53 375
53 422
53 423
53 464
53 489
53 530
53 579
53 588
53 678
53 702
53 727
53 733
53 770
53 861
53 937
54 72
54 75
54 91
54 92
54 98
54 107
54 109
54 110
54 114
54 171
54 182
54 194
54 200
54 207
54 250
54 271
54 300
54 304
54 319
54 348
54 365
54 367
54 386
54 411
54 417
54 436
54 441
54 476
54 485
54 504
54 524
54 552
54 555
54 557
54 566
54 573
54 608
54 650
54 668
54 700
54 817
54 826
54 867
54 879
54 899
54 920
54 932
54 954
54 1006
54 1013
54 1022
55 71
55 85
55 96
55 100
55 124
55 141
55 198
55 203
55 218
55 225
55 263
55 290
55 316
55 335
55 340
55 348
55 360
55 383
55 388
55 411
55 441
55 460
55 497
55 509
55 525
55 526
55 564
55 592
55 608
55 634
55 664
55 668
55 702
55 730
55 744
55 779
55 786
55 804
55 855
55 918
55 919
55 945
55 982
55 1011
55 1015
56 65
56 71
56 78
56 79
56 81
56 99
56 102
56 106
56 129
56 152
56 161
56 162
56 171
56 201
56 228
56 231
56 233
56 251
56 265
56 282
56 313
56 315
56 324
56 336
56 356
56 372
56 395
56 402
56 446
56 472
56 495
56 523
56 537
56 547
56 556
56 559
56 586
56 629
56 640
56 644
56 670
56 686
56 688
56 689
56 703
56 719
56 755
56 776
56 790
56 857
56 888
56 909
56 914
56 917
56 929
56 1007
56 1012
56 1019
57 58
57 61
57 68
57 77
57 90
57 96
57 153
57 224
57 268
57 278
57 284
57 404
57 420
57 429
57 504
57 550
57 599
57 638
57 728
57 738
57 744
57 829
57 850
57 919
57 921
57 996
57 1019
58 66
58 105
58 206
58 239
58 258
58 276
58 294
58 306
58 307
58 320
58 347
58 409
58 430
58 481
58 485
58 494
58 547
58 554
58 596
58 628
58 777
58 825
58 920
58 970
59 74
59 75
59 94
59 99
59 108
59 189
59 239
59 240
59 246
59 251
59 263
59 281
59 298
59 310
59 354
59 386
59 416
59 448
59 463
59 481
59 489
59 505
59 508
59 519
59 635
59 746
59 750
59 777
59 823
59 853
59 888
59 897
59 913
59 939
60 61
60 62
60 64
60 74
60 75
60 83
60 85
60 88
60 90
60 100
60 110
60 113
60 122
60 124
60 140
60 148
60 154
60 179
60 183
60 184
60 199
60 206
60 208
60 239
60 240
60 259
60 264
60 274
60 304
60 309
60 312
60 324
60 368
60 371
60 380
60 418
60 424
60 428
60 432
60 446
60 465
60 509
60 510
60 523
60 560
60 564
60 582
60 601
60 602
60 618
60 639
60 655
60 696
60 738
60 742
60 753
60 767
60 793
60 799
60 811
60 888
60 912
60 946
60 947
60 962
60 995
61 67
61 77
61 79
61 95
61 101
61 122
61 130
61 161
61 175
61 194
61 237
61 249
61 273
61 358
61 408
61 457
61 576
61 826
61 828
61 846
61 918
62 69
62 83
62 93
62 116
62 138
62 141
62 159
62 169
62 182
62 256
62 259
62 262
62 339
62 349
62 389
62 401
62 455
62 517
62 554
62 557
62 615
62 636
62 639
62 681
62 687
62 709
62 730
62 754
62 791
62 846
62 864
62 932
62 955
62 973
62 1018
63 65
63 74
63 76
63 79
63 92
63 93
63 94
63 98
63 117
63 122
63 124
63 144
63 146
63 150
63 171
63 177
63 212
63 264
63 276
63 277
63 289
63 291
63 314
63 320
63 350
63 359
63 395
63 397
63 443
63 481
63 482
63 494
63 502
63 520
63 543
63 552
63 563
63 590
63 610
63 614
63 618
63 626
63 635
63 643
63 662
63 709
63 726
63 775
63 793
63 897
63 916
63 942
63 998
63 1005
64 77
64 128
64 133
64 146
64 167
64 193
64 265
64 306
64 351
64 371
64 389
64 434
64 686
64 698
64 778
64 792
65 80
65 85
65 96
65 110
65 170
65 217
65 227
65 361
65 377
65 383
65 413
65 466
65 468
65 537
65 598
65 629
65 639
65 685
65 711
65 740
65 741
65 749
65 792
65 826
65 886
65 933
65 967
65 989
65 998
65 1008
65 1009
66 84
66 92
66 154
66 213
66 223
66 283
66 310
66 353
66 378
66 437
66 456
66 515
66 524
66 658
66 687
66 912
66 944
66 976
67 75
67 80
67 87
67 99
67 116
67 120
67 128
67 160
67 176
67 193
67 200
67 204
67 207
67 221
67 228
67 230
67 256
67 265
67 272
67 366
67 409
67 431
67 449
67 455
67 493
67 500
67 502
67 527
67 528
67 531
67 544
67 597
67 599
67 632
67 646
67 651
67 661
67 689
67 692
67 734
67 791
67 815
67 833
67 906
67 972
67 1008
68 70
68 99
68 105
68 116
68 127
68 129
68 166
68 196
68 205
68 209
68 231
68 261
68 272
68 273
68 311
68 342
68 352
68 366
68 375
68 382
68 385
68 395
68 427
68 486
68 654
68 663
68 676
68 769
68 792
68 796
68 864
68 887
68 997
68 1012
69 70
69 76
69 92
69 114
69 125
69 128
69 155
69 178
69 201
69 216
69 219
69 240
69 249
69 298
69 304
69 318
69 325
69 439
69 463
69 500
69 505
69 514
69 560
69 594
69 613
69 656
69 665
69 688
69 719
69 721
69 731
69 742
69 808
69 813
69 838
69 866
69 882
69 908
69 993
70 82
70 83
70 87
70 94
70 96
70 97
70 106
70 117
70 125
70 133
70 223
70 236
70 237
70 241
70 258
70 314
70 335
70 360
70 373
70 392
70 408
70 523
70 524
70 531
70 556
70 567
70 573
70 587
70 611
70 636
70 662
70 689
70 733
70 750
70 771
70 814
70 838
70 875
70 890
70 896
70 919
70 939
70 970
71 100
71 117
71 217
71 319
71 339
71 341
71 345
71 489
71 490
71 507
72 76
72 95
72 97
72 104
72 121
72 132
72 137
72 142
72 180
72 190
72 259
72 278
72 294
72 317
72 376
72 391
72 480
72 483
72 522
72 535
72 548
72 572
72 579
72 612
72 616
72 642
72 644
72 835
72 837
72 877
72 885
72 956
72 1023
73 98
73 100
73 112
73 135
73 200
73 208
73 239
73 278
73 329
73 366
73 375
73 487
73 517
73 534
73 625
73 647
73 756
73 841
73 843
74 75
74 79
74 84
74 91
74 104
74 112
74 114
74 125
74 136
74 146
74 153
74 195
74 198
74 223
74 230
74 238
74 240
74 243
74 255
74 264
74 271
74 280
74 314
74 319
74 321
74 328
74 349
74 364
74 384
74 414
74 441
74 449
74 457
74 471
74 481
74 520
74 547
74 562
74 564
74 571
74 610
74 627
74 651
74 673
74 687
74 789
74 813
74 900
74 908
74 914
74 983
75 92
75 100
75 117
75 132
75 174
75 181
75 201
75 216
75 219
75 220
75 232
75 264
75 266
75 282
75 374
75 380
75 383
75 394
75 430
75 476
75 502
75 539
75 546
75 566
75 567
75 579
75 626
75 655
75 665
75 680
75 786
75 791
75 793
75 795
75 830
75 874
75 942
75 998
75 1016
76 78
76 94
76 97
76 126
76 136
76 173
76 187
76 197
76 212
76 240
76 245
76 264
76 296
76 312
76 334
76 357
76 385
76 561
76 568
76 594
76 627
76 700
76 715
76 807
76 826
76 879
76 889
76 955
77 97
77 100
77 105
77 108
77 124
77 136
77 162
77 223
77 229
77 258
77 305
77 308
77 324
77 421
77 447
77 475
77 514
77 636
77 650
77 669
77 681
77 707
77 716
77 855
77 857
77 870
77 966
77 1009
78 86
78 109
78 112
78 152
78 158
78 189
78 191
78 194
78 218
78 281
78 302
78 336
78 372
78 416
78 484
78 521
78 551
78 581
78 584
78 622
78 655
78 670
78 685
78 693
78 739
78 832
78 861
79 84
79 126
79 130
79 131
79 133
79 146
79 231
79 233
79 234
79 273
79 282
79 332
79 404
79 488
79 621
79 687
79 725
79 834
79 851
79 923
80 82
80 104
80 105
80 110
80 122
80 132
80 226
80 249
80 305
80 312
80 320
80 339
80 370
80 428
80 456
80 469
80 470
80 473
80 534
80 538
80 558
80 870
80 874
80 899
80 975
80 976
80 983
80 1023
81 82
81 87
81 88
81 153
81 156
81 180
81 195
81 200
81 209
81 214
81 226
81 253
81 259
81 273
81 282
81 321
81 379
81 392
81 412
81 417
81 423
81 445
81 453
81 491
81 562
81 565
81 601
81 649
81 699
81 708
81 785
81 827
81 1014
82 99
82 108
82 199
82 220
82 230
82 238
82 295
82 309
82 361
82 411
82 446
82 557
82 616
82 646
82 744
82 754
82 838
82 868
82 869
82 879
82 924
82 925
82 945
83 94
83 100
83 101
83 107
83 131
83 147
83 164
83 192
83 213
83 214
83 215
83 245
83 246
83 259
83 263
83 265
83 280
83 301
83 321
83 327
83 328
83 453
83 513
83 578
83 617
83 666
83 680
83 742
83 796
83 836
83 893
83 924
83 946
83 967
83 1004
84 88
84 89
84 169
84 186
84 224
84 395
84 468
84 530
84 573
84 600
84 797
84 959
85 266
85 319
85 395
85 458
85 476
85 516
85 619
85 639
85 641
85 702
85 713
85 747
85 812
85 922
85 951
85 968
86 111
86 116
86 138
86 140
86 142
86 209
86 227
86 236
86 346
86 356
86 358
86 360
86 373
86 377
86 395
86 403
86 467
86 503
86 532
86 551
86 568
86 783
86 801
86 860
86 946
86 1003
86 1022
87 93
87 115
87 120
87 121
87 125
87 166
87 223
87 232
87 251
87 255
87 300
87 389
87 391
87 501
87 526
87 569
87 736
87 775
87 821
87 941
87 1023
88 90
88 94
88 95
88 106
88 167
88 174
88 225
88 228
88 267
88 281
88 303
88 354
88 363
88 384
88 400
88 439
88 532
88 547
88 548
88 572
88 578
88 583
88 597
88 626
88 662
88 736
88 826
88 960
88 967
88 1005
89 97
89 127
89 130
89 141
89 144
89 225
89 234
89 255
89 268
89 284
89 327
89 371
89 389
89 391
89 403
89 410
89 462
89 471
89 511
89 573
89 650
89 658
89 741
89 756
89 766
89 786
89 799
89 812
89 869
89 943
89 1011
90 98
90 117
90 132
90 147
90 163
90 205
90 257
90 267
90 367
90 384
90 387
90 440
90 609
90 691
90 748
90 776
90 856
90 873
90 935
90 940
90 956
90 978
91 99
91 105
91 114
91 117
91 142
91 163
91 180
91 182
91 196
91 227
91 229
91 253
91 273
91 274
91 277
91 297
91 298
91 306
91 312
91 316
91 318
91 333
91 347
91 401
91 408
91 412
91 527
91 624
91 659
91 670
91 671
91 718
91 722
91 745
91 759
91 766
91 827
91 872
91 886
91 973
91 976
91 997
92 101
92 115
92 165
92 192
92 220
92 224
92 241
92 266
92 398
92 439
92 520
92 549
92 568
92 604
92 617
92 713
92 726
92 841
92 891
92 932
92 969
92 1014
93 118
93 121
93 126
93 136
93 175
93 178
93 208
93 256
93 257
93 271
93 332
93 348
93 388
93 395
93 405
93 412
93 437
93 484
93 532
93 569
93 576
93 621
93 706
93 711
93 760
93 850
93 866
93 871
93 952
93 977
94 152
94 157
94 209
94 337
94 399
94 411
94 432
94 500
94 616
94 628
94 855
95 156
95 194
95 200
95 218
95 414
95 432
95 483
95 517
95 525
95 530
95 663
95 674
95 904
95 910
96 105
96 106
96 108
96 132
96 139
96 158
96 168
96 235
96 277
96 312
96 364
96 403
96 420
96 424
96 430
96 486
96 511
96 544
96 575
96 579
96 586
96 731
96 878
96 969
97 98
97 128
97 172
97 216
97 219
97 220
97 238
97 246
97 263
97 281
97 313
97 320
97 325
97 334
97 414
97 686
97 745
97 759
97 774
97 832
97 875
97 903
98 134
98 160
98 191
98 217
98 219
98 221
98 244
98 429
98 507
98 534
98 758
98 763
98 774
98 776
98 796
98 821
98 900
98 1021
98 1023
99 106
99 151
99 161
99 167
99 202
99 204
99 219
99 245
99 270
99 271
99 279
99 285
99 404
99 409
99 455
99 462
99 464
99 520
99 535
99 604
99 682
99 691
99 752
99 755
99 816
99 960
99 988
99 997
100 111
100 127
100 158
100 171
100 176
100 197
100 229
100 253
100 298
100 306
100 321
100 387
100 413
100 476
100 483
100 511
100 516
100 533
100 536
100 581
100 585
100 659
100 664
100 714
100 764
100 775
100 851
100 888
100 937
100 951
101 107
101 125
101 127
101 134
101 145
101 177
101 202
101 242
101 297
101 303
101 346
101 497
101 498
101 564
101 570
101 634
101 700
101 743
101 784
102 195
102 210
102 267
102 271
102 303
102 360
102 554
103 126
103 132
103 161
103 162
103 163
103 179
103 181
103 215
103 222
103 243
103 266
103 286
103 303
103 336
103 349
103 406
103 470
103 474
103 492
103 567
103 571
103 572
103 633
103 695
103 702
103 780
103 839
103 947
104 110
104 118
104 119
104 141
104 143
104 156
104 177
104 252
104 274
104 290
104 311
104 318
104 342
104 385
104 389
104 449
104 470
104 507
104 513
104 530
104 549
104 558
104 575
104 598
104 679
104 688
104 747
104 781
104 797
104 827
104 844
104 942
104 959
104 1017
105 112
105 135
105 140
105 149
105 200
105 207
105 264
105 266
105 347
105 357
105 371
105 396
105 415
105 427
105 435
105 460
105 488
105 554
105 557
105 712
105 824
105 834
105 843
105 920
106 113
106 118
106 162
106 178
106 197
106 250
106 280
106 302
106 344
106 425
106 473
106 566
106 796
106 852
106 876
106 900
106 963
106 974
107 111
107 116
107 128
107 129
107 134
107 145
107 156
107 158
107 163
107 179
107 185
107 196
107 197
107 207
107 213
107 236
107 284
107 406
107 421
107 438
107 471
107 515
107 525
107 531
107 534
107 550
107 574
107 587
107 595
107 598
107 626
107 637
107 653
107 674
107 677
107 689
107 712
107 719
107 882
107 916
107 1003
108 118
108 123
108 150
108 155
108 205
108 218
108 242
108 285
108 298
108 299
108 324
108 397
108 466
108 475
108 477
108 486
108 585
108 609
108 623
108 723
108 832
108 838
108 850
108 890
108 892
108 996
108 997
109 113
109 128
109 130
109 172
109 180
109 188
109 246
109 247
109 253
109 352
109 365
109 381
109 382
109 416
109 439
109 444
109 469
109 472
109 480
109 499
109 528
109 540
109 551
109 560
109 572
109 574
109 624
109 712
109 745
109 751
109 799
109 808
109 964
110 120
110 207
110 328
110 335
110 384
110 419
110 484
110 486
110 580
110 584
110 770
110 774
110 899
110 969
111 113
111 126
111 144
111 148
111 174
111 215
111 220
111 224
111 231
111 260
111 424
111 501
111 604
111 720
111 743
111 860
111 946
111 972
111 974
111 1019
112 139
112 167
112 168
112 185
112 217
112 255
112 265
112 276
112 287
112 351
112 451
112 459
112 465
112 480
112 551
112 657
112 679
112 720
112 806
112 819
112 822
112 871
112 908
112 925
112 933
112 976
112 1003
113 130
113 146
113 196
113 197
113 198
113 239
113 256
113 358
113 387
113 442
113 525
113 543
113 548
113 599
113 606
113 632
113 640
113 787
113 817
113 921
113 926
113 985
113 1000
114 116
114 140
114 156
114 165
114 263
114 311
114 387
114 404
114 407
114 465
114 509
114 513
114 561
114 589
114 645
114 649
114 660
114 689
114 690
114 768
114 819
114 827
114 842
114 879
114 892
114 975
114 985
114 999
114 1005
114 1014
115 129
115 133
115 135
115 139
115 172
115 213
115 232
115 315
115 399
115 443
115 448
115 523
115 539
115 565
115 646
115 670
115 680
115 810
115 829
115 842
115 848
115 916
115 938
115 949
116 139
116 145
116 147
116 166
116 280
116 299
116 349
116 422
116 499
116 515
116 540
116 620
116 660
116 666
116 731
116 855
116 861
116 883
116 938
116 955
116 958
116 976
116 995
117 187
117 238
117 242
117 293
117 305
117 354
117 438
117 454
117 563
117 606
117 623
117 633
117 808
117 831
117 948
117 950
118 120
118 175
118 180
118 186
118 326
118 432
118 446
118 449
118 555
118 696
118 917
118 921
118 1011
119 131
119 190
119 200
119 224
119 243
119 332
119 360
119 383
119 398
119 435
119 459
119 467
119 515
119 536
119 542
119 555
119 633
119 645
119 652
119 707
119 725
119 791
119 809
119 813
119 899
119 901
119 925
119 930
119 938
119 972
119 1017
120 143
120 153
120 223
120 243
120 279
120 289
120 398
120 426
120 445
120 446
120 496
120 539
120 546
120 569
120 572
120 577
120 581
120 751
120 832
121 143
121 167
121 176
121 185
121 196
121 205
121 229
121 379
121 386
121 461
121 514
121 516
121 531
121 564
121 567
121 577
121 690
121 702
121 709
121 711
121 732
121 749
121 791
121 812
121 836
121 864
121 1006
122 136
122 142
122 154
122 158
122 163
122 169
122 170
122 176
122 184
122 247
122 253
122 270
122 279
122 320
122 343
122 344
122 346
122 348
122 379
122 425
122 459
122 488
122 492
122 518
122 520
122 534
122 575
122 604
122 649
122 692
122 737
122 778
122 779
122 796
122 858
122 859
122 919
122 1004
123 226
123 234
123 251
123 267
123 341
123 362
123 399
123 410
123 477
123 645
123 778
123 787
123 933
124 137
124 176
124 194
124 220
124 336
124 351
124 372
124 373
124 473
124 489
124 493
124 578
124 595
124 597
124 687
124 713
124 719
124 734
124 798
124 823
124 894
124 913
124 928
124 1000
125 133
125 134
125 135
125 152
125 186
125 203
125 210
125 217
125 259
125 329
125 385
125 453
125 519
125 540
125 571
125 586
125 588
125 599
125 652
125 668
125 700
125 726
125 757
125 801
125 815
125 833
125 888
125 934
126 130
126 132
126 141
126 146
126 162
126 174
126 184
126 186
126 187
126 203
126 237
126 275
126 285
126 291
126 324
126 326
126 333
126 337
126 361
126 362
126 386
126 401
126 501
126 544
126 558
126 566
126 568
126 602
126 611
126 654
126 662
126 818
126 902
126 911
126 913
126 921
126 992
126 1013
127 153
127 165
127 202
127 254
127 262
127 350
127 419
127 495
127 545
127 573
127 607
127 634
127 746
127 793
127 798
127 807
127 835
127 848
127 888
127 902
127 967
127 1017
128 157
128 197
128 240
128 280
128 289
128 292
128 294
128 295
128 301
128 357
128 371
128 398
128 450
128 476
128 527
128 596
128 703
128 710
128 734
128 740
128 745
128 765
128 787
128 858
128 889
128 921
128 946
128 1016
129 186
129 219
129 234
129 237
129 255
129 262
129 287
129 296
129 329
129 377
129 402
129 439
129 441
129 484
129 506
129 546
129 579
129 684
129 693
129 806
129 957
130 182
130 252
130 706
130 785
130 931
131 182
131 199
131 211
131 286
131 333
131 432
131 443
131 502
131 549
131 570
131 611
131 637
131 885
131 897
131 950
131 966
132 134
132 162
132 214
132 234
132 336
132 371
132 412
132 440
132 521
132 647
132 656
132 848
132 938
133 148
133 186
133 192
133 212
133 263
133 295
133 322
133 332
133 384
133 491
133 586
133 660
133 675
133 769
133 868
133 908
133 940
133 1004
134 151
134 164
134 168
134 177
134 222
134 238
134 275
134 305
134 432
134 445
134 462
134 466
134 513
134 533
134 544
134 562
134 564
134 569
134 592
134 595
134 625
134 636
134 734
134 796
134 823
134 837
134 854
134 875
134 894
134 1001
134 1018
135 225
135 235
135 254
135 347
135 371
135 374
135 602
135 640
135 710
135 803
135 885
136 157
136 167
136 202
136 206
136 230
136 232
136 331
136 340
136 436
136 491
136 536
136 682
136 698
136 755
136 872
136 883
136 960
137 153
137 178
137 263
137 272
137 281
137 333
137 474
137 518
137 584
137 652
137 689
137 717
137 887
137 992
137 1016
138 150
138 173
138 175
138 193
138 375
138 417
138 446
138 601
138 689
138 749
138 853
139 156
139 167
139 173
139 205
139 212
139 242
139 350
139 363
139 383
139 452
139 477
139 488
139 495
139 657
139 669
139 722
139 926
140 148
140 153
140 159
140 190
140 193
140 226
140 255
140 271
140 302
140 342
140 349
140 502
140 553
140 594
140 652
140 676
140 708
140 723
140 731
140 779
140 794
140 813
140 941
140 979
140 998
141 173
141 191
141 210
141 270
141 294
141 300
141 319
141 341
141 365
141 378
141 388
141 415
141 432
141 525
141 546
141 559
141 566
141 593
141 634
141 788
141 816
141 823
141 914
141 985
142 156
142 190
142 235
142 292
142 349
142 363
142 403
142 411
142 426
142 589
142 674
142 738
142 927
142 952
142 957
142 993
142 1020
143 145
143 173
143 308
143 313
143 374
143 441
143 462
143 491
143 522
143 550
143 568
143 672
143 677
143 776
143 777
143 811
143 1019
144 155
144 228
144 283
144 323
144 336
144 413
144 492
144 598
144 601
144 639
144 653
144 665
144 673
144 736
144 765
144 805
144 816
144 895
144 987
144 1017
145 292
145 329
145 348
145 472
145 491
145 540
145 629
145 680
145 688
145 790
145 875
145 1008
146 157
146 159
146 164
146 168
146 194
146 196
146 221
146 274
146 282
146 296
146 297
146 308
146 329
146 333
146 345
146 356
146 391
146 455
146 478
146 499
146 524
146 540
146 544
146 548
146 561
146 592
146 608
146 636
146 683
146 798
146 813
146 833
146 846
146 870
146 975
146 981
146 992
146 1016
147 171
147 197
147 381
147 397
147 410
147 535
147 622
147 826
147 898
147 1007
148 165
148 210
148 261
148 275
148 283
148 305
148 346
148 421
148 441
148 602
148 643
148 681
148 763
148 833
148 936
149 198
149 252
149 258
149 338
149 359
149 601
149 736
150 152
150 174
150 192
150 206
150 270
150 328
150 406
150 418
150 450
150 550
150 627
150 679
150 703
150 938
150 961
151 154
151 157
151 163
151 179
151 215
151 269
151 274
151 374
151 403
151 411
151 510
151 529
151 688
151 691
151 802
151 920
151 977
152 171
152 180
152 220
152 307
152 398
152 438
152 469
152 687
152 716
152 726
152 805
152 865
152 940
153 161
153 184
153 218
153 231
153 260
153 263
153 301
153 304
153 404
153 444
153 477
153 482
153 512
153 529
153 538
153 578
153 632
153 637
153 651
153 656
153 664
153 751
153 804
153 852
154 179
154 217
154 233
154 420
154 573
154 661
154 757
154 764
154 800
154 840
155 166
155 221
155 317
155 357
155 445
155 447
155 499
155 500
155 528
155 607
155 760
155 772
155 777
155 806
155 857
155 929
155 983
156 181
156 223
156 275
156 362
156 394
156 476
156 525
156 565
156 620
156 709
156 761
156 829
156 893
157 172
157 233
157 244
157 266
157 290
157 317
157 337
157 342
157 365
157 400
157 433
157 595
157 603
157 637
157 641
157 690
157 711
157 784
157 867
157 951
158 268
158 295
158 301
158 302
158 323
158 621
158 863
158 923
159 168
159 180
159 211
159 265
159 279
159 361
159 423
159 495
159 501
159 524
159 528
159 542
159 616
159 619
159 629
159 693
159 722
159 785
159 818
159 849
159 950
160 191
160 209
160 237
160 240
160 486
160 526
160 529
160 779
160 808
160 852
161 189
161 204
161 208
161 235
161 258
161 338
161 347
161 378
161 404
161 485
161 579
161 620
161 686
161 721
161 832
161 840
161 856
161 874
161 886
161 892
161 906
161 1016
162 169
162 188
162 246
162 300
162 301
162 315
162 316
162 343
162 408
162 438
162 470
162 521
162 597
162 728
162 763
162 890
163 221
163 236
163 238
163 254
163 256
163 291
163 330
163 343
163 353
163 363
163 465
163 500
163 788
163 804
163 941
163 962
164 213
164 226
164 244
164 288
164 322
164 348
164 478
164 486
164 492
164 511
164 742
164 772
165 176
165 198
165 252
165 286
165 290
165 302
165 319
165 358
165 365
165 385
165 469
165 556
165 626
165 665
165 719
165 778
165 830
165 867
165 910
165 923
165 957
165 990
166 184
166 186
166 239
166 257
166 298
166 308
166 397
166 482
166 483
166 704
166 705
166 937
166 986
167 171
167 178
167 186
167 193
167 259
167 279
167 310
167 330
167 355
167 356
167 368
167 382
167 386
167 388
167 409
167 427
167 439
167 450
167 454
167 471
167 510
167 599
167 605
167 627
167 629
167 663
167 703
167 705
167 730
167 824
167 829
167 873
167 881
167 1002
168 318
168 492
168 551
168 731
168 853
168 908
168 962
168 979
168 1019
169 177
169 181
169 211
169 226
169 351
169 495
169 515
169 638
169 648
169 694
169 823
169 836
169 860
169 972
169 984
169 1021
170 178
170 195
170 238
170 289
170 339
170 484
170 796
170 838
170 843
171 179
171 192
171 213
171 225
171 400
171 418
171 421
171 427
171 440
171 452
171 585
171 707
171 769
171 781
171 809
171 929
171 955
172 189
172 204
172 214
172 326
172 367
172 390
172 400
172 498
172 549
172 659
172 734
172 775
172 778
173 227
173 298
173 376
173 482
173 583
173 633
173 682
173 717
173 769
173 785
173 889
173 958
173 980
174 227
174 242
174 276
174 349
174 380
174 468
174 618
174 771
174 845
174 866
175 216
175 275
175 281
175 296
175 337
175 340
175 374
175 396
175 466
175 705
175 721
175 787
175 797
176 192
176 199
176 205
176 214
176 314
176 326
176 377
176 526
176 585
176 628
176 631
176 824
176 834
176 911
177 185
177 216
177 234
177 287
177 316
177 393
177 404
177 428
177 496
177 517
177 527
177 536
177 543
177 546
177 583
177 584
177 633
177 638
177 694
177 743
177 781
177 846
177 855
177 970
178 199
178 237
178 372
178 375
178 532
178 614
178 679
178 709
178 710
178 725
178 884
178 885
178 893
178 1011
179 405
179 516
179 521
179 669
179 785
179 979
179 999
179 1005
180 243
180 255
180 268
180 300
180 302
180 327
180 339
180 364
180 415
180 502
180 519
180 521
180 573
180 675
180 678
180 696
180 777
180 872
180 915
180 929
180 945
180 978
181 203
181 271
181 308
181 311
181 317
181 334
181 361
181 372
181 401
181 430
181 435
181 461
181 522
181 588
181 590
181 595
181 635
181 638
181 718
181 783
181 859
181 865
181 870
181 887
181 939
181 966
181 981
182 212
182 245
182 270
182 273
182 285
182 296
182 314
182 331
182 406
182 437
182 624
182 899
182 987
183 244
183 289
183 331
183 365
183 422
183 503
183 511
183 653
183 674
183 678
183 845
183 917
184 221
184 306
184 315
184 434
184 468
184 482
184 538
184 593
184 640
184 652
184 680
184 806
184 815
184 843
184 900
184 940
184 1021
185 208
185 241
185 252
185 268
185 275
185 328
185 335
185 369
185 400
185 411
185 419
185 464
185 548
185 593
185 611
185 692
185 745
185 796
185 820
186 210
186 252
186 272
186 368
186 410
186 411
186 432
186 466
186 526
186 530
186 553
186 589
186 663
186 733
186 788
186 807
186 844
186 887
186 1006
187 347
187 351
187 397
187 413
187 506
187 645
187 676
187 723
187 726
187 854
187 924
187 956
188 273
188 293
188 362
188 517
188 604
188 739
188 758
188 787
189 240
189 282
189 330
189 382
189 423
189 553
189 609
189 741
189 801
189 859
189 874
190 193
190 202
190 389
190 416
190 527
190 896
190 994
190 1014
191 201
191 202
191 212
191 248
191 272
191 406
191 444
191 467
191 589
191 644
191 684
191 715
191 722
191 727
191 963
191 983
192 226
192 227
192 427
192 429
192 563
192 697
192 824
192 836
192 999
193 312
193 332
193 428
193 455
193 478
193 482
193 578
193 632
193 654
193 755
193 761
193 829
193 876
193 947
193 984
193 985
194 250
194 343
194 367
194 369
194 480
194 483
194 497
194 571
194 607
194 883
194 907
194 959
194 1018
195 247
195 344
195 382
195 420
195 494
195 604
195 606
195 869
195 1008
196 304
196 320
196 418
196 488
196 580
196 817
196 825
196 897
196 926
196 939
197 201
197 228
197 232
197 269
197 273
197 277
197 340
197 401
197 450
197 462
197 580
197 646
197 668
197 706
197 795
197 889
197 909
197 934
197 953
197 984
198 237
198 310
198 318
198 479
198 523
198 549
198 560
198 592
199 243
199 260
199 284
199 337
199 355
199 383
199 418
199 672
199 740
199 811
199 922
199 985
199 1023
200 245
200 281
200 301
200 305
200 546
200 762
200 898
200 959
200 1009
201 207
201 227
201 325
201 350
201 426
201 552
201 633
201 654
201 783
201 971
201 990
202 224
202 272
202 320
202 358
202 378
202 511
202 654
202 980
202 994
203 236
203 254
203 316
203 317
203 319
203 356
203 366
203 404
203 583
203 668
203 706
203 865
204 205
204 211
204 234
204 245
204 268
204 323
204 346
204 362
204 485
204 506
204 512
204 514
204 617
204 626
204 718
204 898
204 951
204 968
204 990
205 218
205 222
205 230
205 250
205 253
205 328
205 358
205 389
205 436
205 461
205 464
205 516
205 518
205 567
205 647
205 860
205 918
205 965
205 995
205 1017
206 303
206 515
206 605
206 642
206 648
206 742
206 953
206 968
206 1001
206 1019
207 254
207 343
207 382
207 449
207 453
207 457
207 486
207 496
207 537
207 560
207 692
207 769
207 773
207 803
207 971
207 1020
208 333
208 358
208 385
208 393
208 431
208 445
208 468
208 487
208 582
208 766
208 783
208 794
208 897
208 939
208 949
208 990
209 288
209 353
209 437
209 499
209 539
209 563
209 612
209 747
209 954
210 260
210 527
210 553
210 613
210 622
210 925
211 256
211 284
211 334
211 405
211 447
211 473
211 475
211 501
211 563
211 645
211 650
211 676
211 691
211 705
211 725
211 733
211 802
212 213
212 289
212 490
212 587
212 621
212 633
212 648
212 704
212 1003
213 232
213 290
213 291
213 334
213 351
213 390
213 402
213 415
213 447
213 567
213 717
213 725
213 766
213 786
213 825
213 939
213 959
213 978
214 226
214 228
214 254
214 372
214 378
214 400
214 461
214 529
214 542
214 575
214 582
214 657
214 660
214 708
214 709
214 768
214 946
214 966
214 970
214 1005
214 1021
215 233
215 344
215 375
215 381
216 229
216 318
216 353
216 394
216 417
216 568
216 580
216 634
216 654
216 672
216 700
216 706
216 750
216 885
216 955
217 348
217 463
217 556
217 580
217 621
217 697
217 698
217 735
217 759
217 901
217 912
218 463
218 487
218 685
218 783
218 905
218 991
219 226
219 239
219 248
219 259
219 288
219 412
219 438
219 608
219 613
219 659
219 799
219 824
219 914
219 980
220 301
220 304
220 369
220 415
220 430
220 438
220 481
220 518
220 561
220 594
220 608
220 752
220 934
220 983
221 234
221 274
221 361
221 367
221 390
221 422
221 650
221 728
221 730
221 735
221 850
221 963
221 966
221 993
222 250
222 260
222 266
222 333
222 359
222 405
222 448
222 477
222 521
222 584
222 590
222 660
222 663
222 676
222 685
222 734
222 920
222 923
223 309
223 457
223 537
223 565
223 662
223 686
223 726
223 817
223 869
223 880
223 958
224 288
224 349
224 368
224 389
224 420
224 596
224 600
224 690
224 882
224 898
224 942
224 1009
225 248
225 316
225 323
225 334
225 438
225 460
225 485
225 505
225 520
225 655
225 665
225 739
225 768
225 815
225 834
226 331
226 400
226 458
226 503
226 543
226 685
226 842
227 228
227 257
227 260
227 319
227 324
227 361
227 362
227 367
227 394
227 453
227 535
227 544
227 564
227 587
227 598
227 639
227 657
227 678
227 707
227 738
227 758
227 827
227 884
227 913
227 973
227 1000
228 245
228 278
228 315
228 378
228 451
228 459
228 487
228 655
228 767
228 788
228 851
228 863
228 957
228 1021
229 311
229 362
229 380
229 440
229 509
229 580
229 647
229 699
229 774
229 831
229 835
229 855
229 907
229 984
229 999
230 603
231 431
231 525
231 552
231 796
231 874
231 952
232 248
232 288
232 299
232 352
232 406
232 493
232 522
232 529
232 542
232 583
232 779
232 1002
233 245
233 247
233 278
233 320
233 342
233 364
233 394
233 458
233 479
233 495
233 593
233 614
233 652
233 682
233 708
233 806
233 820
233 834
233 915
233 965
233 1006
233 1018
234 248
234 286
234 339
234 346
234 392
234 527
234 590
234 591
234 617
234 742
234 808
234 960
235 317
235 323
235 355
235 370
235 392
235 429
235 577
235 713
235 761
235 1007
236 290
236 413
236 439
236 490
236 506
236 682
236 927
237 265
237 275
237 408
237 461
237 475
237 476
237 503
237 601
237 975
238 269
238 372
238 374
238 434
238 437
238 514
238 543
238 564
238 585
238 688
238 706
238 773
239 286
239 355
239 366
239 522
239 552
239 612
239 648
239 654
239 713
240 260
240 737
240 753
240 794
240 828
240 844
240 863
240 897
241 251
241 412
241 452
241 875
241 910
241 1000
242 308
242 311
242 376
242 452
242 502
242 531
242 904
243 345
243 391
243 538
243 568
243 595
243 825
243 922
244 312
244 340
244 353
244 374
244 415
244 449
244 487
244 510
244 565
244 640
244 704
245 325
245 368
245 370
245 381
245 535
245 663
245 679
245 892
246 299
246 518
246 532
246 762
246 830
246 866
246 974
247 300
247 346
247 375
247 401
247 437
247 478
247 549
247 649
247 693
247 785
247 862
248 274
248 373
248 375
248 407
248 563
248 584
248 683
248 823
248 839
249 315
249 326
249 337
249 441
249 559
249 576
249 644
249 701
249 868
249 947
250 987
251 294
251 343
251 347
251 591
251 608
252 303
252 380
252 426
252 577
252 591
252 747
252 820
252 825
252 851
252 861
253 276
253 278
253 313
253 331
253 422
253 458
253 529
253 549
253 613
253 638
253 683
253 814
254 314
254 387
254 402
254 410
254 655
254 698
254 701
254 871
254 935
255 306
255 404
255 409
255 434
255 581
255 685
255 712
255 767
255 798
255 857
255 963
256 327
256 334
256 364
256 668
257 322
257 335
257 340
257 380
257 576
257 604
257 622
257 665
257 696
257 744
257 922
257 981
257 996
258 266
258 268
258 297
258 309
258 321
258 463
258 509
258 538
258 555
258 846
259 350
259 392
259 407
259 422
259 486
259 552
259 729
259 756
259 833
260 288
260 359
260 390
260 436
260 503
260 599
260 630
260 656
260 759
260 780
260 846
260 961
261 307
261 322
261 344
261 354
261 458
261 748
261 784
261 932
261 979
262 288
262 317
262 370
262 406
262 463
262 507
262 519
262 539
262 540
262 640
262 743
262 784
262 956
262 987
263 436
263 794
263 817
263 867
263 881
263 928
264 330
264 454
265 539
265 551
265 658
265 844
265 902
266 519
266 620
266 710
266 762
266 862
266 883
266 974
266 982
266 1014
267 293
267 357
267 419
267 476
267 545
267 802
267 910
268 277
268 290
268 425
268 717
268 722
268 871
268 888
268 894
268 896
268 899
268 923
268 971
269 345
269 514
270 401
270 422
270 504
270 610
271 286
271 488
271 490
271 683
271 710
271 772
271 881
271 992
272 277
272 354
272 366
272 503
272 559
272 915
273 277
273 290
273 331
273 356
273 425
273 483
273 487
273 499
273 551
273 556
273 649
273 656
273 674
273 681
273 697
273 780
273 801
273 853
274 303
274 309
274 364
274 424
274 489
274 519
274 653
274 661
274 907
274 950
275 484
275 721
276 280
276 287
276 291
276 292
276 357
276 379
276 440
276 442
276 444
276 446
276 485
276 585
276 606
276 609
276 657
276 828
276 840
276 858
276 912
276 941
277 283
277 607
277 609
277 615
277 787
278 287
278 398
278 451
278 701
278 880
279 322
279 438
279 667
279 683
279 748
279 810
280 291
280 548
280 574
280 732
280 751
280 918
280 930
281 302
281 323
281 338
281 394
281 405
281 413
281 441
281 500
281 523
281 646
281 653
281 733
281 738
281 909
281 927
281 938
282 334
282 559
282 600
282 886
283 285
283 349
283 438
283 448
283 496
283 522
283 636
283 642
283 818
283 861
284 385
284 451
284 620
284 653
284 885
284 961
285 297
285 372
285 412
285 607
285 674
285 790
285 913
285 926
285 952
285 1004
286 334
286 574
286 630
286 727
286 754
286 861
286 915
287 306
287 454
287 782
287 855
287 863
287 994
288 327
288 366
288 432
288 447
288 474
288 499
288 716
288 752
288 772
288 782
288 831
288 837
288 906
288 928
288 979
289 327
289 351
289 408
289 451
289 495
289 510
289 698
289 737
289 768
289 836
289 881
289 915
289 986
290 352
290 515
290 518
290 635
290 678
290 781
290 831
290 929
290 936
291 292
291 351
291 374
291 433
291 458
291 498
291 532
291 541
291 660
291 860
291 937
291 950
292 382
292 480
292 570
292 623
292 669
292 678
292 725
292 863
292 933
293 393
293 499
293 585
293 669
293 706
294 336
294 345
294 356
294 358
294 359
294 380
294 393
294 400
294 402
294 487
294 506
294 510
294 515
294 528
294 598
294 603
294 849
294 894
294 943
294 964
294 967
295 467
295 560
295 594
295 609
296 299
296 325
296 329
296 339
296 480
296 484
296 592
296 668
296 677
296 681
296 760
296 911
296 915
297 300
297 335
297 372
297 494
297 682
297 739
297 806
297 821
297 990
297 1000
298 301
298 344
298 411
298 531
298 829
298 866
298 888
298 908
299 312
299 407
299 420
299 501
299 560
299 662
299 852
299 878
299 897
300 677
300 804
300 866
300 1021
301 384
301 450
301 459
301 485
301 547
301 561
301 605
302 403
302 504
302 605
302 749
302 767
302 770
302 771
302 918
303 345
303 364
303 430
303 459
303 582
303 625
303 688
303 838
304 306
304 338
304 368
304 394
304 419
304 539
304 571
304 735
304 843
305 346
305 483
305 526
305 738
305 938
306 522
306 527
306 877
307 386
307 637
307 843
307 848
307 864
307 954
308 335
308 337
308 339
308 884
308 885
308 896
309 561
309 695
309 764
309 845
309 929
310 371
310 442
310 448
310 647
310 681
310 716
310 732
310 748
310 843
310 920
311 322
311 340
311 392
311 405
311 458
311 468
311 572
311 669
311 673
311 756
311 877
311 971
312 388
312 392
312 500
312 524
312 588
312 631
312 679
312 708
312 718
312 788
312 896
313 343
313 383
313 450
313 608
313 624
313 650
313 685
313 861
314 338
314 489
314 671
314 691
314 764
315 396
315 468
315 644
315 743
315 867
315 907
316 428
316 502
316 698
316 723
316 919
316 937
316 986
317 392
317 472
317 782
317 796
317 819
317 958
318 405
318 510
318 588
318 725
318 764
318 838
319 321
319 322
319 350
319 354
319 697
319 783
319 917
320 390
320 422
320 482
320 521
320 556
320 603
320 884
320 927
320 935
321 339
321 442
321 695
321 726
321 742
322 373
322 562
322 629
322 797
322 805
322 839
322 918
322 986
323 363
323 433
323 584
323 623
323 655
323 724
323 778
323 806
323 981
324 330
324 387
324 421
324 494
324 543
324 586
324 600
324 601
324 642
324 884
324 956
325 349
325 370
325 414
325 417
325 433
325 469
325 673
325 782
325 909
326 389
326 414
326 487
326 505
326 519
326 616
326 625
326 679
326 775
326 795
326 864
326 950
327 347
327 371
327 402
327 414
327 429
327 459
327 633
327 638
327 705
327 720
327 768
327 842
327 857
327 988
327 1004
328 444
328 546
328 570
328 618
328 656
328 695
328 766
328 824
328 894
328 917
328 1022
329 381
329 435
329 794
330 435
330 442
330 635
330 843
330 864
330 892
330 941
330 972
331 352
331 375
331 408
331 434
331 496
332 348
332 407
332 420
332 502
332 673
332 703
332 800
332 827
332 963
333 418
333 540
333 632
333 643
333 654
333 673
333 833
333 883
333 885
333 941
333 1015
334 384
334 386
334 429
334 463
334 469
334 493
334 512
334 730
334 748
335 363
335 424
335 454
335 637
335 684
335 810
335 818
335 870
335 925
335 1003
336 446
336 449
336 560
336 694
336 719
336 749
336 954
336 1007
337 345
337 557
337 667
338 452
338 554
338 557
338 587
338 701
338 720
338 1004
339 399
339 458
339 460
339 735
339 842
339 846
339 949
339 953
340 398
340 462
340 538
340 591
340 677
340 697
340 733
340 834
340 852
341 381
341 424
341 481
341 664
341 860
342 420
342 529
342 620
342 648
342 735
342 743
342 768
342 804
342 890
342 935
342 975
343 379
343 511
343 558
343 636
343 935
344 384
344 385
344 436
344 447
344 478
344 516
344 554
344 597
344 614
344 705
344 963
344 974
345 394
345 581
345 585
345 598
345 607
345 686
345 811
345 920
347 771
347 801
347 915
347 917
347 1015
348 366
348 409
348 497
348 525
348 619
348 778
348 909
348 998
349 444
349 618
349 620
349 685
349 870
349 895
350 537
350 557
350 690
350 693
350 832
351 374
351 684
351 946
351 1022
352 363
352 376
352 396
352 430
352 466
352 615
352 631
352 641
352 710
352 729
352 825
352 827
352 976
353 456
353 480
353 501
353 621
353 623
353 642
353 722
353 750
353 772
354 487
354 630
354 677
355 569
355 800
355 849
355 878
356 569
356 703
356 844
356 893
356 945
356 970
356 994
357 429
357 445
357 479
357 784
357 954
357 958
358 407
358 995
359 370
359 942
360 369
360 381
360 391
360 427
360 460
360 473
360 517
360 706
360 749
360 773
360 810
360 811
360 814
360 989
360 1023
361 365
361 410
361 494
361 497
361 605
361 777
361 789
361 809
361 813
362 369
362 406
362 454
362 659
362 728
362 919
363 431
363 457
363 605
363 651
363 873
363 933
363 944
364 508
365 578
365 694
365 711
365 823
366 391
366 481
366 626
366 641
366 711
366 827
366 1000
367 526
367 605
367 675
367 682
367 748
367 844
367 1011
368 523
368 533
368 608
368 661
368 718
368 758
369 383
369 569
369 628
369 651
369 676
369 928
369 932
369 997
370 399
370 431
370 455
370 513
370 618
370 660
370 717
370 762
370 780
370 787
370 863
370 891
370 969
371 373
371 403
371 408
371 417
371 433
371 559
371 639
371 756
371 764
371 789
371 812
371 868
371 881
372 413
372 527
372 847
373 379
373 422
373 475
373 754
373 1011
374 395
374 462
374 610
374 622
374 996
375 478
375 534
375 541
375 572
375 595
375 684
375 741
375 792
375 931
376 382
376 393
376 624
376 713
376 822
376 897
376 965
377 436
377 442
377 453
377 462
377 501
377 586
377 725
377 816
377 905
377 996
378 394
378 414
378 480
378 856
378 891
378 995
379 504
379 548
379 606
380 452
380 484
380 607
380 724
380 755
380 784
380 878
380 1011
381 402
381 498
381 577
381 588
381 671
381 729
381 824
381 905
381 1020
382 653
382 695
382 727
382 856
383 1016
384 413
384 958
384 987
385 675
385 776
385 863
386 555
386 591
387 397
387 509
388 467
388 591
388 609
388 666
388 707
388 887
389 771
389 875
389 926
390 508
390 513
390 553
390 759
390 767
390 770
390 882
390 900
391 415
391 439
391 580
391 763
391 862
391 931
391 962
392 456
392 482
392 759
392 837
392 878
392 947
392 998
393 434
393 562
393 581
393 930
393 942
394 441
394 491
394 528
394 583
394 602
394 617
394 699
394 714
394 1002
395 416
395 461
395 573
395 654
395 753
395 920
396 435
396 770
396 800
396 986
397 433
397 828
397 948
398 446
398 464
398 543
398 755
398 1001
399 584
399 593
399 603
400 531
400 611
400 736
401 477
401 506
401 715
401 775
401 778
401 779
401 853
401 924
402 451
402 475
402 482
402 508
402 574
402 627
402 889
402 969
403 417
403 494
403 640
403 961
404 427
404 437
404 456
404 525
404 547
404 586
404 625
404 644
404 655
404 718
404 904
404 924
404 928
405 413
405 424
405 505
405 723
405 770
405 820
405 842
405 900
405 934
405 968
405 983
406 423
406 555
406 814
406 973
407 588
407 943
408 429
408 488
408 501
408 541
408 556
408 605
408 717
408 849
408 862
409 560
409 578
409 815
409 886
409 900
409 963
409 973
410 702
411 488
411 535
411 664
411 937
412 455
412 717
413 428
413 433
413 469
413 566
413 568
413 645
413 647
413 716
413 760
414 737
414 766
415 421
415 424
415 471
415 505
415 521
415 752
415 941
415 957
416 527
416 677
416 728
416 781
416 901
417 457
417 474
417 647
417 684
417 859
417 977
418 653
418 718
418 774
418 846
418 913
418 929
420 452
420 546
420 569
420 661
420 780
420 781
420 948
421 473
421 697
421 769
421 773
421 832
421 841
421 903
421 916
421 920
421 925
421 956
422 622
422 688
423 658
423 700
423 953
424 435
424 451
424 517
424 619
424 667
424 791
424 921
424 984
425 547
425 620
426 434
426 507
426 534
426 680
426 890
427 707
427 713
427 836
427 992
428 452
428 459
428 466
428 505
428 554
428 587
428 600
428 662
428 704
428 751
428 758
428 801
428 833
428 887
428 916
429 494
429 520
429 862
429 870
430 457
430 471
430 569
430 617
430 727
430 813
430 887
430 955
431 804
432 479
432 595
432 613
432 666
432 861
433 436
433 498
433 506
433 624
433 642
433 895
433 964
434 597
434 665
434 797
434 868
435 588
435 729
435 816
435 842
436 677
436 745
436 819
437 438
437 532
437 567
437 633
437 703
437 830
437 908
438 715
438 724
439 454
439 526
439 540
439 634
439 661
439 741
439 812
440 776
440 862
440 910
440 986
441 635
441 751
441 892
442 491
442 532
442 692
442 770
442 845
442 855
442 861
442 873
442 981
442 996
443 510
443 524
443 612
443 623
443 645
443 665
443 741
443 763
443 815
443 945
444 555
444 789
444 854
445 498
445 529
445 570
445 729
445 798
445 873
446 504
446 564
446 650
446 659
446 660
446 763
447 457
447 671
447 805
447 821
448 470
449 591
449 628
449 895
450 460
450 462
450 542
450 616
450 729
450 821
450 919
450 953
451 463
451 479
451 726
451 805
451 872
451 975
452 624
452 642
452 706
452 721
452 772
452 931
452 977
453 563
453 630
453 678
453 809
453 858
453 892
454 623
454 664
454 814
455 520
455 745
455 944
456 513
456 618
456 848
456 856
456 882
456 973
457 717
457 745
458 494
458 670
458 786
458 980
458 988
459 557
459 566
459 686
459 768
459 778
459 872
459 877
460 514
460 599
460 810
460 881
460 989
461 477
461 756
461 967
462 463
462 590
462 597
462 682
462 907
463 506
463 577
463 594
463 788
463 790
463 867
463 984
464 583
464 626
464 661
464 740
464 944
465 508
465 613
465 678
465 759
465 891
466 536
466 724
466 992
466 1011
467 657
467 893
468 521
468 797
468 835
468 944
468 967
469 506
469 507
469 516
469 531
469 587
469 616
469 714
469 759
469 786
469 842
469 854
470 713
470 885
470 962
470 1008
471 507
471 510
471 714
471 927
472 574
472 624
472 648
472 1012
472 1020
473 479
473 483
473 499
473 576
473 625
473 739
473 820
473 838
473 858
474 491
474 493
474 672
474 743
474 757
474 828
474 882
474 978
475 629
475 723
475 888
476 541
476 558
476 655
476 734
476 751
476 812
476 905
476 928
476 939
476 945
477 589
477 623
477 629
477 690
477 700
477 839
477 954
477 988
478 486
478 492
478 518
479 497
479 600
479 661
479 667
479 693
479 743
479 839
479 845
479 948
480 780
480 789
480 935
480 1017
481 742
482 533
483 598
483 646
483 804
483 1013
483 1018
484 490
484 587
484 691
484 821
484 838
484 867
485 639
485 838
485 944
485 991
486 577
486 783
487 545
487 562
487 574
487 581
487 596
487 640
487 699
487 810
487 849
487 894
487 927
487 931
487 959
488 561
488 707
488 771
489 492
489 696
489 791
489 851
489 982
489 986
489 1003
490 497
490 621
490 631
490 634
490 731
490 793
490 836
490 865
490 881
490 978
490 1007
491 717
491 734
491 748
491 775
491 780
492 496
492 508
492 542
492 602
492 640
492 741
492 1017
493 550
493 581
493 589
493 696
493 762
493 903
494 519
494 614
494 678
494 799
495 835
495 928
496 608
497 520
497 572
497 670
497 830
498 537
498 554
498 732
499 620
499 769
499 852
500 582
500 683
500 841
501 695
501 696
501 750
501 826
501 906
501 995
501 1007
502 594
502 830
503 536
503 576
503 606
503 659
503 686
503 709
503 722
503 750
503 766
503 917
503 980
503 1002
503 1016
504 700
504 795
504 941
505 552
505 612
505 664
505 667
505 874
505 973
505 1020
506 517
506 590
506 612
506 697
506 818
506 904
506 997
506 1009
507 528
507 724
507 740
507 756
507 798
507 831
507 931
507 991
508 513
508 576
508 646
508 650
508 683
508 694
508 723
508 751
508 787
508 854
509 877
509 967
510 719
510 735
510 747
510 776
510 802
510 864
510 971
511 768
511 814
511 847
512 667
512 923
513 580
513 596
513 878
513 980
514 754
514 874
514 875
515 532
515 589
515 592
515 662
515 727
515 752
515 891
516 712
516 832
517 530
517 643
517 644
517 667
517 762
517 803
517 884
517 900
517 944
518 539
518 732
518 953
519 697
519 897
520 553
520 627
520 931
521 616
521 652
521 711
521 738
521 807
521 887
521 991
521 1010
522 541
522 612
522 731
522 766
522 909
522 1009
524 545
524 625
524 864
524 945
525 575
525 840
525 895
525 995
526 543
526 775
526 981
527 896
528 574
528 623
528 799
528 970
528 1013
529 567
529 600
529 619
529 674
530 625
530 722
530 734
530 760
530 956
530 962
530 977
531 580
531 672
531 976
532 672
532 673
532 679
532 689
532 847
532 860
532 1009
533 595
533 618
533 759
533 904
534 620
534 769
535 625
535 677
535 712
535 847
535 957
535 991
536 672
536 777
537 554
537 610
537 651
537 773
537 1022
538 664
538 914
538 987
539 656
539 680
539 726
539 837
539 847
539 851
539 1001
540 800
540 862
541 545
541 929
542 689
542 695
542 856
542 890
542 986
543 637
543 936
544 785
544 809
544 817
544 823
544 921
544 931
544 981
545 808
545 961
546 598
546 615
546 630
546 658
546 842
546 869
546 880
546 982
546 999
546 1006
547 553
547 611
547 705
547 707
547 762
547 870
547 955
548 619
548 646
548 694
548 923
549 746
549 781
549 802
549 895
550 669
550 805
550 964
551 562
551 783
551 898
551 999
552 638
553 628
553 725
553 794
553 813
553 954
553 988
554 604
554 628
554 708
554 783
554 867
554 873
554 1002
555 771
556 677
556 746
557 591
557 801
557 809
557 818
557 913
557 1020
558 586
558 649
558 668
558 719
558 744
558 781
560 604
560 610
560 645
560 777
560 793
560 822
560 952
561 723
561 760
561 880
562 582
562 601
562 781
562 865
562 971
563 583
563 586
563 911
563 1002
564 593
564 606
564 661
564 666
564 765
564 817
564 997
565 615
565 690
565 782
566 631
566 994
567 737
568 635
568 643
568 744
568 803
568 961
569 596
569 692
569 851
569 876
569 1012
570 663
571 833
571 987
572 782
572 898
572 938
573 584
573 805
573 968
574 606
574 884
574 952
575 645
576 593
576 635
576 662
576 841
576 848
577 628
577 825
577 863
579 644
579 724
579 752
579 756
579 903
579 985
581 701
581 916
581 977
582 585
582 873
582 953
583 618
583 675
583 791
584 587
584 597
586 795
586 835
586 857
586 930
586 951
586 1013
587 627
587 657
587 695
587 701
587 776
587 788
587 908
588 745
588 753
588 774
588 780
588 934
589 868
589 877
590 906
591 600
591 715
591 716
591 756
591 976
592 631
592 672
592 716
592 837
592 951
592 964
592 995
593 634
593 640
593 700
593 793
593 854
593 988
593 1005
593 1012
594 858
594 974
595 965
596 702
596 729
596 762
596 936
596 992
596 1018
597 795
597 853
597 999
598 817
598 882
598 890
598 949
598 1015
599 649
599 758
599 891
600 637
600 639
600 679
600 1021
601 802
601 849
601 977
602 717
602 818
602 993
603 754
603 767
603 915
604 609
604 702
604 769
604 799
604 911
604 976
604 980
605 739
605 936
606 848
607 675
607 694
607 712
607 805
607 833
607 960
608 621
608 641
608 928
609 683
610 663
610 993
611 615
611 749
611 800
611 892
611 1022
612 651
612 860
612 868
612 962
613 651
613 657
613 704
613 809
613 875
613 927
614 630
615 715
615 740
615 800
615 877
615 968
615 1018
616 698
616 931
618 691
618 747
618 765
618 829
618 930
618 945
618 953
619 849
619 940
620 738
620 916
621 752
622 736
622 985
622 1015
623 721
623 735
623 963
624 632
624 811
624 842
624 910
624 933
624 1018
625 763
625 817
625 822
625 849
626 671
626 687
626 701
626 757
626 917
626 960
627 652
627 679
627 744
627 955
627 989
628 1000
629 656
629 787
629 806
629 896
630 720
630 973
630 980
631 940
632 800
632 816
632 1001
635 727
635 821
635 845
635 853
635 994
636 688
636 800
636 807
637 663
637 691
637 704
637 858
637 988
638 752
638 814
638 815
639 843
639 1008
640 761
640 770
640 876
641 674
641 852
642 763
643 731
643 864
643 884
644 743
644 907
644 960
645 859
645 902
645 1019
646 780
647 699
647 747
647 748
647 772
647 787
648 859
649 672
649 740
649 774
649 904
649 929
650 886
650 977
650 994
652 837
653 786
653 850
653 905
654 899
655 710
656 705
656 880
656 948
656 971
657 681
657 749
657 854
657 1006
657 1023
659 711
659 916
659 949
659 989
660 666
660 750
660 996
661 865
662 699
662 821
662 893
662 910
662 1012
663 715
663 877
664 665
664 691
664 873
664 930
664 972
664 1001
665 714
665 903
665 953
665 991
666 926
667 901
667 950
667 1001
668 687
668 736
668 862
669 932
670 726
670 851
670 1001
670 1003
671 684
671 692
671 902
672 689
672 754
673 730
673 733
673 775
673 902
674 768
674 857
674 936
675 694
675 811
675 947
676 719
676 803
676 872
676 966
677 728
677 883
677 943
677 994
678 681
678 701
678 758
678 793
678 795
678 839
678 1022
679 680
679 786
679 846
679 856
679 867
680 820
680 1010
682 720
682 803
683 975
683 1020
684 705
684 764
684 1008
685 708
685 714
685 724
685 760
685 778
685 912
685 1005
686 698
686 758
686 1012
687 688
687 707
687 783
687 901
687 978
688 767
688 773
689 857
690 771
690 848
691 692
691 900
692 831
693 784
694 773
694 782
694 784
694 827
694 873
694 960
695 1012
696 720
696 782
697 835
697 896
699 934
702 964
703 1017
704 988
705 973
706 858
706 905
706 918
706 957
706 1020
707 779
707 1005
708 948
708 1016
709 857
710 750
711 854
711 993
712 713
712 792
712 997
713 847
713 1006
714 790
714 954
715 762
715 792
715 839
715 978
717 798
718 911
718 942
718 996
718 1010
719 764
719 825
719 926
719 977
720 822
720 946
721 958
721 1004
722 736
722 741
722 797
723 918
724 910
725 814
725 884
725 926
726 979
728 747
728 928
729 798
729 949
729 972
732 779
732 987
733 820
733 827
733 850
733 875
733 924
733 979
734 891
734 928
735 808
735 871
735 914
736 761
736 814
738 903
738 974
739 960
740 935
740 1009
742 792
742 840
742 925
743 749
743 755
743 788
743 889
744 995
745 762
746 782
747 907
749 768
749 964
751 761
751 819
754 782
754 826
754 923
755 758
756 757
756 878
757 761
757 862
757 865
758 940
759 820
760 996
761 765
761 809
763 975
764 887
764 922
766 840
767 981
769 923
769 984
771 833
771 885
772 815
772 834
772 1003
773 844
775 993
776 951
777 933
777 1022
778 830
779 810
779 990
780 879
781 904
782 831
782 938
783 792
783 884
783 956
783 1006
784 832
784 899
784 942
786 890
788 965
789 828
789 971
790 908
791 861
796 828
796 889
798 799
798 890
798 1004
801 965
803 808
805 1009
807 844
808 876
808 1005
809 871
809 873
810 848
810 879
810 911
810 960
810 971
811 945
812 917
812 1019
813 868
814 888
814 931
814 966
816 840
817 995
818 828
818 898
819 943
820 876
820 904
820 989
821 822
821 982
822 844
822 994
823 847
824 932
824 952
825 867
825 919
826 1007
829 858
829 1012
830 1007
832 937
835 957
835 963
835 986
839 1022
843 1000
845 1009
846 992
847 860
847 876
848 852
848 874
848 876
848 1006
850 880
850 917
852 985
853 924
853 939
855 904
855 978
857 866
860 998
862 967
862 1021
865 906
865 957
868 969
868 970
870 918
871 883
871 1023
872 1001
872 1013
875 935
875 948
876 1010
882 990
886 997
889 1005
890 901
890 937
891 951
891 961
895 903
895 964
896 912
897 940
897 943
898 998
899 958
900 961
903 952
904 993
905 909
905 1014
909 929
909 943
910 932
915 959
916 968
921 962
922 1004
929 938
930 975
933 999
935 988
937 968
941 944
946 968
948 959
951 956
952 1004
955 961
956 1018
959 968
959 1013
963 982
968 969
971 991
982 1013
982 1014
982 1015
984 1014
987 1007
989 1002
998 1002
1003 1006
