0 10
0 11
0 13
0 14
0 15
0 16
0 19
0 22
0 24
0 26
0 34
0 40
0 48
0 71
0 96
0 113
0 117
0 118
0 123
0 125
0 144
0 172
0 174
0 175
0 179
0 183
0 187
0 193
0 231
0 244
0 246
0 247
0 256
0 345
0 361
0 371
0 395
0 433
0 445
0 459
0 501
0 524
0 538
0 547
0 574
0 580
0 794
0 809
0 835
0 883
0 907
0 990
0 1010
1 10
1 11
1 22
1 40
1 43
1 59
1 62
1 65
1 73
1 80
1 106
1 129
1 156
1 262
1 347
1 365
1 391
1 394
1 529
1 541
1 558
1 606
1 693
1 707
1 747
1 758
1 912
2 12
2 16
2 19
2 29
2 51
2 60
2 62
2 68
2 73
2 85
2 117
2 179
2 180
2 182
2 234
2 241
2 277
2 289
2 315
2 400
2 423
2 465
2 497
2 508
2 523
2 529
2 587
2 677
2 707
2 844
2 979
2 986
3 10
3 11
3 12
3 14
3 15
3 18
3 19
3 20
3 24
3 25
3 26
3 37
3 43
3 45
3 47
3 58
3 72
3 88
3 124
3 142
3 158
3 169
3 187
3 188
3 189
3 198
3 223
3 228
3 273
3 283
3 286
3 293
3 297
3 325
3 327
3 343
3 361
3 364
3 382
3 384
3 392
3 440
3 451
3 464
3 476
3 480
3 488
3 492
3 500
3 524
3 551
3 585
3 607
3 619
3 676
3 692
3 693
3 815
3 818
3 825
3 827
3 849
3 870
3 891
3 948
3 976
3 978
4 10
4 11
4 12
4 13
4 15
4 20
4 21
4 22
4 25
4 27
4 34
4 37
4 48
4 52
4 53
4 58
4 61
4 77
4 127
4 130
4 140
4 147
4 151
4 154
4 163
4 175
4 179
4 250
4 276
4 286
4 287
4 346
4 448
4 456
4 468
4 479
4 517
4 523
4 531
4 599
4 628
4 636
4 662
4 677
4 687
4 710
4 774
4 901
5 10
5 11
5 12
5 14
5 16
5 18
5 19
5 22
5 23
5 28
5 33
5 42
5 56
5 57
5 63
5 72
5 75
5 76
5 83
5 86
5 95
5 111
5 161
5 185
5 191
5 196
5 211
5 216
5 234
5 242
5 260
5 270
5 281
5 287
5 321
5 332
5 334
5 335
5 343
5 375
5 412
5 415
5 488
5 548
5 551
5 574
5 585
5 600
5 631
5 632
5 650
5 681
5 684
5 717
5 720
5 777
5 796
5 810
5 832
5 867
5 976
6 10
6 12
6 13
6 14
6 58
6 69
6 70
6 81
6 96
6 103
6 142
6 149
6 156
6 163
6 166
6 179
6 221
6 238
6 255
6 268
6 276
6 296
6 299
6 309
6 435
6 443
6 451
6 455
6 508
6 528
6 532
6 539
6 581
6 597
6 614
6 636
6 719
6 731
6 827
6 851
6 889
6 924
6 977
6 984
7 10
7 11
7 12
7 15
7 16
7 17
7 19
7 20
7 21
7 29
7 30
7 49
7 55
7 61
7 62
7 66
7 67
7 72
7 89
7 100
7 124
7 133
7 150
7 155
7 174
7 196
7 205
7 208
7 254
7 296
7 314
7 329
7 354
7 444
7 449
7 478
7 508
7 539
7 545
7 551
7 561
7 599
7 601
7 652
7 710
7 767
7 769
7 802
7 848
7 943
7 987
8 10
8 11
8 12
8 14
8 16
8 20
8 27
8 33
8 34
8 44
8 63
8 79
8 81
8 101
8 119
8 183
8 287
8 301
8 307
8 315
8 384
8 387
8 413
8 424
8 529
8 586
8 688
8 766
8 856
8 911
8 944
8 950
8 965
8 989
8 1013
8 1018
9 11
9 13
9 17
9 18
9 21
9 27
9 30
9 31
9 39
9 53
9 59
9 61
9 68
9 79
9 95
9 97
9 129
9 133
9 135
9 137
9 165
9 190
9 192
9 200
9 226
9 250
9 275
9 305
9 352
9 355
9 372
9 377
9 382
9 417
9 442
9 466
9 510
9 518
9 535
9 558
9 597
9 635
9 653
9 694
9 882
9 952
9 969
10 11
10 12
10 13
10 14
10 15
10 21
10 23
10 25
10 26
10 29
10 32
10 33
10 34
10 46
10 55
10 66
10 73
10 79
10 85
10 90
10 93
10 101
10 102
10 114
10 144
10 145
10 146
10 147
10 150
10 155
10 179
10 183
10 185
10 203
10 212
10 221
10 231
10 235
10 238
10 239
10 257
10 262
10 280
10 298
10 313
10 334
10 340
10 359
10 375
10 376
10 379
10 386
10 394
10 396
10 398
10 401
10 403
10 477
10 494
10 517
10 532
10 549
10 560
10 575
10 588
10 592
10 599
10 600
10 607
10 608
10 615
10 619
10 651
10 656
10 657
10 683
10 689
10 695
10 702
10 708
10 722
10 751
10 754
10 756
10 799
10 819
10 828
10 848
10 855
10 866
10 871
10 884
10 911
10 945
10 973
10 989
11 13
11 14
11 19
11 23
11 24
11 25
11 32
11 38
11 40
11 42
11 43
11 46
11 58
11 69
11 78
11 89
11 92
11 96
11 98
11 109
11 110
11 121
11 122
11 129
11 162
11 170
11 174
11 183
11 211
11 213
11 215
11 243
11 244
11 260
11 274
11 278
11 293
11 322
11 339
11 397
11 419
11 420
11 433
11 436
11 439
11 506
11 530
11 535
11 565
11 574
11 612
11 633
11 640
11 675
11 676
11 710
11 727
11 759
11 865
11 881
11 967
11 1022
12 14
12 15
12 16
12 17
12 18
12 24
12 25
12 26
12 30
12 34
12 35
12 36
12 37
12 40
12 41
12 42
12 45
12 55
12 60
12 65
12 66
12 69
12 73
12 82
12 102
12 106
12 111
12 118
12 142
12 147
12 149
12 158
12 166
12 186
12 198
12 200
12 203
12 204
12 220
12 240
12 245
12 267
12 275
12 282
12 299
12 300
12 306
12 321
12 323
12 336
12 340
12 362
12 388
12 412
12 416
12 422
12 442
12 479
12 494
12 497
12 511
12 518
12 540
12 549
12 551
12 552
12 554
12 566
12 568
12 599
12 604
12 611
12 621
12 622
12 634
12 646
12 655
12 656
12 700
12 703
12 706
12 721
12 724
12 744
12 757
12 788
12 806
12 824
12 828
12 843
12 907
12 913
12 973
12 993
12 999
12 1016
13 14
13 15
13 16
13 19
13 22
13 26
13 31
13 32
13 33
13 34
13 35
13 36
13 38
13 41
13 47
13 50
13 57
13 60
13 68
13 74
13 82
13 85
13 90
13 103
13 121
13 123
13 152
13 181
13 182
13 194
13 213
13 231
13 242
13 244
13 266
13 267
13 271
13 295
13 297
13 312
13 331
13 335
13 346
13 366
13 397
13 412
13 447
13 538
13 550
13 577
13 593
13 622
13 637
13 647
13 669
13 677
13 678
13 686
13 692
13 720
13 750
13 803
13 813
13 822
13 827
13 843
13 849
13 888
13 916
13 926
13 949
13 959
13 988
13 995
14 15
14 17
14 18
14 27
14 28
14 30
14 31
14 38
14 42
14 45
14 47
14 48
14 53
14 56
14 61
14 70
14 76
14 85
14 106
14 108
14 109
14 112
14 127
14 137
14 159
14 163
14 176
14 185
14 187
14 188
14 193
14 197
14 212
14 229
14 252
14 256
14 265
14 270
14 271
14 288
14 313
14 316
14 319
14 322
14 345
14 348
14 351
14 358
14 392
14 399
14 405
14 415
14 424
14 445
14 452
14 469
14 480
14 486
14 538
14 566
14 580
14 583
14 584
14 588
14 619
14 641
14 648
14 664
14 665
14 700
14 714
14 721
14 725
14 762
14 773
14 787
14 888
14 906
14 959
14 975
14 989
14 1005
14 1020
15 17
15 18
15 20
15 23
15 24
15 25
15 41
15 45
15 71
15 72
15 74
15 75
15 87
15 88
15 89
15 91
15 98
15 103
15 130
15 131
15 142
15 152
15 155
15 172
15 175
15 190
15 249
15 256
15 274
15 280
15 289
15 291
15 296
15 312
15 388
15 397
15 403
15 410
15 413
15 429
15 439
15 440
15 442
15 453
15 500
15 537
15 557
15 658
15 733
15 734
15 746
15 811
15 814
15 893
15 897
15 950
15 971
15 983
15 1008
16 17
16 18
16 19
16 21
16 29
16 34
16 36
16 45
16 46
16 61
16 71
16 80
16 83
16 85
16 88
16 90
16 93
16 94
16 102
16 103
16 106
16 107
16 108
16 128
16 134
16 139
16 154
16 162
16 171
16 177
16 189
16 209
16 220
16 227
16 228
16 234
16 249
16 253
16 269
16 288
16 302
16 337
16 396
16 413
16 428
16 436
16 453
16 454
16 466
16 472
16 490
16 503
16 519
16 524
16 558
16 612
16 618
16 634
16 655
16 706
16 723
16 725
16 737
16 765
16 791
16 883
16 893
16 897
16 899
16 945
16 949
16 980
16 983
16 1004
16 1019
17 19
17 20
17 22
17 23
17 24
17 29
17 31
17 33
17 36
17 38
17 39
17 40
17 46
17 51
17 68
17 70
17 75
17 84
17 91
17 94
17 97
17 98
17 99
17 116
17 121
17 124
17 129
17 136
17 143
17 156
17 161
17 166
17 167
17 172
17 184
17 199
17 208
17 234
17 237
17 242
17 251
17 254
17 264
17 267
17 290
17 291
17 292
17 307
17 331
17 337
17 345
17 353
17 378
17 382
17 389
17 395
17 403
17 404
17 411
17 432
17 454
17 468
17 469
17 489
17 491
17 493
17 532
17 540
17 542
17 550
17 554
17 615
17 631
17 640
17 645
17 646
17 652
17 655
17 695
17 707
17 719
17 721
17 730
17 741
17 744
17 755
17 795
17 825
17 838
17 848
17 884
17 914
17 926
17 931
17 991
17 1004
18 28
18 29
18 30
18 33
18 37
18 44
18 52
18 53
18 55
18 66
18 67
18 77
18 82
18 84
18 85
18 99
18 123
18 133
18 136
18 142
18 160
18 162
18 168
18 188
18 200
18 223
18 225
18 258
18 272
18 280
18 300
18 307
18 311
18 313
18 355
18 360
18 375
18 388
18 400
18 405
18 427
18 473
18 485
18 493
18 498
18 520
18 522
18 524
18 530
18 535
18 594
18 605
18 644
18 669
18 703
18 740
18 742
18 754
18 798
18 808
18 818
18 820
18 822
18 857
18 859
18 862
18 869
18 871
18 887
18 900
18 929
18 936
18 973
19 20
19 21
19 22
19 23
19 24
19 25
19 26
19 27
19 29
19 30
19 35
19 39
19 41
19 46
19 48
19 53
19 54
19 60
19 86
19 90
19 104
19 125
19 174
19 175
19 180
19 184
19 187
19 210
19 213
19 217
19 234
19 266
19 268
19 291
19 298
19 303
19 328
19 330
19 335
19 395
19 406
19 425
19 452
19 475
19 481
19 492
19 501
19 520
19 522
19 531
19 534
19 593
19 671
19 676
19 707
19 726
19 732
19 800
19 806
19 838
19 891
19 950
19 967
19 978
19 982
20 21
20 26
20 27
20 28
20 31
20 32
20 33
20 35
20 36
20 47
20 48
20 66
20 67
20 69
20 80
20 83
20 89
20 96
20 100
20 101
20 108
20 131
20 159
20 164
20 188
20 191
20 193
20 232
20 236
20 248
20 290
20 321
20 337
20 341
20 362
20 375
20 382
20 388
20 408
20 420
20 431
20 432
20 449
20 453
20 456
20 525
20 537
20 572
20 587
20 633
20 662
20 676
20 770
20 784
20 792
20 794
20 817
20 858
20 868
20 871
20 881
20 894
20 898
20 952
20 975
20 1018
21 23
21 26
21 27
21 31
21 33
21 41
21 47
21 50
21 53
21 54
21 60
21 72
21 93
21 94
21 96
21 103
21 104
21 108
21 112
21 124
21 126
21 130
21 133
21 138
21 139
21 141
21 146
21 147
21 151
21 153
21 157
21 173
21 176
21 181
21 182
21 189
21 193
21 206
21 223
21 224
21 231
21 244
21 249
21 257
21 262
21 264
21 294
21 296
21 299
21 305
21 306
21 310
21 315
21 329
21 352
21 373
21 378
21 379
21 382
21 401
21 414
21 426
21 438
21 493
21 500
21 503
21 522
21 533
21 592
21 604
21 607
21 611
21 628
21 634
21 659
21 734
21 737
21 801
21 811
21 816
21 831
21 848
21 851
21 864
21 927
21 953
21 1019
21 1021
22 25
22 30
22 32
22 33
22 40
22 44
22 49
22 51
22 53
22 54
22 55
22 57
22 59
22 61
22 64
22 95
22 100
22 106
22 115
22 132
22 144
22 152
22 164
22 178
22 197
22 202
22 207
22 213
22 248
22 259
22 287
22 301
22 354
22 376
22 406
22 426
22 428
22 443
22 462
22 471
22 483
22 494
22 512
22 516
22 539
22 546
22 551
22 569
22 631
22 670
22 676
22 685
22 697
22 700
22 731
22 738
22 812
22 872
22 877
22 937
22 967
22 977
22 980
22 987
22 1010
22 1013
23 24
23 26
23 34
23 38
23 82
23 93
23 108
23 163
23 199
23 209
23 216
23 237
23 279
23 297
23 321
23 325
23 361
23 373
23 436
23 463
23 471
23 486
23 511
23 513
23 558
23 564
23 640
23 803
23 817
23 875
23 900
23 978
24 29
24 30
24 57
24 73
24 75
24 77
24 86
24 100
24 103
24 104
24 119
24 121
24 139
24 157
24 169
24 172
24 191
24 192
24 209
24 212
24 242
24 278
24 294
24 330
24 347
24 352
24 361
24 405
24 516
24 522
24 552
24 637
24 648
24 679
24 770
24 799
24 823
24 824
24 988
24 1023
25 27
25 28
25 42
25 54
25 61
25 66
25 71
25 74
25 80
25 107
25 113
25 121
25 128
25 129
25 140
25 141
25 174
25 206
25 231
25 310
25 314
25 373
25 374
25 423
25 427
25 460
25 619
25 629
25 703
25 716
25 735
25 738
25 768
25 782
25 797
25 810
25 820
25 826
25 832
25 845
25 938
25 966
25 976
26 28
26 31
26 37
26 39
26 42
26 44
26 47
26 54
26 58
26 62
26 63
26 67
26 68
26 72
26 79
26 85
26 86
26 89
26 90
26 102
26 106
26 107
26 118
26 126
26 130
26 132
26 135
26 139
26 151
26 156
26 160
26 161
26 163
26 167
26 171
26 174
26 176
26 188
26 206
26 214
26 222
26 229
26 241
26 243
26 244
26 245
26 246
26 249
26 259
26 263
26 271
26 278
26 301
26 308
26 318
26 326
26 327
26 329
26 339
26 357
26 375
26 380
26 446
26 502
26 503
26 504
26 535
26 566
26 567
26 570
26 571
26 605
26 606
26 617
26 633
26 652
26 654
26 657
26 660
26 665
26 672
26 675
26 683
26 704
26 742
26 753
26 771
26 812
26 815
26 880
26 917
26 922
26 941
26 960
26 983
26 996
27 30
27 31
27 32
27 35
27 37
27 41
27 47
27 50
27 51
27 54
27 58
27 64
27 67
27 70
27 81
27 83
27 104
27 111
27 114
27 122
27 128
27 180
27 181
27 203
27 232
27 294
27 305
27 314
27 365
27 386
27 459
27 472
27 492
27 499
27 518
27 523
27 527
27 533
27 547
27 554
27 556
27 564
27 565
27 588
27 596
27 626
27 635
27 654
27 656
27 674
27 680
27 710
27 711
27 750
27 786
27 800
27 801
27 836
27 891
27 921
27 963
27 997
27 1006
28 38
28 42
28 83
28 87
28 109
28 116
28 154
28 180
28 186
28 211
28 218
28 251
28 258
28 267
28 293
28 322
28 324
28 348
28 365
28 377
28 449
28 470
28 482
28 522
28 573
28 577
28 589
28 672
28 702
28 712
28 815
28 897
28 935
28 1006
29 32
29 40
29 51
29 54
29 57
29 60
29 63
29 66
29 73
29 75
29 76
29 77
29 81
29 87
29 91
29 92
29 96
29 102
29 115
29 119
29 122
29 134
29 158
29 168
29 184
29 206
29 208
29 217
29 227
29 260
29 279
29 288
29 296
29 306
29 308
29 310
29 349
29 352
29 409
29 419
29 429
29 437
29 444
29 454
29 455
29 498
29 548
29 554
29 572
29 578
29 602
29 607
29 616
29 618
29 633
29 650
29 681
29 690
29 693
29 721
29 738
29 834
29 860
29 934
29 948
29 991
29 995
29 1000
29 1011
30 31
30 49
30 51
30 74
30 75
30 84
30 104
30 114
30 145
30 159
30 161
30 178
30 216
30 229
30 275
30 290
30 330
30 378
30 409
30 414
30 488
30 491
30 751
30 818
30 885
30 902
30 911
30 922
30 933
30 960
31 37
31 38
31 39
31 64
31 82
31 100
31 102
31 110
31 122
31 135
31 149
31 178
31 197
31 201
31 218
31 237
31 262
31 326
31 335
31 369
31 446
31 448
31 524
31 525
31 584
31 602
31 611
31 619
31 648
31 704
31 736
31 758
31 790
31 811
31 891
31 953
31 959
31 963
32 35
32 38
32 49
32 55
32 73
32 80
32 93
32 106
32 116
32 127
32 128
32 137
32 154
32 167
32 180
32 239
32 252
32 255
32 275
32 295
32 387
32 421
32 432
32 458
32 505
32 517
32 518
32 575
32 601
32 606
32 623
32 643
32 699
32 750
32 781
32 811
32 840
32 931
32 962
32 974
33 56
33 83
33 95
33 107
33 116
33 138
33 144
33 145
33 146
33 161
33 177
33 186
33 232
33 415
33 431
33 447
33 450
33 609
33 625
33 642
33 717
33 727
33 742
33 747
33 923
33 999
34 35
34 42
34 44
34 53
34 98
34 102
34 112
34 141
34 147
34 160
34 209
34 214
34 215
34 238
34 255
34 305
34 306
34 346
34 356
34 400
34 402
34 434
34 452
34 471
34 505
34 519
34 563
34 599
34 603
34 610
34 631
34 673
34 681
34 684
34 688
34 739
34 768
34 796
34 814
34 836
34 847
34 868
34 930
34 986
34 1022
35 39
35 42
35 43
35 45
35 52
35 78
35 96
35 109
35 112
35 128
35 136
35 143
35 181
35 207
35 214
35 229
35 245
35 261
35 285
35 292
35 342
35 366
35 386
35 405
35 437
35 441
35 446
35 461
35 497
35 500
35 506
35 514
35 516
35 525
35 550
35 606
35 610
35 611
35 677
35 694
35 729
35 733
35 755
35 775
35 851
35 853
35 879
35 903
35 915
35 981
35 990
36 43
36 45
36 52
36 81
36 147
36 170
36 266
36 279
36 289
36 390
36 437
36 441
36 454
36 468
36 485
36 500
36 515
36 564
36 618
36 630
36 748
36 759
36 840
36 951
36 980
36 992
36 1008
37 38
37 103
37 124
37 127
37 137
37 138
37 140
37 141
37 198
37 205
37 210
37 241
37 251
37 255
37 256
37 272
37 276
37 299
37 334
37 341
37 367
37 394
37 404
37 409
37 448
37 467
37 474
37 487
37 489
37 521
37 545
37 555
37 609
37 630
37 637
37 641
37 665
37 749
37 781
37 819
37 943
37 1002
38 39
38 40
38 43
38 45
38 47
38 58
38 65
38 69
38 70
38 75
38 80
38 84
38 88
38 90
38 101
38 111
38 113
38 117
38 131
38 134
38 135
38 136
38 148
38 159
38 201
38 204
38 214
38 231
38 235
38 273
38 302
38 313
38 318
38 322
38 346
38 353
38 355
38 360
38 375
38 384
38 385
38 408
38 410
38 419
38 452
38 457
38 494
38 505
38 534
38 569
38 576
38 618
38 639
38 684
38 693
38 781
38 793
38 837
38 852
38 859
38 870
38 879
38 912
38 963
38 992
38 1012
39 94
39 108
39 122
39 163
39 179
39 265
39 332
39 407
39 433
39 441
39 527
39 819
39 927
40 51
40 59
40 92
40 93
40 120
40 177
40 205
40 211
40 231
40 233
40 252
40 259
40 260
40 287
40 364
40 401
40 501
40 617
40 619
40 638
40 640
40 743
40 767
40 813
40 914
40 939
40 975
40 987
40 997
41 48
41 105
41 114
41 165
41 300
41 367
41 408
41 539
41 553
41 715
41 744
41 791
41 887
42 43
42 46
42 57
42 86
42 157
42 209
42 214
42 266
42 294
42 298
42 337
42 361
42 365
42 379
42 399
42 427
42 469
42 474
42 524
42 605
42 671
42 698
42 720
42 761
42 907
42 929
42 971
43 92
43 95
43 153
43 163
43 172
43 214
43 264
43 266
43 271
43 279
43 312
43 360
43 408
43 424
43 426
43 432
43 436
43 459
43 477
43 478
43 513
43 518
43 536
43 620
43 638
43 656
43 693
43 727
43 777
43 808
43 895
43 918
43 927
43 987
43 1017
44 47
44 50
44 54
44 65
44 77
44 91
44 103
44 108
44 139
44 143
44 247
44 299
44 329
44 352
44 354
44 356
44 378
44 381
44 384
44 408
44 439
44 467
44 493
44 498
44 502
44 580
44 627
44 629
44 682
44 709
44 729
44 734
44 750
44 792
44 819
44 825
44 845
44 880
44 906
44 961
44 974
45 52
45 56
45 59
45 71
45 93
45 118
45 140
45 166
45 189
45 199
45 206
45 210
45 212
45 260
45 288
45 290
45 335
45 339
45 347
45 429
45 447
45 484
45 493
45 495
45 500
45 501
45 531
45 552
45 563
45 583
45 612
45 624
45 632
45 647
45 666
45 671
45 708
45 748
45 760
45 782
45 805
45 871
45 872
45 879
45 925
45 970
45 977
45 979
45 981
45 1009
46 50
46 67
46 71
46 81
46 94
46 119
46 173
46 174
46 189
46 233
46 379
46 443
46 487
46 548
46 578
46 850
47 52
47 79
47 97
47 151
47 189
47 194
47 214
47 265
47 267
47 269
47 275
47 340
47 418
47 483
47 490
47 540
47 573
47 674
47 677
47 680
47 719
47 730
47 731
47 734
47 749
47 756
47 782
47 873
47 902
47 972
48 53
48 61
48 77
48 101
48 107
48 120
48 140
48 155
48 161
48 185
48 231
48 241
48 243
48 306
48 320
48 336
48 361
48 408
48 449
48 527
48 549
48 663
48 691
48 733
48 772
48 779
48 791
48 871
48 943
48 958
48 975
48 980
48 1006
48 1009
49 64
49 73
49 76
49 97
49 126
49 135
49 143
49 172
49 195
49 239
49 240
49 279
49 291
49 297
49 328
49 334
49 421
49 426
49 457
49 507
49 569
49 573
49 587
49 595
49 602
49 686
49 715
49 756
49 809
49 947
49 985
49 989
50 51
50 52
50 64
50 81
50 101
50 119
50 129
50 134
50 168
50 174
50 182
50 202
50 210
50 234
50 241
50 257
50 292
50 298
50 304
50 321
50 329
50 334
50 373
50 385
50 403
50 456
50 462
50 469
50 476
50 496
50 502
50 516
50 625
50 672
50 687
50 697
50 710
50 714
50 793
50 824
50 858
50 870
50 879
50 889
50 944
50 1023
51 63
51 70
51 81
51 84
51 97
51 145
51 158
51 162
51 166
51 225
51 243
51 318
51 324
51 430
51 446
51 467
51 471
51 497
51 499
51 519
51 525
51 554
51 563
51 573
51 690
51 711
51 793
51 807
51 877
51 886
51 929
51 984
51 1003
52 68
52 114
52 126
52 169
52 179
52 255
52 422
52 710
52 944
52 1022
53 78
53 153
53 175
53 180
53 188
53 241
53 244
53 270
53 297
53 303
53 308
53 327
53 361
53 365
53 371
53 372
53 405
53 414
53 440
53 458
53 459
53 508
53 521
53 528
53 565
53 586
53 591
53 628
53 644
53 655
53 656
53 719
53 737
53 758
53 881
53 957
53 992
54 56
54 76
54 84
54 95
54 110
54 121
54 123
54 131
54 145
54 230
54 236
54 242
54 289
54 306
54 328
54 331
54 346
54 414
54 418
54 432
54 450
54 476
54 510
54 545
54 560
54 576
54 600
54 613
54 620
54 711
54 791
54 804
54 830
54 833
54 844
54 883
54 889
54 893
54 900
54 927
54 948
54 958
54 1019
55 57
55 59
55 68
55 130
55 141
55 156
55 188
55 194
55 199
55 219
55 272
55 283
55 287
55 370
55 380
55 388
55 400
55 472
55 479
55 513
55 543
55 561
55 616
55 621
55 628
55 632
55 708
55 721
55 822
55 846
55 866
55 928
55 954
56 79
56 82
56 89
56 95
56 101
56 110
56 116
56 125
56 128
56 140
56 144
56 213
56 230
56 236
56 277
56 286
56 302
56 380
56 415
56 424
56 456
56 465
56 489
56 562
56 626
56 635
56 641
56 677
56 712
56 726
56 728
56 789
56 794
56 810
56 812
56 846
56 995
56 1008
57 76
57 79
57 82
57 93
57 97
57 110
57 113
57 118
57 123
57 126
57 146
57 148
57 150
57 172
57 176
57 182
57 185
57 188
57 200
57 209
57 224
57 258
57 269
57 275
57 277
57 279
57 316
57 324
57 353
57 394
57 398
57 402
57 409
57 437
57 456
57 473
57 535
57 540
57 558
57 564
57 631
57 642
57 664
57 689
57 704
57 727
57 754
57 776
57 781
57 812
57 871
57 938
57 955
57 969
57 1011
58 96
58 98
58 127
58 129
58 158
58 173
58 191
58 216
58 222
58 227
58 332
58 351
58 384
58 410
58 430
58 431
58 445
58 512
58 513
58 561
58 581
58 587
58 646
58 750
58 818
58 856
58 1019
59 95
59 190
59 195
59 225
59 241
59 285
59 310
59 314
59 367
59 372
59 416
59 421
59 520
59 521
59 594
59 596
59 665
59 735
59 931
59 984
60 71
60 107
60 131
60 160
60 231
60 264
60 274
60 285
60 339
60 444
60 457
60 464
60 500
60 518
60 547
60 611
60 612
60 726
60 858
60 894
60 957
61 115
61 157
61 189
61 203
61 224
61 252
61 338
61 356
61 375
61 396
61 455
61 458
61 646
61 682
61 698
61 781
61 856
61 977
62 67
62 99
62 100
62 154
62 303
62 339
62 399
62 416
62 449
62 465
62 571
62 635
62 677
62 924
62 937
62 956
62 1014
63 99
63 116
63 171
63 223
63 349
63 371
63 491
63 493
63 503
63 517
63 522
63 575
63 600
63 671
63 699
63 761
63 848
63 849
63 856
63 924
63 945
64 66
64 77
64 78
64 99
64 107
64 192
64 259
64 288
64 331
64 366
64 443
64 625
64 683
64 763
64 910
64 953
65 69
65 98
65 111
65 138
65 159
65 178
65 193
65 195
65 204
65 311
65 352
65 365
65 435
65 503
65 530
65 550
65 620
65 773
65 890
65 996
65 1014
65 1021
66 110
66 125
66 182
66 233
66 250
66 300
66 329
66 358
66 434
66 466
66 614
66 619
66 638
66 690
66 788
67 97
67 98
67 124
67 133
67 147
67 171
67 173
67 202
67 256
67 320
67 396
67 515
67 637
67 691
67 705
67 1007
68 87
68 117
68 124
68 203
68 221
68 227
68 286
68 308
68 342
68 359
68 362
68 370
68 518
68 543
68 546
68 639
68 644
68 669
68 685
68 690
68 691
68 692
68 709
68 761
68 767
68 779
68 784
68 793
68 803
68 869
68 874
68 952
68 959
68 1003
68 1016
69 71
69 94
69 136
69 243
69 246
69 294
69 308
69 383
69 471
69 520
69 543
69 574
69 657
69 664
69 735
69 754
69 756
69 867
69 905
69 907
69 972
69 978
69 1009
70 78
70 84
70 89
70 105
70 155
70 187
70 225
70 262
70 336
70 482
70 658
70 819
70 845
70 849
70 897
71 72
71 113
71 233
71 270
71 421
71 456
71 540
71 597
71 638
71 641
71 648
71 659
71 669
71 710
71 741
71 826
71 839
71 878
72 76
72 77
72 83
72 111
72 117
72 169
72 215
72 260
72 270
72 332
72 338
72 364
72 371
72 403
72 405
72 499
72 509
72 514
72 574
72 581
72 696
72 719
72 745
72 766
72 783
72 800
72 826
72 827
72 858
72 861
72 867
72 910
73 85
73 117
73 127
73 132
73 140
73 141
73 146
73 158
73 164
73 204
73 277
73 319
73 337
73 494
73 696
73 779
73 803
73 806
73 886
73 894
73 956
73 983
74 78
74 94
74 96
74 117
74 134
74 139
74 146
74 169
74 203
74 264
74 274
74 344
74 380
74 451
74 486
74 546
74 557
74 569
74 647
74 668
74 674
74 703
74 713
74 823
74 824
74 873
74 902
74 905
74 918
74 933
74 968
74 1009
75 88
75 147
75 154
75 263
75 324
75 326
75 466
75 551
75 864
75 906
75 988
76 81
76 87
76 109
76 127
76 157
76 174
76 222
76 297
76 424
76 497
76 560
76 611
76 624
76 644
76 661
76 772
76 788
76 820
76 958
76 986
76 1004
76 1011
77 182
77 202
77 388
77 404
77 437
77 442
77 566
77 603
77 616
77 652
77 673
77 697
77 868
77 956
77 1000
78 153
78 168
78 211
78 217
78 232
78 244
78 295
78 317
78 364
78 375
78 443
78 447
78 451
78 453
78 485
78 568
78 629
78 637
78 685
78 781
78 822
78 847
78 880
78 881
78 884
78 891
78 912
78 973
78 1020
79 88
79 114
79 116
79 155
79 156
79 165
79 194
79 213
79 224
79 239
79 240
79 255
79 277
79 295
79 317
79 328
79 379
79 394
79 409
79 441
79 482
79 490
79 493
79 521
79 556
79 577
79 583
79 598
79 665
79 789
79 794
79 820
79 965
79 1023
80 87
80 91
80 118
80 128
80 145
80 160
80 243
80 270
80 306
80 409
80 418
80 478
80 597
80 686
80 720
80 932
81 119
81 148
81 196
81 205
81 209
81 222
81 250
81 258
81 266
81 284
81 304
81 312
81 320
81 325
81 330
81 357
81 358
81 362
81 383
81 392
81 442
81 443
81 486
81 509
81 539
81 567
81 590
81 667
81 768
81 951
81 969
82 110
82 115
82 122
82 130
82 167
82 237
82 281
82 284
82 309
82 345
82 384
82 460
82 461
82 506
82 541
82 558
82 574
82 674
82 693
82 808
83 100
83 143
83 156
83 181
83 208
83 225
83 292
83 307
83 331
83 338
83 359
83 366
83 446
83 455
83 466
83 470
83 664
83 746
83 772
83 779
83 788
84 104
84 127
84 142
84 242
84 255
84 343
84 362
84 380
84 427
84 447
84 456
84 503
84 534
84 591
84 612
84 628
84 683
84 693
84 698
84 734
84 769
84 888
85 91
85 429
85 742
85 817
85 1002
85 1018
86 137
86 173
86 218
86 233
86 269
86 280
86 437
86 450
86 596
86 642
86 801
86 807
86 842
86 869
86 940
86 954
87 91
87 98
87 104
87 107
87 113
87 114
87 120
87 134
87 140
87 181
87 194
87 218
87 238
87 248
87 269
87 276
87 328
87 339
87 347
87 367
87 396
87 415
87 430
87 496
87 556
87 637
87 645
87 657
87 738
87 752
87 755
87 787
87 860
87 915
88 114
88 136
88 236
88 354
88 358
88 387
88 440
88 553
88 563
88 666
88 683
88 735
88 900
88 917
88 1014
89 128
89 152
89 164
89 174
89 199
89 215
89 286
89 342
89 400
89 433
89 571
89 724
89 761
89 836
89 871
90 122
90 201
90 219
90 261
90 310
90 319
90 350
90 368
90 383
90 453
90 463
90 471
90 507
90 584
90 648
90 690
90 739
90 832
90 835
90 844
90 855
90 892
90 952
91 162
91 243
91 273
91 291
91 397
91 420
91 441
91 523
91 829
91 852
92 111
92 129
92 149
92 155
92 219
92 226
92 270
92 281
92 283
92 334
92 366
92 416
92 487
92 526
92 557
92 643
92 715
92 797
92 805
93 173
93 200
93 266
93 285
93 309
93 333
93 616
93 660
93 758
93 895
93 918
94 99
94 149
94 160
94 215
94 230
94 235
94 256
94 258
94 288
94 404
94 425
94 446
94 475
94 488
94 576
94 617
94 619
94 648
94 687
94 714
94 724
94 840
94 864
94 873
94 938
94 983
94 1001
94 1008
95 112
95 159
95 187
95 208
95 389
95 435
95 488
95 545
95 610
95 675
95 689
95 690
95 720
95 726
95 736
95 774
95 837
95 856
96 101
96 106
96 118
96 154
96 253
96 290
96 336
96 349
96 380
96 442
96 444
96 455
96 530
96 548
96 571
96 574
96 586
96 654
96 663
96 771
96 887
96 898
96 927
96 984
97 137
97 162
97 166
97 265
97 291
97 311
97 328
97 344
97 371
97 415
97 432
97 548
97 565
97 568
97 787
97 796
98 100
98 141
98 165
98 168
98 184
98 191
98 201
98 253
98 261
98 300
98 350
98 520
98 561
98 590
98 593
98 686
98 771
98 837
99 117
99 130
99 158
99 168
99 221
99 251
99 279
99 296
99 347
99 373
99 393
99 460
99 475
99 488
99 526
99 579
99 724
99 745
99 853
99 935
99 937
99 945
99 982
100 124
100 148
100 149
100 168
100 199
100 209
100 212
100 425
100 429
100 457
100 470
100 474
100 783
100 1021
101 134
101 215
101 276
101 326
101 362
101 371
101 391
101 452
101 669
101 734
101 955
102 115
102 135
102 141
102 208
102 219
102 228
102 324
102 341
102 358
102 481
102 484
102 508
102 549
102 563
102 568
102 601
102 604
102 643
102 777
102 860
102 866
103 116
103 211
103 310
103 327
103 341
103 353
103 440
103 452
103 459
103 469
103 502
103 785
103 832
103 929
104 112
104 153
104 348
104 352
104 479
104 581
104 732
104 898
104 976
105 186
105 189
105 273
105 289
105 390
105 427
105 496
105 555
105 623
105 867
105 887
105 901
105 998
106 108
106 168
106 232
106 304
106 341
106 343
106 480
106 491
106 517
106 586
106 730
106 737
106 756
106 807
106 863
106 951
106 966
106 1001
107 143
107 145
107 271
107 289
107 344
107 397
107 546
107 573
107 603
107 764
107 802
107 887
107 902
108 123
108 156
108 249
108 255
108 261
108 272
108 363
108 427
108 434
108 474
108 514
108 538
108 554
108 627
108 658
108 666
108 689
108 691
108 729
108 768
108 784
108 800
108 865
108 892
108 938
109 230
109 262
109 449
109 480
109 484
109 890
110 117
110 242
110 283
110 338
110 412
110 582
110 763
110 797
110 953
110 1018
111 165
111 207
111 220
111 254
111 309
111 344
111 355
111 381
111 388
111 418
111 425
111 457
111 496
111 541
111 550
111 673
111 733
111 762
111 857
111 894
111 958
111 1019
112 116
112 130
112 180
112 203
112 219
112 313
112 353
112 421
112 753
112 838
112 960
113 115
113 123
113 145
113 191
113 282
113 333
113 349
113 365
113 390
113 426
113 462
113 498
113 571
113 598
113 607
113 628
113 743
113 784
113 907
114 121
114 249
114 287
114 309
114 499
114 505
114 536
114 570
114 606
114 610
114 617
114 701
114 773
114 783
115 118
115 132
115 144
115 168
115 175
115 196
115 206
115 223
115 232
115 245
115 280
115 325
115 335
115 347
115 367
115 379
115 386
115 395
115 443
115 507
115 533
115 589
115 698
115 708
115 771
115 880
115 895
115 991
116 207
116 248
116 275
116 286
116 295
116 318
116 396
116 439
116 517
116 763
116 770
116 812
116 845
116 1012
117 226
117 336
117 369
117 414
117 474
117 792
117 806
117 922
117 1019
118 125
118 126
118 131
118 154
118 298
118 394
118 410
118 417
118 447
118 649
118 696
118 747
119 162
119 315
119 321
119 464
119 636
119 742
119 760
120 149
120 353
120 464
120 737
120 821
121 125
121 132
121 152
121 165
121 184
121 213
121 262
121 269
121 282
121 311
121 316
121 348
121 410
121 464
121 482
121 504
121 511
121 534
121 560
121 587
121 732
121 868
121 968
121 971
122 127
122 203
122 218
122 221
122 283
122 353
122 417
122 559
122 579
122 615
122 680
122 703
122 718
122 946
122 970
122 976
122 993
123 152
123 199
123 347
123 396
123 403
123 624
123 741
123 778
123 847
123 994
124 139
124 156
124 302
124 491
124 604
124 624
124 863
125 126
125 146
125 153
125 193
125 281
125 334
125 355
125 471
125 503
125 764
125 890
126 167
126 239
126 262
126 307
126 317
126 324
126 425
126 447
126 481
126 542
126 675
126 733
126 833
126 873
126 874
126 890
126 950
126 965
126 1013
126 1014
126 1015
127 145
127 210
127 223
127 228
127 280
127 310
127 314
127 388
127 405
127 476
127 535
127 542
127 565
127 781
127 953
128 166
128 233
128 311
128 514
128 582
128 588
128 651
128 799
129 137
129 145
129 184
129 251
129 283
129 303
129 373
129 376
129 444
129 576
129 633
129 917
130 134
130 139
130 143
130 151
130 162
130 168
130 183
130 199
130 215
130 252
130 340
130 520
130 545
130 590
130 603
130 608
130 632
130 667
130 738
130 759
130 770
130 780
130 795
130 853
130 966
130 987
130 999
131 146
131 162
131 195
131 240
131 241
131 274
131 332
131 390
131 404
131 416
131 839
131 864
131 890
131 962
132 252
132 356
132 418
132 478
132 519
132 557
132 699
132 888
132 951
133 303
133 342
133 344
133 378
133 450
133 533
133 750
134 206
134 259
134 411
134 806
135 186
135 217
135 235
135 287
135 331
135 467
135 506
135 610
135 648
135 770
135 908
135 911
135 1016
136 142
136 158
136 198
136 260
136 340
136 359
136 403
136 428
136 450
136 492
136 519
136 669
136 686
137 157
137 220
137 227
137 451
137 467
137 699
138 153
138 181
138 221
138 275
138 377
138 463
138 486
138 511
138 637
138 747
138 836
138 906
139 157
139 160
139 178
139 235
139 286
139 330
139 584
139 593
139 675
139 745
139 786
139 965
139 996
140 150
140 170
140 185
140 186
140 210
140 238
140 254
140 392
140 398
140 448
140 578
140 621
140 657
140 706
140 741
140 942
140 971
141 160
141 326
141 382
141 474
141 600
141 658
141 688
141 896
142 190
142 200
142 284
142 342
142 375
142 484
142 589
142 660
142 681
142 883
142 895
142 925
143 244
143 423
143 453
143 543
143 550
143 653
143 790
143 812
143 824
143 855
143 896
144 147
144 159
144 217
144 301
144 318
144 332
144 372
144 514
144 542
144 653
144 728
144 1013
145 150
145 154
145 197
145 199
145 257
145 288
145 362
145 603
145 769
145 944
146 150
146 203
146 240
146 274
146 301
146 320
146 333
146 411
146 533
146 563
146 576
146 901
147 171
147 182
147 192
147 195
147 196
147 236
147 319
147 390
147 473
147 495
147 510
147 515
147 542
147 548
147 552
147 603
147 606
147 1014
148 190
148 225
148 444
148 546
148 682
149 163
149 183
149 196
149 236
149 264
149 301
149 371
149 537
149 587
149 653
149 682
149 919
149 941
150 221
150 235
150 236
150 278
150 316
150 411
150 428
150 571
150 744
150 926
150 933
150 955
150 979
151 155
151 214
151 299
151 325
151 434
151 468
151 493
151 525
151 566
151 724
151 766
151 851
151 919
151 944
151 1008
152 169
152 186
152 200
152 208
152 222
152 254
152 281
152 338
152 354
152 386
152 450
152 461
152 672
152 821
152 823
152 834
152 918
152 922
153 222
153 392
153 444
153 594
153 656
153 772
154 302
154 344
154 347
154 361
154 379
154 684
154 698
154 710
154 861
154 924
154 934
154 936
154 968
155 207
155 266
155 374
155 561
155 869
155 901
155 1002
156 170
156 272
156 285
156 302
156 305
156 384
156 767
156 861
156 976
157 167
157 187
157 193
157 205
157 265
157 353
157 360
157 404
157 433
157 472
157 527
157 586
157 778
157 802
157 854
157 915
157 975
157 1006
158 167
158 171
158 177
158 200
158 257
158 435
158 487
158 541
158 616
158 735
158 741
158 870
159 176
159 191
159 198
159 310
159 369
159 374
159 396
159 437
159 685
160 285
160 296
160 400
160 464
160 494
160 607
160 971
160 990
160 993
161 172
161 217
161 220
161 335
161 449
161 515
161 549
161 920
161 998
162 667
162 722
162 818
162 984
163 187
163 190
163 274
163 289
163 300
163 362
163 423
163 470
163 512
163 578
163 617
163 823
163 970
164 221
164 228
164 297
164 459
164 461
164 649
164 750
164 1005
165 222
165 284
165 316
165 325
165 421
165 491
165 592
165 947
166 250
166 357
166 364
166 384
166 594
166 717
166 841
166 853
166 949
166 954
167 178
167 222
167 291
167 305
167 312
167 320
167 441
167 473
167 683
167 688
167 731
167 1014
168 185
168 210
168 218
168 223
168 226
168 233
168 307
168 404
168 419
168 420
168 422
168 451
168 536
168 659
168 675
168 683
168 855
168 915
169 183
169 202
169 205
169 261
169 367
169 439
169 492
169 572
169 622
169 641
169 747
169 806
169 808
169 986
170 450
170 471
170 506
170 562
170 601
170 762
171 187
171 197
171 295
171 397
171 437
171 445
171 454
171 683
171 865
172 257
172 322
172 342
172 424
172 431
172 494
172 499
172 764
173 188
173 259
173 263
173 295
173 304
173 309
173 311
173 455
173 460
173 482
173 491
173 525
173 581
173 653
173 813
173 1014
174 273
174 318
174 370
174 443
174 452
174 481
174 490
174 504
174 530
174 583
174 638
174 665
174 701
174 702
174 760
174 816
174 893
175 190
175 212
175 253
175 309
175 559
175 565
175 594
175 647
175 671
175 696
176 194
176 198
176 205
176 252
176 267
176 337
176 456
176 479
176 531
176 542
176 597
176 607
176 616
176 640
176 736
176 834
176 885
176 899
177 181
177 200
177 250
177 343
177 371
177 420
177 548
177 596
177 601
177 799
177 814
178 262
178 382
178 398
178 495
178 534
178 550
178 566
178 646
178 775
178 874
178 899
178 954
178 1021
179 183
179 216
179 230
179 261
179 371
179 373
179 436
179 469
179 760
179 763
179 779
179 791
179 912
179 913
180 193
180 222
180 240
180 327
180 347
180 390
180 436
180 793
180 855
180 994
181 207
181 345
181 445
181 482
181 494
181 510
181 534
181 635
181 758
181 795
181 998
182 230
182 292
182 336
182 435
182 489
182 593
182 602
182 972
183 189
183 354
183 385
183 424
183 537
183 598
183 611
183 622
183 763
183 800
183 809
184 485
185 280
185 286
185 295
185 430
185 665
185 919
185 942
185 963
185 973
186 359
186 495
186 549
186 559
186 579
186 640
186 863
186 907
187 270
187 801
188 225
188 351
188 395
188 445
188 504
188 575
188 654
189 223
189 224
189 308
189 421
189 744
189 957
189 993
190 272
190 921
191 214
191 224
191 393
191 445
191 561
191 939
191 982
192 197
192 287
192 310
192 402
192 425
192 679
192 808
192 916
193 283
193 385
193 526
193 663
193 758
193 776
193 1018
194 253
194 296
194 331
194 381
194 461
194 483
194 540
194 638
194 650
194 734
194 981
195 243
195 349
195 535
195 711
195 712
195 742
196 218
196 253
196 280
196 392
196 406
196 455
196 464
196 479
196 563
196 700
196 757
196 931
196 953
197 320
197 383
197 401
197 513
197 576
197 621
197 664
197 897
198 255
198 310
198 351
198 401
198 473
198 546
198 736
198 934
199 257
199 261
199 344
199 441
199 577
199 792
200 207
200 226
200 350
200 422
200 453
200 707
200 732
200 733
200 767
200 1019
201 243
201 278
201 416
201 429
201 673
201 680
201 695
201 981
201 1021
202 490
202 515
202 531
202 623
202 902
202 933
203 204
203 230
203 267
203 365
203 415
203 979
204 274
204 278
204 336
204 355
204 356
204 367
204 427
204 486
204 516
204 556
204 582
204 773
204 917
205 208
205 224
205 235
205 392
205 395
205 650
205 965
205 1020
206 469
206 476
206 617
206 640
206 676
206 866
207 267
207 289
207 294
207 312
207 356
207 429
207 744
207 793
208 215
208 228
208 326
208 383
208 394
208 399
208 540
208 543
208 546
208 698
208 731
208 738
208 864
208 890
208 1008
209 214
209 259
209 272
209 492
209 557
209 755
209 864
209 906
210 235
210 252
210 778
210 901
211 463
211 498
211 579
211 765
212 239
212 369
212 463
212 591
212 604
212 832
212 936
213 427
213 575
213 612
213 759
214 216
214 234
214 263
214 339
214 363
214 459
214 533
214 689
214 772
214 799
215 246
215 641
215 662
215 786
215 958
215 973
216 248
216 365
216 400
216 438
216 590
216 654
216 707
216 767
216 942
216 946
216 961
217 293
217 324
217 440
217 448
217 468
217 472
217 516
217 561
217 569
217 603
217 700
217 713
217 831
217 976
217 1012
218 220
218 258
218 273
218 406
218 412
218 419
218 513
218 521
218 541
218 566
218 595
218 651
218 702
218 714
218 873
219 311
219 362
219 433
219 892
219 945
219 994
220 245
220 417
220 423
220 431
220 452
220 544
220 914
221 327
221 376
221 570
221 657
222 374
222 400
222 596
222 809
223 368
223 383
223 392
223 527
223 644
224 242
224 340
224 402
224 403
224 686
224 823
225 248
225 250
225 358
225 410
225 422
225 442
225 460
225 510
225 549
225 576
225 644
225 670
225 672
225 722
225 728
225 745
225 762
225 777
225 820
225 872
226 515
226 896
227 281
227 476
227 824
228 250
228 316
228 358
228 406
228 526
228 595
228 730
228 740
229 373
229 668
229 713
229 911
229 919
230 284
230 378
230 496
230 738
231 268
231 374
231 420
231 495
231 667
231 668
231 921
232 277
232 331
232 402
232 506
232 516
232 606
232 693
232 767
232 855
232 898
232 982
233 265
233 322
233 349
233 380
233 599
233 664
233 775
233 890
234 270
234 316
234 465
234 476
234 572
234 752
234 806
234 971
235 263
235 276
235 301
235 318
235 430
235 435
235 462
235 509
235 602
235 680
235 691
235 692
235 789
235 795
236 281
236 446
236 546
236 666
236 899
236 907
236 913
237 378
238 248
238 266
238 289
238 301
238 302
238 336
238 343
238 356
238 358
238 378
238 451
238 511
238 513
238 530
238 689
238 734
238 745
238 816
238 839
238 882
238 939
238 954
238 972
238 985
239 348
239 474
239 504
239 629
239 885
239 897
240 288
240 290
240 333
240 584
240 624
240 666
240 682
240 697
240 720
240 877
240 958
241 291
241 348
241 483
241 501
241 952
242 277
242 282
242 320
242 419
242 533
242 631
242 886
242 930
242 943
243 261
243 304
243 570
243 687
243 859
244 262
244 271
244 509
244 624
244 789
245 250
245 342
245 429
245 608
246 330
246 342
246 363
246 390
246 547
246 564
246 643
246 673
246 688
246 708
246 795
246 862
247 363
247 414
247 428
247 458
247 635
247 730
247 802
247 819
248 359
248 414
248 430
248 513
248 556
248 879
249 620
249 696
249 759
249 1012
250 308
250 337
250 383
250 928
251 252
251 337
251 407
251 707
251 843
251 881
251 943
251 973
251 997
252 330
252 410
252 488
252 613
252 680
252 953
252 1015
253 329
253 337
253 419
253 543
253 548
253 614
253 733
253 778
253 946
254 472
254 640
254 663
255 344
255 709
255 726
255 749
256 341
256 376
256 408
256 409
256 440
256 627
256 694
256 769
256 800
256 907
256 986
257 299
257 323
257 560
257 612
257 649
257 661
257 833
257 844
257 967
258 356
258 501
258 655
258 684
258 754
258 782
258 854
258 910
259 398
259 575
259 695
260 272
260 662
260 765
261 276
261 331
261 599
261 607
262 276
262 355
262 395
262 467
262 478
262 487
262 538
262 722
262 737
262 802
262 889
263 316
263 319
263 351
263 510
263 840
263 917
263 1004
264 341
264 417
264 448
264 503
264 735
264 977
264 1003
265 377
265 427
265 464
265 525
265 618
265 653
265 659
265 743
265 799
265 801
265 873
265 1017
266 378
266 384
266 490
266 571
266 717
266 868
266 880
266 918
266 1020
267 318
267 614
267 618
267 631
267 849
267 863
267 916
268 327
268 369
268 458
268 479
268 586
268 809
269 350
269 357
269 499
269 527
269 626
269 882
269 965
270 283
270 311
270 501
270 642
270 764
271 708
271 964
272 389
272 718
272 930
273 504
273 600
273 694
273 788
273 991
274 567
274 736
274 845
274 883
275 327
275 399
275 498
275 529
275 768
275 903
275 943
275 948
275 1012
276 348
276 524
276 712
276 957
277 412
277 544
277 659
278 319
278 320
278 369
278 479
278 577
278 591
278 663
278 674
278 772
278 870
278 877
278 1007
279 346
279 463
279 480
279 594
279 882
280 300
280 609
281 359
281 425
281 458
281 507
281 525
281 570
281 599
281 627
281 757
281 963
282 335
282 349
282 386
282 426
282 435
282 555
282 850
282 981
283 323
283 492
283 669
283 693
284 511
284 667
284 700
284 723
284 919
284 984
285 312
285 662
285 757
285 790
285 830
285 996
286 467
286 620
286 621
286 808
286 963
287 314
287 360
287 429
287 460
287 509
287 708
288 365
288 381
288 570
288 689
288 732
289 392
289 428
289 440
289 585
289 592
289 594
289 730
289 940
289 961
289 990
290 307
290 315
290 328
290 366
290 385
290 393
290 398
290 423
290 431
290 516
290 550
290 551
290 552
290 597
290 703
290 756
290 909
291 864
291 945
292 366
292 553
292 695
292 718
293 405
293 518
293 774
294 631
294 837
294 853
294 857
294 995
295 370
295 510
295 547
295 583
295 709
295 767
295 988
295 1017
296 417
296 561
296 854
296 935
297 320
297 516
297 769
297 855
297 897
298 307
298 309
298 349
298 539
298 627
298 747
299 574
299 582
299 734
299 899
300 340
300 368
300 489
300 522
300 656
300 718
301 367
301 450
301 528
301 789
301 911
301 1020
302 385
302 470
302 697
303 322
303 544
303 601
303 630
303 1022
304 343
304 352
304 558
305 315
305 351
305 354
305 374
305 446
305 449
305 465
305 487
305 515
305 827
305 987
306 339
306 507
306 587
306 661
307 625
307 692
307 816
307 904
308 614
308 794
308 822
308 826
308 829
309 315
309 364
309 478
309 532
309 718
309 764
310 434
310 435
310 652
310 691
310 821
310 970
311 327
311 387
311 511
311 515
311 705
311 849
312 390
312 426
312 645
312 670
312 677
313 515
313 553
313 630
313 1001
314 375
314 377
314 428
314 430
314 754
314 783
314 909
314 1004
315 517
315 579
315 629
315 715
315 779
316 552
316 559
317 498
317 562
317 639
317 920
318 431
318 673
318 682
318 754
318 778
318 823
318 847
318 882
319 523
319 797
320 350
321 438
321 746
321 983
322 455
322 544
322 590
322 875
322 918
322 1022
323 374
323 383
323 387
323 407
323 439
323 528
323 590
323 725
323 752
323 779
323 784
323 866
323 900
323 942
323 958
324 339
324 455
324 498
324 521
325 434
325 517
325 543
325 679
325 796
325 866
325 889
325 906
325 999
326 351
326 436
326 567
326 613
326 777
326 841
327 604
327 615
327 724
327 732
328 333
328 549
328 556
328 657
328 697
328 788
328 796
328 914
328 935
329 552
329 766
329 781
329 824
330 370
331 345
331 832
331 931
332 430
332 492
332 803
332 906
332 966
333 583
333 947
334 368
334 610
334 678
334 749
334 754
334 763
334 821
334 917
335 342
335 345
335 477
335 712
335 794
336 341
336 773
336 814
336 882
336 905
337 389
337 453
337 621
337 914
337 919
337 923
338 381
338 415
338 530
338 670
338 678
338 724
338 769
338 770
338 785
338 922
339 411
339 489
339 523
339 623
340 344
340 431
340 846
340 952
341 419
341 665
341 766
341 772
341 965
342 370
342 421
342 521
342 624
343 377
343 389
343 412
343 484
343 748
343 979
344 368
344 489
344 801
344 947
345 393
345 509
345 617
345 841
345 956
346 470
346 767
346 834
347 433
347 541
347 875
347 921
347 1021
348 480
349 413
349 484
349 615
349 736
349 779
349 892
349 962
350 500
350 523
350 651
350 674
350 701
350 720
350 833
350 876
350 954
351 416
351 418
351 424
351 571
351 649
351 729
351 837
351 841
351 997
352 460
352 595
352 645
352 849
352 860
352 916
352 923
353 463
353 552
353 569
353 718
354 556
354 598
354 1000
355 397
355 738
355 746
355 780
355 805
356 807
357 369
357 417
357 485
357 545
357 589
358 396
358 526
358 622
359 368
359 532
359 667
359 805
360 483
360 528
360 651
360 775
360 941
361 459
361 794
361 983
362 461
362 534
362 618
362 835
363 392
363 394
363 547
363 681
363 935
364 595
364 900
364 1006
365 387
365 671
365 799
365 846
365 903
365 934
366 367
366 428
366 480
366 585
366 962
367 419
367 452
367 532
367 775
368 373
368 405
368 430
368 545
368 630
368 755
368 780
368 789
368 949
369 388
369 407
369 468
370 987
371 401
371 685
371 745
371 917
371 923
372 568
372 620
372 636
372 956
373 399
373 690
373 989
374 704
375 465
375 544
375 850
376 681
376 713
376 809
377 630
377 762
378 396
378 399
378 495
379 418
379 569
380 433
380 496
380 925
381 383
381 475
381 527
381 885
382 673
383 414
383 420
383 529
383 821
383 896
384 421
384 974
385 781
385 832
385 840
386 625
386 786
386 835
386 981
387 495
387 583
387 696
387 705
387 824
387 841
387 998
388 407
388 438
388 475
388 574
388 675
388 857
389 502
389 905
390 458
390 572
390 643
390 729
390 770
390 911
390 931
390 1009
391 501
391 547
391 633
391 655
391 858
391 863
391 877
391 894
391 1001
391 1010
392 491
392 526
392 660
392 704
392 861
392 916
392 965
393 422
393 441
393 698
393 849
394 461
394 566
394 634
394 656
394 782
394 802
395 465
395 466
395 529
395 572
395 721
395 804
395 925
395 928
396 873
396 913
396 950
397 528
397 542
397 630
397 745
397 802
397 1013
398 519
398 565
398 592
398 715
398 723
398 760
398 1005
399 563
399 694
399 786
399 795
399 948
400 448
400 900
401 594
401 636
401 642
401 646
402 497
402 954
403 443
403 615
403 701
403 803
403 822
403 985
405 630
405 790
405 1009
406 436
406 469
406 640
406 746
406 821
406 872
406 927
407 485
407 501
407 528
407 596
407 884
407 1010
408 470
408 743
408 912
409 557
409 590
410 577
410 747
410 918
410 988
411 412
411 438
411 476
411 628
411 773
411 786
411 1019
412 426
413 427
413 818
413 925
414 456
414 537
414 626
414 684
414 710
414 828
414 856
415 898
415 906
415 943
415 978
416 451
416 518
416 753
416 812
417 520
418 591
418 751
418 752
418 814
418 941
418 962
419 709
419 875
420 423
420 580
420 970
421 432
421 597
421 649
421 717
421 759
421 867
421 930
422 456
422 576
422 592
422 670
422 751
422 816
423 461
423 502
423 672
423 787
424 440
424 547
424 699
425 490
426 573
426 659
426 831
426 954
427 481
427 483
427 588
427 668
427 681
428 712
428 749
428 851
428 951
429 437
429 645
429 822
429 1015
430 603
430 611
430 656
430 688
430 937
431 466
431 475
431 530
431 668
431 678
431 860
431 1012
432 481
432 972
433 454
433 483
433 485
433 515
433 566
433 618
433 709
433 829
433 937
434 773
434 886
434 937
435 465
436 792
437 755
437 793
438 466
438 557
438 865
438 999
439 462
439 519
439 872
439 1020
440 839
440 843
441 813
442 463
442 591
442 638
442 788
442 794
442 961
442 1005
442 1023
443 664
443 745
443 960
444 449
444 900
445 496
445 701
445 738
445 758
445 885
445 955
446 507
446 536
446 685
446 719
446 771
446 860
446 1008
447 681
447 732
447 793
447 846
447 913
447 946
448 981
448 989
449 536
449 921
449 990
450 575
450 641
450 756
451 514
451 661
451 770
451 772
451 791
451 847
451 996
451 1015
452 613
452 626
452 697
452 876
452 891
453 467
453 503
453 602
453 673
453 712
453 795
453 952
454 494
454 529
454 828
455 761
455 787
455 998
455 1017
456 514
456 544
456 633
456 635
456 830
457 524
457 540
457 562
457 637
457 904
458 608
459 820
460 478
460 512
460 593
460 668
460 747
460 839
461 496
461 553
461 836
461 850
461 874
461 969
462 511
462 592
462 647
462 826
462 858
462 869
462 959
463 989
464 677
464 805
464 843
464 860
465 553
465 801
466 567
466 621
466 705
466 723
466 808
467 475
467 503
467 642
467 672
467 828
467 852
467 881
467 1002
468 553
468 571
468 588
468 589
468 684
468 783
468 861
469 650
469 661
469 740
469 798
469 963
469 1014
470 666
471 522
471 723
471 959
472 802
472 996
473 507
473 544
473 678
473 728
473 795
473 945
474 477
474 731
474 936
475 550
475 785
475 831
476 628
476 639
476 677
476 696
476 951
476 1011
477 575
477 609
477 640
477 667
478 513
478 658
478 724
478 733
478 842
478 909
478 980
479 540
479 625
480 630
480 722
480 889
480 1001
481 496
481 733
481 897
482 833
483 531
483 687
483 867
483 938
485 739
485 806
485 1008
487 549
487 593
487 653
488 558
488 947
489 995
490 520
491 629
492 712
492 996
493 601
493 791
494 578
494 691
495 562
495 588
495 626
495 768
495 776
495 821
496 617
496 634
496 825
497 615
497 942
498 712
498 883
498 922
499 519
499 632
499 657
499 764
499 819
499 926
499 930
499 994
500 605
500 890
501 622
501 667
501 813
501 852
502 607
502 647
502 739
502 758
502 811
503 654
503 670
503 768
503 777
503 798
503 905
503 947
503 968
503 992
504 532
504 717
504 813
504 854
506 878
506 935
508 651
508 857
508 930
509 678
509 938
509 978
509 990
510 739
511 788
512 543
512 771
512 837
513 809
514 589
514 788
514 1007
515 531
515 610
515 709
515 1011
516 573
516 623
517 595
517 615
517 664
517 700
517 713
517 764
517 796
517 924
517 942
518 578
519 854
520 582
520 622
521 526
521 918
521 977
522 893
523 536
523 660
524 583
524 619
524 997
525 743
525 962
527 676
527 807
528 604
528 910
528 927
529 773
529 799
530 559
530 564
530 651
532 540
532 642
532 652
532 729
532 747
532 751
532 814
532 975
533 578
533 709
535 621
535 911
535 935
535 991
536 568
536 589
536 620
536 815
536 1006
536 1015
537 687
538 608
538 826
539 636
539 731
540 623
540 935
541 611
541 612
541 938
542 595
542 852
542 982
543 561
543 775
543 810
545 570
545 754
546 792
546 842
547 655
547 705
547 841
548 582
548 657
548 808
548 817
548 967
548 974
548 1021
549 922
549 967
550 773
551 625
551 823
551 974
551 1003
551 1008
552 711
552 895
552 1010
553 882
554 696
554 728
554 856
554 905
556 797
557 816
557 944
557 985
557 1012
559 1000
559 1013
560 577
560 703
560 832
561 591
561 604
561 861
561 883
561 1000
562 695
562 696
562 1011
563 694
563 713
563 741
563 785
563 797
563 803
564 714
564 990
565 790
566 577
566 614
566 635
566 636
566 729
566 884
566 932
566 984
567 671
567 690
567 995
568 704
568 846
569 678
569 775
569 865
569 874
569 928
570 597
570 778
570 864
570 871
570 964
572 706
572 708
572 752
573 644
573 912
573 915
573 985
575 814
575 926
577 579
577 706
577 757
578 740
578 898
579 609
579 634
579 659
579 716
579 894
579 984
579 995
580 736
580 834
580 927
580 1016
581 701
581 706
581 708
581 957
583 701
584 664
584 807
585 605
585 796
585 809
587 663
587 783
587 933
587 986
587 991
587 995
588 608
588 643
588 719
588 751
589 629
589 755
589 926
589 937
590 597
590 696
590 706
590 813
590 814
590 948
590 961
591 668
591 716
591 765
592 828
592 999
593 904
594 804
594 971
596 757
597 636
597 731
597 810
597 922
598 656
598 661
598 711
598 985
600 948
603 658
603 821
604 778
604 831
604 839
604 868
605 686
607 623
607 723
608 691
608 714
609 886
610 852
610 1014
612 855
612 879
612 957
613 651
614 789
614 790
614 796
614 856
615 675
615 737
618 979
619 652
619 660
620 716
620 900
621 760
621 818
621 851
621 902
621 959
622 692
622 847
623 774
625 645
625 670
625 841
625 918
625 960
625 991
626 632
626 699
626 864
626 965
627 852
627 854
628 822
629 681
629 749
630 880
630 895
631 642
631 671
632 819
632 919
633 962
635 746
635 867
636 748
638 866
639 878
639 887
640 762
640 870
640 978
641 767
642 706
642 740
642 807
642 1009
643 798
643 898
644 663
644 726
644 842
644 895
644 934
644 1003
646 676
646 715
647 843
649 725
649 826
650 662
650 783
651 659
651 702
651 910
651 980
651 1016
652 694
653 850
654 661
654 896
655 704
655 896
656 778
656 897
656 994
657 750
657 882
658 661
658 755
659 739
659 860
660 674
662 721
662 849
662 889
662 934
663 668
663 974
664 667
664 687
664 946
665 920
665 922
666 834
666 1005
667 776
667 1017
669 862
669 909
670 774
671 698
672 946
673 791
675 761
675 1009
676 703
676 756
676 830
677 843
679 777
679 797
679 829
679 858
680 683
680 705
680 896
681 719
681 737
681 971
681 1016
682 699
682 732
682 838
683 694
683 769
683 804
683 884
683 936
684 955
685 760
685 762
685 798
685 808
685 857
685 929
685 950
686 776
686 940
687 739
687 842
688 754
689 831
689 838
690 793
690 823
690 873
690 914
691 939
692 738
692 787
692 929
692 1019
694 1004
695 724
695 960
696 1010
697 906
698 835
699 932
701 745
701 753
701 757
701 774
702 1003
703 717
703 868
703 1005
704 793
704 833
706 925
708 727
708 813
708 927
709 781
709 850
710 847
710 885
711 722
711 790
711 827
712 878
713 921
713 977
715 951
716 921
717 936
718 752
718 851
718 916
719 776
721 791
721 908
721 971
723 869
725 831
725 903
725 1012
726 728
726 755
728 748
729 732
729 785
730 1007
731 777
731 810
732 757
733 829
733 926
734 906
734 930
735 815
735 940
736 886
739 741
739 845
740 855
741 761
741 859
741 1010
741 1013
742 939
742 1023
745 841
747 830
747 895
751 753
751 847
751 891
751 936
751 991
752 780
753 835
754 830
754 957
755 980
756 770
757 857
757 956
758 969
763 815
763 997
764 913
765 848
771 939
773 881
774 863
775 877
775 923
776 901
776 973
777 944
778 813
780 909
782 798
787 818
788 1002
792 832
792 928
792 966
793 878
793 1022
794 956
795 836
796 893
796 921
797 845
798 844
799 977
800 830
800 926
800 931
803 853
803 876
803 995
806 844
807 814
809 811
809 925
812 1021
813 952
816 854
820 950
821 964
821 1009
822 861
822 891
822 1001
823 848
824 865
825 969
826 859
827 835
827 964
829 927
830 1011
831 832
831 853
834 870
835 1018
837 978
840 853
840 945
841 847
841 970
841 982
841 1011
845 917
845 924
846 951
847 1006
848 870
849 994
851 881
851 908
851 1004
854 986
855 892
856 902
857 892
857 979
858 874
859 910
861 929
863 891
864 871
864 924
864 1003
865 935
868 876
868 988
872 994
873 949
876 931
876 985
878 881
879 955
891 892
891 908
891 950
894 903
895 953
898 975
899 975
903 1016
904 1000
906 1004
910 915
913 947
916 992
917 987
919 921
919 942
919 949
922 938
925 1022
928 972
931 990
939 1017
940 1018
942 972
948 964
951 964
958 972
961 982
963 1017
968 998
968 1007
972 992
975 988
978 988
978 1015
991 1005
991 1020
996 997
997 1000
1007 1016
