0 56
0 124
0 219
0 239
0 342
0 425
0 501
0 599
0 749
0 765
0 806
0 905
0 987
1 30
1 31
1 95
1 102
1 158
1 197
1 255
1 300
1 677
1 934
1 973
1 977
2 66
2 151
2 316
2 465
2 607
2 688
2 747
2 805
2 828
2 860
2 865
2 984
3 84
3 150
3 249
3 314
3 324
3 464
3 605
3 643
3 666
3 704
3 738
3 807
3 813
3 831
3 842
3 848
3 852
3 859
3 885
3 924
4 8
4 25
4 69
4 265
4 304
4 361
4 635
4 654
4 660
4 663
4 679
4 798
4 861
4 917
5 25
5 134
5 159
5 181
5 313
5 390
5 508
5 532
5 603
5 856
5 866
5 884
5 887
5 902
5 915
5 976
5 1002
6 19
6 32
6 65
6 73
6 116
6 210
6 259
6 350
6 379
6 451
6 468
6 576
6 699
6 718
6 771
6 799
6 810
6 849
6 891
6 920
6 925
6 981
6 983
6 1019
7 55
7 136
7 163
7 206
7 355
7 489
7 500
7 560
7 610
7 612
7 630
7 649
7 651
7 684
7 691
7 731
7 744
7 781
7 819
7 827
7 865
7 880
7 906
7 910
7 914
7 929
7 937
7 1012
8 15
8 91
8 120
8 168
8 235
8 259
8 350
8 585
8 619
8 650
8 699
8 872
8 923
8 924
8 961
9 80
9 153
9 295
9 395
9 464
9 503
9 530
9 595
9 655
9 846
9 986
10 30
10 61
10 194
10 315
10 340
10 431
10 492
10 507
10 520
10 527
10 576
10 654
10 655
10 675
10 680
10 781
10 817
10 830
10 854
10 988
10 1006
11 118
11 236
11 288
11 344
11 401
11 531
11 572
11 647
11 839
11 869
11 888
11 908
11 944
11 967
12 28
12 40
12 55
12 211
12 235
12 239
12 241
12 254
12 287
12 306
12 356
12 415
12 477
12 485
12 517
12 522
12 559
12 629
12 632
12 756
12 844
12 897
12 919
12 940
13 238
13 305
13 339
13 481
13 606
13 638
13 669
13 670
13 683
13 771
13 802
13 805
13 874
13 892
13 938
13 976
14 41
14 75
14 106
14 169
14 229
14 267
14 300
14 397
14 414
14 432
14 461
14 509
14 566
14 626
14 673
14 733
14 824
14 834
14 893
14 950
14 952
14 1021
15 104
15 153
15 167
15 198
15 207
15 262
15 274
15 372
15 398
15 416
15 590
15 596
15 639
15 653
15 737
15 813
15 832
15 895
15 903
15 908
15 910
16 94
16 110
16 222
16 226
16 272
16 452
16 467
16 481
16 511
16 539
16 569
16 589
16 605
16 609
16 670
16 745
16 752
16 772
16 872
17 86
17 214
17 248
17 277
17 310
17 363
17 410
17 507
17 538
17 632
17 637
17 638
17 639
17 686
17 730
17 743
17 759
17 814
17 818
17 849
17 943
17 949
17 971
17 1015
18 39
18 185
18 202
18 440
18 457
18 471
18 526
18 536
18 541
18 575
18 597
18 607
18 681
18 686
18 715
18 725
18 741
18 795
18 818
18 824
18 865
18 880
18 977
19 70
19 145
19 166
19 167
19 192
19 231
19 261
19 297
19 345
19 357
19 372
19 491
19 493
19 613
19 646
19 981
20 25
20 130
20 169
20 201
20 255
20 407
20 433
20 530
20 608
20 621
20 716
20 759
20 807
20 839
20 914
20 915
21 149
21 175
21 189
21 203
21 260
21 304
21 441
21 454
21 514
21 645
21 845
21 918
21 950
22 76
22 177
22 252
22 305
22 342
22 393
22 430
22 469
22 561
22 573
22 582
22 697
22 748
22 809
22 824
22 859
22 913
22 930
23 25
23 72
23 294
23 305
23 324
23 390
23 424
23 438
23 453
23 586
23 648
23 677
23 750
23 857
23 894
23 899
23 910
23 1000
24 43
24 121
24 182
24 235
24 244
24 259
24 281
24 380
24 381
24 413
24 450
24 467
24 469
24 518
24 601
24 898
24 961
25 218
25 266
25 461
25 521
25 550
25 639
25 692
25 747
25 807
25 820
25 854
25 870
26 34
26 79
26 89
26 90
26 160
26 247
26 316
26 341
26 356
26 390
26 406
26 439
26 545
26 556
26 603
26 606
26 615
26 733
26 778
26 846
27 177
27 269
27 275
27 408
27 461
27 483
27 645
27 687
27 867
27 901
27 906
27 965
28 40
28 108
28 133
28 153
28 221
28 295
28 324
28 349
28 398
28 399
28 651
28 686
28 784
28 867
28 959
29 35
29 140
29 199
29 245
29 410
29 420
29 472
29 536
29 607
29 707
29 711
29 755
29 776
29 833
29 861
29 874
29 892
29 952
29 1009
30 98
30 135
30 155
30 250
30 276
30 470
30 480
30 545
30 777
30 794
30 820
30 856
30 893
30 900
30 918
30 929
30 972
31 52
31 101
31 188
31 224
31 344
31 435
31 486
31 507
31 600
31 658
31 674
31 675
31 697
31 715
31 756
31 787
31 790
31 838
31 937
31 943
31 968
31 1017
32 48
32 63
32 124
32 128
32 248
32 287
32 331
32 514
32 555
32 610
32 634
32 813
32 814
32 822
32 837
32 855
32 921
33 56
33 81
33 155
33 258
33 265
33 307
33 313
33 375
33 383
33 474
33 514
33 586
33 590
33 592
33 734
33 809
33 972
33 1009
34 72
34 73
34 170
34 181
34 200
34 296
34 322
34 703
34 774
34 808
34 848
34 849
34 972
34 996
35 65
35 168
35 191
35 284
35 338
35 407
35 479
35 483
35 587
35 588
35 684
35 749
35 770
35 810
35 837
35 843
35 1005
36 54
36 84
36 188
36 217
36 250
36 482
36 627
36 667
36 681
36 745
36 812
36 892
36 928
36 952
36 978
37 113
37 120
37 493
37 563
37 572
37 590
37 653
37 679
37 681
37 770
37 833
37 849
37 894
37 911
37 1000
37 1002
38 87
38 156
38 164
38 296
38 307
38 423
38 451
38 600
38 730
38 844
38 905
38 976
39 68
39 105
39 228
39 252
39 296
39 315
39 345
39 358
39 478
39 557
39 564
39 586
39 609
39 619
39 661
39 720
39 747
39 827
39 834
39 863
39 868
39 942
39 949
40 76
40 141
40 148
40 176
40 260
40 261
40 342
40 368
40 374
40 463
40 493
40 593
40 658
40 695
40 732
40 790
40 820
40 845
40 858
40 938
40 976
41 64
41 74
41 384
41 390
41 440
41 546
41 603
41 673
41 716
41 827
41 914
41 1006
41 1010
42 184
42 302
42 331
42 362
42 554
42 569
42 658
42 695
42 861
42 886
42 889
42 1001
43 148
43 172
43 373
43 423
43 447
43 622
43 666
43 676
43 750
43 773
43 942
43 985
44 396
44 449
44 486
44 494
44 498
44 510
44 522
44 566
44 625
44 641
44 746
44 879
44 950
44 998
45 73
45 95
45 261
45 364
45 408
45 432
45 439
45 488
45 600
45 602
45 634
45 723
45 776
45 806
45 850
45 895
45 905
45 915
45 952
45 1004
46 48
46 138
46 287
46 396
46 449
46 580
46 777
46 785
46 797
46 855
46 865
47 87
47 106
47 123
47 130
47 133
47 301
47 339
47 349
47 446
47 520
47 554
47 602
47 629
47 664
47 696
47 715
47 792
47 882
47 889
47 968
48 97
48 105
48 131
48 151
48 228
48 312
48 386
48 494
48 541
48 571
48 592
48 594
48 634
48 709
48 735
48 771
48 995
48 1005
49 65
49 73
49 226
49 266
49 298
49 315
49 362
49 521
49 623
49 639
49 696
49 788
49 797
49 841
49 880
49 887
49 1011
50 114
50 124
50 142
50 292
50 314
50 365
50 386
50 420
50 497
50 506
50 507
50 520
50 563
50 588
50 662
50 690
50 752
50 809
50 886
50 975
50 981
50 988
50 1020
51 160
51 210
51 272
51 281
51 311
51 334
51 352
51 364
51 400
51 497
51 575
51 592
51 646
51 650
51 740
51 798
51 820
51 832
51 833
51 883
51 919
51 1009
52 62
52 70
52 109
52 155
52 168
52 169
52 245
52 428
52 445
52 447
52 681
52 780
52 833
52 859
52 882
52 977
53 64
53 140
53 178
53 247
53 284
53 381
53 404
53 430
53 477
53 621
53 631
53 699
53 789
53 803
53 906
53 971
54 75
54 102
54 224
54 307
54 313
54 358
54 384
54 408
54 457
54 598
54 669
54 698
54 730
54 757
54 792
54 896
54 932
54 943
55 84
55 104
55 129
55 225
55 235
55 244
55 363
55 483
55 493
55 667
55 827
55 997
56 146
56 210
56 218
56 242
56 390
56 398
56 614
56 640
56 749
56 838
56 866
56 899
57 59
57 83
57 156
57 165
57 186
57 206
57 219
57 302
57 333
57 351
57 396
57 443
57 626
57 635
57 672
57 706
57 768
57 963
58 150
58 193
58 228
58 316
58 436
58 480
58 492
58 500
58 630
58 672
58 684
58 762
58 809
58 828
58 842
58 847
58 850
58 867
58 869
58 902
59 87
59 103
59 133
59 192
59 202
59 247
59 272
59 317
59 344
59 353
59 355
59 416
59 514
59 524
59 592
59 808
59 869
59 959
59 1020
59 1021
60 95
60 116
60 281
60 322
60 386
60 399
60 423
60 432
60 460
60 612
60 625
60 630
60 719
60 768
60 895
60 926
60 937
60 1023
61 78
61 79
61 126
61 206
61 254
61 320
61 335
61 358
61 504
61 589
61 610
61 636
61 739
61 768
61 850
62 143
62 245
62 294
62 315
62 358
62 376
62 395
62 423
62 497
62 519
62 533
62 706
62 753
62 799
62 940
62 969
62 1002
62 1009
63 66
63 102
63 264
63 280
63 282
63 294
63 328
63 410
63 516
63 526
63 556
63 634
63 677
63 768
63 775
63 863
63 886
64 66
64 233
64 387
64 448
64 452
64 466
64 492
64 509
64 528
64 558
64 574
64 636
64 677
64 739
64 793
64 857
65 70
65 104
65 107
65 195
65 209
65 261
65 271
65 319
65 567
65 631
65 702
65 713
65 736
65 834
65 861
65 896
65 908
65 934
65 936
65 945
65 982
65 1005
66 106
66 137
66 236
66 300
66 345
66 426
66 483
66 495
66 518
66 618
66 709
66 782
66 920
67 102
67 128
67 227
67 271
67 310
67 399
67 467
67 487
67 497
67 540
67 587
67 650
67 879
67 909
67 915
67 974
67 1010
68 84
68 190
68 289
68 355
68 482
68 484
68 555
68 616
68 626
68 648
68 713
68 758
68 837
68 845
68 873
68 938
69 287
69 322
69 430
69 446
69 511
69 648
69 787
69 918
69 919
70 133
70 136
70 196
70 197
70 202
70 375
70 463
70 494
70 548
70 552
70 566
70 681
70 800
70 868
70 889
70 913
71 163
71 223
71 288
71 332
71 382
71 429
71 443
71 509
71 516
71 601
71 707
71 743
71 848
71 865
71 936
71 974
72 141
72 144
72 226
72 229
72 275
72 305
72 346
72 418
72 468
72 546
72 580
72 626
72 631
72 723
72 795
72 827
72 889
73 146
73 148
73 206
73 448
73 463
73 517
73 530
73 594
73 668
73 679
73 716
73 793
73 870
73 942
73 1007
74 91
74 111
74 116
74 314
74 323
74 363
74 391
74 427
74 462
74 525
74 573
74 610
74 616
74 680
74 691
74 712
74 719
74 736
74 807
74 843
75 145
75 211
75 212
75 272
75 299
75 335
75 342
75 351
75 412
75 520
75 585
75 620
75 644
75 729
75 823
75 865
75 866
75 899
75 913
75 956
75 982
75 989
75 1012
76 125
76 169
76 309
76 318
76 344
76 357
76 503
76 668
76 676
76 714
76 732
76 816
76 913
77 78
77 408
77 420
77 546
77 654
77 661
77 683
77 775
77 798
77 807
78 126
78 226
78 280
78 301
78 342
78 365
78 376
78 532
78 575
78 604
78 655
78 661
78 679
78 825
78 1004
78 1018
79 104
79 131
79 186
79 190
79 300
79 414
79 449
79 575
79 664
79 723
79 758
79 780
79 831
79 840
79 933
79 1015
80 134
80 145
80 227
80 326
80 548
80 563
80 579
80 640
80 765
80 766
80 793
80 799
80 825
80 851
80 911
80 995
80 1008
81 88
81 133
81 218
81 219
81 340
81 484
81 500
81 540
81 607
81 658
81 745
81 765
81 849
82 109
82 138
82 207
82 282
82 289
82 292
82 301
82 445
82 471
82 539
82 558
82 658
82 726
82 801
82 884
82 919
82 957
82 970
83 129
83 197
83 305
83 337
83 367
83 445
83 464
83 472
83 478
83 508
83 577
83 641
83 658
83 715
83 716
83 750
83 862
83 892
83 944
83 978
83 991
83 1000
84 167
84 192
84 222
84 353
84 389
84 406
84 422
84 442
84 465
84 466
84 477
84 553
84 634
84 702
84 707
84 732
84 773
84 868
84 930
84 974
84 995
85 95
85 112
85 165
85 179
85 291
85 342
85 390
85 403
85 419
85 664
85 695
85 766
85 774
85 806
85 876
85 919
85 983
85 1006
86 111
86 307
86 323
86 385
86 392
86 422
86 440
86 483
86 562
86 702
86 813
86 868
86 944
86 961
86 1019
87 199
87 217
87 313
87 319
87 586
87 627
87 649
87 658
87 662
87 671
87 686
87 693
87 755
87 776
87 857
87 902
87 943
88 111
88 133
88 266
88 344
88 350
88 442
88 469
88 492
88 504
88 513
88 570
88 633
88 649
88 671
88 804
88 983
89 99
89 100
89 185
89 187
89 220
89 273
89 308
89 332
89 379
89 414
89 442
89 507
89 535
89 680
89 740
89 782
89 787
89 843
89 976
90 144
90 164
90 193
90 264
90 311
90 334
90 484
90 491
90 617
90 624
90 631
90 686
90 748
90 782
90 875
91 126
91 196
91 356
91 441
91 539
91 558
91 645
91 702
91 806
91 956
91 976
91 998
91 1010
91 1023
92 112
92 136
92 192
92 264
92 283
92 316
92 334
92 335
92 361
92 491
92 507
92 603
92 690
92 703
92 756
92 767
92 773
92 808
92 821
92 988
92 996
93 94
93 116
93 119
93 127
93 175
93 225
93 227
93 257
93 290
93 303
93 319
93 382
93 409
93 534
93 577
93 648
93 728
93 768
93 880
93 898
93 999
94 125
94 142
94 175
94 186
94 195
94 283
94 292
94 353
94 356
94 467
94 474
94 506
94 589
94 688
94 691
94 762
94 797
94 903
94 1001
95 99
95 100
95 341
95 413
95 434
95 442
95 461
95 486
95 504
95 534
95 560
95 620
95 622
95 802
95 854
95 916
96 223
96 236
96 244
96 279
96 329
96 371
96 378
96 381
96 403
96 414
96 455
96 526
96 732
96 765
96 850
96 857
96 863
96 919
96 920
97 115
97 118
97 131
97 132
97 138
97 177
97 239
97 257
97 268
97 335
97 382
97 383
97 402
97 426
97 506
97 525
97 615
97 729
97 745
97 749
97 830
97 869
97 935
97 941
97 988
98 151
98 174
98 201
98 348
98 415
98 426
98 519
98 555
98 741
98 753
98 759
98 804
98 818
98 846
98 1023
99 112
99 255
99 265
99 537
99 611
99 665
99 696
99 726
99 740
99 780
99 907
99 944
99 966
99 982
99 1006
100 167
100 216
100 272
100 350
100 373
100 379
100 490
100 503
100 590
100 629
100 676
100 766
100 915
100 965
101 108
101 129
101 188
101 250
101 424
101 458
101 491
101 515
101 538
101 562
101 668
101 753
101 769
101 795
101 883
101 891
101 895
101 938
101 1017
102 113
102 230
102 413
102 489
102 582
102 594
102 615
102 637
102 646
102 650
102 677
102 710
102 746
102 800
102 807
102 878
102 967
103 150
103 162
103 195
103 225
103 237
103 251
103 427
103 472
103 484
103 488
103 503
103 536
103 566
103 606
103 766
103 795
103 947
103 975
103 978
103 996
104 170
104 231
104 254
104 262
104 315
104 382
104 447
104 622
104 699
104 708
104 748
104 851
104 868
104 973
105 142
105 367
105 411
105 422
105 544
105 603
105 630
105 648
105 743
105 786
105 847
105 880
105 1001
105 1022
106 152
106 226
106 330
106 365
106 371
106 407
106 485
106 588
106 622
106 733
106 795
106 796
106 912
107 284
107 341
107 377
107 425
107 587
107 630
107 633
107 745
107 782
107 854
107 939
107 1008
107 1010
108 186
108 216
108 291
108 395
108 421
108 466
108 547
108 606
108 607
108 794
108 795
108 831
108 856
109 162
109 184
109 250
109 372
109 421
109 541
109 577
109 791
109 891
109 907
109 925
109 957
109 985
110 265
110 277
110 439
110 524
110 528
110 545
110 565
110 583
110 587
110 593
110 610
110 622
110 700
110 755
110 935
110 941
110 992
111 122
111 152
111 176
111 265
111 282
111 345
111 392
111 485
111 533
111 600
111 758
111 869
111 1021
112 150
112 178
112 287
112 288
112 331
112 394
112 450
112 492
112 613
112 790
112 805
112 807
112 926
112 970
112 1006
113 175
113 188
113 274
113 291
113 378
113 425
113 467
113 567
113 698
113 798
113 816
113 925
113 933
113 981
114 121
114 431
114 452
114 459
114 545
114 615
114 689
114 707
114 774
114 793
114 811
114 826
114 829
114 839
114 906
114 950
114 985
115 362
115 409
115 486
115 490
115 552
115 562
115 583
115 648
115 683
115 786
115 824
115 843
115 913
115 982
115 1004
115 1016
116 152
116 173
116 194
116 226
116 290
116 456
116 482
116 497
116 537
116 585
116 619
116 645
116 682
116 690
116 741
116 800
116 819
116 991
117 174
117 279
117 287
117 354
117 386
117 401
117 515
117 523
117 540
117 550
117 667
117 711
117 738
117 739
117 927
118 156
118 178
118 218
118 273
118 287
118 332
118 339
118 346
118 443
118 558
118 578
118 651
118 657
118 682
118 832
118 860
118 903
118 960
118 970
119 259
119 320
119 342
119 433
119 447
119 532
119 551
119 554
119 631
119 653
119 775
119 793
119 800
119 841
119 871
119 876
119 880
119 945
119 984
120 186
120 206
120 211
120 256
120 279
120 388
120 476
120 489
120 591
120 669
120 686
120 753
120 828
120 860
120 980
120 1008
121 309
121 415
121 432
121 559
121 646
121 657
121 691
121 784
121 791
121 854
121 877
121 975
121 1007
122 208
122 234
122 277
122 368
122 499
122 613
122 636
122 650
122 657
122 722
122 750
122 756
122 866
122 970
123 146
123 237
123 250
123 255
123 283
123 315
123 317
123 407
123 419
123 437
123 438
123 456
123 462
123 510
123 597
123 609
123 671
123 716
123 821
123 869
123 891
123 973
124 137
124 170
124 197
124 333
124 358
124 399
124 515
124 524
124 696
124 725
124 986
124 987
125 223
125 234
125 280
125 299
125 346
125 354
125 497
125 540
125 587
125 774
125 779
125 865
125 868
125 908
125 918
126 161
126 233
126 286
126 312
126 345
126 434
126 448
126 469
126 520
126 523
126 577
126 755
126 759
126 769
126 830
126 835
126 840
126 861
126 943
126 976
127 180
127 198
127 344
127 372
127 413
127 578
127 649
127 711
127 771
127 805
127 808
127 830
127 858
127 873
127 887
127 917
127 1021
128 201
128 307
128 381
128 435
128 642
128 643
128 707
128 729
128 779
128 790
128 794
128 839
128 902
128 911
128 982
128 1000
128 1015
129 221
129 306
129 328
129 330
129 335
129 496
129 564
129 697
129 987
130 131
130 151
130 186
130 207
130 235
130 250
130 304
130 317
130 360
130 362
130 481
130 506
130 597
130 621
130 708
130 776
130 777
130 781
130 805
130 817
130 915
130 959
130 986
131 247
131 251
131 418
131 423
131 464
131 487
131 508
131 546
131 565
131 581
131 592
131 608
131 674
131 743
131 767
131 852
131 920
131 921
131 937
131 939
132 175
132 210
132 295
132 427
132 432
132 495
132 539
132 694
132 719
132 747
132 810
132 814
132 896
132 949
132 967
132 991
133 145
133 175
133 188
133 218
133 387
133 396
133 416
133 424
133 581
133 587
133 688
133 727
133 804
133 890
133 943
134 144
134 325
134 353
134 539
134 577
134 600
134 612
134 816
134 828
134 862
134 928
134 966
134 1015
135 142
135 227
135 407
135 487
135 497
135 504
135 669
135 679
135 712
135 730
135 762
135 932
135 973
136 140
136 142
136 191
136 199
136 202
136 346
136 642
136 673
136 700
136 896
136 909
136 962
137 196
137 200
137 249
137 369
137 381
137 452
137 460
137 490
137 528
137 632
137 726
137 743
137 872
137 873
137 965
138 145
138 146
138 169
138 235
138 301
138 351
138 523
138 526
138 549
138 659
138 712
138 908
138 936
138 961
138 962
139 168
139 288
139 336
139 350
139 356
139 385
139 475
139 506
139 529
139 557
139 566
139 610
139 623
139 685
139 702
139 778
139 846
139 874
139 911
139 934
139 982
139 987
140 167
140 233
140 318
140 363
140 382
140 537
140 549
140 576
140 662
140 789
140 876
140 903
140 925
141 184
141 196
141 217
141 219
141 369
141 377
141 380
141 479
141 483
141 520
141 526
141 529
141 565
141 597
141 615
141 638
141 639
141 693
141 704
141 834
141 844
141 857
141 985
142 263
142 290
142 293
142 310
142 380
142 439
142 509
142 538
142 587
142 602
142 639
142 700
142 756
142 768
142 813
142 846
142 911
142 952
142 968
143 223
143 239
143 599
143 636
143 658
143 662
143 666
143 685
143 734
143 742
143 780
143 816
143 818
143 826
143 861
143 969
144 181
144 186
144 298
144 315
144 343
144 429
144 665
144 691
144 702
144 715
144 726
144 826
144 828
144 864
144 884
144 964
144 1003
145 194
145 215
145 335
145 336
145 413
145 468
145 538
145 626
145 632
145 652
145 665
145 712
145 722
145 772
145 826
145 827
145 832
145 847
145 964
145 972
145 991
145 994
145 1007
145 1011
146 168
146 234
146 276
146 284
146 287
146 429
146 512
146 611
146 621
146 799
146 987
146 997
146 1008
147 154
147 202
147 286
147 338
147 474
147 577
147 587
147 643
147 659
147 660
147 684
147 708
147 722
147 760
147 885
147 908
147 953
148 167
148 169
148 208
148 249
148 364
148 424
148 456
148 598
148 668
148 685
148 689
148 870
148 919
148 941
148 1005
148 1011
148 1014
149 206
149 323
149 369
149 408
149 458
149 557
149 657
149 678
149 733
149 825
149 915
150 166
150 244
150 374
150 414
150 445
150 480
150 572
150 626
150 655
150 716
150 741
150 841
150 915
150 964
150 999
150 1017
151 190
151 191
151 263
151 371
151 406
151 474
151 509
151 597
151 647
151 740
151 789
151 817
151 882
151 906
151 1007
152 190
152 206
152 208
152 256
152 264
152 284
152 332
152 338
152 374
152 400
152 401
152 408
152 461
152 469
152 517
152 530
152 537
152 578
152 614
152 699
152 709
152 833
152 862
152 866
152 912
153 167
153 316
153 321
153 363
153 428
153 452
153 678
153 712
153 726
153 748
153 835
153 880
153 893
154 178
154 239
154 247
154 320
154 350
154 359
154 372
154 380
154 509
154 569
154 573
154 598
154 767
154 833
154 838
154 900
154 923
154 976
154 987
155 162
155 189
155 303
155 338
155 356
155 401
155 448
155 515
155 550
155 622
155 689
155 799
155 821
155 879
155 884
155 908
155 917
155 981
156 373
156 548
156 560
156 654
156 690
156 744
156 748
156 806
156 823
156 831
156 862
156 986
156 1000
157 158
157 192
157 195
157 224
157 313
157 359
157 431
157 568
157 570
157 613
157 767
157 881
157 886
157 893
157 906
157 919
158 195
158 303
158 390
158 442
158 464
158 499
158 506
158 526
158 583
158 605
158 663
158 755
158 764
158 767
158 853
159 269
159 357
159 492
159 532
159 702
159 796
159 813
159 835
159 896
159 981
160 177
160 246
160 250
160 343
160 367
160 548
160 558
160 639
160 666
160 677
160 928
160 971
161 306
161 312
161 370
161 399
161 517
161 569
161 673
161 708
161 841
161 993
161 1004
162 257
162 329
162 397
162 406
162 544
162 595
162 643
162 696
162 739
162 749
162 754
162 882
162 917
162 931
162 966
162 1011
162 1013
163 168
163 256
163 316
163 332
163 372
163 425
163 486
163 496
163 552
163 724
163 735
163 740
163 768
163 853
163 988
164 180
164 209
164 212
164 236
164 305
164 338
164 354
164 355
164 530
164 568
164 574
164 688
164 710
164 746
164 755
164 772
164 874
164 875
164 931
164 1022
165 364
165 420
165 494
165 523
165 556
165 575
165 930
165 964
166 182
166 238
166 607
166 653
166 710
166 711
166 795
166 876
166 882
166 924
167 180
167 298
167 322
167 650
167 773
167 780
167 815
167 890
168 181
168 318
168 559
168 568
168 623
168 664
168 700
168 782
168 907
168 918
168 1007
169 238
169 239
169 256
169 384
169 401
169 476
169 512
169 552
169 703
169 707
169 783
169 791
169 828
169 848
169 879
169 924
169 925
169 1006
169 1008
170 239
170 310
170 375
170 387
170 406
170 442
170 494
170 561
170 608
170 618
170 638
170 802
170 805
170 839
170 863
170 905
170 907
171 174
171 189
171 231
171 311
171 495
171 528
171 653
171 656
171 726
171 748
171 821
171 928
171 933
171 950
171 974
171 1017
172 203
172 256
172 329
172 336
172 367
172 400
172 451
172 531
172 659
172 679
172 838
172 846
172 879
172 901
172 904
172 909
172 956
173 174
173 209
173 234
173 411
173 462
173 522
173 591
173 692
173 727
173 745
173 779
173 885
173 921
173 982
174 184
174 281
174 346
174 354
174 379
174 460
174 548
174 769
174 906
174 917
174 982
174 984
174 1011
175 248
175 306
175 391
175 470
175 529
175 580
175 586
175 605
175 648
175 676
175 681
175 768
175 908
175 978
175 1014
176 212
176 267
176 285
176 367
176 372
176 480
176 604
176 623
176 640
176 656
176 821
176 900
176 942
176 963
176 995
176 996
177 193
177 281
177 323
177 356
177 428
177 455
177 458
177 544
177 547
177 664
177 712
177 744
177 966
178 333
178 361
178 414
178 418
178 457
178 463
178 470
178 491
178 528
178 542
178 578
178 623
178 757
178 766
178 769
178 801
178 855
178 868
178 961
178 979
179 271
179 413
179 648
179 753
179 876
179 929
179 941
179 960
179 965
180 192
180 272
180 304
180 314
180 317
180 469
180 482
180 512
180 567
180 582
180 602
180 611
180 631
180 701
180 978
181 182
181 191
181 220
181 242
181 370
181 377
181 403
181 441
181 443
181 456
181 677
181 697
181 750
181 760
181 835
181 848
181 907
181 911
181 947
182 232
182 269
182 277
182 296
182 352
182 374
182 428
182 454
182 484
182 491
182 607
182 642
182 646
182 651
182 854
182 880
182 958
183 228
183 273
183 296
183 323
183 366
183 512
183 537
183 544
183 634
183 725
183 748
183 794
183 805
183 962
183 978
183 1001
184 223
184 227
184 282
184 299
184 302
184 310
184 332
184 398
184 412
184 448
184 450
184 455
184 473
184 608
184 622
184 629
184 663
184 695
184 696
184 777
184 800
184 823
184 827
184 834
184 849
184 910
184 980
184 1022
185 254
185 320
185 445
185 460
185 467
185 493
185 573
185 643
185 662
185 721
185 743
185 877
185 939
186 191
186 211
186 227
186 265
186 307
186 340
186 439
186 442
186 498
186 509
186 596
186 629
186 677
186 691
186 745
186 787
186 799
186 800
186 843
186 870
186 896
186 928
186 948
186 976
186 1005
187 194
187 200
187 201
187 280
187 356
187 360
187 535
187 754
187 760
187 842
187 884
187 905
187 942
188 233
188 395
188 456
188 491
188 521
188 555
188 593
188 643
188 658
188 668
188 731
188 769
188 772
188 774
188 794
188 857
188 887
188 908
188 946
188 968
188 970
189 247
189 320
189 371
189 389
189 451
189 463
189 472
189 663
189 664
189 715
189 750
189 776
189 787
189 828
190 199
190 236
190 237
190 315
190 349
190 359
190 494
190 562
190 565
190 579
190 588
190 628
190 657
190 797
190 819
190 823
190 853
190 873
190 938
190 952
191 354
191 483
191 569
191 575
191 593
191 623
191 699
191 709
191 720
191 729
191 736
191 744
191 931
191 995
191 1023
192 273
192 275
192 353
192 434
192 447
192 490
192 506
192 539
192 641
192 650
192 724
192 739
192 827
192 851
192 906
192 951
192 1000
193 265
193 276
193 303
193 308
193 312
193 315
193 331
193 528
193 679
193 705
193 991
193 1003
194 243
194 250
194 276
194 321
194 409
194 419
194 435
194 532
194 594
194 622
194 638
194 642
194 647
194 699
194 860
194 990
195 234
195 339
195 364
195 453
195 512
195 537
195 539
195 553
195 583
195 743
195 787
195 817
195 961
196 239
196 325
196 580
196 613
196 627
196 633
196 670
196 794
196 949
196 953
196 1001
197 259
197 332
197 399
197 406
197 439
197 455
197 466
197 498
197 551
197 584
197 591
197 665
197 666
197 691
197 795
197 841
197 909
197 955
198 375
198 432
198 438
198 442
198 520
198 725
198 787
198 792
198 821
198 1020
199 205
199 246
199 264
199 314
199 446
199 579
199 598
199 648
199 737
199 745
199 794
199 884
199 905
199 933
199 934
199 996
199 1005
200 370
200 427
200 602
200 859
200 869
200 877
200 904
200 940
200 946
200 957
200 985
200 1009
201 255
201 300
201 468
201 475
201 536
201 641
201 642
201 722
201 794
201 826
201 930
201 1018
202 245
202 312
202 319
202 381
202 387
202 414
202 461
202 560
202 651
202 700
202 769
202 779
202 827
203 228
203 289
203 294
203 328
203 456
203 478
203 520
203 605
203 638
203 675
203 689
203 721
203 816
203 817
204 269
204 279
204 423
204 545
204 556
204 666
204 773
204 837
204 840
204 890
204 975
204 985
205 208
205 527
205 530
205 531
205 657
205 687
205 706
205 757
205 797
205 802
205 865
205 984
205 1000
205 1008
206 267
206 273
206 321
206 327
206 372
206 535
206 583
206 750
206 792
206 821
206 840
206 855
206 915
206 934
207 288
207 292
207 359
207 483
207 549
207 560
207 601
207 605
207 616
207 659
207 844
207 858
207 922
208 387
208 398
208 518
208 567
208 638
208 658
208 739
208 754
208 756
208 799
208 859
208 864
208 872
208 933
208 949
208 971
208 972
208 976
209 421
209 503
209 517
209 548
209 610
209 673
209 729
209 752
209 830
209 964
210 216
210 241
210 297
210 323
210 406
210 416
210 421
210 461
210 477
210 559
210 664
210 712
210 781
210 868
210 956
211 321
211 333
211 343
211 507
211 521
211 523
211 553
211 586
211 785
211 809
211 818
211 877
211 944
211 959
211 1017
212 241
212 280
212 285
212 498
212 553
212 587
212 643
212 680
212 706
212 817
212 823
212 870
212 909
212 948
213 240
213 272
213 294
213 344
213 358
213 432
213 513
213 590
213 604
213 617
213 656
213 759
213 828
213 834
213 951
214 304
214 310
214 392
214 394
214 488
214 510
214 616
214 662
214 928
214 974
215 226
215 582
215 599
215 756
215 764
215 794
215 846
215 949
216 248
216 309
216 310
216 375
216 414
216 458
216 459
216 514
216 662
216 717
216 860
216 901
217 218
217 398
217 539
217 541
217 554
217 589
217 640
217 685
217 697
217 749
217 751
217 845
217 975
217 982
217 1010
218 222
218 239
218 346
218 381
218 403
218 433
218 472
218 550
218 667
218 694
218 696
218 718
218 816
218 858
218 883
218 903
219 227
219 251
219 341
219 344
219 365
219 433
219 489
219 491
219 508
219 529
219 582
219 601
219 661
219 778
219 840
219 906
219 922
219 937
219 1020
220 256
220 287
220 297
220 318
220 346
220 456
220 501
220 506
220 511
220 537
220 680
220 689
220 801
220 809
220 815
220 942
220 955
220 998
221 313
221 319
221 425
221 447
221 460
221 594
221 672
221 709
221 733
221 764
221 808
221 852
221 872
221 937
222 223
222 370
222 458
222 604
222 719
222 745
222 792
222 973
223 449
223 538
223 543
223 632
223 679
223 777
223 878
223 883
223 1004
224 241
224 260
224 336
224 432
224 524
224 717
224 808
224 822
224 825
224 839
224 1003
224 1009
225 327
225 345
225 378
225 583
225 623
225 658
225 731
225 737
225 765
225 838
225 902
225 937
226 279
226 292
226 298
226 340
226 373
226 485
226 509
226 540
226 576
226 620
226 656
226 684
226 765
226 770
226 833
226 873
226 876
226 886
226 911
226 959
226 963
227 407
227 414
227 537
227 568
227 583
227 804
227 928
227 1003
228 263
228 281
228 560
228 589
228 651
228 767
228 785
228 826
228 889
229 264
229 309
229 374
229 523
229 600
229 603
229 623
229 642
229 766
229 778
229 876
229 940
229 949
229 970
229 989
230 254
230 266
230 358
230 444
230 446
230 505
230 522
230 538
230 632
230 873
230 1002
231 243
231 315
231 327
231 345
231 373
231 443
231 494
231 542
231 586
231 612
231 675
231 712
231 719
231 721
231 794
231 800
231 847
231 887
231 961
231 980
232 321
232 452
232 609
232 855
232 944
232 971
232 1011
233 254
233 404
233 420
233 490
233 514
233 574
233 626
233 697
233 731
233 793
233 827
233 855
233 869
233 906
233 978
234 343
234 349
234 411
234 433
234 489
234 494
234 500
234 605
234 614
234 672
234 708
234 713
234 736
234 789
234 906
234 1019
235 296
235 318
235 319
235 370
235 548
235 746
235 784
235 795
235 852
235 857
235 934
235 950
235 965
235 967
235 1017
235 1022
236 286
236 290
236 301
236 347
236 400
236 442
236 472
236 504
236 554
236 563
236 618
236 636
236 665
236 699
236 703
236 750
236 773
236 774
236 812
236 861
236 863
236 991
236 1015
237 376
237 387
237 394
237 397
237 591
237 707
237 778
237 779
237 784
237 888
238 288
238 336
238 397
238 426
238 444
238 593
238 641
238 872
238 899
238 917
238 961
238 975
239 267
239 320
239 334
239 375
239 396
239 458
239 491
239 493
239 586
239 610
239 636
239 642
239 763
239 777
239 794
239 969
239 978
239 991
240 294
240 422
240 441
240 605
240 616
240 626
240 687
240 707
240 721
240 745
240 776
240 792
240 849
240 870
240 898
240 971
241 363
241 371
241 459
241 476
241 503
241 513
241 543
241 586
241 602
241 655
241 743
241 746
241 780
241 784
241 860
241 886
241 968
241 999
241 1011
242 249
242 273
242 325
242 344
242 473
242 491
242 575
242 801
242 892
242 929
242 1022
243 245
243 280
243 321
243 431
243 439
243 538
243 688
243 757
243 803
243 843
243 932
243 968
243 1002
244 322
244 334
244 407
244 417
244 549
244 575
244 588
244 595
244 600
244 630
244 659
244 811
244 878
244 891
244 995
245 305
245 369
245 447
245 460
245 519
245 541
245 590
245 631
245 671
245 686
245 902
246 260
246 527
246 576
246 621
246 710
246 845
246 980
246 987
246 1015
247 365
247 484
247 557
247 592
247 627
247 748
247 809
247 937
247 972
248 320
248 349
248 417
248 429
248 540
248 565
248 570
248 640
248 785
248 839
248 852
248 907
249 361
249 411
249 414
249 421
249 472
249 511
249 649
249 696
249 841
249 855
249 945
249 973
249 990
249 994
250 270
250 291
250 524
250 658
250 681
250 721
250 737
250 748
250 833
250 910
250 955
251 341
251 518
251 527
251 549
251 599
251 654
251 695
251 737
251 763
251 764
251 816
251 884
252 324
252 327
252 348
252 402
252 438
252 755
252 790
252 807
252 834
252 850
252 888
252 953
252 1001
252 1016
253 324
253 387
253 390
253 414
253 487
253 488
253 536
253 581
253 605
253 636
253 653
253 729
253 756
253 769
253 916
254 387
254 446
254 451
254 565
254 579
254 748
254 762
254 843
254 913
254 958
254 990
255 434
255 496
255 544
255 553
255 565
255 570
255 617
255 624
255 773
255 912
256 274
256 428
256 468
256 514
256 535
256 660
256 682
256 744
256 746
256 813
256 814
256 919
257 343
257 349
257 352
257 382
257 394
257 439
257 455
257 459
257 477
257 479
257 526
257 695
257 713
257 743
257 802
257 886
257 895
257 940
257 984
257 993
257 1003
257 1016
258 371
258 543
258 546
258 551
258 593
258 624
258 631
258 635
258 771
258 857
258 863
258 989
259 514
259 521
259 539
259 722
259 791
259 802
259 894
260 290
260 412
260 437
260 533
260 539
260 661
260 681
260 707
260 722
260 777
260 828
260 861
260 916
261 332
261 528
261 589
261 698
261 749
261 782
261 791
262 347
262 387
262 441
262 533
262 598
262 901
262 918
262 920
262 967
262 982
262 999
263 300
263 371
263 486
263 491
263 498
263 625
263 738
263 841
263 866
263 879
263 958
264 279
264 349
264 365
264 388
264 401
264 545
264 586
264 647
264 692
264 782
264 832
264 926
264 969
264 995
264 1013
265 313
265 318
265 350
265 365
265 508
265 526
265 623
265 646
265 687
265 723
265 767
265 812
265 911
265 932
265 962
266 281
266 294
266 316
266 367
266 495
266 516
266 550
266 588
266 682
266 776
266 792
266 843
266 939
266 971
266 977
267 294
267 325
267 352
267 378
267 513
267 548
267 584
267 647
267 693
267 705
267 721
267 787
267 866
267 1021
268 329
268 434
268 461
268 510
268 540
268 596
268 747
268 824
268 857
268 1023
269 272
269 315
269 407
269 524
269 602
269 614
269 642
269 656
269 668
269 670
269 699
269 707
269 835
269 836
269 982
269 1006
270 299
270 301
270 401
270 436
270 444
270 448
270 459
270 461
270 698
270 720
270 870
270 874
270 935
270 975
270 988
271 358
271 673
271 691
271 767
271 784
271 802
271 842
271 903
271 921
271 939
271 975
271 1004
272 315
272 398
272 417
272 479
272 560
272 565
272 580
272 630
272 743
272 783
272 826
272 908
272 972
272 1007
273 324
273 343
273 606
273 663
273 740
273 855
273 888
273 927
273 974
274 385
274 509
274 547
274 651
274 683
274 742
274 765
274 780
274 954
274 977
274 1011
274 1016
274 1021
275 331
275 337
275 380
275 732
275 736
275 758
275 762
275 819
275 865
275 885
275 890
275 963
275 978
276 292
276 322
276 336
276 473
276 516
276 572
276 584
276 733
276 737
276 754
276 816
276 879
276 906
276 960
276 987
277 499
277 512
277 578
277 585
277 665
277 693
277 695
277 738
277 879
277 923
277 927
277 942
277 969
277 981
277 990
278 382
278 395
278 450
278 532
278 578
278 579
278 621
278 645
278 672
278 677
278 709
278 769
278 825
278 853
278 858
278 868
278 894
278 996
278 1004
279 444
279 467
279 513
279 523
279 598
279 678
279 976
280 341
280 403
280 411
280 424
280 457
280 467
280 537
280 543
280 583
280 610
280 801
280 890
280 922
280 934
280 939
280 979
280 1006
280 1017
281 304
281 314
281 361
281 454
281 513
281 634
281 677
281 705
281 730
281 791
281 900
281 916
282 310
282 326
282 332
282 349
282 413
282 482
282 500
282 505
282 524
282 544
282 606
282 653
282 679
282 760
282 773
282 800
282 838
282 898
282 904
283 286
283 382
283 404
283 495
283 535
283 549
283 599
283 823
283 834
283 915
283 934
283 1004
283 1019
284 681
284 727
284 830
284 844
284 865
284 887
284 984
284 1021
285 286
285 332
285 349
285 405
285 425
285 528
285 532
285 692
285 727
285 743
285 752
285 780
285 897
286 447
286 512
286 526
286 542
286 555
286 573
286 589
286 633
286 658
286 706
286 724
286 740
286 821
286 851
286 870
286 924
286 940
286 968
286 989
287 429
287 467
287 500
287 546
287 583
287 608
287 694
287 990
288 336
288 446
288 505
288 597
288 620
288 654
288 837
288 853
288 910
288 917
288 924
288 925
288 988
288 989
289 332
289 347
289 356
289 476
289 486
289 638
289 705
289 718
289 729
289 755
290 322
290 324
290 347
290 391
290 396
290 419
290 429
290 440
290 450
290 538
290 620
290 754
290 785
290 791
290 952
290 955
290 968
290 1016
291 419
291 535
291 541
291 547
291 589
291 623
291 637
291 758
291 787
291 793
291 1013
292 331
292 414
292 609
292 625
292 632
292 687
292 705
292 709
292 785
292 917
292 951
292 1007
292 1013
293 294
293 359
293 428
293 458
293 485
293 501
293 564
293 797
293 850
293 961
293 1010
294 316
294 346
294 361
294 408
294 461
294 513
294 522
294 683
294 741
294 750
294 760
294 791
294 809
294 874
294 919
294 995
294 999
294 1002
295 352
295 355
295 529
295 570
295 682
295 744
295 836
295 907
295 925
295 985
295 991
295 1006
295 1013
295 1021
296 308
296 398
296 521
296 533
296 611
296 715
296 773
296 847
296 869
296 952
297 381
297 428
297 460
297 486
297 494
297 497
297 573
297 623
297 627
297 644
297 663
297 679
297 690
297 735
297 759
297 774
297 778
297 882
297 893
297 1008
298 374
298 657
298 689
298 701
298 862
298 939
298 987
299 405
299 564
299 595
299 662
299 665
299 677
299 772
299 819
299 820
299 862
299 978
299 1000
300 360
300 412
300 585
300 594
300 615
300 638
300 651
300 660
300 706
300 900
300 997
301 416
301 510
301 527
301 577
301 646
301 649
301 740
301 946
302 338
302 372
302 373
302 427
302 535
302 618
302 691
302 719
302 911
302 912
302 969
302 1000
303 333
303 386
303 465
303 471
303 478
303 553
303 578
303 602
303 616
303 622
303 678
303 728
303 797
303 816
303 885
303 918
303 939
303 997
304 346
304 381
304 382
304 525
304 569
304 679
304 713
304 777
304 870
304 923
304 982
305 362
305 499
305 513
305 641
305 795
305 814
305 841
305 855
305 955
305 961
305 993
305 1004
305 1011
305 1017
306 318
306 346
306 358
306 410
306 470
306 498
306 520
306 537
306 572
306 586
306 739
306 758
306 803
306 897
307 383
307 449
307 463
307 558
307 744
307 748
307 812
308 455
308 567
308 880
308 895
308 903
308 909
308 991
308 1012
309 409
309 435
309 437
309 456
309 526
309 564
309 565
309 573
309 600
309 775
309 855
309 942
309 996
309 1015
310 367
310 460
310 503
310 507
310 640
310 712
310 831
310 998
310 1013
311 411
311 466
311 511
311 571
311 620
311 738
311 820
311 862
311 863
311 970
311 976
312 375
312 481
312 628
312 791
312 887
312 893
312 972
312 1009
313 318
313 365
313 383
313 407
313 451
313 463
313 527
313 568
313 580
313 639
313 652
313 663
313 664
313 758
313 777
313 853
313 949
313 951
314 327
314 349
314 412
314 413
314 522
314 568
314 577
314 747
314 757
314 790
314 813
314 834
314 848
314 882
315 350
315 367
315 387
315 472
315 504
315 518
315 522
315 711
315 716
315 721
315 838
316 354
316 452
316 574
316 657
316 671
316 682
316 755
316 987
316 1023
317 354
317 365
317 433
317 446
317 449
317 555
317 584
317 621
317 753
317 784
317 812
317 863
317 919
317 938
318 398
318 423
318 428
318 444
318 450
318 452
318 487
318 508
318 522
318 576
318 622
318 662
318 681
318 887
318 918
319 341
319 346
319 445
319 493
319 507
319 566
319 602
319 612
319 641
319 742
319 768
319 843
319 855
319 859
319 896
319 907
320 386
320 579
320 582
320 617
320 930
320 956
320 958
320 982
321 346
321 356
321 361
321 428
321 448
321 653
321 675
321 732
321 745
321 778
321 937
321 953
321 971
321 1014
322 350
322 529
322 668
322 740
322 898
322 911
323 367
323 401
323 403
323 514
323 628
323 643
323 647
323 657
323 751
323 761
323 813
323 815
323 862
323 933
323 995
323 1008
323 1014
324 332
324 337
324 354
324 395
324 427
324 467
324 472
324 512
324 552
324 556
324 564
324 635
324 642
324 645
324 660
324 670
324 717
324 724
324 813
324 831
324 859
324 906
325 471
325 479
325 504
325 535
325 612
325 616
325 633
325 635
325 648
325 781
325 833
325 916
325 923
325 974
326 543
326 563
326 785
326 795
327 391
327 460
327 463
327 488
327 560
327 658
327 720
327 731
327 999
328 378
328 560
328 713
328 836
328 849
328 949
329 446
329 550
329 581
329 724
329 727
329 847
329 858
329 952
330 367
330 432
330 452
330 493
330 501
330 549
330 565
330 577
330 685
330 686
330 858
330 914
330 959
330 977
330 1014
331 372
331 388
331 411
331 458
331 475
331 483
331 541
331 543
331 624
331 708
331 739
331 804
331 812
331 833
331 906
332 393
332 401
332 434
332 515
332 544
332 590
332 675
332 773
332 776
332 810
332 907
332 922
332 941
332 980
333 336
333 380
333 408
333 442
333 447
333 456
333 481
333 534
333 720
333 753
333 782
333 796
333 872
333 874
334 350
334 403
334 557
334 565
334 582
334 604
334 654
334 661
334 709
334 725
334 962
335 464
335 477
335 519
335 545
335 598
335 601
335 655
335 695
335 780
335 790
335 963
335 979
336 354
336 411
336 433
336 461
336 469
336 498
336 522
336 533
336 711
336 808
336 857
336 883
336 976
336 1009
337 360
337 405
337 564
337 707
337 751
337 760
337 836
337 894
337 904
337 954
337 980
338 379
338 610
338 719
338 907
338 987
338 1019
339 452
339 497
339 517
339 681
339 693
339 809
339 818
339 826
340 393
340 443
340 519
340 540
340 579
340 732
340 747
340 761
340 769
340 775
340 777
340 851
340 992
341 367
341 372
341 448
341 462
341 556
341 659
341 861
341 972
341 1017
341 1022
342 388
342 523
342 584
342 751
342 770
342 849
342 980
342 984
342 992
343 356
343 425
343 558
343 579
343 587
343 624
343 640
343 644
343 688
343 723
343 819
343 850
343 873
343 952
343 1001
344 358
344 359
344 361
344 456
344 480
344 493
344 504
344 588
344 708
344 895
344 910
344 995
345 356
345 436
345 440
345 475
345 570
345 666
345 675
345 694
345 741
345 771
345 781
345 818
345 859
345 869
345 912
345 962
345 979
345 1021
346 450
346 452
346 497
346 500
346 607
346 731
346 732
346 807
346 855
346 857
346 867
346 914
346 980
346 981
346 1003
347 456
347 518
347 658
347 875
347 949
347 954
347 1005
348 393
348 412
348 552
348 866
348 874
348 896
348 904
349 427
349 476
349 520
349 550
349 583
349 597
349 619
349 640
349 656
349 731
349 749
349 828
349 983
350 509
350 516
350 633
350 645
350 859
350 880
350 902
351 365
351 391
351 441
351 557
351 589
351 610
351 676
351 679
351 767
351 810
351 838
351 866
351 943
351 948
351 960
352 395
352 491
352 511
352 696
352 875
352 938
353 377
353 421
353 450
353 463
353 494
353 562
353 612
353 664
353 695
353 849
353 909
353 965
354 364
354 505
354 615
354 656
354 741
354 763
354 799
354 940
354 947
354 1023
355 371
355 392
355 415
355 434
355 481
355 490
355 517
355 520
355 564
355 688
355 700
355 756
355 769
355 819
355 856
355 876
355 915
355 920
355 953
355 955
355 960
355 1000
355 1005
355 1012
356 413
356 672
356 679
356 735
356 760
356 783
356 824
356 888
356 939
356 945
356 997
357 362
357 445
357 471
357 476
357 571
357 584
357 711
357 876
357 887
357 935
357 936
358 373
358 385
358 560
358 566
358 579
358 604
358 620
358 715
358 812
358 866
358 908
358 933
358 984
358 1013
359 436
359 455
359 487
359 501
359 580
359 585
359 616
359 667
359 723
359 747
359 778
359 816
359 890
359 959
359 985
359 1014
360 437
360 558
360 614
360 660
360 718
360 719
360 813
360 816
360 937
361 396
361 410
361 453
361 478
361 525
361 622
361 653
361 684
361 769
361 826
361 830
361 879
361 973
361 977
361 979
362 422
362 425
362 437
362 515
362 547
362 551
362 564
362 645
362 682
362 745
362 770
362 789
362 865
362 887
362 923
363 377
363 392
363 536
363 583
363 653
363 657
363 737
363 742
363 831
363 957
364 437
364 456
364 457
364 475
364 558
364 653
364 675
364 677
364 826
364 889
364 890
364 912
364 958
364 970
364 980
364 1018
365 481
365 609
365 632
365 679
365 698
365 703
365 733
365 750
365 758
365 1014
366 369
366 409
366 423
366 489
366 495
366 501
366 517
366 532
366 542
366 566
366 665
366 696
366 800
366 809
366 812
366 838
366 842
366 958
366 995
367 388
367 408
367 488
367 786
367 811
367 915
367 918
367 993
367 1016
368 397
368 439
368 617
368 624
368 636
368 690
368 993
369 375
369 438
369 498
369 533
369 599
369 658
369 667
369 697
369 726
370 416
370 434
370 460
370 479
370 481
370 533
370 628
370 681
370 804
370 826
370 863
370 962
370 997
371 395
371 415
371 430
371 463
371 476
371 627
371 638
371 860
371 877
371 977
372 384
372 402
372 409
372 426
372 505
372 557
372 564
372 607
372 682
372 819
372 902
372 927
372 985
373 428
373 515
373 595
373 607
373 608
373 671
373 676
373 745
373 765
373 796
373 940
373 960
373 998
374 378
374 405
374 636
374 649
374 651
374 666
374 712
374 778
374 884
374 919
374 924
375 387
375 391
375 532
375 543
375 584
375 610
375 728
375 933
375 936
375 946
375 977
375 1000
376 401
376 416
376 460
376 466
376 504
376 552
376 708
376 823
376 913
376 999
377 443
377 457
377 468
377 559
377 580
377 598
377 613
377 624
377 630
377 670
377 671
377 838
377 874
377 945
377 946
377 958
378 391
378 393
378 592
378 629
378 632
378 695
378 755
378 784
378 948
378 985
379 450
379 537
379 542
379 616
379 623
379 664
379 679
379 685
379 777
379 818
379 825
379 837
379 899
379 919
379 932
379 980
379 999
380 395
380 463
380 484
380 704
380 711
380 726
380 753
380 822
380 910
381 512
381 522
381 561
381 589
381 649
381 731
381 933
381 962
382 514
382 608
382 611
382 635
382 737
382 806
382 817
382 826
382 837
382 877
383 398
383 439
383 572
383 604
383 680
383 735
383 800
383 1004
383 1008
384 448
384 637
384 863
384 963
384 1014
385 604
385 609
385 615
385 707
385 915
385 946
386 390
386 410
386 640
386 678
386 696
386 706
386 707
386 734
386 741
386 837
386 910
386 933
386 971
386 1006
386 1011
387 416
387 447
387 497
387 502
387 556
387 583
387 744
387 806
387 872
387 976
388 532
388 543
388 613
388 699
388 713
388 831
388 893
388 973
388 984
389 435
389 461
389 477
389 501
389 782
389 877
389 949
390 410
390 464
390 478
390 536
390 619
390 626
390 676
390 742
390 765
390 928
390 986
390 989
391 401
391 420
391 499
391 516
391 591
391 665
391 678
391 722
391 798
391 802
391 907
391 963
392 480
392 522
392 525
392 532
392 621
392 667
392 756
392 762
392 833
392 842
392 860
392 919
392 924
392 930
393 425
393 472
393 503
393 578
393 792
393 795
393 827
393 849
393 998
394 433
394 444
394 513
394 564
394 670
394 839
394 933
394 1008
395 409
395 434
395 523
395 561
395 564
395 579
395 601
395 623
395 720
395 756
395 764
395 807
395 871
395 897
395 924
395 985
396 447
396 477
396 604
396 613
396 668
396 672
396 739
396 751
396 802
396 844
396 851
396 897
396 901
396 976
397 451
397 486
397 859
397 879
397 898
397 930
397 943
398 411
398 453
398 586
398 685
398 803
398 806
398 836
398 843
398 908
398 943
398 1017
399 450
399 471
399 486
399 495
399 541
399 568
399 623
399 657
399 697
399 740
399 763
399 857
399 918
400 415
400 420
400 426
400 436
400 485
400 537
400 618
400 723
400 739
400 744
400 763
400 770
400 822
400 888
401 495
401 558
401 562
401 629
401 714
401 715
401 869
401 876
401 995
402 409
402 412
402 414
402 451
402 504
402 592
402 677
402 916
402 970
402 971
402 992
403 418
403 438
403 493
403 501
403 558
403 596
403 693
403 695
403 778
403 820
403 880
403 954
403 968
403 1007
404 427
404 484
404 512
404 677
404 710
404 792
404 826
404 948
404 956
405 537
405 560
405 593
405 596
405 637
405 717
405 821
405 891
405 931
405 952
405 978
406 459
406 490
406 607
406 770
406 781
406 794
406 867
406 889
406 997
406 1004
407 435
407 459
407 568
407 613
407 764
407 883
407 897
407 935
407 964
407 980
407 989
407 1019
408 505
408 553
408 708
408 722
408 804
408 866
408 931
408 961
408 1012
409 461
409 469
409 567
409 577
409 598
409 682
409 711
409 725
409 784
409 885
409 943
409 985
410 465
410 619
410 660
410 756
410 837
410 869
410 943
410 981
410 990
410 1021
411 432
411 441
411 511
411 522
411 574
411 675
411 684
411 730
411 817
411 865
411 899
411 988
412 515
412 533
412 566
412 580
412 606
412 659
412 814
412 826
412 896
412 963
412 981
413 468
413 478
413 557
413 612
413 670
413 861
413 898
413 900
413 1014
414 464
414 510
414 519
414 548
414 635
414 692
414 708
414 714
414 728
414 764
414 773
414 856
414 903
414 931
414 947
414 975
415 429
415 526
415 644
415 658
415 776
415 979
416 441
416 592
416 611
416 637
416 653
416 658
416 719
416 750
416 807
416 1016
417 457
417 460
417 472
417 512
417 527
417 578
417 654
417 666
417 789
417 819
417 917
417 924
418 460
418 489
418 673
418 679
418 684
418 790
418 943
419 529
419 553
419 583
419 624
419 660
419 674
419 733
419 834
419 881
419 887
419 971
419 986
420 451
420 483
420 495
420 671
420 673
420 696
420 764
420 811
420 902
420 913
420 930
420 948
420 951
420 962
420 1001
421 424
421 513
421 607
421 675
421 689
421 736
421 790
421 883
421 888
421 925
421 950
422 450
422 461
422 532
422 621
422 680
422 690
422 743
422 749
422 820
422 881
422 906
423 547
423 568
423 660
423 679
423 713
423 743
423 791
423 839
423 857
423 951
423 965
423 985
423 1017
424 497
424 553
424 625
424 743
424 746
424 825
425 489
425 526
425 584
425 650
425 822
425 931
425 970
425 973
426 458
426 465
426 492
426 592
426 878
426 899
426 912
426 1009
426 1021
426 1022
427 475
427 491
427 512
427 593
427 654
427 723
427 754
427 772
427 803
427 851
427 860
427 869
428 494
428 507
428 524
428 700
428 793
428 860
429 459
429 520
429 555
429 560
429 615
429 683
429 739
429 767
429 880
429 903
429 944
429 978
429 993
430 602
430 736
430 762
431 493
431 632
431 699
431 735
431 757
431 800
431 897
431 933
432 451
432 498
432 505
432 560
432 702
432 722
432 735
432 761
432 815
432 892
432 934
433 458
433 535
433 627
433 808
433 814
433 843
433 845
433 940
433 1005
434 490
434 502
434 604
434 607
434 619
434 650
434 699
434 826
434 988
434 1015
435 527
435 536
435 557
435 561
435 567
435 578
435 583
435 647
435 756
435 774
435 801
435 861
435 924
435 1003
436 475
436 508
436 651
436 659
436 668
436 725
436 742
436 757
436 803
436 822
436 936
436 1003
437 457
437 463
437 564
437 679
437 695
437 738
437 892
437 920
437 1022
438 483
438 537
438 539
438 560
438 566
438 630
438 708
438 742
438 770
438 840
438 943
439 509
439 580
439 644
439 647
439 688
439 695
439 1004
439 1007
440 452
440 504
440 507
440 627
440 694
440 778
440 785
440 803
440 903
440 913
441 472
441 510
441 511
441 532
441 542
441 577
441 597
441 598
441 607
441 793
441 850
441 902
441 976
441 1001
442 471
442 480
442 500
442 564
442 582
442 641
442 739
442 925
442 939
443 448
443 479
443 562
443 586
443 696
443 758
443 761
443 772
443 903
443 991
443 1010
443 1021
444 460
444 472
444 519
444 530
444 567
444 753
444 915
445 521
445 632
445 649
445 750
445 877
445 939
445 998
445 1019
445 1020
446 510
446 527
446 543
446 693
446 739
446 862
446 948
446 954
446 967
447 469
447 499
447 603
447 682
447 693
447 787
447 796
447 813
447 817
447 828
447 840
447 892
447 925
447 937
448 566
448 707
448 788
448 910
448 921
449 469
449 505
449 510
449 607
449 709
449 773
449 811
449 974
449 1009
450 466
450 573
450 602
450 614
450 667
450 713
450 769
451 462
451 533
451 693
451 696
451 716
451 806
451 844
451 865
451 905
451 977
451 987
452 527
452 538
452 582
452 598
452 620
452 622
452 700
452 779
452 814
452 815
452 866
452 935
453 472
453 491
453 529
453 776
453 795
453 810
453 866
453 939
453 950
453 1017
454 597
454 651
454 656
454 691
454 708
454 754
454 778
454 787
454 904
454 947
455 477
455 562
455 573
455 598
455 672
455 765
455 855
455 896
455 977
455 1002
456 695
456 863
456 896
456 916
456 1008
457 469
457 557
457 564
457 596
457 632
457 646
457 650
457 660
457 670
457 726
457 805
457 811
457 877
458 500
458 553
458 576
458 699
458 736
458 738
458 744
458 900
458 908
458 923
458 942
458 958
459 470
459 576
459 678
459 714
459 742
459 874
459 958
459 979
460 519
460 620
460 649
460 651
460 713
460 796
460 831
460 834
460 835
461 464
461 558
461 705
461 737
461 871
461 879
462 466
462 545
462 563
462 697
462 702
462 863
462 875
462 912
462 934
462 952
462 969
462 988
463 532
463 536
463 542
463 677
463 842
463 848
463 863
464 488
464 565
464 609
464 614
464 664
464 682
464 701
464 803
464 855
464 909
465 491
465 562
465 597
465 726
465 746
465 867
466 477
466 600
466 659
466 663
466 758
466 760
466 889
466 976
466 992
466 1020
467 643
467 738
467 760
467 836
467 864
467 970
467 1004
468 497
468 539
468 814
468 973
469 570
469 703
469 719
469 724
469 730
469 734
469 747
469 815
469 872
469 914
469 918
470 530
470 561
470 563
470 570
470 764
470 961
470 999
471 481
471 501
471 564
471 609
471 734
471 843
471 961
472 552
472 632
472 642
472 652
472 665
472 770
472 797
472 813
472 872
472 932
472 936
472 991
473 476
473 549
473 592
473 594
473 630
473 765
473 928
473 938
474 516
474 673
474 706
474 745
474 892
474 1006
475 541
475 586
475 603
475 643
475 644
475 785
475 849
475 936
475 1010
476 484
476 488
476 582
476 654
476 815
476 843
476 910
476 946
476 973
476 1009
476 1014
476 1016
477 507
477 666
477 783
477 854
477 900
477 929
477 953
477 1023
478 584
478 684
478 734
478 810
478 820
478 876
478 885
478 977
479 481
479 524
479 585
479 591
479 636
479 659
479 737
479 755
479 783
479 846
479 879
479 924
479 1000
480 536
480 602
480 604
480 761
480 787
480 799
480 868
480 1009
480 1012
480 1019
481 492
481 569
481 572
481 581
481 582
481 742
481 795
481 913
481 958
482 534
482 636
482 712
482 839
483 527
483 531
483 574
483 592
483 627
483 672
483 861
483 873
483 889
483 950
483 977
484 489
484 512
484 605
484 635
484 674
484 685
484 734
484 756
484 848
484 890
484 914
485 557
485 659
485 682
485 684
485 697
485 741
485 939
485 960
485 969
485 992
485 1007
486 544
486 618
486 691
486 850
486 929
486 958
487 540
487 576
487 591
487 719
487 822
487 829
487 869
487 953
487 974
488 497
488 498
488 525
488 532
488 727
488 809
488 813
488 878
488 959
488 964
488 980
489 579
489 638
489 680
489 712
489 782
489 802
489 849
489 880
489 884
489 930
489 944
490 640
490 778
490 870
490 905
491 510
491 539
491 739
491 753
491 761
491 765
491 766
491 776
491 784
491 789
491 797
492 570
492 591
492 597
492 669
492 698
492 736
492 868
492 929
492 938
492 957
492 961
492 965
492 1005
493 590
493 613
493 620
493 653
493 695
493 704
493 747
493 755
493 764
493 814
493 815
493 966
493 978
493 998
494 517
494 823
494 836
494 870
494 967
495 521
495 649
495 704
495 717
495 835
495 852
495 861
495 972
496 508
496 553
496 589
496 612
496 661
496 717
496 878
496 936
497 573
497 646
497 691
497 808
497 822
497 931
497 975
497 979
498 520
498 566
498 626
498 963
499 667
499 779
499 818
499 934
499 979
500 550
500 556
500 648
500 670
500 746
500 808
500 822
500 842
500 862
500 885
500 925
501 749
501 760
501 855
501 872
501 879
501 898
501 908
501 952
502 525
502 537
502 603
502 671
502 684
502 727
502 738
502 815
502 834
502 937
503 565
503 591
503 603
503 605
503 621
503 643
503 681
503 908
503 927
503 929
503 945
503 991
504 617
504 629
504 667
504 758
504 944
505 549
505 682
505 703
505 794
505 895
505 927
505 986
505 1001
506 516
506 580
506 689
506 692
506 705
506 768
506 808
506 835
506 907
506 972
506 990
506 1005
507 515
507 531
507 736
507 799
507 819
507 827
507 841
507 861
507 955
508 511
508 578
508 597
508 620
508 637
508 639
508 652
508 705
508 712
508 751
508 769
508 818
508 845
508 851
508 863
508 872
508 875
508 962
508 988
508 1022
508 1023
509 792
509 848
509 905
509 913
509 972
509 1012
510 654
510 766
510 779
510 822
510 961
510 968
510 978
511 619
511 671
511 685
511 754
511 755
511 764
511 968
512 530
512 647
512 658
512 694
512 744
512 784
512 788
512 817
512 910
513 566
513 575
513 619
513 671
513 684
513 777
513 833
513 892
513 918
513 1014
514 525
514 684
514 707
514 812
514 893
514 896
514 924
514 969
515 742
515 765
515 770
515 858
515 900
515 921
515 942
515 987
515 1013
516 559
516 670
516 677
516 701
516 784
516 787
516 945
517 577
517 603
517 629
517 687
517 775
517 866
517 876
517 879
518 580
518 582
518 909
518 923
519 673
519 674
519 692
519 696
519 751
519 765
519 821
519 922
519 948
520 551
520 573
520 651
520 674
520 708
520 727
520 780
520 886
520 900
520 973
520 976
520 1011
520 1023
521 532
521 569
521 662
521 779
521 799
521 819
521 841
521 851
521 966
522 612
522 630
522 631
522 657
522 672
522 785
522 886
522 894
522 913
522 922
522 938
522 1010
523 584
523 651
523 697
523 750
523 811
523 836
523 864
523 881
523 957
523 974
524 542
524 603
524 672
524 717
524 761
524 772
524 797
524 828
524 833
524 869
525 529
525 581
525 689
525 846
525 861
525 944
525 945
526 541
526 569
526 592
526 600
526 633
526 693
526 702
526 711
526 747
526 754
526 770
526 775
526 826
526 922
526 928
526 933
526 938
526 980
526 991
526 993
527 637
527 640
527 719
527 743
527 751
527 762
527 776
527 801
527 831
527 846
527 882
527 890
527 1008
528 533
528 566
528 581
528 644
528 823
528 843
528 894
528 918
528 973
529 662
529 753
529 764
530 611
530 634
530 668
530 678
530 684
530 725
530 762
530 784
530 934
530 935
530 967
530 1010
530 1011
530 1017
531 533
531 741
531 750
531 797
531 866
531 927
531 938
531 942
531 948
532 565
532 599
532 666
532 670
532 705
532 713
532 738
532 807
532 924
533 553
533 592
533 633
533 750
533 812
533 902
533 914
533 943
534 688
534 692
534 840
534 843
534 872
534 895
534 941
534 959
535 537
535 617
535 785
535 826
535 902
535 931
535 1023
536 555
536 580
536 604
536 676
536 725
536 775
536 937
536 949
536 991
536 998
536 1022
537 599
537 661
537 721
537 785
537 858
537 880
537 1023
538 595
538 633
538 704
538 802
538 804
538 814
538 825
538 955
538 958
539 569
539 720
539 790
540 595
540 620
540 743
540 802
540 822
540 999
541 544
541 551
541 615
541 643
541 724
541 754
541 798
541 820
541 828
541 833
541 877
541 900
541 909
541 1000
541 1015
542 662
542 688
542 742
542 745
542 809
542 814
542 815
542 917
542 975
542 997
542 1016
543 551
543 552
543 732
543 740
543 853
543 872
543 925
543 930
543 951
543 958
543 965
543 977
544 547
544 548
544 550
544 726
544 743
544 750
544 755
544 784
544 801
544 846
544 937
544 969
544 1013
545 657
545 746
545 797
545 849
545 855
545 921
545 972
546 621
546 660
546 732
546 751
546 790
546 921
546 980
546 1004
546 1014
547 598
547 639
547 662
547 721
547 728
547 763
547 773
547 783
547 853
547 863
547 960
547 980
547 992
548 588
548 657
548 692
548 696
548 810
548 878
548 972
548 1011
549 710
549 850
549 898
549 971
550 563
550 591
550 625
550 646
550 654
550 679
550 815
550 831
550 838
550 860
550 892
550 912
550 962
550 971
550 975
551 664
551 711
551 744
551 745
551 858
551 884
551 885
551 902
551 937
551 947
551 948
551 952
551 959
551 976
551 1014
552 602
552 697
552 831
552 954
552 970
553 615
553 746
553 854
553 900
553 920
553 1010
554 609
554 648
554 730
554 751
554 950
555 583
555 610
555 630
555 692
555 723
555 743
555 771
555 827
555 841
555 859
555 934
556 574
556 579
556 732
556 740
556 777
556 931
556 975
556 990
557 646
557 688
557 718
557 790
557 803
557 848
557 869
557 925
557 1006
558 573
558 595
558 695
558 777
558 882
558 895
558 932
558 947
558 968
558 981
558 984
559 601
559 678
559 718
559 719
559 755
559 785
559 813
559 886
559 955
560 573
560 642
560 648
560 891
560 924
560 928
560 944
561 603
561 750
561 800
561 807
561 837
561 925
562 564
562 717
562 757
562 775
562 843
562 845
562 849
562 1004
563 646
563 704
563 839
563 984
563 1007
563 1019
564 687
564 775
564 797
564 886
564 896
564 933
564 1000
565 573
565 646
565 667
565 907
565 953
565 955
565 976
565 999
565 1020
566 622
566 635
566 645
566 651
566 654
566 698
566 736
566 772
566 895
566 907
567 641
567 698
567 712
567 764
567 827
567 845
567 884
567 965
567 978
568 580
568 687
568 741
568 744
568 766
568 789
568 796
568 809
568 842
568 893
568 905
568 928
568 930
568 946
568 980
568 1003
569 600
569 684
569 703
569 711
569 980
569 1004
570 583
570 681
570 705
570 749
570 765
570 862
570 877
570 885
570 916
570 927
570 988
571 605
571 613
571 692
571 743
571 870
571 879
571 880
572 576
572 615
572 637
572 675
572 751
572 769
572 773
572 815
572 992
573 575
573 659
573 733
573 763
573 951
573 980
574 701
574 716
574 735
574 736
575 599
575 605
575 679
575 707
575 728
575 851
575 876
575 987
575 990
576 580
576 585
576 681
576 832
576 837
576 874
576 889
576 919
576 960
576 996
577 588
577 596
577 770
577 820
577 961
577 1021
578 650
578 722
578 810
578 946
579 639
579 703
579 827
579 956
579 987
580 642
580 754
580 989
580 1011
581 646
581 762
581 763
581 781
581 856
581 940
581 998
581 1023
582 592
582 691
582 790
582 795
582 817
582 961
583 586
583 625
583 773
583 780
583 874
583 916
583 923
583 985
583 1011
583 1021
584 637
584 655
584 889
584 905
584 945
584 968
584 972
584 1012
585 620
585 721
585 785
585 788
585 867
585 872
585 931
586 587
586 697
586 710
586 789
586 835
586 888
586 912
586 971
587 600
587 674
587 842
587 891
587 978
587 1012
588 608
588 621
588 645
588 666
588 745
588 788
588 849
588 907
588 913
588 973
588 1007
589 684
589 704
589 757
589 788
589 916
590 665
590 668
590 693
590 732
590 756
590 797
590 908
590 979
590 995
591 682
591 693
591 694
591 717
591 739
591 741
591 797
591 821
591 864
591 944
591 967
592 714
592 722
592 812
592 824
592 861
592 883
592 965
593 621
593 691
593 864
593 900
593 937
593 948
594 719
594 873
594 874
594 938
594 965
594 993
594 1009
595 676
595 694
595 700
595 705
595 851
595 867
595 921
595 923
595 976
595 998
596 703
596 788
596 813
596 816
596 840
596 869
596 1021
597 599
597 718
597 748
597 997
598 824
598 873
598 932
598 979
598 987
599 617
599 631
599 707
599 789
599 883
599 922
599 972
599 981
600 606
600 619
600 639
600 701
600 878
600 880
600 885
600 918
600 1006
601 608
601 619
601 752
601 835
601 918
601 1011
602 622
602 661
602 730
602 755
602 796
602 803
602 859
602 861
602 865
602 919
602 968
602 1000
603 614
603 664
603 672
603 674
603 678
603 712
603 781
603 840
603 885
603 982
604 721
604 875
604 876
604 880
604 906
604 962
605 639
605 646
605 673
605 837
605 886
605 908
605 932
605 937
605 950
605 983
605 1019
606 641
606 680
606 858
606 935
606 957
606 1006
607 631
607 715
607 728
607 763
607 856
607 937
607 947
607 987
608 654
608 885
609 675
609 679
609 709
609 720
609 816
609 826
609 879
609 955
610 636
610 667
610 689
610 698
610 788
610 840
610 977
610 996
611 626
611 647
611 744
611 795
611 815
611 853
611 962
611 985
611 1023
612 646
612 762
612 826
612 833
613 643
613 755
613 822
613 828
613 940
614 619
614 650
614 795
614 845
614 885
614 909
614 944
614 952
614 995
615 676
615 727
615 846
616 621
616 655
616 679
616 740
616 792
616 818
616 852
617 625
617 659
617 670
617 675
617 830
617 835
617 863
617 999
617 1001
617 1013
618 850
618 877
618 1015
619 742
619 849
619 907
619 918
619 969
619 985
620 691
620 699
620 719
620 753
620 779
620 793
620 802
621 727
621 748
621 765
621 794
621 798
621 814
621 820
621 841
621 916
621 996
622 668
622 745
622 752
622 755
623 645
623 651
623 687
623 731
623 733
623 750
623 758
623 815
623 825
623 876
623 981
623 1019
624 682
624 801
624 934
624 947
624 981
625 639
625 646
625 659
625 706
625 728
625 733
625 768
625 772
625 829
625 870
625 917
625 1023
626 757
626 881
626 1006
627 660
627 668
627 719
627 739
627 774
627 957
627 962
627 978
627 982
627 1003
628 737
628 738
628 913
628 925
628 1008
629 652
629 673
629 690
629 784
629 809
629 812
629 841
629 1003
629 1016
630 659
630 706
630 857
630 880
630 898
630 958
630 963
630 973
630 1003
631 649
631 690
631 708
631 731
631 799
631 809
631 895
631 942
632 728
632 848
632 869
632 879
632 887
632 904
632 950
632 954
632 975
632 980
633 667
633 728
633 808
633 890
633 924
633 960
633 968
633 979
633 1017
634 635
634 647
634 800
634 858
634 870
634 920
634 1008
635 731
635 908
636 651
636 662
636 709
636 743
636 855
636 976
636 1013
637 702
637 711
637 737
637 749
637 798
637 802
637 846
637 854
637 863
637 894
637 966
638 695
638 726
638 741
638 768
638 794
638 890
638 977
638 1004
639 709
639 797
639 801
639 840
639 850
639 913
640 718
640 728
640 761
640 769
640 777
640 793
640 796
640 957
641 667
641 690
641 719
641 745
641 805
641 824
641 828
641 844
641 900
641 941
641 1000
642 648
642 814
642 820
642 919
642 951
642 963
642 992
643 705
643 711
643 836
643 856
643 898
643 919
644 695
644 701
644 729
644 785
644 815
644 820
644 823
644 875
644 939
644 967
645 794
645 799
645 836
645 891
645 965
645 1014
646 732
646 795
646 821
646 829
646 832
646 950
646 961
646 972
647 725
647 771
647 899
647 933
648 689
648 697
648 723
648 724
648 958
649 658
649 674
649 690
649 701
649 789
649 806
649 924
649 1018
649 1023
650 761
650 803
650 824
650 928
651 685
651 701
651 708
651 718
651 917
651 956
651 972
651 977
651 979
652 674
652 708
652 715
652 805
652 950
652 996
652 1000
652 1001
653 772
653 792
653 875
653 914
653 965
653 1023
654 657
654 822
654 888
654 944
654 977
654 1005
654 1006
654 1012
655 756
655 833
655 848
655 849
655 939
655 985
656 734
656 740
656 756
656 770
656 795
656 811
656 881
656 924
656 965
656 991
657 770
657 798
657 815
657 987
657 991
657 1014
658 699
658 787
658 840
658 874
658 908
658 913
658 922
658 994
659 690
659 866
659 952
659 953
659 979
660 681
660 738
660 814
660 859
660 954
660 958
660 972
660 995
661 757
661 766
661 792
661 803
661 856
661 858
661 863
661 988
662 682
662 707
662 709
662 790
662 946
662 1012
662 1017
663 729
663 750
663 900
663 908
663 973
664 683
664 770
664 777
664 920
664 989
664 1005
665 709
665 734
665 769
665 823
665 909
665 923
665 925
666 698
666 792
666 805
666 855
666 875
666 898
666 904
667 750
667 830
667 832
668 675
668 734
668 750
668 799
668 803
668 841
668 854
668 954
668 966
668 986
668 995
669 746
669 778
669 790
669 889
669 909
669 979
669 982
670 719
670 759
670 808
670 880
670 888
670 901
670 905
670 932
671 674
671 759
671 796
671 898
671 909
671 1004
672 785
672 830
672 922
672 945
672 980
673 676
673 681
673 698
673 748
673 771
673 772
673 789
673 793
673 889
673 909
673 920
674 789
674 803
674 815
674 852
674 884
674 938
674 1008
675 735
675 777
675 873
675 920
675 924
675 956
676 839
676 1008
677 729
677 792
677 960
677 1022
678 704
678 737
678 754
678 847
678 856
678 1016
679 689
679 814
679 865
679 881
679 966
679 990
679 997
680 788
680 792
680 828
680 843
680 845
680 858
680 883
680 901
680 915
680 922
680 983
681 921
681 953
681 1003
682 817
682 860
682 882
682 909
682 918
682 1000
683 716
683 754
683 830
683 919
683 993
683 1007
684 685
684 724
684 730
684 742
684 816
684 840
684 850
685 817
685 868
685 908
685 941
686 689
686 786
686 809
686 830
686 880
686 883
686 992
686 1007
687 689
687 996
688 805
688 813
688 820
688 830
688 839
688 845
688 852
688 869
688 902
688 947
688 948
688 954
688 1005
689 742
689 842
689 969
689 1007
690 712
690 728
690 735
690 800
690 902
690 911
690 951
691 715
691 729
691 748
691 753
691 776
691 840
691 917
691 981
692 734
692 756
692 837
692 848
692 946
692 963
693 744
694 863
695 787
695 816
695 845
695 879
695 963
695 991
696 813
696 854
696 870
696 944
697 887
697 935
698 807
698 824
698 999
699 859
699 900
699 907
699 911
699 991
700 774
700 820
700 821
700 902
700 954
700 970
700 1007
701 746
701 850
701 903
701 984
701 1012
702 711
702 804
702 811
702 922
702 926
702 1011
703 715
703 770
703 931
703 957
703 972
704 710
704 772
704 793
704 852
704 858
704 960
704 1003
705 715
705 776
705 943
705 977
705 988
706 719
706 769
706 845
706 878
706 914
706 949
706 998
706 1002
706 1007
707 747
707 786
707 790
707 932
707 960
707 965
708 728
708 741
708 763
708 766
708 823
708 920
708 929
708 935
708 1007
708 1012
709 736
709 792
709 954
709 956
710 971
710 980
710 1002
711 737
711 748
711 783
711 891
711 942
711 991
712 737
712 811
712 812
712 857
712 867
712 1001
713 733
713 779
713 816
713 850
713 856
713 883
714 824
714 958
714 994
714 995
715 956
716 816
716 870
716 926
717 724
717 939
717 1011
718 722
719 770
719 784
719 838
719 845
719 922
719 970
720 735
720 788
720 859
720 889
720 902
720 913
720 928
720 929
720 989
721 815
721 828
721 936
721 969
721 971
722 787
722 833
722 837
722 885
722 928
722 995
723 724
723 780
723 786
723 878
723 975
723 986
724 800
724 836
724 877
725 726
725 923
725 933
725 953
725 979
725 1004
726 730
726 774
726 778
726 841
726 867
726 1019
726 1021
727 757
727 778
727 823
727 940
727 966
728 737
728 793
728 934
728 996
728 1004
729 743
729 797
729 859
729 900
729 971
729 978
729 1005
729 1015
730 734
730 746
730 771
730 778
730 939
730 998
730 1000
730 1010
730 1015
731 739
731 772
731 784
731 822
731 871
732 792
732 847
732 870
732 903
732 940
733 772
733 827
733 849
733 861
733 912
733 952
733 981
734 824
734 842
734 1000
735 767
735 783
735 821
735 995
737 819
737 838
737 861
737 874
737 889
737 892
737 915
738 762
738 821
738 823
739 784
739 884
739 952
740 761
740 774
740 960
740 965
740 966
741 877
742 751
742 784
742 821
742 833
742 895
743 748
743 764
743 777
743 856
743 912
743 956
743 969
744 807
744 884
744 935
745 786
745 869
745 923
745 944
746 794
746 808
746 810
746 822
746 900
746 902
746 937
747 802
747 814
747 884
747 899
747 924
747 969
747 1011
748 766
748 803
748 804
748 828
748 831
748 840
748 881
748 923
749 886
749 887
749 940
749 960
749 965
750 1014
751 821
751 850
751 947
752 854
752 877
752 895
752 936
752 949
752 962
752 985
753 792
753 957
754 762
754 769
754 773
754 785
754 844
754 915
754 920
754 936
755 812
755 855
755 972
755 1023
756 809
756 834
756 889
756 916
756 986
756 987
756 997
757 794
757 844
757 861
757 943
758 828
758 843
758 856
758 934
758 983
758 1010
759 785
759 821
759 848
759 881
759 969
760 915
760 1000
761 789
761 846
761 971
761 978
761 999
762 766
762 781
762 924
762 953
762 958
762 979
762 988
762 994
763 800
763 852
763 918
763 919
763 925
764 776
764 781
764 831
764 853
764 869
764 951
764 969
764 998
765 782
765 787
765 799
765 841
765 844
766 777
766 787
766 811
766 869
766 953
767 791
767 797
767 799
767 837
767 883
767 907
768 782
768 794
768 803
768 819
768 824
768 840
768 862
768 897
768 898
768 1016
769 781
769 796
769 832
769 876
769 938
769 960
769 990
770 902
770 1007
771 851
771 896
771 915
771 927
771 944
772 794
772 846
772 952
772 996
773 826
773 877
774 793
774 1023
775 808
775 849
775 930
775 978
775 989
775 1001
776 815
776 846
776 1009
777 789
777 839
777 1011
778 810
778 956
778 1007
778 1023
779 807
779 904
779 942
780 874
780 912
780 921
780 957
780 959
780 965
780 1019
781 804
781 824
781 866
781 883
781 895
781 988
781 993
782 809
782 860
782 868
782 870
782 880
782 894
782 966
783 838
783 864
783 865
783 913
783 930
783 1009
784 827
784 884
784 901
784 1016
785 840
785 867
785 918
786 811
786 828
786 846
786 891
786 909
786 921
786 973
786 978
786 979
786 998
786 1012
787 847
787 870
787 897
787 944
787 975
787 976
787 1011
787 1012
788 872
788 955
788 996
789 823
789 1021
790 895
790 958
790 1018
790 1020
791 822
791 865
791 911
791 938
791 960
791 998
792 857
792 996
793 800
793 864
793 922
793 959
793 961
793 1014
794 885
794 975
794 1019
795 894
796 874
796 875
796 964
797 799
797 807
797 821
797 868
797 900
797 915
798 848
798 940
799 813
799 819
799 857
799 922
800 822
800 903
800 915
800 989
801 853
801 862
802 884
802 897
802 934
803 887
803 900
803 925
803 965
803 967
804 806
804 836
804 874
804 894
804 959
804 977
805 900
805 907
805 959
805 963
805 970
805 981
805 992
806 999
807 963
807 972
808 810
808 847
808 882
809 832
809 920
809 960
809 972
810 888
810 951
811 820
811 875
811 878
811 919
811 1022
812 1004
813 928
813 969
814 831
814 889
814 890
814 942
814 967
815 898
815 1020
816 857
816 917
816 939
816 1010
817 896
817 904
817 1003
818 832
818 902
818 1008
818 1018
819 845
819 846
819 879
819 914
819 1008
820 855
820 863
820 912
820 920
820 922
820 978
821 823
821 873
821 876
821 956
821 978
821 1015
822 842
822 904
822 912
822 924
823 870
823 963
823 998
824 1000
825 860
825 922
825 971
825 996
826 875
826 894
827 845
827 864
827 873
827 929
827 940
827 955
827 963
827 1012
828 843
828 883
828 893
828 1013
829 833
829 890
829 902
829 926
830 945
831 991
831 997
833 848
833 875
833 904
833 961
833 989
834 944
835 843
835 888
835 907
835 1005
835 1023
836 871
836 875
836 942
837 905
837 957
837 985
838 844
838 853
838 860
838 922
838 931
838 956
839 890
839 1014
840 887
841 884
841 968
841 1008
842 860
842 897
842 1020
843 927
843 1020
844 848
844 931
845 873
845 947
846 899
846 904
846 989
847 881
847 963
848 996
849 898
849 903
849 960
850 906
850 911
851 959
852 870
853 986
853 988
853 1001
854 858
854 884
854 895
854 969
854 981
855 897
855 1016
856 869
857 1007
857 1008
858 1008
859 880
859 891
859 936
860 887
861 906
862 898
862 929
862 946
862 953
862 982
863 913
864 884
864 993
865 880
865 939
865 979
865 1015
865 1022
866 892
866 899
866 931
866 967
866 993
867 954
868 991
868 996
869 912
869 976
870 989
870 990
871 883
871 903
871 925
871 950
872 920
872 932
872 1014
873 878
873 892
873 915
873 955
874 983
874 987
875 958
875 984
876 878
876 884
877 883
878 925
878 941
878 982
879 993
880 882
880 900
880 939
880 991
881 929
881 957
881 963
883 1023
884 937
884 981
885 964
887 946
888 931
889 902
889 979
890 896
890 916
890 935
890 957
890 1005
891 914
891 943
892 1015
893 932
893 1000
894 901
895 990
896 898
896 1013
896 1023
897 964
897 1001
898 911
898 940
898 960
898 1023
899 910
899 919
899 925
899 963
900 963
901 950
901 955
901 997
901 1003
902 929
902 978
902 988
902 1023
904 938
905 995
906 940
907 908
907 918
907 969
908 910
908 949
910 949
910 1008
911 976
912 951
913 979
914 1004
915 974
915 994
916 922
916 934
916 970
916 984
916 1000
918 962
919 970
919 1006
920 979
921 979
921 1016
922 931
922 940
923 931
924 984
925 975
927 931
927 936
927 940
927 950
927 1012
928 960
928 979
930 969
932 998
932 1019
935 939
935 951
935 955
936 945
936 950
936 986
938 969
939 980
939 993
939 1013
940 945
941 976
941 1012
942 965
943 952
943 990
943 998
944 1017
945 1021
946 982
947 971
948 972
948 1011
950 973
950 988
950 997
955 996
956 1003
957 1005
958 966
958 996
961 1008
962 977
962 1009
966 1001
967 996
968 994
968 1011
969 998
969 1009
976 990
980 1009
981 996
982 999
983 984
987 990
990 995
990 1019
991 998
995 1005
997 1020
999 1012
1000 1011
1002 1007
1002 1011
1005 1017
1010 1018
1016 1019
