0 10
0 11
0 12
0 13
0 15
0 16
0 19
0 22
0 23
0 24
0 25
0 29
0 34
0 35
0 41
0 42
0 50
0 52
0 62
0 67
0 72
0 73
0 89
0 90
0 97
0 119
0 140
0 150
0 162
0 174
0 177
0 185
0 194
0 196
0 208
0 219
0 220
0 224
0 229
0 231
0 239
0 254
0 267
0 286
0 291
0 300
0 301
0 302
0 319
0 325
0 330
0 331
0 341
0 344
0 380
0 409
0 411
0 413
0 472
0 483
0 488
0 503
0 541
0 551
0 553
0 567
0 571
0 596
0 609
0 642
0 692
0 693
0 698
0 710
0 712
0 735
0 739
0 743
0 757
0 798
0 819
0 847
0 853
0 857
0 884
0 901
0 908
0 921
0 948
0 959
0 966
0 991
0 995
0 996
0 999
0 1008
1 10
1 11
1 12
1 13
1 14
1 16
1 19
1 21
1 32
1 38
1 43
1 48
1 49
1 50
1 68
1 73
1 76
1 93
1 94
1 101
1 114
1 136
1 140
1 148
1 178
1 179
1 199
1 201
1 205
1 255
1 273
1 330
1 346
1 394
1 429
1 499
1 500
1 503
1 511
1 590
1 621
1 638
1 647
1 710
1 740
1 807
1 826
1 852
1 875
1 889
2 10
2 11
2 12
2 13
2 14
2 15
2 16
2 17
2 18
2 19
2 20
2 21
2 29
2 39
2 43
2 44
2 47
2 54
2 58
2 65
2 66
2 69
2 72
2 74
2 79
2 80
2 93
2 96
2 104
2 112
2 113
2 116
2 119
2 123
2 124
2 133
2 137
2 141
2 144
2 152
2 165
2 175
2 180
2 187
2 188
2 199
2 206
2 210
2 215
2 234
2 235
2 237
2 240
2 241
2 243
2 245
2 250
2 253
2 264
2 270
2 279
2 281
2 294
2 296
2 310
2 321
2 323
2 332
2 355
2 361
2 371
2 375
2 376
2 377
2 378
2 383
2 385
2 388
2 397
2 406
2 441
2 444
2 447
2 451
2 452
2 460
2 461
2 469
2 487
2 501
2 504
2 519
2 524
2 528
2 557
2 558
2 578
2 587
2 593
2 615
2 621
2 623
2 638
2 648
2 652
2 657
2 666
2 676
2 693
2 699
2 704
2 709
2 711
2 728
2 731
2 749
2 752
2 754
2 767
2 769
2 771
2 798
2 812
2 816
2 846
2 847
2 848
2 860
2 873
2 894
2 896
2 914
2 919
2 938
2 942
2 945
2 953
2 962
2 971
2 977
2 985
2 991
2 1020
3 10
3 11
3 14
3 15
3 17
3 32
3 42
3 56
3 59
3 61
3 62
3 70
3 87
3 148
3 154
3 166
3 180
3 231
3 251
3 261
3 266
3 276
3 279
3 318
3 370
3 374
3 415
3 483
3 584
3 771
3 792
3 894
3 997
4 10
4 11
4 12
4 13
4 14
4 17
4 18
4 20
4 23
4 24
4 26
4 33
4 41
4 46
4 59
4 91
4 93
4 104
4 108
4 117
4 125
4 145
4 150
4 157
4 165
4 185
4 215
4 230
4 284
4 305
4 325
4 368
4 369
4 382
4 388
4 467
4 476
4 507
4 531
4 532
4 540
4 546
4 556
4 604
4 608
4 639
4 663
4 670
4 676
4 718
4 769
4 778
4 795
4 847
4 860
4 917
4 980
4 995
4 998
4 1000
5 10
5 12
5 13
5 16
5 18
5 19
5 21
5 22
5 29
5 39
5 40
5 44
5 45
5 47
5 48
5 56
5 72
5 78
5 81
5 87
5 88
5 90
5 91
5 93
5 97
5 108
5 110
5 111
5 113
5 119
5 120
5 144
5 154
5 158
5 162
5 164
5 165
5 176
5 177
5 192
5 223
5 239
5 246
5 249
5 256
5 257
5 264
5 275
5 293
5 348
5 351
5 359
5 360
5 389
5 406
5 417
5 420
5 425
5 470
5 482
5 483
5 498
5 533
5 548
5 603
5 604
5 609
5 614
5 622
5 629
5 649
5 666
5 695
5 703
5 747
5 748
5 750
5 773
5 775
5 779
5 795
5 815
5 818
5 834
5 840
5 860
5 874
5 878
5 896
6 10
6 11
6 12
6 14
6 15
6 16
6 18
6 20
6 21
6 22
6 23
6 25
6 28
6 29
6 34
6 36
6 40
6 43
6 44
6 49
6 50
6 53
6 54
6 60
6 65
6 66
6 73
6 75
6 81
6 82
6 83
6 87
6 88
6 92
6 101
6 109
6 123
6 134
6 136
6 141
6 143
6 150
6 154
6 155
6 164
6 165
6 166
6 174
6 175
6 181
6 188
6 200
6 207
6 224
6 225
6 235
6 242
6 246
6 277
6 281
6 282
6 292
6 296
6 303
6 305
6 308
6 310
6 317
6 348
6 350
6 351
6 360
6 384
6 389
6 417
6 427
6 435
6 441
6 446
6 453
6 454
6 457
6 464
6 477
6 501
6 512
6 524
6 546
6 558
6 566
6 583
6 616
6 624
6 639
6 659
6 671
6 682
6 690
6 702
6 732
6 738
6 741
6 745
6 763
6 801
6 829
6 834
6 845
6 922
6 940
6 943
6 950
6 987
6 1005
6 1012
6 1020
7 10
7 11
7 12
7 17
7 23
7 28
7 31
7 35
7 40
7 42
7 45
7 46
7 49
7 51
7 52
7 60
7 63
7 70
7 81
7 96
7 101
7 118
7 151
7 190
7 196
7 202
7 205
7 233
7 257
7 267
7 280
7 283
7 311
7 330
7 350
7 363
7 389
7 415
7 471
7 487
7 512
7 534
7 573
7 581
7 585
7 604
7 606
7 617
7 627
7 633
7 636
7 651
7 654
7 698
7 727
7 733
7 771
7 862
7 899
7 913
7 914
8 10
8 11
8 13
8 14
8 25
8 27
8 34
8 37
8 38
8 43
8 46
8 51
8 76
8 79
8 82
8 84
8 88
8 100
8 104
8 140
8 160
8 175
8 176
8 177
8 287
8 334
8 377
8 391
8 451
8 474
8 483
8 492
8 501
8 512
8 537
8 553
8 599
8 613
8 639
8 757
8 778
8 805
8 873
8 880
8 883
8 936
9 10
9 11
9 12
9 13
9 15
9 17
9 18
9 29
9 30
9 38
9 41
9 52
9 57
9 59
9 67
9 76
9 102
9 103
9 116
9 128
9 136
9 143
9 182
9 184
9 208
9 210
9 222
9 253
9 370
9 400
9 416
9 421
9 448
9 481
9 548
9 559
9 610
9 696
9 723
9 777
9 778
9 795
9 801
9 1019
10 11
10 12
10 13
10 14
10 15
10 16
10 17
10 18
10 20
10 21
10 22
10 24
10 25
10 26
10 27
10 28
10 29
10 30
10 31
10 33
10 34
10 36
10 37
10 39
10 41
10 42
10 44
10 46
10 49
10 53
10 55
10 58
10 61
10 62
10 64
10 70
10 82
10 84
10 85
10 89
10 92
10 94
10 97
10 98
10 101
10 104
10 105
10 106
10 108
10 111
10 120
10 126
10 127
10 128
10 129
10 131
10 137
10 139
10 153
10 164
10 167
10 169
10 178
10 183
10 184
10 193
10 217
10 224
10 229
10 244
10 252
10 268
10 272
10 289
10 299
10 309
10 310
10 322
10 329
10 334
10 339
10 341
10 344
10 358
10 359
10 365
10 367
10 373
10 375
10 385
10 391
10 393
10 394
10 397
10 403
10 409
10 415
10 428
10 434
10 450
10 454
10 456
10 458
10 472
10 478
10 488
10 498
10 508
10 511
10 515
10 517
10 522
10 542
10 544
10 547
10 550
10 555
10 567
10 595
10 609
10 613
10 614
10 619
10 625
10 628
10 640
10 645
10 646
10 647
10 655
10 674
10 685
10 726
10 734
10 749
10 773
10 782
10 787
10 790
10 799
10 809
10 818
10 819
10 824
10 843
10 844
10 848
10 867
10 881
10 886
10 900
10 901
10 908
10 924
10 936
10 959
10 976
10 988
10 989
11 12
11 13
11 14
11 15
11 16
11 17
11 18
11 19
11 20
11 21
11 23
11 24
11 25
11 26
11 28
11 30
11 31
11 35
11 37
11 38
11 40
11 41
11 43
11 46
11 53
11 59
11 61
11 62
11 66
11 71
11 80
11 84
11 87
11 89
11 93
11 96
11 104
11 109
11 110
11 115
11 120
11 122
11 123
11 124
11 131
11 133
11 136
11 137
11 140
11 144
11 151
11 152
11 159
11 168
11 170
11 183
11 187
11 193
11 196
11 199
11 202
11 204
11 211
11 215
11 219
11 224
11 227
11 228
11 236
11 248
11 253
11 256
11 283
11 284
11 285
11 309
11 318
11 335
11 364
11 366
11 368
11 373
11 378
11 391
11 405
11 407
11 409
11 420
11 427
11 429
11 456
11 457
11 458
11 466
11 473
11 475
11 480
11 488
11 490
11 510
11 513
11 518
11 520
11 523
11 526
11 531
11 535
11 536
11 541
11 552
11 575
11 579
11 602
11 615
11 624
11 626
11 638
11 664
11 665
11 697
11 709
11 714
11 733
11 748
11 775
11 801
11 827
11 841
11 862
11 869
11 880
11 881
11 900
11 929
11 951
11 953
11 959
11 960
11 969
11 984
11 998
11 1006
11 1008
12 13
12 14
12 15
12 16
12 17
12 18
12 19
12 20
12 21
12 22
12 23
12 24
12 25
12 27
12 28
12 34
12 36
12 37
12 38
12 39
12 40
12 42
12 46
12 47
12 50
12 51
12 56
12 64
12 71
12 74
12 76
12 79
12 81
12 83
12 86
12 92
12 95
12 110
12 112
12 120
12 121
12 126
12 132
12 137
12 139
12 141
12 143
12 147
12 155
12 156
12 159
12 198
12 202
12 212
12 215
12 218
12 236
12 237
12 241
12 255
12 275
12 277
12 283
12 284
12 295
12 309
12 312
12 327
12 329
12 332
12 334
12 355
12 362
12 365
12 379
12 380
12 392
12 406
12 422
12 423
12 429
12 450
12 452
12 469
12 479
12 492
12 499
12 506
12 513
12 518
12 519
12 539
12 543
12 547
12 549
12 551
12 555
12 557
12 563
12 574
12 600
12 601
12 606
12 610
12 618
12 624
12 627
12 628
12 655
12 656
12 658
12 675
12 679
12 682
12 685
12 700
12 715
12 719
12 721
12 725
12 744
12 747
12 748
12 761
12 765
12 784
12 793
12 796
12 806
12 813
12 815
12 828
12 835
12 844
12 871
12 875
12 895
12 934
12 974
12 985
12 1000
12 1003
12 1011
13 14
13 15
13 16
13 19
13 20
13 21
13 22
13 27
13 30
13 41
13 45
13 49
13 51
13 55
13 61
13 67
13 69
13 70
13 75
13 77
13 80
13 81
13 83
13 88
13 92
13 93
13 104
13 106
13 107
13 109
13 113
13 114
13 118
13 128
13 130
13 136
13 145
13 153
13 154
13 161
13 179
13 183
13 185
13 189
13 191
13 192
13 198
13 202
13 204
13 205
13 213
13 219
13 225
13 252
13 260
13 270
13 278
13 282
13 292
13 302
13 312
13 318
13 322
13 330
13 359
13 366
13 372
13 373
13 389
13 390
13 391
13 419
13 449
13 493
13 496
13 500
13 504
13 514
13 523
13 525
13 550
13 559
13 578
13 583
13 610
13 611
13 613
13 631
13 634
13 645
13 664
13 669
13 674
13 678
13 749
13 766
13 779
13 791
13 800
13 804
13 821
13 844
13 848
13 853
13 864
13 885
13 895
13 904
13 939
13 942
13 952
13 959
13 962
13 963
13 969
13 980
13 1003
13 1014
14 15
14 16
14 18
14 19
14 22
14 23
14 24
14 26
14 30
14 31
14 34
14 38
14 43
14 44
14 45
14 50
14 53
14 56
14 61
14 64
14 65
14 66
14 75
14 76
14 82
14 86
14 91
14 98
14 109
14 114
14 121
14 122
14 127
14 132
14 144
14 150
14 152
14 168
14 171
14 190
14 191
14 213
14 226
14 229
14 247
14 258
14 266
14 292
14 294
14 297
14 300
14 302
14 303
14 305
14 322
14 336
14 341
14 352
14 355
14 356
14 357
14 361
14 363
14 367
14 369
14 372
14 392
14 393
14 406
14 409
14 413
14 426
14 437
14 442
14 443
14 455
14 498
14 505
14 510
14 513
14 522
14 536
14 548
14 555
14 565
14 581
14 585
14 587
14 603
14 612
14 619
14 635
14 666
14 671
14 706
14 709
14 717
14 725
14 727
14 736
14 756
14 769
14 785
14 798
14 811
14 813
14 814
14 815
14 843
14 850
14 871
14 882
14 885
14 888
14 900
14 959
14 1014
14 1019
14 1023
15 17
15 19
15 20
15 27
15 29
15 30
15 37
15 38
15 45
15 48
15 52
15 56
15 65
15 68
15 75
15 79
15 83
15 84
15 146
15 153
15 163
15 177
15 194
15 197
15 226
15 233
15 235
15 243
15 246
15 262
15 278
15 296
15 298
15 305
15 309
15 312
15 328
15 330
15 383
15 386
15 402
15 456
15 469
15 473
15 510
15 522
15 578
15 628
15 631
15 638
15 644
15 664
15 706
15 715
15 722
15 779
15 815
15 857
15 886
15 897
15 902
15 986
15 1001
16 17
16 18
16 19
16 20
16 21
16 25
16 26
16 33
16 34
16 35
16 36
16 37
16 40
16 45
16 48
16 51
16 62
16 64
16 69
16 73
16 77
16 91
16 96
16 97
16 103
16 110
16 113
16 116
16 127
16 130
16 146
16 151
16 154
16 169
16 176
16 189
16 191
16 199
16 217
16 223
16 253
16 254
16 261
16 273
16 276
16 288
16 331
16 333
16 339
16 343
16 361
16 412
16 414
16 419
16 440
16 442
16 445
16 449
16 470
16 472
16 473
16 481
16 510
16 513
16 519
16 566
16 570
16 572
16 586
16 597
16 600
16 624
16 640
16 643
16 656
16 658
16 674
16 689
16 692
16 698
16 748
16 764
16 789
16 803
16 814
16 822
16 849
16 909
16 975
16 985
16 991
17 20
17 22
17 26
17 27
17 31
17 32
17 39
17 42
17 43
17 44
17 49
17 50
17 55
17 61
17 67
17 69
17 70
17 71
17 79
17 88
17 98
17 101
17 105
17 106
17 114
17 125
17 128
17 140
17 156
17 158
17 195
17 197
17 198
17 204
17 213
17 218
17 223
17 228
17 235
17 238
17 239
17 246
17 247
17 256
17 264
17 272
17 281
17 316
17 328
17 331
17 340
17 345
17 358
17 362
17 384
17 386
17 390
17 420
17 439
17 441
17 443
17 455
17 501
17 518
17 540
17 553
17 559
17 578
17 598
17 604
17 622
17 624
17 642
17 663
17 704
17 730
17 737
17 751
17 755
17 770
17 778
17 780
17 782
17 790
17 821
17 825
17 834
17 863
17 881
17 906
17 933
17 1011
18 23
18 24
18 26
18 29
18 32
18 34
18 35
18 38
18 47
18 51
18 55
18 56
18 57
18 74
18 80
18 85
18 86
18 87
18 88
18 99
18 108
18 112
18 113
18 115
18 116
18 119
18 120
18 127
18 128
18 138
18 141
18 145
18 148
18 157
18 171
18 179
18 186
18 192
18 201
18 203
18 212
18 216
18 221
18 230
18 236
18 246
18 254
18 255
18 257
18 260
18 274
18 275
18 289
18 291
18 294
18 297
18 314
18 319
18 328
18 342
18 347
18 359
18 363
18 371
18 381
18 388
18 401
18 410
18 411
18 412
18 427
18 432
18 460
18 483
18 503
18 505
18 557
18 560
18 581
18 593
18 613
18 616
18 620
18 647
18 665
18 677
18 688
18 703
18 704
18 708
18 739
18 773
18 789
18 802
18 816
18 832
18 843
18 851
18 861
18 877
18 886
18 943
18 951
18 984
18 994
18 1015
19 25
19 30
19 31
19 34
19 36
19 43
19 47
19 48
19 54
19 57
19 60
19 62
19 77
19 83
19 84
19 86
19 111
19 116
19 117
19 134
19 149
19 190
19 195
19 223
19 244
19 245
19 266
19 285
19 307
19 318
19 327
19 350
19 385
19 404
19 405
19 410
19 427
19 442
19 448
19 542
19 585
19 610
19 657
19 659
19 682
19 696
19 729
19 766
19 770
19 775
19 779
19 859
19 863
19 876
19 917
19 925
19 1013
19 1015
19 1016
20 21
20 22
20 23
20 24
20 25
20 29
20 30
20 31
20 32
20 41
20 45
20 47
20 49
20 54
20 57
20 60
20 63
20 64
20 65
20 67
20 68
20 70
20 74
20 78
20 79
20 86
20 92
20 96
20 98
20 102
20 104
20 136
20 157
20 160
20 162
20 166
20 177
20 185
20 189
20 191
20 194
20 197
20 200
20 203
20 213
20 220
20 239
20 247
20 250
20 251
20 260
20 263
20 278
20 286
20 300
20 352
20 358
20 368
20 399
20 422
20 428
20 436
20 454
20 455
20 457
20 463
20 515
20 538
20 573
20 574
20 596
20 639
20 664
20 698
20 705
20 741
20 760
20 773
20 786
20 803
20 807
20 828
20 834
20 846
20 863
20 888
20 900
20 925
20 947
20 963
20 993
20 1000
21 22
21 23
21 25
21 26
21 28
21 33
21 35
21 36
21 47
21 52
21 54
21 65
21 67
21 69
21 74
21 107
21 116
21 118
21 134
21 141
21 143
21 158
21 171
21 176
21 184
21 190
21 200
21 202
21 217
21 234
21 267
21 271
21 289
21 300
21 305
21 307
21 309
21 312
21 335
21 342
21 345
21 365
21 366
21 367
21 379
21 380
21 382
21 384
21 397
21 408
21 412
21 417
21 422
21 441
21 443
21 451
21 466
21 474
21 490
21 491
21 499
21 500
21 522
21 525
21 527
21 538
21 546
21 572
21 588
21 618
21 625
21 636
21 662
21 666
21 676
21 694
21 699
21 765
21 769
21 783
21 804
21 825
21 836
21 867
21 868
21 889
21 1003
21 1004
21 1013
22 24
22 26
22 27
22 29
22 31
22 33
22 35
22 39
22 41
22 43
22 48
22 53
22 56
22 63
22 67
22 69
22 71
22 82
22 86
22 88
22 89
22 90
22 91
22 92
22 102
22 107
22 131
22 133
22 134
22 135
22 140
22 145
22 146
22 147
22 167
22 177
22 179
22 186
22 188
22 193
22 206
22 217
22 238
22 264
22 274
22 301
22 302
22 310
22 311
22 318
22 329
22 333
22 336
22 343
22 365
22 374
22 378
22 383
22 389
22 403
22 408
22 449
22 464
22 479
22 497
22 507
22 518
22 519
22 521
22 522
22 546
22 555
22 566
22 608
22 623
22 626
22 635
22 644
22 653
22 661
22 687
22 696
22 709
22 721
22 741
22 776
22 814
22 845
22 855
22 866
22 891
22 925
22 946
22 996
22 998
22 1003
22 1022
23 24
23 26
23 27
23 28
23 32
23 33
23 35
23 37
23 39
23 47
23 48
23 53
23 58
23 60
23 61
23 63
23 68
23 78
23 100
23 138
23 154
23 166
23 170
23 177
23 180
23 187
23 188
23 201
23 219
23 226
23 245
23 261
23 270
23 288
23 296
23 338
23 349
23 352
23 390
23 397
23 406
23 410
23 413
23 461
23 468
23 469
23 471
23 486
23 534
23 549
23 582
23 594
23 631
23 643
23 644
23 655
23 660
23 687
23 690
23 703
23 708
23 730
23 748
23 759
23 774
23 817
23 830
23 855
23 868
23 900
23 911
23 913
23 970
23 993
23 1006
23 1015
24 27
24 30
24 31
24 33
24 39
24 53
24 56
24 67
24 85
24 97
24 108
24 123
24 132
24 135
24 160
24 162
24 170
24 178
24 184
24 198
24 206
24 207
24 211
24 212
24 221
24 244
24 259
24 267
24 286
24 303
24 307
24 336
24 349
24 350
24 372
24 380
24 408
24 411
24 423
24 455
24 461
24 464
24 532
24 548
24 562
24 584
24 609
24 632
24 635
24 802
24 873
24 874
24 887
24 915
24 927
24 986
25 27
25 28
25 32
25 33
25 36
25 37
25 45
25 65
25 66
25 68
25 85
25 89
25 91
25 93
25 102
25 110
25 115
25 122
25 128
25 133
25 151
25 190
25 202
25 233
25 241
25 250
25 269
25 283
25 285
25 294
25 297
25 298
25 335
25 341
25 349
25 376
25 382
25 385
25 386
25 416
25 453
25 473
25 507
25 516
25 517
25 540
25 561
25 584
25 644
25 677
25 699
25 709
25 720
25 783
25 835
25 866
25 868
25 906
25 911
25 940
25 955
25 1014
26 28
26 36
26 39
26 42
26 43
26 46
26 48
26 51
26 52
26 53
26 55
26 59
26 60
26 63
26 65
26 76
26 77
26 84
26 85
26 90
26 97
26 99
26 105
26 108
26 117
26 127
26 129
26 130
26 131
26 144
26 157
26 167
26 176
26 187
26 196
26 230
26 231
26 236
26 241
26 252
26 254
26 279
26 290
26 294
26 328
26 336
26 337
26 341
26 344
26 371
26 373
26 391
26 411
26 416
26 420
26 446
26 455
26 463
26 473
26 476
26 478
26 479
26 495
26 498
26 501
26 513
26 539
26 562
26 571
26 578
26 597
26 598
26 615
26 626
26 627
26 654
26 671
26 698
26 717
26 740
26 772
26 841
26 866
26 874
26 926
26 937
26 943
26 960
26 968
26 970
26 974
26 1000
26 1001
26 1014
26 1023
27 28
27 31
27 57
27 69
27 79
27 105
27 108
27 119
27 121
27 123
27 134
27 140
27 143
27 146
27 147
27 157
27 198
27 201
27 204
27 241
27 247
27 255
27 268
27 287
27 294
27 307
27 313
27 316
27 319
27 321
27 327
27 363
27 364
27 369
27 370
27 402
27 467
27 474
27 479
27 489
27 534
27 537
27 538
27 562
27 564
27 576
27 592
27 612
27 616
27 620
27 637
27 640
27 641
27 648
27 655
27 669
27 676
27 681
27 691
27 695
27 712
27 749
27 757
27 759
27 781
27 813
27 829
27 834
27 840
27 849
27 852
27 863
27 909
27 923
27 964
27 988
27 995
28 30
28 32
28 33
28 47
28 55
28 57
28 64
28 73
28 74
28 76
28 78
28 82
28 87
28 94
28 96
28 98
28 112
28 113
28 117
28 122
28 123
28 133
28 134
28 145
28 148
28 153
28 164
28 175
28 182
28 192
28 203
28 216
28 230
28 261
28 273
28 278
28 284
28 288
28 297
28 305
28 306
28 346
28 356
28 371
28 403
28 405
28 406
28 417
28 434
28 442
28 464
28 495
28 496
28 497
28 513
28 548
28 551
28 564
28 574
28 594
28 632
28 643
28 662
28 682
28 692
28 715
28 718
28 724
28 730
28 761
28 768
28 772
28 869
28 885
28 919
28 951
28 982
28 995
28 1010
29 32
29 36
29 41
29 56
29 62
29 67
29 72
29 73
29 75
29 82
29 88
29 92
29 109
29 112
29 115
29 126
29 151
29 152
29 157
29 164
29 189
29 207
29 209
29 237
29 249
29 259
29 291
29 314
29 400
29 418
29 420
29 428
29 439
29 463
29 466
29 467
29 511
29 526
29 554
29 579
29 600
29 668
29 740
29 754
29 780
29 883
29 896
29 933
29 940
29 956
30 33
30 35
30 38
30 42
30 44
30 61
30 64
30 70
30 71
30 73
30 74
30 75
30 90
30 105
30 107
30 112
30 117
30 124
30 130
30 142
30 183
30 222
30 243
30 291
30 310
30 361
30 365
30 382
30 422
30 425
30 442
30 446
30 465
30 475
30 477
30 478
30 494
30 538
30 562
30 563
30 575
30 603
30 705
30 707
30 710
30 713
30 739
30 778
30 813
30 822
30 837
30 882
30 896
30 906
30 1009
31 32
31 38
31 40
31 42
31 45
31 46
31 49
31 51
31 54
31 57
31 58
31 59
31 63
31 70
31 72
31 75
31 77
31 80
31 81
31 100
31 102
31 111
31 112
31 125
31 144
31 160
31 174
31 184
31 186
31 192
31 208
31 223
31 239
31 242
31 258
31 271
31 286
31 290
31 293
31 324
31 337
31 340
31 352
31 378
31 379
31 397
31 398
31 413
31 501
31 504
31 532
31 570
31 585
31 615
31 715
31 787
31 820
31 871
31 941
31 971
31 985
31 1004
32 34
32 35
32 37
32 44
32 47
32 48
32 53
32 65
32 68
32 87
32 95
32 116
32 117
32 119
32 125
32 132
32 139
32 162
32 167
32 199
32 221
32 242
32 283
32 336
32 346
32 347
32 375
32 393
32 394
32 425
32 426
32 440
32 443
32 446
32 450
32 467
32 480
32 492
32 510
32 566
32 574
32 609
32 648
32 672
32 683
32 726
32 738
32 752
32 762
32 775
32 780
32 796
32 798
32 869
32 892
32 922
32 953
32 964
32 999
32 1023
33 40
33 68
33 73
33 86
33 89
33 115
33 161
33 172
33 173
33 204
33 232
33 249
33 253
33 340
33 363
33 368
33 370
33 381
33 407
33 478
33 532
33 587
33 596
33 599
33 643
33 718
33 727
33 743
33 759
33 809
33 929
33 948
33 974
34 39
34 46
34 50
34 57
34 58
34 82
34 88
34 92
34 98
34 134
34 144
34 158
34 177
34 188
34 195
34 220
34 250
34 254
34 258
34 274
34 306
34 316
34 333
34 340
34 343
34 344
34 358
34 365
34 442
34 460
34 489
34 506
34 553
34 730
34 772
34 808
34 830
34 840
34 854
34 859
34 865
34 875
34 915
34 918
34 945
34 970
34 982
35 36
35 37
35 40
35 42
35 49
35 52
35 54
35 64
35 66
35 70
35 90
35 101
35 105
35 108
35 109
35 113
35 121
35 122
35 124
35 126
35 127
35 130
35 131
35 134
35 137
35 139
35 214
35 222
35 245
35 263
35 284
35 312
35 318
35 350
35 351
35 372
35 381
35 418
35 443
35 452
35 482
35 498
35 523
35 567
35 608
35 610
35 611
35 613
35 637
35 654
35 672
35 690
35 706
35 730
35 743
35 749
35 769
35 807
35 864
35 888
35 889
35 891
35 935
35 971
35 986
35 1011
36 45
36 49
36 54
36 58
36 59
36 72
36 74
36 83
36 98
36 100
36 117
36 118
36 130
36 132
36 133
36 137
36 147
36 157
36 214
36 220
36 244
36 255
36 272
36 274
36 277
36 298
36 378
36 400
36 405
36 408
36 419
36 447
36 462
36 552
36 554
36 573
36 583
36 592
36 601
36 637
36 707
36 761
36 775
36 784
36 837
36 839
36 872
36 966
36 978
36 997
37 66
37 176
37 214
37 241
37 276
37 280
37 295
37 394
37 457
37 491
37 573
37 679
37 687
37 691
37 724
37 754
37 768
37 914
38 40
38 51
38 53
38 59
38 64
38 77
38 80
38 84
38 94
38 107
38 132
38 149
38 153
38 158
38 165
38 180
38 182
38 202
38 205
38 217
38 221
38 247
38 251
38 254
38 282
38 290
38 291
38 303
38 334
38 337
38 342
38 349
38 365
38 373
38 379
38 386
38 390
38 401
38 414
38 429
38 432
38 439
38 504
38 512
38 570
38 588
38 591
38 635
38 693
38 717
38 741
38 768
38 809
38 841
38 865
38 909
38 926
38 939
39 57
39 62
39 72
39 77
39 86
39 93
39 103
39 172
39 176
39 179
39 186
39 192
39 200
39 213
39 271
39 276
39 316
39 356
39 444
39 463
39 465
39 563
39 586
39 604
39 617
39 676
39 755
39 800
39 802
39 809
39 815
39 950
39 958
39 1014
40 41
40 44
40 48
40 50
40 51
40 62
40 75
40 80
40 81
40 105
40 108
40 114
40 118
40 177
40 219
40 228
40 241
40 244
40 259
40 280
40 295
40 316
40 337
40 354
40 358
40 395
40 402
40 404
40 409
40 421
40 431
40 498
40 516
40 536
40 592
40 612
40 621
40 623
40 627
40 670
40 674
40 681
40 704
40 736
40 759
40 824
40 838
40 857
40 888
40 896
40 908
40 965
40 979
40 1001
41 56
41 58
41 60
41 73
41 78
41 81
41 86
41 94
41 95
41 101
41 181
41 245
41 267
41 326
41 333
41 346
41 396
41 450
41 462
41 481
41 489
41 531
41 620
41 687
41 768
41 821
41 933
41 939
41 965
41 969
42 50
42 64
42 68
42 85
42 91
42 93
42 107
42 121
42 124
42 131
42 135
42 152
42 166
42 169
42 170
42 181
42 211
42 212
42 218
42 224
42 246
42 248
42 260
42 284
42 285
42 292
42 333
42 350
42 383
42 391
42 437
42 444
42 468
42 514
42 537
42 564
42 586
42 609
42 716
42 736
42 755
42 825
42 864
42 928
42 960
42 980
42 1001
43 44
43 55
43 62
43 65
43 66
43 67
43 78
43 81
43 88
43 93
43 110
43 114
43 118
43 132
43 149
43 150
43 151
43 152
43 189
43 206
43 208
43 246
43 248
43 273
43 295
43 316
43 342
43 393
43 402
43 405
43 409
43 415
43 453
43 460
43 547
43 592
43 607
43 618
43 627
43 647
43 687
43 707
43 730
43 777
43 806
43 914
43 948
43 985
44 46
44 52
44 124
44 129
44 183
44 238
44 338
44 384
44 417
44 443
44 445
44 471
44 547
44 567
45 58
45 79
45 80
45 87
45 95
45 98
45 99
45 101
45 113
45 125
45 142
45 149
45 163
45 192
45 195
45 211
45 221
45 226
45 299
45 332
45 359
45 399
45 405
45 476
45 489
45 497
45 534
45 574
45 596
45 616
45 637
45 644
45 657
45 662
45 677
45 682
45 685
45 696
45 811
45 816
45 854
45 885
45 909
45 947
45 1003
45 1012
46 52
46 63
46 66
46 96
46 99
46 101
46 111
46 185
46 222
46 240
46 281
46 315
46 319
46 331
46 363
46 395
46 398
46 421
46 425
46 429
46 436
46 440
46 480
46 481
46 487
46 509
46 529
46 538
46 573
46 627
46 662
46 672
46 693
46 696
46 716
46 738
46 743
46 745
46 788
46 794
46 825
46 828
46 830
46 838
46 870
46 911
46 946
46 949
46 958
46 960
46 962
46 976
47 55
47 57
47 59
47 60
47 63
47 68
47 71
47 77
47 83
47 91
47 111
47 133
47 142
47 143
47 169
47 184
47 199
47 201
47 209
47 229
47 251
47 263
47 287
47 303
47 304
47 313
47 314
47 329
47 361
47 362
47 386
47 396
47 426
47 433
47 436
47 447
47 450
47 453
47 482
47 485
47 494
47 505
47 506
47 511
47 529
47 565
47 612
47 630
47 634
47 650
47 660
47 688
47 708
47 729
47 751
47 754
47 756
47 777
47 791
47 803
47 828
47 831
47 851
47 854
47 869
47 876
47 883
47 897
47 930
47 949
47 954
47 958
47 975
47 982
47 988
47 989
48 50
48 69
48 72
48 78
48 83
48 89
48 96
48 114
48 115
48 117
48 121
48 155
48 174
48 179
48 185
48 186
48 187
48 189
48 199
48 207
48 208
48 239
48 241
48 261
48 263
48 328
48 355
48 357
48 377
48 389
48 400
48 434
48 436
48 465
48 472
48 529
48 553
48 568
48 594
48 636
48 657
48 689
48 794
48 799
48 855
48 898
48 915
49 54
49 69
49 75
49 92
49 106
49 147
49 172
49 265
49 286
49 329
49 385
49 390
49 392
49 412
49 418
49 438
49 449
49 491
49 530
49 562
49 572
49 598
49 661
49 711
49 732
49 767
49 806
49 882
49 923
49 938
49 944
49 999
50 52
50 61
50 71
50 90
50 145
50 149
50 164
50 174
50 183
50 191
50 203
50 269
50 279
50 311
50 319
50 331
50 422
50 424
50 472
50 486
50 507
50 569
50 597
50 640
50 723
50 879
50 1015
51 55
51 59
51 60
51 69
51 76
51 77
51 97
51 102
51 122
51 142
51 168
51 200
51 206
51 229
51 257
51 273
51 313
51 323
51 325
51 332
51 361
51 366
51 384
51 385
51 415
51 433
51 482
51 486
51 579
51 632
51 635
51 663
51 700
51 792
51 882
51 918
51 947
51 968
51 976
52 55
52 61
52 63
52 80
52 85
52 94
52 95
52 96
52 110
52 135
52 146
52 157
52 180
52 182
52 229
52 237
52 277
52 282
52 315
52 328
52 341
52 348
52 349
52 362
52 388
52 413
52 502
52 538
52 567
52 571
52 580
52 595
52 602
52 674
52 697
52 706
52 796
52 839
52 848
52 870
52 899
52 956
53 54
53 63
53 71
53 85
53 89
53 90
53 100
53 114
53 116
53 138
53 146
53 178
53 226
53 231
53 235
53 240
53 262
53 316
53 342
53 354
53 375
53 391
53 407
53 478
53 525
53 575
53 587
53 621
53 765
53 786
53 792
53 840
53 881
53 899
53 910
53 941
53 992
54 58
54 99
54 119
54 135
54 153
54 168
54 199
54 230
54 261
54 292
54 296
54 302
54 317
54 329
54 399
54 428
54 436
54 449
54 499
54 530
54 594
54 596
54 623
54 659
54 685
54 697
54 731
54 784
54 848
54 1003
55 70
55 78
55 94
55 97
55 99
55 107
55 123
55 130
55 131
55 133
55 138
55 151
55 156
55 204
55 212
55 242
55 245
55 260
55 285
55 289
55 320
55 335
55 362
55 394
55 415
55 418
55 486
55 503
55 518
55 531
55 540
55 544
55 566
55 593
55 609
55 617
55 653
55 740
55 779
55 784
55 808
55 829
55 838
55 857
55 866
55 957
55 958
55 964
55 977
55 1015
56 58
56 76
56 82
56 106
56 138
56 145
56 167
56 219
56 255
56 275
56 285
56 310
56 314
56 323
56 394
56 395
56 416
56 437
56 507
56 561
56 565
56 586
56 652
56 674
56 724
56 750
56 766
56 782
56 784
56 830
56 833
56 872
56 921
56 930
56 962
57 82
57 84
57 89
57 102
57 104
57 108
57 115
57 153
57 162
57 200
57 207
57 212
57 213
57 240
57 273
57 286
57 287
57 290
57 320
57 335
57 353
57 384
57 395
57 401
57 411
57 417
57 440
57 449
57 476
57 501
57 514
57 516
57 527
57 532
57 587
57 612
57 691
57 694
57 720
57 838
57 856
57 903
57 908
57 915
57 958
57 968
57 974
57 994
57 1008
58 60
58 71
58 87
58 105
58 119
58 126
58 142
58 146
58 147
58 175
58 178
58 180
58 184
58 200
58 201
58 208
58 214
58 219
58 228
58 229
58 258
58 259
58 264
58 298
58 304
58 310
58 322
58 354
58 363
58 403
58 419
58 424
58 452
58 458
58 471
58 526
58 527
58 557
58 598
58 599
58 605
58 626
58 642
58 701
58 714
58 715
58 716
58 762
58 796
58 828
58 834
58 875
58 904
58 914
58 921
58 948
58 988
59 66
59 74
59 80
59 81
59 95
59 103
59 104
59 146
59 162
59 176
59 234
59 248
59 249
59 271
59 277
59 309
59 311
59 317
59 323
59 331
59 361
59 405
59 440
59 452
59 472
59 495
59 528
59 530
59 532
59 549
59 605
59 620
59 658
59 702
59 711
59 761
59 774
59 787
59 791
59 804
59 815
59 819
59 857
59 991
59 993
59 999
60 126
60 139
60 152
60 172
60 308
60 336
60 419
60 426
60 437
60 466
60 577
60 578
60 582
60 619
60 722
60 969
60 978
61 72
61 109
61 143
61 148
61 159
61 191
61 198
61 236
61 245
61 284
61 320
61 434
61 492
61 515
61 550
61 552
61 578
61 586
61 776
61 777
61 825
61 945
61 1006
62 72
62 95
62 100
62 105
62 116
62 128
62 142
62 151
62 161
62 206
62 239
62 243
62 259
62 278
62 282
62 286
62 290
62 320
62 337
62 339
62 366
62 416
62 419
62 421
62 422
62 445
62 460
62 470
62 477
62 481
62 486
62 499
62 539
62 589
62 644
62 647
62 698
62 719
62 720
62 744
62 768
62 884
62 903
62 952
62 1006
62 1008
63 73
63 87
63 110
63 114
63 137
63 147
63 161
63 163
63 272
63 301
63 303
63 313
63 343
63 354
63 461
63 521
63 523
63 607
63 610
63 640
63 667
63 675
63 702
63 788
63 856
63 927
63 980
64 76
64 83
64 103
64 110
64 135
64 139
64 150
64 204
64 219
64 220
64 226
64 235
64 240
64 242
64 243
64 254
64 298
64 351
64 359
64 391
64 426
64 498
64 502
64 509
64 527
64 560
64 566
64 632
64 672
64 735
64 845
65 71
65 79
65 97
65 129
65 132
65 133
65 164
65 167
65 186
65 193
65 223
65 224
65 272
65 289
65 306
65 368
65 370
65 377
65 388
65 492
65 548
65 584
65 602
65 639
65 649
65 704
65 803
65 882
65 929
65 945
65 996
66 68
66 115
66 141
66 170
66 186
66 198
66 202
66 205
66 216
66 297
66 300
66 304
66 320
66 328
66 339
66 442
66 446
66 473
66 491
66 504
66 522
66 541
66 597
66 618
66 637
66 693
66 697
66 725
66 734
66 845
66 863
66 885
66 895
66 910
66 955
66 975
66 986
66 1004
67 129
67 168
67 181
67 213
67 229
67 276
67 301
67 315
67 317
67 321
67 483
67 485
67 523
67 621
67 641
67 695
67 716
67 780
67 871
67 934
67 984
68 94
68 100
68 103
68 111
68 121
68 138
68 139
68 160
68 165
68 243
68 273
68 290
68 361
68 448
68 521
68 565
68 692
68 810
68 816
68 867
68 899
68 954
68 955
68 981
68 986
69 74
69 94
69 117
69 123
69 136
69 160
69 178
69 202
69 225
69 247
69 260
69 284
69 287
69 298
69 374
69 464
69 538
69 555
69 563
69 688
69 722
69 726
69 741
69 764
69 812
69 836
70 78
70 79
70 85
70 90
70 91
70 111
70 135
70 168
70 198
70 200
70 237
70 248
70 273
70 315
70 351
70 378
70 419
70 424
70 432
70 517
70 567
70 665
70 679
70 715
70 766
70 906
70 996
71 84
71 100
71 102
71 103
71 118
71 130
71 135
71 141
71 143
71 156
71 167
71 168
71 170
71 171
71 175
71 179
71 204
71 210
71 220
71 222
71 227
71 231
71 240
71 251
71 273
71 279
71 348
71 376
71 390
71 411
71 415
71 434
71 467
71 490
71 491
71 528
71 550
71 551
71 599
71 600
71 612
71 676
71 686
71 704
71 709
71 725
71 738
71 799
71 810
71 822
71 881
71 897
71 898
71 909
71 914
71 939
71 965
71 972
71 973
71 990
72 129
72 141
72 144
72 193
72 243
72 244
72 246
72 260
72 368
72 455
72 533
72 628
72 670
72 695
72 698
72 745
72 814
72 835
72 851
73 169
73 229
73 345
73 361
73 402
73 542
73 545
73 570
73 600
73 601
73 731
73 790
73 809
73 1016
74 75
74 90
74 99
74 134
74 136
74 150
74 159
74 186
74 234
74 268
74 271
74 285
74 328
74 338
74 458
74 493
74 562
74 564
74 585
74 608
74 631
74 643
74 755
74 758
74 762
74 801
74 940
74 1016
75 84
75 129
75 196
75 214
75 225
75 234
75 251
75 308
75 325
75 334
75 338
75 364
75 375
75 444
75 451
75 464
75 504
75 553
75 598
75 705
75 716
75 858
75 868
75 911
76 77
76 95
76 126
76 128
76 155
76 162
76 206
76 211
76 227
76 250
76 261
76 310
76 333
76 444
76 496
76 526
76 559
76 575
76 587
76 589
76 645
76 690
76 727
76 826
76 838
76 872
76 881
77 78
77 159
77 193
77 208
77 216
77 221
77 232
77 269
77 272
77 281
77 287
77 306
77 335
77 410
77 433
77 480
77 769
77 774
77 835
77 843
77 874
77 938
77 1010
78 95
78 98
78 135
78 136
78 155
78 173
78 181
78 182
78 214
78 247
78 256
78 270
78 282
78 283
78 285
78 293
78 309
78 350
78 380
78 400
78 432
78 524
78 533
78 546
78 551
78 625
78 667
78 673
78 686
78 722
78 761
78 781
78 839
78 876
78 879
79 83
79 91
79 104
79 106
79 115
79 122
79 124
79 131
79 145
79 146
79 171
79 181
79 212
79 231
79 235
79 237
79 263
79 278
79 280
79 304
79 336
79 354
79 369
79 400
79 434
79 441
79 480
79 508
79 581
79 628
79 650
79 662
79 663
79 689
79 782
79 785
79 796
79 849
79 860
79 870
79 880
79 892
79 968
79 982
79 997
79 1014
79 1020
80 85
80 86
80 99
80 103
80 111
80 117
80 123
80 149
80 161
80 180
80 189
80 195
80 205
80 206
80 215
80 218
80 266
80 290
80 353
80 371
80 459
80 494
80 540
80 547
80 608
80 663
80 726
80 804
80 836
80 849
80 878
80 1000
81 95
81 100
81 125
81 127
81 142
81 166
81 199
81 201
81 269
81 275
81 288
81 297
81 298
81 312
81 349
81 368
81 407
81 418
81 458
81 485
81 520
81 533
81 635
81 652
81 695
81 753
81 787
81 811
81 903
82 99
82 113
82 116
82 126
82 164
82 170
82 197
82 237
82 251
82 259
82 299
82 345
82 353
82 386
82 423
82 516
82 527
82 570
82 628
82 719
82 811
82 813
82 814
82 829
83 109
83 127
83 170
83 246
83 256
83 321
83 325
83 332
83 413
83 444
83 451
83 473
83 478
83 499
83 521
83 884
83 918
83 964
83 966
83 1016
84 105
84 182
84 296
84 354
84 445
84 544
84 649
84 660
84 678
84 800
84 927
85 107
85 131
85 142
85 154
85 158
85 160
85 203
85 225
85 227
85 250
85 271
85 291
85 295
85 304
85 325
85 379
85 447
85 490
85 509
85 515
85 520
85 571
85 683
85 735
85 749
85 767
85 857
85 957
86 102
86 106
86 174
86 181
86 182
86 201
86 234
86 265
86 269
86 279
86 282
86 387
86 440
86 516
86 530
86 586
86 606
86 615
86 624
86 653
86 670
86 732
86 787
86 889
86 934
86 956
86 1007
87 115
87 129
87 166
87 171
87 192
87 194
87 205
87 224
87 275
87 291
87 344
87 395
87 399
87 437
87 443
87 484
87 515
87 517
87 543
87 545
87 581
87 584
87 622
87 659
87 867
87 907
88 89
88 94
88 106
88 120
88 122
88 173
88 191
88 206
88 278
88 292
88 395
88 418
88 427
88 438
88 441
88 447
88 456
88 466
88 470
88 504
88 527
88 542
88 573
88 576
88 587
88 634
88 643
88 652
88 672
88 674
88 700
88 704
88 825
88 836
88 852
88 871
88 924
88 949
88 995
89 92
89 96
89 133
89 138
89 139
89 152
89 158
89 165
89 175
89 186
89 196
89 210
89 219
89 265
89 281
89 297
89 315
89 320
89 325
89 326
89 385
89 402
89 433
89 464
89 491
89 492
89 497
89 500
89 503
89 507
89 518
89 547
89 548
89 561
89 583
89 599
89 608
89 638
89 644
89 656
89 708
89 715
89 756
89 769
89 786
89 797
89 801
89 819
89 890
89 918
89 923
90 98
90 110
90 129
90 143
90 172
90 185
90 227
90 232
90 276
90 320
90 354
90 421
90 514
90 800
90 804
90 806
90 815
90 823
90 866
90 931
91 121
91 143
91 149
91 158
91 172
91 188
91 200
91 210
91 216
91 264
91 276
91 302
91 334
91 360
91 366
91 576
91 758
91 997
92 97
92 101
92 125
92 128
92 144
92 156
92 197
92 238
92 254
92 358
92 367
92 379
92 381
92 393
92 397
92 408
92 475
92 536
92 582
92 597
92 612
92 662
92 711
92 740
92 762
92 824
92 858
92 918
92 934
92 987
92 1000
92 1007
93 112
93 118
93 121
93 148
93 153
93 163
93 166
93 168
93 173
93 179
93 209
93 219
93 232
93 241
93 252
93 256
93 289
93 303
93 350
93 367
93 369
93 396
93 418
93 433
93 446
93 462
93 527
93 539
93 565
93 568
93 588
93 659
93 660
93 664
93 676
93 681
93 818
93 865
93 978
93 1016
94 100
94 102
94 153
94 163
94 176
94 180
94 181
94 186
94 194
94 197
94 207
94 264
94 313
94 326
94 353
94 355
94 373
94 396
94 416
94 511
94 521
94 522
94 554
94 696
94 766
94 770
94 929
94 955
94 970
94 995
95 106
95 125
95 139
95 142
95 178
95 253
95 342
95 400
95 514
95 559
95 663
95 737
95 799
95 893
95 955
95 992
95 1002
96 99
96 106
96 109
96 112
96 120
96 150
96 164
96 165
96 231
96 249
96 255
96 268
96 281
96 325
96 348
96 372
96 402
96 435
96 468
96 504
96 512
96 526
96 616
96 700
96 727
96 739
96 753
96 802
96 809
96 898
96 940
96 984
96 993
96 997
96 1009
97 103
97 126
97 130
97 149
97 165
97 167
97 169
97 187
97 190
97 192
97 203
97 210
97 216
97 226
97 227
97 230
97 278
97 317
97 320
97 404
97 411
97 419
97 427
97 446
97 457
97 468
97 496
97 577
97 607
97 611
97 679
97 706
97 733
97 763
97 827
97 837
97 869
97 931
97 971
97 992
98 109
98 151
98 166
98 184
98 193
98 215
98 312
98 339
98 347
98 420
98 426
98 451
98 683
98 713
98 765
98 791
98 805
98 806
98 905
99 119
99 152
99 167
99 178
99 192
99 244
99 250
99 274
99 279
99 311
99 329
99 330
99 360
99 387
99 414
99 437
99 489
99 494
99 572
99 603
99 607
99 619
99 685
99 705
99 725
99 728
99 845
99 851
99 901
99 904
100 103
100 138
100 175
100 185
100 241
100 279
100 340
100 341
100 401
100 432
100 468
100 531
100 557
100 621
100 627
100 718
100 762
100 814
100 820
100 832
100 851
100 878
100 1012
100 1021
101 120
101 147
101 149
101 165
101 173
101 196
101 198
101 231
101 257
101 264
101 268
101 270
101 280
101 290
101 356
101 398
101 406
101 419
101 429
101 456
101 467
101 540
101 541
101 550
101 574
101 575
101 636
101 665
101 675
101 705
101 738
101 779
101 826
101 842
101 899
101 1014
102 114
102 145
102 159
102 162
102 180
102 217
102 259
102 282
102 300
102 307
102 313
102 351
102 360
102 371
102 440
102 479
102 499
102 532
102 612
102 675
102 690
102 737
102 747
102 764
102 774
102 858
102 910
103 107
103 119
103 123
103 124
103 130
103 158
103 276
103 362
103 430
103 435
103 457
103 515
103 697
103 724
103 777
103 893
103 979
103 1005
104 111
104 118
104 153
104 180
104 227
104 240
104 245
104 374
104 434
104 438
104 621
104 710
104 748
104 776
104 822
104 831
104 864
105 107
105 113
105 121
105 156
105 171
105 197
105 242
105 270
105 311
105 454
105 490
105 547
105 662
105 707
105 748
105 767
105 850
105 910
105 915
105 982
106 112
106 136
106 141
106 147
106 184
106 211
106 222
106 249
106 252
106 257
106 261
106 265
106 337
106 341
106 347
106 463
106 476
106 577
106 596
106 614
106 785
106 863
106 877
106 964
106 972
106 994
107 120
107 132
107 137
107 150
107 158
107 160
107 161
107 173
107 218
107 232
107 236
107 274
107 280
107 297
107 299
107 383
107 424
107 444
107 558
107 590
107 599
107 603
107 649
107 654
107 661
107 667
107 744
107 767
107 790
107 836
107 948
107 967
107 984
107 988
107 1018
108 125
108 126
108 127
108 155
108 173
108 203
108 207
108 208
108 226
108 232
108 234
108 253
108 268
108 288
108 336
108 345
108 374
108 431
108 435
108 438
108 449
108 501
108 505
108 509
108 554
108 658
108 678
108 729
108 802
108 820
108 886
108 902
108 935
108 942
108 952
108 953
108 991
109 122
109 128
109 140
109 148
109 163
109 182
109 183
109 210
109 262
109 292
109 404
109 562
109 744
109 786
109 801
109 859
110 131
110 137
110 187
110 199
110 335
110 601
110 638
110 691
110 783
110 814
110 917
110 943
110 967
110 990
111 118
111 140
111 141
111 154
111 155
111 160
111 163
111 174
111 179
111 188
111 190
111 201
111 220
111 260
111 264
111 267
111 299
111 367
111 409
111 415
111 450
111 508
111 537
111 552
111 560
111 593
111 630
111 631
111 662
111 672
111 674
111 745
111 764
111 790
111 961
111 968
112 138
112 146
112 172
112 212
112 225
112 296
112 392
112 438
112 450
112 459
112 616
112 717
112 781
112 820
112 975
113 155
113 161
113 163
113 203
113 218
113 220
113 236
113 268
113 290
113 328
113 334
113 341
113 351
113 395
113 410
113 454
113 483
113 562
113 580
113 583
113 600
113 631
113 633
113 652
113 673
113 718
113 759
113 761
113 822
113 837
113 842
113 863
113 891
113 895
113 897
113 957
113 977
114 226
114 244
114 248
114 317
114 391
114 417
114 438
114 475
114 485
114 713
114 728
114 738
114 752
114 804
114 966
115 127
115 139
115 161
115 271
115 377
115 422
115 439
115 472
115 480
115 827
115 892
115 895
116 125
116 149
116 154
116 155
116 157
116 172
116 188
116 208
116 210
116 228
116 235
116 266
116 293
116 295
116 314
116 326
116 424
116 467
116 471
116 495
116 556
116 557
116 625
116 671
116 689
116 823
116 861
116 894
116 994
116 1020
117 124
117 135
117 166
117 173
117 183
117 222
117 258
117 265
117 269
117 307
117 342
117 366
117 378
117 379
117 384
117 434
117 480
117 491
117 494
117 507
117 515
117 549
117 554
117 606
117 613
117 621
117 626
117 653
117 680
117 797
117 868
117 875
117 948
117 953
118 120
118 122
118 124
118 164
118 197
118 205
118 252
118 275
118 287
118 299
118 312
118 369
118 402
118 431
118 437
118 483
118 523
118 740
118 817
118 988
119 228
119 268
119 325
119 352
119 383
119 398
119 408
119 471
119 537
119 560
119 595
119 702
119 733
119 867
119 1007
120 140
120 160
120 286
120 296
120 313
120 369
120 374
120 381
120 462
120 465
120 558
120 642
120 650
120 713
120 857
120 882
121 129
121 156
121 210
121 238
121 307
121 324
121 332
121 339
121 366
121 498
121 676
121 725
121 736
121 764
121 795
121 855
121 932
122 301
122 393
122 409
122 480
122 488
122 678
122 735
122 778
122 907
122 1001
123 142
123 155
123 156
123 179
123 288
123 322
123 324
123 327
123 447
123 467
123 502
123 665
123 675
123 726
123 757
123 821
123 868
123 949
123 976
123 1004
124 169
124 195
124 232
124 267
124 301
124 323
124 345
124 346
124 387
124 535
124 543
124 585
124 594
124 642
124 645
124 736
124 769
124 794
124 814
124 877
124 896
124 957
124 1011
124 1022
125 134
125 138
125 148
125 217
125 222
125 233
125 252
125 289
125 323
125 425
125 430
125 590
125 746
125 755
125 805
126 137
126 173
126 174
126 216
126 230
126 232
126 239
126 245
126 256
126 262
126 263
126 326
126 327
126 344
126 409
126 413
126 448
126 456
126 492
126 500
126 514
126 575
126 659
126 668
126 688
126 723
126 728
126 800
126 873
126 913
126 930
126 956
127 132
127 161
127 184
127 209
127 217
127 300
127 325
127 327
127 395
127 438
127 580
127 658
127 685
127 712
127 734
127 887
127 921
128 222
128 249
128 257
128 362
128 379
128 428
128 454
128 484
128 497
128 774
128 829
128 894
128 958
128 1007
129 159
129 227
129 262
129 277
129 397
129 417
129 432
129 594
129 718
129 721
129 808
129 816
129 953
129 1020
130 147
130 152
130 187
130 239
130 338
130 376
130 502
130 520
130 578
130 590
130 881
130 997
131 156
131 173
131 182
131 211
131 221
131 286
131 407
131 455
131 541
131 581
131 616
131 631
131 707
131 810
131 832
131 937
132 144
132 159
132 168
132 170
132 171
132 191
132 200
132 214
132 216
132 243
132 248
132 253
132 281
132 322
132 338
132 346
132 398
132 414
132 438
132 498
132 505
132 572
132 573
132 598
132 623
132 667
132 685
132 720
132 724
132 755
132 850
132 941
132 950
132 957
132 986
133 174
133 234
133 270
133 278
133 295
133 300
133 374
133 431
133 596
133 648
133 694
133 703
133 710
133 753
133 783
133 839
133 848
133 883
133 931
134 150
134 151
134 190
134 266
134 324
134 327
134 341
134 354
134 410
134 420
134 423
134 434
134 502
134 545
134 574
134 579
134 614
134 640
134 651
134 658
134 667
134 669
134 686
134 785
134 788
134 823
134 843
134 853
134 861
134 867
134 1007
135 181
135 183
135 195
135 215
135 230
135 266
135 288
135 345
135 349
135 353
135 376
135 418
135 436
135 470
135 512
135 541
135 544
135 731
135 773
135 780
135 823
135 1006
136 211
136 223
136 261
136 299
136 430
136 459
136 608
136 685
136 744
136 797
136 798
136 865
136 890
136 907
136 989
137 221
137 227
137 370
137 412
137 560
137 607
137 630
137 650
137 974
138 176
138 187
138 191
138 429
138 565
138 595
138 611
138 646
138 745
138 783
138 983
138 1005
139 189
139 190
139 206
139 280
139 302
139 304
139 330
139 363
139 374
139 392
139 464
139 482
139 540
139 564
139 577
139 583
139 628
139 641
139 645
139 660
139 677
139 689
139 707
139 800
139 806
139 852
139 853
139 920
139 989
139 1018
140 157
140 163
140 167
140 177
140 198
140 224
140 318
140 360
140 401
140 443
140 567
140 572
140 623
140 634
140 673
140 742
140 858
141 210
141 215
141 291
141 356
141 389
141 440
141 453
141 511
141 595
141 713
141 829
141 962
141 989
141 990
142 148
142 154
142 156
142 163
142 185
142 189
142 194
142 255
142 257
142 275
142 318
142 332
142 333
142 334
142 336
142 356
142 386
142 448
142 465
142 544
142 545
142 561
142 623
142 649
142 650
142 682
142 695
142 743
142 755
142 863
142 877
142 900
142 902
142 910
142 935
142 1017
142 1018
142 1023
143 172
143 223
143 240
143 258
143 263
143 265
143 272
143 295
143 326
143 331
143 336
143 376
143 401
143 404
143 486
143 525
143 611
143 629
143 653
143 657
143 687
143 701
143 748
143 758
143 818
143 825
143 838
143 992
143 1018
144 145
144 148
144 168
144 196
144 259
144 266
144 289
144 308
144 416
144 432
144 471
144 506
144 641
144 668
144 912
144 990
145 190
145 194
145 197
145 230
145 269
145 280
145 293
145 301
145 528
145 539
145 551
145 584
145 606
145 622
145 634
145 646
145 649
145 659
145 667
145 734
145 778
145 787
145 850
145 914
145 963
145 966
145 981
145 1002
146 356
146 369
146 393
146 519
146 633
146 690
146 731
146 743
146 900
147 238
147 250
147 323
147 435
147 534
147 648
147 742
147 830
148 171
148 197
148 208
148 218
148 355
148 357
148 484
148 589
148 602
148 635
148 688
148 839
148 859
148 892
148 958
149 170
149 319
149 324
149 448
149 482
149 500
149 681
149 736
149 842
149 860
149 953
149 960
149 1017
150 183
150 213
150 215
150 258
150 271
150 276
150 301
150 334
150 360
150 397
150 398
150 456
150 463
150 505
150 552
150 580
150 582
150 620
150 852
150 935
151 207
151 231
151 256
151 266
151 303
151 456
151 488
151 496
151 590
151 720
151 924
152 252
152 322
152 485
152 606
152 832
153 271
153 283
153 331
153 349
153 433
153 545
153 565
153 579
153 656
153 805
153 842
153 862
153 888
153 916
153 968
154 159
154 171
154 175
154 257
154 297
154 305
154 340
154 372
154 373
154 377
154 430
154 454
154 462
154 491
154 495
154 522
154 608
154 614
154 638
154 680
154 681
154 695
154 706
154 776
154 842
154 931
154 950
154 960
154 995
155 181
155 182
155 214
155 216
155 224
155 225
155 242
155 248
155 294
155 357
155 408
155 434
155 439
155 465
155 475
155 479
155 503
155 509
155 655
155 714
155 830
155 836
155 969
155 979
155 982
155 1015
156 159
156 161
156 175
156 193
156 203
156 221
156 253
156 255
156 260
156 272
156 455
156 457
156 491
156 512
156 521
156 533
156 589
156 669
156 723
156 774
156 835
156 935
156 964
156 1018
157 225
157 232
157 239
157 280
157 377
157 496
157 568
157 725
157 754
157 802
157 949
157 976
158 162
158 237
158 257
158 268
158 271
158 321
158 496
158 558
158 594
158 623
158 708
158 802
158 810
158 856
158 886
159 174
159 194
159 209
159 383
159 387
159 402
159 422
159 432
159 639
159 699
159 719
159 774
159 790
159 877
159 894
159 1019
160 212
160 218
160 345
160 396
160 424
160 476
160 519
160 614
160 625
160 629
160 713
160 721
160 822
160 842
160 943
160 1018
161 178
161 189
161 207
161 212
161 250
161 251
161 277
161 330
161 423
161 481
161 536
161 596
161 658
161 668
161 673
161 779
161 786
161 811
161 846
161 978
162 209
162 216
162 274
162 310
162 319
162 326
162 358
162 360
162 373
162 392
162 408
162 427
162 464
162 619
162 667
162 765
162 942
163 232
163 281
163 366
163 459
163 494
163 510
163 523
163 533
163 539
163 675
163 742
163 817
163 826
163 889
163 954
163 964
163 988
164 169
164 235
164 266
164 326
164 579
164 598
164 622
164 699
164 709
164 743
164 831
164 910
164 1008
165 169
165 172
165 196
165 225
165 228
165 244
165 311
165 331
165 476
165 498
165 613
165 679
165 705
165 706
165 760
165 865
165 932
165 973
166 178
166 188
166 242
166 249
166 267
166 282
166 288
166 307
166 315
166 327
166 374
166 441
166 445
166 451
166 453
166 614
166 678
166 684
166 731
166 777
166 855
166 858
166 870
166 913
167 195
167 220
167 465
167 598
167 750
167 916
167 955
168 169
168 313
168 352
168 366
168 368
168 375
168 388
168 404
168 476
168 520
168 538
168 541
168 596
168 607
168 626
168 672
168 856
168 886
168 932
168 960
168 1013
168 1017
169 236
169 274
169 347
169 383
169 395
169 408
169 466
169 538
169 618
169 779
169 802
169 872
169 956
170 191
170 193
170 205
170 209
170 217
170 218
170 236
170 251
170 262
170 308
170 380
170 398
170 410
170 531
170 547
170 625
170 648
170 832
170 893
170 949
171 233
171 328
171 329
171 337
171 359
171 365
171 425
171 460
171 608
171 657
172 195
172 211
172 220
172 238
172 272
172 295
172 313
172 387
172 401
172 414
172 533
172 578
172 620
172 632
172 638
172 647
172 653
172 826
172 928
173 185
173 209
173 217
173 227
173 228
173 249
173 250
173 253
173 293
173 308
173 355
173 461
173 499
173 563
173 598
173 632
173 701
173 707
173 913
173 944
173 1017
174 248
174 275
174 483
174 560
174 564
174 770
174 789
174 887
175 223
175 355
175 359
175 445
175 544
175 582
175 587
175 716
175 759
176 187
176 215
176 234
176 324
176 367
176 385
176 448
176 461
176 641
176 659
176 694
176 727
176 942
176 1011
177 196
177 222
177 226
177 302
177 352
177 450
177 499
177 574
177 912
178 211
178 223
178 228
178 256
178 365
178 377
178 487
178 603
178 720
178 808
178 814
178 841
178 950
179 412
179 435
179 527
179 838
179 877
179 970
180 229
180 337
180 390
180 508
180 509
180 518
180 611
180 846
180 925
180 946
181 194
181 207
181 258
181 358
181 360
181 771
181 853
181 961
182 384
182 495
182 552
182 597
182 651
182 737
182 1002
182 1019
183 195
183 202
183 463
183 539
183 844
183 889
183 907
183 916
183 935
183 980
183 1013
184 188
184 193
184 203
184 205
184 230
184 238
184 249
184 269
184 313
184 314
184 321
184 382
184 431
184 530
184 543
184 553
184 670
184 675
184 753
184 794
185 412
185 448
185 461
185 505
185 528
185 572
185 591
185 599
185 921
185 952
185 1004
185 1005
186 214
186 273
186 277
186 311
186 332
186 430
186 435
186 504
186 580
186 581
186 703
186 903
186 934
186 947
187 201
187 204
187 435
187 543
187 555
187 646
187 694
187 720
187 839
187 896
187 900
187 930
188 194
188 246
188 294
188 426
188 465
188 523
188 597
188 754
188 892
188 983
189 242
189 389
189 422
189 428
189 737
189 847
189 1001
190 209
190 214
190 233
190 265
190 339
190 396
190 490
190 497
190 571
190 613
190 805
190 830
190 917
190 953
190 1021
191 279
191 364
191 371
191 538
191 708
191 746
191 847
191 875
191 893
192 262
192 406
192 425
192 437
192 451
192 502
192 673
192 692
192 966
193 615
193 633
194 435
194 615
194 640
194 647
194 649
194 689
194 691
194 739
194 801
194 840
194 890
194 921
194 936
195 267
195 288
195 301
195 458
195 484
195 489
195 557
195 593
195 651
195 684
195 719
195 735
195 1000
196 231
196 244
196 274
196 338
196 427
196 428
196 604
196 690
196 721
196 785
197 204
197 308
197 321
197 333
197 406
197 551
197 562
197 715
197 731
197 747
197 789
197 834
197 837
197 947
198 238
198 296
198 431
198 474
198 477
198 494
198 502
198 503
198 643
198 653
198 713
198 756
198 831
198 861
198 967
198 976
198 1013
199 213
199 265
199 322
199 404
199 628
199 737
199 747
200 213
200 225
200 235
200 267
200 285
200 321
200 326
200 428
200 469
200 492
200 524
200 556
200 560
200 571
200 590
200 604
200 616
200 620
200 782
200 807
200 821
200 825
200 924
200 936
200 1002
200 1004
201 284
201 309
201 317
201 349
201 357
201 525
201 564
201 617
201 841
201 875
202 209
202 228
202 259
202 270
202 293
202 317
202 375
202 407
202 428
202 446
202 468
202 508
202 604
202 633
202 719
202 775
202 784
202 879
203 263
203 293
203 381
203 387
203 407
203 555
203 669
203 695
203 916
203 933
204 224
204 297
204 350
204 353
204 384
204 414
204 415
204 476
204 503
204 556
204 752
204 941
205 247
205 287
205 334
205 355
205 580
205 712
205 719
205 985
205 1004
206 308
206 343
206 490
206 520
206 681
206 691
206 884
206 890
206 913
206 926
206 946
206 965
207 237
207 238
207 258
207 262
207 291
207 312
207 331
207 340
207 353
207 577
207 624
207 630
207 718
207 746
207 752
207 771
207 824
207 900
207 936
208 254
208 259
208 277
208 292
208 350
208 351
208 454
208 471
208 500
208 549
208 634
208 680
208 716
208 835
208 845
208 914
209 299
209 458
209 657
209 962
210 248
210 345
210 410
210 681
210 686
210 694
210 801
210 832
211 252
211 265
211 601
211 641
211 891
212 247
212 256
212 306
212 332
212 364
212 367
212 372
212 387
212 433
212 621
212 734
212 807
212 832
212 868
212 893
212 1018
213 251
213 293
213 319
213 372
213 405
213 466
213 499
213 703
213 820
213 864
213 921
213 994
214 247
214 396
214 470
214 558
214 682
214 683
214 684
214 687
214 725
214 815
214 965
214 992
215 299
215 302
215 348
215 351
215 364
215 378
215 531
215 583
215 604
215 635
215 646
215 651
215 652
215 666
215 694
215 723
215 738
215 824
215 841
215 879
215 884
215 926
215 971
216 289
216 320
216 365
216 420
216 423
216 447
216 487
216 543
216 826
216 904
216 972
217 218
217 234
217 265
217 311
217 314
217 316
217 320
217 339
217 370
217 393
217 399
217 475
217 517
217 520
217 588
217 693
217 745
217 796
217 933
217 946
218 221
218 233
218 264
218 294
218 296
218 329
218 346
218 404
218 561
218 568
218 632
218 635
218 675
218 796
218 798
218 816
218 938
218 997
219 240
219 255
219 319
219 343
219 400
219 407
219 515
219 535
219 545
219 561
219 742
219 774
219 775
219 840
219 942
219 1002
219 1007
219 1008
220 237
220 288
220 324
220 352
220 410
220 674
220 800
220 880
220 939
221 400
221 425
221 448
221 509
221 570
221 592
221 756
221 819
221 820
222 245
222 352
222 414
222 421
222 468
222 529
222 606
222 651
222 700
222 843
222 984
223 298
223 330
223 362
223 406
223 420
223 431
223 443
223 468
223 537
223 556
223 565
223 601
223 675
223 690
223 716
223 732
223 761
223 878
223 932
223 947
224 233
224 268
224 275
224 314
224 347
224 354
224 477
224 530
224 553
224 618
224 681
224 696
224 758
224 795
224 818
224 867
224 876
224 912
224 979
224 981
225 287
225 322
225 343
225 439
225 678
225 707
225 827
225 903
225 904
225 989
226 233
226 269
226 286
226 351
226 358
226 936
226 947
227 276
227 436
227 519
227 590
227 636
227 684
227 685
227 823
228 262
228 317
228 319
228 439
228 444
228 535
228 545
228 590
228 640
228 655
228 711
228 836
228 869
228 878
228 963
228 1016
229 233
229 305
229 312
229 371
229 378
229 517
229 556
229 657
229 753
229 841
229 944
229 1001
230 243
230 272
230 284
230 304
230 348
230 454
230 477
230 493
230 501
230 581
230 603
230 744
230 889
231 254
231 300
231 306
231 330
231 421
231 717
231 771
231 791
232 305
232 307
232 370
232 375
232 410
232 445
232 493
232 582
232 668
232 798
232 872
232 1012
233 355
233 424
233 426
233 446
233 741
233 817
233 885
233 958
234 236
234 347
234 367
234 414
234 459
234 536
234 543
234 633
234 664
234 714
234 727
234 793
234 827
234 837
234 914
234 937
234 957
234 997
235 242
235 298
235 344
235 348
235 375
235 390
235 421
235 506
235 528
235 589
235 612
235 652
235 752
235 854
235 881
235 894
235 1000
236 240
236 243
236 252
236 304
236 321
236 338
236 349
236 356
236 376
236 397
236 537
236 554
236 660
236 680
236 687
236 772
236 793
236 799
236 872
236 903
236 1008
237 353
237 372
237 423
237 462
237 605
237 611
237 797
237 934
238 274
238 441
238 476
238 488
238 490
238 529
238 605
238 646
238 665
238 760
238 773
238 897
238 994
239 269
239 270
239 310
239 340
239 396
239 549
239 569
239 607
239 911
239 917
239 959
239 1018
239 1021
240 298
240 307
240 309
240 357
240 362
240 688
240 717
240 755
240 777
240 962
240 1011
241 494
241 533
241 599
241 690
241 878
241 927
241 983
242 332
242 342
242 345
242 357
242 390
242 478
242 505
242 629
242 673
242 701
242 874
242 902
242 984
242 1003
243 311
243 353
243 382
243 398
243 453
243 455
243 508
243 539
243 559
243 566
243 690
243 694
243 710
243 785
243 888
243 932
243 967
243 982
243 1009
244 277
244 398
244 487
244 516
244 583
244 656
244 752
244 792
244 808
244 894
244 945
244 983
245 401
245 609
245 623
246 258
246 263
246 285
246 402
246 435
246 438
246 452
246 478
246 526
246 556
246 573
246 686
246 700
246 702
246 806
246 876
246 929
246 940
246 1006
247 263
247 293
247 329
247 344
247 474
247 508
247 558
247 680
247 779
248 344
248 595
248 697
248 865
249 308
249 383
249 389
249 524
249 527
249 714
249 849
249 883
249 902
249 943
250 262
250 337
250 484
250 485
250 487
250 526
250 780
250 810
250 851
250 955
250 966
251 278
251 339
251 403
251 490
251 597
251 642
251 778
251 791
251 878
251 944
251 995
252 280
252 287
252 292
252 357
252 393
252 441
252 462
252 469
252 506
252 521
252 558
252 591
252 776
252 832
252 939
252 970
253 282
253 458
253 532
253 551
253 593
253 650
253 855
253 917
254 356
254 357
254 548
254 891
254 926
254 1017
255 260
255 261
255 314
255 363
255 466
255 473
255 500
255 531
255 571
255 658
255 684
255 786
255 898
256 315
256 316
256 364
256 482
256 486
256 534
256 607
256 618
256 713
256 809
256 834
256 916
257 305
257 439
257 474
257 484
257 742
257 776
257 990
258 309
258 316
258 379
258 511
258 543
258 602
258 629
258 647
258 699
258 861
258 929
258 940
258 1015
259 299
259 374
259 412
259 461
259 528
259 645
259 678
259 705
259 710
259 787
259 789
259 922
259 948
259 959
259 980
260 283
260 376
260 552
260 560
260 605
260 630
260 631
260 657
260 901
260 970
261 555
261 714
261 739
261 937
262 270
262 369
262 371
262 627
262 666
262 827
263 335
263 387
263 403
263 469
263 524
263 632
263 691
263 862
263 869
263 905
264 283
264 291
264 304
264 314
264 324
264 347
264 392
264 484
264 487
264 547
264 564
264 567
264 572
264 582
264 658
264 777
264 826
265 290
265 323
265 360
265 368
265 394
265 424
265 488
265 494
265 518
265 569
265 588
265 639
265 663
265 677
265 866
265 885
266 289
266 324
266 477
266 493
266 609
266 771
266 832
266 905
266 932
267 520
267 568
267 617
267 1013
268 306
268 323
268 381
268 456
268 462
268 467
268 546
268 569
268 616
268 679
268 773
268 788
268 888
268 912
268 968
268 983
269 411
269 464
269 477
269 510
269 592
269 707
269 744
269 751
269 803
269 861
269 932
270 318
270 388
270 415
270 430
270 509
270 528
270 575
270 600
270 735
270 951
271 306
271 382
271 416
271 890
271 941
272 308
272 359
272 386
272 414
272 430
272 463
272 484
272 544
272 559
272 627
272 772
272 784
272 799
272 916
272 933
272 994
273 326
273 383
273 605
273 638
273 724
273 855
273 887
273 945
274 303
274 405
274 860
274 961
275 279
275 294
275 327
275 338
275 353
275 361
275 388
275 392
275 401
275 461
275 472
275 519
275 618
275 637
275 740
275 812
275 826
275 937
276 303
276 343
276 398
276 493
276 529
276 575
276 737
276 853
276 859
276 933
276 945
277 370
277 388
277 425
277 478
277 496
277 555
277 633
277 677
277 695
277 883
277 909
277 1007
278 481
278 508
278 552
278 571
278 597
278 686
278 692
278 775
278 902
278 923
279 283
279 338
279 344
279 388
279 480
279 496
279 624
279 663
279 669
279 735
279 746
279 778
279 844
279 862
279 964
280 281
280 301
280 333
280 386
280 423
280 447
280 495
280 507
280 521
280 525
280 541
280 844
280 856
280 938
280 957
281 322
281 471
281 698
282 292
282 318
282 339
282 380
282 395
282 404
282 407
282 430
282 431
282 477
282 503
282 551
282 669
282 905
282 917
282 928
282 1016
283 304
283 515
283 642
283 752
283 772
283 838
283 909
283 986
283 1008
284 449
284 459
284 475
284 514
284 629
284 652
284 716
284 781
284 882
284 891
284 898
284 969
284 1011
285 333
285 352
285 469
285 495
285 893
285 954
285 991
286 380
286 399
286 429
286 1019
287 433
287 738
287 766
287 905
287 933
288 347
288 433
288 460
288 493
288 525
288 562
288 682
288 702
288 773
288 788
288 819
288 860
288 874
288 920
288 966
289 354
289 369
289 403
289 483
289 523
289 625
289 701
289 737
289 1021
290 295
290 554
290 793
290 829
291 302
291 342
291 382
291 431
291 459
291 536
291 556
291 637
291 762
291 800
291 850
292 324
292 359
292 378
292 403
292 421
292 514
292 722
292 1014
293 321
293 412
293 535
293 559
293 615
293 671
293 684
293 695
293 750
293 812
293 817
293 899
293 934
293 1017
294 346
294 452
294 661
295 315
295 404
295 484
295 561
295 704
295 747
295 921
296 396
296 708
296 743
296 980
297 300
297 513
297 550
297 626
297 670
297 748
298 346
298 387
298 420
298 475
298 481
298 502
298 609
298 636
298 643
298 649
298 686
298 709
298 915
298 973
299 437
299 442
299 621
299 880
300 327
300 364
300 598
300 661
301 306
301 607
301 635
301 706
301 913
301 1017
302 315
302 629
302 793
302 908
303 335
303 346
303 348
303 375
303 411
303 417
303 418
303 484
303 500
303 567
303 591
303 595
303 640
303 648
303 681
303 803
303 837
304 306
304 689
304 694
304 738
304 972
305 357
305 382
305 496
305 520
305 595
305 717
305 820
306 317
306 517
306 585
306 636
306 676
306 724
306 837
307 348
307 363
307 368
307 413
307 453
307 509
307 517
307 547
307 629
307 912
307 941
307 989
307 1010
308 696
308 807
308 816
309 436
309 451
309 614
309 680
309 1010
309 1013
310 358
310 408
310 516
310 545
310 688
310 767
311 356
311 591
311 656
311 721
311 802
311 945
312 430
312 445
312 448
312 452
312 487
312 564
312 580
312 582
312 583
312 613
312 624
312 666
312 671
312 688
312 692
312 767
312 776
312 794
312 924
312 987
312 1021
313 315
313 382
313 750
313 765
313 769
313 908
313 1002
314 460
315 532
315 617
315 699
315 744
315 906
316 456
316 516
316 549
316 766
316 788
316 967
317 377
317 416
317 463
317 585
317 724
317 753
317 766
317 786
318 457
318 762
318 772
318 907
319 335
319 510
319 556
320 323
320 343
320 423
320 457
320 506
320 517
320 536
320 555
320 688
320 768
320 840
320 908
320 911
320 961
321 367
321 454
321 470
321 486
321 594
321 661
321 762
321 812
322 530
322 810
322 981
323 337
323 347
323 380
323 393
323 457
323 477
323 485
323 610
323 655
323 677
323 823
323 846
323 894
324 371
324 386
324 396
324 423
324 489
324 493
324 661
324 710
324 729
324 747
324 862
324 879
324 955
324 1008
325 833
325 931
325 948
326 343
326 399
326 409
326 450
326 508
326 553
326 560
326 653
326 678
326 691
326 847
326 851
326 852
327 377
327 385
327 437
327 516
327 568
327 588
327 711
327 783
327 983
327 993
327 1004
328 549
328 580
328 833
329 342
329 373
329 468
329 489
329 550
329 682
329 683
330 413
330 540
330 549
330 559
330 652
330 742
330 760
330 789
330 813
330 967
331 340
331 362
331 376
331 394
331 529
331 591
331 760
331 775
331 782
331 975
332 391
332 400
332 446
332 450
332 479
332 541
332 546
332 617
332 728
332 804
332 904
333 387
333 459
333 487
333 522
333 552
333 631
333 675
333 692
333 701
333 712
333 765
333 808
333 836
333 920
333 961
334 340
334 379
334 500
334 633
334 734
334 847
334 848
334 881
334 948
335 479
335 505
335 610
335 693
335 732
335 784
335 909
335 942
335 1023
336 364
336 405
336 440
336 619
336 841
336 886
336 964
337 516
337 569
337 654
337 683
337 770
337 868
337 925
337 971
338 445
338 462
338 537
338 560
338 595
338 797
338 887
338 924
339 384
339 853
339 990
340 381
340 468
340 620
340 650
340 686
340 801
340 1022
341 439
341 466
341 482
341 521
341 540
341 549
341 591
341 723
341 833
341 855
341 991
341 1020
342 613
342 701
342 821
342 922
342 949
342 1019
343 381
343 440
343 526
343 634
343 720
343 992
344 392
344 429
344 576
344 851
344 948
344 1021
345 381
345 619
345 719
345 878
346 808
347 399
347 576
347 602
347 643
347 656
347 703
347 733
347 747
347 789
347 825
347 833
347 880
347 888
347 910
347 1006
348 473
348 513
348 670
348 782
348 898
349 399
349 816
350 419
350 463
350 473
350 569
350 764
350 833
350 858
351 531
351 553
351 565
351 654
351 666
351 684
351 700
351 810
351 822
352 449
352 527
353 525
353 563
353 589
353 697
353 722
353 867
354 515
354 728
354 810
354 812
355 403
355 449
355 634
355 749
355 760
355 870
356 488
356 767
356 893
356 935
357 407
357 432
357 525
357 536
357 593
357 650
357 703
357 739
357 878
357 1011
358 589
358 679
358 693
358 704
358 763
358 850
358 917
359 392
359 507
359 633
359 664
359 671
359 711
359 811
359 919
359 972
359 996
360 418
360 424
360 501
360 785
360 864
361 373
361 597
362 364
362 619
362 718
362 986
363 376
363 524
363 550
363 585
363 588
363 644
363 654
363 674
363 746
363 920
364 380
364 736
364 768
364 835
364 949
364 950
365 370
365 455
365 616
365 622
365 702
365 722
365 748
365 816
365 853
365 902
365 927
366 428
366 794
367 372
367 411
367 465
367 668
367 756
367 782
367 788
367 805
367 931
367 944
367 975
368 587
368 751
369 394
369 451
369 506
369 552
369 581
369 626
369 646
369 749
369 1010
370 441
370 511
370 651
370 935
371 432
371 510
372 593
372 717
373 443
373 751
373 829
373 891
373 974
373 1003
374 720
374 898
374 999
375 573
375 638
375 683
375 974
376 503
376 892
376 915
376 942
376 1009
377 433
377 506
377 512
377 602
377 605
377 730
377 797
377 844
377 856
378 385
378 424
378 579
378 602
378 659
378 669
378 693
378 758
378 759
379 497
379 524
379 551
379 602
379 750
379 920
379 994
380 469
380 494
381 508
381 542
381 546
381 580
381 719
381 779
381 927
381 931
381 969
382 397
382 403
382 444
382 469
382 541
382 548
382 682
382 727
382 751
382 788
383 474
383 656
383 833
383 865
384 673
384 721
384 985
384 1000
385 401
385 482
385 530
385 679
385 860
385 940
386 390
386 394
386 637
386 933
387 389
387 550
387 684
387 838
387 871
387 983
388 417
388 746
388 798
388 987
389 722
390 425
390 436
390 586
390 785
390 812
390 830
390 884
390 899
390 965
390 979
391 412
391 438
391 520
391 522
391 557
391 660
391 739
391 764
391 876
391 956
392 474
392 488
392 760
392 786
393 531
393 588
393 593
393 642
393 709
393 776
393 780
393 842
393 941
394 399
394 444
394 488
394 493
394 502
394 543
394 557
394 570
394 644
394 711
394 786
394 824
394 829
394 884
394 904
394 938
394 963
395 735
395 994
395 1019
396 416
398 447
398 592
398 637
398 851
399 634
399 806
400 544
400 611
400 751
400 752
400 799
400 820
400 992
401 447
401 492
401 513
401 929
402 458
402 462
402 512
402 794
402 880
402 907
402 965
403 426
403 729
403 736
404 533
404 595
404 978
404 994
404 1010
405 855
406 413
406 486
406 492
406 511
406 563
406 647
406 679
406 715
406 763
406 793
406 831
406 893
406 992
407 427
407 430
407 436
407 459
407 530
407 540
407 568
407 571
407 691
407 790
407 845
407 941
407 972
408 414
408 422
408 509
408 699
408 757
408 787
408 792
408 862
409 546
409 1020
410 459
410 495
410 550
410 584
410 699
410 723
410 803
410 853
410 916
411 460
411 563
411 594
411 601
411 771
412 421
412 628
412 646
412 904
412 962
413 453
413 475
413 489
413 506
413 512
413 741
413 763
413 977
414 474
414 534
414 554
414 713
414 784
414 880
415 481
415 526
415 529
415 559
415 655
415 692
415 715
415 830
415 925
416 698
416 849
417 427
417 452
417 472
417 497
417 535
417 569
417 608
417 627
417 642
417 662
417 763
417 810
417 861
417 975
417 1007
418 524
418 689
418 824
418 845
418 859
418 871
418 925
418 944
419 426
419 431
419 518
419 569
419 632
419 685
419 848
419 924
420 482
420 574
420 600
420 622
420 652
420 930
420 1018
421 439
421 593
421 846
421 866
422 470
422 534
422 537
422 601
422 672
422 743
422 801
422 883
422 991
423 470
423 639
423 969
423 992
424 453
424 475
424 479
424 576
424 701
424 811
424 856
424 1009
425 495
425 528
425 536
425 590
425 636
425 787
425 788
426 493
426 970
427 429
427 466
427 478
427 510
427 533
427 575
427 667
427 841
427 857
427 936
428 678
428 901
429 481
429 670
429 681
429 811
430 442
430 474
430 661
430 678
430 760
430 835
430 879
430 895
430 990
431 917
432 750
433 694
433 697
433 700
434 471
434 618
434 768
434 975
434 979
435 519
435 570
435 601
435 625
435 730
435 849
435 987
436 460
436 544
436 749
436 867
436 981
436 1009
437 445
437 783
438 442
438 565
438 576
438 668
438 917
438 1017
439 479
439 542
439 586
439 603
439 668
439 854
439 910
439 934
440 591
440 648
440 850
441 458
441 603
441 673
441 688
441 700
441 846
441 932
441 946
441 955
442 452
442 465
442 625
442 772
442 870
442 918
442 978
445 566
445 584
445 807
446 558
446 581
446 683
446 689
446 868
446 898
446 953
446 963
447 570
447 722
447 781
447 809
447 1012
448 570
448 819
448 866
448 1020
449 535
449 545
449 696
449 740
450 461
450 467
450 535
450 584
450 611
450 718
450 903
450 972
450 1010
451 591
451 617
451 872
452 566
452 628
452 629
452 669
452 710
452 764
452 811
452 831
453 485
453 657
453 717
453 865
453 906
453 920
453 945
454 529
454 544
454 818
454 864
454 942
454 961
455 472
455 486
455 507
455 517
455 763
455 971
456 566
456 568
456 617
456 728
456 738
456 756
456 965
456 967
457 775
457 823
458 470
458 662
458 731
458 922
458 998
459 599
459 673
459 712
459 907
459 1016
460 575
460 641
460 804
460 946
461 572
461 577
461 733
461 814
461 840
462 491
462 758
462 782
462 887
462 978
463 603
463 740
463 885
464 579
464 721
465 485
465 618
465 663
465 817
465 852
466 679
466 774
466 907
467 539
467 584
468 480
468 803
468 942
468 982
469 526
469 532
469 592
469 732
469 781
469 791
469 946
469 960
470 596
470 777
470 836
470 859
470 875
471 514
471 539
471 542
471 653
471 665
471 737
471 1013
471 1023
472 511
472 645
472 656
472 822
472 854
472 856
472 878
474 518
475 757
475 939
476 546
476 561
476 634
476 651
476 861
477 521
477 564
477 600
477 686
477 713
477 789
477 914
477 1012
478 490
478 976
478 1005
478 1006
479 572
479 586
479 790
479 797
479 807
479 952
479 1005
480 569
480 630
480 747
480 756
480 862
480 938
480 983
481 497
481 641
481 650
481 654
481 728
481 794
481 894
481 974
481 1019
482 485
482 489
482 568
482 711
482 724
482 844
483 568
483 656
483 700
483 1008
484 594
484 708
484 842
485 502
485 542
485 683
485 710
485 763
485 972
486 660
486 890
487 569
487 1018
488 666
488 826
489 606
489 724
489 768
489 777
489 926
490 523
490 641
490 667
490 702
490 953
490 995
491 561
491 790
491 949
492 543
492 558
492 770
493 497
493 505
493 606
493 645
493 676
493 764
493 1019
494 677
494 842
494 1014
495 519
495 537
495 545
495 576
495 639
495 830
495 843
496 557
496 660
496 665
496 765
496 859
497 525
497 567
497 732
497 946
497 973
498 534
498 542
498 583
498 734
498 873
499 580
499 665
499 783
500 504
500 677
500 716
500 980
501 709
501 787
501 847
501 873
501 913
501 920
501 944
502 513
502 528
502 535
502 576
502 602
502 605
502 622
502 633
502 711
502 808
502 912
502 956
502 973
503 554
503 630
503 655
503 689
503 755
503 870
504 669
504 672
504 734
504 876
504 937
505 524
505 610
505 778
505 856
505 923
506 877
507 673
507 899
507 995
508 514
508 571
508 654
508 655
508 691
508 749
508 754
510 574
510 624
510 725
511 615
511 780
511 799
511 886
511 981
512 612
512 714
512 783
512 789
512 833
513 606
513 630
513 708
513 854
513 979
514 731
514 897
514 966
514 1016
515 701
515 726
515 768
515 795
515 879
515 884
515 890
516 535
516 730
516 791
517 529
517 577
517 619
517 795
517 1003
518 576
518 578
518 659
518 772
520 723
520 939
520 993
521 842
521 996
522 556
522 585
522 705
522 714
522 786
522 815
522 865
522 981
522 982
523 604
523 751
523 881
523 1004
524 530
524 589
524 706
524 717
524 733
524 744
524 760
524 805
524 817
524 835
525 973
526 563
526 626
526 642
526 663
526 872
526 970
527 548
527 625
528 831
528 846
528 924
528 954
529 534
529 577
529 582
529 607
529 901
529 1022
530 902
531 852
531 992
532 615
532 798
532 903
533 623
534 727
534 753
534 925
535 794
535 796
536 579
536 647
536 807
536 885
536 900
536 932
537 592
537 882
539 542
539 631
539 649
539 742
539 767
539 888
539 902
539 918
540 588
540 639
540 644
540 805
540 887
540 989
541 592
541 821
541 934
541 986
541 996
542 645
542 753
542 783
542 875
542 905
542 925
542 1015
543 605
543 699
543 705
543 718
543 896
545 554
545 729
545 731
545 763
545 813
545 897
545 919
546 651
546 671
546 750
546 874
546 918
547 793
547 847
547 866
547 927
548 563
548 646
548 781
548 852
548 943
548 954
548 1002
550 733
550 990
551 620
551 742
551 920
552 589
552 746
552 922
553 630
553 670
553 692
553 737
554 780
555 561
555 601
555 664
555 769
555 877
555 943
556 582
556 993
557 590
557 611
557 756
557 818
557 934
558 587
558 754
558 831
558 919
559 841
559 846
560 588
560 824
561 626
561 680
561 831
561 1022
562 745
563 573
563 579
563 651
563 701
563 759
563 828
563 983
564 891
564 977
565 961
566 735
566 848
566 911
566 971
566 999
567 586
567 782
569 577
569 637
569 776
570 605
570 702
570 755
570 773
571 683
571 726
571 728
571 941
573 726
573 741
573 824
574 664
574 672
574 797
574 828
574 859
575 577
575 721
575 750
575 797
575 913
575 981
576 653
576 869
577 660
578 617
578 871
578 892
578 895
578 956
578 1022
579 589
579 723
579 732
579 873
579 892
579 923
579 950
580 668
580 785
581 876
582 636
582 641
582 753
582 817
582 915
582 1001
583 791
583 853
585 835
586 591
586 703
586 704
586 923
587 770
588 610
588 706
588 818
589 599
590 632
590 643
590 818
590 833
590 962
590 987
591 622
591 928
591 938
592 620
592 712
592 796
592 925
592 957
592 1023
593 658
593 789
593 919
594 730
594 762
594 811
594 850
594 872
594 931
595 766
595 857
596 600
596 630
596 736
597 648
597 754
597 820
598 677
599 687
599 741
599 823
600 614
600 640
600 649
600 661
600 686
600 1021
601 714
601 808
601 860
602 650
602 708
602 821
602 832
603 928
604 636
605 950
607 712
607 884
608 614
608 762
608 828
608 884
608 891
609 828
609 923
611 747
611 763
611 806
611 843
611 909
611 921
612 754
612 872
612 910
613 619
613 654
614 684
614 712
614 721
614 785
614 843
614 857
614 910
614 918
614 969
614 1004
615 622
615 800
615 827
615 896
615 983
615 1002
616 726
616 908
617 664
617 800
617 810
617 892
617 912
618 880
618 999
619 905
619 998
620 671
620 734
620 929
621 629
621 928
621 998
622 794
622 813
622 824
623 697
623 707
623 726
624 668
624 684
624 798
624 820
624 1013
625 753
625 921
625 960
626 733
626 742
626 920
626 990
626 1017
627 813
627 846
627 950
627 996
628 645
628 648
628 897
628 930
629 967
630 697
630 702
630 919
631 759
631 890
631 1002
632 752
632 816
632 930
632 935
632 996
633 729
633 863
633 892
633 979
634 680
634 936
634 988
635 698
635 827
637 670
637 736
637 750
637 963
637 991
638 751
638 952
638 966
638 980
638 987
639 849
639 891
640 703
640 935
641 705
641 911
642 962
642 968
643 646
643 719
643 733
643 839
644 687
644 765
644 845
644 894
644 960
644 961
644 1019
645 876
647 757
648 931
648 954
648 1005
650 729
650 882
650 1022
651 661
651 680
651 817
651 836
651 873
651 932
652 767
652 989
652 993
653 680
653 725
653 780
653 971
654 813
654 869
655 743
656 940
656 997
657 837
657 889
657 897
659 729
659 793
659 850
660 693
660 774
660 937
660 1006
661 905
661 958
662 665
662 760
662 770
662 792
662 997
663 666
663 739
663 758
663 946
663 1021
664 667
664 982
665 671
665 861
665 898
665 907
666 852
667 893
668 924
669 746
669 826
669 920
672 746
672 845
672 870
672 959
672 968
672 976
673 722
674 866
674 927
675 911
675 1001
676 771
677 746
677 969
678 756
678 802
678 805
678 888
678 906
678 937
678 974
678 985
679 729
680 998
680 1003
681 927
681 1010
682 732
682 877
682 988
683 879
683 1023
684 773
684 856
685 723
685 924
686 696
686 714
686 788
686 807
686 838
686 844
686 1009
687 761
687 815
687 817
687 906
688 757
688 887
689 903
690 828
690 933
691 712
692 805
692 823
692 927
693 742
695 862
696 882
697 745
697 758
697 890
697 944
698 734
698 922
699 771
699 827
700 735
701 770
701 937
701 974
702 751
702 895
703 951
704 870
704 893
704 975
705 744
705 818
706 781
706 863
706 1006
707 792
707 1020
708 799
708 806
708 871
710 850
711 732
711 792
711 839
712 739
712 790
712 793
714 784
715 922
716 757
716 883
716 911
716 1005
717 720
717 1009
718 781
718 792
718 803
719 858
720 797
721 727
721 765
721 823
721 929
721 1012
722 905
722 954
722 981
723 759
723 959
725 728
725 761
726 758
726 781
726 858
726 976
727 844
727 929
728 740
728 745
728 822
728 1009
729 839
729 965
729 968
730 804
731 901
732 799
732 803
732 883
733 833
733 919
733 950
733 1002
734 745
734 834
734 854
734 928
736 772
736 859
736 947
737 741
737 915
738 980
739 757
739 903
739 1023
740 764
740 831
742 931
744 822
744 999
745 819
745 952
746 837
747 904
747 1012
748 761
748 1021
749 849
749 916
749 947
750 854
750 949
751 936
752 870
752 887
752 905
753 758
756 766
756 928
757 874
757 889
757 990
759 877
760 793
760 958
761 795
761 897
761 930
761 939
762 1022
763 868
764 796
765 792
765 855
765 930
766 848
767 770
767 825
767 912
767 916
768 947
770 791
770 804
770 862
770 955
772 916
772 1020
773 776
773 864
773 901
775 812
775 907
776 809
776 908
776 972
777 906
778 827
780 851
780 1007
781 861
781 1021
782 865
782 913
782 967
782 972
783 875
783 899
783 944
783 977
784 864
785 819
785 860
785 978
786 795
786 952
787 795
789 809
789 926
791 834
791 923
791 984
793 890
793 999
793 1017
795 909
796 883
798 821
798 840
800 951
801 821
801 985
802 977
804 808
804 840
804 871
805 849
805 1022
806 812
806 919
808 812
808 954
810 843
810 898
810 1001
810 1022
811 867
812 876
812 895
812 993
813 922
813 973
816 819
816 847
816 963
816 987
818 854
818 936
818 951
821 1009
822 941
823 889
823 1000
826 829
829 930
829 967
829 1007
831 839
832 977
834 886
836 858
836 874
836 899
836 904
836 961
837 963
838 977
839 869
839 906
839 926
840 885
842 880
846 873
846 973
846 1013
848 940
849 895
850 858
850 926
850 957
851 879
851 1014
852 987
853 887
853 912
854 873
854 938
857 879
859 908
860 864
864 938
864 959
865 874
865 901
865 957
865 975
865 993
867 886
867 901
867 943
869 915
869 951
874 922
874 928
877 918
877 991
877 1011
878 896
878 973
879 987
881 945
881 971
891 979
892 977
895 928
896 943
899 954
899 979
901 902
901 926
902 944
902 965
906 923
908 939
910 912
912 952
913 998
914 937
914 964
914 973
914 1005
915 919
915 951
918 989
919 956
920 996
920 1012
923 1011
925 978
926 976
932 998
933 963
933 981
935 956
939 952
942 978
944 961
947 984
947 986
948 999
949 988
950 951
953 1016
954 985
961 970
968 1015
972 1015
972 1023
974 1010
975 1012
982 984
986 1005
991 998
993 1010
