0 14
0 28
0 29
0 40
0 129
0 161
0 214
0 227
0 360
0 363
0 368
0 375
0 398
0 415
0 420
0 433
1 5
1 6
1 43
1 49
1 67
1 120
1 161
1 183
1 192
1 270
1 292
1 300
1 305
1 393
1 419
1 451
1 479
1 492
1 507
2 17
2 66
2 72
2 113
2 125
2 126
2 152
2 266
2 353
2 359
2 373
2 406
2 423
2 431
2 442
2 504
3 31
3 55
3 89
3 101
3 113
3 139
3 157
3 242
3 262
3 279
3 382
3 385
3 390
3 404
4 11
4 33
4 50
4 89
4 154
4 203
4 247
4 251
4 253
4 355
4 395
4 454
4 455
4 507
5 24
5 65
5 81
5 98
5 107
5 130
5 149
5 182
5 184
5 205
5 224
5 325
5 356
5 363
5 395
5 437
5 447
5 458
5 472
5 481
6 17
6 34
6 69
6 70
6 83
6 95
6 107
6 147
6 236
6 268
6 349
6 362
6 373
6 389
6 396
6 399
6 415
6 474
6 501
7 69
7 122
7 129
7 135
7 189
7 217
7 241
7 268
7 281
7 302
7 353
7 361
7 408
7 419
7 492
8 44
8 75
8 128
8 156
8 158
8 284
8 309
8 323
8 341
8 357
8 381
8 393
8 412
8 443
8 463
8 493
9 19
9 33
9 87
9 114
9 123
9 164
9 203
9 229
9 238
9 250
9 263
9 324
9 365
9 380
9 436
9 467
9 480
10 31
10 79
10 106
10 142
10 203
10 223
10 256
10 321
10 325
10 340
10 348
10 384
10 413
10 418
10 454
10 485
10 504
11 62
11 95
11 121
11 149
11 163
11 217
11 253
11 270
11 357
11 362
11 379
11 406
11 439
11 454
11 470
11 475
12 21
12 60
12 212
12 217
12 221
12 227
12 291
12 307
12 469
13 14
13 20
13 28
13 38
13 54
13 57
13 140
13 189
13 210
13 229
13 297
13 321
13 324
13 421
14 27
14 32
14 37
14 47
14 58
14 166
14 173
14 180
14 222
14 232
14 241
14 301
14 333
14 338
14 427
14 428
14 461
14 479
14 486
14 509
15 20
15 51
15 72
15 74
15 106
15 126
15 128
15 175
15 200
15 206
15 210
15 238
15 253
15 344
15 397
15 431
15 487
16 30
16 95
16 122
16 131
16 169
16 219
16 234
16 288
16 297
16 327
16 346
16 389
16 397
16 406
16 408
16 454
16 474
17 18
17 46
17 60
17 95
17 106
17 118
17 119
17 139
17 268
17 272
17 308
17 382
17 383
17 388
17 410
17 429
17 430
17 478
17 495
18 118
18 130
18 136
18 154
18 161
18 199
18 209
18 215
18 245
18 296
18 324
18 396
18 407
18 477
19 25
19 75
19 146
19 153
19 187
19 209
19 215
19 316
19 385
19 391
19 399
19 403
19 420
19 490
20 22
20 40
20 51
20 56
20 92
20 105
20 131
20 140
20 149
20 160
20 209
20 279
20 305
20 339
20 373
20 421
20 446
20 474
20 488
20 506
21 52
21 55
21 62
21 99
21 158
21 170
21 215
21 231
21 241
21 246
21 265
21 289
21 322
21 333
21 378
21 449
21 451
21 455
21 460
22 34
22 41
22 59
22 105
22 137
22 184
22 193
22 200
22 208
22 301
22 308
22 313
22 332
22 352
22 357
22 381
22 422
22 430
22 441
22 445
22 448
22 453
22 455
23 27
23 59
23 67
23 157
23 175
23 191
23 192
23 210
23 226
23 243
23 244
23 271
23 328
23 336
23 340
23 367
23 390
23 396
23 430
23 432
23 450
24 35
24 36
24 38
24 83
24 157
24 283
24 298
24 313
24 346
24 400
24 451
24 458
24 460
24 483
25 29
25 65
25 67
25 80
25 220
25 235
25 298
25 318
25 348
25 352
25 425
25 435
25 476
26 121
26 144
26 155
26 157
26 168
26 219
26 223
26 245
26 340
26 358
26 400
26 447
26 506
27 143
27 165
27 166
27 172
27 188
27 227
27 338
27 341
27 349
27 384
27 408
27 419
27 465
28 31
28 111
28 148
28 227
28 281
28 342
28 347
28 429
29 129
29 226
29 266
29 287
29 358
29 371
29 391
29 426
29 438
29 450
29 461
29 470
29 482
29 492
30 129
30 133
30 136
30 179
30 188
30 214
30 245
30 246
30 368
30 398
30 413
30 439
30 481
30 482
30 483
30 491
31 34
31 67
31 74
31 111
31 118
31 143
31 167
31 172
31 220
31 242
31 308
31 314
31 350
31 368
31 383
31 412
31 431
31 442
31 486
31 508
32 43
32 55
32 116
32 204
32 212
32 215
32 260
32 277
32 375
32 393
32 425
32 447
32 470
32 472
33 46
33 56
33 66
33 67
33 70
33 97
33 137
33 151
33 169
33 237
33 244
33 255
33 273
33 348
33 356
33 401
33 426
33 482
33 484
33 494
33 510
34 65
34 89
34 112
34 132
34 156
34 171
34 175
34 207
34 239
34 244
34 251
34 286
34 354
34 361
34 366
34 410
34 430
34 441
34 469
34 481
34 494
34 502
35 96
35 106
35 122
35 147
35 173
35 199
35 311
35 406
35 465
36 59
36 110
36 129
36 166
36 168
36 174
36 202
36 248
36 250
36 263
36 320
36 324
36 336
36 338
36 385
36 414
36 443
36 450
36 453
36 475
36 480
36 498
37 78
37 84
37 86
37 115
37 138
37 161
37 182
37 226
37 276
37 307
37 329
37 330
37 344
37 363
37 371
37 394
37 405
37 408
37 487
37 504
38 42
38 51
38 61
38 128
38 172
38 175
38 180
38 187
38 197
38 212
38 214
38 230
38 263
38 310
38 329
38 349
38 382
38 387
38 402
38 403
38 433
38 443
38 448
38 460
39 51
39 66
39 161
39 256
39 297
39 305
39 313
39 319
39 393
39 410
39 411
39 431
39 472
39 476
39 483
39 510
39 511
40 47
40 61
40 88
40 94
40 118
40 122
40 142
40 152
40 165
40 167
40 254
40 293
40 311
40 340
40 365
40 401
40 479
40 486
40 495
40 510
41 101
41 133
41 186
41 223
41 307
41 372
41 406
41 433
41 483
42 125
42 141
42 149
42 212
42 284
42 334
42 363
42 389
42 392
42 407
42 450
42 490
42 500
42 504
43 118
43 206
43 241
43 278
43 298
43 382
43 390
43 436
43 438
43 460
43 466
43 478
43 493
44 111
44 173
44 254
44 274
44 305
44 335
44 376
44 386
44 393
44 445
44 448
44 478
44 495
45 120
45 133
45 161
45 164
45 168
45 215
45 227
45 243
45 358
45 373
45 399
45 425
45 442
45 475
45 496
45 509
45 510
46 50
46 117
46 163
46 166
46 175
46 232
46 365
47 66
47 97
47 109
47 120
47 141
47 157
47 185
47 282
47 376
47 385
47 407
47 416
47 436
47 489
48 116
48 138
48 142
48 212
48 218
48 236
48 242
48 267
48 279
48 294
48 299
48 301
48 356
48 388
48 392
48 428
48 444
48 452
48 469
49 75
49 166
49 171
49 229
49 336
49 426
49 465
49 467
49 473
49 478
49 482
49 492
49 508
50 56
50 114
50 146
50 182
50 198
50 219
50 288
50 308
50 340
50 386
50 389
50 414
50 436
50 475
51 65
51 74
51 84
51 94
51 116
51 134
51 166
51 172
51 185
51 194
51 203
51 211
51 214
51 219
51 229
51 290
51 309
51 319
51 323
51 355
51 385
51 411
51 420
51 427
51 503
52 131
52 134
52 135
52 224
52 232
52 267
52 308
52 310
52 317
52 330
52 477
52 510
53 84
53 106
53 238
53 296
53 309
53 331
53 392
53 410
53 493
54 169
54 200
54 222
54 233
54 243
54 298
54 315
54 332
54 370
54 387
54 471
54 508
55 59
55 86
55 94
55 108
55 211
55 218
55 242
55 329
55 358
55 363
55 371
55 384
55 393
55 396
55 409
55 460
56 76
56 95
56 96
56 108
56 144
56 182
56 325
56 367
56 377
56 378
56 395
56 421
56 423
56 484
56 505
57 69
57 73
57 96
57 99
57 123
57 141
57 151
57 183
57 184
57 210
57 214
57 273
57 282
57 322
57 350
57 361
57 463
57 491
58 92
58 112
58 118
58 131
58 134
58 146
58 167
58 170
58 211
58 217
58 240
58 253
58 289
58 313
58 332
58 349
58 387
58 402
58 426
58 430
58 503
59 97
59 136
59 137
59 157
59 221
59 227
59 259
59 272
59 292
59 302
59 328
59 396
59 421
59 457
59 489
59 494
59 508
60 70
60 115
60 167
60 171
60 183
60 197
60 211
60 235
60 252
60 260
60 265
60 354
60 359
60 368
60 377
60 408
60 432
60 455
60 456
60 506
60 511
61 67
61 79
61 122
61 162
61 197
61 210
61 252
61 275
61 328
61 340
61 366
61 410
61 412
61 419
61 438
61 456
61 467
61 492
62 68
62 136
62 148
62 158
62 186
62 217
62 223
62 230
62 244
62 265
62 303
62 365
62 369
62 406
62 439
62 470
63 76
63 140
63 176
63 178
63 338
63 348
63 441
63 502
64 126
64 161
64 217
64 220
64 238
64 240
64 419
64 426
64 449
64 458
64 463
64 500
64 508
65 102
65 121
65 171
65 276
65 287
65 294
65 300
65 308
65 309
65 313
65 315
65 368
65 411
65 461
65 480
65 484
65 510
66 135
66 139
66 151
66 202
66 207
66 228
66 292
66 336
66 350
66 388
66 433
66 447
66 491
66 509
67 214
67 215
67 237
67 338
67 342
67 367
67 377
68 70
68 95
68 101
68 184
68 209
68 229
68 261
68 269
68 270
68 276
68 285
68 348
68 400
68 401
68 450
68 467
68 509
69 74
69 83
69 89
69 96
69 114
69 120
69 122
69 144
69 159
69 165
69 186
69 201
69 218
69 249
69 253
69 258
69 260
69 266
69 295
69 306
69 312
69 401
69 429
69 496
69 503
70 79
70 89
70 104
70 155
70 170
70 186
70 197
70 233
70 248
70 266
70 269
70 355
70 365
70 383
70 405
70 438
71 107
71 226
71 255
71 293
71 366
71 390
72 76
72 199
72 219
72 221
72 320
72 322
72 350
72 452
72 458
73 154
73 159
73 185
73 206
73 213
73 229
73 238
73 242
73 252
73 263
73 300
73 321
73 331
73 423
73 424
73 472
73 491
73 499
73 510
74 75
74 85
74 178
74 189
74 232
74 256
74 286
74 337
74 457
74 462
74 508
75 88
75 104
75 112
75 178
75 187
75 201
75 202
75 225
75 236
75 324
75 371
75 404
75 420
75 470
75 471
75 496
76 115
76 127
76 135
76 148
76 193
76 211
76 215
76 264
76 270
76 277
76 283
76 344
76 377
76 405
76 501
77 127
77 129
77 202
77 238
77 271
77 299
77 308
77 313
77 325
77 350
77 364
77 395
77 397
77 428
78 94
78 147
78 223
78 241
78 250
78 254
78 277
78 289
78 292
78 310
78 356
78 381
78 465
79 168
79 169
79 224
79 234
79 237
79 268
79 305
79 345
79 350
79 375
79 380
79 471
79 491
80 172
80 175
80 198
80 200
80 220
80 232
80 267
80 280
80 321
80 327
80 472
80 507
81 95
81 148
81 198
81 244
81 255
81 256
81 261
81 287
81 324
81 330
81 350
81 440
81 453
81 461
81 466
81 476
81 497
81 499
82 85
82 100
82 159
82 198
82 210
82 283
82 310
82 352
82 374
82 404
82 435
83 117
83 155
83 175
83 218
83 225
83 251
83 280
83 343
83 379
83 390
83 394
83 396
83 401
83 438
83 479
84 91
84 127
84 158
84 168
84 222
84 253
84 263
84 286
84 358
84 385
84 386
84 404
84 435
84 487
85 87
85 98
85 106
85 169
85 238
85 245
85 267
85 268
85 287
85 398
85 407
85 427
85 442
85 455
85 469
85 488
85 499
85 500
85 509
86 195
86 230
86 315
86 345
86 359
86 418
86 450
86 455
86 480
87 94
87 98
87 115
87 130
87 158
87 214
87 235
87 306
87 321
87 381
87 417
87 443
87 453
87 502
87 503
87 504
87 510
88 89
88 128
88 146
88 171
88 259
88 293
88 306
88 309
88 324
88 401
88 427
88 430
88 457
88 491
89 117
89 135
89 184
89 212
89 222
89 224
89 241
89 248
89 253
89 304
89 363
89 459
89 490
90 152
90 254
90 265
90 299
90 311
90 323
90 351
90 360
90 371
90 374
90 389
90 455
90 465
90 471
90 477
90 482
90 496
91 142
91 186
91 234
91 246
91 257
91 263
91 265
91 294
91 323
91 413
91 416
91 439
91 449
91 488
91 507
92 332
92 367
92 423
92 439
92 506
93 104
93 107
93 114
93 130
93 145
93 178
93 217
93 220
93 300
93 336
93 383
93 405
93 458
94 98
94 113
94 133
94 154
94 167
94 197
94 207
94 219
94 224
94 231
94 274
94 294
94 338
94 339
94 400
94 406
94 457
94 490
94 500
94 507
95 106
95 146
95 173
95 182
95 211
95 213
95 263
95 270
95 290
95 301
95 361
95 421
95 501
96 135
96 169
96 216
96 223
96 237
96 280
96 304
96 355
96 363
96 391
96 429
96 448
96 456
96 475
96 497
96 498
96 505
96 506
97 177
97 190
97 214
97 231
97 238
97 296
97 327
97 367
97 385
97 425
97 436
97 437
97 508
98 166
98 189
98 302
98 327
98 366
98 379
98 390
98 395
98 468
98 474
98 488
98 500
99 126
99 180
99 202
99 227
99 229
99 279
99 294
99 304
99 376
99 389
99 397
99 445
99 450
100 191
100 203
100 257
100 288
100 336
100 376
100 377
100 380
100 385
100 448
101 150
101 191
101 225
101 252
101 279
101 281
101 287
101 330
101 337
101 354
101 380
101 425
101 463
101 473
102 165
102 174
102 178
102 273
102 281
102 292
102 297
102 344
102 351
102 379
102 394
102 404
102 455
102 474
103 266
103 277
103 294
103 296
103 319
103 349
103 438
103 481
103 490
103 498
104 139
104 177
104 228
104 274
104 322
104 348
104 354
104 357
104 374
104 375
104 406
104 455
105 110
105 185
105 193
105 202
105 214
105 225
105 256
105 301
105 308
105 354
105 364
105 401
105 458
105 474
105 484
106 169
106 230
106 375
106 406
106 448
106 485
107 154
107 199
107 261
107 281
107 308
107 334
107 343
107 372
107 394
107 431
107 454
107 465
107 485
108 126
108 128
108 140
108 177
108 194
108 199
108 201
108 237
108 244
108 270
108 329
108 336
108 347
108 374
108 452
108 458
108 498
108 509
109 149
109 197
109 237
109 258
109 266
109 269
109 291
109 315
109 326
109 345
109 367
109 375
109 397
109 411
109 421
109 430
109 481
109 494
110 113
110 143
110 194
110 228
110 254
110 287
110 320
110 323
110 347
110 361
110 396
110 402
110 406
110 414
110 417
110 457
111 128
111 148
111 153
111 178
111 190
111 217
111 270
111 288
111 325
111 338
111 339
111 378
112 203
112 247
112 330
112 331
112 485
112 489
113 132
113 160
113 166
113 216
113 245
113 343
113 369
113 404
113 460
114 132
114 147
114 204
114 211
114 229
114 251
114 262
114 343
114 428
114 492
115 123
115 124
115 162
115 191
115 280
115 311
115 362
115 383
115 479
115 494
116 138
116 163
116 172
116 269
116 304
116 431
116 438
116 441
116 504
117 130
117 197
117 202
117 233
117 236
117 278
117 298
117 311
117 326
117 376
117 420
117 456
117 484
117 492
117 500
117 509
118 140
118 252
118 280
118 337
118 340
118 444
118 474
119 127
119 134
119 140
119 144
119 152
119 154
119 183
119 204
119 224
119 237
119 276
119 308
119 366
119 384
119 462
119 488
120 128
120 140
120 143
120 149
120 182
120 203
120 301
120 322
120 429
120 479
120 498
120 501
121 166
121 186
121 209
121 218
121 235
121 239
121 282
121 304
121 355
121 393
121 397
121 415
121 428
121 429
121 452
121 463
121 475
122 134
122 166
122 208
122 249
122 253
122 298
122 303
122 337
122 360
122 381
122 392
122 437
122 447
122 452
122 490
122 501
123 154
123 200
123 224
123 225
123 295
123 325
123 334
123 344
123 361
123 387
123 426
123 427
123 449
123 452
123 485
123 488
124 176
124 225
124 251
124 255
124 274
124 328
124 350
124 429
124 433
124 449
124 459
124 502
125 148
125 154
125 158
125 168
125 180
125 189
125 202
125 256
125 272
125 317
125 348
125 407
125 421
125 425
125 431
125 432
125 454
125 507
125 510
126 161
126 171
126 213
126 217
126 248
126 258
126 364
126 451
126 464
127 164
127 196
127 213
127 221
127 368
127 369
127 373
127 391
127 434
127 445
127 480
128 154
128 168
128 184
128 229
128 231
128 235
128 256
128 305
128 318
128 319
128 332
128 372
128 377
128 383
128 395
128 465
128 511
129 157
129 256
129 259
129 271
129 277
129 288
129 312
129 316
129 320
129 327
129 404
129 410
129 427
129 432
129 469
129 489
130 142
130 152
130 164
130 210
130 214
130 233
130 264
130 286
130 365
130 376
130 406
130 439
130 466
130 505
131 166
131 182
131 193
131 211
131 276
131 279
131 284
131 288
131 333
131 365
131 390
132 166
132 172
132 181
132 203
132 223
132 234
132 247
132 248
132 258
132 293
132 303
132 304
132 334
132 351
132 421
132 438
133 179
133 185
133 187
133 206
133 228
133 256
133 291
133 405
133 458
133 469
133 483
133 493
134 135
134 206
134 265
134 296
134 309
134 312
134 468
134 476
135 140
135 177
135 228
135 243
135 251
135 260
135 309
135 354
135 361
135 396
135 431
135 488
136 261
136 270
136 277
136 309
136 342
136 346
136 397
136 404
136 444
137 141
137 168
137 184
137 320
137 337
137 378
137 413
137 460
138 146
138 249
138 271
138 272
138 351
138 359
138 361
138 422
138 442
138 459
139 160
139 183
139 199
139 210
139 250
139 266
139 268
139 306
139 328
139 365
139 414
139 433
140 149
140 162
140 196
140 201
140 210
140 287
140 298
140 336
140 418
140 454
140 485
141 221
141 346
141 347
141 358
141 368
141 384
141 410
141 431
141 506
141 511
142 177
142 198
142 240
142 251
142 323
142 339
142 342
142 435
142 439
142 453
142 487
142 493
143 198
143 199
143 204
143 226
143 232
143 264
143 395
143 401
143 413
143 426
143 432
143 455
143 459
143 500
143 505
144 171
144 215
144 250
144 256
144 314
144 324
144 384
144 431
144 436
145 169
145 215
145 260
145 324
145 343
145 346
145 467
145 482
145 510
146 182
146 194
146 215
146 237
146 282
146 323
146 464
146 486
147 194
147 257
147 306
147 331
147 347
147 421
148 164
148 166
148 201
148 208
148 220
148 270
148 287
148 307
148 316
148 345
148 359
148 389
148 441
149 158
149 183
149 210
149 229
149 237
149 341
149 375
149 405
149 420
149 433
149 464
150 217
150 224
150 286
150 299
150 387
150 409
150 415
150 421
150 438
150 453
150 460
150 464
151 230
151 300
151 306
151 359
151 392
151 413
151 431
151 445
152 267
152 274
152 372
152 399
152 413
152 453
152 493
153 154
153 156
153 218
153 227
153 233
153 268
153 273
153 279
153 345
153 352
153 357
153 382
153 395
153 419
153 437
153 462
153 500
154 172
154 190
154 247
154 257
154 330
154 340
154 343
154 385
154 396
154 449
155 166
155 175
155 185
155 207
155 262
155 269
155 270
155 297
155 306
155 394
155 416
155 422
156 240
156 268
156 279
156 280
156 364
156 384
156 420
157 164
157 177
157 230
157 261
157 327
157 345
157 394
157 414
157 477
157 479
157 501
158 171
158 180
158 187
158 210
158 255
158 272
158 273
158 281
158 323
158 343
158 395
158 404
158 427
158 464
159 231
159 234
159 279
159 281
159 324
159 327
159 384
159 483
159 496
160 164
160 206
160 232
160 261
160 271
160 287
160 303
160 324
160 326
160 341
160 355
160 370
160 431
160 486
161 163
161 165
161 245
161 265
161 288
161 322
161 340
161 358
161 458
161 477
162 205
162 225
162 258
162 288
162 338
162 361
162 368
162 378
162 441
162 451
163 166
163 205
163 209
163 211
163 236
163 259
163 309
163 319
163 350
163 379
163 389
163 410
163 413
163 454
163 466
163 478
163 495
163 509
164 173
164 231
164 295
164 311
164 341
164 363
164 382
164 383
164 384
164 404
164 416
164 418
164 470
164 485
164 489
165 178
165 193
165 234
165 321
165 322
165 357
165 407
165 459
166 169
166 202
166 235
166 337
166 485
167 171
167 192
167 216
167 223
167 244
167 257
167 260
167 281
167 289
167 293
167 294
167 329
167 331
167 365
167 366
167 406
167 418
167 442
167 443
167 509
168 187
168 220
168 244
168 253
168 267
168 299
168 353
168 375
168 386
168 448
168 459
168 472
168 497
169 179
169 196
169 199
169 215
169 224
169 235
169 261
169 292
169 314
169 316
169 320
169 330
169 363
169 376
169 418
169 465
169 486
169 510
170 173
170 199
170 243
170 252
170 285
170 352
170 418
170 419
170 469
170 476
170 509
171 175
171 208
171 277
171 335
171 389
171 391
171 427
171 467
171 472
171 495
171 501
171 508
172 179
172 189
172 227
172 234
172 251
172 256
172 300
172 330
172 345
172 394
172 445
172 465
172 474
172 490
172 500
173 174
173 178
173 196
173 216
173 247
173 283
173 337
173 348
173 355
173 372
173 451
173 455
173 494
174 210
174 308
174 382
174 428
174 453
175 201
175 235
175 276
175 306
175 339
175 372
175 405
175 424
175 454
175 470
175 478
175 481
175 488
176 181
176 195
176 199
176 210
176 230
176 248
176 262
176 271
176 294
176 376
176 392
176 440
176 477
177 193
177 206
177 218
177 225
177 242
177 260
177 268
177 342
177 406
177 421
177 434
177 478
177 480
177 483
178 248
178 262
178 311
178 375
178 393
178 412
178 426
178 433
178 440
178 470
178 478
179 185
179 261
179 263
179 279
179 280
179 359
179 413
179 458
179 485
180 212
180 231
180 348
180 404
180 417
180 451
180 498
181 190
181 218
181 268
181 274
181 297
181 302
181 304
181 323
181 385
181 386
181 403
181 407
181 425
181 465
182 198
182 238
182 242
182 255
182 317
182 332
182 348
182 374
182 461
182 486
182 498
183 213
183 219
183 303
183 333
183 339
183 358
183 416
184 207
184 215
184 242
184 255
184 284
184 308
184 337
184 339
184 366
184 371
184 407
184 411
184 419
184 433
184 449
184 470
184 491
185 246
185 276
185 297
185 332
185 345
185 482
186 262
186 277
186 288
186 308
186 356
187 198
187 224
187 245
187 289
187 291
187 296
187 339
187 415
187 431
188 218
188 260
188 265
188 281
188 316
188 403
188 454
188 469
189 290
189 302
189 331
189 339
189 401
189 426
189 430
189 459
189 470
189 474
190 244
190 280
190 308
190 316
190 349
190 351
190 382
190 390
190 393
190 413
190 428
190 464
190 489
190 498
191 208
191 214
191 254
191 309
191 310
191 334
191 353
191 370
191 375
191 402
191 414
191 469
191 509
192 196
192 200
192 227
192 248
192 269
192 272
192 279
192 299
192 306
192 316
192 326
192 369
192 413
192 418
192 441
192 443
192 508
193 205
193 222
193 254
193 267
193 329
193 339
193 386
193 399
193 422
193 430
193 472
193 473
193 480
193 486
193 487
194 249
194 261
194 284
194 310
194 376
194 404
194 432
194 470
194 497
195 236
195 269
195 271
195 275
195 282
195 289
195 313
195 429
195 439
195 473
195 476
195 497
195 509
196 201
196 205
196 226
196 276
196 277
196 307
196 364
196 454
196 508
197 240
197 244
197 245
197 285
197 286
197 288
197 317
197 373
197 405
197 408
197 472
197 491
198 224
198 310
198 329
198 342
198 343
198 358
198 360
198 399
198 456
198 475
198 492
199 290
199 299
199 306
199 323
199 347
199 445
199 463
199 489
200 234
200 302
200 307
200 329
200 331
200 378
200 430
200 434
200 478
201 228
201 260
201 296
201 297
201 301
201 307
201 313
201 318
201 322
201 373
201 393
201 400
201 406
201 412
201 423
201 482
201 504
202 295
202 316
202 393
202 431
202 486
202 489
203 247
203 271
203 332
203 357
203 416
203 463
203 474
204 246
204 277
204 283
204 335
204 433
204 460
204 501
204 503
205 222
205 253
205 275
205 289
205 315
205 316
205 318
205 336
205 350
205 472
205 500
205 506
206 240
206 267
206 312
206 371
206 423
206 444
206 482
206 486
206 498
207 224
207 251
207 261
207 270
207 304
207 323
207 344
207 371
207 416
207 418
207 443
207 466
207 484
207 511
208 231
208 244
208 344
208 346
208 357
208 365
208 392
208 414
208 467
208 497
208 501
209 253
209 363
209 432
209 455
209 468
209 489
209 502
210 265
210 387
210 406
210 449
211 261
211 297
211 324
211 375
211 400
211 434
212 241
212 268
212 297
212 354
212 384
212 394
212 404
212 423
212 494
213 221
213 229
213 270
213 355
213 364
213 429
213 459
213 496
214 255
214 307
214 337
214 346
214 363
214 388
214 415
214 426
214 486
215 227
215 272
215 288
215 311
215 349
215 395
215 441
215 471
215 498
216 285
216 294
216 315
216 321
216 324
216 328
216 338
216 358
216 379
216 447
216 500
217 263
217 364
217 365
217 410
217 465
217 496
217 502
217 506
218 251
218 263
218 307
218 396
218 464
218 507
219 266
219 284
219 393
219 407
220 244
220 322
220 335
220 410
220 490
220 498
220 507
220 508
221 241
221 340
221 359
221 372
221 412
221 444
221 445
221 446
221 510
222 240
222 247
222 354
222 364
222 380
222 447
222 470
222 472
222 493
223 276
223 299
223 302
223 315
223 350
223 429
223 507
224 304
224 313
224 363
224 372
224 375
224 380
224 425
225 227
225 231
225 234
225 311
225 325
225 335
225 353
225 498
225 510
226 305
226 311
226 317
226 326
226 329
226 330
226 336
226 362
226 370
226 431
227 293
227 348
227 371
227 384
227 438
227 452
228 232
228 245
228 274
228 302
228 317
228 321
228 326
228 382
228 411
228 415
228 436
228 481
229 249
229 264
229 329
229 412
229 418
229 446
229 457
230 412
230 426
230 430
230 452
230 476
230 489
230 506
230 507
231 237
231 258
231 286
231 363
231 375
231 378
231 385
231 410
231 421
231 427
231 484
232 238
232 260
232 263
232 273
232 281
232 283
232 290
232 296
232 357
232 370
232 391
232 393
232 396
232 401
232 433
232 486
232 500
233 255
233 308
233 397
233 428
233 469
233 470
233 485
233 505
234 262
234 279
234 300
234 303
234 360
234 425
234 458
234 472
234 476
234 481
235 265
235 298
235 403
235 429
235 441
235 463
236 239
236 354
236 356
236 363
236 389
236 480
237 245
237 246
237 268
237 270
237 341
237 342
237 344
237 345
237 370
237 394
237 456
238 274
238 310
238 312
238 352
238 362
238 382
238 388
238 395
238 439
238 449
238 453
239 372
239 386
239 472
239 476
239 486
239 503
240 250
240 251
240 260
240 316
240 338
240 339
240 362
240 444
240 459
240 484
240 491
241 253
241 261
241 266
241 331
241 409
241 425
242 267
242 272
242 289
242 299
242 340
242 367
242 374
242 375
242 424
242 472
243 266
243 301
243 333
243 380
243 383
243 404
243 414
243 432
243 453
243 466
244 396
244 502
245 255
245 285
245 320
245 347
245 370
245 398
245 408
245 431
246 261
246 277
246 281
246 297
246 327
246 333
246 345
246 383
246 396
246 430
246 435
246 481
247 269
247 279
247 321
247 346
247 380
247 383
247 428
247 431
247 448
247 465
248 262
248 278
248 318
249 343
249 345
249 367
249 406
249 408
249 446
249 500
250 251
250 294
250 321
250 337
250 345
250 349
250 406
250 451
251 295
251 312
251 385
251 392
251 463
251 480
251 506
252 315
252 358
252 423
252 459
252 506
253 308
253 335
253 337
254 260
254 264
254 288
254 301
254 323
254 327
254 357
254 359
254 373
254 381
254 398
254 425
254 430
254 431
254 440
254 480
254 498
255 286
255 324
255 354
255 413
255 478
255 482
255 494
255 506
256 259
256 266
256 279
256 300
256 407
256 442
256 470
256 477
257 299
257 336
257 357
257 438
257 448
258 296
258 337
258 411
258 426
258 485
258 500
259 268
259 296
259 352
259 372
259 429
259 432
259 463
259 487
260 269
260 275
260 295
260 362
260 367
260 374
260 391
260 418
260 425
260 429
260 433
260 446
260 453
260 485
261 334
261 360
261 369
261 395
261 415
261 421
262 375
262 478
263 274
263 295
263 311
263 335
263 370
263 376
263 422
263 456
264 293
264 320
264 389
264 393
264 497
264 508
265 298
265 352
265 363
265 383
265 417
265 439
265 448
265 456
265 476
266 366
266 375
266 376
266 408
266 461
266 478
266 507
267 279
267 296
267 308
267 311
267 371
267 378
267 382
267 384
267 388
267 424
267 479
267 490
268 385
268 404
268 417
268 444
269 312
269 315
269 316
269 345
269 369
269 414
269 450
269 473
269 489
270 312
270 353
270 363
270 404
270 430
270 465
271 298
271 306
271 313
271 355
271 391
271 405
271 409
271 451
271 462
271 485
271 496
272 288
272 306
272 345
272 346
272 388
272 415
272 496
273 294
273 350
273 433
274 296
274 306
274 324
274 362
274 376
274 378
274 405
274 419
274 427
274 477
275 319
275 337
275 425
275 474
276 287
276 352
276 354
276 402
276 431
276 444
277 315
277 343
277 361
277 390
277 460
277 462
277 470
278 307
278 311
278 322
278 364
278 394
278 400
278 436
278 457
278 465
278 492
279 294
279 309
279 316
279 447
279 481
280 305
280 322
280 346
280 376
280 393
280 459
280 474
281 323
281 331
281 345
281 389
281 422
281 437
282 325
282 331
282 337
282 365
282 432
282 443
282 474
282 507
283 304
283 312
283 314
283 320
283 336
283 382
283 386
283 387
283 437
283 445
283 455
283 469
283 481
283 489
283 498
284 301
284 401
284 419
284 441
284 474
284 498
285 301
285 431
285 443
285 470
285 485
285 510
286 291
286 316
286 354
286 355
286 438
287 301
287 316
287 338
287 366
287 370
287 400
287 406
287 418
287 451
287 463
287 497
287 502
288 306
288 334
288 342
288 398
288 413
288 416
288 439
288 488
288 489
288 502
289 307
289 311
289 332
289 360
289 381
289 401
289 473
289 495
290 367
290 391
290 392
290 408
290 424
290 441
290 486
290 506
291 313
291 314
291 327
291 404
291 409
291 457
291 470
291 508
292 295
292 324
292 376
292 418
292 425
292 443
292 458
292 486
292 488
293 314
293 320
293 336
293 342
293 361
293 384
293 410
293 445
293 474
294 383
294 433
294 441
294 463
294 478
294 511
295 360
296 318
296 336
296 424
296 461
296 471
296 499
297 351
297 367
297 375
297 392
297 407
297 431
297 436
297 461
297 503
298 321
298 375
298 380
299 302
299 343
299 347
299 348
299 367
299 403
299 423
299 472
299 474
300 332
300 357
300 362
300 366
300 391
300 412
300 413
300 456
301 337
301 346
301 360
301 374
301 417
301 432
301 460
301 480
302 372
302 411
302 470
302 499
303 306
303 307
303 308
303 341
303 383
303 393
303 412
303 463
303 476
303 482
304 332
304 337
304 351
304 356
304 373
304 418
304 433
304 438
304 469
305 351
305 384
305 390
305 446
305 453
305 467
305 480
305 496
306 322
306 491
307 345
307 355
307 374
307 376
307 431
307 443
307 509
308 340
308 344
308 367
308 369
308 383
308 388
308 401
308 429
308 434
308 461
308 487
309 310
309 370
309 377
309 408
309 411
309 414
309 422
309 453
310 344
310 350
310 414
310 436
310 453
310 469
310 487
311 317
311 375
311 388
311 392
311 407
311 423
311 425
311 474
312 325
312 329
312 363
312 465
313 322
313 375
313 487
314 381
314 507
315 403
315 480
315 498
315 509
316 320
316 322
316 330
316 357
316 409
316 417
316 426
316 447
316 461
316 501
317 328
317 376
317 393
317 451
317 461
317 481
317 492
317 499
318 333
318 338
318 343
318 355
318 365
318 370
318 401
318 426
318 440
319 326
319 351
319 424
319 443
319 444
319 456
319 477
320 407
320 412
320 430
320 447
320 460
320 469
320 472
320 506
321 325
321 330
321 335
321 385
321 410
321 448
321 479
321 496
321 503
322 411
322 413
322 434
322 436
322 455
323 337
323 368
323 385
323 401
323 455
323 495
323 501
323 506
324 339
324 366
324 375
324 379
324 412
324 481
325 384
325 404
325 420
325 421
325 496
325 502
325 510
326 343
326 348
326 405
326 452
326 493
326 504
327 346
327 347
327 361
327 395
327 437
327 449
327 452
327 495
327 496
327 505
327 509
328 393
328 440
328 445
328 451
328 492
329 354
329 368
329 430
329 452
329 494
330 343
330 374
330 380
330 390
330 395
330 399
330 423
330 434
330 454
330 489
331 373
331 438
331 448
331 499
331 510
332 334
332 351
332 428
332 437
332 452
332 453
332 478
333 377
333 440
333 443
333 480
333 491
334 336
334 385
334 389
334 411
334 412
334 420
334 447
334 451
334 460
335 354
335 370
335 398
335 422
336 339
336 360
336 391
337 343
337 359
337 395
337 409
337 446
337 477
338 357
338 468
339 392
339 459
340 343
340 478
341 353
341 357
341 361
341 365
341 366
341 423
341 463
341 479
341 495
342 358
342 379
342 412
342 470
342 477
342 493
343 347
343 365
343 383
343 391
343 462
344 361
344 405
344 425
344 427
344 442
344 457
345 382
345 431
345 433
345 437
345 456
345 457
345 471
345 480
345 482
346 381
346 420
346 423
346 425
346 430
346 449
346 498
347 373
347 380
347 412
347 417
347 455
347 472
347 473
347 502
348 374
348 434
348 457
348 475
349 363
349 455
349 480
349 483
349 493
350 410
350 422
350 431
350 454
350 464
350 503
351 363
351 381
351 385
351 447
351 467
351 488
351 491
351 492
352 402
352 429
352 444
352 511
353 359
353 360
353 368
353 436
353 445
353 447
353 482
354 376
354 383
354 401
354 426
354 430
354 466
354 496
355 361
355 390
355 403
355 477
355 480
356 369
356 399
356 408
356 412
356 474
356 493
356 499
357 365
357 370
357 374
357 375
357 380
357 395
357 457
357 459
357 482
357 508
358 380
358 395
358 404
358 488
359 363
359 432
359 441
359 444
360 393
360 404
360 435
360 436
360 439
360 447
360 456
360 485
360 494
360 498
360 503
360 508
361 390
361 432
361 436
361 442
361 452
361 473
362 415
362 417
362 478
362 502
363 396
364 372
364 383
364 406
364 409
364 427
364 464
365 406
365 429
365 453
365 454
365 462
365 477
365 486
366 435
366 452
366 496
367 376
367 425
367 441
367 508
368 370
368 436
368 453
369 400
369 404
369 456
369 490
369 499
369 501
370 414
370 429
371 430
371 478
371 490
372 426
372 433
372 510
373 410
373 432
373 439
373 493
374 417
374 444
374 466
375 389
375 391
375 411
375 463
376 380
376 390
376 424
376 439
377 386
377 460
377 467
378 398
378 494
378 508
379 487
379 489
379 490
379 493
380 397
380 409
380 436
380 476
380 477
381 417
381 451
381 468
382 442
382 483
382 511
383 390
384 397
384 403
384 428
384 456
384 505
384 508
385 406
385 428
385 473
386 419
386 454
386 465
387 411
387 429
387 489
388 405
388 428
388 450
388 477
389 398
389 465
390 440
390 452
391 432
391 441
391 455
391 488
392 414
392 424
392 464
392 495
393 404
393 405
393 460
394 437
394 441
394 487
395 408
396 397
397 413
397 429
398 432
398 442
398 452
398 483
399 443
399 488
401 466
402 439
402 467
402 471
402 499
403 418
403 433
403 477
403 485
403 494
404 445
404 465
404 488
405 406
405 436
405 453
406 408
406 452
406 477
407 445
408 434
408 472
408 484
409 417
409 438
409 480
409 483
410 419
410 487
411 462
411 491
412 448
412 490
413 437
414 420
414 447
414 490
414 497
415 440
415 488
415 504
416 459
416 469
416 476
417 422
417 429
417 431
417 435
417 445
417 457
417 468
417 487
417 500
418 429
418 464
418 476
419 465
419 487
419 501
420 436
420 467
420 489
421 435
421 468
421 469
421 471
422 447
422 481
423 465
423 486
423 501
424 438
424 501
425 478
425 484
425 505
425 511
426 449
427 442
427 447
427 469
428 442
428 459
428 478
428 484
428 500
429 455
429 488
430 454
430 457
430 508
431 481
431 490
431 498
431 508
432 441
432 501
432 503
433 478
434 445
434 509
435 447
435 453
435 464
436 439
436 446
436 480
436 497
437 454
437 460
437 486
437 496
438 462
438 467
439 468
439 505
440 457
440 465
440 468
441 470
442 443
442 501
442 510
443 449
443 488
444 454
444 483
444 507
445 457
445 473
445 490
445 491
446 511
447 451
447 452
447 462
447 472
447 475
448 460
449 496
449 502
449 507
449 510
450 480
450 492
450 494
450 508
451 456
451 484
452 467
453 482
453 493
454 459
454 492
455 462
455 464
455 465
455 476
455 498
455 506
457 494
457 495
458 469
458 489
458 499
459 494
460 485
461 492
462 508
463 483
463 490
464 466
464 469
464 486
464 501
465 505
466 495
469 481
470 489
471 481
471 505
472 476
473 474
475 482
475 488
475 507
478 483
478 501
479 496
480 489
480 495
487 506
492 495
493 506
493 510
497 505
502 508
