0 9
0 10
0 47
0 54
0 71
0 80
0 84
0 98
0 113
0 116
0 140
0 165
0 195
0 216
0 241
0 251
0 372
0 404
0 496
1 9
1 10
1 11
1 14
1 15
1 16
1 17
1 18
1 21
1 22
1 27
1 32
1 35
1 36
1 42
1 50
1 53
1 56
1 62
1 93
1 96
1 103
1 107
1 126
1 160
1 172
1 180
1 217
1 232
1 237
1 281
1 315
1 318
1 325
1 327
1 330
1 341
1 345
1 376
1 379
1 457
1 469
1 479
1 484
1 492
2 9
2 12
2 16
2 17
2 19
2 20
2 23
2 24
2 25
2 41
2 42
2 48
2 58
2 61
2 63
2 67
2 75
2 92
2 111
2 113
2 122
2 127
2 167
2 173
2 194
2 211
2 221
2 235
2 243
2 267
2 274
2 281
2 326
2 328
2 343
2 370
2 380
2 424
2 454
2 489
3 9
3 10
3 11
3 12
3 13
3 14
3 16
3 17
3 19
3 21
3 25
3 28
3 31
3 49
3 58
3 64
3 65
3 70
3 80
3 86
3 95
3 96
3 103
3 109
3 115
3 152
3 161
3 180
3 220
3 231
3 236
3 237
3 256
3 267
3 270
3 279
3 296
3 301
3 304
3 314
3 322
3 328
3 338
3 348
3 362
3 380
3 381
3 385
3 394
3 415
3 430
3 439
3 456
3 464
3 494
3 509
3 510
4 9
4 10
4 11
4 13
4 15
4 17
4 21
4 22
4 28
4 42
4 43
4 49
4 66
4 88
4 89
4 95
4 114
4 117
4 141
4 170
4 183
4 196
4 201
4 234
4 256
4 265
4 268
4 273
4 274
4 276
4 282
4 291
4 345
4 353
4 362
4 367
4 402
4 437
4 475
4 480
4 494
4 507
5 9
5 10
5 11
5 12
5 14
5 15
5 21
5 24
5 27
5 29
5 32
5 33
5 34
5 36
5 43
5 46
5 47
5 50
5 52
5 53
5 56
5 62
5 64
5 72
5 74
5 82
5 89
5 93
5 94
5 101
5 104
5 106
5 113
5 121
5 123
5 124
5 133
5 141
5 152
5 155
5 159
5 173
5 174
5 175
5 186
5 206
5 213
5 232
5 252
5 263
5 266
5 269
5 292
5 311
5 320
5 323
5 344
5 370
5 397
5 409
5 414
5 433
5 435
5 450
5 465
5 467
5 482
5 506
6 9
6 10
6 11
6 12
6 13
6 15
6 16
6 22
6 26
6 27
6 35
6 38
6 46
6 57
6 62
6 67
6 76
6 125
6 136
6 138
6 141
6 150
6 154
6 168
6 182
6 190
6 192
6 205
6 213
6 218
6 224
6 226
6 242
6 259
6 269
6 271
6 285
6 318
6 323
6 354
6 383
6 442
6 447
6 481
7 9
7 10
7 11
7 12
7 13
7 14
7 19
7 21
7 22
7 25
7 27
7 30
7 32
7 39
7 47
7 50
7 53
7 56
7 61
7 78
7 83
7 127
7 161
7 185
7 187
7 190
7 221
7 242
7 255
7 266
7 311
7 313
7 319
7 341
7 353
7 354
7 385
7 404
7 425
7 429
7 469
7 476
7 505
8 9
8 10
8 11
8 12
8 13
8 14
8 16
8 17
8 18
8 19
8 20
8 22
8 23
8 24
8 26
8 28
8 36
8 38
8 39
8 40
8 41
8 43
8 45
8 46
8 48
8 49
8 54
8 55
8 60
8 72
8 73
8 74
8 78
8 81
8 87
8 88
8 97
8 98
8 100
8 112
8 116
8 118
8 123
8 132
8 146
8 150
8 154
8 157
8 161
8 164
8 169
8 176
8 179
8 192
8 208
8 210
8 216
8 220
8 223
8 228
8 241
8 244
8 259
8 260
8 284
8 287
8 288
8 312
8 316
8 330
8 336
8 338
8 353
8 354
8 373
8 376
8 379
8 395
8 411
8 425
8 426
8 436
8 453
8 467
8 474
9 10
9 11
9 12
9 13
9 14
9 15
9 16
9 17
9 18
9 19
9 20
9 23
9 24
9 26
9 27
9 30
9 31
9 32
9 33
9 37
9 39
9 43
9 44
9 45
9 53
9 54
9 56
9 60
9 65
9 68
9 69
9 77
9 80
9 89
9 93
9 103
9 107
9 114
9 117
9 121
9 124
9 130
9 132
9 138
9 140
9 154
9 159
9 164
9 166
9 175
9 196
9 199
9 204
9 206
9 209
9 214
9 219
9 222
9 225
9 231
9 235
9 252
9 254
9 255
9 264
9 271
9 283
9 284
9 287
9 293
9 307
9 313
9 314
9 321
9 329
9 333
9 345
9 361
9 367
9 369
9 371
9 378
9 383
9 386
9 392
9 409
9 425
9 431
9 433
9 436
9 437
9 450
9 460
9 461
9 462
9 465
9 474
9 491
9 509
10 11
10 12
10 13
10 14
10 15
10 16
10 18
10 19
10 21
10 22
10 23
10 25
10 26
10 27
10 29
10 34
10 36
10 39
10 41
10 46
10 52
10 58
10 59
10 64
10 69
10 71
10 78
10 80
10 81
10 87
10 91
10 93
10 94
10 97
10 108
10 114
10 115
10 129
10 133
10 134
10 135
10 136
10 138
10 149
10 163
10 168
10 172
10 180
10 183
10 194
10 203
10 207
10 210
10 216
10 218
10 239
10 242
10 258
10 262
10 263
10 264
10 275
10 303
10 304
10 320
10 347
10 368
10 371
10 375
10 383
10 385
10 390
10 403
10 404
10 422
10 424
10 428
10 432
10 439
10 445
10 449
10 455
10 460
10 503
10 508
10 509
11 12
11 13
11 14
11 16
11 18
11 20
11 22
11 25
11 32
11 34
11 35
11 39
11 55
11 56
11 60
11 62
11 75
11 77
11 79
11 83
11 86
11 88
11 89
11 92
11 99
11 100
11 101
11 112
11 114
11 117
11 120
11 134
11 139
11 140
11 147
11 162
11 177
11 192
11 207
11 216
11 223
11 248
11 253
11 263
11 265
11 271
11 275
11 280
11 284
11 285
11 290
11 294
11 295
11 296
11 301
11 340
11 341
11 342
11 354
11 357
11 360
11 369
11 380
11 391
11 446
11 477
11 486
11 487
11 491
11 494
11 497
11 510
12 13
12 14
12 15
12 17
12 20
12 28
12 35
12 37
12 42
12 45
12 50
12 52
12 55
12 58
12 74
12 82
12 97
12 99
12 101
12 102
12 110
12 112
12 113
12 115
12 121
12 123
12 128
12 134
12 145
12 149
12 175
12 194
12 200
12 203
12 210
12 212
12 216
12 217
12 222
12 230
12 236
12 240
12 244
12 267
12 272
12 276
12 284
12 329
12 332
12 334
12 336
12 337
12 359
12 378
12 420
12 428
12 456
12 483
12 504
12 506
12 511
13 15
13 19
13 20
13 25
13 29
13 31
13 38
13 40
13 42
13 43
13 44
13 47
13 48
13 49
13 50
13 51
13 53
13 60
13 61
13 66
13 69
13 74
13 78
13 84
13 87
13 94
13 104
13 108
13 114
13 122
13 128
13 137
13 143
13 144
13 159
13 160
13 183
13 197
13 200
13 201
13 207
13 213
13 219
13 229
13 234
13 241
13 244
13 250
13 255
13 258
13 275
13 340
13 341
13 344
13 347
13 370
13 385
13 426
13 488
13 498
14 15
14 16
14 18
14 23
14 29
14 30
14 33
14 37
14 39
14 40
14 50
14 51
14 53
14 60
14 66
14 67
14 74
14 78
14 82
14 84
14 87
14 88
14 90
14 92
14 98
14 100
14 101
14 105
14 116
14 117
14 129
14 130
14 134
14 139
14 147
14 154
14 176
14 201
14 209
14 236
14 246
14 267
14 289
14 297
14 306
14 312
14 324
14 330
14 351
14 373
14 374
14 378
14 383
14 387
14 393
14 394
14 398
14 407
14 412
14 455
14 460
14 476
15 17
15 18
15 21
15 22
15 23
15 26
15 28
15 29
15 33
15 34
15 36
15 38
15 41
15 43
15 44
15 47
15 61
15 65
15 68
15 69
15 70
15 71
15 75
15 83
15 85
15 86
15 90
15 99
15 100
15 109
15 111
15 119
15 120
15 125
15 126
15 138
15 148
15 151
15 159
15 166
15 177
15 189
15 197
15 210
15 213
15 231
15 235
15 237
15 248
15 249
15 258
15 260
15 298
15 302
15 319
15 333
15 344
15 358
15 360
15 361
15 371
15 372
15 377
15 395
15 400
15 402
15 415
15 419
15 448
15 482
15 490
15 501
15 508
16 17
16 18
16 19
16 20
16 24
16 25
16 26
16 27
16 28
16 29
16 30
16 31
16 33
16 34
16 37
16 38
16 40
16 41
16 42
16 43
16 49
16 51
16 56
16 59
16 60
16 63
16 64
16 65
16 67
16 68
16 77
16 78
16 79
16 81
16 85
16 88
16 92
16 93
16 94
16 104
16 110
16 112
16 113
16 116
16 119
16 125
16 126
16 128
16 131
16 132
16 136
16 137
16 146
16 147
16 151
16 157
16 164
16 166
16 173
16 175
16 181
16 182
16 189
16 191
16 198
16 203
16 204
16 207
16 211
16 215
16 218
16 220
16 226
16 229
16 233
16 243
16 249
16 250
16 259
16 263
16 264
16 281
16 290
16 294
16 295
16 297
16 314
16 316
16 319
16 322
16 325
16 327
16 337
16 375
16 386
16 391
16 409
16 420
16 434
16 441
16 456
16 473
16 476
16 477
16 478
16 488
16 492
16 498
16 507
16 508
17 18
17 20
17 21
17 25
17 29
17 31
17 34
17 35
17 38
17 40
17 43
17 44
17 45
17 48
17 52
17 56
17 57
17 66
17 69
17 76
17 77
17 79
17 80
17 81
17 87
17 90
17 98
17 101
17 105
17 111
17 114
17 116
17 118
17 123
17 125
17 139
17 144
17 146
17 147
17 150
17 156
17 162
17 165
17 174
17 189
17 192
17 206
17 207
17 209
17 212
17 218
17 223
17 225
17 229
17 230
17 241
17 244
17 250
17 254
17 266
17 276
17 278
17 280
17 298
17 317
17 320
17 324
17 325
17 352
17 386
17 388
17 421
17 444
17 488
17 491
17 493
17 499
17 506
18 19
18 24
18 27
18 30
18 40
18 51
18 69
18 81
18 106
18 115
18 116
18 164
18 171
18 178
18 183
18 211
18 214
18 216
18 257
18 261
18 266
18 284
18 299
18 322
18 331
18 348
18 354
18 357
18 487
19 20
19 22
19 23
19 24
19 26
19 28
19 30
19 32
19 35
19 40
19 44
19 45
19 48
19 52
19 53
19 54
19 56
19 61
19 65
19 66
19 68
19 76
19 79
19 88
19 93
19 104
19 109
19 111
19 134
19 136
19 141
19 143
19 159
19 160
19 179
19 181
19 184
19 188
19 203
19 234
19 245
19 302
19 328
19 356
19 361
19 362
19 371
19 379
19 386
19 392
19 407
19 442
19 444
19 446
19 448
19 481
19 485
19 489
20 21
20 23
20 25
20 26
20 27
20 28
20 29
20 30
20 31
20 32
20 45
20 46
20 50
20 51
20 52
20 55
20 59
20 61
20 62
20 83
20 85
20 91
20 95
20 97
20 120
20 124
20 130
20 131
20 142
20 159
20 161
20 167
20 170
20 179
20 180
20 188
20 199
20 212
20 231
20 243
20 268
20 269
20 295
20 308
20 339
20 375
20 383
20 410
20 450
20 452
20 472
20 479
20 503
21 24
21 28
21 31
21 35
21 41
21 44
21 46
21 48
21 89
21 90
21 94
21 96
21 104
21 108
21 113
21 117
21 122
21 149
21 156
21 170
21 171
21 182
21 191
21 219
21 229
21 246
21 247
21 277
21 299
21 300
21 317
21 323
21 366
21 386
21 392
21 453
21 490
22 23
22 24
22 31
22 33
22 34
22 35
22 36
22 37
22 47
22 52
22 53
22 56
22 58
22 63
22 67
22 68
22 71
22 74
22 75
22 82
22 89
22 90
22 96
22 101
22 103
22 105
22 106
22 108
22 110
22 118
22 125
22 128
22 131
22 137
22 138
22 146
22 148
22 153
22 157
22 158
22 159
22 166
22 169
22 187
22 189
22 192
22 193
22 195
22 198
22 204
22 206
22 226
22 234
22 238
22 244
22 251
22 285
22 302
22 303
22 342
22 373
22 423
22 425
22 440
22 454
22 472
22 475
22 477
22 481
23 30
23 51
23 64
23 68
23 72
23 73
23 82
23 129
23 180
23 260
23 390
23 406
23 413
23 458
24 26
24 33
24 34
24 37
24 41
24 51
24 67
24 68
24 70
24 76
24 82
24 89
24 94
24 95
24 97
24 99
24 105
24 106
24 109
24 111
24 116
24 120
24 130
24 133
24 149
24 156
24 158
24 184
24 235
24 254
24 265
24 273
24 277
24 287
24 300
24 312
24 334
24 335
24 353
24 356
24 359
24 361
24 366
24 384
24 389
24 393
24 406
24 438
24 443
24 483
24 496
25 70
25 78
25 118
25 129
25 164
25 187
25 211
25 219
25 220
25 243
25 266
25 271
25 280
25 296
25 308
25 330
25 396
25 427
25 430
25 483
25 487
25 493
26 30
26 33
26 36
26 40
26 45
26 49
26 55
26 57
26 59
26 66
26 72
26 76
26 79
26 104
26 113
26 137
26 147
26 149
26 150
26 169
26 173
26 187
26 238
26 281
26 310
26 375
26 378
26 416
26 444
26 451
26 466
27 29
27 36
27 38
27 51
27 59
27 86
27 99
27 103
27 105
27 107
27 137
27 153
27 178
27 189
27 190
27 198
27 200
27 218
27 225
27 232
27 258
27 281
27 330
27 392
27 394
27 402
27 444
27 509
28 32
28 42
28 55
28 67
28 74
28 102
28 119
28 144
28 146
28 186
28 197
28 208
28 210
28 214
28 227
28 238
28 246
28 276
28 285
28 296
28 316
28 328
28 347
28 368
28 394
28 407
28 415
28 420
28 472
28 484
28 496
29 31
29 36
29 37
29 39
29 44
29 48
29 75
29 77
29 91
29 103
29 118
29 133
29 135
29 145
29 153
29 161
29 169
29 187
29 193
29 197
29 198
29 200
29 239
29 240
29 248
29 250
29 253
29 292
29 311
29 349
29 387
29 392
29 396
29 421
29 422
29 423
29 453
29 463
29 482
29 485
29 487
29 494
30 34
30 39
30 41
30 55
30 69
30 75
30 84
30 86
30 95
30 100
30 105
30 114
30 119
30 151
30 154
30 175
30 202
30 209
30 218
30 219
30 237
30 273
30 356
30 358
30 375
30 376
31 32
31 35
31 40
31 49
31 57
31 63
31 65
31 70
31 71
31 72
31 73
31 75
31 85
31 90
31 92
31 99
31 111
31 127
31 132
31 134
31 149
31 150
31 154
31 156
31 157
31 162
31 174
31 180
31 183
31 185
31 188
31 191
31 227
31 255
31 278
31 286
31 295
31 296
31 310
31 331
31 342
31 343
31 353
31 355
31 370
31 375
31 397
31 401
31 403
31 407
31 427
31 432
31 439
31 441
31 443
31 446
31 448
31 450
31 462
31 489
31 496
32 33
32 38
32 44
32 46
32 80
32 84
32 92
32 106
32 127
32 143
32 151
32 194
32 195
32 209
32 231
32 238
32 247
32 249
32 315
32 316
32 348
32 434
32 454
32 500
32 511
33 52
33 54
33 61
33 63
33 67
33 97
33 148
33 149
33 186
33 202
33 214
33 234
33 242
33 278
33 288
33 308
33 312
33 391
33 394
33 423
33 463
33 466
33 497
33 509
34 37
34 41
34 42
34 49
34 52
34 64
34 86
34 97
34 99
34 107
34 108
34 110
34 120
34 126
34 142
34 145
34 216
34 249
34 255
34 256
34 265
34 305
34 322
34 328
34 359
34 406
34 449
34 457
34 458
35 37
35 72
35 106
35 123
35 126
35 143
35 146
35 152
35 173
35 191
35 220
35 252
35 257
35 286
35 291
35 309
35 313
35 358
35 406
35 423
35 430
36 38
36 39
36 47
36 54
36 59
36 79
36 80
36 99
36 119
36 145
36 153
36 203
36 324
36 353
36 427
36 468
36 480
37 43
37 54
37 55
37 57
37 67
37 70
37 72
37 73
37 87
37 90
37 106
37 112
37 115
37 122
37 159
37 160
37 163
37 173
37 176
37 182
37 203
37 207
37 214
37 220
37 222
37 251
37 253
37 268
37 276
37 277
37 290
37 302
37 303
37 305
37 328
37 345
37 348
37 368
37 373
37 383
37 400
37 405
37 408
37 423
37 426
37 459
37 461
37 475
38 45
38 47
38 99
38 116
38 133
38 141
38 156
38 170
38 171
38 178
38 179
38 223
38 230
38 238
38 264
38 323
38 350
38 351
38 359
38 384
38 427
38 441
38 443
38 454
38 505
39 46
39 51
39 61
39 65
39 66
39 69
39 72
39 84
39 94
39 98
39 101
39 110
39 131
39 134
39 144
39 197
39 202
39 212
39 227
39 238
39 257
39 334
39 337
39 345
39 352
39 390
39 447
39 452
39 479
39 497
40 48
40 59
40 63
40 144
40 145
40 160
40 179
40 188
40 194
40 229
40 239
40 253
40 299
40 302
40 304
40 329
40 332
40 357
40 364
40 381
40 395
40 400
40 439
40 492
41 42
41 50
41 62
41 76
41 93
41 109
41 119
41 125
41 128
41 135
41 166
41 178
41 181
41 195
41 215
41 230
41 267
41 276
41 303
41 305
41 312
41 324
41 334
41 340
41 344
41 357
41 358
41 372
41 390
41 413
41 460
41 469
41 482
41 499
42 45
42 47
42 50
42 54
42 59
42 78
42 93
42 126
42 144
42 147
42 150
42 152
42 161
42 165
42 173
42 208
42 223
42 229
42 238
42 257
42 260
42 276
42 366
42 466
42 489
42 503
43 44
43 57
43 58
43 85
43 102
43 103
43 113
43 121
43 132
43 148
43 165
43 215
43 258
43 270
43 273
43 275
43 277
43 288
43 318
43 341
43 349
43 410
43 417
43 421
43 508
43 511
44 46
44 49
44 54
44 81
44 89
44 91
44 98
44 131
44 154
44 172
44 190
44 224
44 226
44 231
44 241
44 296
44 325
44 339
44 399
44 417
44 427
44 436
44 460
44 498
45 57
45 58
45 61
45 64
45 66
45 83
45 84
45 85
45 109
45 123
45 130
45 140
45 161
45 184
45 202
45 221
45 223
45 226
45 282
45 287
45 306
45 358
45 376
45 379
45 422
45 431
45 471
45 490
46 48
46 55
46 70
46 81
46 94
46 120
46 138
46 162
46 163
46 172
46 193
46 202
46 208
46 213
46 214
46 222
46 235
46 240
46 242
46 244
46 253
46 268
46 386
46 416
46 440
46 444
46 492
46 507
47 68
47 71
47 75
47 76
47 82
47 86
47 96
47 105
47 111
47 118
47 121
47 139
47 144
47 148
47 156
47 182
47 185
47 189
47 335
47 341
47 363
47 382
47 430
47 432
47 445
47 447
47 471
47 476
47 482
47 487
48 60
48 64
48 88
48 92
48 118
48 126
48 142
48 153
48 165
48 175
48 177
48 206
48 216
48 236
48 240
48 260
48 314
48 323
48 355
48 383
48 397
48 448
48 470
48 493
48 497
49 57
49 62
49 68
49 69
49 71
49 75
49 107
49 133
49 135
49 143
49 185
49 186
49 187
49 204
49 219
49 233
49 243
49 245
49 248
49 265
49 266
49 276
49 314
49 316
49 321
49 336
49 364
49 393
49 406
49 428
49 467
50 60
50 82
50 92
50 141
50 145
50 166
50 188
50 193
50 199
50 237
50 244
50 245
50 280
50 285
50 325
50 368
50 448
50 504
51 53
51 58
51 63
51 77
51 132
51 133
51 197
51 234
51 287
51 342
51 358
51 429
51 433
51 452
52 62
52 79
52 87
52 89
52 107
52 117
52 143
52 152
52 187
52 188
52 198
52 204
52 225
52 233
52 239
52 288
52 300
52 310
52 331
52 347
52 350
52 373
52 457
52 490
52 494
53 73
53 74
53 78
53 100
53 108
53 109
53 110
53 155
53 168
53 178
53 195
53 219
53 241
53 263
53 283
53 338
53 343
53 359
53 360
53 413
53 418
53 463
53 465
53 468
53 483
53 486
54 57
54 84
54 160
54 165
54 238
54 306
54 350
54 390
54 396
54 409
54 437
54 443
55 64
55 106
55 123
55 137
55 152
55 172
55 186
55 190
55 200
55 217
55 239
55 250
55 255
55 256
55 271
55 346
55 352
55 399
55 412
55 464
55 473
55 510
56 58
56 85
56 96
56 112
56 147
56 161
56 162
56 198
56 199
56 200
56 270
56 413
56 415
56 419
56 421
56 434
56 450
56 464
56 495
56 505
57 59
57 85
57 91
57 100
57 109
57 139
57 140
57 176
57 184
57 205
57 217
57 224
57 249
57 275
57 291
57 314
57 325
57 335
57 338
57 380
57 395
57 417
57 424
57 432
57 438
57 446
57 455
57 482
57 489
57 495
57 501
58 60
58 63
58 76
58 88
58 95
58 111
58 124
58 145
58 146
58 195
58 196
58 283
58 307
58 339
58 388
58 400
58 406
58 423
58 455
58 503
59 65
59 66
59 81
59 97
59 98
59 115
59 116
59 117
59 124
59 127
59 148
59 158
59 171
59 185
59 219
59 225
59 231
59 232
59 264
59 279
59 290
59 299
59 304
59 311
59 329
59 337
59 349
59 360
59 367
59 399
59 415
59 460
59 484
59 508
60 62
60 63
60 65
60 77
60 79
60 83
60 90
60 95
60 96
60 133
60 183
60 217
60 234
60 250
60 260
60 285
60 295
60 337
60 340
60 347
60 369
60 384
60 400
60 408
60 416
60 476
60 479
60 501
61 94
61 133
61 148
61 292
61 361
61 382
62 91
62 98
62 119
62 126
62 131
62 136
62 142
62 181
62 198
62 227
62 233
62 235
62 242
62 257
62 271
62 275
62 309
62 315
62 377
62 378
62 401
62 461
63 110
63 120
63 130
63 141
63 142
63 149
63 183
63 224
63 282
63 316
63 422
63 459
63 477
64 73
64 77
64 80
64 83
64 122
64 174
64 175
64 176
64 182
64 252
64 290
64 291
64 297
64 306
64 349
64 365
64 448
64 496
65 72
65 73
65 76
65 77
65 82
65 83
65 87
65 119
65 148
65 152
65 195
65 232
65 254
65 269
65 295
65 324
65 326
65 336
65 346
65 366
65 408
65 420
65 438
65 455
66 70
66 79
66 102
66 115
66 121
66 136
66 137
66 143
66 153
66 203
66 215
66 264
66 274
66 380
66 403
66 408
66 487
67 71
67 73
67 98
67 117
67 121
67 122
67 147
67 158
67 168
67 190
67 209
67 217
67 233
67 315
67 318
67 354
67 368
67 391
67 411
67 485
67 494
68 70
68 71
68 80
68 84
68 85
68 91
68 113
68 127
68 128
68 158
68 175
68 195
68 204
68 220
68 231
68 236
68 249
68 260
68 266
68 297
68 309
68 320
68 362
68 368
68 374
68 389
68 398
68 421
68 439
68 452
68 489
68 490
69 73
69 74
69 105
69 124
69 132
69 138
69 157
69 163
69 169
69 191
69 206
69 271
69 352
69 367
69 435
69 499
69 510
70 124
70 135
70 167
70 202
70 247
70 354
70 361
70 450
71 102
71 110
71 117
71 120
71 167
71 184
71 189
71 201
71 213
71 310
71 311
71 326
71 331
71 339
71 345
71 349
71 363
71 364
71 373
71 384
71 397
71 416
71 449
71 459
71 465
71 471
71 486
72 96
72 104
72 157
72 201
72 211
72 214
72 232
72 286
72 288
72 303
72 306
72 325
72 372
72 413
72 437
72 480
72 490
73 88
73 132
73 153
73 300
73 309
73 377
73 453
74 87
74 95
74 111
74 114
74 121
74 135
74 164
74 254
74 258
74 278
74 308
74 329
74 346
75 86
75 104
75 107
75 137
75 151
75 169
75 176
75 177
75 180
75 181
75 345
75 356
75 379
75 409
75 439
75 477
76 83
76 130
76 163
76 172
76 176
76 190
76 228
76 240
76 257
76 271
76 304
76 334
76 363
76 441
76 446
76 456
76 501
77 81
77 86
77 149
77 171
77 246
77 299
77 348
77 389
77 393
77 408
77 417
77 443
78 122
78 143
78 456
79 91
79 93
79 103
79 108
79 176
79 177
79 178
79 186
79 196
79 204
79 232
79 254
79 270
79 277
79 279
79 377
79 381
79 434
79 460
79 469
79 472
79 476
80 108
80 156
80 167
80 187
80 192
80 271
80 344
80 400
80 476
80 488
80 496
81 165
81 186
81 205
81 308
81 354
81 377
81 384
81 407
81 427
82 150
82 163
82 172
82 261
82 280
82 311
82 317
82 360
82 368
82 456
82 474
83 90
83 95
83 101
83 130
83 155
83 171
83 212
83 251
83 316
83 327
83 336
84 91
84 101
84 109
84 112
84 114
84 141
84 155
84 167
84 198
84 220
84 226
84 236
84 245
84 302
84 312
84 315
84 388
84 399
84 454
84 504
85 102
85 140
85 193
85 272
85 286
85 311
86 177
86 269
86 299
86 370
86 396
86 398
86 434
86 447
86 503
87 92
87 96
87 100
87 135
87 179
87 229
87 275
87 310
87 321
87 350
87 356
87 362
87 371
87 500
88 140
88 147
88 167
88 233
88 254
88 298
88 310
88 323
88 342
88 358
88 471
88 505
88 506
89 125
89 142
89 150
89 201
89 215
89 240
89 293
89 470
90 110
90 123
90 157
90 221
90 272
90 278
90 288
90 292
90 301
90 314
90 328
90 342
90 351
90 415
90 418
90 424
90 444
90 459
90 478
91 100
91 103
91 107
91 118
91 174
91 190
91 200
91 230
91 250
91 284
91 349
91 365
91 366
91 372
91 378
91 438
91 461
92 102
92 107
92 128
92 225
92 253
92 259
92 261
92 268
92 270
92 305
92 343
93 97
93 105
93 112
93 115
93 126
93 142
93 163
93 164
93 199
93 202
93 228
93 265
93 314
93 355
93 356
93 364
94 102
94 123
94 131
94 146
94 202
94 205
94 236
94 424
94 496
94 499
95 120
95 183
95 198
95 229
95 265
95 292
95 337
95 402
95 433
95 435
95 443
95 491
95 506
96 152
96 160
96 170
96 188
96 192
96 203
96 270
96 282
96 352
96 410
96 417
96 450
97 127
97 154
97 155
97 186
97 221
97 241
97 372
97 393
97 461
98 226
98 245
98 272
98 286
98 332
98 352
98 377
98 412
98 502
99 102
99 138
99 162
99 169
99 185
99 262
99 357
99 369
99 497
99 505
100 171
100 209
100 240
100 282
100 287
100 358
100 440
100 498
100 502
101 128
101 129
101 130
101 216
101 231
101 242
101 253
101 255
101 282
101 310
101 316
101 327
101 349
101 384
101 488
102 112
102 227
102 471
102 483
103 104
103 106
103 173
103 192
103 206
103 212
103 227
103 235
103 239
103 270
103 321
103 351
103 397
103 403
103 406
103 407
103 419
103 453
104 122
104 139
104 310
104 332
104 344
104 431
104 472
105 127
105 140
105 353
106 129
106 139
106 145
106 153
106 158
106 160
106 214
106 243
106 246
106 251
106 252
106 255
106 317
106 333
106 351
106 389
106 400
107 108
107 235
107 247
107 266
107 337
107 349
107 470
107 504
108 136
108 156
108 212
108 222
108 228
108 274
108 287
108 293
108 313
108 317
108 410
109 122
109 131
109 168
109 422
109 473
109 495
110 121
110 139
110 232
110 237
110 247
110 283
110 326
110 334
110 427
110 479
110 504
111 179
111 184
111 196
111 278
111 352
111 385
111 388
111 397
111 442
111 443
111 486
112 115
112 128
112 185
112 295
112 331
112 461
112 477
113 124
113 182
113 213
113 229
113 279
113 301
113 302
113 396
113 424
114 118
114 127
114 134
114 165
114 167
114 254
114 262
114 292
114 360
114 365
114 412
114 458
115 124
115 129
115 161
115 162
115 170
115 205
115 211
115 226
115 251
115 257
115 269
115 280
115 312
115 317
115 323
115 332
115 333
115 340
115 384
115 437
115 457
115 469
115 478
115 500
115 511
116 119
116 160
116 170
116 179
116 184
116 210
116 241
116 293
116 305
116 449
117 125
117 132
117 134
117 179
117 195
117 394
117 411
117 416
117 420
117 421
117 434
117 461
117 492
118 294
119 135
119 167
119 178
119 194
119 206
119 224
119 273
119 297
119 308
119 322
119 339
119 348
119 393
119 401
119 433
119 479
119 499
119 501
120 125
120 138
120 155
120 157
120 185
120 188
120 294
120 303
120 368
120 375
120 405
120 437
120 475
120 481
120 498
121 143
121 169
121 230
121 232
121 312
121 319
121 335
121 415
122 142
122 154
122 202
122 211
122 222
122 291
122 309
122 361
122 412
122 429
122 456
122 485
123 141
123 142
123 171
123 295
123 309
123 370
123 385
123 390
123 478
123 486
124 129
124 174
124 245
124 274
124 289
124 298
124 321
124 373
124 428
124 438
124 502
124 506
125 131
125 137
125 140
125 144
125 166
125 180
125 181
125 267
125 290
125 331
125 335
125 344
125 348
125 362
125 369
125 419
125 445
125 501
126 150
126 182
126 279
126 324
126 465
126 486
127 225
127 244
127 357
127 374
127 394
127 463
128 129
128 136
128 145
128 218
128 221
128 239
128 283
128 301
128 355
128 381
128 418
129 146
129 193
129 199
129 249
129 289
129 414
130 163
130 177
130 242
130 250
130 333
130 336
130 457
131 135
131 151
131 171
131 194
131 248
131 327
131 410
131 499
131 511
132 234
132 249
132 322
132 340
132 341
132 437
132 481
133 158
133 164
133 170
133 272
133 330
133 346
133 400
133 419
133 422
133 458
133 473
133 509
134 136
134 151
134 152
134 155
134 174
134 207
134 239
134 266
134 286
134 297
134 335
134 436
134 451
135 157
135 181
135 248
135 288
135 294
135 313
135 483
136 144
136 162
136 168
136 180
136 207
136 217
136 228
136 272
136 285
136 306
136 310
136 313
136 374
136 376
136 414
136 484
136 490
137 151
137 187
137 209
137 262
137 329
137 404
138 139
138 148
138 158
138 183
138 245
138 247
138 288
138 334
138 433
138 463
138 484
138 497
139 162
139 174
139 209
139 293
139 311
139 362
139 368
139 371
139 379
139 389
139 407
139 417
139 506
140 174
140 201
140 208
140 298
140 351
140 420
140 433
141 155
141 186
141 191
141 248
141 278
141 357
141 363
141 440
141 451
141 480
142 168
142 192
142 208
142 245
142 259
142 275
142 298
142 307
142 321
142 330
142 388
142 458
142 495
143 151
143 181
143 227
143 277
143 447
143 470
143 508
144 153
144 163
144 190
144 210
144 218
144 286
144 306
144 322
144 335
144 393
144 396
144 399
145 156
145 193
145 343
145 394
145 496
146 227
146 230
146 268
146 343
146 366
146 369
146 372
146 375
146 381
146 466
146 506
147 225
147 233
147 285
147 386
147 421
147 505
148 176
148 177
148 178
148 189
148 293
148 298
148 374
148 419
148 467
149 274
149 279
149 327
149 380
149 413
149 507
150 155
150 159
150 222
150 228
150 301
150 404
151 205
151 280
151 419
152 318
152 326
152 362
152 374
152 405
152 504
153 165
153 204
153 221
153 238
153 247
153 261
153 263
153 282
153 329
153 457
153 463
154 166
154 173
154 261
154 340
154 361
154 475
155 158
155 177
155 193
155 196
155 222
155 224
155 257
155 273
155 285
155 292
155 324
155 326
155 347
155 364
155 396
155 485
155 495
156 164
156 331
156 347
156 439
157 166
157 170
157 184
157 259
157 267
157 269
157 382
157 499
157 502
158 175
158 300
158 424
159 204
159 247
159 255
159 265
159 320
159 388
159 406
159 430
159 464
159 477
159 480
160 168
160 188
160 211
160 256
160 279
160 291
160 305
160 306
160 350
160 383
160 410
160 435
160 436
160 439
160 451
160 453
160 500
161 196
161 213
161 259
161 319
161 321
161 334
161 338
161 350
161 382
161 414
161 424
161 435
161 484
161 491
162 191
162 193
162 451
162 452
162 476
163 168
163 191
163 194
163 210
163 215
163 326
163 367
163 429
164 169
164 197
164 224
164 507
165 184
165 210
165 215
165 234
165 236
165 256
165 261
165 321
165 378
165 424
165 431
165 452
166 172
166 200
166 237
167 248
167 311
167 385
167 387
167 482
168 172
168 201
168 262
168 264
168 292
168 394
168 474
168 475
168 495
169 406
169 409
170 277
170 286
170 381
170 452
171 196
171 219
171 222
171 262
171 428
171 431
171 479
172 178
172 191
172 214
172 256
172 268
172 346
172 350
172 432
172 440
172 489
173 199
173 205
173 304
173 332
173 457
173 477
173 483
174 197
174 206
174 338
174 350
174 371
174 386
175 182
175 185
175 196
175 197
175 211
175 228
175 230
175 240
175 305
175 320
175 365
175 505
175 507
176 307
176 474
177 253
177 278
177 326
177 440
178 189
178 275
178 370
178 458
179 181
179 201
179 261
179 263
179 268
179 291
179 293
179 327
179 351
179 414
179 495
180 208
180 299
180 345
180 401
181 208
181 246
181 261
181 359
181 376
181 395
181 494
182 318
183 217
183 343
183 376
184 356
184 379
184 412
184 453
185 215
185 227
185 299
185 318
185 352
185 427
185 500
186 283
186 396
186 403
186 436
187 318
187 332
188 298
188 376
188 381
188 392
188 405
188 411
189 262
189 327
189 346
189 398
189 416
189 444
189 488
190 199
190 284
190 301
190 430
191 215
191 290
191 320
191 369
191 452
191 454
191 464
192 200
192 203
192 213
192 233
192 258
192 289
192 317
192 358
192 377
192 438
192 465
193 194
193 223
193 224
193 256
193 296
193 317
193 320
193 331
193 346
193 355
193 360
193 363
193 379
193 408
193 413
193 466
193 498
193 509
194 208
194 245
194 296
194 462
194 471
195 199
195 242
195 396
195 413
195 444
195 459
196 226
196 315
196 381
196 410
196 420
196 445
196 458
196 487
197 212
197 228
197 254
197 391
197 411
197 457
198 205
198 207
198 218
198 287
198 304
198 403
198 425
199 205
199 228
199 241
199 297
199 382
199 411
199 436
200 392
200 398
201 220
201 221
201 260
201 296
201 367
201 451
202 212
202 248
202 270
202 282
202 289
202 319
202 388
202 502
203 217
203 439
203 448
204 239
204 244
204 338
205 223
205 357
205 410
205 485
206 272
206 280
206 281
206 460
206 475
207 230
207 274
207 289
207 478
207 507
208 233
208 250
208 270
208 338
208 346
208 374
208 437
208 497
208 509
209 272
209 353
209 375
209 423
209 432
209 463
209 511
210 243
210 260
210 269
210 300
210 393
210 398
211 246
211 247
211 300
211 367
211 409
211 443
211 480
212 225
212 252
212 414
213 267
213 273
213 294
213 313
213 359
213 395
215 281
215 330
215 391
215 402
215 411
215 426
216 223
216 279
216 290
216 401
216 421
216 508
217 331
217 402
218 243
218 360
219 221
219 224
219 235
219 278
219 288
219 327
219 333
219 374
219 398
219 429
219 455
220 367
221 236
221 262
221 300
221 407
221 436
222 237
222 243
222 265
222 284
222 336
222 505
223 264
223 470
224 267
224 290
224 294
224 363
224 364
224 366
224 407
224 423
224 445
225 249
225 279
225 307
225 342
225 343
225 365
225 405
225 412
225 427
226 340
226 385
226 480
227 256
227 423
227 472
227 483
228 240
228 307
228 333
228 370
228 387
229 284
229 317
230 319
230 405
230 417
230 447
230 478
231 359
231 365
231 470
232 246
232 251
232 252
232 258
232 259
232 305
232 325
232 355
232 384
232 418
232 449
232 477
232 491
233 291
233 314
233 355
233 376
233 412
233 504
234 237
234 442
234 468
234 478
234 485
235 251
235 294
235 349
235 380
235 461
236 263
236 269
236 283
236 289
236 291
236 328
236 382
236 390
236 417
236 425
236 491
237 299
237 458
237 469
238 313
238 440
238 467
238 474
239 289
239 316
239 335
239 382
240 246
240 253
240 258
240 283
240 305
240 492
241 280
241 315
241 341
241 347
242 251
242 283
242 348
242 360
242 370
242 371
242 432
242 455
243 511
244 262
244 353
244 366
244 390
244 413
244 442
244 464
244 478
245 268
245 293
245 428
245 435
245 436
245 458
246 264
246 295
246 322
246 387
246 462
247 252
247 274
247 304
247 481
248 366
248 387
248 390
248 433
249 252
250 387
250 397
251 273
251 361
251 399
252 259
252 342
252 448
253 257
253 263
253 272
253 309
253 426
254 304
254 342
254 445
255 273
255 276
255 308
255 363
255 415
255 418
255 464
256 339
256 447
256 459
256 493
257 287
257 453
257 467
257 470
257 474
258 292
258 294
258 449
259 261
259 502
260 281
260 315
260 328
260 417
260 419
260 462
260 479
261 374
262 277
262 301
262 308
262 359
262 493
262 495
263 334
263 382
263 401
263 411
263 453
263 468
263 472
264 324
264 392
265 274
265 326
265 339
265 356
266 333
266 397
266 418
266 426
266 462
266 500
266 511
267 298
267 307
267 429
267 500
267 503
268 378
269 297
269 352
269 449
269 481
270 324
270 350
271 303
271 378
271 470
272 277
272 312
272 422
272 429
272 434
273 371
273 386
273 408
273 455
274 286
274 289
274 321
274 356
274 362
274 468
275 307
275 404
275 425
275 482
276 345
276 463
277 281
277 388
277 389
277 493
278 309
278 332
278 377
278 459
278 469
278 472
279 402
279 429
279 490
280 344
281 282
281 320
282 341
282 466
283 302
283 313
283 418
283 440
283 462
284 302
284 308
284 336
284 338
284 339
284 364
285 348
285 372
285 430
285 446
287 315
287 385
288 392
289 329
289 451
290 318
290 484
291 293
291 431
292 301
292 339
292 398
292 452
292 482
292 493
293 319
293 469
294 303
294 332
294 428
294 500
295 307
295 462
296 297
296 309
296 391
298 303
298 492
299 300
299 306
299 381
301 333
301 363
301 383
301 414
301 425
301 426
302 365
302 409
302 438
302 492
303 330
303 408
303 501
304 416
304 434
305 405
305 454
305 468
306 351
306 404
306 508
307 319
307 351
308 422
308 502
309 355
309 365
309 459
309 473
310 325
310 344
310 399
310 426
311 323
311 337
311 405
311 465
312 322
312 473
312 507
314 355
314 387
314 388
316 472
317 354
317 387
317 393
317 493
317 497
317 510
318 329
318 364
318 382
319 401
319 412
319 420
319 428
319 451
320 336
320 401
321 323
321 430
322 414
323 435
323 442
324 340
324 397
324 485
326 377
327 403
327 404
327 405
327 418
327 460
328 357
328 476
328 489
331 373
331 446
332 335
333 363
333 500
334 389
334 416
334 430
334 432
334 457
334 502
334 507
335 337
335 395
335 441
336 467
338 343
339 467
340 403
340 415
341 346
341 442
341 466
342 347
342 416
342 435
342 447
342 498
342 511
344 501
346 365
346 400
346 451
348 380
348 443
348 465
349 403
349 421
350 441
351 444
351 466
352 471
352 491
353 437
353 490
354 380
354 463
356 429
356 431
356 438
357 372
358 364
358 369
359 367
359 414
359 431
359 499
360 402
360 420
360 450
362 395
362 487
363 432
363 441
364 401
364 446
365 379
365 391
367 384
367 409
368 369
368 474
368 508
369 450
371 473
372 373
372 425
372 510
373 410
373 485
373 495
374 395
374 438
374 504
375 470
375 488
376 398
376 445
376 505
377 503
378 389
378 399
378 474
378 504
382 389
382 449
382 467
382 483
382 492
383 419
384 434
384 461
385 494
386 399
386 435
386 471
387 391
387 426
387 486
390 489
391 473
391 494
391 510
392 481
394 465
394 486
396 431
396 449
396 479
397 411
398 404
398 441
398 471
399 402
400 446
403 408
403 418
403 428
403 456
404 433
406 484
407 454
408 440
408 503
409 422
409 487
410 447
410 464
412 496
414 441
414 486
415 510
416 448
418 475
420 442
420 480
421 501
423 481
427 445
427 469
430 466
431 445
431 498
433 442
433 475
434 454
434 473
434 502
435 468
437 456
440 480
441 499
444 498
447 462
449 464
449 509
451 455
453 488
454 468
455 497
457 459
459 503
465 468
467 478
468 510
478 491
483 484
486 488
491 506
492 493
