0 61
0 75
0 99
0 115
0 116
0 278
0 335
0 439
0 487
0 539
0 661
0 684
0 900
1 148
1 210
1 246
1 411
1 474
1 552
1 558
1 586
1 606
1 645
1 676
1 695
1 774
1 785
1 835
1 881
1 940
1 954
1 981
2 69
2 103
2 169
2 274
2 432
2 441
2 495
2 548
2 611
2 689
2 759
2 823
3 112
3 351
3 355
3 365
3 450
3 518
3 750
3 785
3 935
4 63
4 128
4 189
4 225
4 281
4 291
4 388
4 518
4 521
4 559
4 661
4 765
4 836
4 852
4 869
4 883
4 990
4 1003
5 78
5 94
5 326
5 369
5 455
5 485
5 501
5 669
5 702
5 967
5 982
6 12
6 134
6 543
6 604
6 721
6 758
6 786
6 792
6 817
6 841
6 864
6 890
6 898
6 1006
7 82
7 88
7 150
7 199
7 349
7 432
7 450
7 493
7 551
7 729
7 787
7 789
7 845
7 970
7 990
8 22
8 62
8 140
8 192
8 250
8 340
8 429
8 457
8 541
8 542
8 567
8 645
8 660
8 686
8 694
8 712
8 781
8 825
8 846
8 848
9 76
9 110
9 129
9 188
9 241
9 267
9 315
9 498
9 573
9 601
9 632
9 711
9 716
9 724
10 56
10 103
10 138
10 240
10 256
10 365
10 368
10 453
10 485
10 570
10 770
10 806
10 851
10 875
10 928
10 973
10 979
10 981
10 994
11 134
11 189
11 251
11 309
11 573
11 591
11 649
11 693
11 923
12 19
12 33
12 40
12 108
12 115
12 161
12 187
12 225
12 234
12 339
12 370
12 571
12 639
12 665
12 716
12 719
12 730
12 797
13 101
13 105
13 201
13 226
13 256
13 302
13 326
13 394
13 569
13 584
13 911
13 957
13 967
14 88
14 89
14 104
14 115
14 116
14 135
14 213
14 249
14 270
14 362
14 406
14 446
14 537
14 622
14 697
14 733
14 765
15 120
15 169
15 210
15 282
15 326
15 360
15 432
15 482
15 538
15 576
15 584
15 603
15 614
15 665
15 694
15 758
15 763
15 782
15 821
15 936
15 976
15 1002
16 32
16 76
16 93
16 339
16 352
16 389
16 420
16 585
16 591
16 599
16 662
16 695
16 702
16 793
16 878
16 885
16 988
17 170
17 192
17 215
17 242
17 279
17 378
17 390
17 449
17 513
17 530
17 679
17 962
17 981
18 104
18 130
18 211
18 393
18 498
18 535
18 542
18 635
18 645
18 723
18 798
19 151
19 155
19 387
19 428
19 519
19 554
19 665
19 687
19 788
19 792
19 831
19 944
20 28
20 141
20 174
20 213
20 246
20 354
20 469
20 518
20 541
20 701
20 784
20 910
20 944
20 978
20 1022
21 135
21 183
21 340
21 381
21 397
21 533
21 553
21 590
21 643
21 749
21 775
21 834
22 99
22 113
22 258
22 456
22 461
22 535
22 592
22 610
22 619
22 713
22 791
22 819
22 886
22 983
23 151
23 218
23 290
23 774
23 785
23 812
23 979
24 71
24 80
24 218
24 264
24 276
24 332
24 353
24 358
24 529
24 541
24 859
24 923
25 67
25 80
25 92
25 320
25 354
25 355
25 496
25 503
25 541
25 581
25 830
25 896
25 983
26 41
26 73
26 303
26 389
26 391
26 421
27 59
27 158
27 195
27 297
27 460
27 512
27 563
27 632
27 709
27 736
27 737
27 887
27 921
27 973
28 36
28 292
28 337
28 390
28 396
28 458
28 486
28 508
28 524
28 612
28 686
28 719
28 746
28 775
28 938
29 44
29 99
29 102
29 106
29 143
29 193
29 222
29 235
29 261
29 263
29 285
29 338
29 477
29 660
29 716
29 729
29 766
29 797
29 809
29 823
29 873
29 924
29 996
30 173
30 403
30 488
30 504
30 683
30 945
31 167
31 209
31 261
31 278
31 279
31 488
31 647
31 710
31 724
31 936
31 997
31 998
31 1003
32 168
32 195
32 236
32 266
32 381
32 457
32 565
32 775
33 52
33 129
33 133
33 262
33 350
33 367
33 388
33 394
33 800
33 830
33 851
33 856
34 76
34 166
34 243
34 361
34 429
34 517
34 589
34 591
34 677
34 772
34 898
35 117
35 318
35 320
35 357
35 419
35 737
35 796
35 909
35 941
35 1005
36 121
36 197
36 224
36 271
36 302
36 321
36 433
36 444
36 562
36 590
36 597
36 607
36 800
36 834
37 53
37 120
37 122
37 161
37 454
37 461
37 633
37 666
37 740
37 759
37 843
38 70
38 73
38 102
38 166
38 171
38 225
38 267
38 396
38 413
38 422
38 520
38 542
38 572
38 585
38 727
38 744
38 752
38 803
38 838
38 1014
39 70
39 75
39 152
39 211
39 427
39 435
39 436
39 589
39 638
39 701
39 710
39 764
39 796
39 913
39 1020
39 1023
40 119
40 300
40 362
40 387
40 519
40 525
40 549
40 601
40 658
40 841
40 873
40 969
40 994
40 1010
41 79
41 101
41 194
41 209
41 465
41 504
41 508
41 606
41 708
41 710
41 785
41 904
41 938
42 208
42 223
42 276
42 314
42 472
42 477
42 701
42 749
42 815
42 894
42 1001
43 69
43 218
43 289
43 297
43 312
43 450
43 471
43 515
43 536
43 550
43 695
43 804
43 885
43 919
43 999
44 81
44 229
44 270
44 330
44 349
44 397
44 470
44 500
44 631
44 748
44 762
44 807
44 927
44 962
45 190
45 208
45 243
45 347
45 377
45 444
45 523
45 559
45 609
45 653
45 654
45 842
45 918
46 102
46 189
46 237
46 269
46 336
46 337
46 344
46 417
46 437
46 476
46 499
46 672
46 741
46 785
46 786
46 875
46 1008
46 1013
47 66
47 70
47 157
47 176
47 190
47 240
47 334
47 354
47 583
47 703
47 773
47 861
47 874
47 934
47 983
47 986
47 1006
47 1014
48 286
48 300
48 367
48 375
48 384
48 541
48 657
48 792
48 830
48 847
48 878
49 141
49 153
49 279
49 349
49 365
49 403
49 483
49 647
49 653
49 724
49 816
49 901
49 930
49 950
49 1013
50 185
50 199
50 301
50 314
50 342
50 350
50 356
50 509
50 552
50 621
50 665
50 725
50 815
50 868
50 921
50 936
50 955
50 963
51 78
51 99
51 228
51 344
51 398
51 477
51 554
51 590
51 620
51 754
51 756
51 757
51 794
51 919
51 949
51 986
51 999
52 144
52 216
52 247
52 303
52 415
52 434
52 490
52 641
52 676
52 806
52 848
52 895
52 953
53 102
53 127
53 245
53 268
53 292
53 409
53 510
53 568
53 636
53 717
53 747
53 772
53 796
53 891
53 903
54 80
54 120
54 274
54 318
54 696
54 737
54 769
54 775
54 846
54 895
55 113
55 383
55 472
55 485
55 498
55 553
55 614
55 1003
56 204
56 299
56 366
56 426
56 479
56 513
56 525
56 533
56 627
56 721
56 722
56 785
56 846
56 869
56 958
57 72
57 213
57 215
57 285
57 328
57 363
57 455
57 456
57 588
57 652
57 692
57 757
57 931
57 940
57 949
58 116
58 152
58 155
58 184
58 256
58 398
58 418
58 444
58 490
58 641
58 783
58 790
58 815
58 830
58 858
59 149
59 155
59 237
59 403
59 513
59 522
59 539
59 565
59 631
59 723
59 952
60 319
60 409
60 423
60 440
60 677
61 206
61 266
61 286
61 337
61 347
61 412
61 421
61 515
61 555
61 582
61 611
61 625
61 640
61 689
61 700
61 719
61 732
61 734
61 741
61 801
61 892
61 959
62 88
62 199
62 206
62 325
62 334
62 379
62 407
62 414
62 556
62 676
62 702
62 771
62 973
62 1016
63 85
63 230
63 287
63 316
63 355
63 405
63 428
63 465
63 470
63 601
63 689
63 713
63 730
63 777
63 794
63 800
63 968
64 87
64 125
64 312
64 447
64 468
64 472
64 539
64 577
64 673
64 708
64 775
64 964
65 225
65 281
65 422
65 469
65 477
65 580
65 609
65 683
65 685
65 783
65 811
65 866
65 897
65 924
65 1008
66 194
66 286
66 307
66 366
66 409
66 432
66 502
66 521
66 522
66 542
66 567
66 657
66 756
66 766
66 794
66 796
66 842
66 845
66 913
66 993
67 174
67 199
67 216
67 263
67 308
67 488
67 536
67 549
67 617
67 930
68 84
68 167
68 252
68 264
68 342
68 409
68 450
68 817
68 926
68 959
69 241
69 260
69 290
69 484
69 606
69 859
69 863
69 1007
70 403
70 427
70 457
70 469
70 552
70 563
70 734
70 758
70 836
70 873
70 901
70 919
70 1008
70 1020
71 130
71 132
71 135
71 211
71 355
71 363
71 376
71 404
71 430
71 518
71 521
71 541
71 652
71 663
71 707
71 711
71 878
71 880
72 85
72 87
72 158
72 179
72 205
72 212
72 240
72 317
72 523
72 740
72 759
72 764
72 789
72 919
72 949
72 958
72 1005
73 106
73 122
73 414
73 416
73 450
73 484
73 518
73 703
73 748
73 771
74 82
74 284
74 386
74 388
74 406
74 495
74 521
74 530
74 587
74 588
74 695
74 761
74 826
74 871
74 876
74 958
74 995
75 162
75 273
75 277
75 403
75 499
75 563
75 642
75 672
75 757
75 905
75 969
76 146
76 209
76 446
76 521
76 526
76 763
76 789
76 820
76 832
76 874
76 925
76 941
76 1002
76 1012
77 116
77 128
77 140
77 365
77 366
77 445
77 493
77 510
77 513
77 564
77 858
78 103
78 141
78 166
78 176
78 185
78 349
78 463
78 498
78 546
78 717
78 830
78 834
78 910
79 103
79 168
79 175
79 203
79 221
79 303
79 332
79 397
79 468
79 660
79 765
79 895
80 165
80 243
80 274
80 326
80 372
80 417
80 491
80 592
80 655
80 747
80 790
80 793
80 812
80 881
80 896
81 151
81 287
81 343
81 344
81 360
81 413
81 437
81 478
81 571
81 608
81 866
81 952
81 967
82 121
82 170
82 370
82 400
82 895
82 924
83 157
83 277
83 379
83 402
83 603
83 636
83 647
83 684
83 842
83 863
83 907
83 925
84 180
84 293
84 412
84 417
84 488
84 585
84 587
84 598
84 600
84 666
84 668
84 703
84 797
84 837
84 897
85 168
85 194
85 237
85 554
85 591
85 593
85 596
85 628
85 635
85 654
85 709
85 711
85 723
85 778
85 937
85 959
85 993
85 1015
86 220
86 291
86 340
86 370
86 404
86 414
86 504
86 534
86 591
86 884
86 906
86 915
86 987
87 363
87 472
87 600
87 738
87 768
87 845
87 855
87 877
87 946
88 152
88 171
88 202
88 304
88 314
88 381
88 386
88 390
88 431
88 526
88 597
88 645
88 894
88 922
89 323
89 327
89 335
89 351
89 387
89 410
89 620
89 728
89 759
89 766
89 793
89 796
89 800
89 812
89 826
89 827
89 854
90 172
90 289
90 341
90 347
90 448
90 460
90 584
90 668
90 910
91 370
91 379
91 406
91 413
91 418
91 491
91 610
91 896
91 975
91 982
92 186
92 252
92 363
92 536
92 582
92 596
92 616
92 651
92 666
92 714
92 841
93 158
93 179
93 275
93 295
93 695
93 726
93 759
93 982
93 997
93 1016
94 142
94 275
94 280
94 640
94 685
94 700
94 742
94 769
94 819
94 887
95 189
95 194
95 286
95 292
95 433
95 437
95 479
95 544
95 555
95 695
95 750
95 751
95 762
95 773
95 812
95 902
96 290
96 308
96 406
96 435
96 482
96 639
96 643
96 645
96 687
96 726
96 755
96 800
96 922
96 949
97 122
97 147
97 206
97 310
97 336
97 413
97 489
97 517
97 587
97 673
97 720
97 749
97 785
97 835
97 907
98 130
98 213
98 353
98 375
98 391
98 452
98 466
98 491
98 562
98 626
98 671
98 682
98 698
98 849
98 915
98 954
99 108
99 421
99 428
99 435
99 531
99 607
99 883
99 969
100 101
100 329
100 347
100 369
100 494
100 568
100 615
100 869
100 962
101 153
101 255
101 278
101 284
101 290
101 296
101 332
101 602
101 605
101 624
101 656
101 743
101 878
101 883
101 907
101 916
101 926
101 1003
102 124
102 197
102 226
102 475
102 584
102 604
102 627
102 631
102 643
102 647
102 667
102 688
102 1003
103 311
103 434
103 454
103 466
103 569
103 877
103 886
104 223
104 271
104 285
104 353
104 543
104 549
104 641
104 845
105 125
105 130
105 213
105 374
105 376
105 382
105 437
105 438
105 597
105 694
105 702
105 733
105 926
106 207
106 229
106 236
106 247
106 317
106 476
106 511
106 571
106 575
106 590
106 741
106 753
106 844
106 1016
107 210
107 299
107 414
107 515
107 585
107 630
107 649
107 702
107 778
107 788
107 864
107 917
107 919
107 962
107 1005
107 1006
108 145
108 152
108 239
108 436
108 521
108 578
108 731
108 838
108 875
108 921
108 942
109 147
109 151
109 204
109 415
109 431
109 471
109 543
109 571
109 624
109 644
109 748
109 873
109 929
109 965
110 280
110 433
110 499
110 516
110 550
110 596
110 666
110 721
110 757
110 846
110 882
110 937
111 181
111 209
111 236
111 245
111 396
111 414
111 454
111 484
111 514
111 585
111 677
111 745
111 803
111 872
111 988
112 221
112 281
112 431
112 483
112 676
112 743
112 852
112 967
113 259
113 262
113 301
113 365
113 391
113 481
113 512
113 591
113 631
113 689
113 737
113 793
113 855
113 962
113 975
113 1015
114 131
114 235
114 293
114 466
114 683
114 779
115 209
115 258
115 272
115 283
115 399
115 401
115 404
115 495
115 696
115 889
115 904
116 127
116 199
116 358
116 466
116 596
116 789
116 949
116 971
117 156
117 215
117 216
117 491
117 540
117 565
117 588
117 636
117 667
117 680
117 730
117 768
117 858
117 874
117 875
117 936
117 986
118 239
118 285
118 561
118 633
118 759
118 845
118 1000
119 186
119 346
119 358
119 433
119 453
119 490
119 606
119 769
119 807
119 912
119 1004
120 182
120 534
120 537
120 610
120 869
120 899
120 902
120 979
121 159
121 251
121 256
121 416
121 433
121 505
121 548
121 604
121 621
121 712
121 816
121 926
121 934
121 949
121 965
121 979
121 998
122 202
122 217
122 283
122 337
122 340
122 399
122 609
122 720
122 730
122 742
122 746
122 756
122 781
122 803
122 973
123 260
123 297
123 300
123 342
123 343
123 382
123 501
123 519
123 532
123 593
123 645
123 720
123 792
123 809
123 821
123 884
123 951
124 339
124 391
124 396
124 427
124 496
124 502
124 521
124 523
124 636
124 742
125 161
125 208
125 381
125 415
125 426
125 431
125 454
125 565
125 587
125 632
125 698
125 727
125 763
125 765
125 834
125 861
125 868
125 872
126 173
126 176
126 261
126 267
126 336
126 420
126 426
126 427
126 441
126 475
126 565
126 643
126 682
126 704
126 756
126 813
126 914
127 155
127 157
127 184
127 229
127 237
127 295
127 342
127 353
127 569
127 661
127 696
127 702
127 743
127 792
127 803
127 832
127 876
127 1000
128 144
128 152
128 177
128 375
128 475
128 565
128 597
128 778
128 797
128 957
128 1012
129 149
129 203
129 206
129 229
129 471
129 677
129 866
129 886
129 946
129 988
129 1005
129 1009
129 1019
130 173
130 189
130 295
130 314
130 398
130 489
130 615
130 617
130 688
130 830
130 949
130 951
130 957
131 338
131 384
131 388
131 576
131 619
131 696
131 721
131 773
131 831
131 844
131 855
131 928
131 977
132 137
132 148
132 213
132 392
132 402
132 461
132 533
132 573
132 657
132 689
132 706
132 775
132 819
132 822
132 934
133 252
133 420
133 542
133 597
133 611
133 743
133 935
133 961
133 986
134 260
134 323
134 351
134 352
134 407
134 449
134 601
134 605
134 740
134 830
134 876
134 903
134 910
135 198
135 204
135 256
135 440
135 453
135 664
135 720
135 729
135 739
135 777
135 778
135 800
135 831
135 996
135 1021
136 211
136 227
136 305
136 407
136 412
136 425
136 573
136 597
136 736
137 165
137 194
137 217
137 304
137 308
137 362
137 590
137 634
137 789
137 842
137 865
137 879
137 900
138 148
138 182
138 331
138 431
138 446
138 467
138 481
138 586
138 759
138 861
138 908
138 926
139 156
139 228
139 299
139 335
139 573
139 600
139 658
139 735
139 778
139 828
139 891
139 912
140 160
140 224
140 428
140 536
140 566
140 567
140 574
140 627
140 710
140 796
140 872
140 898
140 958
141 145
141 164
141 203
141 218
141 276
141 325
141 345
141 488
141 545
141 690
141 695
141 780
141 807
141 816
141 817
141 867
141 949
142 261
142 359
142 494
142 496
142 504
142 700
142 852
142 938
143 384
143 474
143 488
143 586
143 598
143 977
144 171
144 236
144 241
144 273
144 446
144 450
144 462
144 464
144 514
144 617
144 750
144 819
144 853
144 977
145 259
145 378
145 413
145 512
145 649
145 668
145 670
145 679
145 730
145 757
146 259
146 333
146 366
146 537
146 654
146 682
146 761
146 860
146 917
146 944
146 994
146 1006
147 218
147 308
147 313
147 328
147 346
147 939
147 958
148 365
148 381
148 496
148 558
148 681
148 780
148 864
148 938
148 1022
149 160
149 282
149 356
149 360
149 372
149 380
149 516
149 556
149 559
149 634
149 789
150 235
150 426
150 450
150 471
150 554
150 599
150 682
150 725
150 867
150 1002
151 212
151 227
151 254
151 419
151 475
151 495
151 531
151 601
151 801
151 852
151 858
151 1011
151 1014
152 163
152 422
152 510
152 522
152 762
152 789
152 916
152 1011
153 236
153 249
153 324
153 343
153 362
153 397
153 708
153 784
153 788
153 884
153 898
153 937
153 1007
153 1019
154 413
154 474
154 477
154 492
154 555
154 611
154 615
154 736
154 815
154 825
154 973
155 270
155 310
155 347
155 385
155 396
155 456
155 688
155 698
155 787
155 793
155 846
155 849
155 863
155 915
155 960
155 971
155 992
155 994
155 1004
156 210
156 238
156 525
156 552
156 737
156 800
156 926
157 269
157 310
157 412
157 504
157 595
157 716
157 892
157 934
157 946
158 198
158 261
158 272
158 365
158 393
158 720
158 769
158 977
158 1013
159 218
159 242
159 341
159 361
159 401
159 434
159 611
159 684
159 774
159 821
159 852
159 890
159 932
159 993
159 1013
160 179
160 253
160 303
160 322
160 324
160 334
160 358
160 435
160 438
160 458
160 616
160 682
160 781
160 785
160 851
160 937
161 204
161 242
161 259
161 268
161 309
161 328
161 366
161 488
161 594
161 810
161 888
161 901
162 236
162 242
162 259
162 290
162 332
162 382
162 400
162 485
162 586
162 601
162 611
162 717
162 738
162 754
162 921
162 968
162 1012
162 1020
163 241
163 259
163 278
163 559
163 570
163 572
163 590
163 723
163 786
163 884
163 945
164 179
164 181
164 343
164 364
164 393
164 538
164 634
164 637
164 656
164 700
164 765
164 776
164 944
164 964
164 974
165 239
165 275
165 318
165 351
165 423
165 580
165 613
165 756
165 860
165 896
165 1005
166 180
166 189
166 272
166 364
166 367
166 490
166 613
166 646
166 751
166 810
166 908
167 250
167 252
167 260
167 332
167 412
167 540
167 581
167 613
167 735
167 872
167 875
167 920
167 936
168 170
168 216
168 223
168 321
168 369
168 418
168 536
168 546
168 596
168 737
168 761
168 777
168 808
168 872
168 945
169 186
169 311
169 324
169 384
169 545
169 602
169 639
169 656
169 719
169 743
169 789
169 872
169 944
169 984
169 997
170 187
170 299
170 322
170 357
170 373
170 406
170 450
170 586
170 609
170 674
170 754
170 762
170 772
170 792
170 833
170 881
170 932
170 956
171 191
171 303
171 408
171 426
171 493
171 494
171 507
171 596
171 736
171 763
171 782
171 791
171 948
171 986
172 179
172 189
172 234
172 267
172 269
172 294
172 306
172 347
172 358
172 375
172 393
172 395
172 432
172 447
172 508
172 634
172 910
172 928
173 289
173 347
173 406
173 428
173 439
173 449
173 508
173 711
173 770
173 794
173 822
173 892
173 994
174 209
174 225
174 252
174 331
174 628
174 685
174 823
174 925
174 940
174 978
174 1023
175 185
175 216
175 266
175 275
175 358
175 488
175 534
175 565
175 738
175 930
175 997
176 214
176 220
176 233
176 351
176 672
176 683
176 725
176 772
176 892
176 956
177 191
177 578
177 665
177 679
177 718
177 732
177 877
177 906
178 192
178 264
178 312
178 324
178 420
178 450
178 640
178 643
178 789
178 864
178 918
178 953
178 1001
178 1005
179 257
179 265
179 300
179 320
179 633
179 660
179 743
179 958
179 976
179 993
180 214
180 317
180 354
180 408
180 824
180 882
181 204
181 309
181 319
181 440
181 460
181 534
181 627
181 672
181 923
182 233
182 241
182 309
182 629
182 685
182 718
182 828
182 884
183 214
183 297
183 514
183 555
183 590
183 710
183 772
183 910
183 963
184 269
184 310
184 453
184 570
184 605
184 883
184 951
184 991
185 444
185 472
185 612
185 674
185 850
185 861
185 977
185 980
185 982
186 251
186 376
186 412
186 676
186 893
186 1012
187 204
187 417
187 454
187 551
187 574
187 636
187 652
187 690
187 785
187 832
187 844
187 926
188 190
188 207
188 565
188 577
188 602
188 606
188 646
188 691
188 702
188 745
188 765
188 771
188 961
188 971
189 535
189 726
189 870
189 874
189 923
189 961
189 973
190 310
190 365
190 383
190 390
190 435
190 471
190 509
190 547
190 548
190 580
190 662
190 673
190 754
190 787
190 791
191 200
191 356
191 416
191 459
191 555
191 571
191 581
191 582
191 683
191 813
191 855
192 226
192 296
192 301
192 473
192 570
192 595
192 616
192 719
192 733
192 781
192 809
192 848
192 853
192 878
192 910
192 947
193 200
193 265
193 268
193 289
193 369
193 401
193 749
193 777
193 807
193 810
193 819
194 198
194 246
194 291
194 819
194 831
194 859
194 872
194 885
194 928
194 968
195 205
195 220
195 223
195 344
195 434
195 436
195 441
195 516
195 561
195 729
195 741
195 914
195 1003
196 365
196 394
196 461
196 535
196 608
196 635
196 804
196 831
196 835
196 848
196 856
196 859
197 207
197 309
197 458
197 640
197 724
197 798
197 814
197 832
197 964
198 334
198 339
198 418
198 484
198 495
198 610
198 891
198 1009
199 267
199 268
199 386
199 406
199 420
199 614
199 647
199 660
199 742
199 810
199 902
199 937
199 1009
200 262
200 294
200 433
200 492
200 774
200 809
200 847
200 882
200 1010
201 238
201 302
201 335
201 385
201 447
201 547
201 656
201 765
201 826
201 832
201 897
201 943
201 964
202 416
202 448
202 491
202 812
202 835
202 853
202 927
202 940
203 219
203 225
203 249
203 282
203 300
203 341
203 422
203 457
203 567
203 782
203 889
203 957
203 985
203 988
203 1017
204 215
204 318
204 509
204 519
204 569
204 617
204 633
204 639
204 647
204 819
204 839
205 257
205 430
205 432
205 439
205 449
205 465
205 567
205 678
205 720
205 785
205 915
205 991
206 272
206 494
206 509
206 591
206 602
206 677
206 695
206 761
206 816
206 882
206 936
207 223
207 237
207 252
207 299
207 336
207 460
207 495
207 576
207 781
207 798
207 873
207 874
207 876
207 924
207 972
208 437
208 484
208 536
208 556
208 695
208 714
208 773
208 875
208 879
209 248
209 301
209 351
209 424
209 427
209 433
209 461
209 478
209 497
209 572
209 634
209 668
209 670
209 692
209 702
209 849
210 321
210 372
210 411
210 430
210 475
210 575
210 599
210 671
210 686
210 726
210 735
210 743
210 794
210 824
210 1016
211 218
211 233
211 259
211 262
211 554
211 734
211 766
211 771
211 895
211 912
211 963
212 476
212 529
212 648
212 708
212 724
212 747
212 834
212 846
212 911
212 994
212 1019
213 269
213 296
213 300
213 319
213 332
213 648
213 701
213 791
213 799
213 859
213 935
214 317
214 323
214 367
214 407
214 501
214 554
214 574
214 624
214 716
214 745
214 775
215 276
215 302
215 426
215 458
215 473
215 544
215 583
215 643
215 676
215 709
215 722
215 736
215 818
215 938
215 1008
216 291
216 507
216 514
216 644
216 667
216 720
216 904
216 921
216 974
217 267
217 281
217 341
217 355
217 406
217 451
217 539
217 597
217 711
217 716
217 732
217 762
217 881
217 911
217 918
218 311
218 379
218 415
218 463
218 474
218 537
218 555
218 650
218 718
218 812
218 988
219 232
219 599
219 643
219 646
219 686
219 902
219 985
219 1022
220 245
220 250
220 256
220 293
220 328
220 458
220 530
220 735
220 749
220 766
220 841
220 896
220 991
221 228
221 412
221 430
221 730
221 750
221 867
221 901
221 981
221 1010
222 223
222 265
222 395
222 398
222 399
222 430
222 451
222 455
222 572
222 626
222 734
222 865
222 919
222 924
222 944
223 309
223 364
223 394
223 609
223 692
223 698
223 702
223 775
223 788
223 816
223 829
223 935
224 328
224 350
224 381
224 418
224 440
224 573
224 605
224 654
224 692
224 715
224 988
225 244
225 334
225 425
225 549
225 583
225 905
225 907
225 927
226 239
226 325
226 342
226 363
226 382
226 539
226 662
226 883
226 994
227 237
227 354
227 397
227 412
227 465
227 489
227 555
227 560
227 563
227 620
227 634
227 651
227 892
227 955
227 974
228 230
228 329
228 380
228 385
228 466
228 507
228 524
228 619
228 671
228 906
228 911
228 974
228 1014
228 1017
229 329
229 337
229 350
229 370
229 414
229 556
229 664
229 729
229 763
229 840
229 841
229 882
230 239
230 405
230 452
230 602
230 648
230 693
230 745
230 1013
231 232
231 284
231 301
231 348
231 386
231 398
231 488
231 620
231 652
231 685
231 798
231 853
231 923
232 318
232 320
232 367
232 416
232 439
232 448
232 501
232 538
232 571
232 579
232 721
232 745
232 763
232 787
232 850
232 894
232 966
232 996
233 275
233 278
233 287
233 351
233 357
233 376
233 555
233 561
233 659
233 664
233 694
233 731
233 793
233 800
234 262
234 342
234 400
234 566
234 666
234 714
234 960
234 1007
235 249
235 274
235 313
235 461
235 525
235 566
235 609
235 653
235 697
235 981
236 271
236 278
236 344
236 392
236 587
236 844
237 313
237 432
237 533
237 555
237 646
237 657
237 771
237 780
237 817
237 889
237 908
238 370
238 463
238 615
238 652
238 659
238 782
238 784
238 803
238 918
238 952
238 972
238 1017
239 543
239 606
239 682
239 879
239 897
239 905
239 919
239 936
239 968
239 991
239 1010
239 1011
240 341
240 351
240 363
240 383
240 542
240 680
240 706
240 833
240 890
241 297
241 441
241 452
241 455
241 482
241 525
241 528
241 824
241 829
241 898
241 926
242 374
242 456
242 481
242 583
242 699
242 750
242 785
242 885
242 911
242 926
243 274
243 275
243 321
243 397
243 455
243 488
243 548
243 582
243 703
243 959
243 1020
244 355
244 430
244 477
244 625
244 833
245 323
245 750
245 755
245 792
246 285
246 407
246 448
246 461
246 656
246 761
246 795
246 877
246 1008
247 311
247 373
247 475
247 607
247 820
247 831
247 859
247 927
248 312
248 363
248 490
248 625
248 724
248 740
248 794
248 835
248 1019
249 327
249 376
249 382
249 475
249 525
249 545
249 595
249 684
249 753
249 766
249 777
249 801
249 832
249 915
249 991
250 331
250 362
250 394
250 593
250 798
250 884
250 971
251 302
251 350
251 370
251 382
251 496
251 516
251 546
251 571
251 640
251 642
251 710
251 749
251 771
251 797
251 875
251 930
251 967
251 995
252 397
252 408
252 824
252 892
252 897
253 568
253 643
253 758
253 813
253 898
253 914
253 938
254 423
254 467
254 471
254 521
254 543
254 625
254 861
255 257
255 612
255 638
255 846
255 877
255 905
255 943
255 960
255 996
255 1000
255 1002
256 280
256 299
256 323
256 381
256 461
256 532
256 537
256 540
256 672
256 698
256 704
256 865
256 868
256 873
256 917
256 967
257 426
257 482
257 585
257 620
257 625
257 697
257 767
257 775
257 809
257 838
257 849
257 939
257 1019
257 1023
258 403
258 516
258 576
258 584
258 918
258 977
259 300
259 473
259 530
259 597
259 818
259 933
260 262
260 488
260 505
260 515
260 640
260 758
260 817
260 828
260 1004
260 1008
261 299
261 342
261 419
261 438
261 462
261 471
261 702
261 758
261 793
261 990
261 1002
262 296
262 451
262 533
262 626
262 628
262 656
262 678
262 693
262 696
262 888
262 896
262 899
262 986
262 1009
263 304
263 404
263 422
263 456
263 571
263 576
263 590
263 646
263 703
263 725
263 748
263 790
263 815
263 1021
264 353
264 370
264 375
264 492
264 532
264 654
264 714
264 766
264 922
264 923
264 948
264 989
264 1007
265 302
265 466
265 579
265 599
265 696
265 739
265 817
265 897
265 912
266 274
266 321
266 418
266 430
266 520
266 622
266 739
266 843
266 1006
267 359
267 488
267 493
267 941
267 992
267 994
268 274
268 286
268 477
268 510
268 580
268 590
268 839
268 918
268 989
269 295
269 299
269 615
269 632
269 664
269 710
269 714
269 741
269 841
269 879
270 356
270 362
270 430
270 451
270 482
270 593
270 714
270 774
270 782
271 323
271 410
271 446
271 453
271 497
271 560
271 595
271 668
271 746
271 818
271 832
271 840
272 289
272 524
272 551
272 624
272 667
272 859
272 874
272 948
273 296
273 409
273 535
273 602
273 678
273 747
273 815
273 945
274 330
274 402
274 437
274 473
274 530
274 544
274 674
274 718
274 842
274 876
274 892
275 282
275 379
275 385
275 428
275 462
275 569
275 572
275 626
275 680
275 726
275 792
275 828
275 850
275 978
275 1016
276 283
276 385
276 412
276 424
276 451
276 515
276 551
276 837
276 934
276 1020
277 322
277 384
277 404
277 586
277 649
277 817
277 846
277 866
278 458
278 535
278 629
278 638
278 706
279 280
279 364
279 431
279 458
279 589
279 603
279 767
279 961
279 963
279 996
280 294
280 404
280 595
280 667
280 780
280 816
281 291
281 296
281 307
281 343
281 385
281 397
281 458
281 480
281 523
281 568
281 701
281 708
281 773
281 781
281 820
281 934
281 948
281 975
281 984
281 1013
282 336
282 342
282 452
282 483
282 565
282 572
282 586
282 638
282 653
282 704
282 753
282 805
282 887
282 898
282 966
282 993
283 355
283 427
283 434
283 444
283 571
283 658
283 816
284 299
284 426
284 429
284 506
284 523
284 542
284 594
284 719
284 872
284 929
284 950
284 961
284 994
285 357
285 733
285 822
285 972
286 333
286 347
286 397
286 401
286 407
286 416
286 580
286 598
286 729
286 783
286 826
286 842
286 913
286 925
286 955
287 319
287 362
287 430
287 474
287 531
287 579
287 642
287 742
287 807
287 824
287 859
287 863
287 949
287 977
288 348
288 431
288 443
288 465
288 466
288 519
288 530
288 590
288 597
288 648
288 699
288 737
288 770
288 790
288 820
289 297
289 319
289 320
289 382
289 427
289 457
289 474
289 580
289 617
289 658
289 707
289 766
289 867
289 913
290 293
290 521
290 653
290 673
290 714
290 759
290 958
290 967
291 323
291 353
291 371
291 494
291 581
291 683
291 701
291 867
291 899
291 942
292 331
292 347
292 463
292 494
292 545
292 612
292 845
292 847
292 871
292 1005
293 349
293 562
293 653
293 822
293 891
293 926
293 973
293 1010
294 366
294 589
294 619
294 646
294 694
294 729
294 731
294 796
294 905
294 929
294 942
294 992
295 507
295 692
295 701
295 716
295 856
296 312
296 314
296 324
296 382
296 426
296 444
296 469
296 674
296 691
296 814
296 833
297 323
297 386
297 460
297 550
297 595
297 601
297 608
297 676
297 819
297 888
297 910
297 923
297 1013
297 1023
298 349
298 398
298 472
298 496
298 617
298 643
298 940
298 963
299 388
299 421
299 495
299 510
299 530
299 562
299 672
299 800
299 809
299 876
299 989
300 305
300 325
300 365
300 418
300 619
300 631
300 649
300 662
300 709
300 721
300 771
300 974
300 997
300 1013
301 366
301 465
301 602
301 734
301 821
301 879
301 1004
302 386
302 441
302 535
302 740
302 802
302 819
302 856
302 1010
302 1021
303 322
303 327
303 364
303 442
303 467
303 487
303 618
303 689
303 714
303 779
303 784
303 824
303 828
303 968
304 307
304 350
304 502
304 600
304 638
304 710
304 723
304 743
304 749
304 778
304 980
305 348
305 390
305 666
305 828
305 937
305 978
305 1004
306 315
306 323
306 326
306 404
306 491
306 536
306 698
306 718
306 746
306 756
306 757
306 763
306 771
306 808
306 813
306 854
307 341
307 386
307 392
307 508
307 529
307 542
307 639
307 727
307 809
307 915
307 977
308 408
308 434
308 544
308 597
308 649
308 714
308 847
308 875
308 884
308 923
309 325
309 405
309 416
309 527
309 625
309 672
309 730
309 867
310 459
310 490
310 492
310 497
310 521
310 615
310 709
310 736
310 886
310 903
311 339
311 359
311 558
311 608
311 660
311 664
311 683
311 700
311 734
311 933
312 477
312 566
312 603
312 681
313 400
313 567
313 811
313 819
313 838
313 908
313 995
314 375
314 428
314 516
314 536
314 549
314 574
314 612
314 630
314 648
314 848
315 320
315 495
315 540
315 587
315 703
315 751
315 893
315 900
315 910
316 357
316 456
316 472
316 661
316 683
316 697
316 725
316 743
316 749
316 889
316 908
316 1014
317 359
317 472
317 489
317 565
317 786
317 865
317 889
318 397
318 681
318 692
318 768
318 815
318 898
319 321
319 327
319 332
319 351
319 359
319 376
319 426
319 445
319 503
319 504
319 646
319 685
319 739
319 830
319 846
319 1010
320 389
320 494
320 570
320 660
320 664
320 665
320 859
320 863
320 909
320 955
320 970
320 997
321 353
321 559
321 647
321 676
321 677
321 707
321 824
321 873
321 955
321 971
322 336
322 367
322 405
322 496
322 521
322 582
322 676
322 813
322 826
322 945
323 324
323 327
323 664
323 809
323 815
323 943
324 415
324 537
324 546
324 889
324 899
324 967
325 346
325 361
325 529
325 560
325 568
325 570
325 649
325 680
325 712
325 966
325 980
325 1008
326 361
326 624
326 764
326 779
326 792
326 826
326 984
327 413
327 462
327 484
327 516
327 784
327 878
328 454
328 481
328 507
328 640
328 680
328 958
328 986
329 456
329 528
329 625
329 680
329 749
329 754
329 784
330 428
330 482
330 541
330 580
330 585
330 610
330 702
330 722
330 730
330 931
330 951
331 493
331 505
331 736
331 835
331 836
332 750
332 780
332 926
332 953
333 355
333 409
333 479
333 618
333 639
333 749
333 793
333 812
333 825
333 862
333 869
334 350
334 449
334 509
334 513
334 523
334 594
334 656
334 752
334 838
334 886
334 891
334 1004
335 349
335 384
335 404
335 466
335 505
335 517
335 558
335 732
335 748
335 848
335 871
335 879
335 909
335 980
336 353
336 373
336 471
336 479
336 517
336 612
336 710
336 741
336 823
336 931
336 975
336 989
337 414
337 420
337 505
337 509
337 549
337 571
337 623
337 665
337 689
337 782
337 900
337 967
338 363
338 443
338 515
338 873
338 899
338 947
338 969
339 391
339 520
339 523
339 621
339 644
339 708
339 749
339 795
340 360
340 453
340 496
340 508
340 530
340 540
340 552
340 611
340 619
340 707
340 893
340 919
340 992
341 522
341 694
341 717
341 787
341 873
342 463
342 488
342 552
342 612
342 624
342 677
342 885
342 917
342 966
343 385
343 404
343 477
343 523
343 561
343 704
343 823
343 969
343 996
344 531
344 533
344 578
344 623
344 721
344 791
344 824
344 858
344 868
344 914
344 985
345 378
345 476
345 530
345 581
345 599
345 605
345 633
345 651
345 658
345 732
345 775
345 823
345 969
346 576
346 619
346 646
346 650
346 654
346 745
346 747
347 364
347 475
347 483
347 550
347 694
347 808
347 839
347 865
348 374
348 379
348 441
348 459
348 567
348 788
348 841
348 882
348 898
348 904
348 915
348 929
348 956
348 978
349 467
349 521
349 640
349 775
349 842
349 882
349 907
349 939
349 966
349 987
350 434
350 460
350 554
350 772
350 839
350 845
350 846
350 861
350 902
350 926
350 930
351 550
351 633
351 650
351 669
351 750
351 780
351 839
351 884
352 371
352 568
352 596
352 674
352 708
352 798
352 824
352 913
352 953
353 459
353 464
353 472
353 566
353 748
353 840
353 868
354 419
354 562
354 580
354 614
354 829
354 908
354 930
354 962
355 471
355 481
355 604
355 635
355 659
355 721
355 822
355 868
355 1013
356 362
356 788
356 838
357 471
357 633
357 758
357 853
357 988
357 1015
358 368
358 422
358 498
358 563
358 629
358 797
358 857
358 945
358 956
358 997
358 1001
359 383
359 392
359 394
359 450
359 465
359 566
359 809
359 811
359 922
359 950
359 1010
360 393
360 409
360 448
360 721
360 751
360 804
360 805
360 830
360 845
360 945
361 602
361 610
361 683
361 710
361 753
361 978
362 381
362 437
362 454
362 613
362 633
362 717
362 764
362 844
362 927
362 972
362 1003
363 419
363 439
363 506
363 560
363 600
363 703
363 852
363 1004
364 422
364 557
364 722
364 762
364 781
364 801
364 882
365 459
365 473
365 477
365 529
365 600
365 631
365 750
365 762
365 828
365 900
365 911
365 983
365 988
365 1006
366 523
366 594
366 661
366 710
366 748
366 775
366 780
366 845
366 875
366 902
366 958
366 979
366 1000
367 406
367 424
367 426
367 542
367 625
367 687
367 753
367 828
367 832
367 886
367 900
367 1003
368 382
368 392
368 423
368 580
368 671
368 696
369 403
369 489
369 500
369 721
369 730
369 817
369 934
369 937
369 986
369 997
370 553
370 568
370 679
370 695
370 738
370 821
370 822
370 911
370 967
371 380
371 571
371 608
371 614
371 650
371 662
371 832
371 913
371 924
371 944
371 1005
371 1013
372 391
372 411
372 428
372 432
372 512
372 608
372 677
372 743
372 746
372 774
372 954
372 962
372 1002
373 424
373 469
373 495
373 534
373 609
373 633
373 635
373 647
373 657
373 708
373 755
373 874
374 435
374 456
374 529
374 586
374 726
374 752
374 779
374 962
375 433
375 507
375 560
375 573
375 734
375 789
375 824
375 883
375 934
376 384
376 512
376 702
376 711
376 858
376 948
376 961
376 994
377 385
377 425
377 530
377 577
377 612
377 888
377 918
377 946
377 1014
378 504
378 635
378 647
378 671
378 783
378 851
378 979
378 998
379 380
379 430
379 463
379 466
379 499
379 530
379 612
379 647
379 648
379 813
379 827
380 412
380 556
380 573
380 632
380 701
380 715
380 807
380 813
380 904
380 954
381 518
381 526
381 614
381 912
381 941
381 982
382 446
382 615
382 741
382 895
383 537
383 556
383 566
383 866
383 988
383 1004
384 471
384 479
384 488
384 645
384 676
384 775
384 886
384 930
384 933
384 965
384 984
384 1019
385 483
385 591
385 612
385 781
385 855
385 964
385 967
386 391
386 419
386 648
386 758
386 799
386 824
386 834
386 940
386 1009
387 389
387 414
387 423
387 480
387 553
387 575
387 847
387 863
388 469
388 535
388 590
388 601
388 621
388 653
388 732
388 768
388 832
388 906
388 915
388 941
389 413
389 643
389 677
389 685
389 693
389 729
389 855
389 857
389 895
390 432
390 468
390 577
390 590
390 674
390 744
390 757
390 786
390 844
390 951
391 512
391 578
391 733
391 745
391 886
391 930
391 941
392 394
392 477
392 511
392 517
392 542
392 579
392 604
392 627
392 671
392 674
392 677
392 794
392 845
392 859
392 909
393 488
393 605
393 647
393 860
394 454
394 508
394 594
394 701
394 750
394 814
394 838
394 885
394 907
395 488
395 639
395 656
395 774
395 932
395 967
396 410
396 458
396 504
396 608
396 681
396 885
397 451
397 463
397 486
397 808
397 821
397 940
397 951
398 413
398 417
398 672
398 820
398 851
398 952
399 435
399 516
399 530
399 568
399 706
399 810
399 850
399 906
399 927
399 961
399 986
400 445
400 461
400 477
400 542
400 546
400 626
400 662
400 717
400 759
400 766
400 891
400 906
400 935
400 954
400 955
401 483
401 521
401 770
401 771
401 822
401 847
401 881
401 934
401 970
402 491
402 493
402 574
402 645
402 654
402 915
402 923
402 940
402 994
402 1019
403 483
403 495
403 609
403 717
403 737
403 795
403 838
403 841
403 859
403 933
403 983
403 1002
404 431
404 459
404 557
404 577
404 626
404 664
404 732
404 765
404 775
404 786
404 833
405 443
405 505
405 559
405 564
405 581
405 644
405 764
405 815
405 817
405 868
405 935
406 442
406 590
406 858
406 893
406 899
406 954
406 969
406 1005
407 513
407 541
407 555
407 718
407 722
407 810
407 811
407 914
407 966
407 995
408 460
408 802
408 823
408 873
408 999
409 474
409 505
409 520
409 526
409 567
409 624
409 630
409 663
409 728
409 771
409 896
409 927
409 1004
410 412
410 416
410 645
410 736
410 757
410 940
410 966
411 414
411 508
411 607
411 618
411 661
411 671
411 679
411 733
411 798
411 820
411 862
412 490
412 508
412 554
412 607
412 682
412 691
412 696
412 835
412 924
412 958
412 959
412 963
413 454
413 458
413 523
413 591
413 790
413 858
413 876
413 890
413 1021
414 441
414 444
414 471
414 668
414 729
414 733
414 744
414 855
414 906
414 1011
415 451
415 604
415 717
415 891
415 906
415 911
416 423
416 453
416 474
416 518
416 522
416 588
416 691
416 806
416 829
416 849
416 909
416 931
416 940
416 1011
416 1012
417 447
417 491
417 510
417 551
417 572
417 634
417 682
417 716
417 737
417 765
417 834
417 908
417 938
417 990
418 427
418 463
418 528
418 543
418 629
418 668
418 693
418 721
418 745
418 758
418 942
418 992
419 447
419 574
419 777
419 880
419 942
419 976
419 1016
420 451
420 463
420 604
420 641
420 660
420 913
420 979
420 985
420 1009
421 455
421 466
421 484
421 486
421 508
421 576
421 586
421 654
421 673
421 686
421 741
421 768
421 807
421 860
421 911
421 918
421 947
422 423
422 537
422 562
422 666
422 718
422 879
422 904
423 498
423 577
423 686
423 756
423 812
423 814
423 860
423 887
424 555
424 588
424 668
424 707
424 841
424 920
424 981
424 989
424 1012
425 441
425 542
425 684
425 694
425 721
425 755
425 872
425 906
425 941
425 977
425 1013
426 443
426 506
426 538
426 727
426 770
426 840
427 446
427 494
427 581
427 644
427 645
427 686
427 717
427 754
427 903
427 934
428 435
428 437
428 476
428 526
428 725
428 832
428 897
428 924
428 1023
429 443
429 544
429 667
429 698
429 818
429 900
429 950
429 981
429 996
429 1000
430 572
430 595
430 748
430 773
430 938
430 940
430 995
431 475
431 480
431 808
431 949
431 972
432 470
432 497
432 518
432 558
432 650
432 746
432 799
432 909
432 975
433 450
433 517
433 565
433 693
433 754
433 862
433 864
433 948
433 1014
434 494
434 745
434 783
434 804
434 905
434 1005
434 1013
435 510
435 568
435 655
435 656
435 671
435 693
435 958
435 978
436 491
436 589
436 623
436 793
436 823
436 824
436 1005
437 636
437 642
437 789
437 919
437 1001
438 508
438 569
438 613
438 689
438 769
438 854
438 899
438 935
438 963
438 980
438 998
439 441
439 467
439 510
439 513
439 604
439 635
439 654
439 660
439 747
439 799
439 872
440 572
440 827
440 848
441 470
441 656
441 673
441 760
441 859
441 906
441 1014
442 444
442 497
442 506
442 555
442 585
442 706
442 720
442 864
442 885
442 886
442 892
442 953
442 996
443 682
443 764
443 774
443 832
443 861
443 938
443 1022
444 487
444 497
444 675
444 707
444 721
444 777
444 811
444 929
444 968
444 987
445 558
445 760
445 764
445 783
445 802
445 852
445 915
445 917
445 926
445 930
445 953
445 967
445 979
445 1000
446 499
446 560
446 691
446 755
446 804
446 814
446 839
446 840
446 920
446 990
447 523
447 629
447 690
447 894
447 898
448 485
448 523
448 610
448 764
448 798
448 821
448 862
448 913
448 920
448 996
449 512
449 539
449 641
449 725
449 776
449 859
449 885
449 903
449 1000
450 516
450 555
450 701
450 756
450 799
450 964
450 980
451 536
451 549
451 572
451 585
451 805
451 845
451 936
451 1005
452 491
452 669
452 677
452 740
452 767
452 774
452 802
452 851
452 982
453 667
453 790
453 818
453 922
453 1004
453 1014
454 505
454 525
454 561
454 584
454 601
454 620
454 693
454 750
454 949
455 547
455 583
455 750
455 815
455 839
456 518
456 554
456 646
456 661
456 726
456 810
456 814
456 849
456 1000
457 564
457 603
457 611
457 844
457 956
457 976
457 1004
457 1006
458 579
458 583
458 653
458 767
458 782
458 880
458 897
458 921
458 984
459 490
459 533
459 570
459 741
459 824
459 825
459 930
459 948
459 1002
460 472
460 568
460 621
460 773
460 795
460 820
460 865
460 954
461 539
461 590
461 614
461 632
461 652
461 786
461 804
461 881
461 897
461 939
461 943
462 576
462 648
462 741
462 768
462 794
462 914
462 975
463 492
463 500
463 655
463 656
463 734
463 844
464 489
464 516
464 582
464 685
464 697
464 719
464 751
464 861
464 868
464 921
464 944
464 1011
465 487
465 655
465 798
465 854
465 895
466 520
466 663
466 664
466 883
466 948
466 961
466 987
466 1013
467 556
467 561
467 661
467 681
467 693
467 1014
468 565
468 585
468 593
468 603
468 713
468 796
468 994
469 497
469 862
469 872
469 910
469 981
469 982
470 471
470 527
470 591
470 641
470 770
470 796
470 805
470 839
470 874
470 888
470 925
470 937
470 954
470 1015
470 1022
471 472
471 541
471 760
471 762
471 770
471 810
472 477
472 518
472 564
472 581
472 633
472 722
472 800
472 823
472 888
472 897
472 910
472 961
473 548
473 617
473 691
473 905
473 910
473 955
474 604
474 774
474 813
474 899
474 912
474 917
475 515
475 576
475 627
475 716
475 743
475 787
475 954
475 986
475 1017
476 532
476 709
476 747
476 813
476 876
476 944
476 977
477 537
477 669
477 757
478 499
478 505
478 508
478 573
478 587
478 629
478 683
478 698
478 746
478 755
478 810
478 836
478 889
478 901
478 993
479 554
479 713
479 896
479 929
479 948
479 972
480 499
480 508
480 572
480 590
480 652
480 712
480 731
480 756
480 806
480 927
481 718
481 802
481 824
481 869
481 928
482 678
482 721
482 804
482 836
482 910
482 921
482 942
483 644
483 748
483 753
483 773
483 785
483 927
483 985
484 519
484 659
484 779
484 781
484 796
484 855
484 961
485 495
485 502
485 519
485 591
485 607
485 700
485 728
485 764
486 531
486 559
486 574
486 608
486 612
486 662
486 697
486 705
486 846
487 500
487 604
487 634
487 728
487 804
487 842
487 937
487 946
487 1005
488 573
488 628
488 637
488 698
488 788
488 793
488 863
488 867
488 972
489 607
489 611
489 617
489 640
489 670
489 738
489 904
489 932
489 983
490 541
490 672
490 700
490 723
490 774
490 838
490 888
490 912
490 985
490 1005
491 556
491 602
491 627
491 658
491 695
491 863
491 1001
491 1017
492 518
492 535
492 572
492 583
492 627
492 706
492 777
492 853
492 952
492 1013
493 509
493 739
493 853
494 695
494 697
494 764
494 776
494 857
494 871
495 545
495 580
495 675
495 759
495 848
495 897
495 905
495 992
495 997
495 1008
496 545
496 564
496 640
496 649
496 719
496 743
496 753
496 801
496 873
496 891
497 557
497 582
497 736
497 826
497 870
497 874
497 991
498 516
498 564
498 718
498 768
498 776
498 803
498 922
498 937
498 952
499 547
499 563
499 601
499 609
499 769
499 947
499 952
500 516
500 644
500 659
500 739
500 770
500 830
500 882
500 897
500 971
500 982
500 993
501 627
501 629
501 709
502 622
502 645
502 695
502 962
503 583
503 635
503 799
503 863
503 946
504 508
504 537
504 594
504 610
504 666
504 671
504 736
504 788
504 936
505 518
505 571
505 606
505 754
505 762
505 853
505 863
505 886
505 954
505 965
505 990
506 544
506 816
506 819
506 869
507 526
507 696
507 802
507 1003
507 1022
508 529
508 737
508 876
508 898
508 940
508 967
508 984
509 526
509 687
509 713
509 738
509 784
509 814
509 962
509 1022
510 660
510 697
510 715
510 875
510 938
510 976
510 988
510 995
511 531
511 577
511 591
511 931
511 981
512 533
512 608
512 629
512 680
512 700
512 806
512 883
512 895
512 934
512 949
512 956
513 715
513 746
513 844
513 873
513 879
514 614
514 624
514 705
514 741
514 756
514 760
514 781
514 827
514 874
514 982
515 516
515 724
515 773
515 898
515 960
515 985
516 558
516 642
516 765
516 776
516 861
516 982
516 1021
517 669
517 714
517 797
517 873
517 963
518 632
518 675
518 715
518 748
518 789
518 960
518 976
518 981
518 984
519 528
519 550
519 807
519 1003
520 553
520 560
520 584
520 733
520 793
520 808
520 851
520 889
521 631
521 697
521 768
521 832
521 866
521 876
521 927
521 1015
522 566
522 583
522 786
522 832
522 888
523 554
523 645
523 661
523 689
524 725
524 749
524 949
525 705
525 730
525 746
525 790
525 805
526 618
526 727
526 823
526 903
526 969
527 603
527 650
527 697
527 699
527 1016
528 548
528 550
528 702
528 740
528 799
528 885
528 905
529 574
529 827
529 920
529 949
529 952
530 571
530 584
530 591
530 624
530 672
530 679
530 940
530 950
530 957
530 980
531 542
531 647
531 689
531 783
531 901
531 907
531 922
532 592
532 667
532 734
532 787
532 795
532 870
532 915
532 945
532 964
532 1003
533 567
533 747
533 777
533 844
533 863
533 864
534 548
534 576
534 622
534 720
534 841
534 916
534 1019
535 586
535 608
535 823
535 893
535 954
536 696
536 737
536 875
536 982
537 545
537 632
537 732
537 754
537 799
537 975
538 850
538 855
539 591
539 635
539 640
539 739
539 884
539 944
539 988
540 582
540 955
540 957
540 993
541 722
541 724
541 809
541 855
541 884
541 1002
542 629
542 665
542 710
542 814
542 933
542 941
543 781
543 809
543 853
543 867
543 911
544 676
544 719
544 727
544 823
545 597
545 620
545 643
545 656
545 773
545 952
546 744
546 758
546 992
547 549
547 759
547 946
548 552
548 767
548 831
548 964
549 589
549 633
549 686
549 767
549 791
549 813
549 870
549 971
550 593
550 594
550 597
550 617
550 626
550 686
550 693
550 750
550 758
550 857
550 884
550 889
550 984
551 574
551 587
551 830
551 950
551 992
552 562
552 749
552 781
552 918
552 961
552 1008
552 1016
553 622
553 669
553 729
553 760
553 817
553 905
554 559
554 629
554 679
554 762
554 827
554 916
554 926
554 955
554 1005
555 643
555 681
555 762
555 769
555 810
555 855
555 970
555 983
556 595
556 677
556 822
556 873
557 639
557 644
557 903
558 567
558 569
558 593
558 618
558 777
558 861
558 876
558 962
558 967
558 983
558 1019
559 774
559 998
559 1013
560 873
560 878
560 917
561 575
561 645
561 646
561 701
561 742
561 796
561 813
561 883
561 900
561 975
562 641
562 757
562 851
562 984
562 1019
563 621
563 695
563 724
563 787
563 799
563 862
563 867
563 936
563 956
563 981
564 604
564 668
564 694
564 812
564 858
564 997
565 573
565 603
565 620
565 747
565 880
565 881
565 972
566 569
566 606
566 709
566 755
566 798
566 951
567 638
567 698
567 729
567 781
567 924
567 1011
568 829
568 856
568 880
568 938
568 964
568 1016
569 768
569 899
570 624
570 832
570 836
570 857
570 910
570 924
571 593
571 651
571 733
572 613
572 682
572 817
572 857
572 995
573 582
573 650
573 802
573 832
573 957
574 703
574 786
574 950
574 989
575 622
575 648
575 672
575 676
575 732
575 736
575 756
575 923
575 931
576 636
576 660
576 771
576 951
576 956
576 1003
577 579
577 877
577 896
577 910
577 953
577 990
577 1006
578 629
578 630
578 632
578 723
578 802
578 846
578 955
579 626
579 645
579 798
579 803
579 860
579 906
580 749
580 789
580 828
580 847
580 965
580 976
581 594
581 648
581 662
581 754
581 788
581 793
581 808
581 830
581 902
581 909
581 914
582 632
582 679
582 716
582 874
582 887
582 1004
583 635
583 689
583 708
583 709
583 731
583 966
583 993
584 634
584 654
584 666
584 671
584 788
584 870
584 889
584 907
584 918
584 977
584 995
584 1001
585 605
585 669
585 681
585 722
585 736
585 826
585 860
585 876
586 593
586 706
586 784
586 825
586 830
586 858
586 954
586 1011
587 647
587 726
587 959
587 999
588 717
588 831
588 853
588 882
588 942
588 988
588 994
589 612
589 814
589 829
589 871
589 1001
589 1011
590 927
590 963
590 965
591 623
591 675
591 688
591 804
591 837
591 866
591 1017
592 629
592 677
592 687
592 788
592 933
592 1021
593 738
593 880
593 882
593 1022
594 668
594 697
594 701
594 965
594 1017
595 714
595 754
595 788
595 852
596 601
596 865
596 952
596 954
597 626
597 732
597 752
597 801
597 814
597 888
597 924
597 1017
598 704
598 737
598 841
598 981
599 621
599 627
599 779
599 797
599 824
599 833
599 935
600 770
600 787
600 806
600 822
600 848
600 1023
601 607
601 657
601 738
601 807
601 869
601 877
601 1017
602 613
602 647
602 717
602 735
602 779
602 785
602 798
602 866
602 945
602 1021
603 608
603 620
603 627
603 666
603 725
603 726
603 749
603 750
603 828
603 842
603 928
603 998
604 616
604 715
604 1017
605 769
605 795
605 802
605 840
606 620
606 682
606 691
606 749
606 764
606 856
606 874
606 937
606 952
606 1013
607 620
607 748
607 751
607 754
607 783
607 896
607 971
607 1012
608 717
608 859
608 876
608 914
608 918
608 974
608 996
608 1018
609 701
609 755
609 789
609 828
609 978
610 663
610 744
610 753
610 757
610 857
611 634
611 688
611 702
611 713
611 777
611 909
611 952
612 644
612 780
612 847
612 859
612 919
612 956
613 655
613 728
613 775
613 777
613 803
613 904
613 990
614 654
614 687
614 736
614 746
614 807
614 920
614 951
614 954
614 960
615 640
615 925
615 982
616 713
616 742
616 896
616 923
617 992
618 862
618 943
619 668
619 801
619 974
619 984
619 991
620 687
620 845
620 922
620 946
621 625
621 668
621 682
621 707
621 719
622 683
622 710
622 732
622 741
622 816
622 960
622 1012
623 660
623 839
623 900
623 936
623 964
623 970
624 723
624 727
624 739
624 843
624 884
625 784
625 845
625 865
625 879
625 911
625 920
625 932
626 643
626 685
626 737
626 934
626 959
626 971
627 644
627 788
627 890
627 992
627 1002
628 634
628 740
628 779
628 947
628 997
629 689
629 704
629 706
629 786
629 811
629 821
629 850
629 1022
630 751
630 813
630 857
630 880
631 652
631 659
631 746
631 764
631 773
631 812
631 886
632 679
632 699
632 710
632 996
633 722
633 748
633 754
633 909
633 1019
634 731
634 860
634 895
634 898
635 663
635 709
635 722
635 745
635 814
635 828
635 849
635 883
635 1015
636 702
636 748
636 835
636 846
636 877
636 888
636 906
636 943
636 980
637 644
637 851
637 1008
637 1010
638 642
638 737
638 746
638 759
638 828
638 985
639 789
639 854
639 909
640 737
640 796
640 807
640 838
640 841
640 904
640 973
641 728
641 788
641 992
641 1007
641 1022
642 844
642 883
642 891
642 908
642 960
642 1006
642 1011
643 649
643 651
643 707
643 744
643 753
643 814
643 929
643 1018
644 680
644 926
645 707
645 952
645 968
645 984
645 1013
646 769
646 786
646 829
646 970
647 701
647 720
647 794
647 932
647 960
647 969
648 714
648 799
648 913
649 729
649 1011
650 710
650 727
650 762
650 787
650 879
650 906
650 914
651 793
651 851
651 1009
652 739
652 779
652 786
652 826
652 855
652 960
653 716
653 998
654 689
654 721
654 776
654 826
654 936
654 981
654 1006
655 917
655 992
656 685
656 691
656 800
656 802
656 850
656 858
657 698
657 729
657 934
658 697
658 736
658 769
658 783
658 871
658 895
658 1001
659 716
659 811
659 823
659 835
659 933
659 975
659 994
660 671
660 710
660 726
660 772
660 816
660 844
660 929
660 990
660 1001
660 1018
661 834
661 906
661 936
661 974
662 715
662 863
662 908
662 912
663 715
663 747
663 808
663 936
664 671
664 714
665 755
665 769
665 785
665 786
665 917
666 726
666 757
666 846
666 859
666 869
666 941
666 959
666 976
666 1011
666 1019
667 735
667 736
667 767
667 799
668 669
668 848
668 1016
669 687
669 732
669 752
669 768
669 958
669 961
669 1019
670 774
670 820
670 967
671 765
671 872
671 922
671 925
671 965
672 837
672 874
672 929
672 969
672 990
673 693
673 739
673 1006
674 695
674 776
674 916
674 925
674 949
674 951
675 712
675 886
675 929
675 932
675 963
675 1004
676 737
676 759
676 911
676 963
676 1005
677 744
677 800
677 821
677 898
677 951
677 987
678 703
678 712
678 832
678 838
678 860
678 869
678 912
678 945
679 878
679 1001
680 855
680 904
680 946
680 1014
681 807
681 871
681 949
682 717
682 788
682 800
682 818
682 941
682 981
682 985
683 877
683 884
683 904
683 961
683 990
684 793
684 801
684 888
684 989
685 820
685 882
685 961
685 993
685 1018
686 696
686 708
686 770
686 919
686 937
686 989
686 1012
687 697
687 851
687 855
687 860
687 942
688 868
688 882
688 966
688 967
688 992
689 777
689 812
689 965
689 1023
690 705
690 884
690 886
690 892
690 945
690 1011
690 1019
692 725
692 809
692 823
692 847
692 1022
693 721
693 758
693 777
693 854
693 942
693 988
694 751
694 902
694 934
695 703
695 720
695 953
695 1001
696 705
696 767
696 913
696 941
696 1001
697 945
697 996
697 1015
698 799
698 942
699 708
699 714
699 754
699 820
699 864
700 852
701 724
701 731
701 915
701 991
701 1020
702 727
702 744
702 811
702 1019
703 753
703 786
703 889
703 963
704 830
704 839
704 951
704 953
704 1011
705 713
705 735
705 873
705 933
705 937
706 824
706 897
706 940
707 898
707 976
708 785
708 844
708 865
708 882
708 961
708 978
708 1018
709 714
709 724
709 734
709 827
709 849
709 926
709 970
709 1009
710 781
710 823
710 839
710 957
710 973
711 858
711 1000
711 1008
712 740
712 861
713 752
713 771
713 823
713 824
713 968
713 974
713 998
714 895
714 896
715 731
715 754
715 822
715 827
715 866
715 914
715 926
715 943
715 984
715 1005
716 788
716 854
716 961
717 819
717 863
717 870
717 902
717 909
717 978
718 802
718 890
718 915
718 932
718 1017
719 723
719 851
719 874
719 885
719 1012
720 967
720 972
720 983
721 792
721 842
721 923
721 970
721 979
722 866
722 1013
723 782
723 797
725 745
725 763
725 803
725 842
726 731
726 736
726 841
726 890
726 959
726 1017
727 746
727 975
727 1015
728 822
728 924
728 973
729 916
729 951
730 769
730 784
730 876
730 892
730 913
731 817
731 838
731 958
731 985
732 813
732 852
732 865
732 886
732 937
732 972
733 765
733 788
733 893
733 969
733 996
734 950
735 783
735 814
736 814
736 886
736 896
737 738
737 840
737 859
737 950
738 741
738 1018
739 866
739 871
739 894
739 933
739 936
739 1004
739 1005
740 741
740 772
740 959
741 814
741 865
741 875
742 962
743 833
743 870
744 864
745 786
745 817
746 795
746 917
746 979
747 777
747 880
747 934
747 974
747 992
748 811
748 912
749 770
749 847
749 852
749 944
750 844
750 973
751 856
751 898
751 917
751 938
751 974
752 831
752 852
752 941
752 965
753 755
753 770
753 773
753 806
753 904
754 817
754 824
755 797
755 813
755 841
755 954
756 799
756 862
756 878
757 769
757 808
757 827
757 840
758 833
758 857
758 910
758 1004
759 805
759 968
759 1009
760 833
760 846
760 982
760 1001
761 845
761 856
761 881
761 919
761 933
761 983
762 911
762 912
762 923
762 924
762 957
763 814
763 891
763 929
763 989
764 853
764 903
764 944
764 957
764 974
764 1010
765 843
765 933
765 987
765 1003
766 794
766 854
766 887
766 906
766 917
766 996
767 811
767 830
767 891
767 894
767 997
768 795
769 793
769 843
769 897
769 943
770 801
770 828
770 835
770 923
770 973
770 1018
771 772
771 908
771 940
771 949
771 967
772 817
772 850
772 857
772 943
772 1016
774 800
774 999
775 898
775 1013
776 792
777 785
777 800
777 831
777 908
777 924
777 938
778 810
778 844
778 862
778 943
778 1021
779 959
780 844
780 896
781 955
782 858
782 879
782 944
783 792
783 812
784 804
784 817
784 833
784 904
784 1004
784 1013
785 825
785 849
785 892
785 969
786 948
787 853
787 858
787 903
787 963
787 990
787 1003
788 830
788 856
788 881
788 937
789 815
789 915
789 919
789 990
790 813
790 911
790 931
791 824
791 865
791 888
791 952
792 796
792 835
792 898
792 940
792 968
792 995
793 811
793 928
793 943
793 986
794 855
794 940
794 944
794 1011
794 1022
795 817
795 878
795 1006
796 811
796 848
796 920
796 998
796 1012
797 860
797 972
797 1004
798 915
799 818
799 984
800 958
800 1023
801 881
802 884
802 902
802 1022
803 856
803 954
804 888
805 843
805 891
805 893
805 927
805 929
805 943
805 974
806 838
806 840
806 858
806 934
806 937
807 808
807 848
807 861
807 869
807 884
807 919
808 868
808 895
808 918
808 963
809 944
809 999
810 823
810 876
810 948
811 818
811 833
811 908
812 829
812 860
812 928
813 815
813 1003
813 1022
814 815
814 825
814 842
814 914
814 942
814 965
814 986
814 1010
815 851
815 988
816 854
816 963
816 995
816 1021
817 887
817 1003
818 842
818 949
819 824
819 841
819 880
819 911
820 931
821 848
821 925
822 864
822 1011
823 874
823 948
823 1006
823 1015
824 953
825 882
825 915
825 948
825 977
825 996
826 899
826 956
826 961
827 832
827 887
827 924
827 964
827 1008
827 1022
828 866
828 885
828 974
829 855
829 921
829 926
830 880
830 887
830 971
831 927
831 965
832 833
832 901
832 1012
833 841
833 944
833 976
833 988
834 842
835 1021
836 873
836 878
836 891
836 941
836 1000
837 901
837 916
837 917
837 951
837 969
838 908
838 982
839 886
839 898
839 912
839 927
839 939
840 1009
840 1020
841 855
841 895
841 933
841 956
841 994
842 899
842 991
843 897
843 963
844 864
844 950
844 978
845 886
845 980
845 993
846 891
846 972
846 990
847 962
847 965
847 984
848 856
848 892
849 937
849 1004
850 873
850 961
850 1017
851 865
851 869
851 896
851 935
851 942
851 970
851 995
851 1014
852 911
852 912
852 917
854 899
854 943
854 990
856 866
856 879
856 884
856 905
856 916
856 944
857 1001
858 879
858 934
859 878
859 924
860 895
860 968
861 915
861 945
861 1021
862 968
862 971
863 905
863 1003
864 866
864 1002
864 1016
865 868
865 883
865 901
865 991
867 872
867 889
867 957
868 902
868 938
870 923
870 998
870 1013
871 936
871 981
872 888
873 996
874 957
874 961
874 1014
876 943
877 938
877 963
878 899
878 903
878 946
878 1008
879 902
879 947
880 922
880 947
880 954
881 900
881 909
882 898
883 916
883 968
884 956
885 900
885 960
886 894
886 907
886 913
888 984
889 919
889 941
890 935
890 962
890 1005
891 944
891 1017
893 907
893 934
893 969
894 912
894 920
895 952
897 959
899 932
899 1009
899 1016
900 909
900 924
900 1002
901 917
901 1002
902 969
902 1009
903 940
903 956
905 1017
906 907
907 926
907 1004
909 953
909 1007
910 922
910 958
910 1001
911 919
911 924
911 978
911 1011
912 1014
913 957
913 994
914 937
914 950
915 995
916 919
916 967
918 1004
919 938
920 956
920 976
922 987
923 946
923 1011
924 1017
925 947
925 983
926 930
926 991
926 997
927 946
927 1001
928 978
929 944
929 987
930 951
931 1007
931 1018
933 1006
933 1016
934 1014
934 1022
935 945
936 990
936 995
936 1011
938 956
938 1016
939 941
939 953
939 962
939 979
939 991
942 1009
942 1014
943 966
943 969
946 991
946 1015
947 1020
948 1005
949 1008
950 979
952 980
954 990
955 983
955 993
955 1012
956 970
956 984
959 961
959 1016
960 1018
963 1009
963 1020
965 1016
965 1017
966 988
966 1012
967 971
967 973
967 989
968 975
968 1020
969 975
973 1013
974 1003
977 1004
978 1005
980 986
980 996
981 1019
982 1016
985 998
987 1019
991 996
995 1013
997 1022
1003 1023
