0 61
0 75
0 99
0 115
0 116
0 278
0 335
0 487
0 539
0 661
0 900
1 148
1 210
1 411
1 474
1 552
1 558
1 586
1 606
1 645
1 676
1 695
1 774
1 785
1 881
1 940
2 103
2 169
2 274
2 432
2 441
2 548
2 689
2 759
2 823
2 874
3 112
3 351
3 355
3 365
3 450
3 496
3 518
3 935
3 981
4 63
4 189
4 291
4 346
4 388
4 518
4 521
4 606
4 636
4 800
4 852
4 869
5 20
5 78
5 94
5 326
5 485
5 501
5 669
5 702
5 705
5 753
5 892
5 905
5 967
5 982
6 12
6 134
6 181
6 405
6 447
6 543
6 599
6 604
6 792
6 828
6 841
6 864
6 890
6 898
6 936
6 1006
7 11
7 88
7 199
7 349
7 450
7 729
7 789
7 845
7 970
7 990
7 1014
8 287
8 429
8 457
8 541
8 542
8 567
8 645
8 660
8 686
8 694
8 781
8 825
8 846
8 909
9 76
9 110
9 188
9 241
9 267
9 315
9 391
9 498
9 573
9 601
9 711
9 716
9 724
9 835
10 56
10 103
10 240
10 248
10 357
10 368
10 453
10 485
10 570
10 734
10 770
10 806
10 851
10 920
10 928
10 940
10 973
10 979
10 981
10 994
11 134
11 309
11 318
11 479
11 480
11 485
11 591
11 649
11 683
11 736
11 891
11 892
12 33
12 40
12 108
12 155
12 161
12 186
12 187
12 225
12 234
12 339
12 477
12 639
12 665
12 719
12 730
12 797
12 858
12 871
13 101
13 105
13 120
13 159
13 201
13 256
13 302
13 326
13 394
13 595
13 690
13 742
13 911
13 957
13 967
13 995
13 1011
14 88
14 104
14 115
14 135
14 178
14 213
14 221
14 249
14 253
14 270
14 362
14 446
14 733
14 765
14 784
14 959
15 22
15 120
15 138
15 326
15 377
15 379
15 432
15 482
15 538
15 576
15 584
15 603
15 625
15 663
15 665
15 694
15 758
15 763
15 821
15 936
15 1002
16 76
16 158
16 179
16 182
16 352
16 420
16 444
16 585
16 591
16 599
16 662
16 695
16 702
16 793
16 878
16 987
16 988
17 93
17 170
17 215
17 242
17 279
17 449
17 513
17 605
17 651
17 660
17 666
17 679
17 918
17 962
18 104
18 130
18 294
18 352
18 393
18 410
18 472
18 498
18 542
18 723
18 817
18 861
19 36
19 111
19 151
19 155
19 267
19 306
19 317
19 367
19 387
19 428
19 514
19 519
19 554
19 650
19 665
19 687
19 760
19 792
19 831
19 833
19 944
19 977
20 141
20 174
20 213
20 318
20 354
20 469
20 541
20 701
20 910
20 1022
21 183
21 299
21 381
21 397
21 533
21 553
21 590
21 643
21 647
21 729
21 749
21 775
21 834
21 848
21 865
21 891
21 984
22 99
22 258
22 305
22 456
22 461
22 592
22 610
22 619
22 713
22 791
22 819
22 886
22 887
22 953
22 983
23 128
23 151
23 290
23 385
23 774
23 812
24 71
24 80
24 218
24 264
24 276
24 353
24 358
24 528
24 529
24 541
24 795
24 859
24 1011
25 49
25 67
25 80
25 92
25 100
25 190
25 320
25 354
25 355
25 377
25 496
25 541
25 637
25 862
25 896
25 983
26 41
26 73
26 93
26 298
26 740
26 898
26 916
26 930
26 993
27 59
27 158
27 195
27 199
27 209
27 241
27 290
27 297
27 460
27 494
27 512
27 632
27 709
27 736
27 737
27 805
27 887
27 921
27 973
28 36
28 163
28 216
28 337
28 390
28 396
28 458
28 486
28 508
28 524
28 611
28 612
28 719
28 746
28 775
28 938
29 44
29 99
29 102
29 106
29 143
29 193
29 222
29 235
29 263
29 285
29 338
29 477
29 660
29 766
29 797
29 809
29 823
29 873
29 924
29 996
30 173
30 195
30 216
30 403
30 488
30 504
30 683
30 777
30 945
30 999
31 139
31 167
31 209
31 261
31 278
31 564
31 710
31 724
31 740
31 997
31 998
31 1003
32 168
32 195
32 236
32 266
32 350
32 457
32 565
32 691
33 52
33 129
33 133
33 170
33 175
33 182
33 262
33 350
33 367
33 388
33 394
33 800
33 830
33 851
33 856
33 885
33 889
33 992
34 76
34 213
34 243
34 269
34 361
34 429
34 517
34 756
34 772
34 791
34 898
35 97
35 117
35 318
35 320
35 419
35 737
35 796
35 909
35 941
35 946
35 1005
36 121
36 258
36 271
36 433
36 444
36 556
36 562
36 590
36 607
36 834
36 951
37 53
37 120
37 190
37 454
37 461
37 633
37 666
37 843
38 70
38 117
38 166
38 171
38 218
38 225
38 296
38 396
38 413
38 542
38 572
38 585
38 599
38 727
38 744
38 752
38 759
38 803
38 838
38 895
38 949
39 70
39 152
39 211
39 427
39 436
39 460
39 487
39 589
39 605
39 649
39 659
39 764
39 771
39 796
40 119
40 300
40 362
40 386
40 387
40 421
40 519
40 549
40 601
40 640
40 658
40 841
40 873
40 994
40 1015
41 79
41 101
41 194
41 209
41 259
41 402
41 504
41 508
41 606
41 658
41 708
41 904
42 223
42 314
42 472
42 477
42 680
42 815
42 876
42 894
43 69
43 165
43 289
43 312
43 450
43 471
43 515
43 536
43 550
43 695
43 730
43 804
43 885
43 919
43 959
43 999
44 81
44 229
44 231
44 330
44 417
44 500
44 631
44 769
44 927
44 974
45 190
45 208
45 243
45 320
45 347
45 383
45 444
45 523
45 559
45 609
45 625
45 654
45 881
45 895
45 918
45 928
45 1006
46 189
46 269
46 278
46 336
46 337
46 344
46 417
46 437
46 672
46 741
46 785
46 786
46 875
46 927
46 1008
46 1013
47 66
47 70
47 71
47 176
47 583
47 861
47 874
47 934
47 984
47 986
47 1006
48 161
48 286
48 300
48 384
48 468
48 541
48 693
48 736
48 792
48 830
48 847
48 858
48 949
48 1005
49 153
49 279
49 349
49 365
49 403
49 435
49 483
49 653
49 724
49 816
49 901
49 930
49 950
49 1013
50 199
50 243
50 350
50 353
50 356
50 472
50 509
50 552
50 621
50 665
50 725
50 920
50 921
51 78
51 232
51 398
51 477
51 554
51 620
51 705
51 757
51 794
51 919
51 949
51 986
52 91
52 144
52 209
52 216
52 241
52 247
52 303
52 415
52 434
52 490
52 641
52 676
52 848
52 953
53 127
53 219
53 245
53 268
53 292
53 314
53 409
53 510
53 568
53 717
53 732
53 740
53 891
53 903
54 80
54 196
54 205
54 318
54 497
54 696
54 737
54 769
54 775
54 846
55 73
55 253
55 294
55 383
55 498
55 614
55 852
56 233
56 299
56 426
56 627
56 721
56 869
56 958
57 72
57 213
57 215
57 285
57 455
57 456
57 471
57 517
57 533
57 588
57 757
57 940
57 949
57 962
57 991
58 116
58 125
58 152
58 184
58 256
58 398
58 418
58 444
58 641
58 778
58 783
58 788
58 830
58 858
58 943
59 88
59 149
59 155
59 403
59 513
59 631
59 952
60 263
60 319
60 375
60 409
60 423
60 437
60 520
61 189
61 206
61 266
61 337
61 347
61 412
61 421
61 555
61 582
61 611
61 640
61 689
61 719
61 734
61 741
61 785
61 801
61 892
61 959
61 971
62 334
62 379
62 407
62 414
62 676
62 702
62 771
62 973
62 1016
63 85
63 316
63 355
63 465
63 470
63 596
63 689
63 727
63 730
63 794
63 800
63 968
64 87
64 125
64 312
64 468
64 472
64 539
64 577
64 673
64 708
64 784
64 964
65 118
65 181
65 281
65 305
65 422
65 463
65 469
65 477
65 580
65 609
65 683
65 685
65 703
65 783
65 825
65 866
65 897
65 924
66 152
66 194
66 286
66 307
66 366
66 409
66 432
66 502
66 521
66 522
66 567
66 657
66 756
66 766
66 842
66 845
66 913
67 125
67 158
67 174
67 199
67 216
67 308
67 485
67 549
67 570
67 617
67 930
67 973
67 1017
67 1019
68 84
68 167
68 292
68 342
68 409
68 450
68 475
68 727
68 730
68 817
68 959
69 119
69 188
69 260
69 290
69 484
69 606
69 859
69 863
69 984
69 1007
70 169
70 353
70 403
70 427
70 441
70 457
70 485
70 497
70 552
70 563
70 758
70 873
70 1008
71 130
71 132
71 135
71 182
71 208
71 211
71 355
71 363
71 376
71 404
71 518
71 521
71 541
71 652
71 663
71 707
71 711
71 839
71 878
71 880
72 85
72 87
72 92
72 179
72 205
72 240
72 740
72 759
72 764
72 919
72 949
72 958
72 1005
73 106
73 122
73 141
73 408
73 414
73 518
73 667
73 702
73 703
73 771
73 815
73 974
74 82
74 282
74 284
74 386
74 388
74 418
74 521
74 530
74 587
74 639
74 642
74 695
74 761
74 795
74 871
74 876
74 954
74 958
74 1006
75 162
75 216
75 273
75 414
75 499
75 514
75 563
75 599
75 642
75 672
75 782
75 905
75 969
75 980
76 355
76 446
76 465
76 521
76 526
76 696
76 763
76 789
76 810
76 832
76 874
76 925
76 941
76 1002
76 1012
77 116
77 128
77 140
77 366
77 445
77 493
77 510
77 513
77 564
77 883
78 166
78 176
78 185
78 349
78 363
78 463
78 498
78 830
78 834
79 103
79 168
79 175
79 197
79 203
79 221
79 259
79 287
79 303
79 332
79 397
79 553
79 660
79 762
79 895
79 1020
80 165
80 243
80 274
80 372
80 417
80 491
80 592
80 747
80 788
80 793
80 812
80 896
81 86
81 151
81 287
81 344
81 360
81 413
81 437
81 571
81 608
81 729
81 794
81 844
81 866
81 952
82 121
82 170
82 370
82 373
82 380
82 400
82 581
82 653
82 895
82 924
83 175
83 277
83 335
83 379
83 603
83 653
83 684
83 863
83 907
83 925
83 951
83 993
84 180
84 412
84 417
84 585
84 587
84 598
84 600
84 668
84 703
84 797
84 837
84 897
84 958
85 168
85 194
85 210
85 554
85 591
85 593
85 596
85 628
85 635
85 654
85 709
85 711
85 759
85 773
85 778
85 937
85 993
85 1015
86 220
86 291
86 404
86 534
86 591
86 879
86 884
86 906
86 915
86 987
87 738
87 771
87 845
87 855
87 946
88 103
88 152
88 171
88 202
88 304
88 381
88 390
88 512
88 579
88 588
88 597
88 894
88 922
89 215
89 323
89 327
89 335
89 351
89 396
89 410
89 728
89 759
89 766
89 793
89 800
89 812
89 826
89 849
89 854
90 172
90 289
90 341
90 448
90 460
90 584
90 668
90 795
90 910
90 921
91 168
91 349
91 379
91 406
91 413
91 418
91 649
91 729
91 829
91 896
91 982
92 99
92 186
92 252
92 363
92 449
92 536
92 582
92 616
92 651
92 714
92 841
92 911
93 179
93 295
93 458
93 625
93 726
93 759
93 997
93 1016
94 275
94 398
94 640
94 685
94 700
94 742
94 769
94 819
94 887
94 1022
95 189
95 286
95 292
95 433
95 452
95 479
95 601
95 750
95 751
95 773
95 812
95 902
95 954
96 290
96 308
96 323
96 406
96 435
96 482
96 531
96 622
96 639
96 643
96 645
96 687
96 701
96 726
96 755
96 800
96 898
96 922
96 949
96 979
97 122
97 229
97 310
97 336
97 413
97 416
97 489
97 517
97 587
97 616
97 673
97 720
97 749
97 785
97 835
97 840
97 891
97 907
98 104
98 130
98 213
98 353
98 391
98 396
98 452
98 466
98 562
98 575
98 576
98 626
98 698
98 735
98 915
98 938
99 107
99 108
99 306
99 421
99 428
99 434
99 435
99 531
99 593
99 607
99 731
99 830
99 969
100 329
100 347
100 369
100 494
100 591
100 604
100 654
100 962
101 153
101 278
101 284
101 290
101 296
101 602
101 605
101 624
101 656
101 743
101 778
101 878
101 907
101 926
101 1003
101 1008
102 197
102 226
102 257
102 305
102 475
102 584
102 604
102 627
102 643
102 667
102 1003
103 311
103 323
103 368
103 433
103 454
103 466
103 569
103 631
103 733
103 840
103 877
104 223
104 271
104 285
104 325
104 353
104 543
104 603
104 845
104 981
105 125
105 213
105 312
105 374
105 376
105 382
105 386
105 426
105 437
105 438
105 613
105 616
105 649
105 694
105 702
105 733
105 926
106 165
106 173
106 207
106 229
106 236
106 247
106 260
106 317
106 412
106 511
106 552
106 571
106 575
106 590
106 741
106 804
106 844
107 210
107 299
107 414
107 491
107 515
107 585
107 630
107 702
107 778
107 864
107 895
107 917
107 919
107 948
107 1005
107 1006
107 1020
108 145
108 152
108 239
108 310
108 350
108 436
108 521
108 578
108 588
108 633
108 731
108 802
108 838
108 875
108 921
108 942
109 147
109 204
109 250
109 415
109 471
109 543
109 571
109 624
109 644
109 873
109 929
110 205
110 328
110 433
110 499
110 516
110 550
110 757
110 846
110 937
111 181
111 209
111 236
111 272
111 396
111 484
111 514
111 585
111 677
111 745
111 797
111 803
111 924
111 976
111 988
112 221
112 332
112 431
112 483
112 743
112 794
112 852
112 895
112 906
113 301
113 365
113 481
113 512
113 631
113 689
113 737
113 760
113 833
113 855
113 904
113 962
113 975
114 131
114 235
114 466
114 481
114 517
114 683
114 686
114 737
115 174
115 209
115 258
115 272
115 283
115 399
115 401
115 611
115 692
115 696
115 771
115 889
115 932
116 199
116 358
116 466
116 596
116 649
116 789
116 922
117 156
117 165
117 215
117 216
117 368
117 565
117 636
117 667
117 680
117 768
117 858
117 875
117 936
117 973
118 285
118 561
118 759
118 845
118 914
118 1000
119 310
119 346
119 358
119 433
119 453
119 490
119 606
119 671
119 769
119 770
119 912
119 995
120 182
120 228
120 284
120 537
120 610
120 865
120 899
120 979
121 256
121 370
121 416
121 433
121 505
121 548
121 604
121 612
121 621
121 671
121 712
121 743
121 926
121 934
121 949
121 965
121 979
121 998
122 202
122 283
122 324
122 337
122 340
122 341
122 609
122 645
122 730
122 742
122 746
122 756
122 781
122 783
122 803
122 973
122 998
123 297
123 343
123 382
123 448
123 519
123 532
123 593
123 605
123 640
123 645
123 648
123 720
123 792
123 805
123 809
123 884
123 951
123 978
124 275
124 339
124 391
124 396
124 521
124 523
124 589
124 636
124 889
124 921
124 982
125 161
125 381
125 415
125 454
125 565
125 567
125 601
125 632
125 698
125 763
125 765
125 861
125 868
125 872
125 1019
126 176
126 261
126 267
126 420
126 426
126 427
126 441
126 475
126 542
126 634
126 643
126 704
126 813
127 155
127 184
127 229
127 237
127 295
127 300
127 353
127 569
127 603
127 661
127 696
127 702
127 743
127 792
127 807
127 876
127 886
127 1000
128 144
128 152
128 177
128 254
128 259
128 359
128 375
128 461
128 475
128 565
128 597
128 752
128 778
128 797
128 1012
129 149
129 206
129 471
129 508
129 677
129 866
129 886
129 946
129 1005
129 1009
129 1019
130 173
130 189
130 314
130 489
130 688
130 949
130 953
130 957
131 338
131 346
131 576
131 619
131 696
131 721
131 773
131 787
131 831
131 844
131 855
131 919
131 928
131 977
132 148
132 247
132 360
132 392
132 402
132 450
132 461
132 533
132 573
132 657
132 689
132 706
132 819
132 884
132 934
133 183
133 210
133 252
133 420
133 468
133 542
133 587
133 611
133 961
133 986
134 260
134 323
134 407
134 449
134 601
134 605
134 704
134 740
134 814
134 830
134 837
134 876
134 910
135 198
135 256
135 440
135 453
135 720
135 739
135 740
135 777
135 778
135 800
135 831
135 884
135 1021
136 211
136 227
136 305
136 407
136 412
136 995
137 165
137 194
137 217
137 308
137 362
137 374
137 590
137 634
137 846
137 865
137 879
137 900
137 938
137 953
138 182
138 195
138 298
138 331
138 378
138 431
138 446
138 576
138 586
138 705
138 758
138 861
138 908
138 1004
139 156
139 228
139 299
139 335
139 523
139 573
139 658
139 709
139 735
139 778
139 806
139 891
140 160
140 536
140 566
140 567
140 574
140 627
140 710
140 796
140 898
141 145
141 164
141 203
141 218
141 299
141 325
141 345
141 488
141 609
141 679
141 690
141 695
141 732
141 778
141 780
141 807
141 817
142 261
142 488
142 494
142 496
142 504
142 700
142 778
142 865
142 938
142 959
142 1003
143 384
143 426
143 474
143 488
143 489
143 586
143 598
143 955
144 171
144 236
144 241
144 259
144 273
144 348
144 446
144 453
144 462
144 464
144 514
144 617
144 697
144 776
144 819
144 853
144 928
144 977
145 318
145 378
145 413
145 491
145 512
145 589
145 633
145 668
145 669
145 679
145 730
146 259
146 301
146 333
146 445
146 454
146 537
146 611
146 654
146 682
146 761
146 860
146 917
147 152
147 171
147 185
147 218
147 308
147 313
147 939
147 972
148 205
148 337
148 365
148 400
148 496
148 681
148 753
148 780
148 864
148 1022
149 282
149 360
149 380
149 516
149 634
149 789
149 961
150 215
150 403
150 409
150 426
150 471
150 554
150 565
150 599
150 725
150 738
150 807
150 867
150 927
150 937
151 212
151 227
151 252
151 254
151 329
151 419
151 475
151 495
151 531
151 601
151 692
151 801
151 810
151 852
151 1011
151 1014
152 163
152 297
152 317
152 422
152 522
152 582
152 669
152 762
152 789
152 880
152 1011
153 236
153 324
153 343
153 362
153 376
153 397
153 708
153 784
153 788
153 937
153 941
153 1019
154 362
154 413
154 477
154 492
154 552
154 555
154 625
154 672
154 736
154 815
154 825
154 973
155 193
155 270
155 310
155 347
155 396
155 456
155 688
155 698
155 787
155 793
155 849
155 863
155 885
155 897
155 912
155 915
155 960
155 992
155 1004
156 210
156 238
156 309
156 525
156 737
156 800
157 272
157 310
157 412
157 494
157 716
157 822
157 892
157 934
157 946
158 198
158 261
158 272
158 365
158 475
158 520
158 965
158 977
158 1013
159 218
159 341
159 361
159 401
159 543
159 611
159 684
159 774
159 821
159 852
160 179
160 196
160 242
160 253
160 303
160 322
160 435
160 682
160 785
160 937
161 204
161 238
161 242
161 259
161 268
161 309
161 328
161 401
161 488
161 603
161 682
161 735
161 810
161 888
161 901
162 236
162 259
162 284
162 332
162 368
162 382
162 485
162 586
162 601
162 611
162 738
162 754
162 921
162 1012
163 241
163 259
163 278
163 349
163 432
163 572
163 756
163 761
163 786
163 884
164 174
164 179
164 231
164 335
164 343
164 364
164 538
164 700
164 776
164 937
164 944
164 964
165 239
165 275
165 313
165 318
165 351
165 613
165 756
165 860
166 180
166 189
166 228
166 500
166 529
166 613
166 646
166 726
166 751
166 810
166 908
167 250
167 332
167 412
167 540
167 581
167 606
167 613
167 617
167 781
167 875
167 920
167 936
167 958
167 1020
168 170
168 229
168 321
168 369
168 386
168 418
168 596
168 737
168 767
168 808
168 945
169 258
169 311
169 324
169 329
169 515
169 545
169 559
169 589
169 602
169 639
169 656
169 719
169 743
169 805
169 872
169 890
169 960
169 984
169 997
170 187
170 299
170 309
170 322
170 373
170 450
170 609
170 674
170 754
170 762
170 772
170 792
170 833
170 956
171 191
171 257
171 286
171 303
171 408
171 426
171 443
171 507
171 646
171 763
171 782
171 791
171 848
171 948
171 986
172 179
172 189
172 267
172 269
172 289
172 294
172 347
172 375
172 393
172 395
172 447
172 634
172 676
172 779
172 910
172 928
173 289
173 318
173 439
173 449
173 508
173 710
173 711
173 770
173 794
173 822
173 892
173 994
174 331
174 513
174 536
174 628
174 681
174 685
174 823
174 883
174 925
174 931
174 940
174 978
174 1023
175 185
175 202
175 216
175 266
175 275
175 488
175 534
175 695
175 738
175 793
175 910
175 930
175 997
176 197
176 214
176 220
176 233
176 351
176 772
176 825
176 956
176 974
177 191
177 578
177 679
177 718
177 877
177 906
178 192
178 238
178 264
178 312
178 324
178 468
178 640
178 736
178 789
178 864
178 918
178 1001
178 1005
179 257
179 300
179 320
179 354
179 633
179 660
179 743
179 899
179 958
179 993
180 354
180 825
180 882
180 913
180 986
180 989
181 308
181 309
181 440
181 460
181 534
181 627
181 672
182 309
182 475
182 567
182 578
182 593
182 685
182 696
182 718
182 732
182 828
182 864
182 965
183 204
183 214
183 297
183 307
183 403
183 490
183 514
183 555
183 572
183 590
183 710
183 743
183 762
183 772
183 792
183 910
183 984
184 204
184 228
184 269
184 310
184 453
184 570
184 605
184 639
184 860
184 883
184 951
185 231
185 376
185 441
185 444
185 472
185 612
185 674
185 801
185 850
185 907
185 977
185 982
185 994
185 1010
186 243
186 412
186 1011
186 1012
187 204
187 417
187 433
187 551
187 574
187 636
187 652
187 785
187 832
187 844
187 926
187 1011
188 190
188 200
188 207
188 565
188 577
188 602
188 623
188 646
188 691
188 702
188 745
188 746
188 771
188 961
189 344
189 726
189 762
189 817
189 870
189 876
189 923
189 961
189 973
189 1020
190 383
190 390
190 435
190 509
190 518
190 547
190 548
190 673
190 754
190 787
190 791
190 995
190 1007
191 200
191 339
191 356
191 459
191 555
191 581
191 582
191 855
191 892
192 193
192 226
192 301
192 473
192 541
192 570
192 595
192 616
192 644
192 719
192 809
192 848
192 878
192 947
193 268
193 289
193 317
193 369
193 401
193 489
193 601
193 749
193 777
193 807
193 889
193 979
194 208
194 246
194 291
194 557
194 735
194 819
194 831
194 859
194 872
194 968
195 205
195 220
195 223
195 344
195 434
195 516
195 567
195 640
195 679
195 933
195 1003
196 222
196 251
196 394
196 461
196 560
196 635
196 804
196 848
196 856
196 985
197 207
197 309
197 411
197 452
197 724
197 929
197 964
197 967
198 334
198 418
198 484
198 495
198 610
198 735
198 891
198 955
199 268
199 386
199 406
199 420
199 593
199 614
199 640
199 660
199 742
199 806
199 810
199 902
199 991
199 1009
200 262
200 294
200 492
200 517
200 528
200 809
200 847
200 882
200 1010
201 227
201 302
201 335
201 416
201 447
201 497
201 632
201 656
201 765
201 826
201 832
201 943
201 964
202 416
202 548
202 812
202 835
202 843
202 853
202 927
202 932
202 940
203 282
203 341
203 343
203 422
203 457
203 567
203 632
203 777
203 889
203 985
203 1017
204 316
204 318
204 509
204 519
204 569
204 608
204 617
204 633
204 639
204 839
204 928
205 430
205 432
205 439
205 449
205 465
205 567
205 667
205 678
205 709
205 720
205 785
205 860
205 891
205 915
205 934
205 991
206 242
206 272
206 509
206 591
206 602
206 677
206 695
206 761
206 816
206 882
206 936
207 223
207 299
207 336
207 495
207 576
207 781
207 796
207 798
207 873
207 924
207 975
208 437
208 484
208 536
208 556
208 607
209 301
209 351
209 427
209 478
209 572
209 634
209 670
209 702
209 849
210 321
210 372
210 408
210 411
210 475
210 516
210 599
210 671
210 686
210 704
210 735
210 816
210 824
210 958
210 1016
211 218
211 233
211 259
211 262
211 412
211 506
211 554
211 766
211 771
211 895
211 912
211 963
212 476
212 529
212 671
212 708
212 724
212 747
212 834
212 846
212 994
212 1019
213 296
213 300
213 319
213 332
213 535
213 545
213 648
213 701
213 819
213 820
213 935
214 258
214 367
214 407
214 455
214 501
214 554
214 574
214 624
214 676
214 716
214 745
214 775
215 276
215 458
215 473
215 527
215 544
215 547
215 583
215 596
215 598
215 643
215 676
215 709
215 722
215 736
215 879
215 905
215 938
215 1008
216 507
216 514
216 543
216 644
216 667
216 766
216 921
216 974
217 267
217 281
217 341
217 355
217 406
217 451
217 597
217 711
217 732
217 835
217 881
217 911
217 918
218 276
218 311
218 360
218 379
218 415
218 474
218 488
218 555
218 579
218 580
218 595
218 650
218 718
218 812
218 825
218 867
218 981
218 988
219 599
219 635
219 643
219 646
219 686
219 902
219 985
219 1022
220 245
220 250
220 293
220 488
220 530
220 573
220 735
220 841
220 896
220 984
221 226
221 305
221 331
221 410
221 412
221 430
221 539
221 564
221 721
221 730
221 750
221 867
221 901
221 981
221 1010
222 223
222 265
222 395
222 398
222 399
222 430
222 451
222 455
222 547
222 626
222 847
222 865
222 919
222 944
222 1022
223 309
223 338
223 364
223 609
223 698
223 702
223 788
223 816
223 829
223 935
224 328
224 350
224 381
224 418
224 605
224 706
224 988
225 334
225 583
225 709
225 776
225 927
226 228
226 239
226 342
226 363
226 461
226 462
226 662
226 883
226 994
227 354
227 397
227 412
227 456
227 465
227 518
227 555
227 560
227 620
227 634
227 651
227 827
227 892
227 955
227 974
228 230
228 329
228 385
228 466
228 524
228 619
228 760
228 893
228 906
228 974
228 1017
229 337
229 370
229 434
229 556
229 664
229 840
229 841
230 239
230 405
230 452
230 602
230 634
230 636
230 648
230 693
230 745
230 855
230 1013
231 271
231 284
231 398
231 455
231 488
231 620
231 639
231 685
231 745
231 853
231 924
231 927
231 939
232 265
232 320
232 345
232 367
232 501
232 538
232 571
232 579
232 721
232 755
232 763
232 787
232 850
232 893
232 894
232 966
232 971
233 278
233 287
233 342
233 357
233 555
233 561
233 664
233 694
233 731
233 734
233 800
233 853
233 859
233 897
234 262
234 342
234 400
234 447
234 566
234 714
234 848
234 960
234 1007
235 249
235 274
235 313
235 373
235 461
235 525
235 566
235 735
235 953
235 981
236 278
236 309
236 392
236 398
236 587
236 844
236 931
236 948
236 1023
237 432
237 533
237 540
237 555
237 657
237 780
237 817
237 868
237 889
237 908
238 336
238 370
238 463
238 502
238 577
238 615
238 659
238 782
238 803
238 817
238 918
238 995
238 1017
239 419
239 420
239 500
239 543
239 606
239 675
239 864
239 879
239 905
239 919
239 936
239 948
239 968
239 1010
240 309
240 341
240 351
240 363
240 456
240 542
240 599
240 680
240 719
240 833
240 890
240 926
240 1009
240 1014
241 287
241 405
241 451
241 452
241 455
241 525
241 528
241 666
241 824
241 829
242 456
242 518
242 583
242 699
242 785
242 885
242 911
242 926
242 981
243 321
243 455
243 488
243 582
243 703
243 939
243 959
243 1020
244 355
244 412
244 458
244 489
244 594
244 625
244 833
244 918
245 323
245 750
245 995
246 407
246 448
246 656
246 761
246 877
247 311
247 373
247 475
247 539
247 607
247 717
247 727
247 819
247 820
247 831
247 859
247 927
248 363
248 379
248 426
248 625
248 724
248 740
248 1019
249 275
249 289
249 351
249 382
249 525
249 545
249 595
249 684
249 766
249 777
249 801
249 991
250 331
250 362
250 394
250 461
250 563
250 593
250 884
250 971
250 995
251 350
251 370
251 382
251 387
251 398
251 471
251 496
251 516
251 546
251 571
251 640
251 642
251 710
251 741
251 749
251 797
251 837
251 875
251 915
251 930
251 967
252 408
252 586
252 768
252 824
252 838
252 892
252 897
253 568
253 643
253 761
253 799
253 813
253 898
253 914
253 938
254 423
254 467
254 471
254 521
254 543
254 598
254 625
254 756
254 861
254 996
255 323
255 430
255 638
255 735
255 776
255 846
255 943
255 959
255 960
256 280
256 323
256 461
256 537
256 540
256 644
256 704
256 865
256 873
256 917
257 287
257 426
257 482
257 585
257 660
257 697
257 737
257 775
257 809
257 811
257 838
257 845
257 886
257 939
257 965
257 1023
258 516
258 576
258 584
258 894
258 907
258 918
258 922
258 974
258 977
259 473
259 530
259 690
259 933
259 1014
260 448
260 488
260 505
260 515
260 609
260 680
260 759
260 817
260 828
260 898
260 1004
260 1008
261 299
261 332
261 337
261 342
261 441
261 462
261 471
261 677
261 758
261 793
261 990
261 1002
262 290
262 296
262 451
262 533
262 628
262 888
262 928
262 986
263 304
263 404
263 456
263 506
263 576
263 590
263 646
263 703
263 748
263 815
263 956
264 353
264 361
264 365
264 375
264 391
264 492
264 532
264 552
264 568
264 576
264 628
264 654
264 766
264 877
264 922
264 923
264 1007
265 302
265 466
265 568
265 589
265 599
265 612
265 632
265 739
265 817
265 833
265 897
265 912
265 1009
266 289
266 321
266 418
266 430
266 454
266 520
266 562
266 660
266 670
266 739
266 809
266 843
267 359
267 455
267 493
267 509
267 656
267 939
267 994
268 274
268 286
268 477
268 510
268 590
268 664
268 839
268 918
268 989
269 295
269 299
269 355
269 583
269 594
269 664
269 671
269 710
269 714
269 741
269 841
269 940
269 944
270 356
270 362
270 430
270 482
270 593
270 714
270 782
271 323
271 497
271 560
271 595
271 668
271 746
271 840
271 995
272 289
272 524
272 551
272 624
272 735
272 780
272 859
272 874
273 409
273 576
273 591
273 602
273 632
273 691
273 747
273 945
274 330
274 402
274 437
274 674
274 718
274 762
274 842
274 892
274 932
275 379
275 385
275 428
275 569
275 626
275 726
275 828
275 850
275 938
275 969
275 978
275 1016
276 385
276 412
276 424
276 430
276 451
276 766
276 837
276 896
276 934
276 1020
277 322
277 530
277 586
277 649
277 817
277 846
278 305
278 458
278 532
278 605
278 629
278 638
278 706
278 777
279 280
279 364
279 589
279 595
279 603
279 718
279 767
279 961
279 963
279 996
279 1017
280 294
280 375
280 404
280 595
280 628
280 632
280 644
280 655
280 667
280 780
280 816
280 897
280 960
281 291
281 296
281 307
281 343
281 385
281 397
281 458
281 480
281 523
281 568
281 701
281 708
281 725
281 773
281 781
281 820
281 934
281 948
281 975
281 984
281 1013
282 305
282 342
282 452
282 565
282 572
282 653
282 668
282 753
282 887
282 898
282 966
283 354
283 355
283 434
283 452
283 470
283 571
283 658
283 689
283 814
283 997
284 426
284 542
284 569
284 594
284 611
284 620
284 632
284 768
284 871
284 872
284 950
285 320
285 423
285 616
285 710
285 759
285 972
286 333
286 397
286 401
286 407
286 416
286 580
286 621
286 775
286 783
286 826
286 842
286 913
286 925
286 955
287 319
287 362
287 430
287 467
287 474
287 531
287 537
287 579
287 742
287 807
287 824
287 859
287 863
287 882
287 939
287 940
288 348
288 427
288 443
288 465
288 519
288 530
288 561
288 590
288 597
288 626
288 648
288 683
288 699
288 737
288 770
288 790
288 814
288 820
288 1012
289 319
289 320
289 377
289 382
289 443
289 457
289 580
289 617
289 658
289 707
289 714
289 766
289 867
289 913
290 293
290 372
290 420
290 437
290 521
290 604
290 653
290 714
290 730
290 740
290 759
290 879
290 927
290 958
290 967
290 974
291 323
291 353
291 494
291 581
291 683
291 701
291 840
291 867
291 899
291 942
292 330
292 347
292 463
292 494
292 545
292 612
292 668
292 669
292 845
292 847
292 871
292 1005
293 448
293 562
293 796
293 849
293 891
293 973
294 366
294 407
294 646
294 729
294 731
294 884
294 905
294 929
294 942
294 992
295 507
295 593
295 692
295 716
295 856
295 920
296 382
296 386
296 444
296 469
296 765
296 973
297 386
297 460
297 539
297 578
297 595
297 601
297 634
297 648
297 676
297 685
297 819
297 910
297 941
298 349
298 398
298 573
298 579
298 611
298 617
298 643
298 940
299 316
299 388
299 421
299 480
299 495
299 510
299 672
299 800
299 809
299 876
299 989
300 305
300 325
300 365
300 418
300 444
300 566
300 631
300 651
300 662
300 709
300 771
300 810
300 812
301 366
301 442
301 465
301 469
301 523
301 602
301 688
301 821
301 879
301 1004
302 403
302 441
302 535
302 802
302 819
302 856
302 1010
302 1021
303 327
303 455
303 467
303 487
303 689
303 714
303 748
303 784
303 824
303 828
303 968
303 986
304 307
304 502
304 600
304 638
304 723
304 743
304 749
304 778
304 787
304 832
304 980
305 348
305 390
305 488
305 666
305 691
305 828
305 937
306 315
306 326
306 404
306 480
306 491
306 698
306 746
306 756
306 757
306 794
306 808
306 813
307 341
307 386
307 392
307 508
307 529
307 542
307 579
307 639
307 809
307 915
307 924
308 333
308 368
308 408
308 434
308 540
308 544
308 597
308 649
308 714
308 847
308 851
308 875
308 923
309 405
309 416
309 527
309 625
309 652
309 657
309 672
309 703
309 730
309 894
310 440
310 459
310 490
310 492
310 497
310 521
310 615
310 656
310 709
310 736
310 849
310 886
311 339
311 479
311 543
311 608
311 664
311 683
311 700
311 933
312 603
312 626
312 668
312 681
312 769
313 400
313 811
313 819
313 831
313 838
313 908
314 364
314 375
314 426
314 430
314 505
314 536
314 612
314 848
314 895
315 540
315 587
315 703
315 751
315 892
315 900
315 910
315 960
316 357
316 472
316 661
316 697
316 736
316 743
316 749
316 837
317 359
317 523
317 565
317 786
317 889
317 982
318 397
318 681
318 692
318 737
318 811
318 815
318 898
318 944
319 327
319 332
319 351
319 359
319 376
319 426
319 445
319 503
319 504
319 612
319 685
319 739
319 846
319 1010
320 389
320 446
320 494
320 570
320 660
320 664
320 665
320 859
320 863
320 909
320 955
321 353
321 559
321 570
321 577
321 647
321 676
321 686
321 707
321 873
321 928
321 1022
322 336
322 405
322 482
322 521
322 676
322 813
322 945
323 327
323 567
323 664
323 815
323 943
324 415
324 447
324 462
324 489
324 546
324 672
324 681
324 899
325 361
325 529
325 560
325 570
325 649
325 762
325 904
325 980
325 1008
326 361
326 764
326 779
326 792
326 916
326 984
327 360
327 462
327 484
327 516
327 784
327 878
327 932
327 937
328 454
328 498
328 507
328 640
328 662
328 679
328 680
328 701
328 727
328 848
328 872
328 958
328 986
329 456
329 625
329 680
329 749
329 754
329 784
329 911
329 997
330 428
330 446
330 482
330 555
330 569
330 580
330 585
330 610
330 698
330 722
330 730
330 743
330 792
330 909
330 931
330 953
330 995
331 721
331 736
331 835
331 836
331 918
331 997
332 485
332 577
332 750
332 794
332 801
332 926
332 932
332 953
333 355
333 392
333 487
333 561
333 639
333 749
333 825
333 869
334 449
334 509
334 523
334 594
334 656
334 670
334 679
334 681
334 838
334 879
334 891
334 1004
335 384
335 392
335 404
335 466
335 505
335 517
335 692
335 748
335 871
335 879
335 909
335 980
336 353
336 373
336 471
336 517
336 612
336 649
336 710
336 741
336 823
336 931
336 989
337 414
337 420
337 421
337 463
337 505
337 549
337 620
337 623
337 665
337 782
338 363
338 424
338 515
338 859
338 873
338 899
338 947
338 969
338 999
338 1016
339 391
339 475
339 519
339 520
339 523
339 795
340 360
340 453
340 496
340 502
340 508
340 530
340 552
340 611
340 619
340 648
340 707
340 893
340 919
340 961
340 992
341 522
341 611
341 694
341 717
341 873
342 463
342 488
342 495
342 552
342 624
342 677
342 885
342 887
342 893
342 917
342 934
342 966
343 404
343 523
343 561
343 655
343 823
343 969
343 996
344 412
344 531
344 533
344 734
344 784
344 791
344 868
344 914
344 985
345 378
345 530
345 605
345 633
345 651
345 658
345 732
345 778
346 521
346 576
346 646
346 654
346 747
346 1013
347 364
347 475
347 483
347 547
347 550
347 605
347 694
347 808
347 839
347 865
348 441
348 505
348 575
348 607
348 661
348 760
348 788
348 826
348 882
348 898
348 915
348 929
348 956
348 978
349 368
349 435
349 441
349 467
349 521
349 640
349 775
349 842
349 882
349 907
349 916
349 934
349 971
349 987
350 434
350 460
350 464
350 554
350 772
350 839
350 846
350 861
350 882
350 888
350 930
351 492
351 550
351 633
351 650
351 750
351 780
351 983
352 371
352 389
352 568
352 674
352 708
352 798
352 824
352 953
352 1006
353 459
353 460
353 464
353 566
353 748
353 840
353 868
354 419
354 562
354 614
354 829
354 908
354 930
354 946
355 471
355 481
355 499
355 568
355 604
355 625
355 656
355 659
355 721
355 812
355 822
355 862
355 868
355 890
355 993
355 1013
356 362
356 464
356 602
356 724
356 770
356 788
356 838
357 471
357 633
357 758
357 853
357 988
357 1015
358 422
358 498
358 516
358 563
358 797
358 857
358 945
359 376
359 383
359 392
359 450
359 459
359 566
359 922
359 950
360 448
360 721
360 845
360 945
361 363
361 602
361 610
361 683
361 708
361 753
361 906
361 978
362 381
362 413
362 437
362 454
362 471
362 613
362 633
362 645
362 717
362 764
362 844
363 393
363 419
363 500
363 560
363 600
363 703
363 977
363 1004
364 422
364 557
364 640
364 690
364 762
364 781
364 801
365 389
365 459
365 477
365 529
365 600
365 628
365 631
365 762
365 828
365 911
365 983
365 988
366 523
366 594
366 640
366 641
366 661
366 780
366 845
366 902
366 1000
367 406
367 424
367 426
367 542
367 687
367 753
367 832
367 900
367 1003
368 423
368 580
369 489
369 500
369 721
369 730
369 817
369 934
369 986
369 997
370 553
370 679
370 695
370 738
370 821
370 967
371 380
371 539
371 571
371 608
371 614
371 806
371 832
371 855
371 913
371 924
371 944
371 1005
371 1013
372 391
372 411
372 428
372 512
372 608
372 677
372 743
372 746
372 774
372 954
372 962
372 1002
373 424
373 469
373 495
373 534
373 609
373 633
373 635
373 657
373 708
373 755
373 874
373 933
374 435
374 456
374 529
374 586
374 726
374 752
374 779
374 810
374 841
374 962
375 507
375 560
375 573
375 653
375 734
375 754
375 789
375 824
375 934
375 1006
376 512
376 711
376 747
376 756
376 762
376 855
376 858
376 918
376 948
377 385
377 425
377 457
377 577
377 612
377 629
377 686
377 692
377 918
377 946
377 994
378 430
378 504
378 635
378 647
378 671
378 744
378 783
378 806
378 851
378 979
378 998
379 380
379 463
379 499
379 530
379 759
379 823
380 412
380 573
380 632
380 689
380 701
380 715
380 738
380 807
380 813
380 885
380 904
380 954
381 526
381 614
381 912
381 941
381 982
382 442
382 615
382 895
382 959
383 388
383 537
383 544
383 556
383 642
383 762
383 988
383 1004
384 471
384 479
384 488
384 645
384 652
384 725
384 775
384 886
384 888
384 930
384 933
384 965
384 984
384 1019
385 483
385 531
385 591
385 612
385 659
385 781
385 855
385 967
385 1018
386 391
386 419
386 648
386 726
386 758
386 824
386 834
386 940
386 1009
386 1013
387 389
387 414
387 423
387 500
387 553
387 558
387 575
387 822
387 827
387 842
387 847
388 469
388 509
388 535
388 590
388 601
388 603
388 653
388 724
388 732
388 832
388 836
388 906
388 915
388 940
388 941
389 413
389 487
389 643
389 677
389 685
389 693
389 729
389 857
389 895
389 933
390 411
390 432
390 468
390 498
390 577
390 590
390 636
390 674
390 744
390 786
390 842
390 844
390 951
390 1016
391 431
391 509
391 512
391 578
391 632
391 733
391 886
391 941
392 394
392 477
392 517
392 542
392 579
392 604
392 671
392 677
392 779
392 845
392 856
393 647
393 778
393 798
394 508
394 525
394 622
394 723
394 730
394 750
394 814
394 838
394 885
394 907
395 488
395 639
395 656
395 774
395 954
395 967
396 410
396 458
396 504
396 681
396 779
397 435
397 451
397 486
397 808
397 821
397 940
397 951
398 413
398 417
398 672
398 686
398 737
398 820
398 851
399 405
399 530
399 568
399 706
399 835
399 850
399 961
400 417
400 474
400 477
400 499
400 507
400 542
400 546
400 626
400 662
400 717
400 759
400 766
400 891
400 906
400 935
400 954
400 955
401 521
401 527
401 629
401 770
401 771
401 822
401 839
401 847
401 881
401 934
402 493
402 645
402 654
402 659
402 726
402 915
402 923
402 940
402 961
402 994
402 1019
403 483
403 495
403 609
403 675
403 709
403 737
403 795
403 841
403 859
403 919
403 933
403 983
403 1002
404 431
404 459
404 577
404 626
404 664
404 732
404 798
404 833
404 854
405 443
405 505
405 559
405 564
405 644
405 815
405 817
405 952
406 442
406 590
406 858
406 878
406 893
406 899
406 969
407 423
407 513
407 541
407 620
407 657
407 661
407 718
407 722
407 810
407 811
407 914
407 966
407 995
408 460
408 483
408 688
408 736
408 823
408 873
408 968
408 999
409 474
409 505
409 520
409 567
409 624
409 630
409 663
409 771
409 896
409 1004
410 412
410 416
410 757
410 966
411 414
411 671
411 733
411 798
411 820
412 462
412 490
412 508
412 554
412 581
412 607
412 682
412 691
412 696
412 835
412 924
412 958
412 963
412 1006
413 523
413 591
413 790
413 858
413 876
413 1021
414 441
414 444
414 471
414 668
414 744
414 855
415 536
415 604
415 659
415 771
415 808
415 891
415 911
416 423
416 426
416 428
416 474
416 518
416 588
416 691
416 692
416 806
416 829
416 849
416 901
416 909
416 931
416 970
416 1011
417 491
417 510
417 551
417 572
417 634
417 737
417 765
417 785
417 834
417 840
417 908
418 427
418 463
418 543
418 607
418 629
418 693
418 721
418 726
418 745
418 758
418 901
418 947
418 992
419 447
419 564
419 574
419 862
419 880
419 976
420 451
420 463
420 604
420 641
420 985
420 1009
421 444
421 455
421 466
421 484
421 494
421 565
421 586
421 654
421 673
421 696
421 807
421 848
421 849
421 860
421 947
422 423
422 718
422 738
422 820
422 904
422 906
423 498
423 510
423 577
423 686
423 710
423 731
423 860
424 508
424 555
424 588
424 668
424 707
424 767
424 920
424 989
424 1012
425 444
425 542
425 684
425 721
425 755
425 822
425 826
425 906
425 941
425 977
425 1013
426 443
426 506
426 538
426 557
426 770
426 840
426 905
427 454
427 494
427 581
427 644
427 645
427 686
427 717
427 723
427 754
427 894
428 435
428 437
428 476
428 769
428 832
428 880
428 897
428 924
429 472
429 544
429 698
429 778
429 818
429 900
429 923
429 950
429 996
429 1000
430 595
430 748
430 903
430 938
430 940
430 995
431 443
431 536
431 808
431 852
432 550
432 594
432 650
432 689
432 694
432 744
432 746
432 779
432 799
432 908
432 909
433 450
433 640
433 693
433 841
433 862
433 948
433 1014
434 538
434 745
434 783
434 813
434 841
434 905
434 1005
434 1013
435 499
435 510
435 555
435 568
435 655
435 656
435 915
435 958
435 986
435 992
436 491
436 578
436 623
436 823
436 824
436 1003
437 635
437 636
437 839
437 919
438 508
438 569
438 613
438 707
438 769
438 854
438 899
438 935
438 980
438 998
439 441
439 467
439 510
439 604
439 799
439 827
440 634
440 684
440 802
440 848
440 893
441 470
441 480
441 656
441 673
441 760
441 859
441 918
441 1014
442 444
442 458
442 464
442 506
442 555
442 585
442 672
442 706
442 720
442 850
442 864
442 885
442 886
442 892
442 953
442 996
443 668
443 764
443 774
443 786
443 832
443 861
443 938
443 1022
444 497
444 675
444 721
444 741
444 742
444 777
444 811
444 929
444 968
444 987
445 558
445 715
445 760
445 915
445 917
445 926
445 967
445 1000
446 560
446 691
446 711
446 755
446 804
446 814
446 839
446 840
446 920
446 940
446 961
447 523
447 581
447 587
447 629
447 690
447 894
447 898
447 945
448 485
448 523
448 610
448 798
448 821
448 862
448 913
448 920
448 996
449 539
449 641
449 776
449 859
449 885
449 903
449 938
449 1000
450 701
450 756
450 799
451 536
451 549
451 585
451 595
451 600
451 601
451 805
451 845
451 936
451 1005
452 491
452 555
452 669
452 677
452 767
452 774
452 851
452 982
453 523
453 705
453 790
453 818
453 922
453 1004
453 1018
454 505
454 523
454 561
454 584
454 620
454 693
454 750
454 1003
455 479
455 547
455 583
455 714
455 815
455 839
455 904
455 924
456 518
456 605
456 810
456 814
456 1000
457 501
457 564
457 603
457 719
457 776
457 844
457 922
457 956
457 976
457 1006
458 583
458 653
458 667
458 767
458 880
458 921
458 984
459 490
459 533
459 570
459 741
459 750
459 824
459 825
459 948
459 1002
460 472
460 518
460 534
460 604
460 621
460 773
460 785
460 795
460 820
460 865
460 954
461 543
461 590
461 614
461 632
461 786
461 804
461 897
461 939
461 943
462 576
462 616
462 741
462 768
462 794
462 861
462 914
462 963
462 975
463 492
463 500
463 655
463 656
463 661
463 698
463 734
464 489
464 516
464 685
464 697
464 698
464 719
464 751
464 861
464 868
464 897
464 921
464 944
464 1011
465 634
465 655
465 691
465 895
465 1002
466 608
466 635
466 640
466 664
466 743
466 754
466 771
466 961
466 987
466 1013
467 497
467 527
467 561
467 661
467 681
467 693
467 957
467 1014
468 565
468 585
468 593
468 603
468 680
468 713
468 796
468 837
468 994
469 497
469 518
469 744
469 862
469 910
469 981
470 471
470 527
470 591
470 641
470 796
470 805
470 874
470 918
470 925
470 937
470 1015
470 1022
471 541
471 734
471 760
471 770
471 919
472 477
472 564
472 633
472 800
472 823
472 888
472 897
473 691
473 851
473 905
473 910
473 942
473 955
474 604
474 647
474 754
474 764
474 813
474 899
474 945
474 977
475 515
475 550
475 576
475 596
475 716
475 743
475 787
475 954
475 986
476 532
476 709
476 747
476 876
476 944
476 977
477 537
477 669
477 686
477 757
478 508
478 587
478 629
478 683
478 698
478 746
478 755
478 836
478 889
478 901
478 993
479 534
479 714
479 896
479 948
480 508
480 572
480 590
480 625
480 635
480 712
480 756
480 894
480 927
481 718
481 753
481 824
481 982
482 678
482 721
482 804
482 809
482 836
482 910
482 912
482 921
482 942
483 644
483 748
483 753
483 773
483 785
483 790
484 519
484 779
484 781
484 796
484 892
484 961
484 962
485 495
485 502
485 519
485 700
485 764
485 963
486 531
486 559
486 574
486 608
486 612
486 662
486 697
486 705
486 782
486 1007
487 500
487 552
487 604
487 634
487 650
487 728
487 769
487 842
487 937
488 514
488 518
488 573
488 637
488 793
488 867
488 972
488 995
489 523
489 607
489 611
489 617
489 640
489 659
489 670
489 738
489 767
489 904
490 541
490 672
490 700
490 723
490 776
490 870
490 888
490 912
490 985
490 1005
491 556
491 602
491 627
491 652
491 666
491 798
491 886
491 1001
491 1017
492 518
492 533
492 535
492 572
492 583
492 735
492 777
492 811
492 853
492 952
492 1013
493 509
493 634
493 739
493 853
493 979
494 598
494 697
494 764
494 776
494 871
495 545
495 580
495 629
495 675
495 759
495 848
495 905
495 992
495 997
495 1008
496 552
496 564
496 620
496 640
496 649
496 719
496 743
496 753
496 891
496 894
497 557
497 582
497 736
497 870
497 1016
498 516
498 532
498 564
498 569
498 586
498 718
498 764
498 776
498 803
498 922
498 937
499 547
499 563
499 601
499 609
499 614
499 765
499 767
499 769
499 947
499 952
499 1004
500 516
500 568
500 644
500 659
500 739
500 770
500 897
500 971
500 982
500 993
501 959
502 541
502 590
502 604
502 695
502 776
502 962
503 583
503 635
503 799
503 863
503 881
503 962
504 508
504 537
504 594
504 599
504 610
504 618
504 666
504 702
504 732
504 736
504 936
505 518
505 571
505 606
505 710
505 754
505 831
505 853
505 863
505 990
506 544
506 637
506 738
506 819
506 869
507 526
507 577
507 646
507 696
507 802
507 874
507 938
507 950
507 1003
508 529
508 737
508 861
508 940
508 967
509 555
509 713
509 738
509 784
509 814
509 878
509 962
509 1022
510 660
510 697
510 800
510 808
510 875
510 938
510 976
510 988
511 531
511 577
511 599
511 611
511 981
512 533
512 608
512 629
512 680
512 700
512 806
512 883
512 895
512 956
513 746
513 830
513 873
514 614
514 623
514 624
514 705
514 760
514 781
514 807
514 827
514 874
515 516
515 724
515 773
515 898
515 960
515 985
516 558
516 695
516 765
516 776
516 861
516 982
516 1003
516 1021
517 669
517 714
517 797
517 937
517 963
518 675
518 719
518 748
518 789
518 886
518 960
518 976
518 981
519 528
519 585
519 705
519 758
519 807
519 879
519 1003
519 1008
519 1016
520 553
520 560
520 584
520 714
520 733
520 789
520 792
520 793
520 851
520 889
520 896
521 697
521 768
521 866
521 927
521 1015
522 557
522 703
522 722
522 786
522 888
523 635
523 755
524 749
524 949
524 1020
525 575
525 632
525 730
525 746
525 790
525 805
525 856
525 925
526 602
526 727
526 969
526 1011
527 603
527 650
527 697
527 918
527 997
527 1016
528 540
528 548
528 550
528 778
528 885
528 905
529 827
529 910
529 920
529 949
529 952
529 969
530 584
530 591
530 624
530 672
530 679
530 744
530 908
530 915
530 950
530 980
531 647
531 689
531 783
531 907
532 592
532 660
532 666
532 734
532 787
532 795
532 870
532 915
532 1003
533 567
533 777
533 844
533 863
533 864
533 970
534 548
534 576
534 720
534 751
534 797
534 841
534 916
534 918
534 991
535 586
535 608
535 686
535 745
535 757
535 823
535 954
535 1005
536 680
536 737
536 761
536 982
537 650
537 754
537 974
537 975
537 993
538 627
538 850
538 855
539 543
539 607
539 614
539 635
539 640
539 692
539 739
539 751
539 814
539 884
539 944
539 976
540 582
540 598
540 696
540 957
541 557
541 635
541 708
541 722
541 724
541 809
541 855
541 982
541 1002
542 629
542 665
542 690
542 814
542 933
543 670
543 781
543 809
543 838
543 867
543 911
544 676
544 719
544 727
544 800
544 823
544 831
544 994
545 597
545 620
545 773
545 828
545 952
545 958
545 962
546 609
546 744
546 758
546 992
547 549
547 590
547 946
548 767
548 964
549 589
549 633
549 686
549 791
549 813
549 870
549 971
550 593
550 594
550 597
550 617
550 693
550 710
550 750
550 857
550 889
550 953
551 830
551 950
551 968
551 991
551 992
552 749
552 781
552 833
552 918
552 961
552 1006
552 1008
552 1016
553 655
553 729
553 760
553 793
553 817
553 978
554 559
554 629
554 634
554 651
554 679
554 916
554 955
554 1005
555 564
555 606
555 681
555 762
555 800
555 810
555 855
555 970
556 595
556 677
556 743
556 804
556 822
556 873
556 925
557 635
557 639
557 903
558 567
558 569
558 593
558 618
558 861
558 876
558 930
558 967
558 990
558 1019
559 774
559 966
559 998
560 738
560 878
561 575
561 646
561 742
561 763
561 796
561 815
561 900
561 918
561 975
562 597
562 612
562 672
562 757
562 851
562 984
563 621
563 695
563 724
563 799
563 811
563 862
563 956
563 981
564 604
564 812
564 858
564 890
564 984
564 997
565 620
565 744
565 880
565 881
565 972
566 569
566 606
566 709
566 755
566 798
566 951
567 638
567 698
567 729
567 781
567 924
567 1011
568 718
568 800
568 829
568 856
568 880
568 938
568 964
568 1016
569 899
569 941
570 798
570 832
570 857
570 901
570 910
570 924
571 651
571 733
571 803
572 613
572 682
572 857
572 949
572 995
573 650
573 762
573 802
573 832
573 862
573 903
573 964
574 703
574 950
574 989
575 622
575 648
575 676
575 732
575 736
575 756
575 856
575 931
575 998
575 1016
576 660
576 771
576 878
576 956
576 1003
577 782
577 896
577 910
577 938
577 990
577 1006
578 629
578 632
578 723
578 802
578 846
578 955
579 582
579 593
579 645
579 700
579 860
579 906
579 1004
580 671
580 749
580 780
580 966
580 976
581 634
581 662
581 793
581 808
581 914
582 680
582 714
582 1004
583 635
583 638
583 689
583 708
583 709
583 731
583 966
583 1006
584 634
584 654
584 671
584 788
584 870
584 889
584 907
584 977
584 1001
585 596
585 605
585 669
585 681
585 722
585 736
585 826
585 860
585 876
585 913
586 706
586 825
586 830
586 858
587 726
587 833
587 959
587 999
588 623
588 631
588 717
588 831
588 853
588 942
588 988
589 590
589 814
589 829
589 972
589 1011
590 910
590 927
590 965
591 675
591 688
591 703
591 837
591 866
591 1017
592 620
592 629
592 677
592 687
592 865
592 1021
593 738
593 819
593 880
593 882
593 1022
594 618
594 625
594 701
594 1017
595 777
595 852
595 1012
596 626
596 650
596 952
596 954
597 626
597 708
597 734
597 752
597 801
597 814
597 835
597 850
597 863
597 924
597 1017
598 677
598 704
598 771
598 841
598 981
599 621
599 627
599 779
599 797
599 824
599 833
599 935
600 730
600 760
600 770
600 787
600 822
600 848
600 1023
601 657
601 738
601 869
601 877
602 605
602 613
602 624
602 703
602 717
602 735
602 779
602 903
602 904
602 945
602 960
602 1021
603 608
603 627
603 666
603 725
603 749
603 750
603 828
603 842
603 888
603 902
603 928
604 616
604 641
604 692
604 718
604 724
604 997
604 1017
605 795
605 802
605 825
605 908
606 682
606 691
606 718
606 749
606 764
606 856
606 874
606 937
606 1013
607 620
607 748
607 751
607 754
607 783
607 896
607 905
607 971
607 972
607 1012
608 658
608 717
608 733
608 859
608 914
608 918
608 974
608 996
608 1018
609 701
609 755
609 789
609 828
609 978
610 644
610 663
610 753
610 757
610 857
610 926
610 934
610 968
611 688
611 713
611 777
611 952
612 635
612 644
612 780
612 847
612 919
612 956
613 655
613 728
613 775
613 777
613 779
613 803
613 893
613 904
613 972
614 654
614 687
614 769
614 807
614 920
614 960
614 970
615 640
615 870
615 925
616 713
616 715
616 742
616 776
616 923
617 657
617 768
617 992
618 862
619 668
619 787
619 801
619 920
619 984
619 991
620 661
620 687
620 736
620 747
620 764
620 845
620 922
620 946
621 625
621 668
621 682
621 707
621 719
621 975
622 683
622 710
622 732
622 741
622 984
622 1012
623 771
623 836
623 839
623 900
623 932
623 936
623 964
624 632
624 723
624 727
624 739
624 843
624 884
624 893
624 947
624 953
624 956
625 726
625 845
625 911
625 920
625 932
625 965
626 643
626 685
626 737
626 853
626 934
626 959
626 971
626 1017
627 644
627 788
627 890
627 991
627 992
627 1002
628 779
628 947
628 997
629 689
629 704
629 786
629 811
629 850
630 751
630 806
630 813
630 880
630 945
630 947
631 652
631 659
631 746
631 764
631 812
631 842
631 886
632 679
632 996
633 674
633 722
633 748
633 754
633 893
633 909
633 922
634 719
634 731
634 740
634 860
634 895
634 898
634 940
635 663
635 709
635 722
635 749
635 814
635 828
635 883
635 1015
636 745
636 748
636 835
636 846
636 859
636 877
636 888
636 906
636 943
636 980
637 644
637 767
637 851
637 935
637 1008
638 737
638 746
638 759
638 828
638 985
639 909
640 737
640 796
640 828
640 838
640 841
640 904
640 966
640 973
641 728
641 747
641 887
641 1007
641 1022
642 783
642 820
642 821
642 844
642 883
642 891
642 960
642 1011
643 649
643 651
643 707
643 753
643 814
643 905
644 680
644 926
645 660
645 707
645 775
645 802
645 864
645 930
645 968
645 1013
646 769
646 786
646 970
647 701
647 720
647 765
647 794
647 932
647 960
647 969
648 908
648 913
649 729
649 785
649 982
650 710
650 787
650 805
650 879
650 914
650 962
651 851
651 984
651 1009
652 779
652 826
652 855
653 716
653 907
653 975
653 998
654 721
654 776
654 826
654 889
654 928
654 936
654 981
654 1006
655 917
655 992
656 691
656 800
656 850
656 876
656 887
656 962
657 698
657 729
657 750
657 771
657 794
658 697
658 769
658 783
658 871
658 895
658 987
658 1001
659 716
659 811
659 881
659 910
659 933
659 975
659 994
660 671
660 710
660 844
660 865
660 990
660 1018
661 906
661 936
661 974
662 715
662 721
662 780
662 786
662 792
662 863
662 908
662 912
663 747
663 801
663 936
663 947
664 671
664 775
665 682
665 755
665 769
665 785
665 786
665 919
666 726
666 740
666 757
666 784
666 804
666 846
666 859
666 941
666 959
666 976
667 736
667 767
667 799
668 669
668 848
668 885
669 687
669 732
669 752
669 768
669 856
669 860
669 958
669 975
669 995
669 1006
669 1019
670 774
670 820
670 967
670 984
670 993
671 765
671 872
671 922
671 925
671 947
671 965
672 698
672 837
672 874
672 929
672 961
672 969
672 990
673 693
673 739
674 695
674 747
674 776
674 949
674 951
675 789
675 932
675 963
675 1004
676 911
676 963
676 1005
677 744
677 800
677 951
678 703
678 712
678 838
678 869
678 912
678 945
678 1008
679 878
679 938
679 1001
680 716
680 779
680 850
680 855
680 904
681 694
681 807
681 949
682 717
682 788
682 800
682 818
682 941
682 981
682 985
683 740
683 802
683 849
683 877
683 884
683 904
683 961
683 990
684 881
684 888
684 989
685 820
685 882
685 961
685 977
686 708
686 770
686 808
686 883
686 919
686 937
686 989
686 1012
687 851
687 855
687 860
687 942
687 945
688 709
688 761
688 918
688 967
688 992
689 777
689 965
689 1006
689 1015
689 1023
690 705
690 886
690 892
690 945
690 1011
690 1019
691 858
692 725
692 809
692 847
692 916
692 954
693 698
693 733
693 758
693 854
693 988
694 751
694 804
694 925
694 934
695 703
695 720
695 723
695 867
695 874
695 1001
696 705
696 767
697 757
697 945
697 1015
698 799
698 933
699 714
699 754
699 800
699 820
699 864
699 867
700 751
700 852
700 980
701 724
701 731
701 949
701 991
701 1020
702 753
702 804
702 811
702 834
702 1019
703 753
703 786
703 856
703 913
703 963
704 839
704 1011
705 933
706 824
706 900
706 940
706 952
706 998
707 743
707 828
707 898
708 718
708 785
708 844
708 865
708 882
708 961
708 978
708 1018
709 714
709 724
709 734
709 849
709 915
709 926
709 991
710 743
710 781
710 823
710 839
710 869
710 901
710 957
710 973
710 1012
711 742
711 1000
711 1008
712 740
712 929
713 771
713 823
713 824
713 968
713 974
713 1019
714 895
714 896
714 915
715 827
715 866
715 926
715 932
715 943
715 964
715 1005
716 854
716 879
717 819
717 863
717 902
717 909
718 765
718 771
718 802
718 954
718 1017
719 723
719 851
719 854
719 874
719 885
719 1012
720 967
720 972
720 983
720 994
721 725
721 792
721 842
721 970
721 979
722 755
722 1013
723 782
723 1013
724 809
724 930
724 939
724 972
725 745
725 803
726 751
726 841
726 959
726 1017
727 746
727 863
727 975
727 986
727 1015
728 822
728 829
728 924
728 961
728 973
729 912
729 932
729 951
730 784
730 876
730 930
731 817
731 818
731 838
731 958
731 966
731 981
731 985
732 852
732 865
732 869
732 872
732 886
732 902
732 918
732 937
732 972
733 788
733 889
733 893
733 969
733 996
735 783
735 814
735 824
736 814
736 845
736 852
737 738
737 859
737 898
737 950
737 976
738 1018
739 894
739 933
739 936
739 1005
740 741
740 772
740 798
740 937
740 959
741 865
741 875
741 1021
742 884
742 886
742 962
743 870
744 751
744 864
745 817
746 795
746 979
747 848
747 880
747 934
747 973
747 974
747 992
748 811
748 912
749 770
749 944
749 945
750 844
750 973
751 856
751 898
751 917
751 974
752 831
752 965
753 770
753 773
753 806
754 817
754 960
754 1020
755 797
755 800
755 813
755 856
755 954
756 765
756 782
756 862
756 878
756 913
756 999
757 808
757 826
757 827
757 840
758 833
758 857
758 1004
759 860
759 1009
760 833
760 982
760 1001
761 845
761 856
761 881
761 933
761 983
762 911
762 923
762 924
762 957
763 814
763 891
763 925
763 929
763 983
763 989
763 1003
764 776
764 853
764 903
764 944
764 957
764 961
764 974
764 1010
765 843
765 933
765 987
765 1003
766 891
766 906
766 917
767 811
767 830
767 894
767 957
767 997
768 795
768 958
769 772
769 843
770 801
770 828
770 1005
770 1018
771 772
771 908
771 931
771 940
771 949
772 817
772 850
772 857
772 923
772 1016
773 883
773 893
773 921
773 991
774 800
774 915
774 919
774 999
775 898
775 1018
776 792
777 785
777 800
777 831
777 908
777 924
777 938
778 810
778 862
778 943
778 1021
779 871
779 876
779 959
780 844
780 896
780 960
780 978
781 901
781 930
781 955
782 819
782 858
782 879
782 918
782 933
783 792
783 800
783 812
783 954
784 894
784 1013
785 825
785 849
785 969
785 990
786 948
786 1020
787 858
787 903
787 955
787 1003
788 830
788 881
788 936
788 937
789 915
789 987
789 990
790 911
790 912
790 931
790 992
791 824
791 865
791 888
791 952
792 796
792 835
792 885
792 898
792 940
792 968
793 811
793 928
794 842
794 855
794 881
794 940
794 1011
794 1022
795 817
795 878
795 1006
795 1016
796 811
796 840
796 848
796 920
796 998
797 860
797 1004
798 915
798 956
799 818
799 824
800 958
800 1000
800 1023
801 881
802 884
802 902
802 1022
803 856
803 954
804 879
804 888
805 843
805 845
805 891
805 893
805 929
805 943
806 838
806 840
806 858
806 885
806 937
807 808
807 830
807 848
807 861
807 869
807 884
807 919
808 963
809 944
809 999
810 846
810 876
810 948
810 998
811 908
812 829
813 815
813 858
813 1003
814 815
814 825
814 842
814 914
814 942
814 986
814 1010
815 988
816 896
816 963
816 987
816 995
816 1021
817 1003
818 842
818 949
819 843
819 856
819 911
819 1017
819 1019
820 831
820 931
820 970
820 992
820 1010
821 925
821 939
822 864
822 988
822 1011
823 1015
824 953
825 882
825 948
825 977
825 996
826 899
827 838
827 887
827 960
827 964
827 1022
828 866
828 885
828 974
829 858
829 915
829 921
829 926
830 880
830 887
830 943
830 971
831 927
831 965
832 901
833 915
833 976
834 842
836 873
836 878
836 891
836 893
836 1000
837 916
837 929
837 951
837 969
838 908
838 923
838 926
838 982
839 886
839 898
839 912
839 927
839 998
840 1009
840 1020
841 855
841 895
841 956
841 994
842 991
843 897
844 864
844 950
844 973
844 978
844 1011
845 886
845 907
845 980
846 972
846 990
847 962
848 856
848 892
849 937
849 944
849 1004
850 872
850 873
850 922
850 1007
850 1017
851 869
851 935
851 942
851 970
851 995
851 1007
851 1014
852 917
853 920
854 899
854 943
854 990
856 866
856 884
856 905
856 916
856 944
856 951
857 1001
858 879
858 934
859 878
860 883
860 895
860 948
860 968
861 915
861 945
862 968
862 976
863 908
864 995
864 1002
864 1015
864 1016
865 901
865 991
865 1007
867 957
868 902
868 938
868 978
869 956
869 977
869 998
870 998
870 1013
871 959
872 888
872 1023
873 996
874 929
874 944
874 961
874 1014
875 982
875 1005
876 928
876 943
877 938
877 963
878 1007
879 902
879 947
880 922
880 954
881 909
882 898
882 1001
883 916
884 956
885 900
885 960
886 894
886 913
888 984
889 919
889 941
890 935
890 962
890 1005
891 944
893 907
893 934
894 912
894 920
895 941
895 952
898 951
899 928
899 932
899 1009
899 1016
900 909
900 924
900 1002
901 917
902 1009
903 956
905 1017
906 907
907 926
907 1004
908 956
908 1017
909 953
910 958
911 915
911 919
911 924
911 978
911 1011
912 1014
913 951
914 991
915 995
916 919
916 967
918 1004
920 956
920 976
921 1007
922 956
922 987
922 1019
923 946
923 1011
925 939
925 983
926 930
926 991
927 946
927 1001
928 940
928 978
929 944
929 987
930 951
931 994
931 1018
933 1016
934 1014
934 1022
935 945
936 995
936 1011
938 955
938 956
938 1016
939 941
939 953
939 962
939 979
939 991
942 1009
942 1014
943 966
943 969
944 965
946 991
946 1015
947 1020
948 1005
949 1008
950 1019
951 983
954 990
955 983
955 1012
956 970
956 984
959 1016
960 1018
961 1015
963 1009
963 1020
964 1016
965 1016
965 1017
966 988
966 1000
966 1012
967 989
968 1020
969 975
970 979
973 1013
974 1003
977 1004
977 1013
978 1005
980 986
980 996
981 1019
982 1016
985 989
985 998
985 1015
987 1019
988 989
990 993
991 996
992 1003
995 1013
1002 1021
1007 1013
